   2.7081904e-01  -1.1117765e-01
   4.9848580e-01   4.0273535e-02
   5.0667416e-01   3.9664849e-02
   5.0517714e-01   4.1600943e-02
   5.0669894e-01   4.8172859e-02
   4.9698527e-01   5.1123203e-02
   4.9242910e-01   5.1823638e-02
   4.8948078e-01   6.0060402e-02
   4.8165343e-01   6.7270389e-02
   4.8231643e-01   6.5727674e-02
   4.8361083e-01   6.3897669e-02
   4.7816528e-01   6.9844225e-02
   4.5557402e-01   8.2616873e-02
   4.3180957e-01   8.2938001e-02
   4.2395655e-01   8.2872120e-02
   4.0613746e-01   9.5752907e-02
   4.0119150e-01   1.0275629e-01
   3.9708211e-01   9.4495557e-02
   3.6018311e-01   1.1356577e-01
   3.5410399e-01   1.0752220e-01
   3.3046990e-01   1.1547540e-01
   3.1252044e-01   1.3446554e-01
   2.9336629e-01   1.2890169e-01
   2.5406904e-01   1.3902074e-01
   2.3604629e-01   1.4698508e-01
   2.1374291e-01   1.4790211e-01
   2.1044440e-01   1.4915174e-01
   1.8893986e-01   1.6472402e-01
   1.4711102e-01   1.6918826e-01
   1.2684255e-01   1.6562960e-01
   1.0314180e-01   1.8237636e-01
   9.1527061e-02   1.7317598e-01
   5.1120042e-02   1.7657976e-01
   3.3191682e-02   1.7602402e-01
  -5.1930567e-03   1.9502893e-01
   1.1802209e-02   1.7620441e-01
  -1.9407871e-02   1.9745673e-01
  -4.6316644e-02   1.9293751e-01
  -8.7097430e-02   1.8661447e-01
  -9.8594612e-02   1.9940128e-01
  -1.3419508e-01   2.0567971e-01
  -1.6917799e-01   2.1460494e-01
  -1.8690580e-01   2.0053728e-01
  -1.9859806e-01   2.1057596e-01
  -2.1005805e-01   1.9987220e-01
  -2.5105448e-01   2.0899029e-01
  -2.6484672e-01   2.0623380e-01
  -2.8755842e-01   2.1227252e-01
  -3.0984858e-01   2.0685368e-01
  -2.0919243e-01  -2.2867574e-03
  -1.9898245e-01  -1.0851783e-02
  -1.9609451e-01  -2.1138665e-02
  -1.7484452e-01  -2.3425401e-02
  -1.6837790e-01  -2.6952702e-02
  -1.5996851e-01  -3.0989951e-02
  -1.4558384e-01  -4.1283531e-02
  -1.4572194e-01  -4.1899566e-02
  -1.3522395e-01  -4.6769498e-02
  -1.2520784e-01  -4.6706108e-02
  -1.1127565e-01  -5.4306842e-02
  -9.1063650e-02  -5.9144666e-02
  -6.3946977e-02  -6.2971096e-02
  -4.3367877e-02  -7.1946079e-02
  -2.7184764e-02  -8.0878480e-02
  -1.5043500e-02  -7.6723164e-02
  -9.5336676e-03  -8.1058079e-02
   6.7932270e-03  -8.2603204e-02
   2.9490186e-02  -9.1245260e-02
   5.0179459e-02  -1.0123993e-01
   5.9363038e-02  -1.0743464e-01
   6.7887360e-02  -9.4517160e-02
   7.7658320e-02  -9.1583230e-02
   8.9269234e-02  -9.7975852e-02
   1.1334230e-01  -1.0486429e-01
   1.2408817e-01  -9.9646873e-02
   1.4012183e-01  -9.0611481e-02
   1.5786268e-01  -8.8535734e-02
   1.7426183e-01  -8.9220765e-02
   1.7793378e-01  -9.3719219e-02
   1.8784158e-01  -8.7028358e-02
   2.0444840e-01  -8.5371685e-02
   2.2186683e-01  -9.3159426e-02
   2.3930494e-01  -8.3450339e-02
   2.3947861e-01  -8.0705262e-02
   2.4589853e-01  -7.8757884e-02
   2.5616928e-01  -7.2196717e-02
   2.6705708e-01  -7.3809876e-02
   2.6737942e-01  -6.4062839e-02
   2.8253818e-01  -5.7106163e-02
   3.0510961e-01  -4.8799652e-02
   3.2277252e-01  -4.6471945e-02
   3.2987430e-01  -4.5552649e-02
   3.4477777e-01  -4.5980911e-02
   3.5167473e-01  -3.3594601e-02
   3.7244919e-01  -2.8636898e-02
   3.7567795e-01  -2.1774713e-02
   4.0058803e-01  -2.8854385e-02
   3.9985173e-01  -1.6949658e-02
   4.3953192e-01   1.5884473e-01
   4.1932248e-01   1.6352965e-01
   4.0708414e-01   1.6279167e-01
   3.9467460e-01   1.7042125e-01
   3.8172863e-01   1.8411722e-01
   3.6824040e-01   1.9029413e-01
   3.3395142e-01   1.9477048e-01
   3.3323913e-01   1.8862619e-01
   3.0288800e-01   1.9890587e-01
   2.9294828e-01   2.0851278e-01
   2.2800345e-01   2.1543811e-01
   2.1153197e-01   2.0726294e-01
   2.0248377e-01   2.2527750e-01
   1.8197573e-01   2.2385652e-01
   1.5949709e-01   2.3435818e-01
   1.2345601e-01   2.4810306e-01
   1.0243690e-01   2.3910311e-01
   9.5752885e-02   2.3110433e-01
   4.9256292e-02   2.7249162e-01
   4.3116462e-02   2.6672178e-01
   1.5360834e-02   2.5776683e-01
  -6.3697020e-03   2.6479806e-01
  -3.8334933e-02   2.6782116e-01
  -5.3147180e-02   2.6223370e-01
  -6.6690459e-02   2.6227512e-01
  -7.5305051e-02   2.7357817e-01
  -8.8311931e-02   2.5426076e-01
  -1.2720044e-01   2.7002108e-01
  -1.1482848e-01   2.5640961e-01
  -1.1261134e-01   2.4478351e-01
  -1.2662599e-01   2.4369003e-01
  -1.4545707e-01   2.5701928e-01
  -1.6269665e-01   2.4170649e-01
  -1.7234247e-01   2.2319095e-01
  -1.8182395e-01   2.3220382e-01
  -1.8886489e-01   2.2220294e-01
  -2.1029497e-01   2.1190613e-01
  -2.0704522e-01   2.0219949e-01
  -2.1272359e-01   1.9784483e-01
  -2.2346759e-01   1.8174504e-01
  -2.2460481e-01   1.7764578e-01
  -2.3784161e-01   1.7830180e-01
  -2.4383859e-01   1.5334472e-01
  -2.4995767e-01   1.4510821e-01
  -2.6430950e-01   1.4338922e-01
  -2.6182571e-01   1.4318671e-01
  -2.6312035e-01   1.3418800e-01
  -2.8042095e-01   9.8197841e-02
  -2.8267389e-01   9.4383530e-02
  -9.4382990e-02  -1.0501916e-01
  -2.1978657e-02  -1.4350914e-01
  -1.8409051e-02  -1.1121070e-01
  -1.4070222e-01  -9.5339584e-02
  -9.2873314e-03  -1.4739464e-01
  -4.8075826e-02  -1.2656881e-01
   2.3624008e-02  -1.5352312e-01
   2.5175714e-02  -1.2855653e-01
   4.3774932e-02  -1.5892914e-01
   8.1184692e-02  -1.5166565e-01
   6.7063579e-02  -1.5792739e-01
   6.7555703e-02  -1.4392147e-01
   5.6414820e-02  -1.5638162e-01
   8.2740275e-02  -1.5395763e-01
   1.1450753e-01  -1.6057931e-01
   1.1832998e-01  -1.5563597e-01
   1.3347078e-01  -1.5045806e-01
   1.5112375e-01  -1.4972309e-01
   1.4932812e-01  -1.5887154e-01
   1.5754574e-01  -1.4660349e-01
   1.5630896e-01  -1.3831123e-01
   1.8874395e-01  -1.4388051e-01
   1.9590476e-01  -1.3469189e-01
   2.0752372e-01  -1.3549101e-01
   2.2302895e-01  -1.2681686e-01
   2.2858882e-01  -1.1891411e-01
   2.3329923e-01  -1.1119315e-01
   2.3727366e-01  -1.0758440e-01
   2.5060195e-01  -1.1190813e-01
   2.5082272e-01  -1.0175734e-01
   2.6946362e-01  -8.5508900e-02
   2.7501124e-01  -8.6627585e-02
   2.9836170e-01  -9.0704760e-02
   3.1393645e-01  -7.5349935e-02
   3.1999018e-01  -7.2288493e-02
   3.3579762e-01  -6.4772213e-02
   3.4479642e-01  -6.1781764e-02
   3.4155508e-01  -5.4765664e-02
   3.5230583e-01  -5.1537920e-02
   3.5200337e-01  -3.8425224e-02
   3.6434947e-01  -3.0765627e-02
   3.8037267e-01  -2.6702994e-02
   3.9300813e-01  -2.0595408e-02
   3.9521553e-01  -1.0345761e-02
   4.0071459e-01  -1.6484625e-03
   4.0913244e-01   5.4686639e-04
   4.1496163e-01   1.2028577e-02
   4.2007762e-01   2.6213901e-02
   4.1443642e-01   2.9524690e-02
   3.3280037e-01   2.1029100e-01
   3.2418251e-01   2.2423579e-01
   3.1061497e-01   2.1640926e-01
   2.9842944e-01   2.2729382e-01
   2.9633542e-01   2.3014291e-01
   2.7283830e-01   2.2817016e-01
   2.6851135e-01   2.2502534e-01
   2.8111647e-01   2.2288488e-01
   2.2841684e-01   2.4619462e-01
   2.4450338e-01   2.4005682e-01
   2.3378614e-01   2.0860146e-01
   2.1518716e-01   2.1208496e-01
   2.0905456e-01   2.2982570e-01
   1.4558474e-01   2.2262146e-01
   1.5681942e-01   2.1915133e-01
   1.3656037e-01   2.1341797e-01
   1.0303386e-01   2.1827243e-01
   5.3331273e-02   2.2484304e-01
  -1.3069663e-03   2.1551856e-01
  -1.1791266e-02   2.2352199e-01
  -4.7808878e-02   2.3038430e-01
  -7.5953973e-02   2.3879400e-01
  -7.6921236e-02   2.3393117e-01
  -1.0488221e-01   2.3523796e-01
  -1.2105088e-01   2.2853529e-01
  -1.2981873e-01   2.2657893e-01
  -1.3407436e-01   2.0744266e-01
  -1.4105294e-01   2.0855839e-01
  -1.2968189e-01   2.0215887e-01
  -1.6275133e-01   1.9097274e-01
  -1.6822209e-01   1.7108596e-01
  -1.9943656e-01   1.8135101e-01
  -1.8356907e-01   1.6419653e-01
  -2.3222497e-01   1.6891962e-01
  -1.7095520e-01   1.3625930e-01
  -2.1593253e-01   1.4626371e-01
  -2.1672378e-01   1.2768769e-01
  -2.2335066e-01   1.4202579e-01
  -2.5787179e-01   9.3347388e-02
  -2.3591518e-01   7.0295779e-02
  -2.3775032e-01   5.8014071e-02
  -2.3875221e-01   6.9128139e-02
  -2.3235027e-01   4.7086243e-02
  -1.8510624e-01   3.5533935e-02
   2.1265427e-01  -9.1694153e-02
   2.3227816e-01  -9.4633422e-02
   2.5587964e-01  -1.1597792e-01
   2.5235436e-01  -8.1499408e-02
   2.7734081e-01  -1.0515258e-01
   2.8896215e-01  -9.5807331e-02
   3.1667899e-01  -1.0836625e-01
   3.3098071e-01  -9.5995237e-02
   3.4756344e-01  -9.4202970e-02
   3.5237227e-01  -9.4312877e-02
   3.6288463e-01  -9.2649220e-02
   3.9123365e-01  -9.9432213e-02
   3.9711369e-01  -8.6312439e-02
   4.2577983e-01  -9.1088895e-02
   4.2484124e-01  -8.3321345e-02
   4.3377903e-01  -7.7662798e-02
   4.6548914e-01  -8.1809229e-02
   4.8817610e-01  -7.5769658e-02
   4.9520099e-01  -7.6426163e-02
   5.1524887e-01  -5.3527629e-02
   5.5174480e-01  -5.7546658e-02
   5.5978060e-01  -5.5224626e-02
   5.9104615e-01  -5.8185367e-02
   5.8097305e-01  -4.0744962e-02
   6.1346625e-01  -4.2193826e-02
   6.2302208e-01  -2.9305476e-02
   6.2911687e-01  -2.5426777e-02
   6.3190545e-01  -2.8461949e-02
   6.3676924e-01  -1.8386775e-02
   6.5175186e-01  -7.3466456e-03
   6.6513534e-01  -5.2436204e-04
   6.8838323e-01  -7.3286873e-03
   6.8921014e-01   5.2501218e-04
   7.0695989e-01   5.7502079e-03
   7.0281555e-01   2.2573143e-02
   7.1530430e-01   1.6754060e-02
   7.1268694e-01   2.7386413e-02
   7.2043415e-01   3.4523049e-02
   7.2007497e-01   4.1014298e-02
   7.3186887e-01   3.8961877e-02
   7.3539484e-01   5.2769437e-02
   7.3127423e-01   4.6524106e-02
   7.1766203e-01   5.1326382e-02
   7.1836713e-01   6.1558370e-02
   7.0875683e-01   6.6052593e-02
   7.0658105e-01   7.2504102e-02
   7.0471510e-01   7.0764413e-02
   7.0102847e-01   7.2934523e-02
   6.8969104e-01   8.6276589e-02
   6.7627393e-01   8.7088955e-02
   2.1292662e-01   1.6424576e-01
   1.5548707e-01   1.8530602e-01
   1.3480350e-01   1.5922925e-01
   1.2321717e-01   1.7869121e-01
   1.1638404e-01   1.4558679e-01
   7.6857135e-02   1.6149447e-01
   7.1167590e-02   1.5795866e-01
   3.8897618e-02   1.5157427e-01
   3.9108041e-02   1.3398313e-01
  -2.3589823e-02   1.4696858e-01
  -8.4293225e-02   1.3776473e-01
  -1.2307854e-01   1.3953298e-01
  -1.5473159e-01   1.3903306e-01
  -2.1180680e-01   1.4125146e-01
  -2.4896160e-01   1.3367246e-01
  -2.6200670e-01   1.2656527e-01
  -2.7946178e-01   1.2249904e-01
  -3.2571562e-01   1.3814649e-01
  -3.8666059e-01   1.2899217e-01
  -3.9910862e-01   1.1740753e-01
  -4.4801936e-01   1.2340323e-01
  -4.6322029e-01   1.0918940e-01
  -5.0932885e-01   1.3579107e-01
  -5.1458163e-01   9.5343487e-02
  -5.2528844e-01   1.1504751e-01
  -5.4983762e-01   8.8214959e-02
  -5.7924173e-01   1.0625573e-01
  -6.0089058e-01   8.3523183e-02
  -6.1502180e-01   7.9630617e-02
  -6.0773089e-01   6.6370025e-02
  -6.4737650e-01   7.2381972e-02
  -6.6528880e-01   5.9111720e-02
  -6.7391132e-01   4.9252727e-02
  -6.9493888e-01   5.2657362e-02
  -6.5945562e-01   3.0904195e-02
  -6.3911114e-01   2.7784919e-02
  -6.3716617e-01   1.9931039e-02
  -6.4824561e-01   2.5826522e-02
  -6.2085419e-01   1.0882894e-03
  -6.5902859e-01   5.3994900e-03
  -6.7499845e-01   1.0725465e-03
  -6.2775988e-01  -1.2152404e-02
  -5.9194015e-01  -3.2939916e-02
  -5.8093095e-01  -3.6346386e-02
  -5.8677402e-01  -3.8541755e-02
  -5.7991197e-01  -4.5864102e-02
  -5.6610310e-01  -3.7533991e-02
  -5.5903655e-01  -5.0229482e-02
  -5.5220914e-01  -6.6275208e-02
   2.7683412e-01  -1.2399147e-01
   2.8434558e-01  -9.1079995e-02
   3.1555500e-01  -9.5236883e-02
   3.4238037e-01  -9.5020495e-02
   3.8291183e-01  -9.7730762e-02
   4.1521842e-01  -7.9201139e-02
   4.4081206e-01  -8.7119490e-02
   4.6264007e-01  -9.6252589e-02
   5.0515024e-01  -7.7821171e-02
   5.2976675e-01  -7.8214922e-02
   5.4085861e-01  -6.7724652e-02
   5.5566918e-01  -5.8953937e-02
   5.7248301e-01  -5.2989373e-02
   6.0820728e-01  -4.9406170e-02
   6.3231237e-01  -4.7138129e-02
   6.4195394e-01  -2.4716898e-02
   6.7666477e-01  -3.7513023e-02
   6.9281254e-01  -4.0169019e-02
   7.1842285e-01  -2.7338192e-02
   7.2411128e-01  -2.0009883e-02
   7.4508692e-01  -9.3680783e-03
   7.4285548e-01  -1.0383621e-03
   7.6333369e-01  -7.2677320e-03
   7.8713889e-01  -1.5357837e-03
   8.1850121e-01   1.2560763e-02
   8.2681011e-01   1.7627888e-02
   8.3625576e-01   1.6221048e-02
   8.5858598e-01   1.1189269e-02
   8.5007199e-01   2.5864674e-02
   8.5641525e-01   3.8277886e-02
   8.5213620e-01   4.0090549e-02
   8.6678992e-01   3.6524510e-02
   8.7676069e-01   4.6542003e-02
   8.7248913e-01   4.2380667e-02
   8.7445332e-01   5.2241997e-02
   8.8275232e-01   6.6608113e-02
   9.2645835e-01   6.6970975e-02
   8.6195894e-01   6.1656051e-02
   8.7748963e-01   8.3781800e-02
   8.7977332e-01   7.6765595e-02
   8.2557575e-01   1.1151203e-01
   8.2797445e-01   9.2025939e-02
   8.0101542e-01   1.2405553e-01
   8.2281012e-01   1.0732411e-01
   7.6773038e-01   1.4572426e-01
   7.8196743e-01   1.2902857e-01
   7.5466347e-01   1.5393047e-01
   7.7048654e-01   1.5023019e-01
   7.2012429e-01   1.6880858e-01
   7.2672778e-01   1.7012043e-01
  -1.4748925e-02   2.9316157e-01
  -3.6385654e-02   2.8300295e-01
  -3.9371915e-02   2.8749579e-01
  -4.6608425e-02   2.3841937e-01
  -1.1129704e-01   2.8447274e-01
  -1.7249623e-01   2.7875266e-01
  -1.9297740e-01   2.5362740e-01
  -2.0713655e-01   2.3088686e-01
  -2.4434451e-01   2.4346365e-01
  -2.7455249e-01   2.5291621e-01
  -3.2662476e-01   2.5469105e-01
  -3.8083036e-01   2.3392897e-01
  -3.6591253e-01   2.2166095e-01
  -3.9935275e-01   2.0744249e-01
  -3.7859976e-01   2.0673024e-01
  -4.1805678e-01   2.2165691e-01
  -4.8322117e-01   1.9644674e-01
  -4.7533049e-01   1.5458691e-01
  -4.7811248e-01   1.6913585e-01
  -5.3898265e-01   1.6291130e-01
  -5.3403038e-01   1.5916635e-01
  -5.1451688e-01   1.3276044e-01
  -5.4722927e-01   1.2692047e-01
  -5.5165291e-01   9.8218171e-02
  -5.5063892e-01   9.0107197e-02
  -5.3931842e-01   7.3622202e-02
  -5.4118739e-01   6.4405832e-02
  -5.2644628e-01   5.7287721e-02
  -5.3401385e-01   4.9699669e-02
  -5.1881792e-01   3.0205651e-02
  -5.0850724e-01   3.6484727e-02
  -5.0966123e-01   1.7157405e-02
  -4.9159956e-01  -1.0773183e-02
  -4.6993249e-01  -4.0022739e-03
  -4.6096512e-01  -1.7817465e-02
  -4.7427122e-01  -3.2435469e-02
  -4.6037716e-01  -3.3553701e-02
  -4.6598599e-01  -4.1537681e-02
  -4.4732035e-01  -6.3185640e-02
  -4.5315161e-01  -6.5341246e-02
  -4.3537573e-01  -8.3301249e-02
  -4.0443260e-01  -9.5511741e-02
  -3.8043688e-01  -9.6616019e-02
  -3.5946575e-01  -1.0024577e-01
  -3.5991199e-01  -1.0876915e-01
  -3.3582361e-01  -1.1989154e-01
  -3.2433802e-01  -1.3575222e-01
  -2.9396569e-01  -1.5900014e-01
  -2.7709519e-01  -1.4907326e-01
   1.3853317e-01  -1.3714254e-01
   1.6127578e-01  -1.3381871e-01
   1.6681858e-01  -1.1381062e-01
   1.8300287e-01  -1.0502729e-01
   1.6986058e-01  -9.8589753e-02
   1.9717787e-01  -9.1490352e-02
   2.0126899e-01  -8.8080011e-02
   2.0394756e-01  -7.6495261e-02
   2.1641256e-01  -6.8251213e-02
   2.1529241e-01  -6.2573714e-02
   2.3092078e-01  -4.0735716e-02
   2.3081501e-01  -3.6109313e-02
   2.5361351e-01  -3.9513375e-02
   2.3435218e-01  -1.2697037e-02
   2.5099730e-01  -1.5532974e-02
   2.6400398e-01   2.3238453e-03
   2.7008912e-01   2.1051860e-02
   2.7934466e-01   2.7823463e-02
   2.8669232e-01   3.0720194e-02
   2.8977376e-01   4.8815674e-02
   2.8896641e-01   5.6594766e-02
   2.9487779e-01   6.3018990e-02
   3.0034147e-01   8.4666251e-02
   3.1740685e-01   9.7284542e-02
   3.3094598e-01   1.0865596e-01
   2.9398204e-01   1.2493749e-01
   3.0016487e-01   1.2569081e-01
   3.1764706e-01   1.5117829e-01
   3.3416422e-01   1.3679466e-01
   2.9272294e-01   1.6908785e-01
   3.3283992e-01   1.6069809e-01
   3.0417764e-01   1.9653225e-01
   3.2043636e-01   2.1295531e-01
   2.9690196e-01   2.2499707e-01
   3.1297005e-01   2.2573736e-01
   3.2911137e-01   2.3562669e-01
   3.1632430e-01   2.6686790e-01
   3.0642022e-01   2.9164172e-01
   2.8867230e-01   2.9729287e-01
   3.0417096e-01   2.9710413e-01
   3.0916152e-01   3.0684262e-01
   3.1797812e-01   3.1147634e-01
   3.1098731e-01   3.1745264e-01
   3.0223587e-01   3.2005381e-01
   2.9158517e-01   3.2052691e-01
   2.8524738e-01   3.3729269e-01
   2.9565375e-01   3.4842656e-01
   2.8985806e-01   3.3298072e-01
   2.9827152e-01   3.2934353e-01
   3.0362682e-01   3.4563061e-01
