   3.9445490e-01   2.8004298e-02
   2.1050487e-01   3.8807316e-02
   2.0972272e-01   3.2778149e-02
   2.0721248e-01   2.2229213e-02
   1.9345931e-01   2.3351796e-02
   1.8542045e-01   3.0078238e-02
   1.7284451e-01   3.2837232e-02
   1.6779773e-01   3.1802674e-02
   1.4644785e-01   3.1364705e-02
   1.3630196e-01   2.9001309e-02
   1.2704186e-01   2.3463287e-02
   1.2054938e-01   2.0720653e-02
   1.1106377e-01   2.1293419e-02
   1.0008468e-01   2.6886924e-02
   7.4389948e-02   3.6490591e-02
   5.8007033e-02   3.3042478e-02
   5.0055905e-02   2.3574544e-02
   5.2734760e-02   1.5699440e-02
   5.1434083e-02   1.5715771e-02
   1.8953906e-02   2.6985286e-02
  -1.3516974e-03   3.3139402e-02
  -4.0441080e-03   3.0239864e-02
  -6.7652491e-03   3.3172273e-02
  -4.0636115e-03   2.0240872e-02
  -1.7561155e-02   1.5133854e-02
  -2.7043467e-02   1.5708269e-02
  -3.9121764e-02   2.1271057e-02
  -6.0705034e-02   3.3039570e-02
  -6.0674205e-02   2.7971693e-02
  -6.8894520e-02   2.9140332e-02
  -6.0788613e-02   1.5119803e-02
  -6.4774613e-02   1.5661968e-02
  -7.2855390e-02   1.9571486e-02
  -1.1080420e-01   2.5724935e-02
  -1.2008853e-01   1.7849447e-02
  -1.1618805e-01   1.2286888e-02
  -1.0548053e-01   1.3425991e-02
  -1.1698103e-01   2.5030640e-02
  -1.2833293e-01   2.9047053e-02
  -1.3397515e-01   3.1331548e-02
  -1.4071485e-01   2.1787501e-02
  -1.4996687e-01   1.1699772e-02
  -1.6348984e-01   9.4603887e-03
  -1.7141221e-01   1.1666294e-02
  -1.7656543e-01   1.9414869e-02
  -1.8784358e-01   2.4453339e-02
  -1.9795317e-01   3.0442720e-02
  -2.0449549e-01   2.2791768e-02
  -3.9167322e-01   1.6086391e-03
  -4.0187384e-01   5.8980324e-03
  -4.0632075e-01   6.4348189e-03
  -4.1117783e-01   1.4984210e-02
  -4.0274725e-01   1.1782032e-02
  -4.0991617e-01   1.0170685e-02
  -4.0360460e-01   8.0479524e-03
  -3.9374941e-01   9.1299678e-03
  -4.0139128e-01   1.2320942e-02
  -4.0751666e-01   1.6082602e-02
  -4.0672746e-01   1.4982965e-02
  -3.9738365e-01   1.0186465e-02
  -3.8565867e-01   9.1445634e-03
  -3.8047958e-01   8.5895934e-03
  -3.8352171e-01   9.7351326e-03
  -3.7157974e-01   8.1068619e-03
  -3.6689752e-01   9.2143176e-03
  -3.5518748e-01   1.8973142e-02
  -3.3791779e-01   2.1143136e-02
  -3.2384378e-01   1.3668219e-02
  -3.2156943e-01   9.8153860e-03
  -3.1441204e-01   9.3090277e-03
  -3.0730395e-01   1.1501048e-02
  -2.9157604e-01   1.6503536e-02
  -2.8655310e-01   1.6930519e-02
  -2.7766992e-01   2.0376091e-02
  -2.5883246e-01   1.5933327e-02
  -2.4403576e-01   1.3212318e-02
  -2.3751344e-01   1.4891125e-02
  -2.2959680e-01   1.8788956e-02
  -2.1606807e-01   2.0479738e-02
  -2.0857510e-01   2.1670207e-02
  -2.1037754e-01   2.5452160e-02
  -2.0433752e-01   1.9437310e-02
  -1.9953310e-01   1.4389031e-02
  -1.9920272e-01   1.1680694e-02
  -1.8272111e-01   1.6141562e-02
  -1.6547116e-01   1.4524394e-02
  -1.5155064e-01   2.0652443e-02
  -1.3111235e-01   2.1781129e-02
  -1.2687450e-01   2.7346675e-02
  -1.0947224e-01   2.3489894e-02
  -1.0419860e-01   1.9600608e-02
  -1.0688916e-01   2.1837271e-02
  -8.9051525e-02   1.8439882e-02
  -7.5788455e-02   1.7945636e-02
  -6.6226702e-02   2.2978333e-02
  -4.7298743e-02   2.4674210e-02
   1.7442774e-01   2.9523205e-02
   1.7936034e-01   2.5535144e-02
   1.8642047e-01   2.8903343e-02
   1.9825482e-01   3.4939085e-02
   2.0947499e-01   3.4411102e-02
   2.0556933e-01   2.7208181e-02
   2.1862690e-01   2.6720553e-02
   2.2362001e-01   2.6095885e-02
   2.3143721e-01   2.9923629e-02
   2.4588473e-01   3.7021114e-02
   2.5909601e-01   3.6550551e-02
   2.5762828e-01   3.3585854e-02
   2.6771192e-01   2.9749992e-02
   2.7728777e-01   2.5308060e-02
   2.9080042e-01   2.5805980e-02
   2.9964124e-01   3.1897188e-02
   3.0191927e-01   3.5697359e-02
   3.0833929e-01   3.6720838e-02
   3.0969166e-01   3.6712803e-02
   3.0571434e-01   3.4543574e-02
   3.0690548e-01   3.0121792e-02
   3.1300619e-01   2.7959906e-02
   3.2018959e-01   2.7296971e-02
   3.2578890e-01   3.2626511e-02
   3.4146584e-01   3.6442422e-02
   3.4680254e-01   3.8735955e-02
   3.3374483e-01   3.5438183e-02
   3.2939005e-01   3.3930382e-02
   3.2789423e-01   2.8437324e-02
   3.2981418e-01   3.2189445e-02
   3.4098860e-01   3.1614243e-02
   3.4326870e-01   3.3746533e-02
   3.5196677e-01   3.6483540e-02
   3.4727920e-01   3.4809933e-02
   3.3194767e-01   3.7743645e-02
   3.6054417e-01   3.4286508e-02
   3.6011316e-01   3.5885508e-02
   3.6144280e-01   3.6420079e-02
   3.6940431e-01   3.1450418e-02
   3.6868773e-01   3.0850546e-02
   3.6435027e-01   3.4365910e-02
   3.7605085e-01   2.8790063e-02
   3.9192095e-01   3.3438623e-02
   4.0338069e-01   3.6662378e-02
   4.1009193e-01   3.7688231e-02
   2.5725732e-01   3.5380818e-02
   2.6339227e-01   2.9738251e-02
   2.4600894e-01   3.2600683e-02
   2.3088175e-01   3.3736811e-02
   2.2985367e-01   2.9899456e-02
   2.2092995e-01   2.4993482e-02
   2.0859064e-01   3.2259120e-02
   2.0140292e-01   3.2775423e-02
   1.8497544e-01   3.3910439e-02
   1.8663531e-01   2.7262647e-02
   1.7699121e-01   2.7261140e-02
   1.5322785e-01   3.1347385e-02
   1.5504053e-01   2.8929333e-02
   1.4360776e-01   3.0220952e-02
   1.3346268e-01   2.9535614e-02
   1.2844764e-01   3.0194230e-02
   1.2297125e-01   2.5146182e-02
   1.0663880e-01   2.6264352e-02
   1.0000742e-01   2.4062201e-02
   9.7189796e-02   2.6278185e-02
   9.1402668e-02   2.8966407e-02
   8.3319887e-02   3.1206637e-02
   8.4952191e-02   2.6826815e-02
   7.5811925e-02   2.7506757e-02
   6.0725411e-02   2.9679614e-02
   5.3923429e-02   1.6210839e-02
   3.6449526e-02   2.5216017e-02
   3.6375199e-02   2.5724909e-02
   2.2865917e-02   3.2410505e-02
   5.4088968e-03   2.9207388e-02
   4.0467639e-03   2.2399899e-02
   5.3921843e-03   1.6783083e-02
  -2.7031307e-03   2.3005966e-02
  -2.6972704e-03   2.5199950e-02
  -9.4207797e-03   2.6266824e-02
  -3.2456703e-02   2.8076119e-02
  -4.1791345e-02   2.9665749e-02
  -5.3945408e-02   2.5179864e-02
  -6.3296849e-02   1.6189784e-02
  -6.9970002e-02   1.3381829e-02
  -7.1230994e-02   1.7266795e-02
  -9.1540166e-02   2.2861587e-02
  -1.1026132e-01   3.5092267e-02
  -1.1036280e-01   2.5622925e-02
  -1.2241631e-01   1.8349359e-02
  -1.2661890e-01   1.1685220e-02
  -1.3535354e-01   1.4939938e-02
  -1.3993660e-01   1.3883691e-02
  -1.4882038e-01   2.3791992e-02
  -2.8034257e-01   1.6350669e-02
  -2.8014393e-01   9.8010617e-03
  -2.8843682e-01   1.3064803e-02
  -2.8550553e-01   9.7932504e-03
  -2.8084715e-01   1.6300841e-02
  -2.8166668e-01   1.7437254e-02
  -2.8370528e-01   2.1746466e-02
  -2.8510572e-01   1.8480795e-02
  -2.7958374e-01   1.0325903e-02
  -2.8494931e-01   8.6885934e-03
  -2.8817554e-01   1.0876996e-02
  -2.8142815e-01   1.4698681e-02
  -2.8214908e-01   1.8470627e-02
  -2.7095680e-01   1.5748964e-02
  -2.6211616e-01   1.6889453e-02
  -2.6694434e-01   1.5290199e-02
  -2.6618457e-01   1.2523863e-02
  -2.6402632e-01   1.3098283e-02
  -2.6875159e-01   1.9692759e-02
  -2.6414454e-01   2.2397655e-02
  -2.5779737e-01   2.0150256e-02
  -2.5571185e-01   1.4737759e-02
  -2.5270412e-01   1.4254247e-02
  -2.4234763e-01   1.2576632e-02
  -2.4193781e-01   1.5372431e-02
  -2.3764076e-01   1.7560578e-02
  -2.2868298e-01   1.6963271e-02
  -2.1948695e-01   2.0837125e-02
  -2.1168205e-01   1.9777894e-02
  -2.1460319e-01   1.7592011e-02
  -2.0739818e-01   1.6019488e-02
  -2.0253806e-01   1.7065293e-02
  -1.9160519e-01   1.8169256e-02
  -1.8256947e-01   1.9878515e-02
  -1.7718007e-01   2.1546290e-02
  -1.6979393e-01   2.1475746e-02
  -1.6197699e-01   1.7099465e-02
  -1.5945773e-01   1.7120199e-02
  -1.5185518e-01   1.8845159e-02
  -1.4763839e-01   2.2710143e-02
  -1.4792620e-01   2.3309888e-02
  -1.4334915e-01   2.0460787e-02
  -1.3665550e-01   1.9917944e-02
  -1.2728596e-01   1.8824065e-02
  -1.2752554e-01   2.0525418e-02
  -1.1276746e-01   1.9434721e-02
  -1.1131046e-01   1.9971902e-02
  -1.0884439e-01   2.0014651e-02
  -9.9550544e-02   1.7817972e-02
  -8.3230201e-02   2.0021638e-02
   1.5738912e-01   3.1086202e-02
   1.7528969e-01   2.7211030e-02
   1.8427239e-01   3.2116366e-02
   1.8867190e-01   3.2720891e-02
   1.9567077e-01   2.9401620e-02
   2.0299818e-01   2.7053068e-02
   2.0545171e-01   2.8672961e-02
   2.0485572e-01   3.2111170e-02
   2.1557262e-01   3.4836905e-02
   2.2170417e-01   3.1591498e-02
   2.2468591e-01   2.9217736e-02
   2.2219233e-01   3.0359551e-02
   2.1766960e-01   3.2519732e-02
   2.1974159e-01   2.9293403e-02
   2.2698109e-01   2.7113513e-02
   2.3433710e-01   2.9212301e-02
   2.3588043e-01   3.0890555e-02
   2.4363900e-01   3.4131823e-02
   2.3871498e-01   3.4773729e-02
   2.3453254e-01   3.0895787e-02
   2.4402031e-01   2.8654409e-02
   2.4943840e-01   2.7532809e-02
   2.6109018e-01   2.5788558e-02
   2.6650566e-01   3.4574862e-02
   2.6084623e-01   3.3638312e-02
   2.5011027e-01   4.2351986e-02
   2.5016550e-01   3.2420214e-02
   2.5531499e-01   2.8668792e-02
   2.7185678e-01   2.5749431e-02
   2.8799310e-01   2.6234693e-02
   2.9105899e-01   3.3389958e-02
   2.9705882e-01   3.2877971e-02
   3.0254374e-01   3.8909679e-02
   3.2092202e-01   3.5989749e-02
   3.3144290e-01   3.4258628e-02
   3.5290668e-01   2.7060467e-02
   3.5683464e-01   3.0285370e-02
   3.6866652e-01   3.1391784e-02
   3.8063149e-01   3.5638638e-02
   3.8399619e-01   4.1507115e-02
   3.7895458e-01   4.2129419e-02
   3.7610485e-01   3.7793039e-02
   3.7804422e-01   2.9058593e-02
   3.7812234e-01   2.6906104e-02
   3.7455743e-01   3.3990963e-02
   3.7258696e-01   3.9359947e-02
   3.7761918e-01   3.8744790e-02
   3.7578219e-01   3.6679178e-02
   3.7188592e-01   3.3468640e-02
   3.6992812e-01   3.3548164e-02
   2.2295968e-01   2.5465924e-02
   2.1114705e-01   2.9440272e-02
   2.0572196e-01   3.0013946e-02
   1.9120504e-01   3.9919540e-02
   1.7295278e-01   3.6212309e-02
   1.6849534e-01   3.0562159e-02
   1.6055722e-01   1.8906602e-02
   1.5007792e-01   1.7288187e-02
   1.4309163e-01   2.5641845e-02
   1.3900101e-01   2.8995442e-02
   1.2673377e-01   3.7950487e-02
   1.0123841e-01   3.6370388e-02
   9.5739771e-02   2.6812504e-02
   9.5695767e-02   1.9531351e-02
   9.0593023e-02   1.6235998e-02
   8.5230325e-02   2.3543815e-02
   6.4509267e-02   3.0672772e-02
   5.3886285e-02   3.6370915e-02
   5.8020243e-02   3.0802310e-02
   5.5288967e-02   2.6297906e-02
   4.5923841e-02   1.7367322e-02
   3.9135738e-02   1.5113646e-02
   2.4277566e-02   2.4076100e-02
  -1.3465458e-03   3.1328656e-02
  -6.7244819e-03   3.3532517e-02
  -1.3455636e-03   2.8502980e-02
  -6.7505063e-03   2.4103802e-02
  -8.0970492e-03   1.5119728e-02
  -2.6958381e-02   1.8457855e-02
  -2.9597033e-02   1.7303914e-02
  -2.2906918e-02   2.3493116e-02
  -2.8305651e-02   3.1353087e-02
  -3.3628267e-02   3.1846377e-02
  -4.1807691e-02   2.5187900e-02
  -5.5156382e-02   1.7851492e-02
  -5.8078320e-02   1.7921344e-02
  -6.1951864e-02   1.5632238e-02
  -8.6340920e-02   2.0677695e-02
  -1.0112867e-01   2.7363149e-02
  -1.1319637e-01   2.2299245e-02
  -1.2937734e-01   2.1161646e-02
  -1.3866201e-01   2.2238107e-02
  -1.2657808e-01   1.8362489e-02
  -1.4289288e-01   1.6689901e-02
  -1.5622644e-01   1.5544880e-02
  -1.7271703e-01   1.7219511e-02
  -1.8617261e-01   2.0525478e-02
  -1.9044286e-01   1.7761895e-02
  -1.9679618e-01   1.8268247e-02
  -3.6732870e-01   0.0000000e+00
  -3.6462571e-01   5.9055409e-03
  -3.5784277e-01   1.2900804e-02
  -3.5374398e-01   1.7213709e-02
  -3.5035965e-01   1.9954965e-02
  -3.3303938e-01   1.2983665e-02
  -3.1737074e-01   8.6529347e-03
  -3.1262932e-01   9.2191770e-03
  -3.0884379e-01   1.4665622e-02
  -3.0839210e-01   2.2248981e-02
  -3.1743115e-01   2.0108877e-02
  -3.2019579e-01   1.6297221e-02
  -3.1860561e-01   1.1399840e-02
  -3.0132446e-01   5.4221199e-03
  -2.8792248e-01   7.0633388e-03
  -2.8790714e-01   1.6381047e-02
  -2.8589768e-01   2.5199931e-02
  -2.7595529e-01   2.2996697e-02
  -2.6899943e-01   2.0806734e-02
  -2.5940376e-01   1.5884473e-02
  -2.4480417e-01   9.3859634e-03
  -2.4234593e-01   8.8455277e-03
  -2.4241346e-01   1.5952233e-02
  -2.4492871e-01   2.6394478e-02
  -2.2860357e-01   2.3670389e-02
  -2.2704386e-01   2.3793491e-02
  -2.1435172e-01   1.5470388e-02
  -1.9630685e-01   4.9676707e-03
  -1.8640246e-01   1.6658627e-02
  -1.7001833e-01   1.7223816e-02
  -1.5797512e-01   2.2826964e-02
  -1.4456534e-01   2.7338313e-02
  -1.3235693e-01   3.1272435e-02
  -1.2813160e-01   2.3972069e-02
  -1.2280187e-01   1.5615477e-02
  -1.1840489e-01   1.4460899e-02
  -1.1728346e-01   1.6162845e-02
  -9.5893642e-02   1.8451956e-02
  -7.6985036e-02   1.8468461e-02
  -5.4071069e-02   2.0744867e-02
  -4.1801872e-02   2.6867093e-02
  -4.0447432e-02   2.8547157e-02
  -3.9177336e-02   2.8605160e-02
  -3.1050978e-02   2.4658130e-02
  -1.3518743e-02   1.9638293e-02
   6.7593716e-03   1.9639032e-02
   1.3514516e-02   2.4127045e-02
   2.9677439e-02   2.1834717e-02
   3.7752838e-02   2.7989030e-02
   3.9255800e-02   2.8662552e-02
   2.5340298e-01   3.0820077e-02
   2.5602411e-01   3.3559619e-02
   2.6152930e-01   3.7054463e-02
   2.6545658e-01   3.3515832e-02
   2.6802236e-01   2.8124353e-02
   2.8130540e-01   2.6942480e-02
   2.9960983e-01   2.7907810e-02
   3.0155704e-01   3.7309225e-02
   3.0864779e-01   3.6755903e-02
   3.0770340e-01   3.7197931e-02
   2.9728181e-01   3.5103379e-02
   3.0791503e-01   3.1180619e-02
   3.2316456e-01   2.8949141e-02
   3.2588603e-01   2.8389969e-02
   3.2213445e-01   3.2549094e-02
   3.2263387e-01   3.4924327e-02
   3.3095360e-01   3.7636550e-02
   3.2925121e-01   3.8154759e-02
   3.2436837e-01   3.3311234e-02
   3.3071528e-01   2.5588081e-02
   3.3441498e-01   2.6089662e-02
   3.3451798e-01   3.2774109e-02
   3.3090722e-01   3.8727465e-02
   3.2482529e-01   3.8298621e-02
   3.2098399e-01   3.4353851e-02
   3.3384936e-01   3.2712169e-02
   3.4013164e-01   2.6633184e-02
   3.3633167e-01   2.9399363e-02
   3.4072427e-01   2.9406202e-02
   3.6020591e-01   3.3710629e-02
   3.6978391e-01   3.6794761e-02
   3.8258600e-01   3.8940530e-02
   3.9356457e-01   3.5619286e-02
   4.0557938e-01   3.0120322e-02
   4.0384611e-01   2.9563429e-02
   4.0992469e-01   3.2812421e-02
   4.2356587e-01   3.8655142e-02
   4.4081094e-01   3.6870430e-02
   4.3382921e-01   4.0670851e-02
   4.1899450e-01   4.0263516e-02
   4.1321205e-01   3.7701703e-02
   4.0958835e-01   3.1170050e-02
   4.0282946e-01   3.1213272e-02
   3.9049496e-01   3.5066038e-02
   3.8603052e-01   3.5601055e-02
   3.7418019e-01   3.7341822e-02
   3.6742604e-01   3.7389780e-02
   3.6590031e-01   3.3032286e-02
   1.2022769e-01   2.9063020e-02
   9.8603260e-02   3.0219865e-02
   9.1493643e-02   2.8995183e-02
   9.1740571e-02   2.0113551e-02
   8.2009832e-02   2.6750175e-02
   7.4039840e-02   2.2879730e-02
   7.9305256e-02   2.8982801e-02
   9.0341610e-02   2.7378618e-02
   8.1937054e-02   3.5666901e-02
   7.3990416e-02   3.0692321e-02
   5.9160148e-02   2.5658274e-02
   6.0429067e-02   1.3916405e-02
   4.4425693e-02   2.2343175e-02
   3.6307626e-02   2.3999282e-02
   2.9599341e-02   2.9613621e-02
   2.8203483e-02   2.7324701e-02
   3.2301309e-02   2.5701211e-02
   2.4168255e-02   3.0114683e-02
   1.6129883e-02   2.9030824e-02
   2.2861321e-02   2.3446284e-02
   1.6126214e-02   1.8962789e-02
  -1.3460083e-02   2.4589594e-02
  -2.1488368e-02   2.7327207e-02
  -3.3549951e-02   2.4509831e-02
  -2.6929684e-02   1.9556983e-02
  -2.6870035e-02   2.2863990e-02
  -2.9555824e-02   2.3420673e-02
  -2.1453363e-02   2.2820176e-02
  -4.5768194e-02   2.3459552e-02
  -6.1731910e-02   2.4491771e-02
  -8.0353149e-02   2.5535646e-02
  -8.1903816e-02   1.6685711e-02
  -7.3767479e-02   1.8342389e-02
  -6.2920394e-02   1.6093626e-02
  -6.7157530e-02   2.6182691e-02
  -6.9815641e-02   3.0636228e-02
  -6.8429459e-02   2.6711897e-02
  -7.5074034e-02   2.5010981e-02
  -8.8691145e-02   1.9479868e-02
  -1.0070435e-01   1.6114394e-02
  -1.0752488e-01   1.6124193e-02
  -1.1828704e-01   1.4446606e-02
  -1.2370954e-01   2.4463605e-02
  -1.1575159e-01   2.5057577e-02
  -1.0866614e-01   2.8326058e-02
  -1.0768066e-01   2.4512814e-02
  -1.1556318e-01   2.0006420e-02
  -1.2513866e-01   1.3342568e-02
  -1.2672714e-01   1.5038732e-02
  -1.2252129e-01   2.0593888e-02
