  -3.4565672e-01  -9.5415689e-02
  -2.9460422e-01  -1.1101288e-01
  -2.6129218e-01  -1.1485143e-01
  -2.3962134e-01  -1.1111498e-01
  -2.2346874e-01  -1.0918123e-01
  -2.1203772e-01  -1.2438397e-01
  -2.1868532e-01  -1.1781517e-01
  -2.2090856e-01  -1.2126522e-01
  -2.2293643e-01  -1.1010284e-01
  -1.9003470e-01  -9.9237338e-02
  -1.7722888e-01  -1.0496655e-01
  -1.3562527e-01  -1.1309574e-01
  -1.0871022e-01  -1.0970212e-01
  -1.0072709e-01  -1.0720643e-01
  -9.8382129e-02  -1.0169669e-01
  -9.5930583e-02  -9.5488546e-02
  -7.8845407e-02  -1.0184730e-01
  -7.4598593e-02  -9.9272354e-02
  -7.1901559e-02  -9.1679197e-02
  -5.0720903e-02  -8.8504563e-02
  -6.6287393e-03  -9.1381954e-02
   1.3451875e-02  -8.5802092e-02
   2.5753583e-02  -8.7625943e-02
   2.9949546e-02  -9.0355125e-02
   5.2058500e-02  -7.7973709e-02
   7.5345773e-02  -6.9174953e-02
   8.3665309e-02  -6.3435012e-02
   1.0141191e-01  -7.2014811e-02
   1.1612124e-01  -6.7677112e-02
   1.3623935e-01  -6.1087014e-02
   1.6045526e-01  -6.5415570e-02
   1.9355442e-01  -6.8223689e-02
   2.1220265e-01  -6.6667055e-02
   2.1653664e-01  -5.5059317e-02
   2.3417185e-01  -5.0308132e-02
   2.5533807e-01  -4.4014684e-02
   2.7102662e-01  -4.4677461e-02
   2.8539629e-01  -4.0003681e-02
   3.0462208e-01  -3.7115329e-02
   3.2333716e-01  -3.7668184e-02
   3.4162091e-01  -2.4952391e-02
   3.5036285e-01  -2.0505808e-02
   3.5241932e-01  -2.2205433e-02
   3.6563559e-01  -2.1087175e-02
   3.9356713e-01  -1.6390244e-02
   4.1113193e-01  -1.4639340e-02
   4.2385392e-01  -1.0316313e-02
   4.3175926e-01  -5.3986092e-03
   4.4398679e-01  -9.7211065e-03
   4.4172974e-01  -7.0314702e-03
   4.5641524e-01  -5.4022555e-04
   4.6688359e-01   8.0758442e-03
   4.8181619e-01   1.2302426e-02
   4.9421849e-01   1.4443369e-02
   4.9594180e-01   1.4941677e-02
   5.1056463e-01   1.7440902e-02
   5.1272473e-01   3.0105037e-02
   5.0349441e-01   3.8912515e-02
   4.9643387e-01   4.3914845e-02
   4.9881633e-01   4.6421458e-02
   5.1699422e-01   4.8670006e-02
   5.1023127e-01   6.4492188e-02
   5.2192312e-01   7.0472273e-02
   5.1587899e-01   7.1558660e-02
   5.1188735e-01   7.7330827e-02
   5.2591765e-01   8.3578484e-02
   5.3039980e-01   8.7235052e-02
   5.3126472e-01   8.8526329e-02
   5.4350547e-01   9.4138287e-02
   5.3054324e-01   1.0004414e-01
   5.5130191e-01   9.6898098e-02
   5.4912885e-01   1.0387183e-01
   5.3649584e-01   1.0411652e-01
   5.2326562e-01   1.0701801e-01
   5.1298114e-01   1.1291003e-01
   5.0438795e-01   1.1217110e-01
   4.9650763e-01   1.1910842e-01
   4.8911371e-01   1.2664261e-01
   4.7038279e-01   1.2684175e-01
   4.5906611e-01   1.3078208e-01
   4.3842208e-01   1.4098606e-01
   4.1234203e-01   1.5172773e-01
   4.2176303e-01   1.4549422e-01
   4.1606620e-01   1.5943572e-01
   3.8292774e-01   1.6480786e-01
   3.6187270e-01   1.7269561e-01
   3.5469139e-01   1.6796707e-01
   3.3744427e-01   1.7106287e-01
   2.9185663e-01   1.7011951e-01
   2.7453305e-01   1.8438598e-01
   2.6589693e-01   1.7733214e-01
   2.4011660e-01   1.8612522e-01
   2.0701761e-01   1.8446530e-01
   1.9254686e-01   1.8099533e-01
   1.8881182e-01   1.7691250e-01
   1.4986761e-01   1.7577737e-01
   1.3548538e-01   1.7519971e-01
   1.0911712e-01   1.8345480e-01
   9.0633037e-02   1.7156902e-01
   8.4247834e-02   1.7311882e-01
   5.8369514e-02   1.7118157e-01
   3.2718244e-02   1.7535087e-01
   1.5040105e-02   1.6302700e-01
   1.3567243e-03   1.6167355e-01
  -6.7648822e-03   1.6308755e-01
  -2.2993153e-02   1.4795632e-01
  -4.2122551e-02   1.6058557e-01
  -6.8914638e-02   1.5446682e-01
  -7.3943291e-02   1.5421409e-01
  -1.0132607e-01   1.4323556e-01
  -1.5257412e-01   1.4828312e-01
  -1.6721915e-01   1.6532002e-01
  -1.9114344e-01   1.5595162e-01
  -2.1070334e-01   1.5018375e-01
  -2.3331498e-01   1.5482191e-01
  -2.5495434e-01   1.5477067e-01
  -2.8350000e-01   1.5956034e-01
  -2.8399575e-01   1.5719152e-01
  -2.9141951e-01   1.4436989e-01
  -3.1807648e-01   1.5113473e-01
  -3.6396145e-01   1.6311848e-01
  -3.8388179e-01   1.4950557e-01
  -4.0756944e-01   1.5812171e-01
  -4.0758256e-01   1.4972935e-01
  -4.0871618e-01   1.4350094e-01
  -4.5849572e-01   1.7042076e-01
  -4.4284486e-01   1.2613315e-01
  -4.5606946e-01   1.4315185e-01
  -4.5397897e-01   1.2486552e-01
  -4.6155408e-01   1.2793122e-01
  -4.4909481e-01   1.1633643e-01
  -4.6850818e-01   1.1774159e-01
  -4.6458966e-01   1.0053763e-01
  -4.5889917e-01   1.0176773e-01
  -4.5004924e-01   9.0530179e-02
  -4.5049240e-01   8.3827739e-02
  -4.4851117e-01   7.7742857e-02
  -4.3911117e-01   7.0276479e-02
  -4.5144691e-01   6.4040778e-02
  -4.5091274e-01   4.9128866e-02
  -4.3306193e-01   4.2467416e-02
  -4.2803038e-01   3.8762216e-02
  -4.1703948e-01   3.2098060e-02
  -3.9810333e-01   2.0162319e-02
  -3.9856795e-01   1.0122865e-02
  -3.8550496e-01   3.3795481e-03
  -3.7826463e-01   5.0552876e-03
  -3.7216245e-01  -3.3953514e-03
  -3.4932890e-01  -1.5845111e-02
  -3.1886599e-01  -2.8265818e-02
  -3.2181000e-01  -3.5485524e-02
  -3.1465264e-01  -4.5074055e-02
  -3.0047488e-01  -1.6905515e-02
  -3.1642983e-01  -3.8939328e-02
  -2.7500233e-01  -4.9876397e-02
  -2.8757302e-01  -5.8084957e-02
  -2.8230391e-01  -5.1659644e-02
  -2.8345576e-01  -4.3703606e-02
  -2.4995793e-01  -6.2788697e-02
  -2.1306081e-01  -6.4934259e-02
  -1.9302151e-01  -7.1464251e-02
  -2.0191008e-01  -6.8795367e-02
  -1.8502650e-01  -7.2159579e-02
  -1.4919542e-01  -7.6630165e-02
  -1.2687380e-01  -9.1500860e-02
  -1.3828444e-01  -7.5829253e-02
  -1.2548015e-01  -7.0404531e-02
  -1.1357662e-01  -7.8244257e-02
  -9.6616062e-02  -8.0197988e-02
  -6.5372922e-02  -7.6893939e-02
  -5.4419560e-02  -7.2785416e-02
  -1.4900591e-02  -8.2347817e-02
  -9.5038253e-03  -8.1380055e-02
   1.2126884e-02  -8.7107512e-02
   1.3515410e-02  -7.9267940e-02
   2.0323450e-02  -7.3108984e-02
   2.8228078e-02  -7.2514004e-02
   4.5689649e-02  -6.4491643e-02
   5.9139854e-02  -5.8241835e-02
   7.7464292e-02  -7.4207123e-02
   7.1468251e-02  -7.6101140e-02
   8.6554855e-02  -4.4932273e-02
   9.7558700e-02  -3.8209751e-02
   1.2599490e-01  -4.8937568e-02
   1.4539250e-01  -4.3591771e-02
   1.5586620e-01  -5.1823225e-02
   1.7173112e-01  -3.5679673e-02
   1.8441184e-01  -3.4364954e-02
   1.9202350e-01  -2.8714193e-02
   2.1540576e-01  -2.1523729e-02
   2.1590770e-01  -2.0337617e-02
   2.2590437e-01  -2.4228778e-02
   2.3779981e-01  -2.2521225e-02
   2.5013751e-01  -1.6551692e-02
   2.6430603e-01   1.6553202e-03
   2.9799601e-01  -2.0675703e-02
   3.0586208e-01  -1.4115182e-02
   3.3581026e-01  -4.3258783e-03
   3.4987347e-01  -1.1349697e-02
   3.7424165e-01  -1.1343776e-02
   3.9232599e-01   2.7131770e-03
   4.0265457e-01   5.9686504e-03
   4.0316974e-01   9.2046347e-03
   4.1589063e-01   1.2934532e-02
   4.2385550e-01   1.7808618e-02
   4.5224467e-01   2.4744878e-02
   4.5444592e-01   3.6239420e-02
   4.6121100e-01   2.8509561e-02
   4.6999238e-01   3.6687297e-02
   4.8454080e-01   4.4622043e-02
   4.8414680e-01   4.9460578e-02
   4.8830175e-01   4.5889436e-02
   4.8728136e-01   5.4733714e-02
   4.9375271e-01   7.3214307e-02
   5.1018858e-01   6.4280090e-02
   5.2336695e-01   5.8919022e-02
   5.3534659e-01   6.6609519e-02
   5.2916620e-01   7.9472253e-02
   5.4877438e-01   6.8343270e-02
   5.2160334e-01   8.0487541e-02
   5.2424483e-01   7.5844688e-02
   4.9797401e-01   9.6996911e-02
   4.9852942e-01   9.5714345e-02
   4.8335084e-01   1.0520636e-01
   4.8931999e-01   9.6555493e-02
   4.8060021e-01   1.1157733e-01
   4.8915665e-01   1.1248488e-01
   4.8697093e-01   1.2180539e-01
   4.7173897e-01   1.0709277e-01
   4.6285433e-01   1.0807974e-01
   4.5543424e-01   1.2725523e-01
   4.3813119e-01   1.2692094e-01
   3.9844567e-01   1.3216531e-01
   3.9457842e-01   1.2655154e-01
   3.6161327e-01   1.4105734e-01
   3.4513628e-01   1.4555452e-01
   2.9971195e-01   1.4975192e-01
   2.9753820e-01   1.5779350e-01
   2.8502751e-01   1.6589775e-01
   2.6797141e-01   1.6155189e-01
   2.4152791e-01   1.6458366e-01
   2.2537964e-01   1.6206843e-01
   2.1147003e-01   1.7034523e-01
   1.8200734e-01   1.7510071e-01
   1.5056237e-01   1.6991153e-01
   1.4453077e-01   1.6104785e-01
   1.0247668e-01   1.7282981e-01
   4.2634453e-02   1.7921755e-01
   1.7333902e-02   1.7371750e-01
   2.3707272e-02   1.7765665e-01
  -2.6499283e-03   1.8396655e-01
  -3.0649678e-02   1.7484197e-01
  -6.1132412e-02   1.9539578e-01
  -6.6892400e-02   1.8699678e-01
  -8.6519236e-02   1.9420902e-01
  -9.6716370e-02   1.9083136e-01
  -1.1526817e-01   1.9078822e-01
  -1.3621624e-01   1.9886183e-01
  -1.3519835e-01   1.9283402e-01
  -1.6464507e-01   1.9187444e-01
  -1.6777628e-01   1.8086821e-01
  -1.8812304e-01   1.8681428e-01
  -2.2009523e-01   1.9623463e-01
  -2.4407131e-01   1.9790844e-01
  -2.6545392e-01   1.8046274e-01
  -3.0006124e-01   1.7982156e-01
  -2.9316115e-01   1.8196048e-01
  -3.1541569e-01   1.7743203e-01
  -3.1841709e-01   1.7747570e-01
  -3.5932443e-01   1.7413753e-01
  -3.6615391e-01   1.5808882e-01
  -3.6219805e-01   1.5584144e-01
  -3.9610160e-01   1.5114303e-01
  -4.1507238e-01   1.3303029e-01
  -4.4830793e-01   1.3682751e-01
  -4.6233830e-01   1.3507804e-01
  -4.4551247e-01   1.1450519e-01
  -4.6873885e-01   1.1618374e-01
  -4.9955328e-01   1.1698589e-01
  -4.9604200e-01   9.6036943e-02
  -5.0500948e-01   8.8469879e-02
  -5.2782111e-01   7.4250330e-02
  -5.3815068e-01   7.6707041e-02
  -5.3798740e-01   6.3522793e-02
  -5.2456502e-01   5.7706938e-02
  -5.4437626e-01   4.3213821e-02
  -5.6633687e-01   4.5117961e-02
  -5.8325187e-01   4.4886868e-02
  -5.6598681e-01   2.7765777e-02
  -5.4271983e-01   1.0337013e-02
  -5.0749768e-01   1.3104115e-02
  -4.9315458e-01  -8.2358324e-03
  -4.7871839e-01  -9.9687075e-03
  -4.7698903e-01  -8.9114358e-03
  -5.1034672e-01  -1.4426558e-02
  -4.8722679e-01  -2.9075565e-02
  -4.7245014e-01  -2.8243772e-02
  -4.5919045e-01  -4.1144363e-02
  -4.6265531e-01  -3.8023324e-02
  -4.3417065e-01  -5.0437622e-02
  -4.4262189e-01  -3.2177253e-02
  -4.3943166e-01  -2.8552848e-02
  -4.2144201e-01  -3.7660004e-02
  -3.8493037e-01  -5.7126571e-02
  -3.5166562e-01  -6.3824598e-02
  -3.4443967e-01  -5.4747616e-02
  -3.3509946e-01  -4.8887236e-02
  -3.2280741e-01  -6.1251702e-02
  -3.0913314e-01  -6.6642207e-02
  -3.1195724e-01  -5.4206190e-02
  -3.1275073e-01  -4.6576513e-02
  -2.9051309e-01  -5.9515920e-02
  -2.4968147e-01  -7.9512517e-02
  -2.1908582e-01  -6.6922014e-02
  -1.7477520e-01  -5.9881046e-02
  -1.5485849e-01  -6.7119924e-02
  -1.2648209e-01  -6.1693733e-02
  -1.1636248e-01  -6.9809499e-02
  -1.2680423e-01  -6.1367323e-02
  -1.3831488e-01  -5.6795379e-02
  -1.3357110e-01  -4.6861768e-02
  -1.0395862e-01  -4.9983084e-02
  -8.5859828e-02  -4.7562782e-02
  -6.9601401e-02  -3.7396918e-02
  -3.6521066e-02  -3.5970721e-02
  -9.4341451e-03  -3.2479204e-02
   2.2784996e-02  -2.7829029e-02
   3.0934935e-02  -2.1210775e-02
   6.3462662e-02  -2.2397648e-02
   7.0425157e-02  -2.2459371e-02
   7.4919170e-02  -2.5980140e-02
   8.8244674e-02  -1.5741028e-02
   1.1461015e-01  -1.1706124e-02
   1.2745886e-01  -1.9611172e-02
   1.6527723e-01  -3.2142067e-02
   1.8160662e-01  -1.8260067e-02
   1.9096811e-01  -2.1711233e-02
   1.9901133e-01  -1.5668910e-02
   1.9885808e-01  -1.5201693e-02
   1.9991514e-01  -1.0185113e-02
   2.0513250e-01   1.7052718e-03
   2.0864893e-01   0.0000000e+00
   2.1366861e-01  -1.1369269e-03
   2.3233303e-01   1.0743639e-02
   2.5322779e-01   1.3050617e-02
   2.6519201e-01   9.1392180e-03
   2.7051860e-01   9.6930235e-03
   2.5811351e-01   1.9339031e-02
   2.7829657e-01   2.5338768e-02
   3.0180605e-01   2.5572865e-02
   3.1354424e-01   1.3223582e-02
   3.1098177e-01   1.6403685e-02
   3.3581824e-01   2.4355888e-02
   3.6555557e-01   2.6299914e-02
   3.7384307e-01   1.7149385e-02
   3.8383736e-01   3.7160289e-02
   3.8766869e-01   3.3333112e-02
   3.9278645e-01   3.4236368e-02
   4.1828641e-01   3.7028668e-02
   4.2846138e-01   4.3006854e-02
   4.5696179e-01   4.3050544e-02
   4.5545787e-01   4.4897877e-02
   4.5718368e-01   3.0067141e-02
   4.6666859e-01   4.5892875e-02
   4.6618040e-01   4.7020174e-02
   4.6335610e-01   5.8699658e-02
   4.7336979e-01   5.3328750e-02
   4.7720884e-01   6.5039026e-02
   4.9257411e-01   6.6150546e-02
   4.9998836e-01   7.7504990e-02
   5.1202268e-01   7.4485257e-02
   5.0311022e-01   7.3840205e-02
   5.0220787e-01   7.3197488e-02
   4.9775853e-01   8.6140003e-02
   4.8995125e-01   8.0199174e-02
   4.9813761e-01   7.6723039e-02
   4.9161771e-01   8.4458006e-02
   4.8586729e-01   9.3274735e-02
   4.7635655e-01   9.1529445e-02
   4.8882678e-01   8.3514932e-02
   4.8429848e-01   8.8063036e-02
   4.8861187e-01   8.0940769e-02
   4.9099706e-01   8.5886378e-02
   4.8063381e-01   8.2901984e-02
   4.6851325e-01   7.8541538e-02
   4.6184145e-01   8.2448519e-02
   4.5548048e-01   7.5954944e-02
   4.6295458e-01   5.8335375e-02
   4.5997034e-01   5.6486156e-02
   4.5592120e-01   5.5787775e-02
   4.5829709e-01   4.4451510e-02
   4.4261038e-01   4.0537108e-02
   4.2131832e-01   3.6782384e-02
   4.0029302e-01   3.9058862e-02
   3.8904525e-01   2.6902486e-02
   3.6154979e-01   3.4016671e-02
   3.4601163e-01   1.9072518e-02
   3.0496504e-01   1.9345268e-02
   2.8377976e-01   1.6711206e-02
   2.6768697e-01   1.1467660e-02
   2.7164674e-01   1.1569890e-02
   2.6341463e-01   0.0000000e+00
   2.1785599e-01  -8.1643947e-03
   1.8674596e-01   2.3430527e-03
   1.4510061e-01  -1.3948838e-02
   1.2711080e-01  -7.9892222e-03
   1.3198667e-01  -9.5512214e-03
   1.0757865e-01  -1.5209067e-02
   1.0964727e-01  -1.3436171e-02
   8.5649373e-02   1.1256321e-03
   4.5790007e-02  -2.9633261e-02
   2.4050166e-02  -1.5522288e-02
   8.0403607e-03  -1.6126824e-02
  -4.0512764e-03  -2.0740647e-02
  -1.3532075e-03  -3.2048177e-02
  -3.5439543e-02  -2.9999746e-02
  -6.1140560e-02  -4.0644294e-02
  -8.5596784e-02  -4.0604209e-02
  -9.2156320e-02  -5.6939774e-02
  -1.3627829e-01  -4.0602274e-02
  -1.4829714e-01  -3.7671347e-02
  -1.6984331e-01  -3.0558383e-02
  -1.4764364e-01  -4.1624799e-02
  -1.5639487e-01  -3.7863715e-02
  -1.7394513e-01  -3.6692351e-02
  -1.8922279e-01  -2.7211283e-02
  -1.8770610e-01  -3.5624267e-02
  -2.2969292e-01  -2.3503211e-02
  -2.4647575e-01  -2.7761290e-02
  -2.6958661e-01  -1.8013741e-02
  -2.7590911e-01  -2.6413625e-02
  -2.6659527e-01  -1.8735058e-02
  -2.9814111e-01  -1.8932270e-02
  -3.1981403e-01  -1.3914927e-02
  -3.2960667e-01  -7.1653752e-03
  -3.0006345e-01  -1.3198836e-02
  -2.6168992e-01  -1.7214600e-02
  -2.6792619e-01  -1.8921310e-02
  -2.6108781e-01  -1.6236558e-02
  -2.2855228e-01  -1.6239310e-02
  -1.9362508e-01  -3.6162525e-02
  -1.9237454e-01  -3.0166637e-02
  -2.0319118e-01  -1.5525922e-02
  -2.2031034e-01  -5.7451976e-03
  -2.0564060e-01  -4.5895425e-03
  -2.1292898e-01   5.1324228e-03
  -1.9892789e-01  -3.9411797e-03
  -1.9366655e-01   2.3878173e-02
  -1.6613818e-01   3.7392477e-02
  -1.5900097e-01   4.6063272e-02
  -1.2986298e-01   4.3136373e-02
  -1.6458497e-01   7.8446677e-02
  -1.8097205e-01   7.9037994e-02
  -1.8204005e-01   1.0274209e-01
  -1.9162076e-01   1.1342564e-01
  -1.9809987e-01   1.0873999e-01
  -1.9538626e-01   1.2379541e-01
  -2.2133022e-01   1.5764134e-01
  -2.4172616e-01   1.6622904e-01
  -2.5134664e-01   1.6112351e-01
  -2.6089945e-01   1.6967544e-01
  -2.7119466e-01   1.7905527e-01
  -2.7534594e-01   1.9235941e-01
  -2.4227153e-01   1.7430892e-01
  -2.4975104e-01   1.6646509e-01
  -2.4723833e-01   1.7468650e-01
  -2.5985067e-01   1.7603154e-01
  -2.5655581e-01   1.5334778e-01
  -2.4608034e-01   1.5697267e-01
  -2.6595566e-01   1.5070903e-01
  -2.5454928e-01   1.5677930e-01
  -2.6196523e-01   1.5011749e-01
  -2.5760618e-01   1.4416027e-01
  -2.4016459e-01   1.5044143e-01
  -2.1819139e-01   1.5248982e-01
  -2.1860858e-01   1.6726797e-01
  -2.1688607e-01   1.4802806e-01
  -2.2510753e-01   1.6190240e-01
  -2.2156240e-01   1.6130670e-01
  -2.1012101e-01   1.5634037e-01
  -1.3993963e-01   1.4787511e-01
  -1.2115050e-01   1.3926164e-01
  -1.1282506e-01   1.2796023e-01
  -7.8018164e-02   1.2913829e-01
  -8.6371889e-02   1.4042776e-01
  -8.6624009e-02   1.2540762e-01
  -4.1904973e-02   1.1858924e-01
   3.0533749e-02   1.0647829e-01
   6.8326136e-02   9.9787567e-02
   9.2132275e-02   1.0261042e-01
   8.5907864e-02   1.0808596e-01
   1.1891036e-01   9.3252972e-02
   1.4593641e-01   9.2680112e-02
   1.5146461e-01   9.5299473e-02
   1.6136400e-01   9.7111984e-02
   1.8814679e-01   9.4875980e-02
   2.4540795e-01   8.7709471e-02
   2.7499229e-01   8.3327770e-02
   3.0291311e-01   7.7210730e-02
   2.8607222e-01   9.8909261e-02
   2.9991354e-01   9.0091304e-02
   3.0977384e-01   9.7799588e-02
   3.4090874e-01   8.3168234e-02
   3.4655434e-01   8.9224980e-02
   3.9923270e-01   8.2414337e-02
   4.1272020e-01   8.4127930e-02
   4.3862282e-01   5.9974231e-02
   4.5039593e-01   7.2008165e-02
   4.5327715e-01   6.6240215e-02
   4.5278108e-01   7.4405675e-02
   4.5973236e-01   6.3375220e-02
   4.6345509e-01   6.2578760e-02
   4.7038800e-01   6.0363458e-02
   4.7817240e-01   4.9843904e-02
   4.7464379e-01   5.4765938e-02
   4.8016397e-01   5.2415087e-02
   4.6376884e-01   4.2841553e-02
   4.5667053e-01   4.1035744e-02
   4.3829044e-01   4.9600334e-02
   4.3654988e-01   3.3992812e-02
   4.3151995e-01   2.9072003e-02
   4.2395882e-01   3.9227892e-02
   4.1632281e-01   3.1662954e-02
   4.2920849e-01   2.9202185e-02
   4.3383876e-01   1.5680139e-02
   4.2608717e-01  -3.8184036e-03
   4.1910509e-01   2.1918847e-03
   4.0980973e-01   7.1446719e-03
   4.1111089e-01   5.5114266e-04
   4.0124537e-01  -1.4358213e-02
   3.7470296e-01  -1.4927068e-02
   3.6729210e-01  -1.4871851e-02
   3.5753871e-01  -1.7036433e-02
   3.5307422e-01  -3.1476015e-02
   3.5825190e-01  -3.9120914e-02
   3.2403811e-01  -3.6630759e-02
   3.1163413e-01  -4.3041478e-02
   2.8933323e-01  -4.6320883e-02
   2.6164347e-01  -4.6461303e-02
   2.3545668e-01  -4.6297239e-02
   2.0100359e-01  -5.1834606e-02
   1.6970258e-01  -4.5972761e-02
   1.6267774e-01  -5.4976817e-02
   1.2837040e-01  -5.0423957e-02
   1.1155523e-01  -4.6274764e-02
   7.5958935e-02  -5.6021614e-02
   7.5608216e-02  -5.9668275e-02
   6.6545367e-02  -5.7649776e-02
   3.8630269e-02  -5.8309207e-02
   1.1961512e-02  -5.9878811e-02
  -1.9908194e-02  -5.0853260e-02
  -3.2949873e-02  -7.1631861e-02
  -5.8979776e-02  -6.5625688e-02
  -6.9788108e-02  -6.2016271e-02
  -8.5742067e-02  -6.7656958e-02
  -9.8628526e-02  -8.0803762e-02
  -1.3815074e-01  -7.4490957e-02
  -1.5188787e-01  -8.5726992e-02
  -1.6698458e-01  -8.4735182e-02
   1.9304926e-01  -1.0312867e-01
   2.3401091e-01  -1.0736006e-01
   2.5111804e-01  -9.0252963e-02
   2.7571400e-01  -9.1297429e-02
   2.8493095e-01  -7.9833425e-02
   3.3202730e-01  -6.2923236e-02
   3.5288397e-01  -6.1976373e-02
   3.8752985e-01  -6.3934649e-02
   4.3233493e-01  -4.7997776e-02
   4.5111447e-01  -4.7079563e-02
   4.9063978e-01  -4.5722090e-02
   5.1579157e-01  -4.1989084e-02
   5.4232071e-01  -3.7737668e-02
   5.7730765e-01  -2.4304188e-02
   6.1086584e-01  -2.5862042e-02
   6.2299619e-01  -1.5905425e-02
   6.2471409e-01  -2.0392150e-02
   6.1960043e-01   0.0000000e+00
   6.4231118e-01   7.0609430e-03
   6.6598417e-01   1.6129430e-02
   6.9833443e-01   1.8616239e-02
   7.1906575e-01   2.3858320e-02
   7.3982434e-01   2.7419500e-02
   7.4981449e-01   3.6823765e-02
   7.4717125e-01   3.8832338e-02
   7.4504361e-01   5.4689665e-02
   7.5428251e-01   6.1645868e-02
   7.5635202e-01   6.8814068e-02
   7.6406210e-01   6.6729777e-02
   7.7151175e-01   7.1176064e-02
   7.6832695e-01   7.7097582e-02
   7.6041888e-01   9.0399956e-02
   7.7778708e-01   7.7148019e-02
   7.5583854e-01   9.1900368e-02
   7.6500727e-01   9.7681058e-02
   1.6268299e-02   1.8605907e-01
   9.5889683e-03   1.6787674e-01
  -3.2904323e-02   1.7252625e-01
  -4.6647450e-02   1.6676333e-01
  -6.8910242e-02   1.7463817e-01
  -9.1695982e-02   1.6028554e-01
  -9.8570378e-02   1.6398460e-01
  -1.3112887e-01   1.6453145e-01
  -1.4568215e-01   1.5113472e-01
  -1.4940733e-01   1.4638150e-01
  -1.7111413e-01   1.5560036e-01
  -1.8599786e-01   1.5193891e-01
  -2.1232716e-01   1.4928586e-01
  -2.6167438e-01   1.3961800e-01
  -2.9113893e-01   1.2689531e-01
  -3.4810561e-01   1.4439936e-01
  -3.3312044e-01   1.2967622e-01
  -3.9211149e-01   1.3788291e-01
  -4.0174237e-01   1.2453613e-01
  -4.3899997e-01   1.3204616e-01
  -4.6451544e-01   1.3822543e-01
  -4.7073936e-01   1.4328829e-01
  -4.9539041e-01   1.2245667e-01
  -5.0953632e-01   1.2787544e-01
  -5.2968459e-01   1.3569076e-01
  -5.7039809e-01   1.4154573e-01
  -5.7728095e-01   1.4130668e-01
  -5.9612491e-01   1.2728523e-01
  -6.2338413e-01   1.1460759e-01
  -6.2725264e-01   1.1868993e-01
  -6.1560297e-01   1.1444688e-01
  -5.8879303e-01   9.5120837e-02
  -5.7524573e-01   8.9698562e-02
  -6.2602982e-01   8.9884970e-02
  -6.3885156e-01   8.1035360e-02
  -6.2671085e-01   7.5932327e-02
  -6.2514348e-01   5.3410591e-02
  -5.8185293e-01   4.5426483e-02
  -5.5197372e-01   2.1794376e-02
  -5.4798708e-01   3.4189727e-02
  -5.2300005e-01   2.5245763e-02
  -5.4162229e-01   2.4745220e-02
  -5.3664481e-01   1.0774153e-03
  -5.4493117e-01   8.5566290e-03
  -5.3888074e-01  -3.7263620e-03
  -5.3027736e-01  -9.0415859e-03
   8.9925300e-02  -4.2495211e-02
   9.1597809e-02  -3.3373047e-02
   1.3681885e-01  -3.2805989e-02
   1.6744689e-01  -3.1691192e-02
   1.9851134e-01  -4.3959727e-02
   2.0265991e-01  -2.7745594e-02
   2.1324304e-01  -2.8220631e-02
   2.2271653e-01  -2.3800768e-02
   2.4236226e-01  -2.2069604e-02
   2.4350512e-01  -1.3482605e-02
   2.6234826e-01  -9.4110024e-03
   2.8676649e-01  -3.8421255e-03
   3.1350959e-01  -2.7301486e-03
   3.3682093e-01   0.0000000e+00
   3.5691203e-01  -5.4631546e-04
   3.9624775e-01   3.2631449e-03
   4.0163438e-01   1.6960818e-02
   4.1258429e-01   1.4237030e-02
   4.3659421e-01   1.3008674e-02
   4.5441940e-01   1.4621839e-02
   4.7814527e-01   1.4468893e-02
   5.0283754e-01   1.8702494e-02
   5.2538288e-01   1.5505560e-02
   5.3988525e-01   1.0720556e-02
   5.4895513e-01   3.2013069e-02
   5.6690346e-01   3.2924154e-02
   5.9234751e-01   2.7897645e-02
   6.0725650e-01   3.3329771e-02
   6.2009816e-01   3.1038679e-02
   6.3371218e-01   4.4992839e-02
   6.3523475e-01   4.8395171e-02
   6.4940331e-01   4.3987713e-02
   6.6143999e-01   4.8100193e-02
   6.5526167e-01   5.3193812e-02
   6.4656138e-01   6.1747526e-02
   6.4169921e-01   6.1506183e-02
   6.4956541e-01   6.3311676e-02
   6.3997816e-01   7.5278237e-02
   6.4581834e-01   7.3221416e-02
   6.0746447e-01   8.5870598e-02
   6.2160480e-01   8.4142052e-02
   6.3125247e-01   8.3737048e-02
   6.0682128e-01   1.0118777e-01
   6.0996620e-01   9.5111721e-02
   6.0631128e-01   1.0316644e-01
   6.1517309e-01   9.6564054e-02
