   4.3731693e-01   6.9674371e-02
  -2.2338963e-01  -1.0465807e-02
  -2.3664921e-01  -1.3817239e-02
  -2.6748374e-01  -1.2710523e-02
  -2.6165838e-01  -2.1548125e-02
  -2.7741750e-01  -2.1011917e-02
  -2.7363644e-01  -3.0184345e-02
  -2.6770905e-01  -3.8957894e-02
  -2.6239063e-01  -4.4521433e-02
  -2.5867676e-01  -4.8180272e-02
  -2.6367951e-01  -5.6730464e-02
  -2.7167594e-01  -5.4944736e-02
  -2.6027044e-01  -5.1824141e-02
  -2.5321216e-01  -6.7447786e-02
  -2.3574335e-01  -9.1437178e-02
  -2.3489022e-01  -8.8714898e-02
  -2.3187580e-01  -9.0341158e-02
  -2.3020964e-01  -9.1969122e-02
  -2.0780890e-01  -1.1144435e-01
  -1.9915594e-01  -1.1784073e-01
  -1.8303507e-01  -1.2326126e-01
  -1.8034154e-01  -1.2570578e-01
  -1.7739503e-01  -1.2537522e-01
  -1.7922877e-01  -1.3011811e-01
  -1.7036499e-01  -1.4666957e-01
  -1.6211932e-01  -1.4720519e-01
  -1.5068007e-01  -1.5417102e-01
  -1.3411772e-01  -1.5882418e-01
  -9.6027461e-02  -1.6013771e-01
  -8.0443209e-02  -1.7885031e-01
  -6.3262882e-02  -1.9163294e-01
  -5.1847669e-02  -1.7937847e-01
  -4.1047249e-02  -1.8118585e-01
  -2.1192069e-02  -1.8067645e-01
  -9.2661087e-03  -1.8377229e-01
   2.6335736e-03  -1.8974213e-01
   9.1976346e-03  -1.8992314e-01
   5.2818437e-03  -1.8455044e-01
   1.8372796e-02  -1.8454605e-01
   4.3187668e-02  -1.8389577e-01
   5.8730751e-02  -1.8704083e-01
   6.9066023e-02  -1.8791388e-01
   7.8781214e-02  -1.7738214e-01
   9.3979983e-02  -1.6938846e-01
   1.0443217e-01  -1.7593149e-01
   1.1197120e-01  -1.7267012e-01
   1.2178783e-01  -1.6475322e-01
   1.2038835e-01  -1.5358897e-01
   4.0166628e-01   6.1623937e-02
   3.9123752e-01   7.5588519e-02
   3.9727696e-01   6.2972913e-02
   3.7580132e-01   7.8592117e-02
   3.9434266e-01   9.2513770e-02
   3.8242597e-01   1.0849212e-01
   3.8077270e-01   9.8633702e-02
   3.6207660e-01   1.1968661e-01
   3.4823270e-01   1.2298973e-01
   3.1936195e-01   1.4261570e-01
   2.9942989e-01   1.4268842e-01
   2.9103546e-01   1.5580257e-01
   3.1022235e-01   1.6100224e-01
   2.8032398e-01   1.7744300e-01
   2.8728004e-01   1.6849164e-01
   2.6614926e-01   1.8541326e-01
   2.7873672e-01   1.8296423e-01
   2.6375594e-01   2.0606798e-01
   2.5417128e-01   2.0387867e-01
   2.1885559e-01   2.1513224e-01
   1.8828540e-01   2.3405130e-01
   1.7156042e-01   2.4522308e-01
   1.4428511e-01   2.5510688e-01
   1.4194469e-01   2.5503985e-01
   1.4264405e-01   2.6934515e-01
   1.3035659e-01   2.5962771e-01
   1.0580534e-01   2.7482677e-01
   9.2627867e-02   2.7567209e-01
   9.1475437e-02   2.8006874e-01
   8.5173972e-02   2.7641744e-01
   6.4172997e-02   2.8340141e-01
   4.1729986e-02   2.8838207e-01
   2.5343980e-02   2.8851011e-01
   2.4102949e-02   2.9571018e-01
   1.0202067e-02   2.8712340e-01
   0.0000000e+00   2.9608511e-01
  -6.4084043e-03   2.9047713e-01
  -3.0946349e-02   2.8651446e-01
  -3.7910622e-02   2.8839644e-01
  -6.2172785e-02   2.8085536e-01
  -7.9473424e-02   2.8060133e-01
  -9.5384939e-02   2.8977029e-01
  -1.2327309e-01   2.6614884e-01
  -1.4845792e-01   2.6554341e-01
  -1.7299652e-01   2.6390572e-01
  -1.8046711e-01   2.6115477e-01
  -1.9224976e-01   2.4981373e-01
  -4.5916613e-01   5.1820870e-02
  -5.0835864e-01   4.2130891e-02
  -5.1818004e-01   2.7598533e-02
  -5.0137857e-01   2.6790833e-02
  -4.9504146e-01   2.9744463e-02
  -4.4389265e-01   9.8716322e-03
  -4.3753018e-01   3.2782735e-03
  -4.4109653e-01   6.6261718e-03
  -4.4946967e-01   8.3980813e-03
  -4.6340809e-01   9.0636185e-03
  -4.9708925e-01   7.3774467e-03
  -5.1727246e-01   9.4369197e-03
  -4.5277179e-01  -2.7311420e-03
  -3.9516338e-01  -2.2961558e-02
  -3.6809657e-01  -2.7066712e-02
  -3.6330601e-01  -1.8339571e-02
  -3.5719619e-01  -3.9263639e-02
  -3.5226119e-01  -4.2368471e-02
  -3.3675286e-01  -4.3985232e-02
  -3.3631517e-01  -5.7752062e-02
  -2.7946779e-01  -6.9656541e-02
  -1.9946440e-01  -8.3899490e-02
  -1.7271599e-01  -1.0086397e-01
  -1.8198307e-01  -8.9755260e-02
  -1.8887237e-01  -9.1528842e-02
  -1.7254754e-01  -1.1000237e-01
  -1.4005317e-01  -1.0890696e-01
  -1.1161714e-01  -1.1940693e-01
  -9.6034750e-02  -1.2018122e-01
  -7.2259531e-02  -1.2316571e-01
  -4.8272198e-02  -1.1437641e-01
  -3.3219886e-02  -1.2466627e-01
  -2.3583656e-02  -1.3243906e-01
  -4.2114721e-03  -1.2656652e-01
   5.6246308e-03  -1.1927474e-01
   4.4101612e-02  -1.2223054e-01
   8.5902737e-02  -1.2553042e-01
   1.0301413e-01  -1.3007558e-01
   1.0438236e-01  -1.3739345e-01
   1.1987189e-01  -1.3305672e-01
   1.2912020e-01  -1.2494865e-01
   1.5198731e-01  -1.2304222e-01
   1.6568360e-01  -1.1631202e-01
   1.8210827e-01  -1.2108479e-01
   1.9957194e-01  -1.1736927e-01
   2.3321998e-01  -1.2737505e-01
   2.4250567e-01  -1.1746363e-01
   2.5800472e-01  -1.2106423e-01
   2.7081904e-01  -1.1117765e-01
   4.9848580e-01   4.0273535e-02
   5.0667416e-01   3.9664849e-02
   5.0517714e-01   4.1600943e-02
   5.0669894e-01   4.8172859e-02
   4.9698527e-01   5.1123203e-02
   4.9242910e-01   5.1823638e-02
   4.8948078e-01   6.0060402e-02
   4.8165343e-01   6.7270389e-02
   4.8231643e-01   6.5727674e-02
   4.8361083e-01   6.3897669e-02
   4.7816528e-01   6.9844225e-02
   4.5557402e-01   8.2616873e-02
   4.3180957e-01   8.2938001e-02
   4.2395655e-01   8.2872120e-02
   4.0613746e-01   9.5752907e-02
   4.0119150e-01   1.0275629e-01
   3.9708211e-01   9.4495557e-02
   3.6018311e-01   1.1356577e-01
   3.5410399e-01   1.0752220e-01
   3.3046990e-01   1.1547540e-01
   3.1252044e-01   1.3446554e-01
   2.9336629e-01   1.2890169e-01
   2.5406904e-01   1.3902074e-01
   2.3604629e-01   1.4698508e-01
   2.1374291e-01   1.4790211e-01
   2.1044440e-01   1.4915174e-01
   1.8893986e-01   1.6472402e-01
   1.4711102e-01   1.6918826e-01
   1.2684255e-01   1.6562960e-01
   1.0314180e-01   1.8237636e-01
   9.1527061e-02   1.7317598e-01
   5.1120042e-02   1.7657976e-01
   3.3191682e-02   1.7602402e-01
  -5.1930567e-03   1.9502893e-01
   1.1802209e-02   1.7620441e-01
  -1.9407871e-02   1.9745673e-01
  -4.6316644e-02   1.9293751e-01
  -8.7097430e-02   1.8661447e-01
  -9.8594612e-02   1.9940128e-01
  -1.3419508e-01   2.0567971e-01
  -1.6917799e-01   2.1460494e-01
  -1.8690580e-01   2.0053728e-01
  -1.9859806e-01   2.1057596e-01
  -2.1005805e-01   1.9987220e-01
  -2.5105448e-01   2.0899029e-01
  -2.6484672e-01   2.0623380e-01
  -2.8755842e-01   2.1227252e-01
  -3.0984858e-01   2.0685368e-01
  -2.0919243e-01  -2.2867574e-03
  -1.9898245e-01  -1.0851783e-02
  -1.9609451e-01  -2.1138665e-02
  -1.7484452e-01  -2.3425401e-02
  -1.6837790e-01  -2.6952702e-02
  -1.5996851e-01  -3.0989951e-02
  -1.4558384e-01  -4.1283531e-02
  -1.4572194e-01  -4.1899566e-02
  -1.3522395e-01  -4.6769498e-02
  -1.2520784e-01  -4.6706108e-02
  -1.1127565e-01  -5.4306842e-02
  -9.1063650e-02  -5.9144666e-02
  -6.3946977e-02  -6.2971096e-02
  -4.3367877e-02  -7.1946079e-02
  -2.7184764e-02  -8.0878480e-02
  -1.5043500e-02  -7.6723164e-02
  -9.5336676e-03  -8.1058079e-02
   6.7932270e-03  -8.2603204e-02
   2.9490186e-02  -9.1245260e-02
   5.0179459e-02  -1.0123993e-01
   5.9363038e-02  -1.0743464e-01
   6.7887360e-02  -9.4517160e-02
   7.7658320e-02  -9.1583230e-02
   8.9269234e-02  -9.7975852e-02
   1.1334230e-01  -1.0486429e-01
   1.2408817e-01  -9.9646873e-02
   1.4012183e-01  -9.0611481e-02
   1.5786268e-01  -8.8535734e-02
   1.7426183e-01  -8.9220765e-02
   1.7793378e-01  -9.3719219e-02
   1.8784158e-01  -8.7028358e-02
   2.0444840e-01  -8.5371685e-02
   2.2186683e-01  -9.3159426e-02
   2.3930494e-01  -8.3450339e-02
   2.3947861e-01  -8.0705262e-02
   2.4589853e-01  -7.8757884e-02
   2.5616928e-01  -7.2196717e-02
   2.6705708e-01  -7.3809876e-02
   2.6737942e-01  -6.4062839e-02
   2.8253818e-01  -5.7106163e-02
   3.0510961e-01  -4.8799652e-02
   3.2277252e-01  -4.6471945e-02
   3.2987430e-01  -4.5552649e-02
   3.4477777e-01  -4.5980911e-02
   3.5167473e-01  -3.3594601e-02
   3.7244919e-01  -2.8636898e-02
   3.7567795e-01  -2.1774713e-02
   4.0058803e-01  -2.8854385e-02
   3.9985173e-01  -1.6949658e-02
   4.3953192e-01   1.5884473e-01
   4.1932248e-01   1.6352965e-01
   4.0708414e-01   1.6279167e-01
   3.9467460e-01   1.7042125e-01
   3.8172863e-01   1.8411722e-01
   3.6824040e-01   1.9029413e-01
   3.3395142e-01   1.9477048e-01
   3.3323913e-01   1.8862619e-01
   3.0288800e-01   1.9890587e-01
   2.9294828e-01   2.0851278e-01
   2.2800345e-01   2.1543811e-01
   2.1153197e-01   2.0726294e-01
   2.0248377e-01   2.2527750e-01
   1.8197573e-01   2.2385652e-01
   1.5949709e-01   2.3435818e-01
   1.2345601e-01   2.4810306e-01
   1.0243690e-01   2.3910311e-01
   9.5752885e-02   2.3110433e-01
   4.9256292e-02   2.7249162e-01
   4.3116462e-02   2.6672178e-01
   1.5360834e-02   2.5776683e-01
  -6.3697020e-03   2.6479806e-01
  -3.8334933e-02   2.6782116e-01
  -5.3147180e-02   2.6223370e-01
  -6.6690459e-02   2.6227512e-01
  -7.5305051e-02   2.7357817e-01
  -8.8311931e-02   2.5426076e-01
  -1.2720044e-01   2.7002108e-01
  -1.1482848e-01   2.5640961e-01
  -1.1261134e-01   2.4478351e-01
  -1.2662599e-01   2.4369003e-01
  -1.4545707e-01   2.5701928e-01
  -1.6269665e-01   2.4170649e-01
  -1.7234247e-01   2.2319095e-01
  -1.8182395e-01   2.3220382e-01
  -1.8886489e-01   2.2220294e-01
  -2.1029497e-01   2.1190613e-01
  -2.0704522e-01   2.0219949e-01
  -2.1272359e-01   1.9784483e-01
  -2.2346759e-01   1.8174504e-01
  -2.2460481e-01   1.7764578e-01
  -2.3784161e-01   1.7830180e-01
  -2.4383859e-01   1.5334472e-01
  -2.4995767e-01   1.4510821e-01
  -2.6430950e-01   1.4338922e-01
  -2.6182571e-01   1.4318671e-01
  -2.6312035e-01   1.3418800e-01
  -2.8042095e-01   9.8197841e-02
  -2.8267389e-01   9.4383530e-02
  -9.4382990e-02  -1.0501916e-01
  -2.1978657e-02  -1.4350914e-01
  -1.8409051e-02  -1.1121070e-01
  -1.4070222e-01  -9.5339584e-02
  -9.2873314e-03  -1.4739464e-01
  -4.8075826e-02  -1.2656881e-01
   2.3624008e-02  -1.5352312e-01
   2.5175714e-02  -1.2855653e-01
   4.3774932e-02  -1.5892914e-01
   8.1184692e-02  -1.5166565e-01
   6.7063579e-02  -1.5792739e-01
   6.7555703e-02  -1.4392147e-01
   5.6414820e-02  -1.5638162e-01
   8.2740275e-02  -1.5395763e-01
   1.1450753e-01  -1.6057931e-01
   1.1832998e-01  -1.5563597e-01
   1.3347078e-01  -1.5045806e-01
   1.5112375e-01  -1.4972309e-01
   1.4932812e-01  -1.5887154e-01
   1.5754574e-01  -1.4660349e-01
   1.5630896e-01  -1.3831123e-01
   1.8874395e-01  -1.4388051e-01
   1.9590476e-01  -1.3469189e-01
   2.0752372e-01  -1.3549101e-01
   2.2302895e-01  -1.2681686e-01
   2.2858882e-01  -1.1891411e-01
   2.3329923e-01  -1.1119315e-01
   2.3727366e-01  -1.0758440e-01
   2.5060195e-01  -1.1190813e-01
   2.5082272e-01  -1.0175734e-01
   2.6946362e-01  -8.5508900e-02
   2.7501124e-01  -8.6627585e-02
   2.9836170e-01  -9.0704760e-02
   3.1393645e-01  -7.5349935e-02
   3.1999018e-01  -7.2288493e-02
   3.3579762e-01  -6.4772213e-02
   3.4479642e-01  -6.1781764e-02
   3.4155508e-01  -5.4765664e-02
   3.5230583e-01  -5.1537920e-02
   3.5200337e-01  -3.8425224e-02
   3.6434947e-01  -3.0765627e-02
   3.8037267e-01  -2.6702994e-02
   3.9300813e-01  -2.0595408e-02
   3.9521553e-01  -1.0345761e-02
   4.0071459e-01  -1.6484625e-03
   4.0913244e-01   5.4686639e-04
   4.1496163e-01   1.2028577e-02
   4.2007762e-01   2.6213901e-02
   4.1443642e-01   2.9524690e-02
   3.3280037e-01   2.1029100e-01
   3.2418251e-01   2.2423579e-01
   3.1061497e-01   2.1640926e-01
   2.9842944e-01   2.2729382e-01
   2.9633542e-01   2.3014291e-01
   2.7283830e-01   2.2817016e-01
   2.6851135e-01   2.2502534e-01
   2.8111647e-01   2.2288488e-01
   2.2841684e-01   2.4619462e-01
   2.4450338e-01   2.4005682e-01
   2.3378614e-01   2.0860146e-01
   2.1518716e-01   2.1208496e-01
   2.0905456e-01   2.2982570e-01
   1.4558474e-01   2.2262146e-01
   1.5681942e-01   2.1915133e-01
   1.3656037e-01   2.1341797e-01
   1.0303386e-01   2.1827243e-01
   5.3331273e-02   2.2484304e-01
  -1.3069663e-03   2.1551856e-01
  -1.1791266e-02   2.2352199e-01
  -4.7808878e-02   2.3038430e-01
  -7.5953973e-02   2.3879400e-01
  -7.6921236e-02   2.3393117e-01
  -1.0488221e-01   2.3523796e-01
  -1.2105088e-01   2.2853529e-01
  -1.2981873e-01   2.2657893e-01
  -1.3407436e-01   2.0744266e-01
  -1.4105294e-01   2.0855839e-01
  -1.2968189e-01   2.0215887e-01
  -1.6275133e-01   1.9097274e-01
  -1.6822209e-01   1.7108596e-01
  -1.9943656e-01   1.8135101e-01
  -1.8356907e-01   1.6419653e-01
  -2.3222497e-01   1.6891962e-01
  -1.7095520e-01   1.3625930e-01
  -2.1593253e-01   1.4626371e-01
  -2.1672378e-01   1.2768769e-01
  -2.2335066e-01   1.4202579e-01
  -2.5787179e-01   9.3347388e-02
  -2.3591518e-01   7.0295779e-02
  -2.3775032e-01   5.8014071e-02
  -2.3875221e-01   6.9128139e-02
  -2.3235027e-01   4.7086243e-02
  -1.8510624e-01   3.5533935e-02
   2.1265427e-01  -9.1694153e-02
   2.3227816e-01  -9.4633422e-02
   2.5587964e-01  -1.1597792e-01
   2.5235436e-01  -8.1499408e-02
   2.7734081e-01  -1.0515258e-01
   2.8896215e-01  -9.5807331e-02
   3.1667899e-01  -1.0836625e-01
   3.3098071e-01  -9.5995237e-02
   3.4756344e-01  -9.4202970e-02
   3.5237227e-01  -9.4312877e-02
   3.6288463e-01  -9.2649220e-02
   3.9123365e-01  -9.9432213e-02
   3.9711369e-01  -8.6312439e-02
   4.2577983e-01  -9.1088895e-02
   4.2484124e-01  -8.3321345e-02
   4.3377903e-01  -7.7662798e-02
   4.6548914e-01  -8.1809229e-02
   4.8817610e-01  -7.5769658e-02
   4.9520099e-01  -7.6426163e-02
   5.1524887e-01  -5.3527629e-02
   5.5174480e-01  -5.7546658e-02
   5.5978060e-01  -5.5224626e-02
   5.9104615e-01  -5.8185367e-02
   5.8097305e-01  -4.0744962e-02
   6.1346625e-01  -4.2193826e-02
   6.2302208e-01  -2.9305476e-02
   6.2911687e-01  -2.5426777e-02
   6.3190545e-01  -2.8461949e-02
   6.3676924e-01  -1.8386775e-02
   6.5175186e-01  -7.3466456e-03
   6.6513534e-01  -5.2436204e-04
   6.8838323e-01  -7.3286873e-03
   6.8921014e-01   5.2501218e-04
   7.0695989e-01   5.7502079e-03
   7.0281555e-01   2.2573143e-02
   7.1530430e-01   1.6754060e-02
   7.1268694e-01   2.7386413e-02
   7.2043415e-01   3.4523049e-02
   7.2007497e-01   4.1014298e-02
   7.3186887e-01   3.8961877e-02
   7.3539484e-01   5.2769437e-02
   7.3127423e-01   4.6524106e-02
   7.1766203e-01   5.1326382e-02
   7.1836713e-01   6.1558370e-02
   7.0875683e-01   6.6052593e-02
   7.0658105e-01   7.2504102e-02
   7.0471510e-01   7.0764413e-02
   7.0102847e-01   7.2934523e-02
   6.8969104e-01   8.6276589e-02
   6.7627393e-01   8.7088955e-02
   2.1292662e-01   1.6424576e-01
   1.5548707e-01   1.8530602e-01
   1.3480350e-01   1.5922925e-01
   1.2321717e-01   1.7869121e-01
   1.1638404e-01   1.4558679e-01
   7.6857135e-02   1.6149447e-01
   7.1167590e-02   1.5795866e-01
   3.8897618e-02   1.5157427e-01
   3.9108041e-02   1.3398313e-01
  -2.3589823e-02   1.4696858e-01
  -8.4293225e-02   1.3776473e-01
  -1.2307854e-01   1.3953298e-01
  -1.5473159e-01   1.3903306e-01
  -2.1180680e-01   1.4125146e-01
  -2.4896160e-01   1.3367246e-01
  -2.6200670e-01   1.2656527e-01
  -2.7946178e-01   1.2249904e-01
  -3.2571562e-01   1.3814649e-01
  -3.8666059e-01   1.2899217e-01
  -3.9910862e-01   1.1740753e-01
  -4.4801936e-01   1.2340323e-01
  -4.6322029e-01   1.0918940e-01
  -5.0932885e-01   1.3579107e-01
  -5.1458163e-01   9.5343487e-02
  -5.2528844e-01   1.1504751e-01
  -5.4983762e-01   8.8214959e-02
  -5.7924173e-01   1.0625573e-01
  -6.0089058e-01   8.3523183e-02
  -6.1502180e-01   7.9630617e-02
  -6.0773089e-01   6.6370025e-02
  -6.4737650e-01   7.2381972e-02
  -6.6528880e-01   5.9111720e-02
  -6.7391132e-01   4.9252727e-02
  -6.9493888e-01   5.2657362e-02
  -6.5945562e-01   3.0904195e-02
  -6.3911114e-01   2.7784919e-02
  -6.3716617e-01   1.9931039e-02
  -6.4824561e-01   2.5826522e-02
  -6.2085419e-01   1.0882894e-03
  -6.5902859e-01   5.3994900e-03
  -6.7499845e-01   1.0725465e-03
  -6.2775988e-01  -1.2152404e-02
  -5.9194015e-01  -3.2939916e-02
  -5.8093095e-01  -3.6346386e-02
  -5.8677402e-01  -3.8541755e-02
  -5.7991197e-01  -4.5864102e-02
  -5.6610310e-01  -3.7533991e-02
  -5.5903655e-01  -5.0229482e-02
  -5.5220914e-01  -6.6275208e-02
