  -1.2722582e-01   2.5467853e-02
  -9.5357841e-02   1.0004915e-02
  -1.0349269e-01   1.6127937e-02
  -9.3579861e-02   2.2700640e-02
  -8.1761917e-02   2.7226336e-02
  -7.9061132e-02   3.0008079e-02
  -7.5198013e-02   2.8958972e-02
  -6.4310720e-02   1.9441680e-02
  -6.0076062e-02   1.1620542e-02
  -5.3720707e-02   1.1135462e-02
  -4.5603177e-02   1.7802956e-02
  -3.7595064e-02   3.0107816e-02
  -4.5590466e-02   3.3413720e-02
  -2.9475587e-02   3.1722038e-02
  -1.8748210e-02   2.6134515e-02
  -1.7437051e-02   1.7255021e-02
  -1.7436509e-02   1.7811634e-02
  -1.3413520e-02   1.6698976e-02
  -4.0226663e-03   2.2266303e-02
  -8.0308391e-03   3.1697551e-02
   0.0000000e+00   3.2318408e-02
   1.4759295e-02   2.6744667e-02
   1.6096224e-02   1.6698613e-02
   1.3409410e-02   2.1708669e-02
   2.5399214e-02   2.3306076e-02
   2.8148891e-02   2.6713862e-02
   2.9415631e-02   3.2214550e-02
   3.2066794e-02   2.9406945e-02
   3.6092116e-02   2.3856673e-02
   4.4295019e-02   2.1719637e-02
   5.6212144e-02   2.0537735e-02
   5.2186861e-02   2.3315888e-02
   5.1027223e-02   2.8983232e-02
   5.2197504e-02   3.2230058e-02
   6.5556773e-02   2.5525415e-02
   7.1042439e-02   2.6682677e-02
   7.5080550e-02   2.3899382e-02
   7.2311146e-02   2.6654851e-02
   7.7660039e-02   2.7759356e-02
   8.4450627e-02   2.6111869e-02
   8.5439923e-02   2.7667282e-02
   8.5944966e-02   2.8388596e-02
   9.2401893e-02   2.6075899e-02
   1.0695680e-01   2.1577478e-02
   1.0999059e-01   2.9989893e-02
   1.1667816e-01   3.1642852e-02
   1.1669734e-01   2.9977438e-02
   1.2223784e-01   2.4997134e-02
   1.2745430e-01   2.7737051e-02
   1.3015625e-01   2.6067917e-02
   1.3803639e-01   2.8795785e-02
   1.4639653e-01   2.6616510e-02
   1.4726390e-01   2.9299397e-02
   1.5963720e-01   2.8774114e-02
   1.6406751e-01   3.3841892e-02
   1.6309447e-01   3.1132920e-02
   1.7306089e-01   2.8186660e-02
   1.7830083e-01   2.4833613e-02
   1.8643744e-01   3.0357781e-02
   1.8382830e-01   3.5922092e-02
   1.7460958e-01   2.5998108e-02
   1.7186315e-01   2.9877689e-02
   1.8270104e-01   2.3767006e-02
   1.9158047e-01   3.1964959e-02
   2.0720619e-01   2.8724598e-02
   2.0965512e-01   3.0343060e-02
   2.1096362e-01   3.1993277e-02
   2.1346303e-01   3.0850590e-02
   2.0958285e-01   3.3653213e-02
   2.1597974e-01   2.8610326e-02
   2.2406220e-01   2.6934159e-02
   2.1911973e-01   2.7554758e-02
   2.1942313e-01   3.3682238e-02
   2.1695982e-01   3.3172814e-02
   2.2863239e-01   3.3060491e-02
   2.3786484e-01   3.0790441e-02
   2.4079190e-01   3.0809649e-02
   2.3027205e-01   3.0329861e-02
   2.3094111e-01   2.9687034e-02
   2.3048888e-01   3.0911317e-02
   2.3720136e-01   3.1988343e-02
   2.4372479e-01   3.0828743e-02
   2.4858771e-01   3.1845678e-02
   2.4796879e-01   3.2494511e-02
   2.5180407e-01   3.0795904e-02
   2.5309220e-01   3.2989647e-02
   2.6769603e-01   3.0697851e-02
   2.7065571e-01   3.0715560e-02
   2.7350776e-01   3.4574795e-02
   2.7210799e-01   3.6228261e-02
   2.7515651e-01   3.2789602e-02
   2.8031254e-01   3.2347664e-02
   2.8976303e-01   3.1754368e-02
   2.9435829e-01   3.2891768e-02
   2.9278360e-01   3.0676034e-02
   2.9490982e-01   3.0058266e-02
   3.0598754e-01   3.0035861e-02
   3.0610949e-01   3.5530716e-02
   3.0513647e-01   3.7064746e-02
   3.1424063e-01   3.4392271e-02
   3.2140158e-01   3.1657341e-02
   3.3026882e-01   2.9371338e-02
   3.3392460e-01   3.0952313e-02
   3.4526009e-01   3.4209937e-02
   3.7842976e-01   3.2986606e-02
   3.9103943e-01   3.5530234e-02
   3.9612238e-01   4.1407269e-02
   4.0229214e-01   3.6986628e-02
   4.0986241e-01   3.6467050e-02
   4.1264099e-01   3.4838726e-02
   4.2073199e-01   3.4779707e-02
   4.2008218e-01   3.9024693e-02
   4.1217591e-01   3.5877852e-02
   4.0341045e-01   3.8701216e-02
   3.9403098e-01   3.2721552e-02
   3.8032556e-01   3.3987162e-02
   3.7280342e-01   3.7892795e-02
   3.6126430e-01   3.2041372e-02
   3.3442799e-01   3.5363063e-02
   3.1160066e-01   3.2768996e-02
   3.0864901e-01   3.1114584e-02
   2.9962495e-01   2.7360598e-02
   2.8630696e-01   3.1285879e-02
   2.7084656e-01   3.3490180e-02
   2.6196747e-01   3.2497907e-02
   2.6271251e-01   3.5177429e-02
   2.6305515e-01   3.2460463e-02
   2.4195384e-01   3.2617883e-02
   2.3047590e-01   3.1463305e-02
   2.2760327e-01   2.9236598e-02
   2.2775394e-01   3.2578044e-02
   2.1427737e-01   3.2630113e-02
   2.0468627e-01   3.0420513e-02
   1.9416704e-01   2.7159851e-02
   1.8453517e-01   2.7713673e-02
   1.9499362e-01   2.3208384e-02
   1.8990378e-01   2.8806533e-02
   1.8075536e-01   3.3335089e-02
   1.6841611e-01   3.5007563e-02
   1.6195126e-01   2.8384544e-02
   1.4248790e-01   2.8316881e-02
   1.3999683e-01   2.3347630e-02
   1.3880031e-01   2.2260090e-02
   1.2797483e-01   2.6733025e-02
   1.2107523e-01   3.0615274e-02
   1.1706287e-01   3.7899085e-02
   1.2474543e-01   2.9961543e-02
   1.1137593e-01   2.5544873e-02
   1.0336654e-01   2.0001083e-02
   1.0480544e-01   2.1131544e-02
   1.0501031e-01   2.1730666e-02
   9.0213500e-02   3.1816921e-02
   8.8581675e-02   3.3950627e-02
   7.6573684e-02   3.4560389e-02
   8.2013695e-02   2.6192880e-02
   7.2428576e-02   1.7787514e-02
   6.7328765e-02   1.8420195e-02
   5.9013983e-02   1.8352236e-02
   2.8151930e-02   3.5653909e-02
   3.4942520e-02   3.0697564e-02
   3.3623644e-02   2.1767915e-02
   3.2155360e-02   1.9458228e-02
   2.6820832e-02   2.0592352e-02
   2.5454522e-02   2.0572307e-02
   9.3868234e-03   3.2874824e-02
   1.3400192e-02   3.0058157e-02
   1.7372142e-02   2.7747945e-02
   1.4763233e-02   2.3401583e-02
   5.3419179e-03   2.3286946e-02
  -1.2044560e-02   2.1665803e-02
  -2.4087226e-02   2.2774147e-02
  -2.9523957e-02   2.4511541e-02
  -2.6790118e-02   2.2795902e-02
  -4.0240461e-02   3.0076155e-02
  -4.0298188e-02   2.5088404e-02
  -4.4210485e-02   2.0564929e-02
  -5.2259255e-02   1.7226410e-02
  -5.3527169e-02   2.2759865e-02
  -4.8172487e-02   2.3318467e-02
  -5.3566315e-02   2.6116445e-02
  -5.3462805e-02   2.5510190e-02
  -5.2100910e-02   1.8283404e-02
  -5.7596400e-02   2.3335240e-02
  -4.9674720e-02   1.8375611e-02
  -5.3474206e-02   2.2737343e-02
  -6.0270200e-02   2.4444324e-02
  -6.5692663e-02   2.4464039e-02
  -6.8238592e-02   2.4413217e-02
  -7.6273105e-02   2.3296117e-02
  -7.2344430e-02   2.0546448e-02
  -6.9547062e-02   1.5519543e-02
  -7.7634421e-02   1.8857698e-02
  -7.5023853e-02   2.0544226e-02
  -8.1769655e-02   2.6115057e-02
  -9.3939863e-02   2.4458157e-02
  -1.0043215e-01   2.6619420e-02
  -1.0728333e-01   2.0531604e-02
  -1.1517800e-01   2.4934063e-02
  -1.0853845e-01   1.7183824e-02
  -1.1951225e-01   1.4431086e-02
  -1.3073929e-01   1.9489130e-02
  -1.3015015e-01   2.6622553e-02
  -1.2239474e-01   2.1129565e-02
  -1.2483617e-01   2.1084049e-02
  -1.3822580e-01   2.4389657e-02
  -1.2864577e-01   1.6054322e-02
  -1.4758588e-01   2.7141391e-02
  -1.4340516e-01   1.3271862e-02
  -1.4648464e-01   1.8298851e-02
  -1.4694134e-01   1.6128438e-02
  -1.5390853e-01   2.0975048e-02
  -1.6034164e-01   2.3887737e-02
  -1.6711864e-01   2.0542287e-02
  -1.6933632e-01   1.7709689e-02
  -1.7891615e-01   1.8264847e-02
  -1.9507727e-01   1.6577417e-02
  -1.8837619e-01   1.3824108e-02
  -2.0162563e-01   1.4342802e-02
  -2.1253265e-01   1.9303338e-02
  -2.1764728e-01   2.2576521e-02
  -2.2061841e-01   1.8183261e-02
  -2.2489922e-01   1.6538341e-02
  -2.3384540e-01   1.7586453e-02
  -2.5398787e-01   1.8636803e-02
  -2.6712255e-01   2.0770853e-02
  -2.7988001e-01   1.3120640e-02
  -2.8015332e-01   8.7120548e-03
  -2.8130552e-01   1.0931695e-03
  -2.9879434e-01   1.7531217e-02
  -2.9668581e-01   1.9047394e-02
  -3.0094439e-01   2.2319766e-02
  -3.0669269e-01   1.9055251e-02
  -3.0038927e-01   1.0910703e-02
  -3.0217898e-01   1.0875068e-02
  -3.1323467e-01   1.0866593e-02
  -3.1757067e-01   1.1956630e-02
  -3.1825976e-01   1.3558446e-02
  -3.2763406e-01   1.5161539e-02
  -3.2662494e-01   1.4637144e-02
  -3.2533386e-01   1.0844794e-02
  -3.3543077e-01   9.2205606e-03
  -3.3776247e-01   1.1374084e-02
  -3.4835427e-01   2.0542512e-02
  -3.5346701e-01   1.6726481e-02
  -3.5962739e-01   1.2960921e-02
  -3.6640120e-01   1.0247895e-02
  -3.6802891e-01   6.9886984e-03
  -3.6742940e-01   5.3872609e-03
  -3.6330578e-01   1.2939183e-02
  -3.6120504e-01   1.9454666e-02
  -3.4175957e-01   1.4072231e-02
  -3.4582135e-01   1.2439609e-02
  -3.4843780e-01   1.6758365e-02
  -3.4142557e-01   1.4658149e-02
  -3.3536616e-01   1.4102034e-02
  -3.3808263e-01   1.2419456e-02
  -3.2769023e-01   7.6111124e-03
  -3.2598930e-01   1.0321986e-02
  -3.2326814e-01   1.2500707e-02
  -3.0498885e-01   1.4748054e-02
  -2.9520384e-01   1.7488446e-02
  -2.8974022e-01   2.1331685e-02
  -2.7494242e-01   1.8545309e-02
  -2.7366140e-01   1.5900111e-02
  -2.6425326e-01   1.3725378e-02
  -2.4946017e-01   9.9022364e-03
  -2.4986371e-01   1.8189241e-02
  -2.3565068e-01   1.8168106e-02
  -2.1896247e-01   2.2154905e-02
  -2.0469869e-01   1.6576820e-02
  -1.8605587e-01   1.3854970e-02
  -1.8101000e-01   1.5556375e-02
  -1.6983780e-01   1.8316999e-02
  -1.5883585e-01   2.3867007e-02
  -1.5225719e-01   2.3904115e-02
  -1.4429072e-01   2.6170613e-02
  -1.3210035e-01   1.7816916e-02
  -1.2538548e-01   1.3926040e-02
  -1.1168017e-01   1.3910578e-02
  -1.0100264e-01   1.6719696e-02
  -9.4570765e-02   2.7987353e-02
  -7.5343777e-02   2.9574606e-02
  -6.6070730e-02   2.7407117e-02
  -5.7888024e-02   2.2334733e-02
  -4.4481329e-02   1.8451514e-02
  -4.0322968e-02   1.5610563e-02
  -3.7655492e-02   2.2882411e-02
  -2.2946501e-02   2.6903012e-02
  -1.3441569e-02   2.9031458e-02
  -1.6145095e-02   2.9618635e-02
  -5.3797831e-03   2.1774503e-02
   0.0000000e+00   2.2377622e-02
   9.3972881e-03   1.9502015e-02
   1.8787146e-02   2.5072194e-02
   1.4784956e-02   2.9589447e-02
   1.6112170e-02   3.0117371e-02
   1.4757130e-02   2.8416208e-02
   2.5529530e-02   2.1191425e-02
   3.7554353e-02   1.8362670e-02
   4.1608847e-02   2.2277961e-02
   4.3060195e-02   2.7929872e-02
   4.4350121e-02   3.0691269e-02
   4.9772628e-02   3.1276089e-02
   5.7698133e-02   2.6165116e-02
   6.3139330e-02   2.3957827e-02
   6.9870291e-02   2.1166848e-02
   8.0439996e-02   2.4449594e-02
   7.7721113e-02   3.0009807e-02
   7.9200623e-02   3.2294883e-02
   8.8647940e-02   2.6158680e-02
   9.6728150e-02   2.3366288e-02
   1.0321260e-01   2.6641756e-02
   1.1126035e-01   2.6074427e-02
   1.1543830e-01   3.2788299e-02
   1.1146545e-01   2.7793634e-02
   1.2490114e-01   2.7214175e-02
   1.2473872e-01   3.0516386e-02
   1.3401592e-01   2.8804363e-02
   1.3937655e-01   2.8792871e-02
   1.4180360e-01   2.6520434e-02
   1.4602987e-01   3.2098419e-02
   1.5064604e-01   3.2214550e-02
   1.6396991e-01   2.9928963e-02
   1.7294599e-01   2.4294121e-02
   1.7445207e-01   2.4867446e-02
   1.7202471e-01   3.0460834e-02
   1.7335912e-01   3.1010769e-02
   1.7837006e-01   3.1486671e-02
   1.8218123e-01   3.3098517e-02
   1.9523817e-01   3.1558732e-02
   2.0937487e-01   3.3620484e-02
   2.0310314e-01   3.2053247e-02
   2.0027938e-01   2.8717753e-02
   2.0663983e-01   2.5886898e-02
   2.1510776e-01   2.6464988e-02
   2.1097564e-01   3.1441669e-02
   2.1375835e-01   3.6430417e-02
   2.1876989e-01   3.3584182e-02
   2.1080089e-01   2.9757885e-02
   2.1353019e-01   2.7545169e-02
   2.1732123e-01   2.8605867e-02
   2.0804516e-01   3.3074311e-02
   2.1751430e-01   2.9734930e-02
   2.2018779e-01   3.0276035e-02
   2.1498232e-01   3.2529881e-02
   2.2848266e-01   2.9725605e-02
   2.2447420e-01   2.8638649e-02
   2.1544733e-01   3.0935974e-02
   2.2078256e-01   3.3124805e-02
   2.3250215e-01   3.0261039e-02
   2.2445061e-01   2.9740135e-02
   2.1964174e-01   3.3715049e-02
   2.2336356e-01   2.8119718e-02
   2.2040666e-01   3.0305435e-02
   2.1098746e-01   3.0890061e-02
   2.0867879e-01   3.2618265e-02
   2.1559925e-01   3.3730972e-02
   2.3684272e-01   2.6972309e-02
   2.3323367e-01   2.6328759e-02
   2.4532922e-01   3.0302223e-02
   2.6182277e-01   2.9567012e-02
   2.6472740e-01   3.1227884e-02
   2.5700009e-01   3.7367793e-02
   2.5832806e-01   3.7910330e-02
   2.6520832e-01   3.2934688e-02
   2.8823753e-01   2.7900991e-02
   2.9093134e-01   2.7889548e-02
   2.9733883e-01   2.8925553e-02
   3.0589987e-01   3.2766394e-02
   3.1498081e-01   3.3774751e-02
   3.2837934e-01   3.5329201e-02
   3.3691411e-01   3.2053508e-02
   3.4384502e-01   3.5847595e-02
   3.6049503e-01   3.0774532e-02
   3.5986587e-01   3.0839658e-02
   3.5801026e-01   3.4603284e-02
   3.5886090e-01   3.9580158e-02
   3.6324877e-01   3.7809578e-02
   3.6428186e-01   3.6685917e-02
   3.6619762e-01   3.1852016e-02
   3.5964368e-01   3.6250125e-02
   3.5039067e-01   3.1976856e-02
   3.4296791e-01   3.2627203e-02
   3.1636526e-01   3.2677992e-02
   3.1372754e-01   3.1057844e-02
   3.0999682e-01   3.1107802e-02
   3.0194366e-01   3.0055203e-02
   2.9513676e-01   3.2275091e-02
   2.9775968e-01   3.4448772e-02
   2.8967571e-01   3.4491814e-02
   2.8297402e-01   3.3430803e-02
   2.7469535e-01   3.0697675e-02
   2.6237148e-01   2.8526696e-02
   2.4982896e-01   3.1999938e-02
   2.4619962e-01   2.9688565e-02
   2.4096159e-01   3.3592999e-02
   2.4746094e-01   3.2981461e-02
   2.4389665e-01   3.3613826e-02
   2.3311669e-01   3.3660008e-02
   2.2512201e-01   2.9826938e-02
   2.1692341e-01   2.4303041e-02
   2.1126408e-01   2.7607278e-02
   2.1182961e-01   3.1010769e-02
   2.1561225e-01   3.3178005e-02
   2.0993378e-01   3.6482700e-02
   2.0302939e-01   3.5369100e-02
   1.9394428e-01   2.8794490e-02
   1.7238591e-01   2.9410872e-02
   1.6474572e-01   2.1144214e-02
   1.4944347e-01   2.1108400e-02
   1.4386672e-01   2.5538043e-02
   1.3868642e-01   3.1720628e-02
   1.2512449e-01   2.9493993e-02
   1.3312862e-01   3.4482798e-02
   1.4932582e-01   1.7757987e-02
   1.1211656e-01   2.9637161e-02
   1.0474009e-01   2.8916850e-02
   1.1284476e-01   2.3900559e-02
   1.0375486e-01   2.3427294e-02
   1.0203824e-01   3.0589775e-02
   7.5150999e-02   3.5084909e-02
   7.5444856e-02   2.5694089e-02
   6.2753873e-02   2.6031236e-02
   4.9972743e-02   1.8485824e-02
   5.2298687e-02   2.1137204e-02
   4.1515794e-02   2.5568821e-02
   4.5774703e-02   3.2987970e-02
   3.7701164e-02   3.1875644e-02
   2.0186432e-02   2.6823342e-02
   2.9499553e-02   2.2261079e-02
   2.9537270e-02   1.7826575e-02
   1.7464805e-02   2.3424331e-02
   0.0000000e+00   2.7860697e-02
  -9.3922787e-03   2.6745620e-02
  -4.0248727e-03   2.7860572e-02
  -1.3406666e-02   2.4491832e-02
  -1.8810515e-02   2.1750874e-02
  -2.2707540e-02   2.0511946e-02
  -2.9594168e-02   1.8978486e-02
  -2.8128475e-02   2.3351427e-02
  -3.6299434e-02   2.6789896e-02
  -4.0366908e-02   2.8490227e-02
  -2.9581409e-02   2.5118584e-02
  -3.8930255e-02   2.0051355e-02
  -4.1492852e-02   1.9435256e-02
  -4.5593727e-02   2.1141011e-02
  -6.0520187e-02   2.2310558e-02
  -6.9873303e-02   3.2339419e-02
  -7.9181288e-02   2.3919017e-02
  -7.6490525e-02   2.5034394e-02
  -8.0556190e-02   1.7799154e-02
  -1.0451634e-01   1.9097715e-02
  -1.2392769e-01   2.5898776e-02
  -1.0083941e-01   6.6746299e-03
  -1.1406482e-01   2.4985422e-02
  -1.1843266e-01   2.6166745e-02
  -1.3575984e-01   2.8886814e-02
  -1.3494815e-01   1.5447706e-02
  -1.4651078e-01   1.4971787e-02
  -1.4138569e-01   1.8898517e-02
  -1.3544520e-01   2.0493397e-02
  -1.4745348e-01   2.6008007e-02
  -1.5387133e-01   2.4286897e-02
  -1.5453217e-01   1.9949242e-02
  -1.6801695e-01   1.4944382e-02
  -1.6885689e-01   1.4898721e-02
  -1.7538352e-01   1.4874910e-02
  -3.4099894e-01   1.8367728e-02
  -3.3567138e-01   1.6222044e-02
  -3.2696724e-01   1.3565675e-02
  -3.2061019e-01   1.4622817e-02
  -3.1625567e-01   9.2412639e-03
  -3.0712445e-01   1.0899047e-02
  -2.9838996e-01   1.5249196e-02
  -2.8518965e-01   1.8026455e-02
  -2.7495151e-01   1.7999859e-02
  -2.6393729e-01   1.7551597e-02
  -2.5884691e-01   1.4834477e-02
  -2.5367814e-01   1.7061114e-02
  -2.4388385e-01   1.6417237e-02
  -2.3052266e-01   1.5992109e-02
  -2.2439946e-01   2.0357750e-02
  -2.1120859e-01   1.7651463e-02
  -2.0825927e-01   2.1498302e-02
  -1.9393627e-01   1.5489565e-02
  -1.8012783e-01   1.3268796e-02
  -1.7505479e-01   1.8289823e-02
  -1.6441073e-01   2.1657918e-02
  -1.5230977e-01   1.8900928e-02
  -1.4512586e-01   1.9964506e-02
  -1.4700124e-01   2.5051620e-02
  -1.4920141e-01   2.8856729e-02
  -1.3596407e-01   2.2798644e-02
  -1.2633422e-01   1.7215548e-02
  -1.1842960e-01   8.8990149e-03
  -1.1179156e-01   1.3924366e-02
  -9.3783188e-02   1.9971666e-02
  -9.1402668e-02   2.8966407e-02
  -8.3176553e-02   2.8363987e-02
  -7.6729032e-02   2.3435166e-02
  -6.7128000e-02   1.8365345e-02
  -6.0522560e-02   2.1752794e-02
  -6.4626613e-02   2.0654957e-02
   1.2745430e-01   2.7737051e-02
   1.3172052e-01   2.9450981e-02
   1.3551067e-01   2.7166639e-02
   1.3671665e-01   2.7137210e-02
   1.3671665e-01   2.7137210e-02
   1.4516894e-01   2.8866042e-02
   1.5158041e-01   2.9347412e-02
   1.6021146e-01   3.2776197e-02
   1.7848574e-01   2.4305500e-02
   1.7049239e-01   3.1541487e-02
   1.7050192e-01   3.0988127e-02
   1.6964553e-01   3.2193513e-02
   1.7857655e-01   2.9858676e-02
   1.8513491e-01   2.8153731e-02
   1.9090813e-01   2.6534993e-02
   1.8814168e-01   3.0966002e-02
   2.0404228e-01   3.1986109e-02
   2.0720619e-01   2.8724598e-02
   1.9506564e-01   3.0421641e-02
   2.0253276e-01   3.0306594e-02
   2.1749063e-01   3.0836224e-02
   2.2490974e-01   2.9246135e-02
   2.1453056e-01   3.3567315e-02
   2.1523298e-01   3.0905868e-02
   2.0998721e-01   3.4271627e-02
   2.1729849e-01   2.9706093e-02
   2.2378591e-01   2.9279331e-02
   2.2469762e-01   2.8666458e-02
   2.3706708e-01   2.7549436e-02
   2.4399451e-01   2.9756502e-02
   2.4114113e-01   3.5830503e-02
   2.3410981e-01   3.8031109e-02
   2.4534255e-01   2.9751274e-02
   2.5166940e-01   2.5821636e-02
   2.4427648e-01   2.8130601e-02
   2.4501479e-01   3.3025004e-02
   2.5309215e-01   2.9840063e-02
   2.5768899e-01   3.1383503e-02
   2.6652222e-01   3.4026055e-02
   2.7076092e-01   3.6235277e-02
   2.6870321e-01   3.3017350e-02
   2.7643173e-01   2.6332385e-02
   2.7049913e-01   2.6434257e-02
   2.6907844e-01   2.9193458e-02
   2.7234278e-01   3.7361983e-02
   3.6156007e-01   3.3702163e-02
   3.5965502e-01   3.8024719e-02
   3.5414438e-01   4.0237561e-02
   3.4849015e-01   3.8064119e-02
   3.4605484e-01   3.1554138e-02
   3.2333994e-01   3.3350455e-02
   3.1790875e-01   3.3927855e-02
   3.1466755e-01   3.1146385e-02
   3.0822286e-01   3.1210340e-02
   2.9757906e-01   3.5136985e-02
   2.9539577e-01   3.3401034e-02
   2.9470432e-01   3.1277092e-02
   2.8485385e-01   3.4586158e-02
   2.9227594e-01   3.1869614e-02
   2.9283801e-01   3.7833420e-02
   2.8054132e-01   3.4025074e-02
   2.7820393e-01   3.1323637e-02
   2.7965926e-01   2.7471412e-02
   2.6066211e-01   3.0851247e-02
   2.6093726e-01   3.0329626e-02
   2.5741739e-01   3.1903281e-02
   2.5389485e-01   3.1431150e-02
   2.4190983e-01   3.4276420e-02
   2.4662113e-01   3.2500281e-02
   2.4464265e-01   3.3159097e-02
   2.3766121e-01   3.2603111e-02
   2.2827330e-01   2.9875283e-02
   2.1991260e-01   3.1534944e-02
   2.1186421e-01   2.9349478e-02
   1.9294034e-01   3.1074647e-02
   1.6709949e-01   3.3344624e-02
   1.5907673e-01   2.9475501e-02
   1.5774499e-01   2.8366505e-02
   1.5025442e-01   2.8243069e-02
   1.4276454e-01   2.8929162e-02
   1.3735526e-01   3.0610722e-02
   1.3990915e-01   3.0574278e-02
   1.2900422e-01   3.1679749e-02
   1.2401931e-01   3.0112831e-02
   1.1828581e-01   2.8921798e-02
   1.1183008e-01   2.4531200e-02
   1.0197331e-01   2.6670119e-02
  -4.5503392e-02   2.1099112e-02
  -4.6932936e-02   2.1696614e-02
  -5.2288240e-02   2.3918415e-02
  -6.0310223e-02   2.8361302e-02
  -6.5698235e-02   2.3352037e-02
  -6.9662434e-02   2.1103957e-02
  -7.3827841e-02   2.1142492e-02
  -7.3767479e-02   1.8342389e-02
  -8.3648781e-02   1.9562437e-02
  -9.2793891e-02   2.2837350e-02
  -1.0300337e-01   2.7143144e-02
  -1.0971216e-01   2.4917687e-02
  -1.1389120e-01   1.8286510e-02
  -1.3560714e-01   1.7187057e-02
  -1.3924290e-01   1.3815550e-02
  -1.4191708e-01   1.4365235e-02
  -1.4055855e-01   1.7129539e-02
  -1.4864652e-01   2.5979687e-02
  -1.5663524e-01   2.9276738e-02
  -1.5701377e-01   2.4352939e-02
  -1.5394969e-01   1.6559248e-02
  -1.6635812e-01   1.2707015e-02
  -1.6600274e-01   1.5990574e-02
  -1.6632765e-01   1.6574368e-02
  -1.8004350e-01   2.1561793e-02
  -1.9072739e-01   2.5956809e-02
  -1.9154152e-01   2.3124507e-02
  -1.9371998e-01   1.7685067e-02
  -1.9969966e-01   1.2652711e-02
  -1.9722344e-01   1.1567023e-02
  -2.0523284e-01   1.5959619e-02
  -2.1546379e-01   2.1395473e-02
  -2.2676708e-01   2.5826446e-02
  -2.2911473e-01   1.8640795e-02
  -2.4979090e-01   1.2054004e-02
  -2.5223133e-01   1.1490930e-02
  -2.5041870e-01   8.1935312e-03
  -2.5838248e-01   1.5278029e-02
  -2.7296778e-01   2.4078097e-02
  -2.7899282e-01   1.6899029e-02
  -3.0230002e-01   2.1770764e-02
  -3.0130133e-01   8.6753919e-03
  -2.9402698e-01   8.1262845e-03
  -3.0029066e-01   3.7998752e-03
  -3.2720204e-01   2.0557057e-02
  -3.2021379e-01   1.8937684e-02
  -3.2590736e-01   1.8397337e-02
  -3.3330729e-01   1.6786311e-02
