   2.5316192e-02   2.7109847e-02
   2.6553191e-02   2.2594048e-02
   2.2613746e-02   2.3192007e-02
   2.1261717e-02   2.3721191e-02
   2.7880851e-02   2.2593599e-02
   2.2610881e-02   2.4848579e-02
   2.6570042e-02   2.7029236e-02
   3.1975233e-02   2.8213411e-02
   2.9172404e-02   2.5873986e-02
   2.9266027e-02   2.2637671e-02
   3.0568576e-02   2.1511719e-02
   2.6657973e-02   2.2683318e-02
   2.7901138e-02   2.5925486e-02
   2.6597436e-02   2.6503721e-02
   2.3937692e-02   2.6504700e-02
   2.3962376e-02   2.5978130e-02
   2.6576026e-02   2.4271151e-02
   2.5269869e-02   2.5399881e-02
   3.0628839e-02   2.1554169e-02
   2.5248289e-02   2.3719982e-02
   2.7988580e-02   2.3789345e-02
   2.3980222e-02   2.8770153e-02
   2.3894926e-02   2.4248163e-02
   2.7876214e-02   2.4797853e-02
   2.3947687e-02   2.0982888e-02
   2.5328000e-02   2.1023963e-02
   2.2609883e-02   2.5400770e-02
   2.9285996e-02   2.6528789e-02
   3.1985592e-02   2.4340982e-02
   3.7201517e-02   2.5921173e-02
   3.3246795e-02   2.6500823e-02
   3.3282583e-02   2.5421677e-02
   3.4547344e-02   2.4819445e-02
   2.6576026e-02   2.4271151e-02
   3.1921244e-02   2.4845113e-02
   2.5246136e-02   2.4823237e-02
   2.7961000e-02   2.3765871e-02
   2.2565466e-02   2.5350782e-02
   1.8619903e-02   2.5401918e-02
   1.9969550e-02   2.5426630e-02
   2.5224519e-02   2.3145559e-02
   2.5226520e-02   2.2043390e-02
   2.2544313e-02   2.4775300e-02
   2.3934243e-02   2.8161244e-02
   1.7301114e-02   2.9296699e-02
   2.1274883e-02   2.8162175e-02
   1.7292151e-02   2.3745583e-02
   1.6011212e-02   2.2154720e-02
   1.9899723e-02   1.9270274e-02
   1.5994137e-02   2.3239473e-02
   1.5927848e-02   2.5903705e-02
   1.0658935e-02   2.7667120e-02
   1.1947463e-02   2.4251017e-02
   1.1972466e-02   2.2642106e-02
   1.4619754e-02   2.1515978e-02
   1.8589365e-02   2.0942894e-02
   1.9934482e-02   2.2618220e-02
   1.3271975e-02   2.7006566e-02
   2.2627932e-02   2.7636780e-02
   1.8615523e-02   2.8162996e-02
   2.2588648e-02   2.4824105e-02
   2.3945873e-02   2.2087250e-02
   2.6635743e-02   2.0450111e-02
   1.8584942e-02   2.4249666e-02
   2.3938796e-02   2.5952519e-02
   2.2652400e-02   2.6557518e-02
   2.1234145e-02   2.7555638e-02
   3.1925289e-02   2.3188772e-02
   2.6603309e-02   2.3742917e-02
   2.9321369e-02   2.3788846e-02
   3.0566206e-02   2.2614884e-02
   2.7956106e-02   2.5976650e-02
   2.9288673e-02   2.5423423e-02
   2.7923284e-02   2.8159642e-02
   2.9225645e-02   2.7579729e-02
   2.6605479e-02   2.2638595e-02
   2.1281749e-02   2.4296778e-02
   1.9974562e-02   2.2110113e-02
   1.8639878e-02   2.4321468e-02
   1.9892895e-02   2.4225487e-02
   2.2562358e-02   2.7004094e-02
   1.9928467e-02   2.6479867e-02
   1.6004952e-02   2.7139532e-02
   1.8640667e-02   2.3768707e-02
   1.7343371e-02   2.3816033e-02
   1.3304755e-02   2.0432931e-02
   1.3300518e-02   2.4850863e-02
   1.3302740e-02   2.2641897e-02
   1.1969938e-02   2.5403339e-02
   1.3314762e-02   2.3769819e-02
   1.3299331e-02   2.5955345e-02
   1.3286256e-02   2.5929776e-02
   1.0630410e-02   2.4275108e-02
   1.1971983e-02   2.3194353e-02
   1.4648575e-02   2.1558453e-02
   1.1935737e-02   2.4227173e-02
   1.3285021e-02   2.7033171e-02
   1.5960622e-02   2.4850331e-02
   1.5989174e-02   2.7112718e-02
   1.3273804e-02   2.5353103e-02
   2.2566459e-02   2.4799678e-02
   1.9932020e-02   2.4273212e-02
   1.9932860e-02   2.3721548e-02
   1.9894546e-02   2.3124329e-02
   2.1302718e-02   2.4320757e-02
   1.8671542e-02   2.7692696e-02
   2.2607820e-02   2.6505151e-02
   2.2590574e-02   2.3720811e-02
   2.3922318e-02   2.2065496e-02
   2.5246136e-02   2.4823237e-02
   2.3982604e-02   2.7663609e-02
   2.1303619e-02   2.3768013e-02
   2.1300853e-02   2.5426246e-02
   2.5223483e-02   2.3696644e-02
   2.1237131e-02   2.5902300e-02
   2.2699242e-02   2.5501338e-02
   2.3893898e-02   2.4799258e-02
   2.3964520e-02   2.4872678e-02
   2.1300853e-02   2.5426246e-02
   2.2609883e-02   2.5400770e-02
   2.6471899e-02   2.4175913e-02
   2.6604407e-02   2.3190756e-02
   2.5226520e-02   2.2043390e-02
   1.4657435e-02   2.6559696e-02
   2.5295883e-02   2.4872230e-02
   2.5219093e-02   2.5900983e-02
   2.6602186e-02   2.4295077e-02
   2.7933475e-02   2.3742443e-02
   2.5248289e-02   2.3719982e-02
   1.9952482e-02   2.3744937e-02
   2.2608862e-02   2.5952960e-02
   3.0504971e-02   2.3120932e-02
   2.9257179e-02   2.6502639e-02
   3.1921244e-02   2.4845113e-02
   3.4649556e-02   2.4892972e-02
   2.6547607e-02   2.5349420e-02
   2.7932295e-02   2.4294593e-02
   2.9204909e-02   2.4246285e-02
   2.9232368e-02   2.4821756e-02
   2.9196949e-02   2.7552597e-02
   2.6677419e-02   2.6028538e-02
   2.5295883e-02   2.4872230e-02
   2.7934627e-02   2.3190294e-02
   2.6603309e-02   2.3742917e-02
   3.1913888e-02   2.7605681e-02
   2.7904827e-02   2.4270668e-02
   2.7931089e-02   2.4846743e-02
   2.7848857e-02   2.4773480e-02
   3.0585611e-02   2.7054185e-02
   2.6607546e-02   2.1534273e-02
   2.2610881e-02   2.4848579e-02
   2.2612813e-02   2.3744198e-02
   2.6570042e-02   2.7029236e-02
   2.3914161e-02   2.6478595e-02
   1.8621530e-02   2.4297487e-02
   1.7311953e-02   2.1557948e-02
   1.8604002e-02   2.3721881e-02
   1.8623085e-02   2.3193056e-02
   1.5945616e-02   2.4274166e-02
   1.8578970e-02   2.8107568e-02
   1.3274388e-02   2.4801948e-02
   1.3301093e-02   2.4298621e-02
   1.3290176e-02   2.2067895e-02
   1.4647435e-02   2.2664014e-02
   1.7290674e-02   2.4850029e-02
   1.5883139e-02   2.4178893e-02
   1.3312431e-02   2.5980965e-02
   1.3286855e-02   2.5378079e-02
   1.5945616e-02   2.4274166e-02
   1.5977714e-02   2.3769310e-02
   1.9972969e-02   2.3215619e-02
   1.9950778e-02   2.4849352e-02
   2.1301796e-02   2.4873502e-02
   1.6008585e-02   2.4370192e-02
   1.5976347e-02   2.4874859e-02
   1.9972143e-02   2.3768372e-02
   2.3918423e-02   2.4272046e-02
   2.5317388e-02   2.6556585e-02
   1.9929384e-02   2.5928203e-02
   1.5962644e-02   2.3193642e-02
   2.1322804e-02   2.4898074e-02
   2.1261717e-02   2.3721191e-02
   1.6008585e-02   2.4370192e-02
   1.8623835e-02   2.2640840e-02
   2.7898544e-02   2.7028698e-02
   2.7953496e-02   2.7082039e-02
   1.8652219e-02   2.8218644e-02
   1.5957710e-02   2.7059249e-02
   1.8676683e-02   2.4369573e-02
   2.5304855e-02   1.9897784e-02
   2.5272077e-02   2.4295538e-02
   1.7341110e-02   2.5477617e-02
   1.4615540e-02   2.5377820e-02
   2.1220849e-02   2.3123982e-02
   1.9852207e-02   2.5276948e-02
   2.2591505e-02   2.3169164e-02
   2.3967563e-02   2.3214499e-02
   2.0008065e-02   2.6030765e-02
   2.1253975e-02   2.8134436e-02
   2.2650237e-02   2.7664081e-02
   2.2567430e-02   2.4248574e-02
   2.2638707e-02   2.1556688e-02
   2.1305360e-02   2.2662524e-02
   1.9947138e-02   2.7058184e-02
   1.9948996e-02   2.5953768e-02
   2.1340946e-02   2.6584208e-02
   2.1257032e-02   2.6479469e-02
   1.8692643e-02   2.6056903e-02
   2.3873456e-02   2.3123222e-02
   1.8606959e-02   2.1515195e-02
   2.4038631e-02   2.3283431e-02
   2.2607820e-02   2.6505151e-02
   1.9968647e-02   2.5979383e-02
   2.2583453e-02   2.7582338e-02
   2.2593300e-02   2.2065871e-02
   1.9896880e-02   2.1472591e-02
   1.5932539e-02   2.2045706e-02
   1.8624568e-02   2.2088625e-02
   1.7307709e-02   2.4874556e-02
   1.8634767e-02   2.7638032e-02
   1.5959197e-02   2.5954790e-02
   1.5942774e-02   2.6480908e-02
   1.4617430e-02   2.3722745e-02
   1.7227687e-02   2.0902029e-02
   1.5996031e-02   2.1579511e-02
   1.3299931e-02   2.5403104e-02
   1.1944206e-02   2.7557974e-02
   1.1967122e-02   2.8164571e-02
   1.4616814e-02   2.4274437e-02
   1.0632945e-02   2.0964866e-02
   1.1995603e-02   2.3240188e-02
   1.1969938e-02   2.5403339e-02
   1.4575610e-02   2.2552711e-02
   1.0661402e-02   2.4900408e-02
   2.1279890e-02   2.5401177e-02
   1.7257446e-02   2.4249983e-02
   1.8660581e-02   2.2685576e-02
   2.5299094e-02   2.3214081e-02
   2.1234145e-02   2.7555638e-02
   1.8636543e-02   2.6532511e-02
   2.1279890e-02   2.5401177e-02
   1.9932860e-02   2.3721548e-02
   1.9930282e-02   2.5376539e-02
   2.2636031e-02   2.3214895e-02
   2.3960140e-02   2.7083583e-02
   2.1259904e-02   2.4824502e-02
   1.8616435e-02   2.7610781e-02
   2.2546228e-02   2.3674176e-02
   1.5963287e-02   2.2641413e-02
   2.2635095e-02   2.3767631e-02
   2.8009992e-02   2.6581803e-02
   2.7983671e-02   2.6002307e-02
   2.5290042e-02   2.7635811e-02
   2.3918423e-02   2.4272046e-02
   1.8550034e-02   2.3101941e-02
   2.2591505e-02   2.3169164e-02
   2.6558136e-02   1.9838676e-02
   1.7292151e-02   2.3745583e-02
   1.9962824e-02   2.9295900e-02
   2.1258967e-02   2.5376158e-02
   2.2606756e-02   2.7057342e-02
   1.9972143e-02   2.3768372e-02
   2.2571097e-02   2.2044158e-02
   2.2615547e-02   2.2087626e-02
   1.7239012e-02   2.5327331e-02
   2.1275925e-02   2.7609975e-02
   2.1277948e-02   2.6505576e-02
   1.8582490e-02   2.5903053e-02
   2.1322804e-02   2.4898074e-02
   2.3897872e-02   2.2594879e-02
   1.8659826e-02   2.3238883e-02
   1.5944225e-02   2.5377537e-02
   1.9954894e-02   2.2088313e-02
   1.7324010e-02   2.5452446e-02
   2.0013223e-02   2.2707689e-02
   2.1261717e-02   2.3721191e-02
   2.1323728e-02   2.4344784e-02
   1.9954109e-02   2.2640521e-02
   2.1303619e-02   2.3768013e-02
   1.1982260e-02   2.4875622e-02
   1.9953305e-02   2.3192729e-02
   2.2631133e-02   2.5978573e-02
   2.5273144e-02   2.3743367e-02
   2.1256033e-02   2.7031124e-02
   1.8600759e-02   2.5928568e-02
   1.5989174e-02   2.7112718e-02
   1.8606959e-02   2.1515195e-02
   2.3924126e-02   2.0962221e-02
   2.2590574e-02   2.3720811e-02
   2.1259904e-02   2.4824502e-02
   2.5294763e-02   2.5424946e-02
   2.3937692e-02   2.6504700e-02
   1.8619903e-02   2.5401918e-02
   2.1216294e-02   2.5876837e-02
   2.2613746e-02   2.3192007e-02
   1.8587962e-02   2.2045151e-02
   1.7273672e-02   2.4825550e-02
   1.8658262e-02   2.4345497e-02
   1.9927531e-02   2.7031531e-02
   2.3991205e-02   2.3237431e-02
   2.3918423e-02   2.4272046e-02
   1.9972969e-02   2.3215619e-02
   2.1216294e-02   2.5876837e-02
   1.8621530e-02   2.4297487e-02
   1.8657453e-02   2.4898803e-02
   1.8654036e-02   2.7112030e-02
   2.1260821e-02   2.4272846e-02
   1.9932020e-02   2.4273212e-02
   2.1242553e-02   2.2595624e-02
   2.5197667e-02   2.4223895e-02
   2.5266375e-02   2.7056395e-02
   2.7954815e-02   2.6529344e-02
   2.6574880e-02   2.4822768e-02
   2.7876214e-02   2.4797853e-02
   2.1275925e-02   2.7609975e-02
   2.2603434e-02   2.8713914e-02
   1.9932020e-02   2.4273212e-02
   1.8604768e-02   2.3170210e-02
   2.1299890e-02   2.5978991e-02
   2.1286037e-02   2.1535781e-02
   2.2633158e-02   2.4873102e-02
   2.2629021e-02   2.7084044e-02
   2.1276947e-02   2.7057776e-02
   2.6572512e-02   2.5926002e-02
   2.5174016e-02   2.3650105e-02
   2.2616414e-02   2.1535435e-02
   1.9953305e-02   2.3192729e-02
   2.2568379e-02   2.3697470e-02
   1.7322423e-02   2.6559074e-02
   1.9969550e-02   2.5426630e-02
   2.2586635e-02   2.5927398e-02
   2.1219088e-02   2.4225124e-02
   2.6603309e-02   2.3742917e-02
   1.8584942e-02   2.4249666e-02
   1.8565090e-02   2.5327001e-02
   1.8580766e-02   2.7005310e-02
   1.8586488e-02   2.3147409e-02
   2.3942978e-02   2.3743794e-02
   2.1257032e-02   2.6479469e-02
   1.8654036e-02   2.7112030e-02
   1.9929384e-02   2.5928203e-02
   1.8619903e-02   2.5401918e-02
   1.9951639e-02   2.4297144e-02
   2.2593300e-02   2.2065871e-02
   2.1281749e-02   2.4296778e-02
   1.9908896e-02   2.6453810e-02
   2.1259904e-02   2.4824502e-02
   1.8583325e-02   2.5351924e-02
   2.2541279e-02   2.6426987e-02
   2.2612813e-02   2.3744198e-02
   2.8009992e-02   2.6581803e-02
   2.6648623e-02   2.7109331e-02
   2.1278929e-02   2.5953377e-02
   1.9949897e-02   2.5401560e-02
   2.5303956e-02   2.0450500e-02
   1.8658262e-02   2.4345497e-02
   2.1177519e-02   2.4177589e-02
   1.8639878e-02   2.4321468e-02
   1.7256704e-02   2.4801119e-02
   1.8566702e-02   2.4225827e-02
   1.3300518e-02   2.4850863e-02
   1.3287440e-02   2.4826381e-02
   1.8639071e-02   2.4874229e-02
   1.1946949e-02   2.4802177e-02
   6.6374794e-03   2.4251675e-02
   1.0640415e-02   2.4851298e-02
   1.4631820e-02   2.3746137e-02
   1.7258882e-02   2.3147712e-02
   1.4647435e-02   2.2664014e-02
   7.9788552e-03   2.7060670e-02
   6.6636651e-03   2.4347529e-02
   6.6450882e-03   2.2068698e-02
   1.3330527e-02   2.1026641e-02
   1.4633014e-02   2.2641666e-02
   1.3288573e-02   2.3722987e-02
   9.3178321e-03   2.7087211e-02
   3.9976673e-03   2.6007791e-02
   1.3311816e-02   2.6533752e-02
   1.0619967e-02   2.4251217e-02
   1.5980264e-02   2.1558211e-02
   1.8624568e-02   2.2088625e-02
   1.8619903e-02   2.5401918e-02
   1.8580766e-02   2.7005310e-02
   1.3298092e-02   2.7059828e-02
   1.5961312e-02   2.4298101e-02
   1.3302204e-02   2.3194138e-02
   2.2617260e-02   2.0983245e-02
   1.5944928e-02   2.4825851e-02
   1.3313033e-02   2.5428179e-02
   1.3286256e-02   2.5929776e-02
   1.4642998e-02   2.6533480e-02
   1.4631202e-02   2.4298373e-02
   1.7313233e-02   2.0452413e-02
   1.7292151e-02   2.3745583e-02
   1.5912934e-02   2.5327637e-02
   2.3890676e-02   2.6452542e-02
   2.6626067e-02   2.5424463e-02
   3.1888451e-02   2.5372219e-02
   2.5318559e-02   2.6003323e-02
   2.1301796e-02   2.4873502e-02
   1.9967725e-02   2.6532136e-02
   2.5275205e-02   2.2639024e-02
   2.5243887e-02   2.5926492e-02
   2.3920417e-02   2.3168771e-02
   2.1302718e-02   2.4320757e-02
   2.1300853e-02   2.5426246e-02
   1.9949897e-02   2.5401560e-02
   2.1280829e-02   2.4848978e-02
   2.9255802e-02   2.7054777e-02
   2.7904827e-02   2.4270668e-02
   2.5250344e-02   2.2616727e-02
   2.5277169e-02   2.1534681e-02
   2.1301796e-02   2.4873502e-02
   1.8601596e-02   2.5376896e-02
   2.7931089e-02   2.4846743e-02
   2.9255802e-02   2.7054777e-02
   2.5217935e-02   2.6452068e-02
   2.7958607e-02   2.4871260e-02
   1.9993480e-02   2.2685255e-02
   2.6604407e-02   2.3190756e-02
   2.6603309e-02   2.3742917e-02
   2.9202368e-02   2.5348389e-02
   2.6651115e-02   2.6002828e-02
   2.7929855e-02   2.5398893e-02
   2.6629524e-02   2.3766346e-02
   2.5298048e-02   2.3766797e-02
   2.5248289e-02   2.3719982e-02
   2.7931089e-02   2.4846743e-02
   2.7880851e-02   2.2593599e-02
   2.6649882e-02   2.6556079e-02
   3.1989568e-02   2.2681370e-02
   2.9259848e-02   2.5398362e-02
   3.4578260e-02   2.5948079e-02
   3.1922623e-02   2.4292999e-02
   3.4545822e-02   2.5370988e-02
   3.3191489e-02   2.2591587e-02
   3.1891231e-02   2.4269079e-02
   3.5804102e-02   2.5320478e-02
   3.3214112e-02   2.6474729e-02
   3.7164980e-02   2.5895680e-02
   3.5908193e-02   2.5947411e-02
   3.8564467e-02   2.7050084e-02
   3.5911400e-02   2.4843266e-02
   3.1818424e-02   2.8074779e-02
   2.9285996e-02   2.6528789e-02
   3.7199806e-02   2.6472688e-02
   3.5980636e-02   2.5445491e-02
   3.0592514e-02   2.4293554e-02
   2.9120306e-02   2.3625505e-02
   2.9342412e-02   2.7135020e-02
   2.7898544e-02   2.7028698e-02
   2.6543951e-02   2.7002643e-02
   2.7877413e-02   2.4246790e-02
   2.9178668e-02   2.3121434e-02
   2.7907153e-02   2.3167456e-02
   2.7934627e-02   2.3190294e-02
   2.3940933e-02   2.4848156e-02
   2.1257032e-02   2.6479469e-02
   2.3937692e-02   2.6504700e-02
   3.0556983e-02   2.6475962e-02
   2.3920417e-02   2.3168771e-02
   2.5251335e-02   2.2065100e-02
   2.6552126e-02   2.3145122e-02
   2.2565466e-02   2.5350782e-02
   2.6599862e-02   2.5399399e-02
   3.1889856e-02   2.4820649e-02
   2.9266027e-02   2.2637671e-02
   2.3963460e-02   2.5425404e-02
   2.6632750e-02   2.2108229e-02
   2.1325516e-02   2.3238203e-02
   1.8602416e-02   2.4825225e-02
   2.3894926e-02   2.4248163e-02
   2.5320829e-02   2.4896798e-02
   2.2657422e-02   2.3791110e-02
   2.2563416e-02   2.6452990e-02
   2.2655479e-02   2.4897673e-02
   2.1252916e-02   2.8686091e-02
   1.9926576e-02   2.7583195e-02
   2.6578241e-02   2.3167917e-02
   1.7294242e-02   2.2088915e-02
   1.8623835e-02   2.2640840e-02
   1.7326264e-02   2.3792503e-02
   2.2627932e-02   2.7636780e-02
   2.6615715e-02   2.9846109e-02
   2.7925993e-02   2.7055342e-02
   2.7902395e-02   2.5373880e-02
   2.3872476e-02   2.3673775e-02
   2.3898808e-02   2.2043785e-02
   2.5326074e-02   2.2130487e-02
   2.3963460e-02   2.5425404e-02
   2.5240330e-02   2.7581375e-02
   2.5223483e-02   2.3696644e-02
   1.8638247e-02   2.5426989e-02
   1.9953305e-02   2.3192729e-02
   2.1284383e-02   2.2640180e-02
   2.6579310e-02   2.2616300e-02
   2.2610881e-02   2.4848579e-02
   2.3913038e-02   2.7030233e-02
   2.5268729e-02   2.5952052e-02
   2.0008065e-02   2.6030765e-02
   2.5270985e-02   2.4847709e-02
   2.5224519e-02   2.3145559e-02
   2.6630625e-02   2.3213640e-02
   2.3918423e-02   2.4272046e-02
   1.9951639e-02   2.4297144e-02
   2.2590574e-02   2.3720811e-02
   2.1322804e-02   2.4898074e-02
   2.2656461e-02   2.4344391e-02
   2.9234861e-02   2.3718567e-02
   2.2608862e-02   2.5952960e-02
   1.9948077e-02   2.6505976e-02
   1.5961986e-02   2.3745872e-02
   1.5946288e-02   2.3722480e-02
   1.9973775e-02   2.2662866e-02
   2.5276199e-02   2.2086853e-02
   2.3986004e-02   2.6003792e-02
   2.1275925e-02   2.7609975e-02
   1.8672444e-02   2.7138842e-02
   1.9950778e-02   2.4849352e-02
   2.7940976e-02   1.9877394e-02
   2.5280803e-02   1.9325996e-02
   2.2658360e-02   2.3237828e-02
   2.2585596e-02   2.6479045e-02
   2.6596184e-02   2.7055882e-02
   2.3933048e-02   2.8713425e-02
   2.6543951e-02   2.7002643e-02
   2.9288673e-02   2.5423423e-02
   3.0569717e-02   2.0960137e-02
   2.3900612e-02   2.0941596e-02
   2.1241701e-02   2.3146736e-02
   2.5290042e-02   2.7635811e-02
   2.7984939e-02   2.5449067e-02
   2.9288673e-02   2.5423423e-02
   2.1318898e-02   2.7111236e-02
   1.9952482e-02   2.3744937e-02
   2.6606525e-02   2.2086434e-02
   2.2592413e-02   2.2617518e-02
   2.3962376e-02   2.5978130e-02
   2.9232368e-02   2.4821756e-02
   2.9227046e-02   2.7028135e-02
   3.0584143e-02   2.7606312e-02
   2.7931089e-02   2.4846743e-02
   3.0619977e-02   2.5422866e-02
   2.9355021e-02   2.1597261e-02
   3.1827266e-02   2.4771864e-02
   3.3242005e-02   2.8157124e-02
   2.6572512e-02   2.5926002e-02
   2.5292451e-02   2.6530378e-02
   2.3970396e-02   2.1556321e-02
   2.5179838e-02   2.0350090e-02
   2.5226520e-02   2.2043390e-02
   2.3919432e-02   2.3720408e-02
   1.8653136e-02   2.7665337e-02
   1.8599029e-02   2.7031911e-02
   2.6543951e-02   2.7002643e-02
   2.3941967e-02   2.4295975e-02
   2.3894926e-02   2.4248163e-02
   2.3941967e-02   2.4295975e-02
   2.2586635e-02   2.5927398e-02
   2.2586635e-02   2.5927398e-02
   1.8656626e-02   2.5452110e-02
   1.8566702e-02   2.4225827e-02
   2.3919432e-02   2.3720408e-02
   2.6683216e-02   2.3259544e-02
   2.5220227e-02   2.5349898e-02
   2.9261141e-02   2.4846224e-02
   2.7819090e-02   2.5849118e-02
   2.7820335e-02   2.5299136e-02
   2.6677419e-02   2.6028538e-02
   2.9207338e-02   2.3144181e-02
   2.5274187e-02   2.3191195e-02
   2.2568379e-02   2.3697470e-02
   2.6624863e-02   2.5977169e-02
   2.7923284e-02   2.8159642e-02
   3.1986949e-02   2.3787778e-02
   3.1923971e-02   2.3740886e-02
   2.9261141e-02   2.4846224e-02
   3.0621332e-02   2.4870195e-02
   2.6578241e-02   2.3167917e-02
