   5.1557861e-01   1.3405339e-01
  -1.4386604e-02   2.5876552e-01
  -3.0113049e-02   2.5398133e-01
  -5.5408478e-02   2.6318931e-01
  -5.9414413e-02   2.5035902e-01
  -7.3045353e-02   2.4328596e-01
  -9.4323599e-02   2.3796445e-01
  -1.3456633e-01   2.4624534e-01
  -1.6130323e-01   2.4205509e-01
  -1.6306869e-01   2.4047329e-01
  -1.8037345e-01   2.3825777e-01
  -1.8964573e-01   2.2646988e-01
  -2.1638223e-01   2.2688709e-01
  -2.3272943e-01   2.3041515e-01
  -2.2687463e-01   2.1362620e-01
  -2.2657834e-01   2.1321304e-01
  -2.5576657e-01   2.0456021e-01
  -2.4931165e-01   1.9965122e-01
  -2.9832080e-01   1.9753340e-01
  -3.4734589e-01   1.5846819e-01
  -3.1745378e-01   1.6433172e-01
  -3.5917208e-01   1.6024939e-01
  -3.3492089e-01   1.4886619e-01
  -3.4928847e-01   1.3686044e-01
  -3.7896240e-01   1.3117554e-01
  -3.6875353e-01   1.2341732e-01
  -3.9667508e-01   1.0558911e-01
  -4.2656337e-01   9.0309696e-02
  -4.0994371e-01   9.1010361e-02
  -4.2098258e-01   7.1953125e-02
  -4.1535579e-01   6.7146340e-02
  -4.0667408e-01   5.5817052e-02
  -4.2770542e-01   4.8667598e-02
  -4.0122760e-01   3.9420086e-02
  -4.2215906e-01   2.1400070e-02
  -4.1641561e-01   8.9840872e-03
  -4.0736100e-01   1.5015429e-02
  -4.0082283e-01  -1.6603222e-03
  -4.0390090e-01  -1.3287660e-02
  -4.1413618e-01  -1.5088348e-02
  -4.1257506e-01  -2.4518238e-02
  -4.2536699e-01  -2.9575884e-02
  -4.2862613e-01  -3.9547235e-02
  -4.3905191e-01  -4.4964920e-02
  -4.3683899e-01  -5.0326403e-02
  -4.3154243e-01  -5.4358558e-02
  -4.1591432e-01  -6.5410931e-02
  -3.9556259e-01  -8.0649520e-02
  -3.9214825e-01  -8.8793467e-02
  -3.9192907e-01  -8.3639797e-02
   6.0203160e-02  -1.8704516e-01
   1.0253235e-01  -1.8568473e-01
   1.0980499e-01  -1.6921151e-01
   1.4134587e-01  -1.8024509e-01
   1.7252184e-01  -1.6841930e-01
   1.9070517e-01  -1.7031833e-01
   2.1928672e-01  -1.6515918e-01
   2.3748833e-01  -1.6221395e-01
   2.6514196e-01  -1.4847312e-01
   2.8239011e-01  -1.3959911e-01
   3.0662386e-01  -1.3688743e-01
   3.3970570e-01  -1.4091496e-01
   3.6133321e-01  -1.3410909e-01
   3.9733652e-01  -1.2506010e-01
   4.1171919e-01  -1.0944635e-01
   4.1049754e-01  -9.4324173e-02
   4.1354475e-01  -7.3008276e-02
   4.1174383e-01  -6.6839294e-02
   4.3961394e-01  -6.4753057e-02
   4.6657842e-01  -5.2015404e-02
   4.8904653e-01  -5.8460067e-02
   5.1422209e-01  -5.5218543e-02
   5.2510116e-01  -4.6343956e-02
   5.4548108e-01  -3.4141618e-02
   5.5546032e-01  -9.5900715e-03
   5.5158066e-01  -1.5885568e-03
   5.4244929e-01   4.7574403e-03
   5.4599599e-01   6.3310076e-03
   5.4448115e-01   2.1066555e-02
   5.6554280e-01   2.9761077e-02
   5.6863176e-01   3.8482295e-02
   5.8896143e-01   3.7579172e-02
   5.9458185e-01   4.8549718e-02
   6.0645530e-01   5.8197445e-02
   6.1270155e-01   7.1024129e-02
   6.2658579e-01   5.9138167e-02
   6.1558399e-01   6.8663073e-02
   5.9807083e-01   8.7990889e-02
   5.9597167e-01   9.4028992e-02
   5.7419815e-01   1.0202607e-01
   5.8686456e-01   1.0105730e-01
   5.8192366e-01   1.1995645e-01
   5.6654185e-01   1.1426944e-01
   5.4418811e-01   1.4111193e-01
   5.5162988e-01   1.2405134e-01
   5.3726854e-01   1.4018284e-01
   5.1355357e-01   1.4606545e-01
   4.8256671e-01   1.5739646e-01
   4.7260369e-01   1.6325101e-01
  -1.9142250e-01   1.9999595e-01
  -1.7486808e-01   1.8855849e-01
  -1.8573136e-01   1.6854081e-01
  -1.9805558e-01   1.7054270e-01
  -2.6373400e-01   1.6976293e-01
  -2.7093752e-01   1.4768152e-01
  -2.8442705e-01   1.4857712e-01
  -2.8255442e-01   1.2206581e-01
  -3.0966382e-01   1.4429831e-01
  -3.2884643e-01   1.1176876e-01
  -3.4477987e-01   1.0318208e-01
  -3.7779627e-01   8.4239238e-02
  -3.7895004e-01   1.0069027e-01
  -3.6159418e-01   8.3793774e-02
  -4.0553450e-01   8.9655183e-02
  -4.1071932e-01   9.2468612e-02
  -4.1806329e-01   6.3294118e-02
  -4.2005685e-01   7.2625759e-02
  -4.9819077e-01   7.7403384e-02
  -5.1055156e-01   8.0718981e-02
  -4.9041926e-01   5.2274139e-02
  -4.8724498e-01   5.6163671e-02
  -4.8784246e-01   5.2581651e-02
  -5.0052966e-01   4.3692752e-02
  -4.9690181e-01   3.5239577e-02
  -4.6628633e-01   2.5686525e-02
  -4.6414747e-01   1.0267052e-02
  -4.7674040e-01   2.3261618e-02
  -4.7233089e-01   2.9240397e-02
  -4.5262046e-01   1.3613718e-02
  -4.3846968e-01  -2.1828326e-03
  -4.4584748e-01  -3.8059813e-03
  -4.2050304e-01  -1.0376336e-02
  -4.1577953e-01  -6.5937006e-03
  -3.9737551e-01  -1.1654143e-02
  -4.0051609e-01  -1.4989721e-02
  -3.9029719e-01  -2.3821720e-02
  -3.7717563e-01  -2.5970390e-02
  -3.9281807e-01  -2.2995696e-02
  -3.6556300e-01  -3.7629268e-02
  -3.5893496e-01  -3.3854615e-02
  -3.3526219e-01  -4.6244835e-02
  -3.3141989e-01  -4.7618141e-02
  -3.3124939e-01  -3.5246444e-02
  -3.2400226e-01  -3.6223765e-02
  -3.2273899e-01  -4.7107648e-02
  -3.0617541e-01  -4.4574820e-02
  -3.0208130e-01  -4.4046619e-02
  -2.8619868e-01  -5.0455709e-02
   4.0689880e-01  -3.5370065e-02
   4.2628242e-01  -3.6327083e-02
   4.3808347e-01  -2.0316411e-02
   4.5023407e-01  -1.7064699e-02
   4.6375157e-01  -1.6447051e-02
   4.8985700e-01  -1.3608984e-02
   5.0744353e-01  -5.9876048e-03
   5.1663163e-01  -5.4537033e-04
   5.1284278e-01   1.0382291e-02
   5.3412861e-01   1.6726760e-02
   5.4116508e-01   2.2573339e-02
   5.6785088e-01   2.8521366e-02
   5.8643901e-01   2.6183909e-02
   5.9383427e-01   2.9893400e-02
   6.0306764e-01   3.5744602e-02
   6.1958792e-01   4.1771312e-02
   6.2484640e-01   4.5831921e-02
   6.3269702e-01   5.6974369e-02
   6.3745741e-01   6.5948073e-02
   6.3858615e-01   6.7108104e-02
   6.3778713e-01   7.1075614e-02
   6.5401044e-01   6.5516167e-02
   6.4860479e-01   8.0089878e-02
   6.5660046e-01   9.0608229e-02
   6.5901078e-01   9.2250278e-02
   6.6381747e-01   9.8025572e-02
   6.6643032e-01   1.0140067e-01
   6.7020514e-01   1.0285382e-01
   6.4643378e-01   1.1882318e-01
   6.4775534e-01   1.1650632e-01
   6.3480112e-01   1.1858450e-01
   6.3469036e-01   1.3084981e-01
   6.3469699e-01   1.4328591e-01
   6.3635023e-01   1.4002557e-01
   6.0939222e-01   1.3944575e-01
   6.1373628e-01   1.4722030e-01
   5.9967373e-01   1.5357201e-01
   5.8406857e-01   1.6168664e-01
   5.7483523e-01   1.6440965e-01
   5.6827294e-01   1.7684734e-01
   5.5131383e-01   1.8945966e-01
   5.3779920e-01   1.8951014e-01
   5.3046907e-01   2.0030928e-01
   4.7622024e-01   2.1297699e-01
   4.6895809e-01   2.1641949e-01
   4.5715426e-01   2.2696564e-01
   4.3597742e-01   2.2845012e-01
   4.4918381e-01   2.1064341e-01
   4.3871545e-01   2.2139846e-01
  -2.9358782e-01   2.6862336e-01
  -2.9222027e-01   2.5653565e-01
  -3.3769488e-01   2.7770042e-01
  -3.3188996e-01   2.6535586e-01
  -3.2005259e-01   2.4904236e-01
  -3.4277048e-01   2.3973902e-01
  -3.7048031e-01   2.4573890e-01
  -3.5900889e-01   2.1323116e-01
  -3.1752633e-01   2.1702249e-01
  -3.6322889e-01   1.9875577e-01
  -3.5809964e-01   1.9495849e-01
  -3.5267697e-01   1.6408202e-01
  -3.5864578e-01   1.6855460e-01
  -3.3990058e-01   1.6422176e-01
  -3.6816158e-01   1.2625710e-01
  -3.8356056e-01   1.1773563e-01
  -3.9488755e-01   1.0190081e-01
  -3.8250121e-01   9.1427391e-02
  -3.6425048e-01   7.8251564e-02
  -3.7329850e-01   7.3816893e-02
  -3.3537375e-01   4.9816543e-02
  -3.3853720e-01   3.6594478e-02
  -3.5196124e-01   2.3760415e-02
  -3.4765354e-01   2.1367809e-02
  -3.5153468e-01   4.6269118e-03
  -3.5261114e-01  -1.1552723e-03
  -3.6450424e-01  -4.0389241e-03
  -3.7141993e-01  -1.5491917e-02
  -3.7637272e-01  -1.0373484e-02
  -3.6690358e-01  -2.4118105e-02
  -3.6309609e-01  -2.9244050e-02
  -3.7333455e-01  -2.7013406e-02
  -3.7525046e-01  -2.6832094e-02
  -3.6123187e-01  -2.9894061e-02
  -3.5134037e-01  -2.8019719e-02
  -3.7355039e-01  -3.4182944e-02
  -3.8426272e-01  -4.3540903e-02
  -3.8610111e-01  -4.2164964e-02
  -3.8206616e-01  -5.8806146e-02
  -3.2075758e-01  -7.6302432e-02
  -2.9072412e-01  -7.1307512e-02
  -2.6894654e-01  -8.9076125e-02
  -2.3698043e-01  -9.3103770e-02
  -2.3935565e-01  -9.5802577e-02
  -2.2657241e-01  -1.0613157e-01
  -2.3193149e-01  -1.1632350e-01
  -2.2757073e-01  -1.2011137e-01
  -2.1772859e-01  -1.1084736e-01
  -1.9264073e-01  -1.2816793e-01
  -1.7435945e-01  -1.3877560e-01
   3.5951642e-01  -1.1075927e-01
   3.8073427e-01  -1.1447254e-01
   4.1039532e-01  -1.0247612e-01
   4.2218363e-01  -9.8277272e-02
   4.2617891e-01  -8.7576747e-02
   4.2521204e-01  -8.1354313e-02
   4.3759581e-01  -7.9375351e-02
   4.5727630e-01  -7.0323594e-02
   4.8767926e-01  -6.7573517e-02
   4.9229957e-01  -5.9841509e-02
   5.0972068e-01  -5.6807032e-02
   5.0254098e-01  -3.8944717e-02
   4.9347841e-01  -2.4331664e-02
   4.9020201e-01  -1.4834455e-02
   4.9141769e-01  -1.2008818e-02
   4.9695043e-01  -1.1857638e-02
   4.9513349e-01  -7.5414603e-03
   5.0580726e-01   1.0229346e-02
   5.2544733e-01   2.0379085e-02
   5.3045192e-01   2.6696564e-02
   5.3479557e-01   3.3290338e-02
   5.1751351e-01   4.8712954e-02
   5.1492786e-01   5.7855637e-02
   5.1834782e-01   6.2889397e-02
   5.3932671e-01   5.8921071e-02
   5.4765708e-01   6.3126098e-02
   5.2978277e-01   8.4141214e-02
   5.1557206e-01   9.9852697e-02
   5.1513272e-01   9.9784902e-02
   5.3137784e-01   9.8506533e-02
   5.2865562e-01   9.9949830e-02
   5.3550183e-01   1.0810560e-01
   5.2050952e-01   1.0940402e-01
   5.1021550e-01   1.1154356e-01
   4.8670868e-01   1.3513753e-01
   4.7484838e-01   1.3857687e-01
   4.6504159e-01   1.5009200e-01
   4.6104974e-01   1.4976910e-01
   4.6979828e-01   1.3980951e-01
   4.6355732e-01   1.6635475e-01
   4.5964160e-01   1.7569425e-01
   4.5160123e-01   1.7734197e-01
   4.0850053e-01   1.8865568e-01
   4.3351078e-01   1.9663240e-01
   4.2613503e-01   1.8931004e-01
   4.1179215e-01   1.9650541e-01
   3.8697766e-01   2.0923434e-01
   3.8533889e-01   2.0194103e-01
   3.7626025e-01   2.1251995e-01
  -3.0124843e-01   2.3447354e-01
  -3.2777614e-01   2.1488065e-01
  -3.2207846e-01   2.1809026e-01
  -3.6080802e-01   2.1937153e-01
  -3.5185213e-01   2.0516445e-01
  -3.6987152e-01   2.2392765e-01
  -4.0934631e-01   1.9275483e-01
  -4.2920460e-01   2.0064903e-01
  -4.2508380e-01   1.9897408e-01
  -4.4565954e-01   1.9712194e-01
  -4.4513668e-01   1.7689776e-01
  -4.4937630e-01   1.7613866e-01
  -4.5812242e-01   1.6424002e-01
  -4.7365421e-01   1.5792158e-01
  -4.8790000e-01   1.4441607e-01
  -5.0081383e-01   1.3147478e-01
  -4.7262585e-01   1.2707662e-01
  -4.4804746e-01   1.1229497e-01
  -4.5599260e-01   1.0150319e-01
  -4.5750784e-01   9.7575048e-02
  -4.6108344e-01   8.5248329e-02
  -4.6102504e-01   4.7798947e-02
  -4.6930501e-01   5.0351560e-02
  -4.7163798e-01   4.8038944e-02
  -4.4662670e-01   3.5134125e-02
  -4.3189638e-01   2.2694663e-02
  -4.2850603e-01   2.0549679e-02
  -4.1533602e-01   1.4819832e-02
  -4.3641760e-01   1.6950908e-02
  -4.1232054e-01   5.6022413e-03
  -3.9287706e-01  -8.9428284e-03
  -3.7966998e-01  -1.9032293e-02
  -3.5383867e-01  -1.9810617e-02
  -3.5249219e-01  -3.0035994e-02
  -3.4325578e-01  -3.2423808e-02
  -3.4414937e-01  -3.7813378e-02
  -3.2806256e-01  -4.0174712e-02
  -3.1113484e-01  -4.0119147e-02
  -3.0880415e-01  -4.8902010e-02
  -3.0546206e-01  -5.0304186e-02
  -2.9424114e-01  -5.9968835e-02
  -2.5577149e-01  -6.9463442e-02
  -2.2471110e-01  -6.7615528e-02
  -1.9769569e-01  -8.6735030e-02
  -1.9149066e-01  -7.1116642e-02
  -1.7065453e-01  -7.3169497e-02
  -1.8058842e-01  -7.6102680e-02
  -1.5380873e-01  -7.8561155e-02
  -1.3023436e-01  -7.7972916e-02
   5.2044458e-01  -1.5581091e-02
   5.1953492e-01  -2.6053501e-03
   5.1486486e-01   0.0000000e+00
   5.1046065e-01   4.7284085e-03
   5.1825822e-01   2.4190620e-02
   5.2995705e-01   2.9272982e-02
   5.4330667e-01   2.1860322e-02
   5.4989326e-01   2.8892184e-02
   5.3581794e-01   3.4932749e-02
   5.4020533e-01   3.3954603e-02
   5.4158997e-01   5.5415871e-02
   5.5432677e-01   4.2665171e-02
   5.5277350e-01   4.7323422e-02
   5.6723656e-01   5.2373492e-02
   5.7680486e-01   7.1141384e-02
   5.9992759e-01   7.1580445e-02
   6.1346321e-01   8.1896429e-02
   6.2443025e-01   8.0930017e-02
   6.3256568e-01   7.6594231e-02
   6.3156402e-01   8.4768781e-02
   6.2796579e-01   9.1809095e-02
   5.9848422e-01   9.0019435e-02
   5.8892573e-01   1.0180071e-01
   5.9548677e-01   9.6853385e-02
   6.0033046e-01   9.3897088e-02
   5.9855916e-01   9.7601195e-02
   5.6325218e-01   1.1348613e-01
   5.6420758e-01   1.0836422e-01
   5.3353236e-01   1.0302190e-01
   4.8578562e-01   1.0210013e-01
   4.4084568e-01   1.1691854e-01
   4.4153466e-01   1.1571052e-01
   4.4939818e-01   1.1846723e-01
   4.5353253e-01   1.1599833e-01
   4.4078146e-01   1.1473749e-01
   4.2425532e-01   1.1538885e-01
   3.9895639e-01   1.1254050e-01
   3.6294490e-01   1.0856909e-01
   3.4841618e-01   1.1076658e-01
   3.2201405e-01   1.2355181e-01
   3.1549547e-01   1.1254235e-01
   2.9162784e-01   1.1323981e-01
   2.8088208e-01   1.1124358e-01
  -4.6331521e-01   1.0033197e-01
  -4.7191299e-01   9.1429151e-02
  -4.8067106e-01   8.6237657e-02
  -4.8865806e-01   7.9759934e-02
  -4.6403321e-01   7.8225173e-02
  -4.5769377e-01   6.4879443e-02
  -4.5693577e-01   4.2267604e-02
  -4.7416827e-01   5.3025110e-02
  -4.7902260e-01   4.4781526e-02
  -4.5960650e-01   2.6121721e-02
  -4.5029010e-01   1.4862803e-02
  -4.6525652e-01   1.5992737e-02
  -4.6535247e-01   4.9325435e-03
  -4.5881281e-01   4.9296641e-03
  -4.5796046e-01   0.0000000e+00
  -4.6644008e-01  -2.1433840e-02
  -4.7250818e-01  -1.5561484e-02
  -4.5860017e-01  -2.0520273e-02
  -4.2060979e-01  -4.4264107e-02
  -3.9339073e-01  -4.7391462e-02
  -3.6666571e-01  -3.7476459e-02
  -3.5340638e-01  -5.6680831e-02
  -3.4963660e-01  -6.1336048e-02
  -3.4089042e-01  -5.7045324e-02
  -3.3806022e-01  -6.2785829e-02
  -3.3306068e-01  -5.3788327e-02
  -3.2313742e-01  -6.7625862e-02
  -3.2207458e-01  -7.4191179e-02
  -3.0384505e-01  -8.2102176e-02
  -2.8710617e-01  -7.7653244e-02
  -2.6323232e-01  -8.5135402e-02
  -2.4550476e-01  -8.2501071e-02
  -2.1178195e-01  -9.4255442e-02
  -2.0548873e-01  -1.0386941e-01
  -1.8013422e-01  -1.0305528e-01
  -1.6217744e-01  -1.0358789e-01
  -1.5078375e-01  -1.0365252e-01
  -1.3345070e-01  -1.0880204e-01
  -1.3678922e-01  -1.1163929e-01
  -1.1839889e-01  -1.1016358e-01
  -1.1202547e-01  -1.0590030e-01
  -8.1356449e-02  -1.0876503e-01
  -5.1225569e-02  -1.0934360e-01
  -2.3655206e-02  -1.1304188e-01
   1.8106182e-02  -1.1931368e-01
   3.8968741e-02  -1.1548669e-01
   6.0062152e-02  -1.1708841e-01
   6.6159684e-02  -1.0687343e-01
   8.5255528e-02  -1.0599832e-01
   6.4007719e-01   6.1342660e-02
   6.2982484e-01   6.5939730e-02
   6.2733029e-01   6.3710622e-02
   6.0420876e-01   8.2362357e-02
   5.9331315e-01   8.4489290e-02
   5.9222561e-01   7.5671125e-02
   5.7400842e-01   8.6045567e-02
   5.7905028e-01   9.5762887e-02
   5.8017413e-01   8.7077076e-02
   5.6065328e-01   8.9655663e-02
   5.3632332e-01   9.9636654e-02
   5.1618386e-01   1.0986338e-01
   4.9795383e-01   1.0803350e-01
   5.1048287e-01   1.0169696e-01
   4.9597176e-01   1.0730030e-01
   4.6618867e-01   1.1538067e-01
   4.5003985e-01   1.1480102e-01
   4.2002035e-01   1.1315112e-01
   3.8841915e-01   1.0899827e-01
   3.4464778e-01   1.1247680e-01
   3.2660050e-01   1.1664657e-01
   3.3743263e-01   1.1399262e-01
   3.3311779e-01   1.1615148e-01
   3.0134382e-01   1.1960055e-01
   2.5734961e-01   1.2105560e-01
   2.2802539e-01   1.2693116e-01
   2.1441237e-01   1.1634147e-01
   1.9776673e-01   1.1248216e-01
   1.8618959e-01   1.1398359e-01
   1.6206270e-01   1.1988368e-01
   1.3353169e-01   1.1910034e-01
   1.1691837e-01   1.2491663e-01
   7.4167180e-02   1.2288907e-01
   3.0323493e-02   1.0708219e-01
  -4.1027792e-03   1.3664167e-01
  -6.0601487e-02   1.3193522e-01
  -7.4434116e-02   1.3507699e-01
  -6.6579997e-02   1.2396564e-01
  -7.7371183e-02   1.1812387e-01
  -1.2346031e-01   1.3031237e-01
  -1.7314272e-01   1.3098244e-01
  -2.3080225e-01   1.1441717e-01
  -2.1830614e-01   1.1958138e-01
  -2.3628769e-01   1.2057994e-01
  -2.6582474e-01   1.0727404e-01
  -2.8076992e-01   1.0820536e-01
  -3.3982590e-01   9.4310724e-02
  -3.2891158e-01   1.0528792e-01
  -3.4411466e-01   1.0805887e-01
