  -2.6336751e-03   1.7199964e-01
   2.0341037e-02  -7.3750349e-02
   2.5847545e-02  -8.1532602e-02
   2.3070221e-02  -9.0658514e-02
   1.8817889e-02  -9.9080063e-02
   2.2847417e-02  -9.6147442e-02
   3.3431035e-02  -1.0260596e-01
   3.4631185e-02  -1.1444215e-01
   2.9217668e-02  -1.1703672e-01
   2.6430670e-02  -1.2760480e-01
   1.5909619e-02  -1.3222038e-01
   5.3061676e-03  -1.3829846e-01
   1.5819045e-02  -1.4819113e-01
   2.7636252e-02  -1.5640192e-01
   1.1718719e-02  -1.6192110e-01
   3.2207175e-02  -1.7337251e-01
   3.0927606e-02  -1.7281747e-01
   3.5815228e-02  -1.7566200e-01
   2.7036994e-02  -1.7265670e-01
   3.0592064e-02  -1.8050440e-01
   3.0892609e-02  -1.7505459e-01
   2.9512529e-02  -1.8867598e-01
   2.5630256e-02  -1.9469434e-01
   1.9361509e-02  -1.9628939e-01
   2.5760157e-02  -2.0540473e-01
   2.7028281e-02  -2.0137286e-01
   2.4344927e-02  -2.0036648e-01
   2.6945042e-02  -2.0323023e-01
   2.8449464e-02  -1.9475883e-01
   4.1259973e-02  -2.0172099e-01
   3.6205834e-02  -2.0563037e-01
   4.6576238e-02  -1.9925605e-01
   5.9450123e-02  -1.9383216e-01
   6.2227629e-02  -1.8625805e-01
   5.3390737e-02  -1.7782266e-01
   5.1945246e-02  -1.7729257e-01
   4.9452451e-02  -1.6293367e-01
   5.2021045e-02  -1.6219649e-01
   6.0939229e-02  -1.6222093e-01
   7.6791214e-02  -1.5612435e-01
   7.3333180e-02  -1.5596568e-01
   8.0549618e-02  -1.4637503e-01
   7.8961264e-02  -1.3632460e-01
   8.5009503e-02  -1.3625730e-01
   7.9157770e-02  -1.3118492e-01
   6.3004885e-02  -1.2747112e-01
   6.1527293e-02  -1.2663233e-01
   5.4397907e-02  -1.2716421e-01
  -8.0222993e-03   6.4764544e-02
  -1.1902045e-02   7.4147266e-02
  -2.5010004e-02   8.1089242e-02
  -2.7432527e-02   9.7896658e-02
  -2.7231331e-02   1.1989591e-01
  -2.5875688e-02   1.3349133e-01
  -2.5961538e-02   1.4219424e-01
  -2.4836701e-02   1.4445393e-01
  -2.7510001e-02   1.3940926e-01
  -5.2976526e-03   1.5138086e-01
   0.0000000e+00   1.4524823e-01
  -2.3804672e-02   1.5234005e-01
  -1.7119141e-02   1.6576373e-01
  -2.1026631e-02   1.6786399e-01
  -3.3943111e-02   1.6478212e-01
  -3.3755790e-02   1.6991185e-01
  -4.2701553e-02   1.8036367e-01
  -3.3849400e-02   1.9173695e-01
  -3.6190929e-02   2.0101715e-01
  -4.5298016e-02   2.0579294e-01
  -5.6440526e-02   2.0879829e-01
  -5.6264104e-02   2.0548878e-01
  -6.1557979e-02   2.0037055e-01
  -5.8021838e-02   2.0161712e-01
  -6.6865119e-02   2.1319713e-01
  -8.1300835e-02   2.0871203e-01
  -6.8264417e-02   2.0514979e-01
  -6.1703653e-02   2.0154366e-01
  -5.6482229e-02   1.9871442e-01
  -5.7561609e-02   2.0491498e-01
  -6.2319612e-02   2.0609612e-01
  -5.0920538e-02   1.9752205e-01
  -4.8610309e-02   1.9420202e-01
  -4.7348716e-02   1.8803134e-01
  -4.3653648e-02   1.8562377e-01
  -4.9922709e-02   1.8932525e-01
  -3.9777829e-02   1.8489599e-01
  -3.6090890e-02   1.8396737e-01
  -3.3451791e-02   1.9111275e-01
  -4.7604256e-02   1.8167879e-01
  -4.0125360e-02   1.7981169e-01
  -2.8604422e-02   1.7700681e-01
  -3.2771547e-02   1.6675503e-01
  -3.6848949e-02   1.6066545e-01
  -3.5761616e-02   1.4889839e-01
  -3.1904324e-02   1.4522631e-01
  -1.8633835e-02   1.3998583e-01
  -2.9288730e-02   1.3939606e-01
   6.2132784e-02  -8.5494431e-02
   8.6666650e-02  -9.0864921e-02
   8.9744845e-02  -9.0651795e-02
   9.4634666e-02  -9.6504089e-02
   8.7625136e-02  -1.0562346e-01
   8.7269896e-02  -1.0870071e-01
   6.9289625e-02  -1.1319837e-01
   6.8560442e-02  -1.2303377e-01
   6.6125358e-02  -1.2815990e-01
   6.3598372e-02  -1.4096734e-01
   7.9704491e-02  -1.4428487e-01
   8.0611265e-02  -1.4227563e-01
   8.3077480e-02  -1.4014120e-01
   7.7632611e-02  -1.3331433e-01
   7.3670845e-02  -1.3627467e-01
   7.6719848e-02  -1.3764539e-01
   6.4797130e-02  -1.4548920e-01
   7.9233151e-02  -1.5306372e-01
   7.9656377e-02  -1.5026967e-01
   9.4835723e-02  -1.5191343e-01
   8.4431181e-02  -1.4619987e-01
   6.8473175e-02  -1.4360987e-01
   8.3939294e-02  -1.5251337e-01
   9.1912068e-02  -1.4540945e-01
   1.0061962e-01  -1.4937570e-01
   8.8807101e-02  -1.5298460e-01
   8.5360727e-02  -1.6100773e-01
   9.2776141e-02  -1.7057816e-01
   7.7313451e-02  -1.7071218e-01
   7.0988337e-02  -1.6741266e-01
   7.3792727e-02  -1.6733545e-01
   7.2412165e-02  -1.7570643e-01
   7.5030847e-02  -1.8259140e-01
   8.4632484e-02  -1.9318351e-01
   8.7410457e-02  -1.9054057e-01
   8.2617563e-02  -1.8272024e-01
   7.7054078e-02  -1.7925869e-01
   6.7042595e-02  -1.7949524e-01
   6.5612386e-02  -1.7784886e-01
   8.1023631e-02  -1.7643413e-01
   8.1246768e-02  -1.6900759e-01
   8.2543028e-02  -1.7083999e-01
   8.1402656e-02  -1.6510312e-01
   8.0494725e-02  -1.5929413e-01
   6.8264655e-02  -1.5277412e-01
   6.5030040e-02  -1.4422774e-01
   6.2822860e-02  -1.4656541e-01
   5.5568144e-02   5.0763113e-02
   5.1814878e-02   5.6810532e-02
   5.7188358e-02   6.4185333e-02
   5.7026874e-02   6.8023547e-02
   5.7326915e-02   6.7229780e-02
   6.5631401e-02   7.3129723e-02
   5.8552785e-02   8.5631894e-02
   5.1474796e-02   8.9851724e-02
   3.6240233e-02   1.0358123e-01
   3.6117055e-02   1.1376954e-01
   3.0721305e-02   1.2069605e-01
   3.2069825e-02   1.3028646e-01
   3.6185207e-02   1.3309235e-01
   3.0906846e-02   1.3408772e-01
   3.7735302e-02   1.3448243e-01
   2.8725513e-02   1.4597518e-01
   3.6609360e-02   1.3474098e-01
   3.5014076e-02   1.3377808e-01
   2.3977455e-02   1.4984189e-01
   2.1203338e-02   1.5452124e-01
   1.4473588e-02   1.7559668e-01
   1.5767583e-02   1.8607821e-01
   5.2324574e-03   1.9798394e-01
   3.9198702e-03   1.9450728e-01
  -1.3077614e-03   1.9663234e-01
  -1.3094767e-03   1.9241016e-01
  -5.2332928e-03   1.8838288e-01
  -1.0489056e-02   1.8437011e-01
  -1.8164178e-02   1.9615115e-01
  -2.3279023e-02   2.0183982e-01
  -3.3343514e-02   2.1277127e-01
  -2.8229261e-02   2.1357826e-01
  -3.2215273e-02   2.0807922e-01
  -2.5832921e-02   2.0931281e-01
  -2.9628186e-02   2.0865968e-01
  -2.8428616e-02   2.0680504e-01
  -4.0962812e-02   2.1750432e-01
  -4.5922806e-02   2.1987350e-01
  -4.7323273e-02   2.2053598e-01
  -4.3387503e-02   2.2261357e-01
  -4.5972027e-02   2.2476206e-01
  -5.2189816e-02   2.2985031e-01
  -6.6818025e-02   2.4314918e-01
  -7.4759111e-02   2.3842544e-01
  -7.4113043e-02   2.3809501e-01
  -6.8803689e-02   2.4415414e-01
  -7.3937150e-02   2.3540438e-01
  -7.6026214e-02   2.3841073e-01
   5.4438084e-03   5.6169751e-02
   8.1450692e-03   3.9515406e-02
   2.7280174e-03   2.1516640e-02
   1.6429885e-02  -2.2716370e-03
   3.2888503e-02  -9.6621070e-03
   2.7379763e-02  -9.0853523e-03
   2.1836626e-02  -1.0190780e-02
   2.3101933e-02  -1.6352085e-02
   2.8593481e-02  -1.7513727e-02
   3.5365800e-02  -1.7493992e-02
   3.9633120e-02  -2.2685245e-02
   4.6383044e-02  -3.1722113e-02
   5.0430265e-02  -3.9648321e-02
   5.7142482e-02  -5.7820015e-02
   3.9403690e-02  -6.4652950e-02
   3.1135741e-02  -6.7860477e-02
   2.6947342e-02  -7.0971551e-02
   1.3442848e-02  -7.6538848e-02
   2.5597260e-02  -8.7660625e-02
   4.1744852e-02  -9.6308880e-02
   4.8405558e-02  -9.7892701e-02
   6.1531551e-02  -1.0781530e-01
   5.9913573e-02  -1.0671844e-01
   4.2287046e-02  -1.0825997e-01
   2.3776487e-02  -1.1814086e-01
   2.2518828e-02  -1.2674203e-01
   2.7797792e-02  -1.3855469e-01
   3.3114345e-02  -1.4648436e-01
   3.1730612e-02  -1.4377971e-01
   3.5425618e-02  -1.4740303e-01
   3.0170668e-02  -1.5463586e-01
   1.9833687e-02  -1.5048969e-01
   1.4472474e-02  -1.6128814e-01
   1.7078604e-02  -1.6225543e-01
   1.9714111e-02  -1.5925290e-01
   2.4838226e-02  -1.6198642e-01
   2.0997511e-02  -1.6022170e-01
   3.0382361e-02  -1.5703028e-01
   3.5836204e-02  -1.5106307e-01
   3.0469289e-02  -1.5077183e-01
   2.7700649e-02  -1.5130186e-01
   3.6608663e-02  -1.6997224e-01
   4.0331528e-02  -1.7770848e-01
   4.2985573e-02  -1.7731003e-01
   4.2983412e-02  -1.7543321e-01
   5.2094414e-02  -1.7164631e-01
   5.4542508e-02  -1.7727779e-01
   5.6813513e-02  -1.0141441e-01
   5.3016739e-02  -1.0194542e-01
   6.0040752e-02  -1.0291641e-01
   6.1238395e-02  -9.8483104e-02
   4.6576164e-02  -8.6189803e-02
   4.3737199e-02  -6.5612401e-02
   4.3844787e-02  -5.8254666e-02
   2.8596739e-02  -5.2754018e-02
   2.8640835e-02  -4.2543563e-02
   2.7226237e-02  -4.1326232e-02
   2.3266040e-02  -3.9262434e-02
   3.2916055e-02  -2.9045261e-02
   2.7529230e-02  -2.2281075e-02
   2.0727844e-02  -2.4669218e-02
   2.7648135e-02  -1.8930452e-02
   3.7188921e-02  -9.1393891e-03
   1.9305323e-02  -1.7158613e-03
   1.2334714e-02   3.9795293e-03
   4.1226782e-03   1.5397077e-02
   4.1149315e-03   2.7914417e-02
   1.9308557e-02   3.4387463e-02
   2.7671459e-03   4.2014300e-02
   1.3861904e-03   4.3254354e-02
   1.3833587e-03   5.0123430e-02
  -2.7637661e-03   5.6460786e-02
   0.0000000e+00   5.3306039e-02
   8.1895593e-03   6.7289986e-02
   0.0000000e+00   7.7556008e-02
  -4.0750716e-03   8.7250102e-02
   2.7192966e-03   1.0145322e-01
  -2.7079160e-03   1.0811009e-01
  -4.0309684e-03   1.1552792e-01
  -1.2109140e-02   1.1746961e-01
  -1.0804187e-02   1.0959880e-01
   1.3563730e-03   1.1487173e-01
  -5.3769660e-03   1.2273089e-01
  -1.2031561e-02   1.2918159e-01
  -2.8058087e-02   1.4053917e-01
  -2.5746408e-02   1.5073983e-01
  -1.0686043e-02   1.4357028e-01
  -2.1190611e-02   1.6866586e-01
  -1.3255542e-02   1.5396350e-01
  -2.7564027e-02   1.7635104e-01
  -2.6389092e-02   1.6796503e-01
  -1.8571398e-02   1.6959234e-01
  -6.6508144e-03   1.7644393e-01
  -1.3183870e-02   1.8167420e-01
  -3.2888661e-02   1.9140928e-01
  -2.9188661e-02   2.3317434e-01
  -2.9139622e-02   2.3740673e-01
  -2.5530377e-02   2.2875717e-01
  -1.6678712e-02   2.1554120e-01
  -3.2292378e-02   2.0217267e-01
  -3.6454421e-02   1.8602226e-01
  -3.6755250e-02   1.7009375e-01
  -3.1826790e-02   1.5522369e-01
  -4.0958218e-02   1.5213578e-01
  -4.6184705e-02   1.4584828e-01
  -3.0481517e-02   1.4052873e-01
  -1.3311092e-02   1.2979092e-01
  -1.4651926e-02   1.2808923e-01
  -2.6690008e-02   1.1763256e-01
  -3.0765776e-02   1.0790233e-01
  -2.8300165e-02   1.0050459e-01
  -1.6317245e-02   9.0850332e-02
  -1.7720431e-02   7.7628250e-02
  -2.3235697e-02   6.0439009e-02
  -2.5946432e-02   5.4054965e-02
  -3.4177412e-02   4.7220535e-02
  -1.9136761e-02   4.0929876e-02
  -1.9143582e-02   3.8087524e-02
  -2.3216262e-02   3.1201046e-02
  -3.1514220e-02   2.8447515e-02
  -2.0587892e-02   1.9367023e-02
   1.3813642e-03   1.3756390e-02
   1.3930820e-03   6.9349808e-03
   1.5436290e-02  -3.4924952e-03
   5.6131570e-03  -4.0748089e-03
   7.0142639e-03  -1.4552818e-02
   1.1131862e-02  -2.7738993e-02
   9.7297790e-03  -3.8141420e-02
   2.0798448e-02  -4.8489048e-02
   1.9415429e-02  -5.3740521e-02
   2.4871328e-02  -5.7027260e-02
   1.9261892e-02  -5.7944859e-02
   1.3618499e-02  -7.2915861e-02
   2.0278816e-02  -8.9725926e-02
   3.9141918e-02  -9.1875244e-02
   4.9683910e-02  -1.0535125e-01
   5.5317151e-02  -1.0939553e-01
   4.9823162e-02  -1.1214846e-01
   5.8665129e-02  -1.2275017e-01
   8.1707647e-02  -1.1552426e-01
   6.6829816e-02  -1.2422172e-01
   4.7922889e-02  -1.3211073e-01
   3.7373882e-02  -1.3552997e-01
   5.0379172e-02  -1.5572419e-01
   7.5539891e-02  -2.1858750e-01
   7.2225941e-02  -2.1322946e-01
   7.2234018e-02  -2.0610100e-01
   7.2559533e-02  -2.0004131e-01
   6.8788887e-02  -1.9341186e-01
   6.0912546e-02  -1.8494800e-01
   5.4544729e-02  -1.7915198e-01
   5.3216996e-02  -1.8405212e-01
   6.2660631e-02  -1.7887403e-01
   6.9494913e-02  -1.6600198e-01
   6.5683547e-02  -1.6636448e-01
   6.3211811e-02  -1.6127056e-01
   6.1135167e-02  -1.5916861e-01
   6.8139600e-02  -1.5879392e-01
   6.0261393e-02  -1.5612491e-01
   5.7573875e-02  -1.5425243e-01
   5.6454113e-02  -1.4317603e-01
   5.5337799e-02  -1.3829078e-01
   5.9492135e-02  -1.2878925e-01
   6.3763724e-02  -1.2801476e-01
   5.7238952e-02  -1.1293251e-01
   5.8290067e-02  -1.1349646e-01
   6.0904834e-02  -1.0913911e-01
   6.0898714e-02  -1.0321460e-01
   6.3625211e-02  -9.2090134e-02
   5.6884835e-02  -8.2845767e-02
   5.2813845e-02  -8.3423611e-02
   5.9951635e-02  -7.9267912e-02
   6.1322418e-02  -6.9997904e-02
   4.8848958e-02  -6.6271810e-02
   4.7199877e-02  -6.1871282e-02
   4.8720146e-02  -5.3539852e-02
   4.8605833e-02  -4.9445624e-02
   4.3380972e-02  -4.2274128e-02
   5.0407765e-02  -4.3046748e-02
   6.0139450e-02  -3.2908426e-02
   4.2273655e-02  -2.4901825e-02
   3.5534580e-02  -2.2119986e-02
   2.4607926e-02  -1.7585728e-02
   4.3497386e-02  -1.0145791e-02
   4.7486574e-02  -3.3747972e-03
   4.3589646e-02   6.2127054e-03
   3.6788166e-02   2.2617853e-02
   4.6201759e-02   3.0465982e-02
   3.6427240e-02   3.1940289e-02
   3.0959652e-02   3.4676162e-02
   2.9592875e-02   3.1848612e-02
   2.5564197e-02   4.5911714e-02
  -1.8164933e-02   1.9424276e-01
  -1.8105301e-02   1.9099297e-01
  -2.3257667e-02   1.8701254e-01
  -2.8306081e-02   1.8737129e-01
  -2.8357335e-02   1.8774849e-01
  -3.4873996e-02   1.9320722e-01
  -3.6219793e-02   1.9416108e-01
  -3.5097305e-02   1.9267668e-01
  -3.6310050e-02   1.8961930e-01
  -5.6327311e-02   2.0703484e-01
  -5.9889200e-02   2.0976469e-01
  -5.9579566e-02   2.1173226e-01
  -5.4846585e-02   2.0811103e-01
  -5.6364322e-02   2.0590351e-01
  -5.4261181e-02   1.9633312e-01
  -4.7906821e-02   1.9240008e-01
  -5.2969248e-02   1.9634148e-01
  -6.7034647e-02   1.9830653e-01
  -7.0557760e-02   1.9973299e-01
  -8.3070634e-02   2.0448086e-01
  -7.8238970e-02   1.9644741e-01
  -6.7248259e-02   1.9074813e-01
  -5.9562132e-02   1.8854070e-01
  -5.7302335e-02   1.8345158e-01
  -5.7265682e-02   1.8081333e-01
  -6.0289643e-02   1.7904893e-01
  -5.9212833e-02   1.6299750e-01
  -6.4415914e-02   1.6280112e-01
  -4.4848669e-02   1.5124650e-01
  -4.3534828e-02   1.4642373e-01
  -4.4939030e-02   1.4671477e-01
  -3.8593556e-02   1.3030825e-01
  -3.8715552e-02   1.2476885e-01
  -3.8936820e-02   1.2312351e-01
  -2.6973579e-02   1.1060843e-01
  -2.9802083e-02   1.0340252e-01
  -3.3854348e-02   9.4537081e-02
  -4.6272183e-02   7.5722776e-02
  -4.1122792e-02   6.6390041e-02
  -3.0045942e-02   5.9232370e-02
  -2.0556437e-02   4.4475463e-02
  -2.1913209e-02   4.1581471e-02
  -2.1867434e-02   2.2124753e-02
  -2.0555992e-02   8.5269301e-03
  -8.2310953e-03   6.8291413e-03
  -9.6036139e-03  -1.7072739e-03
  -1.3719512e-02   0.0000000e+00
  -5.4933421e-03  -2.2787197e-03
   4.7186312e-02  -1.8864221e-01
   3.0314504e-02  -1.8603846e-01
   4.3598575e-02  -1.9487055e-01
   4.6672022e-02  -1.9689399e-01
   5.4329392e-02  -2.1672457e-01
   4.9973043e-02  -2.1890663e-01
   3.2705438e-02  -2.1903100e-01
   3.6219393e-02  -2.1883926e-01
   2.8291591e-02  -2.3005424e-01
   2.8215423e-02  -2.3269761e-01
   2.6874151e-02  -2.4093414e-01
   2.5546325e-02  -2.4382836e-01
   4.1011829e-02  -2.4334478e-01
   4.8511359e-02  -2.4766820e-01
   5.1965532e-02  -2.5379401e-01
   4.7825001e-02  -2.5513456e-01
   4.3954401e-02  -2.5381129e-01
   4.7646773e-02  -2.4851395e-01
   4.6601293e-02  -2.4169911e-01
   5.5654047e-02  -2.3343219e-01
   6.4792719e-02  -2.3121588e-01
   6.9115549e-02  -2.2583189e-01
   7.4327040e-02  -2.2212330e-01
   7.2043501e-02  -2.2248461e-01
   7.1519977e-02  -2.1326570e-01
   6.6359635e-02  -2.1744340e-01
   6.2707792e-02  -2.0721754e-01
   7.0553071e-02  -2.0520803e-01
   6.5546648e-02  -1.9755494e-01
   5.9110267e-02  -1.8646817e-01
   6.2616731e-02  -1.7718171e-01
   6.0421894e-02  -1.6787497e-01
   5.7779503e-02  -1.6423503e-01
   5.9027851e-02  -1.5892681e-01
   6.6930962e-02  -1.5912894e-01
   6.8571820e-02  -1.5178167e-01
   7.6668492e-02  -1.4623641e-01
   5.5607615e-02  -1.3900529e-01
   4.5150337e-02  -1.3292149e-01
   6.5440892e-02  -1.2866994e-01
   6.2537733e-02  -1.2526657e-01
   5.3066266e-02  -1.2845813e-01
   4.9221506e-02  -1.2120067e-01
   5.2200797e-02  -1.1388852e-01
   5.7934287e-02  -1.0468198e-01
   5.5041639e-02  -8.4793914e-02
   3.5227313e-02  -7.3092104e-02
   4.6606671e-02  -7.1031719e-02
