  -1.9682052e-01   1.6053914e-02
  -3.1257745e-01   1.3557613e-02
  -3.3327509e-01   1.8410793e-02
  -3.5121164e-01   1.1887274e-02
  -3.5519311e-01   1.0755943e-02
  -3.5460159e-01   6.4671584e-03
  -3.5614907e-01   1.2892005e-02
  -3.5014888e-01   1.2931706e-02
  -3.5749624e-01   1.2351809e-02
  -3.6525093e-01   1.3984435e-02
  -3.6292614e-01   1.4004429e-02
  -3.5082860e-01   1.4035490e-02
  -3.4613990e-01   1.1862617e-02
  -3.4545191e-01   1.4049022e-02
  -3.5016271e-01   1.5147079e-02
  -3.5219023e-01   1.2952690e-02
  -3.4551820e-01   9.1858990e-03
  -3.4012177e-01   1.0817218e-02
  -3.2498953e-01   1.2459784e-02
  -2.9979112e-01   1.0889991e-02
  -2.9903613e-01   1.1458658e-02
  -2.9196004e-01   1.5279589e-02
  -2.7514575e-01   2.3594059e-02
  -2.6379402e-01   2.5230421e-02
  -2.5396107e-01   2.0281226e-02
  -2.4476891e-01   1.3250772e-02
  -2.4248406e-01   8.8012320e-03
  -2.3501309e-01   1.2625934e-02
  -2.2356245e-01   1.4976604e-02
  -2.1525767e-01   1.6540618e-02
  -1.7964874e-01   1.6669735e-02
  -1.7481450e-01   2.3808826e-02
  -1.6575183e-01   2.2210574e-02
  -1.6811822e-01   2.1607522e-02
  -1.7086078e-01   1.6617072e-02
  -1.5518476e-01   1.6133667e-02
  -1.4857713e-01   1.7272982e-02
  -1.4017408e-01   1.9475588e-02
  -1.2803444e-01   2.0606707e-02
  -1.1558237e-01   1.7227751e-02
  -1.0190755e-01   2.2203132e-02
  -9.9591099e-02   2.6196123e-02
  -9.0341610e-02   2.7378618e-02
  -8.4614510e-02   2.6720355e-02
  -7.5405704e-02   1.8972389e-02
  -7.2728092e-02   1.5067955e-02
  -5.6630896e-02   1.1737924e-02
  -5.1115449e-02   1.9527366e-02
  -4.1885450e-02   2.6920883e-02
  -3.5010192e-02   3.1318109e-02
   1.9379890e-01   2.6000341e-02
   1.9227048e-01   2.5425837e-02
   1.8704272e-01   2.7679054e-02
   2.0316971e-01   2.8737394e-02
   2.1098746e-01   3.0890061e-02
   2.1783333e-01   3.4758233e-02
   2.3539787e-01   3.1381273e-02
   2.4100437e-01   3.1940884e-02
   2.4829946e-01   2.9218246e-02
   2.4757103e-01   2.8583933e-02
   2.4995966e-01   3.0742069e-02
   2.5171543e-01   3.4095465e-02
   2.5261886e-01   3.1828563e-02
   2.5662002e-01   3.2908139e-02
   2.6614306e-01   2.8483212e-02
   2.7336390e-01   3.0155383e-02
   2.8172421e-01   3.0148578e-02
   2.8055854e-01   3.3476283e-02
   2.8430409e-01   3.3972001e-02
   2.7889708e-01   3.4547598e-02
   2.8753885e-01   3.2216060e-02
   2.8788998e-01   3.0060585e-02
   2.9048018e-01   3.3326274e-02
   3.0952529e-01   2.6146375e-02
   3.0123870e-01   3.3270588e-02
   3.0073484e-01   3.5014128e-02
   3.0519684e-01   3.5429537e-02
   3.0659926e-01   3.3787046e-02
   3.0399954e-01   3.1075648e-02
   3.0670700e-01   3.0517332e-02
   3.1099872e-01   3.2161723e-02
   3.1575528e-01   3.2072622e-02
   3.2199124e-01   3.4858256e-02
   3.2434189e-01   3.5353438e-02
   3.3727306e-01   3.1414137e-02
   3.4732866e-01   3.2504149e-02
   3.5403854e-01   3.3005678e-02
   3.5874681e-01   3.4126291e-02
   3.6647345e-01   3.4043145e-02
   3.7137186e-01   3.6673462e-02
   3.6934083e-01   3.5537903e-02
   3.7401169e-01   3.7732710e-02
   3.6694537e-01   3.7206635e-02
   3.6055463e-01   2.9154820e-02
   3.5414155e-01   3.0300295e-02
   3.4306828e-01   3.7948845e-02
   3.5628706e-01   3.5119874e-02
   3.5058313e-01   3.4581162e-02
   3.4083075e-01   3.5288137e-02
   1.5372301e-01   2.6707018e-02
   1.4540200e-01   3.2816542e-02
   1.2966297e-01   3.0719925e-02
   1.1846156e-01   3.3994762e-02
   1.1473250e-01   2.6810037e-02
   1.0779270e-01   2.3979485e-02
   1.1600723e-01   2.2317621e-02
   1.0529863e-01   2.5148686e-02
   9.9759985e-02   2.9599068e-02
   8.6330920e-02   3.3564826e-02
   8.3599699e-02   2.7387412e-02
   7.2841750e-02   2.2367412e-02
   6.0815320e-02   2.4103766e-02
   5.7948043e-02   2.1798079e-02
   5.1133982e-02   2.7924038e-02
   3.2424262e-02   2.8048003e-02
   2.8283541e-02   2.9084509e-02
   1.7490520e-02   2.9618266e-02
   1.0812073e-02   2.3566377e-02
   2.6956554e-03   1.9580380e-02
   0.0000000e+00   1.7902098e-02
  -4.0470791e-03   2.1279904e-02
  -2.1615082e-02   2.8613557e-02
  -3.3743218e-02   2.7458871e-02
  -4.0420510e-02   2.4604337e-02
  -4.4476740e-02   2.0128925e-02
  -3.5053113e-02   1.4540550e-02
  -4.4610265e-02   2.0189367e-02
  -6.0798506e-02   2.7467082e-02
  -7.6784898e-02   2.6809717e-02
  -9.0448824e-02   2.5168684e-02
  -8.3645815e-02   2.0121364e-02
  -8.4842221e-02   1.6733425e-02
  -9.3282555e-02   1.9032721e-02
  -1.0659198e-01   1.8422602e-02
  -1.1759096e-01   2.2360089e-02
  -1.2553086e-01   2.6791067e-02
  -1.2705733e-01   2.1787338e-02
  -1.4975299e-01   2.0036940e-02
  -1.6732472e-01   1.6672312e-02
  -1.6316044e-01   9.9971569e-03
  -1.7019355e-01   1.6684633e-02
  -1.7844106e-01   2.0025994e-02
  -1.8502801e-01   1.8882330e-02
  -1.9944123e-01   2.2136971e-02
  -2.0665728e-01   1.7177093e-02
  -2.1860165e-01   1.6583797e-02
  -2.4655953e-01   1.7698906e-02
  -2.5215238e-01   1.0448610e-02
  -2.4723178e-01   1.2681872e-02
  -4.4094541e-01   9.0403425e-03
  -4.2054937e-01   2.0767203e-02
  -4.1560413e-01   2.0275956e-02
  -3.9826686e-01   8.5086573e-03
  -3.9422409e-01   1.4470006e-02
  -3.8271401e-01   1.2416265e-02
  -3.7880144e-01   2.2712090e-02
  -3.6766945e-01   2.0572268e-02
  -3.5523441e-01   1.6804783e-02
  -3.6388737e-01   1.9985063e-02
  -3.4860935e-01   8.1412894e-03
  -3.4086465e-01   5.4404636e-03
  -3.3917220e-01   5.4366319e-03
  -3.3164099e-01   1.3636431e-02
  -3.1036952e-01   1.5826776e-02
  -3.1322349e-01   2.3479278e-02
  -3.0201558e-01   2.1946603e-02
  -3.0123305e-01   1.5318681e-02
  -2.9284328e-01   1.4776106e-02
  -2.8044546e-01   1.2598031e-02
  -2.8449035e-01   1.2590462e-02
  -2.7781090e-01   1.0463398e-02
  -2.6875403e-01   1.9241577e-02
  -2.5524880e-01   1.9277654e-02
  -2.4364833e-01   2.3099211e-02
  -2.4201754e-01   1.7121573e-02
  -2.3458002e-01   1.4881738e-02
  -2.2671115e-01   1.5463300e-02
  -2.1973151e-01   1.6565035e-02
  -2.1358072e-01   2.0506129e-02
  -2.0645082e-01   1.7160309e-02
  -1.9623796e-01   1.7786795e-02
  -1.7460018e-01   1.6154207e-02
  -1.7571759e-01   2.1700438e-02
  -1.7936848e-01   2.4980033e-02
  -1.7181351e-01   2.3401676e-02
  -1.6324425e-01   2.0014020e-02
  -1.5908300e-01   1.5001026e-02
  -1.4307418e-01   1.0580724e-02
  -1.4037193e-01   1.1139917e-02
  -1.2925323e-01   2.0584384e-02
  -1.1753795e-01   2.7950112e-02
  -1.0661243e-01   2.9058432e-02
  -9.2958841e-02   2.5673345e-02
  -8.9057218e-02   1.7322313e-02
  -9.1398726e-02   1.5581832e-02
  -8.0972636e-02   1.4533863e-02
  -7.1213951e-02   2.1165749e-02
   1.5497123e-01   2.2231392e-02
   1.6117807e-01   2.6029874e-02
   1.6525792e-01   3.3250414e-02
   1.6299538e-01   3.6692370e-02
   1.6573177e-01   3.4460304e-02
   1.6836304e-01   2.8311580e-02
   1.7094305e-01   2.4395645e-02
   1.8723834e-01   2.7152059e-02
   1.9319456e-01   2.7772462e-02
   1.9497428e-01   3.4846607e-02
   2.0117766e-01   3.3853241e-02
   2.0887436e-01   3.3203510e-02
   2.1543522e-01   3.1488402e-02
   2.2344704e-01   2.3708782e-02
   2.2852978e-01   2.7523708e-02
   2.3302616e-01   2.7563408e-02
   2.3376548e-01   3.3556624e-02
   2.3957078e-01   3.5251199e-02
   2.3828606e-01   3.6023699e-02
   2.4508487e-01   3.0272920e-02
   2.4647086e-01   2.8616625e-02
   2.6297192e-01   2.5283777e-02
   2.6260518e-01   2.9652389e-02
   2.7192314e-01   3.3451555e-02
   2.7701259e-01   3.5211214e-02
   2.7458159e-01   3.4534884e-02
   2.8304057e-01   3.1238620e-02
   2.8446566e-01   2.8492646e-02
   2.8040645e-01   2.9058071e-02
   2.8597117e-01   3.2900960e-02
   2.9008513e-01   3.0688722e-02
   2.8800483e-01   3.5560086e-02
   2.9534050e-01   3.5043708e-02
   3.1438876e-01   3.0024999e-02
   3.1234503e-01   3.2154671e-02
   3.1999400e-01   3.3302304e-02
   3.1723414e-01   3.4955807e-02
   3.1459326e-01   3.3332096e-02
   3.1293068e-01   3.3307813e-02
   3.1898157e-01   3.2794850e-02
   3.3505071e-01   2.7228029e-02
   3.3726989e-01   3.1539912e-02
   3.4914736e-01   3.0479947e-02
   3.4242743e-01   3.7486006e-02
   3.3529375e-01   3.8736911e-02
   3.2922802e-01   3.8699827e-02
   3.2190559e-01   3.5545451e-02
   3.2280676e-01   3.0013093e-02
   3.3107644e-01   2.4522380e-02
   3.3455219e-01   3.2098781e-02
   2.7084656e-01   3.3490180e-02
   2.5928195e-01   3.1959031e-02
   2.5934008e-01   2.9754960e-02
   2.5886357e-01   2.8047703e-02
   2.5477880e-01   2.9713951e-02
   2.5041455e-01   3.2451522e-02
   2.4705334e-01   3.4770976e-02
   2.4304813e-01   3.3132744e-02
   2.3637768e-01   2.9845236e-02
   2.2444535e-01   2.9919118e-02
   2.1815247e-01   3.0374030e-02
   2.1716310e-01   3.3758600e-02
   2.1747911e-01   2.9359887e-02
   2.1428987e-01   3.2077061e-02
   1.9559349e-01   3.3284853e-02
   1.7554521e-01   3.2828867e-02
   1.6786926e-01   2.7339141e-02
   1.5792592e-01   2.6724251e-02
   1.4939355e-01   2.5552274e-02
   1.4023854e-01   2.6735802e-02
   1.3376321e-01   2.6802319e-02
   1.3240564e-01   2.7363380e-02
   1.2312018e-01   3.3595012e-02
   1.2140286e-01   3.3497970e-02
   1.0670764e-01   3.0206113e-02
   9.0362571e-02   2.4584881e-02
   6.3467615e-02   2.1277766e-02
   3.9157813e-02   2.2412981e-02
   2.8354509e-02   2.2977907e-02
   1.7563142e-02   2.8053732e-02
   1.2159098e-02   2.8054971e-02
   1.4863286e-02   2.6371144e-02
   1.4806731e-02   2.4030488e-02
   1.2127693e-02   2.2936136e-02
  -1.2146345e-02   2.8587429e-02
  -2.5571869e-02   2.5703962e-02
  -2.4285130e-02   1.9596826e-02
  -3.3732733e-02   1.7914403e-02
  -3.2368682e-02   2.4632907e-02
  -2.2865803e-02   2.0655059e-02
  -4.0334604e-02   2.6229546e-02
  -5.6392596e-02   3.0093202e-02
  -6.4678357e-02   2.3469536e-02
  -7.0084561e-02   2.0112740e-02
  -6.7467590e-02   1.7338341e-02
  -6.4579194e-02   1.6172916e-02
  -7.7997450e-02   2.3410542e-02
  -9.4283303e-02   2.8461961e-02
  -9.9472688e-02   2.8397394e-02
  -2.4673229e-01   1.3207673e-02
  -2.5066859e-01   2.0900980e-02
  -2.3217564e-01   2.3612905e-02
  -2.4897775e-01   2.5830886e-02
  -2.5484128e-01   1.7503673e-02
  -2.6084364e-01   5.4763909e-03
  -2.7613106e-01   1.2045889e-02
  -2.7046728e-01   1.2591136e-02
  -2.7956468e-01   1.5838966e-02
  -2.8031642e-01   1.7985736e-02
  -2.9001132e-01   1.6887983e-02
  -2.9984219e-01   1.7738384e-02
  -2.8417900e-01   8.1626794e-03
  -2.9575205e-01   1.1441681e-02
  -3.0894987e-01   1.9651316e-02
  -3.0082737e-01   2.0584603e-02
  -3.2514046e-01   2.1689588e-02
  -3.4309605e-01   1.4609998e-02
  -3.3414447e-01   1.0807081e-03
  -3.4353877e-01   0.0000000e+00
  -3.4385651e-01   9.2161481e-03
  -3.3457120e-01   2.0571989e-02
  -3.4055482e-01   2.3300659e-02
  -3.4784295e-01   2.6464292e-02
  -3.4848712e-01   1.4055403e-02
  -3.4521551e-01   3.7788965e-03
  -3.4051487e-01   1.6176558e-03
  -3.3849105e-01   5.9690539e-03
  -3.3634997e-01   1.5710751e-02
  -3.2781443e-01   2.2221704e-02
  -3.3040062e-01   2.5020029e-02
  -3.1818672e-01   1.7897149e-02
  -3.1358673e-01   6.5261237e-03
  -3.0282928e-01   4.9030717e-03
  -2.9951428e-01   8.7037313e-03
  -2.9807618e-01   1.6322924e-02
  -2.8870245e-01   2.0261251e-02
  -2.7382375e-01   2.1297022e-02
  -2.6314176e-01   1.8048037e-02
  -2.5783694e-01   1.3135571e-02
  -2.4847192e-01   9.3161121e-03
  -2.4037923e-01   1.3165933e-02
  -2.3764076e-01   1.7560578e-02
  -2.2568257e-01   2.4350810e-02
  -2.2128758e-01   1.9226213e-02
  -2.1435760e-01   1.4917875e-02
  -1.9643931e-01   1.4917562e-02
  -1.8448678e-01   1.7719374e-02
  -1.8026720e-01   1.7709058e-02
  -1.7699732e-01   2.2077164e-02
  -5.3847156e-03   2.2913989e-02
   4.0311281e-03   2.0637358e-02
   8.0512722e-03   2.5631384e-02
   1.8780847e-02   2.8972313e-02
   2.9605340e-02   2.7378631e-02
   2.9451231e-02   3.0022627e-02
   2.9493371e-02   2.5043714e-02
   3.3584750e-02   2.3976632e-02
   4.5775477e-02   2.1225309e-02
   4.7101675e-02   2.6809997e-02
   5.7629769e-02   2.8363763e-02
   6.7090853e-02   2.6156703e-02
   7.3809892e-02   2.4480781e-02
   7.8071856e-02   2.3991777e-02
   8.7544294e-02   2.9029771e-02
   9.2945651e-02   2.7347693e-02
   9.1221258e-02   2.8909026e-02
   9.8313839e-02   2.9571817e-02
   1.0876855e-01   2.8910051e-02
   1.1564651e-01   2.3920209e-02
   1.0887104e-01   2.9495202e-02
   1.2261939e-01   2.3400008e-02
   1.2772023e-01   2.6680193e-02
   1.3978504e-01   2.9433424e-02
   1.5050492e-01   3.1627952e-02
   1.6434662e-01   2.6655900e-02
   1.7241242e-01   2.7746106e-02
   1.6937241e-01   2.8252520e-02
   1.7525403e-01   2.9432339e-02
   1.8196490e-01   3.1078080e-02
   1.8661233e-01   3.0939949e-02
   1.9482773e-01   3.2602254e-02
   2.0008043e-01   2.8689767e-02
   2.0050890e-01   2.7087383e-02
   2.0877017e-01   2.8195449e-02
   2.2717411e-01   2.8078782e-02
   2.2871003e-01   2.9754442e-02
   2.3239347e-01   3.4662645e-02
   2.3287043e-01   3.4178626e-02
   2.3646661e-01   3.2995373e-02
   2.3539787e-01   3.1381273e-02
   2.3431191e-01   3.0314652e-02
   2.3653398e-01   3.0245758e-02
   2.3790339e-01   2.9140953e-02
   2.5564400e-01   2.8553082e-02
   2.6208305e-01   2.9595417e-02
   2.6761831e-01   3.3438731e-02
   2.7952478e-01   3.0614827e-02
   2.7839355e-01   3.2839492e-02
   2.8787412e-01   3.0607141e-02
   2.9893317e-01   3.0585517e-02
   2.9661440e-01   3.3228424e-02
   2.9177071e-01   3.4958069e-02
   2.7696277e-01   3.5583136e-02
   2.7035584e-01   3.1782024e-02
   2.6479891e-01   2.8488596e-02
   2.6612921e-01   2.9030967e-02
   2.6583648e-01   3.0097592e-02
   2.5687521e-01   3.2939831e-02
   2.5575365e-01   3.4076887e-02
   2.4686714e-01   3.2531758e-02
   2.4394004e-01   3.1960687e-02
   2.3564552e-01   3.0860611e-02
   2.3160588e-01   3.0876179e-02
   2.2965693e-01   2.6942688e-02
   2.1930421e-01   2.9236442e-02
   2.1524485e-01   3.0353977e-02
   2.0852973e-01   2.9824907e-02
   2.1023440e-01   3.2645161e-02
   2.0443632e-01   3.2601080e-02
   2.0562329e-01   3.0356719e-02
   1.9375124e-01   2.8766334e-02
   1.8144211e-01   2.9880110e-02
   1.7225755e-01   2.6610105e-02
   1.6551263e-01   2.7735921e-02
   1.6684135e-01   2.8841863e-02
   1.6258038e-01   3.2704056e-02
   1.5454495e-01   3.1062693e-02
   1.4948295e-01   3.0025750e-02
   1.3321748e-01   2.7808708e-02
   1.2283710e-01   2.6237716e-02
   1.1583960e-01   2.7869362e-02
   1.2075787e-01   2.6639662e-02
   1.1423516e-01   3.0598197e-02
   1.1032482e-01   2.9522066e-02
   9.4268525e-02   3.0136194e-02
   7.6853992e-02   2.7954625e-02
   7.2485517e-02   2.1143630e-02
   6.0564954e-02   2.5682696e-02
   5.6537181e-02   2.3452460e-02
   4.9705430e-02   2.3967794e-02
   4.0282558e-02   2.9548565e-02
   3.3674301e-02   2.7963308e-02
   2.2920212e-02   2.8555874e-02
   1.0780172e-02   2.2936330e-02
   1.3437094e-02   2.0636427e-02
   5.3754047e-03   1.8963993e-02
   0.0000000e+00   2.6799601e-02
  -2.0174637e-02   3.2970358e-02
  -1.9684172e-01   1.3839581e-02
  -2.0750973e-01   2.3223279e-02
  -2.1803383e-01   2.5379027e-02
  -2.2725885e-01   2.3674267e-02
  -2.2381705e-01   1.2693771e-02
  -2.3325512e-01   1.2679168e-02
  -2.3841025e-01   1.2658313e-02
  -2.4619351e-01   1.7026990e-02
  -2.5905031e-01   1.8698469e-02
  -2.7517994e-01   2.1947962e-02
  -2.8062760e-01   2.2040647e-02
  -2.6487152e-01   6.5679862e-03
  -2.9291776e-01   2.0712584e-02
  -3.0739665e-01   1.3636748e-02
  -3.1919552e-01   1.4684644e-02
  -3.3572518e-01   1.2977635e-02
  -3.3505648e-01   1.2463161e-02
  -3.4477359e-01   1.6853344e-02
  -3.4691097e-01   8.1356209e-03
  -3.4887548e-01   1.1363061e-02
  -3.5098877e-01   4.3358448e-03
  -3.4872709e-01   1.9479534e-02
  -3.3731784e-01   1.7856806e-02
  -3.6116455e-01   2.1075888e-02
  -3.8284509e-01   1.6145959e-02
  -4.0179205e-01   1.2332250e-02
  -3.9917670e-01   5.9012468e-03
  -3.9261001e-01   5.3557750e-03
  -3.8721854e-01   6.9699067e-03
  -3.8621435e-01   1.0735645e-02
  -4.0091741e-01   1.6056072e-02
  -4.0987461e-01   1.8145344e-02
  -4.0231772e-01   1.3376413e-02
  -3.9952010e-01   1.0739405e-02
  -3.9412118e-01   1.0751036e-02
  -3.8680364e-01   9.6417665e-03
  -3.8433322e-01   6.9947443e-03
  -3.8873703e-01   9.6862915e-03
  -3.8218467e-01   1.0206898e-02
  -3.6303657e-01   1.3519403e-02
  -3.4308668e-01   1.5151109e-02
  -3.3468063e-01   1.5158308e-02
  -3.2828686e-01   1.5190083e-02
  -3.3193010e-01   1.7401208e-02
  -3.2927095e-01   1.5233097e-02
  -3.1816600e-01   1.4701822e-02
  -3.0936261e-01   1.3659726e-02
  -2.9856250e-01   1.3135866e-02
  -2.9230705e-01   1.0924396e-02
