   3.9255800e-02   2.8662552e-02
   2.5340298e-01   3.0820077e-02
   2.5602411e-01   3.3559619e-02
   2.6152930e-01   3.7054463e-02
   2.6545658e-01   3.3515832e-02
   2.6802236e-01   2.8124353e-02
   2.8130540e-01   2.6942480e-02
   2.9960983e-01   2.7907810e-02
   3.0155704e-01   3.7309225e-02
   3.0864779e-01   3.6755903e-02
   3.0770340e-01   3.7197931e-02
   2.9728181e-01   3.5103379e-02
   3.0791503e-01   3.1180619e-02
   3.2316456e-01   2.8949141e-02
   3.2588603e-01   2.8389969e-02
   3.2213445e-01   3.2549094e-02
   3.2263387e-01   3.4924327e-02
   3.3095360e-01   3.7636550e-02
   3.2925121e-01   3.8154759e-02
   3.2436837e-01   3.3311234e-02
   3.3071528e-01   2.5588081e-02
   3.3441498e-01   2.6089662e-02
   3.3451798e-01   3.2774109e-02
   3.3090722e-01   3.8727465e-02
   3.2482529e-01   3.8298621e-02
   3.2098399e-01   3.4353851e-02
   3.3384936e-01   3.2712169e-02
   3.4013164e-01   2.6633184e-02
   3.3633167e-01   2.9399363e-02
   3.4072427e-01   2.9406202e-02
   3.6020591e-01   3.3710629e-02
   3.6978391e-01   3.6794761e-02
   3.8258600e-01   3.8940530e-02
   3.9356457e-01   3.5619286e-02
   4.0557938e-01   3.0120322e-02
   4.0384611e-01   2.9563429e-02
   4.0992469e-01   3.2812421e-02
   4.2356587e-01   3.8655142e-02
   4.4081094e-01   3.6870430e-02
   4.3382921e-01   4.0670851e-02
   4.1899450e-01   4.0263516e-02
   4.1321205e-01   3.7701703e-02
   4.0958835e-01   3.1170050e-02
   4.0282946e-01   3.1213272e-02
   3.9049496e-01   3.5066038e-02
   3.8603052e-01   3.5601055e-02
   3.7418019e-01   3.7341822e-02
   3.6742604e-01   3.7389780e-02
   3.6590031e-01   3.3032286e-02
   1.2022769e-01   2.9063020e-02
   9.8603260e-02   3.0219865e-02
   9.1493643e-02   2.8995183e-02
   9.1740571e-02   2.0113551e-02
   8.2009832e-02   2.6750175e-02
   7.4039840e-02   2.2879730e-02
   7.9305256e-02   2.8982801e-02
   9.0341610e-02   2.7378618e-02
   8.1937054e-02   3.5666901e-02
   7.3990416e-02   3.0692321e-02
   5.9160148e-02   2.5658274e-02
   6.0429067e-02   1.3916405e-02
   4.4425693e-02   2.2343175e-02
   3.6307626e-02   2.3999282e-02
   2.9599341e-02   2.9613621e-02
   2.8203483e-02   2.7324701e-02
   3.2301309e-02   2.5701211e-02
   2.4168255e-02   3.0114683e-02
   1.6129883e-02   2.9030824e-02
   2.2861321e-02   2.3446284e-02
   1.6126214e-02   1.8962789e-02
  -1.3460083e-02   2.4589594e-02
  -2.1488368e-02   2.7327207e-02
  -3.3549951e-02   2.4509831e-02
  -2.6929684e-02   1.9556983e-02
  -2.6870035e-02   2.2863990e-02
  -2.9555824e-02   2.3420673e-02
  -2.1453363e-02   2.2820176e-02
  -4.5768194e-02   2.3459552e-02
  -6.1731910e-02   2.4491771e-02
  -8.0353149e-02   2.5535646e-02
  -8.1903816e-02   1.6685711e-02
  -7.3767479e-02   1.8342389e-02
  -6.2920394e-02   1.6093626e-02
  -6.7157530e-02   2.6182691e-02
  -6.9815641e-02   3.0636228e-02
  -6.8429459e-02   2.6711897e-02
  -7.5074034e-02   2.5010981e-02
  -8.8691145e-02   1.9479868e-02
  -1.0070435e-01   1.6114394e-02
  -1.0752488e-01   1.6124193e-02
  -1.1828704e-01   1.4446606e-02
  -1.2370954e-01   2.4463605e-02
  -1.1575159e-01   2.5057577e-02
  -1.0866614e-01   2.8326058e-02
  -1.0768066e-01   2.4512814e-02
  -1.1556318e-01   2.0006420e-02
  -1.2513866e-01   1.3342568e-02
  -1.2672714e-01   1.5038732e-02
  -1.2252129e-01   2.0593888e-02
  -3.3617378e-01   2.3742299e-02
  -3.3313021e-01   2.7049302e-03
  -3.3951292e-01   0.0000000e+00
  -3.2979081e-01   1.0804425e-03
  -3.4179217e-01   1.1907273e-02
  -3.5897798e-01   2.5358173e-02
  -3.6013677e-01   3.0745895e-02
  -3.6011411e-01   1.9939306e-02
  -3.5052788e-01   5.3719034e-03
  -3.5596856e-01  -1.6163937e-03
  -3.5829949e-01  -1.0760653e-03
  -3.6771751e-01   1.2402212e-02
  -3.7511182e-01   2.5281410e-02
  -3.6193809e-01   2.8068008e-02
  -3.5004864e-01   1.8319917e-02
  -3.4319151e-01   7.0344436e-03
  -3.3783649e-01   0.0000000e+00
  -3.4858686e-01   5.4059242e-03
  -3.4581967e-01   1.4661402e-02
  -3.2309595e-01   2.1740361e-02
  -3.0676613e-01   2.4074476e-02
  -2.8679101e-01   1.9680022e-02
  -2.7240093e-01   7.6774060e-03
  -2.5867941e-01   2.7444808e-03
  -2.4429089e-01   1.2123019e-02
  -2.3271148e-01   2.2140344e-02
  -2.1542290e-01   3.2040830e-02
  -2.0394904e-01   3.0514424e-02
  -1.9173049e-01   2.2754264e-02
  -1.8068322e-01   1.1089886e-02
  -1.7719160e-01   6.6761976e-03
  -1.6194098e-01   1.5012298e-02
  -1.5756305e-01   2.3525823e-02
  -1.4470280e-01   2.7923899e-02
  -1.2952639e-01   3.1247446e-02
  -1.2128660e-01   2.1730526e-02
  -1.0661115e-01   1.5073038e-02
  -1.0258149e-01   1.0609404e-02
  -9.0520543e-02   1.1745386e-02
  -7.2753694e-02   2.5138273e-02
  -6.6233175e-02   3.3099467e-02
  -5.3937899e-02   2.6858522e-02
  -4.5920899e-02   1.8487794e-02
  -3.3731638e-02   1.8474228e-02
  -1.8969929e-02   1.4054837e-02
  -2.2936746e-02   1.9037249e-02
  -9.4540661e-03   3.1422073e-02
  -6.7509283e-03   3.4228027e-02
   1.3508729e-03   2.9178342e-02
   2.4094939e-01   2.8227463e-02
   2.4257816e-01   3.2517417e-02
   2.4995442e-01   3.6449031e-02
   2.6733676e-01   3.3574075e-02
   2.7252972e-01   3.1318133e-02
   2.7386315e-01   3.1861364e-02
   2.7665250e-01   2.8554152e-02
   2.7950535e-01   3.2965694e-02
   2.9129474e-01   3.5065589e-02
   2.9543117e-01   3.2305918e-02
   2.8692575e-01   3.6149072e-02
   2.9658374e-01   2.8986808e-02
   2.9684776e-01   3.0109368e-02
   2.9981200e-01   3.1220863e-02
   2.9891233e-01   3.5678439e-02
   2.8785918e-01   3.4055947e-02
   2.9548207e-01   3.0663244e-02
   3.0625865e-01   3.1157705e-02
   3.0173011e-01   3.2371239e-02
   3.0474107e-01   3.6085130e-02
   3.1163738e-01   3.1676696e-02
   3.1181430e-01   3.5533509e-02
   3.2474637e-01   3.3209199e-02
   3.3556645e-01   3.2061038e-02
   3.5582244e-01   3.0862613e-02
   3.6385803e-01   3.4739236e-02
   3.7432864e-01   3.4094707e-02
   3.8416613e-01   3.8272795e-02
   3.9525893e-01   3.6722677e-02
   4.0711589e-01   3.4983557e-02
   4.1596163e-01   3.2607624e-02
   4.2111652e-01   3.3842665e-02
   4.2166018e-01   3.4738123e-02
   4.1616051e-01   3.6917705e-02
   4.1267937e-01   3.9819472e-02
   4.1288432e-01   3.8089464e-02
   4.1437221e-01   3.3352853e-02
   4.2228615e-01   3.0490430e-02
   4.0924874e-01   2.9530690e-02
   3.8989022e-01   3.9345452e-02
   4.0173173e-01   3.4483464e-02
   3.9044333e-01   3.6144993e-02
   3.7953032e-01   3.8384208e-02
   3.7083749e-01   3.5129735e-02
   3.6731609e-01   3.1399777e-02
   3.6641379e-01   2.9269009e-02
   3.6195567e-01   3.0347673e-02
   3.4441364e-01   3.8635935e-02
   3.3626132e-01   3.9781108e-02
   8.7544294e-02   2.9029771e-02
   7.8096084e-02   1.9528190e-02
   6.2002207e-02   1.9000927e-02
   5.9238853e-02   2.1217079e-02
   5.3822544e-02   2.8480310e-02
   5.1273703e-02   3.0808551e-02
   4.4436012e-02   3.1311661e-02
   3.3600391e-02   3.0140190e-02
   3.2210690e-02   2.3396315e-02
   3.7556726e-02   1.7249781e-02
   2.8274143e-02   2.0674103e-02
   2.2856276e-02   2.6237508e-02
   1.4784956e-02   2.9589447e-02
   2.6887176e-03   2.7357872e-02
  -5.3611756e-03   2.7832782e-02
  -5.3744328e-03   2.1752815e-02
  -8.0641299e-03   1.6732769e-02
  -1.3493518e-02   1.7359132e-02
  -2.0113332e-02   2.2263927e-02
  -3.0865589e-02   3.5130225e-02
  -2.1509741e-02   2.7354446e-02
  -3.6153848e-02   2.7239466e-02
  -4.5643971e-02   1.9491337e-02
  -5.3649076e-02   1.8355277e-02
  -7.1160185e-02   1.7249662e-02
  -6.9880261e-02   1.8938759e-02
  -6.4224557e-02   2.4416777e-02
  -7.9126568e-02   3.1706603e-02
  -7.2407994e-02   2.2234392e-02
  -6.5931666e-02   1.3941499e-02
  -7.7937962e-02   2.0046259e-02
  -7.9253104e-02   2.5056375e-02
  -7.5294734e-02   2.5643014e-02
  -8.4563218e-02   2.1688771e-02
  -8.6985110e-02   2.2176164e-02
  -8.5741547e-02   2.0534538e-02
  -1.0066254e-01   2.2782420e-02
  -1.1031622e-01   1.7250522e-02
  -1.1142879e-01   1.8880993e-02
  -1.2235947e-01   2.5021853e-02
  -1.1275525e-01   2.1100554e-02
  -1.1128932e-01   2.2745777e-02
  -1.1167135e-01   1.5579847e-02
  -1.4107334e-01   2.2189739e-02
  -1.4911629e-01   2.3838815e-02
  -1.6005466e-01   2.1068584e-02
  -1.6799763e-01   1.7158364e-02
  -1.8396830e-01   1.4354801e-02
  -1.9682052e-01   1.6053914e-02
  -3.1257745e-01   1.3557613e-02
  -3.3327509e-01   1.8410793e-02
  -3.5121164e-01   1.1887274e-02
  -3.5519311e-01   1.0755943e-02
  -3.5460159e-01   6.4671584e-03
  -3.5614907e-01   1.2892005e-02
  -3.5014888e-01   1.2931706e-02
  -3.5749624e-01   1.2351809e-02
  -3.6525093e-01   1.3984435e-02
  -3.6292614e-01   1.4004429e-02
  -3.5082860e-01   1.4035490e-02
  -3.4613990e-01   1.1862617e-02
  -3.4545191e-01   1.4049022e-02
  -3.5016271e-01   1.5147079e-02
  -3.5219023e-01   1.2952690e-02
  -3.4551820e-01   9.1858990e-03
  -3.4012177e-01   1.0817218e-02
  -3.2498953e-01   1.2459784e-02
  -2.9979112e-01   1.0889991e-02
  -2.9903613e-01   1.1458658e-02
  -2.9196004e-01   1.5279589e-02
  -2.7514575e-01   2.3594059e-02
  -2.6379402e-01   2.5230421e-02
  -2.5396107e-01   2.0281226e-02
  -2.4476891e-01   1.3250772e-02
  -2.4248406e-01   8.8012320e-03
  -2.3501309e-01   1.2625934e-02
  -2.2356245e-01   1.4976604e-02
  -2.1525767e-01   1.6540618e-02
  -1.7964874e-01   1.6669735e-02
  -1.7481450e-01   2.3808826e-02
  -1.6575183e-01   2.2210574e-02
  -1.6811822e-01   2.1607522e-02
  -1.7086078e-01   1.6617072e-02
  -1.5518476e-01   1.6133667e-02
  -1.4857713e-01   1.7272982e-02
  -1.4017408e-01   1.9475588e-02
  -1.2803444e-01   2.0606707e-02
  -1.1558237e-01   1.7227751e-02
  -1.0190755e-01   2.2203132e-02
  -9.9591099e-02   2.6196123e-02
  -9.0341610e-02   2.7378618e-02
  -8.4614510e-02   2.6720355e-02
  -7.5405704e-02   1.8972389e-02
  -7.2728092e-02   1.5067955e-02
  -5.6630896e-02   1.1737924e-02
  -5.1115449e-02   1.9527366e-02
  -4.1885450e-02   2.6920883e-02
  -3.5010192e-02   3.1318109e-02
   1.9379890e-01   2.6000341e-02
   1.9227048e-01   2.5425837e-02
   1.8704272e-01   2.7679054e-02
   2.0316971e-01   2.8737394e-02
   2.1098746e-01   3.0890061e-02
   2.1783333e-01   3.4758233e-02
   2.3539787e-01   3.1381273e-02
   2.4100437e-01   3.1940884e-02
   2.4829946e-01   2.9218246e-02
   2.4757103e-01   2.8583933e-02
   2.4995966e-01   3.0742069e-02
   2.5171543e-01   3.4095465e-02
   2.5261886e-01   3.1828563e-02
   2.5662002e-01   3.2908139e-02
   2.6614306e-01   2.8483212e-02
   2.7336390e-01   3.0155383e-02
   2.8172421e-01   3.0148578e-02
   2.8055854e-01   3.3476283e-02
   2.8430409e-01   3.3972001e-02
   2.7889708e-01   3.4547598e-02
   2.8753885e-01   3.2216060e-02
   2.8788998e-01   3.0060585e-02
   2.9048018e-01   3.3326274e-02
   3.0952529e-01   2.6146375e-02
   3.0123870e-01   3.3270588e-02
   3.0073484e-01   3.5014128e-02
   3.0519684e-01   3.5429537e-02
   3.0659926e-01   3.3787046e-02
   3.0399954e-01   3.1075648e-02
   3.0670700e-01   3.0517332e-02
   3.1099872e-01   3.2161723e-02
   3.1575528e-01   3.2072622e-02
   3.2199124e-01   3.4858256e-02
   3.2434189e-01   3.5353438e-02
   3.3727306e-01   3.1414137e-02
   3.4732866e-01   3.2504149e-02
   3.5403854e-01   3.3005678e-02
   3.5874681e-01   3.4126291e-02
   3.6647345e-01   3.4043145e-02
   3.7137186e-01   3.6673462e-02
   3.6934083e-01   3.5537903e-02
   3.7401169e-01   3.7732710e-02
   3.6694537e-01   3.7206635e-02
   3.6055463e-01   2.9154820e-02
   3.5414155e-01   3.0300295e-02
   3.4306828e-01   3.7948845e-02
   3.5628706e-01   3.5119874e-02
   3.5058313e-01   3.4581162e-02
   3.4083075e-01   3.5288137e-02
   1.5372301e-01   2.6707018e-02
   1.4540200e-01   3.2816542e-02
   1.2966297e-01   3.0719925e-02
   1.1846156e-01   3.3994762e-02
   1.1473250e-01   2.6810037e-02
   1.0779270e-01   2.3979485e-02
   1.1600723e-01   2.2317621e-02
   1.0529863e-01   2.5148686e-02
   9.9759985e-02   2.9599068e-02
   8.6330920e-02   3.3564826e-02
   8.3599699e-02   2.7387412e-02
   7.2841750e-02   2.2367412e-02
   6.0815320e-02   2.4103766e-02
   5.7948043e-02   2.1798079e-02
   5.1133982e-02   2.7924038e-02
   3.2424262e-02   2.8048003e-02
   2.8283541e-02   2.9084509e-02
   1.7490520e-02   2.9618266e-02
   1.0812073e-02   2.3566377e-02
   2.6956554e-03   1.9580380e-02
   0.0000000e+00   1.7902098e-02
  -4.0470791e-03   2.1279904e-02
  -2.1615082e-02   2.8613557e-02
  -3.3743218e-02   2.7458871e-02
  -4.0420510e-02   2.4604337e-02
  -4.4476740e-02   2.0128925e-02
  -3.5053113e-02   1.4540550e-02
  -4.4610265e-02   2.0189367e-02
  -6.0798506e-02   2.7467082e-02
  -7.6784898e-02   2.6809717e-02
  -9.0448824e-02   2.5168684e-02
  -8.3645815e-02   2.0121364e-02
  -8.4842221e-02   1.6733425e-02
  -9.3282555e-02   1.9032721e-02
  -1.0659198e-01   1.8422602e-02
  -1.1759096e-01   2.2360089e-02
  -1.2553086e-01   2.6791067e-02
  -1.2705733e-01   2.1787338e-02
  -1.4975299e-01   2.0036940e-02
  -1.6732472e-01   1.6672312e-02
  -1.6316044e-01   9.9971569e-03
  -1.7019355e-01   1.6684633e-02
  -1.7844106e-01   2.0025994e-02
  -1.8502801e-01   1.8882330e-02
  -1.9944123e-01   2.2136971e-02
  -2.0665728e-01   1.7177093e-02
  -2.1860165e-01   1.6583797e-02
  -2.4655953e-01   1.7698906e-02
  -2.5215238e-01   1.0448610e-02
  -2.4723178e-01   1.2681872e-02
  -4.4094541e-01   9.0403425e-03
  -4.2054937e-01   2.0767203e-02
  -4.1560413e-01   2.0275956e-02
  -3.9826686e-01   8.5086573e-03
  -3.9422409e-01   1.4470006e-02
  -3.8271401e-01   1.2416265e-02
  -3.7880144e-01   2.2712090e-02
  -3.6766945e-01   2.0572268e-02
  -3.5523441e-01   1.6804783e-02
  -3.6388737e-01   1.9985063e-02
  -3.4860935e-01   8.1412894e-03
  -3.4086465e-01   5.4404636e-03
  -3.3917220e-01   5.4366319e-03
  -3.3164099e-01   1.3636431e-02
  -3.1036952e-01   1.5826776e-02
  -3.1322349e-01   2.3479278e-02
  -3.0201558e-01   2.1946603e-02
  -3.0123305e-01   1.5318681e-02
  -2.9284328e-01   1.4776106e-02
  -2.8044546e-01   1.2598031e-02
  -2.8449035e-01   1.2590462e-02
  -2.7781090e-01   1.0463398e-02
  -2.6875403e-01   1.9241577e-02
  -2.5524880e-01   1.9277654e-02
  -2.4364833e-01   2.3099211e-02
  -2.4201754e-01   1.7121573e-02
  -2.3458002e-01   1.4881738e-02
  -2.2671115e-01   1.5463300e-02
  -2.1973151e-01   1.6565035e-02
  -2.1358072e-01   2.0506129e-02
  -2.0645082e-01   1.7160309e-02
  -1.9623796e-01   1.7786795e-02
  -1.7460018e-01   1.6154207e-02
  -1.7571759e-01   2.1700438e-02
  -1.7936848e-01   2.4980033e-02
  -1.7181351e-01   2.3401676e-02
  -1.6324425e-01   2.0014020e-02
  -1.5908300e-01   1.5001026e-02
  -1.4307418e-01   1.0580724e-02
  -1.4037193e-01   1.1139917e-02
  -1.2925323e-01   2.0584384e-02
  -1.1753795e-01   2.7950112e-02
  -1.0661243e-01   2.9058432e-02
  -9.2958841e-02   2.5673345e-02
  -8.9057218e-02   1.7322313e-02
  -9.1398726e-02   1.5581832e-02
  -8.0972636e-02   1.4533863e-02
  -7.1213951e-02   2.1165749e-02
   1.5497123e-01   2.2231392e-02
   1.6117807e-01   2.6029874e-02
   1.6525792e-01   3.3250414e-02
   1.6299538e-01   3.6692370e-02
   1.6573177e-01   3.4460304e-02
   1.6836304e-01   2.8311580e-02
   1.7094305e-01   2.4395645e-02
   1.8723834e-01   2.7152059e-02
   1.9319456e-01   2.7772462e-02
   1.9497428e-01   3.4846607e-02
   2.0117766e-01   3.3853241e-02
   2.0887436e-01   3.3203510e-02
   2.1543522e-01   3.1488402e-02
   2.2344704e-01   2.3708782e-02
   2.2852978e-01   2.7523708e-02
   2.3302616e-01   2.7563408e-02
   2.3376548e-01   3.3556624e-02
   2.3957078e-01   3.5251199e-02
   2.3828606e-01   3.6023699e-02
   2.4508487e-01   3.0272920e-02
   2.4647086e-01   2.8616625e-02
   2.6297192e-01   2.5283777e-02
   2.6260518e-01   2.9652389e-02
   2.7192314e-01   3.3451555e-02
   2.7701259e-01   3.5211214e-02
   2.7458159e-01   3.4534884e-02
   2.8304057e-01   3.1238620e-02
   2.8446566e-01   2.8492646e-02
   2.8040645e-01   2.9058071e-02
   2.8597117e-01   3.2900960e-02
   2.9008513e-01   3.0688722e-02
   2.8800483e-01   3.5560086e-02
   2.9534050e-01   3.5043708e-02
   3.1438876e-01   3.0024999e-02
   3.1234503e-01   3.2154671e-02
   3.1999400e-01   3.3302304e-02
   3.1723414e-01   3.4955807e-02
   3.1459326e-01   3.3332096e-02
   3.1293068e-01   3.3307813e-02
   3.1898157e-01   3.2794850e-02
   3.3505071e-01   2.7228029e-02
   3.3726989e-01   3.1539912e-02
   3.4914736e-01   3.0479947e-02
   3.4242743e-01   3.7486006e-02
   3.3529375e-01   3.8736911e-02
   3.2922802e-01   3.8699827e-02
   3.2190559e-01   3.5545451e-02
   3.2280676e-01   3.0013093e-02
   3.3107644e-01   2.4522380e-02
   3.3455219e-01   3.2098781e-02
