   2.5326074e-02   2.2130487e-02
   2.3963460e-02   2.5425404e-02
   2.5240330e-02   2.7581375e-02
   2.5223483e-02   2.3696644e-02
   1.8638247e-02   2.5426989e-02
   1.9953305e-02   2.3192729e-02
   2.1284383e-02   2.2640180e-02
   2.6579310e-02   2.2616300e-02
   2.2610881e-02   2.4848579e-02
   2.3913038e-02   2.7030233e-02
   2.5268729e-02   2.5952052e-02
   2.0008065e-02   2.6030765e-02
   2.5270985e-02   2.4847709e-02
   2.5224519e-02   2.3145559e-02
   2.6630625e-02   2.3213640e-02
   2.3918423e-02   2.4272046e-02
   1.9951639e-02   2.4297144e-02
   2.2590574e-02   2.3720811e-02
   2.1322804e-02   2.4898074e-02
   2.2656461e-02   2.4344391e-02
   2.9234861e-02   2.3718567e-02
   2.2608862e-02   2.5952960e-02
   1.9948077e-02   2.6505976e-02
   1.5961986e-02   2.3745872e-02
   1.5946288e-02   2.3722480e-02
   1.9973775e-02   2.2662866e-02
   2.5276199e-02   2.2086853e-02
   2.3986004e-02   2.6003792e-02
   2.1275925e-02   2.7609975e-02
   1.8672444e-02   2.7138842e-02
   1.9950778e-02   2.4849352e-02
   2.7940976e-02   1.9877394e-02
   2.5280803e-02   1.9325996e-02
   2.2658360e-02   2.3237828e-02
   2.2585596e-02   2.6479045e-02
   2.6596184e-02   2.7055882e-02
   2.3933048e-02   2.8713425e-02
   2.6543951e-02   2.7002643e-02
   2.9288673e-02   2.5423423e-02
   3.0569717e-02   2.0960137e-02
   2.3900612e-02   2.0941596e-02
   2.1241701e-02   2.3146736e-02
   2.5290042e-02   2.7635811e-02
   2.7984939e-02   2.5449067e-02
   2.9288673e-02   2.5423423e-02
   2.1318898e-02   2.7111236e-02
   1.9952482e-02   2.3744937e-02
   2.6606525e-02   2.2086434e-02
   2.2592413e-02   2.2617518e-02
   2.3962376e-02   2.5978130e-02
   2.9232368e-02   2.4821756e-02
   2.9227046e-02   2.7028135e-02
   3.0584143e-02   2.7606312e-02
   2.7931089e-02   2.4846743e-02
   3.0619977e-02   2.5422866e-02
   2.9355021e-02   2.1597261e-02
   3.1827266e-02   2.4771864e-02
   3.3242005e-02   2.8157124e-02
   2.6572512e-02   2.5926002e-02
   2.5292451e-02   2.6530378e-02
   2.3970396e-02   2.1556321e-02
   2.5179838e-02   2.0350090e-02
   2.5226520e-02   2.2043390e-02
   2.3919432e-02   2.3720408e-02
   1.8653136e-02   2.7665337e-02
   1.8599029e-02   2.7031911e-02
   2.6543951e-02   2.7002643e-02
   2.3941967e-02   2.4295975e-02
   2.3894926e-02   2.4248163e-02
   2.3941967e-02   2.4295975e-02
   2.2586635e-02   2.5927398e-02
   2.2586635e-02   2.5927398e-02
   1.8656626e-02   2.5452110e-02
   1.8566702e-02   2.4225827e-02
   2.3919432e-02   2.3720408e-02
   2.6683216e-02   2.3259544e-02
   2.5220227e-02   2.5349898e-02
   2.9261141e-02   2.4846224e-02
   2.7819090e-02   2.5849118e-02
   2.7820335e-02   2.5299136e-02
   2.6677419e-02   2.6028538e-02
   2.9207338e-02   2.3144181e-02
   2.5274187e-02   2.3191195e-02
   2.2568379e-02   2.3697470e-02
   2.6624863e-02   2.5977169e-02
   2.7923284e-02   2.8159642e-02
   3.1986949e-02   2.3787778e-02
   3.1923971e-02   2.3740886e-02
   2.9261141e-02   2.4846224e-02
   3.0621332e-02   2.4870195e-02
   2.6578241e-02   2.3167917e-02
   2.5216753e-02   2.7003153e-02
   3.0644438e-02   2.7660841e-02
   3.0612758e-02   2.8186221e-02
   3.3220033e-02   2.4268502e-02
   2.9237241e-02   2.2615378e-02
   2.5217935e-02   2.6452068e-02
   2.6594907e-02   2.7608043e-02
   2.5241540e-02   2.7029747e-02
   2.7874988e-02   2.5348917e-02
   2.3944931e-02   2.2639431e-02
   2.3971294e-02   2.1003595e-02
   1.8641438e-02   2.3215947e-02
   1.9991843e-02   2.3791853e-02
   1.8619903e-02   2.5401918e-02
   2.1320892e-02   2.6004655e-02
   1.7305361e-02   2.6532860e-02
   2.1306200e-02   2.2109779e-02
   1.8641438e-02   2.3215947e-02
   1.9953305e-02   2.3192729e-02
   1.5929951e-02   2.4250277e-02
   1.8604002e-02   2.3721881e-02
   1.5989929e-02   2.6559398e-02
   1.7289130e-02   2.5954475e-02
   1.8603218e-02   2.4273553e-02
   2.1265890e-02   2.0962913e-02
   1.7309906e-02   2.3216252e-02
   2.5248289e-02   2.3719982e-02
   2.1258010e-02   2.5927813e-02
   2.5247225e-02   2.4271610e-02
   2.2608862e-02   2.5952960e-02
   2.3941967e-02   2.4295975e-02
   2.3916338e-02   2.5375320e-02
   2.3893898e-02   2.4799258e-02
   2.2589622e-02   2.4272458e-02
   1.9948996e-02   2.5953768e-02
   1.9949897e-02   2.5401560e-02
   2.1279890e-02   2.5401177e-02
   2.3940933e-02   2.4848156e-02
   1.9913276e-02   2.3698205e-02
   2.6578241e-02   2.3167917e-02
   2.1195497e-02   2.5851424e-02
   2.6576026e-02   2.4271151e-02
   2.3961270e-02   2.6530856e-02
   2.7963285e-02   2.2660482e-02
   2.7878586e-02   2.3695726e-02
   2.5298048e-02   2.3766797e-02
   2.9285996e-02   2.6528789e-02
   2.7899854e-02   2.6477092e-02
   1.4600528e-02   2.5903994e-02
   1.9988336e-02   2.6005049e-02
   1.7290674e-02   2.4850029e-02
   2.1305360e-02   2.2662524e-02
   1.8659053e-02   2.3792190e-02
   1.4673247e-02   2.5478215e-02
   1.3285021e-02   2.7033171e-02
   1.8640667e-02   2.3768707e-02
   1.9967725e-02   2.6532136e-02
   2.3937692e-02   2.6504700e-02
   1.9968647e-02   2.5979383e-02
   1.8679747e-02   2.2154157e-02
   1.7326264e-02   2.3792503e-02
   2.1284383e-02   2.2640180e-02
   2.2631133e-02   2.5978573e-02
   2.1279890e-02   2.5401177e-02
   2.1298906e-02   2.6531735e-02
   2.3991205e-02   2.3237431e-02
   1.7343371e-02   2.3816033e-02
   2.1281749e-02   2.4296778e-02
   1.8567482e-02   2.3675240e-02
   2.2525042e-02   2.3100905e-02
   2.3896913e-02   2.3145974e-02
   1.8623085e-02   2.3193056e-02
   1.9892895e-02   2.4225487e-02
   2.1277948e-02   2.6505576e-02
   2.2610881e-02   2.4848579e-02
   2.7877413e-02   2.4246790e-02
   2.6603309e-02   2.3742917e-02
   2.2655479e-02   2.4897673e-02
   1.9972143e-02   2.3768372e-02
   1.9952482e-02   2.3744937e-02
   2.5247225e-02   2.4271610e-02
   1.9952482e-02   2.3744937e-02
   2.5323001e-02   2.3790274e-02
   1.9950778e-02   2.4849352e-02
   2.3968530e-02   2.2661773e-02
   2.5293619e-02   2.5977662e-02
   2.9318855e-02   2.4895304e-02
   2.9229763e-02   2.5924945e-02
   3.3217136e-02   2.5371615e-02
   2.9261141e-02   2.4846224e-02
   2.7958607e-02   2.4871260e-02
   2.7936852e-02   2.2085994e-02
   2.5294763e-02   2.5424946e-02
   2.5270985e-02   2.4847709e-02
   2.7928595e-02   2.5951043e-02
   3.0563718e-02   2.3718049e-02
   2.5272077e-02   2.4295538e-02
   2.5274187e-02   2.3191195e-02
   2.2633158e-02   2.4873102e-02
   2.6654660e-02   2.4343073e-02
   2.3970396e-02   2.1556321e-02
   2.6553191e-02   2.2594048e-02
   2.5348003e-02   2.3813797e-02
   3.0526974e-02   2.6449916e-02
   2.5265161e-02   2.7608566e-02
   2.6599862e-02   2.5399399e-02
   2.2637837e-02   2.2109424e-02
   3.3260676e-02   2.0979818e-02
   3.0593806e-02   2.3741428e-02
   2.2632157e-02   2.5425837e-02
   2.2652400e-02   2.6557518e-02
   1.7288333e-02   2.6506697e-02
   1.9931160e-02   2.4824875e-02
   2.6608541e-02   2.0982112e-02
   2.2571959e-02   2.1493055e-02
   2.6551034e-02   2.3696197e-02
   2.3890676e-02   2.6452542e-02
   2.1230975e-02   2.9208977e-02
   1.8595356e-02   2.9238598e-02
   2.6602186e-02   2.4295077e-02
   2.1244197e-02   2.1493398e-02
   2.5255925e-02   1.9306962e-02
   2.3898808e-02   2.2043785e-02
   2.5268729e-02   2.5952052e-02
   1.7283202e-02   2.9820035e-02
   2.2653448e-02   2.6004236e-02
   2.6573709e-02   2.5374385e-02
   3.0596301e-02   2.2637175e-02
   2.9241662e-02   2.0409000e-02
   2.9178668e-02   2.3121434e-02
   2.6602186e-02   2.4295077e-02
   2.7841121e-02   2.8076611e-02
   3.1975233e-02   2.8213411e-02
   3.1912324e-02   2.8157795e-02
   3.3251296e-02   2.4844521e-02
   3.0532405e-02   2.4245757e-02
   2.9238388e-02   2.2063783e-02
   3.1891231e-02   2.4269079e-02
   3.0525543e-02   2.7000956e-02
   3.5872891e-02   2.5921865e-02
   3.1916923e-02   2.6501454e-02
   2.9261141e-02   2.4846224e-02
   3.0498422e-02   2.5873424e-02
   3.3220033e-02   2.4268502e-02
   2.9257179e-02   2.6502639e-02
   2.6653504e-02   2.4896324e-02
   2.9206138e-02   2.3695233e-02
   2.9259848e-02   2.5398362e-02
   2.6578241e-02   2.3167917e-02
   2.1280829e-02   2.4848978e-02
   1.9987411e-02   2.6558348e-02
   1.9928467e-02   2.6479867e-02
   1.9931160e-02   2.4824875e-02
   2.2658360e-02   2.3237828e-02
   2.1281749e-02   2.4296778e-02
   2.1301796e-02   2.4873502e-02
   1.9989242e-02   2.5451750e-02
   1.7306943e-02   2.5427324e-02
   1.7254377e-02   2.6454527e-02
   1.9932860e-02   2.3721548e-02
   2.2571959e-02   2.1493055e-02
   1.7275856e-02   2.3170513e-02
   2.5399214e-02   2.3306076e-02
   1.8659053e-02   2.3792190e-02
   2.3915261e-02   2.5926958e-02
   2.2655479e-02   2.4897673e-02
   2.1301796e-02   2.4873502e-02
   2.1326378e-02   2.2684912e-02
   2.5277169e-02   2.1534681e-02
   2.9257179e-02   2.6502639e-02
   2.7928595e-02   2.5951043e-02
   2.2629021e-02   2.7084044e-02
   2.1280829e-02   2.4848978e-02
   2.9351538e-02   2.3258589e-02
   3.0595068e-02   2.3189302e-02
   2.6573709e-02   2.5374385e-02
   2.3937692e-02   2.6504700e-02
   2.6574880e-02   2.4822768e-02
   2.5262661e-02   2.8712909e-02
   2.5290042e-02   2.7635811e-02
   2.6598662e-02   2.5951560e-02
   2.6607546e-02   2.1534273e-02
   2.3947687e-02   2.0982888e-02
   2.5295883e-02   2.4872230e-02
   2.6568768e-02   2.7580853e-02
   2.7898544e-02   2.7028698e-02
   2.5266375e-02   2.7056395e-02
   2.5272077e-02   2.4295538e-02
   2.5270985e-02   2.4847709e-02
   2.1265096e-02   2.1514568e-02
   2.5278114e-02   2.0982510e-02
   2.1280829e-02   2.4848978e-02
   2.1295832e-02   2.8189969e-02
   2.1299890e-02   2.5978991e-02
   1.9931160e-02   2.4824875e-02
   2.1322804e-02   2.4898074e-02
   2.6602186e-02   2.4295077e-02
   2.5276199e-02   2.2086853e-02
   2.6602186e-02   2.4295077e-02
   2.3899722e-02   2.1492690e-02
   2.4010768e-02   2.5475686e-02
   2.3963460e-02   2.5425404e-02
   2.3963460e-02   2.5425404e-02
   2.1277948e-02   2.6505576e-02
   2.1244197e-02   2.1493398e-02
   2.3920417e-02   2.3168771e-02
   2.7878586e-02   2.3695726e-02
   3.0618592e-02   2.5975537e-02
   3.1940519e-02   2.9290892e-02
   2.7839738e-02   2.8627133e-02
   3.0619977e-02   2.5422866e-02
   3.3153402e-02   2.4771278e-02
   3.1865078e-02   2.2041095e-02
   2.9237241e-02   2.2615378e-02
   2.7936852e-02   2.2085994e-02
   2.2607820e-02   2.6505151e-02
   2.7929855e-02   2.5398893e-02
   2.7898544e-02   2.7028698e-02
   3.3290937e-02   2.2105806e-02
   3.1955429e-02   2.3764309e-02
   3.1898835e-02   2.0959659e-02
   2.7932295e-02   2.4294593e-02
   2.3934243e-02   2.8161244e-02
   2.6603309e-02   2.3742917e-02
   2.6524974e-02   2.3672906e-02
   2.3920417e-02   2.3168771e-02
   3.0621332e-02   2.4870195e-02
   2.6624863e-02   2.5977169e-02
   2.2561279e-02   2.7555198e-02
   2.2632157e-02   2.5425837e-02
   1.9934482e-02   2.2618220e-02
   2.1281749e-02   2.4296778e-02
   2.3949408e-02   1.9878525e-02
   2.2635095e-02   2.3767631e-02
   2.4010768e-02   2.5475686e-02
   2.1255015e-02   2.7582780e-02
   2.7902395e-02   2.5373880e-02
   2.5293619e-02   2.5977662e-02
   2.3921379e-02   2.2617133e-02
   2.2595008e-02   2.0962577e-02
   1.5978375e-02   2.3216535e-02
   2.2634138e-02   2.4320366e-02
   2.1234145e-02   2.7555638e-02
   2.3893898e-02   2.4799258e-02
   1.9949897e-02   2.5401560e-02
   1.9952482e-02   2.3744937e-02
   1.9896880e-02   2.1472591e-02
   1.7289910e-02   2.5402252e-02
   1.9949897e-02   2.5401560e-02
   2.9289969e-02   2.4870740e-02
   2.9323770e-02   2.2682388e-02
   3.4587123e-02   2.2635558e-02
   2.9289969e-02   2.4870740e-02
   2.5267564e-02   2.6504223e-02
   2.5190813e-02   2.7527153e-02
   2.4034491e-02   2.5500901e-02
   2.5241540e-02   2.7029747e-02
   2.2610881e-02   2.4848579e-02
   2.5295883e-02   2.4872230e-02
   2.7887932e-02   1.8736156e-02
   1.8604768e-02   2.3170210e-02
   1.7237449e-02   2.6428519e-02
   2.2603434e-02   2.8713914e-02
   2.5290042e-02   2.7635811e-02
   2.6580353e-02   2.2064682e-02
   1.9970434e-02   2.4873877e-02
   2.3896913e-02   2.3145974e-02
   1.5991394e-02   2.5452756e-02
   2.3899722e-02   2.1492690e-02
   2.2630088e-02   2.6531309e-02
   1.8623085e-02   2.3193056e-02
   2.5246136e-02   2.4823237e-02
   2.2610881e-02   2.4848579e-02
   2.1283526e-02   2.3192379e-02
   2.1281749e-02   2.4296778e-02
   2.2609883e-02   2.5400770e-02
   2.6623633e-02   2.6529874e-02
   2.3913038e-02   2.7030233e-02
   2.3938796e-02   2.5952519e-02
   2.2657422e-02   2.3791110e-02
   1.9973775e-02   2.2662866e-02
   2.1320892e-02   2.6004655e-02
   1.9909811e-02   2.5902689e-02
   1.7274417e-02   2.4273871e-02
   1.3317386e-02   2.1005887e-02
   1.7311287e-02   2.2110716e-02
   1.9913276e-02   2.3698205e-02
   2.3917392e-02   2.4823683e-02
   2.5221336e-02   2.4798814e-02
   2.3890676e-02   2.6452542e-02
   2.7931089e-02   2.4846743e-02
   2.7899854e-02   2.6477092e-02
   2.9179837e-02   2.2570924e-02
   2.7906004e-02   2.3719062e-02
   2.3966572e-02   2.3767225e-02
   2.5219093e-02   2.5900983e-02
   2.9201055e-02   2.5899441e-02
   2.6624863e-02   2.5977169e-02
   3.1922623e-02   2.4292999e-02
   3.1884050e-02   2.7026928e-02
   3.4473284e-02   2.6972505e-02
   2.9264848e-02   2.3189809e-02
   2.9263640e-02   2.3741947e-02
   2.9350319e-02   2.3812365e-02
   2.6621096e-02   2.7635286e-02
   2.9198346e-02   2.7001545e-02
   2.5225532e-02   2.2594475e-02
   2.6520367e-02   2.5875036e-02
   2.7924652e-02   2.7607492e-02
   2.9228419e-02   2.6476540e-02
   2.6571290e-02   2.6477619e-02
   3.4517763e-02   2.3142030e-02
   3.0561112e-02   2.4821214e-02
   2.9173713e-02   2.5323476e-02
   2.9261141e-02   2.4846224e-02
   2.4012878e-02   2.4368047e-02
   2.6578241e-02   2.3167917e-02
   2.9257179e-02   2.6502639e-02
   3.0645916e-02   2.7107624e-02
   3.0559765e-02   2.5372797e-02
   2.7964387e-02   2.2107787e-02
   1.9952482e-02   2.3744937e-02
   2.3941967e-02   2.4295975e-02
   2.9232368e-02   2.4821756e-02
   2.3910722e-02   2.8133507e-02
   2.5223483e-02   2.3696644e-02
   2.2675807e-02   2.6029950e-02
   2.3920417e-02   2.3168771e-02
   2.9263640e-02   2.3741947e-02
   2.3915261e-02   2.5926958e-02
   2.5267564e-02   2.6504223e-02
   2.5219093e-02   2.5900983e-02
   2.6653504e-02   2.4896324e-02
   2.6627245e-02   2.4871757e-02
   2.3967563e-02   2.3214499e-02
   2.5320829e-02   2.4896798e-02
   2.5269869e-02   2.5399881e-02
   2.5194349e-02   2.5875524e-02
   2.6626067e-02   2.5424463e-02
   2.5267564e-02   2.6504223e-02
   2.7931089e-02   2.4846743e-02
   2.6656895e-02   2.3236569e-02
   2.2589622e-02   2.4272458e-02
   2.6654660e-02   2.4343073e-02
   2.6653504e-02   2.4896324e-02
   2.6594907e-02   2.7608043e-02
   2.6597436e-02   2.6503721e-02
   2.2634138e-02   2.4320366e-02
   2.2636031e-02   2.3214895e-02
   2.5265161e-02   2.7608566e-02
   2.9320126e-02   2.4342075e-02
   2.9236065e-02   2.3166973e-02
   2.6632750e-02   2.2108229e-02
   1.9990995e-02   2.4345152e-02
   2.2640382e-02   2.0451217e-02
   2.6627245e-02   2.4871757e-02
   2.7842477e-02   2.7526089e-02
   2.7975495e-02   2.9321751e-02
   2.6596184e-02   2.7055882e-02
   2.3992176e-02   2.2684159e-02
   2.5299094e-02   2.3214081e-02
   2.6578241e-02   2.3167917e-02
   2.5267564e-02   2.6504223e-02
   2.5269869e-02   2.5399881e-02
   2.9204909e-02   2.4246285e-02
   2.7873735e-02   2.5899980e-02
   2.7928595e-02   2.5951043e-02
   3.4581348e-02   2.4843905e-02
   3.0562430e-02   2.4269632e-02
   2.9323770e-02   2.2682388e-02
   2.6624863e-02   2.5977169e-02
   3.1882522e-02   2.7578498e-02
   2.9376797e-02   2.4944578e-02
   3.0623953e-02   2.3764853e-02
   2.9266027e-02   2.2637671e-02
   3.0587051e-02   2.6502059e-02
   3.0588461e-02   2.5949933e-02
   2.6648623e-02   2.7109331e-02
   2.6630625e-02   2.3213640e-02
   2.7907153e-02   2.3167456e-02
   2.7929855e-02   2.5398893e-02
   2.6599862e-02   2.5399399e-02
   2.9291237e-02   2.4318057e-02
   2.5267564e-02   2.6504223e-02
   2.3939876e-02   2.5400338e-02
   2.5272077e-02   2.4295538e-02
   2.7959817e-02   2.4318566e-02
   3.3286905e-02   2.3763742e-02
   2.9289969e-02   2.4870740e-02
   3.1887015e-02   2.5923788e-02
   2.7954815e-02   2.6529344e-02
   3.0622657e-02   2.4317524e-02
   3.0563718e-02   2.3718049e-02
   3.0627662e-02   2.2106840e-02
   3.1895171e-02   2.2614369e-02
   2.6570042e-02   2.7029236e-02
   2.6570042e-02   2.7029236e-02
   2.1234145e-02   2.7555638e-02
   2.6603309e-02   2.3742917e-02
