   3.6038677e-02  -1.4523589e-01
   2.5760802e-03  -2.1064176e-01
   1.2885986e-03  -2.1336046e-01
   5.1286677e-03  -2.1149064e-01
   6.4015993e-03  -2.1049375e-01
   0.0000000e+00  -2.0178138e-01
  -2.5786601e-03  -1.9099860e-01
   5.1981141e-03  -1.9141245e-01
   5.1887469e-03  -1.8912623e-01
  -7.8594970e-03  -1.8991444e-01
   2.6166464e-03  -1.8838406e-01
   2.6384278e-03  -1.8244566e-01
   9.2544955e-03  -1.8224037e-01
   0.0000000e+00  -1.6920863e-01
  -5.3174725e-03  -1.6311658e-01
   0.0000000e+00  -1.6089980e-01
   0.0000000e+00  -1.5762538e-01
   7.9869346e-03  -1.5590289e-01
   8.0496976e-03  -1.5225250e-01
   1.0707670e-02  -1.5063147e-01
   9.3459010e-03  -1.4228208e-01
   8.0163921e-03  -1.3572048e-01
   2.6829848e-03  -1.2545799e-01
   1.3473235e-03  -1.1645254e-01
   2.7009550e-03  -1.0663929e-01
   2.6977981e-03  -1.0710049e-01
   1.3574415e-03  -1.0010209e-01
   9.5465942e-03  -9.8212853e-02
   1.5117826e-02  -9.3038381e-02
   8.3161823e-03  -8.4899702e-02
   2.7745713e-03  -8.1412078e-02
   1.1107344e-02  -7.3773393e-02
   8.2809923e-03  -6.8052254e-02
   8.2479037e-03  -6.2539802e-02
   6.8231961e-03  -5.8048031e-02
   2.7254491e-03  -5.4523214e-02
  -1.3626184e-03  -4.8794301e-02
  -1.2216733e-02  -4.0078996e-02
  -5.4050832e-03  -2.5811416e-02
  -1.5023894e-02  -1.6436228e-02
  -4.0937378e-03  -1.4155648e-02
   2.7153690e-03  -1.4647858e-02
  -1.3563209e-02  -1.4632427e-02
  -2.5649372e-02  -3.9192926e-03
  -2.9757712e-02   6.1708455e-03
  -2.9897482e-02   1.5786660e-02
  -3.1252659e-02   1.8041485e-02
  -2.0454994e-02   2.4911190e-02
  -1.0901480e-02   2.0928610e-02
  -2.7448762e-02   1.7056876e-01
  -3.3754588e-02   1.7794079e-01
  -1.3005068e-02   1.7460261e-01
  -1.5609023e-02   1.8779091e-01
  -1.8249289e-02   1.8950160e-01
  -1.9558545e-02   1.9083479e-01
  -1.8297794e-02   1.9583622e-01
  -1.5603193e-02   1.9407315e-01
  -2.1977577e-02   1.9344649e-01
  -2.1814288e-02   2.0134405e-01
  -1.4118643e-02   2.0269727e-01
  -5.0826597e-03   2.1642609e-01
  -1.2696401e-03   2.2275292e-01
  -1.1420742e-02   2.2195239e-01
  -1.1345482e-02   2.2613371e-01
  -1.0123540e-02   2.2320161e-01
  -1.5182149e-02   2.1857562e-01
  -2.2829424e-02   2.2113517e-01
  -2.0268114e-02   2.2148476e-01
  -1.9027947e-02   2.2578953e-01
  -2.1576373e-02   2.2328679e-01
  -2.4250552e-02   2.1229652e-01
  -2.0527646e-02   2.1553147e-01
  -2.5687505e-02   2.1709765e-01
  -3.0747387e-02   2.1448906e-01
  -3.9596662e-02   2.1436238e-01
  -4.7214567e-02   2.1084270e-01
  -4.0946028e-02   2.0445449e-01
  -4.5952542e-02   2.0514217e-01
  -4.8883265e-02   1.9859967e-01
  -3.9929098e-02   1.9638484e-01
  -4.1306289e-02   1.9431106e-01
  -3.6277377e-02   1.8753604e-01
  -3.7833734e-02   1.7825963e-01
  -3.5188496e-02   1.7433343e-01
  -3.9335871e-02   1.7235894e-01
  -3.8042318e-02   1.7745561e-01
  -3.4308867e-02   1.6982776e-01
  -4.2695919e-02   1.5745098e-01
  -4.0237978e-02   1.5275924e-01
  -4.1646244e-02   1.4683892e-01
  -3.3862935e-02   1.3216230e-01
  -4.6198365e-02   1.2404753e-01
  -5.5718939e-02   1.0605401e-01
  -4.8782102e-02   9.5740167e-02
  -3.9173786e-02   9.6039603e-02
  -3.6469243e-02   8.5555104e-02
  -3.2434317e-02   8.7350066e-02
   2.1347907e-02  -1.0646508e-01
   1.8738118e-02  -1.1504918e-01
   9.4241520e-03  -1.1279470e-01
   1.3464199e-02  -1.2653735e-01
   9.3947243e-03  -1.3213145e-01
   1.1964586e-02  -1.4042053e-01
   2.2610267e-02  -1.3685593e-01
   1.8624884e-02  -1.3870680e-01
   1.7204097e-02  -1.3913952e-01
   1.4651028e-02  -1.3586970e-01
   2.2593300e-02  -1.4581746e-01
   2.5144437e-02  -1.5306090e-01
   7.9458022e-03  -1.5381199e-01
   3.9756259e-03  -1.5454103e-01
   1.8521207e-02  -1.6039141e-01
   1.0597151e-02  -1.5324009e-01
   7.9987527e-03  -1.5491511e-01
   8.0426671e-03  -1.6082336e-01
   5.3697090e-03  -1.6422657e-01
   1.3466905e-03  -1.5975095e-01
  -1.2054040e-02  -1.6255496e-01
  -2.9449652e-02  -1.6998692e-01
  -2.5523247e-02  -1.7128807e-01
  -2.2869492e-02  -1.7669104e-01
  -1.3426350e-02  -1.7440720e-01
  -4.0269314e-03  -1.7693344e-01
  -1.0685969e-02  -1.8432693e-01
  -3.9724634e-03  -1.8705184e-01
  -2.6400594e-03  -1.9090868e-01
   6.5499909e-03  -2.0090455e-01
   1.0444518e-02  -2.0143204e-01
   9.1715894e-03  -2.0420954e-01
   1.9458115e-02  -2.0189663e-01
   9.0459454e-03  -1.9784272e-01
   5.1532137e-03  -1.9971467e-01
   2.3050568e-02  -2.0663919e-01
   2.5558054e-02  -2.1194039e-01
   3.7009336e-02  -2.1415878e-01
   3.0679934e-02  -2.1135466e-01
   2.8151418e-02  -2.0966463e-01
   2.3164035e-02  -2.1039236e-01
   2.4382548e-02  -2.2018326e-01
   3.3442649e-02  -2.2139687e-01
   3.3424721e-02  -2.2725701e-01
   2.5657217e-02  -2.2406769e-01
   2.3090327e-02  -2.1745575e-01
   1.9200101e-02  -2.1431018e-01
   3.2135775e-02  -2.1399780e-01
   1.6262880e-02  -6.7376234e-02
   4.0803710e-03  -5.3845906e-02
  -4.1087224e-03  -3.3007977e-02
   0.0000000e+00  -3.2263374e-02
   8.3457005e-03  -3.1784736e-02
  -2.7634577e-03  -2.5819618e-02
   0.0000000e+00  -2.6802444e-02
  -2.2010619e-02  -1.4840024e-02
  -1.3640609e-02  -2.0949384e-02
  -1.2358869e-02  -7.9752507e-03
  -1.4945402e-02   1.9736956e-02
  -1.9093812e-02   2.3213043e-02
  -2.0330977e-02   2.5323756e-02
  -2.1841449e-02   3.5172684e-02
  -2.0552519e-02   3.8164428e-02
  -1.3671000e-02   5.9304461e-02
  -2.7380157e-02   5.1313188e-02
  -1.5068449e-02   5.9424828e-02
  -2.1814554e-02   5.7413746e-02
  -1.2255047e-02   7.3486238e-02
  -2.7078901e-03   6.2159308e-02
  -1.6308387e-02   7.7392619e-02
  -1.3551867e-02   8.0644940e-02
  -2.4483717e-02   8.9699157e-02
  -1.7685746e-02   9.6187822e-02
  -2.5854280e-02   1.0211180e-01
  -1.6349463e-02   1.0463272e-01
  -2.1732098e-02   1.1382448e-01
  -1.3566558e-02   1.1130563e-01
  -4.0675589e-03   1.1303225e-01
  -1.8772545e-02   1.2120725e-01
  -2.6828298e-02   1.3082990e-01
  -4.0101880e-03   1.2678114e-01
  -2.6508809e-02   1.6070191e-01
  -2.3794365e-02   1.5104988e-01
  -2.1209839e-02   1.5826462e-01
  -1.0624550e-02   1.5428057e-01
  -1.7165918e-02   1.6006739e-01
  -2.2380362e-02   1.6632304e-01
  -1.7260710e-02   1.6351009e-01
  -2.2676050e-02   1.6244429e-01
  -7.9773885e-03   1.6065270e-01
  -2.3754437e-02   1.6551750e-01
  -1.8355355e-02   1.7054115e-01
  -2.2119550e-02   1.8720784e-01
  -1.9514712e-02   1.9674912e-01
  -2.8608349e-02   2.0829209e-01
  -3.8121752e-02   1.9834076e-01
  -4.4995409e-02   2.2385581e-01
  -4.8990677e-02   2.2256414e-01
  -4.8834005e-02   2.2774005e-01
  -3.6075995e-02   2.1520834e-01
  -5.1729525e-02   2.0882337e-01
  -5.4743273e-02   1.9507582e-01
  -4.8318640e-02   1.8977259e-01
  -4.7021333e-02   1.9687098e-01
  -5.4072101e-02   1.8477397e-01
  -6.7255797e-02   1.7895535e-01
  -5.9427820e-02   1.7424113e-01
  -5.4800100e-02   1.5583294e-01
  -5.4991904e-02   1.5269607e-01
  -4.2010069e-02   1.4820983e-01
  -5.1400793e-02   1.3801569e-01
  -6.6371353e-02   1.3203783e-01
  -6.4888276e-02   1.2391147e-01
  -5.7001768e-02   1.1006207e-01
  -6.3955325e-02   1.0201293e-01
  -5.3250429e-02   9.7663014e-02
  -4.9175525e-02   8.5346380e-02
  -4.7797550e-02   8.2401238e-02
  -4.5015067e-02   7.8812473e-02
  -3.8206521e-02   6.3778811e-02
  -4.2316855e-02   5.6313525e-02
  -4.2501308e-02   4.8497708e-02
  -3.4172787e-02   4.0920832e-02
  -3.4166010e-02   3.4066131e-02
  -3.1266805e-02   2.5960765e-02
  -2.8460728e-02   2.6446372e-02
  -1.6128260e-02   1.6731873e-02
  -3.0792527e-02   1.4996097e-02
  -2.9482150e-02   1.5567288e-02
  -1.2064375e-02   7.7851906e-03
  -2.6838754e-03  -2.2266358e-03
   0.0000000e+00  -1.3972056e-02
  -8.1068613e-03  -2.6933381e-02
  -4.0517426e-03  -3.1422704e-02
   9.4249207e-03  -4.0878998e-02
  -2.6980042e-03  -4.1522963e-02
  -4.0555803e-03  -4.7838979e-02
   0.0000000e+00  -5.5887097e-02
   4.0824850e-03  -6.7085983e-02
   2.7159006e-03  -7.2129669e-02
   8.1263027e-03  -9.0486123e-02
   1.3602065e-02  -8.9709615e-02
   1.3675629e-02  -8.4913576e-02
   1.0849516e-02  -9.2950072e-02
   6.5079266e-03  -2.0139080e-01
   1.2967845e-03  -2.0249223e-01
   1.2925101e-02  -2.0820160e-01
   2.0752305e-02  -2.1097770e-01
   1.9272250e-02  -2.1654606e-01
   2.0432012e-02  -2.2488344e-01
   1.5350486e-02  -2.1874260e-01
   1.2799228e-02  -2.2284554e-01
   1.5297150e-02  -2.2443902e-01
   6.3928137e-03  -2.2125986e-01
   1.2727515e-02  -2.2535422e-01
   1.1454494e-02  -2.2866657e-01
   0.0000000e+00  -2.2480493e-01
   1.2803389e-03  -2.2893431e-01
   0.0000000e+00  -2.2537283e-01
  -1.2837654e-03  -2.2296815e-01
   2.5598351e-03  -2.2617540e-01
   9.0325678e-03  -2.2630339e-01
   2.5958599e-03  -2.1845155e-01
  -5.2061380e-03  -2.1382687e-01
   1.3037632e-03  -2.1093900e-01
   2.6182761e-03  -2.0206143e-01
  -2.6135076e-03  -2.0164566e-01
  -3.9283008e-03  -1.9433173e-01
   0.0000000e+00  -1.8359712e-01
  -2.6222220e-03  -1.8247153e-01
  -7.9093944e-03  -1.7596393e-01
  -5.2991625e-03  -1.7629480e-01
   1.3282744e-03  -1.8705384e-01
   5.3498370e-03  -1.7177055e-01
   1.3405674e-03  -1.7540053e-01
  -6.6964912e-03  -1.7521593e-01
   0.0000000e+00  -1.6316337e-01
   2.6943787e-03  -1.6549392e-01
   0.0000000e+00  -1.5875389e-01
   8.0884740e-03  -1.5304053e-01
   1.3433521e-02  -1.4936386e-01
   6.7089826e-03  -1.4733618e-01
   4.0430680e-03  -1.3453735e-01
   1.4828529e-02  -1.3639416e-01
   2.0317311e-02  -1.2430178e-01
   2.8292328e-02  -1.1940116e-01
   1.7437025e-02  -1.1471620e-01
   9.3905303e-03  -9.8887543e-02
   0.0000000e+00  -9.0704225e-02
   0.0000000e+00  -9.3895582e-02
  -6.7279550e-03  -8.4676344e-02
  -2.1721063e-02   1.0305369e-01
  -2.0405843e-02   1.1521262e-01
  -5.4031293e-03   1.1497350e-01
  -1.6202042e-02   1.1909124e-01
  -1.7610003e-02   1.2130336e-01
  -2.2958818e-02   1.2391563e-01
  -2.0294647e-02   1.3752738e-01
  -1.6211936e-02   1.4346005e-01
  -2.9395137e-02   1.5216640e-01
   1.0776747e-02   1.4057137e-01
  -1.3377055e-02   1.5859097e-01
   1.0778996e-02   1.4490229e-01
  -9.3419363e-03   1.6568641e-01
  -1.3266444e-02   1.6523723e-01
  -7.9003827e-03   1.8016053e-01
  -6.5605971e-03   1.7506901e-01
  -1.3033505e-03   1.9717492e-01
  -1.1840255e-02   1.8570049e-01
  -5.2345983e-03   1.9355735e-01
   1.3034113e-03   1.7815594e-01
   0.0000000e+00   1.7669355e-01
   6.5461519e-03   1.7339878e-01
   1.3050961e-03   1.9105199e-01
   2.5997112e-03   1.9465811e-01
   2.5728653e-03   2.0580668e-01
   1.1574237e-02   2.1155934e-01
  -2.5677049e-03   2.1441911e-01
  -2.5535549e-03   2.2354332e-01
  -1.4118930e-02   2.2490375e-01
  -9.0102338e-03   2.2364926e-01
  -9.0148694e-03   2.2780047e-01
  -1.1571408e-02   2.3207249e-01
  -2.5768979e-02   2.3193397e-01
  -2.0467682e-02   2.3675805e-01
  -3.0582700e-02   2.4586290e-01
  -3.4564362e-02   2.4512166e-01
  -2.9370295e-02   2.5204445e-01
  -2.5497922e-02   2.4671732e-01
  -3.0652091e-02   2.4240004e-01
  -2.1583242e-02   2.4209443e-01
  -2.0285876e-02   2.3629885e-01
  -1.9008488e-02   2.3549188e-01
  -2.5342071e-02   2.3880742e-01
  -3.8115896e-02   2.3613022e-01
  -4.9404071e-02   2.3590364e-01
  -4.3281206e-02   2.2329848e-01
  -3.4560182e-02   2.1425455e-01
  -2.1847702e-02   2.1267689e-01
  -2.7136405e-03   2.4788682e-02
   6.8039757e-03   2.5993615e-02
   1.3655402e-03   1.9838047e-02
   0.0000000e+00   1.1290323e-02
  -9.5067344e-03   4.5069305e-03
  -1.0843324e-02   1.6866926e-03
  -1.3607703e-03  -7.3387059e-03
   0.0000000e+00  -1.5854398e-02
   1.3655849e-02  -3.1771419e-02
   6.8607127e-03  -4.2812900e-02
   1.0953071e-02  -5.0751880e-02
   2.1744946e-02  -6.3537751e-02
   1.9020400e-02  -6.0074941e-02
   1.2173371e-02  -6.2094219e-02
   1.0873117e-02  -6.8151915e-02
   6.8136020e-03  -7.0070304e-02
   9.5062870e-03  -8.4311189e-02
   2.4419398e-02  -9.1797207e-02
   2.7002579e-02  -9.7766651e-02
   3.4990146e-02  -1.1389709e-01
   2.4134403e-02  -1.1288903e-01
   1.7422018e-02  -1.1994894e-01
   1.9926759e-02  -1.2712974e-01
   1.3314050e-02  -1.2922415e-01
   2.6738572e-02  -1.3156992e-01
   3.0531785e-02  -1.4379837e-01
   3.7383604e-02  -1.4222767e-01
   3.0593048e-02  -1.5081561e-01
   2.3790031e-02  -1.5590888e-01
   3.0132157e-02  -1.5079389e-01
   1.9706081e-02  -1.6225077e-01
   2.7638643e-02  -1.6687952e-01
   1.3199458e-02  -1.6930680e-01
   1.3241341e-02  -1.8318942e-01
   1.2005308e-02  -1.7698712e-01
   1.0733291e-02  -1.7171963e-01
   6.6881760e-03  -1.7561549e-01
   6.6719119e-03  -1.7833785e-01
   1.0613847e-02  -1.7340976e-01
   1.4541189e-02  -1.7649798e-01
   5.3007222e-03  -1.7571868e-01
   1.3218527e-03  -1.7460504e-01
   6.5998456e-03  -1.7938162e-01
   7.9719583e-03  -1.8260517e-01
   0.0000000e+00  -1.9761317e-01
  -6.5751820e-03  -1.9591070e-01
  -7.8562690e-03  -1.9625526e-01
  -1.3108551e-03  -1.9975247e-01
   1.6004054e-02  -1.6493076e-01
   1.8616272e-02  -1.6252684e-01
   1.3259045e-02  -1.6638471e-01
   1.0730768e-02  -1.5718763e-01
   1.4791937e-02  -1.4705545e-01
   1.7600578e-02  -1.3334885e-01
   2.9423526e-02  -1.2801679e-01
   1.6196227e-02  -1.1725370e-01
   8.0914196e-03  -1.1954832e-01
  -5.3784941e-03  -1.2997846e-01
   6.7109950e-03  -1.2134126e-01
   2.7207901e-03  -1.0924002e-01
   3.3908024e-02  -1.1782567e-01
   2.7105783e-03  -9.1719037e-02
   2.5720041e-02  -8.8673860e-02
  -2.7343388e-03  -6.9142713e-02
   8.1681411e-03  -6.9998699e-02
   5.4892280e-03  -6.5915517e-02
   2.7288533e-02  -6.8987730e-02
   1.5017785e-02  -6.6146563e-02
   2.0349745e-02  -6.2277974e-02
   1.0890495e-02  -4.1333329e-02
   0.0000000e+00  -4.2682927e-02
  -8.2399066e-03  -3.5962630e-02
   1.3806814e-02  -2.2352974e-02
   2.7514803e-03  -3.8324741e-02
   1.6504983e-02  -1.8265708e-02
   4.5406994e-02  -2.6841929e-02
   1.3567812e-02  -1.1255713e-03
   2.3111677e-02  -1.6915950e-03
  -1.2243108e-02   1.5805801e-02
  -4.0580551e-03   2.5275713e-02
  -1.9071557e-02   3.5668823e-02
  -4.0669662e-03   4.2295879e-02
   5.4887460e-03   3.4215602e-02
  -1.0847305e-02   5.4246467e-02
   1.6386390e-02   4.0889467e-02
  -4.0916084e-03   4.9411536e-02
   1.2254405e-02   4.7042583e-02
  -5.4871135e-03   5.1428143e-02
  -9.6003227e-03   6.8780220e-02
  -6.8625598e-03   8.2876604e-02
  -1.3757059e-03   9.6711427e-02
   1.6461715e-02   9.5827719e-02
   1.7870199e-02   1.0259941e-01
   2.0333765e-02   1.1061132e-01
  -2.6760429e-03   1.2691031e-01
   2.5369207e-02   2.6193533e-01
   1.9119810e-02   2.6998759e-01
   1.7756658e-02   2.7557248e-01
   1.5296277e-02   2.7145802e-01
   5.0627509e-03   2.7706870e-01
   0.0000000e+00   2.8174636e-01
   0.0000000e+00   2.8408333e-01
  -1.2473507e-03   2.8580897e-01
   1.1296535e-02   2.8144447e-01
   1.0070667e-02   2.8174383e-01
  -3.7544059e-03   2.8699860e-01
  -5.0018357e-03   2.8523662e-01
  -2.4895951e-03   2.8434272e-01
  -1.7434593e-02   2.8228453e-01
  -1.7578179e-02   2.7071549e-01
  -2.5215800e-02   2.6920644e-01
  -2.1512154e-02   2.6543591e-01
  -2.7907594e-02   2.6335808e-01
  -2.9229501e-02   2.6823168e-01
  -3.1789048e-02   2.5985015e-01
  -4.2057939e-02   2.5487145e-01
  -4.4991227e-02   2.4349448e-01
  -4.2703357e-02   2.3644752e-01
  -2.0928307e-02   2.2443634e-01
  -2.7551424e-02   2.1775802e-01
  -2.2340372e-02   2.0619201e-01
  -3.3061013e-02   1.9317871e-01
  -2.2545586e-02   1.8605815e-01
  -2.9202425e-02   1.8044927e-01
  -3.5805829e-02   1.8023964e-01
  -2.5262661e-02   1.7316266e-01
  -1.8697280e-02   1.6204289e-01
  -3.7507642e-02   1.4640118e-01
  -4.8733885e-02   1.2838934e-01
  -4.2218014e-02   1.2072255e-01
  -3.6904964e-02   1.0733987e-01
  -3.5882668e-02   9.6396481e-02
  -2.6051244e-02   9.0435399e-02
  -2.5953749e-02   8.5388154e-02
  -3.0078668e-02   7.7853515e-02
  -2.9964602e-02   6.7706657e-02
  -3.1560143e-02   6.1250958e-02
  -2.3493119e-02   5.0064302e-02
  -2.6337617e-02   4.3246099e-02
  -3.4751292e-02   2.7702141e-02
  -2.6264806e-02   1.9504501e-02
  -2.5041847e-02   1.5584946e-02
  -6.8946144e-03   4.0040336e-03
   0.0000000e+00   5.1271617e-03
