  -6.4626613e-02   2.0654957e-02
   1.2745430e-01   2.7737051e-02
   1.3172052e-01   2.9450981e-02
   1.3551067e-01   2.7166639e-02
   1.3671665e-01   2.7137210e-02
   1.3671665e-01   2.7137210e-02
   1.4516894e-01   2.8866042e-02
   1.5158041e-01   2.9347412e-02
   1.6021146e-01   3.2776197e-02
   1.7848574e-01   2.4305500e-02
   1.7049239e-01   3.1541487e-02
   1.7050192e-01   3.0988127e-02
   1.6964553e-01   3.2193513e-02
   1.7857655e-01   2.9858676e-02
   1.8513491e-01   2.8153731e-02
   1.9090813e-01   2.6534993e-02
   1.8814168e-01   3.0966002e-02
   2.0404228e-01   3.1986109e-02
   2.0720619e-01   2.8724598e-02
   1.9506564e-01   3.0421641e-02
   2.0253276e-01   3.0306594e-02
   2.1749063e-01   3.0836224e-02
   2.2490974e-01   2.9246135e-02
   2.1453056e-01   3.3567315e-02
   2.1523298e-01   3.0905868e-02
   2.0998721e-01   3.4271627e-02
   2.1729849e-01   2.9706093e-02
   2.2378591e-01   2.9279331e-02
   2.2469762e-01   2.8666458e-02
   2.3706708e-01   2.7549436e-02
   2.4399451e-01   2.9756502e-02
   2.4114113e-01   3.5830503e-02
   2.3410981e-01   3.8031109e-02
   2.4534255e-01   2.9751274e-02
   2.5166940e-01   2.5821636e-02
   2.4427648e-01   2.8130601e-02
   2.4501479e-01   3.3025004e-02
   2.5309215e-01   2.9840063e-02
   2.5768899e-01   3.1383503e-02
   2.6652222e-01   3.4026055e-02
   2.7076092e-01   3.6235277e-02
   2.6870321e-01   3.3017350e-02
   2.7643173e-01   2.6332385e-02
   2.7049913e-01   2.6434257e-02
   2.6907844e-01   2.9193458e-02
   2.7234278e-01   3.7361983e-02
   3.6156007e-01   3.3702163e-02
   3.5965502e-01   3.8024719e-02
   3.5414438e-01   4.0237561e-02
   3.4849015e-01   3.8064119e-02
   3.4605484e-01   3.1554138e-02
   3.2333994e-01   3.3350455e-02
   3.1790875e-01   3.3927855e-02
   3.1466755e-01   3.1146385e-02
   3.0822286e-01   3.1210340e-02
   2.9757906e-01   3.5136985e-02
   2.9539577e-01   3.3401034e-02
   2.9470432e-01   3.1277092e-02
   2.8485385e-01   3.4586158e-02
   2.9227594e-01   3.1869614e-02
   2.9283801e-01   3.7833420e-02
   2.8054132e-01   3.4025074e-02
   2.7820393e-01   3.1323637e-02
   2.7965926e-01   2.7471412e-02
   2.6066211e-01   3.0851247e-02
   2.6093726e-01   3.0329626e-02
   2.5741739e-01   3.1903281e-02
   2.5389485e-01   3.1431150e-02
   2.4190983e-01   3.4276420e-02
   2.4662113e-01   3.2500281e-02
   2.4464265e-01   3.3159097e-02
   2.3766121e-01   3.2603111e-02
   2.2827330e-01   2.9875283e-02
   2.1991260e-01   3.1534944e-02
   2.1186421e-01   2.9349478e-02
   1.9294034e-01   3.1074647e-02
   1.6709949e-01   3.3344624e-02
   1.5907673e-01   2.9475501e-02
   1.5774499e-01   2.8366505e-02
   1.5025442e-01   2.8243069e-02
   1.4276454e-01   2.8929162e-02
   1.3735526e-01   3.0610722e-02
   1.3990915e-01   3.0574278e-02
   1.2900422e-01   3.1679749e-02
   1.2401931e-01   3.0112831e-02
   1.1828581e-01   2.8921798e-02
   1.1183008e-01   2.4531200e-02
   1.0197331e-01   2.6670119e-02
  -4.5503392e-02   2.1099112e-02
  -4.6932936e-02   2.1696614e-02
  -5.2288240e-02   2.3918415e-02
  -6.0310223e-02   2.8361302e-02
  -6.5698235e-02   2.3352037e-02
  -6.9662434e-02   2.1103957e-02
  -7.3827841e-02   2.1142492e-02
  -7.3767479e-02   1.8342389e-02
  -8.3648781e-02   1.9562437e-02
  -9.2793891e-02   2.2837350e-02
  -1.0300337e-01   2.7143144e-02
  -1.0971216e-01   2.4917687e-02
  -1.1389120e-01   1.8286510e-02
  -1.3560714e-01   1.7187057e-02
  -1.3924290e-01   1.3815550e-02
  -1.4191708e-01   1.4365235e-02
  -1.4055855e-01   1.7129539e-02
  -1.4864652e-01   2.5979687e-02
  -1.5663524e-01   2.9276738e-02
  -1.5701377e-01   2.4352939e-02
  -1.5394969e-01   1.6559248e-02
  -1.6635812e-01   1.2707015e-02
  -1.6600274e-01   1.5990574e-02
  -1.6632765e-01   1.6574368e-02
  -1.8004350e-01   2.1561793e-02
  -1.9072739e-01   2.5956809e-02
  -1.9154152e-01   2.3124507e-02
  -1.9371998e-01   1.7685067e-02
  -1.9969966e-01   1.2652711e-02
  -1.9722344e-01   1.1567023e-02
  -2.0523284e-01   1.5959619e-02
  -2.1546379e-01   2.1395473e-02
  -2.2676708e-01   2.5826446e-02
  -2.2911473e-01   1.8640795e-02
  -2.4979090e-01   1.2054004e-02
  -2.5223133e-01   1.1490930e-02
  -2.5041870e-01   8.1935312e-03
  -2.5838248e-01   1.5278029e-02
  -2.7296778e-01   2.4078097e-02
  -2.7899282e-01   1.6899029e-02
  -3.0230002e-01   2.1770764e-02
  -3.0130133e-01   8.6753919e-03
  -2.9402698e-01   8.1262845e-03
  -3.0029066e-01   3.7998752e-03
  -3.2720204e-01   2.0557057e-02
  -3.2021379e-01   1.8937684e-02
  -3.2590736e-01   1.8397337e-02
  -3.3330729e-01   1.6786311e-02
  -1.4753969e-01   1.7707579e-02
  -1.3826454e-01   2.0509484e-02
  -1.3017941e-01   2.3849371e-02
  -1.2197853e-01   2.6611031e-02
  -1.1834096e-01   2.3359914e-02
  -1.1121841e-01   1.7181063e-02
  -1.1165444e-01   1.8361963e-02
  -1.0575674e-01   1.6615715e-02
  -1.0209764e-01   2.3915642e-02
  -9.8147537e-02   2.6172049e-02
  -9.5269011e-02   2.6123944e-02
  -9.0018228e-02   2.2261244e-02
  -8.5738380e-02   2.1089525e-02
  -7.7629079e-02   1.9966974e-02
  -6.7196953e-02   1.7826513e-02
  -6.8190045e-02   2.0509002e-02
  -6.5698235e-02   2.3352037e-02
  -4.8458393e-02   2.4016441e-02
  -5.2325903e-02   2.7282948e-02
  -4.2995463e-02   2.1741947e-02
  -3.3522219e-02   2.2259529e-02
  -3.0808636e-02   2.2794452e-02
  -3.0804769e-02   2.4462339e-02
  -2.0133313e-02   2.2286075e-02
  -2.1449724e-02   2.5046534e-02
  -1.8763181e-02   2.8386913e-02
  -6.7108358e-03   2.2845488e-02
  -8.0536398e-03   2.1730956e-02
  -5.3744328e-03   2.1752815e-02
   8.0370354e-03   2.2799993e-02
   2.1430322e-02   2.3909594e-02
   2.6885856e-02   2.7910703e-02
   3.2325704e-02   2.8523271e-02
   3.4838628e-02   3.0606082e-02
   3.6373514e-02   2.6284147e-02
   4.0340066e-02   2.4555320e-02
   4.4339071e-02   2.1741247e-02
   4.7024447e-02   2.2297213e-02
   5.3635551e-02   2.2248821e-02
   6.3209973e-02   2.2308522e-02
   8.0543007e-02   3.2292984e-02
   9.5509637e-02   3.1219129e-02
   1.0495923e-01   2.7859828e-02
   9.6763900e-02   3.0629061e-02
   1.0075425e-01   2.3917424e-02
   1.0316511e-01   1.9407101e-02
   9.9525987e-02   2.1715654e-02
   2.5297420e-01   3.4260813e-02
   2.5561411e-01   3.6457843e-02
   2.6280019e-01   3.0935071e-02
   2.6882372e-01   2.8615036e-02
   2.7281734e-01   3.0798310e-02
   2.7494420e-01   3.2535795e-02
   2.8726109e-01   2.8073369e-02
   2.8758955e-01   3.3474547e-02
   2.9132112e-01   3.7443968e-02
   2.9893169e-01   3.5129540e-02
   2.9986924e-01   3.4129712e-02
   3.0176528e-01   3.1273909e-02
   3.1445536e-01   2.7841362e-02
   3.1127276e-01   3.0130756e-02
   3.1333592e-01   3.6801827e-02
   3.2830043e-01   3.5614239e-02
   3.2967851e-01   3.5058190e-02
   3.2596322e-01   3.5521122e-02
   3.3082562e-01   3.1733946e-02
   3.3214193e-01   3.2820561e-02
   3.4241879e-01   2.9426912e-02
   3.4586673e-01   3.7143283e-02
   3.4873838e-01   3.3303491e-02
   3.4520241e-01   3.7222642e-02
   3.5110005e-01   3.3255812e-02
   3.6340764e-01   3.0461536e-02
   3.7362767e-01   3.1007994e-02
   3.7668498e-01   3.6894098e-02
   3.8253966e-01   3.5804726e-02
   3.7099888e-01   3.7590643e-02
   3.7751706e-01   3.5332346e-02
   3.8825452e-01   3.3496525e-02
   3.9556779e-01   3.5242574e-02
   3.9684064e-01   3.1853659e-02
   3.9924466e-01   3.5180989e-02
   4.0097852e-01   3.5745517e-02
   3.9217711e-01   4.0648831e-02
   3.9437901e-01   3.5144616e-02
   3.9469497e-01   3.6800774e-02
   4.0342147e-01   3.2988698e-02
   3.9700382e-01   3.3606811e-02
   4.0241671e-01   3.4111293e-02
   4.0142076e-01   3.7831335e-02
   3.9199187e-01   3.9947555e-02
   4.0508317e-01   3.5174665e-02
   4.0296625e-01   3.4038803e-02
   2.0114739e-01   2.4949248e-02
   1.8361396e-01   3.4470985e-02
   1.7794208e-01   3.8901123e-02
   1.7664195e-01   3.6682953e-02
   1.8073335e-01   3.4446258e-02
   1.8183208e-01   2.8275482e-02
   1.6182137e-01   2.6132518e-02
   1.5240916e-01   2.3927718e-02
   1.3877093e-01   2.5042601e-02
   1.2424641e-01   3.1848929e-02
   1.2226399e-01   3.3362471e-02
   1.1304402e-01   2.6732575e-02
   1.0125759e-01   2.4036461e-02
   9.9816140e-02   2.2897393e-02
   8.6158920e-02   2.2309827e-02
   8.4897280e-02   2.2333434e-02
   8.7379033e-02   2.7857814e-02
   8.8431683e-02   3.1106091e-02
   8.7336567e-02   3.2872221e-02
   8.7304789e-02   2.6160372e-02
   9.0182554e-02   2.4536028e-02
   8.3214363e-02   2.2802421e-02
   6.4391476e-02   2.8942133e-02
   6.3228174e-02   3.0704763e-02
   5.6510780e-02   2.9036379e-02
   4.1556976e-02   2.5594213e-02
   3.3626181e-02   2.0651612e-02
   2.5532299e-02   1.9518418e-02
   1.0736897e-02   2.3402244e-02
   0.0000000e+00   2.9003984e-02
   8.0269934e-03   2.6110649e-02
   6.6951570e-03   2.7248919e-02
  -1.2067023e-02   2.3378786e-02
  -2.1495144e-02   2.3423321e-02
  -2.6770490e-02   1.8885172e-02
  -2.6877916e-02   1.8402724e-02
  -2.5399214e-02   2.3306076e-02
  -3.2131965e-02   2.8909368e-02
  -4.2804515e-02   2.7763791e-02
  -4.9555498e-02   2.4452219e-02
  -5.3652465e-02   1.7242836e-02
  -4.2754657e-02   1.6071144e-02
  -6.0108195e-02   2.0494520e-02
  -6.6966889e-02   2.4438612e-02
  -6.2813008e-02   2.6611383e-02
  -7.2252627e-02   2.4409443e-02
  -6.2906323e-02   1.9978295e-02
  -6.5522771e-02   1.8847956e-02
  -2.1932825e-01   1.6434478e-02
  -2.1491946e-01   1.3675358e-02
  -2.2199634e-01   1.6976934e-02
  -2.2155077e-01   1.7490820e-02
  -2.2953608e-01   1.9112130e-02
  -2.3799663e-01   2.0222913e-02
  -2.4506601e-01   1.9036978e-02
  -2.5409220e-01   1.6907996e-02
  -2.6273437e-01   1.1949608e-02
  -2.6832203e-01   1.3038580e-02
  -2.7395619e-01   1.0867514e-02
  -2.7468961e-01   1.5724951e-02
  -2.7121702e-01   1.6307536e-02
  -2.7120892e-01   1.6851121e-02
  -2.6561009e-01   1.6304364e-02
  -2.6372979e-01   1.7904043e-02
  -2.5365448e-01   1.1431919e-02
  -2.4986772e-01   1.4174931e-02
  -2.4875033e-01   1.6374261e-02
  -2.4289735e-01   1.7989758e-02
  -2.3158694e-01   1.6974044e-02
  -2.2221637e-01   1.6993331e-02
  -2.1218743e-01   1.9151349e-02
  -2.0365753e-01   1.8695864e-02
  -1.9370216e-01   1.8660166e-02
  -1.8339544e-01   1.7065326e-02
  -1.7152769e-01   1.5998385e-02
  -1.6763624e-01   1.9886831e-02
  -1.5809719e-01   1.9331485e-02
  -1.4859046e-01   1.7118742e-02
  -1.4616812e-01   2.1029999e-02
  -1.3545944e-01   1.8831770e-02
  -1.1910731e-01   2.1582703e-02
  -1.0768987e-01   2.3398595e-02
  -1.0046294e-01   2.2737421e-02
  -8.5843944e-02   1.7221646e-02
  -8.4221875e-02   2.2710977e-02
  -7.6599516e-02   1.8933655e-02
  -6.1692296e-02   1.9462765e-02
  -5.6429337e-02   2.2291261e-02
  -5.3769020e-02   2.8451960e-02
  -4.7040548e-02   3.0131212e-02
  -4.6967866e-02   2.5059435e-02
  -3.3628585e-02   1.9535308e-02
  -1.7526093e-02   1.5103621e-02
  -1.4765006e-02   2.1730042e-02
  -1.3458879e-02   2.5707303e-02
  -9.4189451e-03   2.8502298e-02
   1.3456973e-03   2.7385216e-02
   2.3297990e-01   3.8626239e-02
   2.4121620e-01   3.3074311e-02
   2.4218906e-01   2.8604004e-02
   2.4825890e-01   3.0872109e-02
   2.4857344e-01   2.8142917e-02
   2.5428130e-01   2.5942016e-02
   2.7240983e-01   2.5928505e-02
   2.7022100e-01   3.6347103e-02
   2.7707701e-01   4.1302887e-02
   2.8474111e-01   3.7880077e-02
   2.8928022e-01   3.1852247e-02
   2.9713028e-01   2.4758327e-02
   2.9778720e-01   2.8548800e-02
   3.1541606e-01   2.7373409e-02
   3.1197948e-01   3.6809991e-02
   3.1823615e-01   4.1668238e-02
   3.3596496e-01   3.8810289e-02
   3.2903959e-01   3.4444947e-02
   3.4386792e-01   2.7350311e-02
   3.5298418e-01   2.6625347e-02
   3.6401282e-01   3.0939632e-02
   3.6605446e-01   4.0270055e-02
   3.6935422e-01   4.0706657e-02
   3.5855748e-01   4.0245341e-02
   3.6243391e-01   3.6376815e-02
   3.7017700e-01   2.7054971e-02
   3.6809334e-01   3.0373683e-02
   3.6874533e-01   3.2604154e-02
   3.5281868e-01   3.9703600e-02
   3.5505320e-01   3.5955077e-02
   3.5661667e-01   3.9250883e-02
   3.6033428e-01   3.0448310e-02
   3.6650773e-01   2.9930446e-02
   3.7000681e-01   2.4966750e-02
   3.6628560e-01   3.5372346e-02
   3.7450148e-01   3.8460004e-02
   3.7643762e-01   4.1777141e-02
   3.8107849e-01   3.7984746e-02
   3.8467365e-01   3.1389614e-02
   3.8574942e-01   2.8649383e-02
   3.9883103e-01   2.5931743e-02
   4.0139220e-01   3.8371783e-02
   4.0504354e-01   4.0877580e-02
   4.0068391e-01   4.3735808e-02
   3.8942807e-01   3.7268419e-02
   3.8967835e-01   3.1867199e-02
   3.8812807e-01   2.6988306e-02
   3.8512518e-01   2.9793700e-02
   3.6284924e-01   2.5518064e-02
   1.8191187e-01   3.3852908e-02
   1.7021877e-01   2.8391850e-02
   1.6350377e-01   2.5623977e-02
   1.6346406e-01   2.8409192e-02
   1.6416699e-01   2.7739256e-02
   1.5057192e-01   3.6657937e-02
   1.3483157e-01   2.7861041e-02
   1.1348492e-01   2.7957258e-02
   8.9021518e-02   2.3468940e-02
   7.8142856e-02   2.5132672e-02
   7.9342233e-02   2.3409186e-02
   7.8124378e-02   2.7925191e-02
   8.3411892e-02   3.0122032e-02
   7.8112365e-02   2.9600702e-02
   7.9328380e-02   2.5638632e-02
   6.9837195e-02   2.7294094e-02
   5.3670164e-02   2.6725109e-02
   3.7589152e-02   1.9494923e-02
   9.4318611e-03   2.4055356e-02
   0.0000000e+00   1.6733068e-02
   6.7116219e-03   2.1173867e-02
   1.4750912e-02   2.1151817e-02
   2.0180297e-02   3.0176260e-02
   2.0161304e-02   2.9587918e-02
   2.4152707e-02   2.6184855e-02
   1.3426809e-02   3.0118028e-02
   1.2080460e-02   2.1730472e-02
  -1.3448931e-03   2.2332990e-02
  -1.6112696e-02   1.6158052e-02
  -1.4719971e-02   2.2776422e-02
  -2.6810952e-02   2.5601303e-02
  -4.5603402e-02   3.0629243e-02
  -3.4821257e-02   2.5016489e-02
  -4.8428431e-02   1.8412869e-02
  -4.8332160e-02   1.8376274e-02
  -3.7518301e-02   1.7788557e-02
  -4.6872670e-02   2.5565496e-02
  -4.8291104e-02   2.9513410e-02
  -5.3771713e-02   2.7894078e-02
  -5.3744328e-02   2.1735745e-02
  -6.4240082e-02   2.1087216e-02
  -7.1143192e-02   2.1144747e-02
  -6.0237511e-02   1.7760089e-02
  -6.8334717e-02   1.8328049e-02
  -2.2127186e-01   2.0324854e-02
  -2.3276712e-01   1.4855419e-02
  -2.3526209e-01   1.0989686e-02
  -2.4286565e-01   8.2179468e-03
  -2.4845323e-01   1.1508138e-02
  -2.5777981e-01   1.7514094e-02
  -2.7011408e-01   1.8595160e-02
  -2.7384433e-01   2.0204867e-02
  -2.7497716e-01   1.6363508e-02
  -2.6831332e-01   1.3103399e-02
  -2.7907548e-01   1.0357469e-02
  -2.8598338e-01   1.6898276e-02
  -2.8972331e-01   1.6871935e-02
  -2.9625615e-01   1.7468144e-02
  -2.9484460e-01   1.3582321e-02
  -3.0215969e-01   1.2506328e-02
  -2.9726862e-01   1.0308510e-02
  -3.0021266e-01   1.3028144e-02
  -3.0002417e-01   1.5805489e-02
  -2.9614468e-01   1.6295404e-02
  -2.9565707e-01   1.7979784e-02
  -2.7983788e-01   1.2511667e-02
  -2.8220820e-01   1.4667851e-02
  -2.8497143e-01   1.3643384e-02
  -2.8995282e-01   2.0156624e-02
  -2.7900122e-01   1.6353899e-02
  -2.8432102e-01   1.9064380e-02
  -2.9112671e-01   1.2515328e-02
  -2.9191775e-01   9.7740334e-03
  -2.9350440e-01   1.3585128e-02
  -2.8336495e-01   1.1997146e-02
  -2.7898414e-01   1.7444159e-02
  -2.8032541e-01   1.7440713e-02
  -2.8132906e-01   2.0687033e-02
  -2.8061280e-01   1.6911806e-02
  -2.8710191e-01   1.2522975e-02
  -2.7239276e-01   7.0935997e-03
  -2.6942536e-01   9.2709439e-03
  -2.5914586e-01   1.5869230e-02
  -2.5252394e-01   2.5219053e-02
  -2.5525484e-01   2.3017754e-02
  -2.5530478e-01   2.0277545e-02
  -2.4817107e-01   1.4781951e-02
  -2.3857772e-01   1.1499976e-02
  -2.3612120e-01   1.2611630e-02
  -2.2874252e-01   1.3761854e-02
  -2.1499350e-01   2.0380280e-02
  -2.1786093e-01   2.5203477e-02
  -2.1114821e-01   2.2064329e-02
  -2.0006598e-01   1.5984484e-02
