   1.8928091e-01   3.0592537e-02
   3.7816475e-01   3.4172365e-02
   3.7972234e-01   3.7994754e-02
   3.8810256e-01   3.6738124e-02
   3.8616985e-01   3.6826045e-02
   3.9369005e-01   3.2920855e-02
   4.0406456e-01   3.0760068e-02
   4.1345759e-01   3.2854341e-02
   4.1135490e-01   3.7252602e-02
   4.1041381e-01   3.9339621e-02
   4.2464271e-01   3.5927558e-02
   4.1641320e-01   3.8137795e-02
   4.1536472e-01   3.4283468e-02
   4.1570023e-01   3.3881221e-02
   4.1410501e-01   3.0097522e-02
   4.1497112e-01   3.1671899e-02
   4.0081128e-01   4.1576015e-02
   4.0151251e-01   3.8793897e-02
   3.9075301e-01   3.7798398e-02
   3.8660814e-01   3.1314771e-02
   3.7348528e-01   3.0884333e-02
   3.6647170e-01   2.7642953e-02
   3.5781041e-01   3.4848186e-02
   3.4377557e-01   3.7477031e-02
   3.4313461e-01   3.7012326e-02
   3.3912735e-01   3.5949464e-02
   3.3035113e-01   3.5530191e-02
   3.2921402e-01   2.9524240e-02
   3.2665019e-01   2.6150570e-02
   3.1463103e-01   3.2239241e-02
   3.1385034e-01   3.3950572e-02
   3.0737581e-01   3.7709048e-02
   3.0393698e-01   3.7805505e-02
   3.0413193e-01   3.2326446e-02
   2.9831868e-01   2.5724404e-02
   2.8444178e-01   3.1939602e-02
   2.8456556e-01   2.7534140e-02
   2.7782648e-01   3.4587620e-02
   2.7677104e-01   3.4078069e-02
   2.8243569e-01   3.4633371e-02
   2.7041608e-01   2.9738539e-02
   2.6472894e-01   2.9329066e-02
   2.6609373e-01   2.9726984e-02
   2.5846264e-01   3.1474683e-02
   2.5397365e-01   3.7533129e-02
   2.5738712e-01   3.3003394e-02
   2.5306151e-01   3.4089302e-02
   2.5350813e-01   2.6417209e-02
   2.4268459e-01   2.8108276e-02
   2.3526199e-01   2.9879366e-02
   2.3202813e-01   3.2593512e-02
   1.3431506e-02   2.6213839e-02
  -6.7386549e-03   2.0699042e-02
  -2.1458190e-02   1.9480638e-02
  -1.7468853e-02   2.0077998e-02
  -1.7519848e-02   2.1256949e-02
  -2.5492107e-02   2.7298605e-02
  -4.1742921e-02   3.1313659e-02
  -2.6892190e-02   2.5119633e-02
  -1.8813916e-02   1.8962300e-02
  -3.7577560e-02   2.3950905e-02
  -4.5595414e-02   2.0584668e-02
  -6.4616588e-02   2.2887925e-02
  -8.4717795e-02   2.3960757e-02
  -8.9888823e-02   2.7798989e-02
  -8.1725349e-02   1.9983231e-02
  -8.4553062e-02   2.3357138e-02
  -9.1365358e-02   2.1703266e-02
  -1.0874736e-01   1.8328626e-02
  -1.2228628e-01   1.9442215e-02
  -1.2913376e-01   1.9452477e-02
  -1.5046601e-01   2.3281880e-02
  -1.5307061e-01   1.6056236e-02
  -1.6397544e-01   1.6057186e-02
  -1.6665868e-01   1.6606889e-02
  -1.5990720e-01   1.9940107e-02
  -1.5835577e-01   2.4350144e-02
  -1.5854577e-01   2.1604287e-02
  -1.5513462e-01   1.6541195e-02
  -1.6216453e-01   1.3803391e-02
  -1.7052106e-01   1.6584524e-02
  -1.7974117e-01   1.6553596e-02
  -1.7684194e-01   2.0401440e-02
  -1.7165332e-01   2.0431700e-02
  -1.7699732e-01   2.2077164e-02
  -1.8063929e-01   2.3677483e-02
  -1.8374201e-01   1.8753343e-02
  -2.1059840e-01   1.5950071e-02
  -2.1350505e-01   1.4859953e-02
  -2.1888199e-01   1.4300691e-02
  -2.2579564e-01   1.6503616e-02
  -2.2532612e-01   1.8118866e-02
  -2.1616584e-01   1.7056156e-02
  -2.0617047e-01   1.5377132e-02
  -2.0617605e-01   1.4827948e-02
  -2.0638065e-01   1.4842337e-02
  -2.0633023e-01   1.9240066e-02
  -2.0002799e-01   1.9291619e-02
  -2.0344882e-01   1.9227074e-02
  -3.2914440e-01   2.2758485e-02
  -3.1306071e-01   2.1189857e-02
  -3.1018659e-01   1.4662443e-02
  -3.0756261e-01   9.7791929e-03
  -2.9922121e-01   8.1520171e-03
  -3.0004876e-01   1.4170439e-02
  -2.9026193e-01   1.9085228e-02
  -2.8463187e-01   1.7446895e-02
  -2.8092433e-01   1.4743700e-02
  -2.6209188e-01   1.5878580e-02
  -2.4147614e-01   1.3698945e-02
  -2.3385977e-01   1.6487300e-02
  -2.2016504e-01   1.9247895e-02
  -2.1494240e-01   2.3685190e-02
  -2.1004412e-01   1.9880265e-02
  -2.0332609e-01   1.8789835e-02
  -1.8819764e-01   1.2705754e-02
  -1.8452341e-01   1.3843261e-02
  -1.7657740e-01   1.8305448e-02
  -1.7412137e-01   2.3715806e-02
  -1.6002250e-01   2.3840766e-02
  -1.4497641e-01   2.0498892e-02
  -1.3414652e-01   1.4956112e-02
  -1.3305814e-01   1.6652308e-02
  -1.2310747e-01   2.3236751e-02
  -1.1287964e-01   1.9453943e-02
  -1.1830358e-01   2.7253233e-02
  -1.0060115e-01   3.0006114e-02
  -8.9942314e-02   2.0015272e-02
  -7.5208990e-02   1.1127018e-02
  -8.0563481e-02   1.6130483e-02
  -7.2539935e-02   2.4506412e-02
  -5.9148884e-02   2.7889428e-02
  -7.2500858e-02   3.0633015e-02
  -7.1303714e-02   3.0137511e-02
  -5.2250633e-02   2.0004864e-02
  -5.0979530e-02   1.3350320e-02
  -4.4225579e-02   1.4451031e-02
  -4.0231248e-02   2.0587269e-02
  -3.3502246e-02   2.9493876e-02
  -2.4182636e-02   3.4052343e-02
  -2.2747393e-02   3.4473737e-02
  -2.6801797e-02   2.9497153e-02
  -2.1463444e-02   1.5027920e-02
  -1.2086106e-02   1.3372598e-02
  -1.0732782e-02   1.2802776e-02
  -1.3422733e-03   2.1731333e-02
   8.0378782e-03   3.2842358e-02
   2.6767951e-02   3.2247861e-02
   1.7876356e-01   2.9334451e-02
   1.8236798e-01   2.1514036e-02
   1.8656123e-01   2.2630346e-02
   1.9493203e-01   2.7076448e-02
   2.1867233e-01   3.7438104e-02
   2.2587255e-01   3.5827258e-02
   2.2437457e-01   3.3044595e-02
   2.1733228e-01   2.8055754e-02
   2.1755907e-01   2.7532343e-02
   2.2137882e-01   2.6942779e-02
   2.2464943e-01   3.0871570e-02
   2.3579723e-01   3.4200258e-02
   2.4698427e-01   3.2369266e-02
   2.4501479e-01   3.3025004e-02
   2.3645244e-01   3.3545296e-02
   2.2843195e-01   3.1927502e-02
   2.2177434e-01   2.9198770e-02
   2.2494433e-01   2.7590693e-02
   2.4229197e-01   2.3653311e-02
   2.4319875e-01   3.2417561e-02
   2.4409420e-01   3.5301146e-02
   2.4498507e-01   3.4125837e-02
   2.4711364e-01   3.2563295e-02
   2.5338870e-01   3.1370435e-02
   2.7069975e-01   2.9070083e-02
   2.8642683e-01   2.3484269e-02
   2.8247745e-01   3.1178893e-02
   2.7070635e-01   3.7882335e-02
   2.7618495e-01   3.5109847e-02
   2.7512913e-01   3.4601258e-02
   2.8624413e-01   3.0584164e-02
   3.0889529e-01   2.6640576e-02
   3.0837602e-01   2.9994344e-02
   2.9900949e-01   3.7174952e-02
   3.1050419e-01   3.4447738e-02
   3.1792908e-01   3.5426802e-02
   3.2060249e-01   3.5955689e-02
   3.1792908e-01   3.5426802e-02
   3.1590881e-01   2.7180188e-02
   3.1246579e-01   2.8339710e-02
   3.1937564e-01   3.2694340e-02
   3.3208643e-01   3.5271500e-02
   3.4208663e-01   3.7450793e-02
   3.3916762e-01   3.4720843e-02
   3.4371148e-01   3.0387583e-02
   3.3903313e-01   2.9385479e-02
   3.4296883e-01   3.1955476e-02
   3.4254103e-01   3.4769629e-02
   3.4140705e-01   3.7380559e-02
   3.3144879e-01   3.4663632e-02
   1.7528104e-01   2.7766357e-02
   1.7897774e-01   2.7147128e-02
   1.7211762e-01   2.4368667e-02
   1.5186557e-01   3.0514829e-02
   1.5363283e-01   3.2827376e-02
   1.4932611e-01   3.0551632e-02
   1.4141771e-01   2.8932174e-02
   1.4532087e-01   2.8338856e-02
   1.3469720e-01   2.7833483e-02
   1.1322261e-01   3.1249944e-02
   1.0897939e-01   2.9524447e-02
   1.0340254e-01   2.8362924e-02
   9.5444790e-02   2.7846570e-02
   8.6058808e-02   2.4516442e-02
   8.6148255e-02   2.3983064e-02
   7.9226478e-02   2.8954033e-02
   7.4958661e-02   3.1093963e-02
   7.7968984e-02   2.7869693e-02
   7.6487086e-02   2.5590714e-02
   5.2413779e-02   3.0684689e-02
   4.9555498e-02   2.4452219e-02
   3.2150674e-02   2.1682026e-02
   2.8214668e-02   2.2305878e-02
   2.9581409e-02   2.5118584e-02
   4.0252623e-02   2.6734360e-02
   3.4854238e-02   2.5597814e-02
   1.3422269e-02   3.3464476e-02
   0.0000000e+00   2.8946322e-02
  -4.0133095e-03   2.6666549e-02
  -5.3496244e-03   1.6095017e-02
  -1.0716891e-02   2.1687498e-02
  -6.7134275e-03   1.6716211e-02
  -1.3420557e-02   2.3959013e-02
  -1.0732994e-02   2.7859814e-02
  -1.7434668e-02   3.1758537e-02
  -3.0888016e-02   2.7881131e-02
  -3.2155360e-02   1.9458228e-02
  -4.5600207e-02   1.8915641e-02
  -4.8247299e-02   1.3893806e-02
  -5.3639679e-02   2.1136380e-02
  -5.0789665e-02   2.5512142e-02
  -5.5089219e-02   3.2913689e-02
  -5.2315363e-02   2.9510127e-02
  -5.7534499e-02   2.4422233e-02
  -6.4312906e-02   1.8886203e-02
  -8.1728207e-02   1.9428141e-02
  -8.6012100e-02   1.7812452e-02
  -8.7269206e-02   1.7793669e-02
  -8.7164478e-02   2.1109065e-02
  -3.1851169e-01   2.1086858e-02
  -3.2775860e-01   8.6293340e-03
  -3.3281917e-01   2.1533475e-03
  -3.3113208e-01   0.0000000e+00
  -3.2569190e-01   1.1892989e-02
  -3.2085798e-01   2.1597639e-02
  -3.1402754e-01   2.3878693e-02
  -3.0680500e-01   1.9521453e-02
  -3.0995305e-01   1.6751857e-02
  -3.1127050e-01   1.0848456e-02
  -3.1963821e-01   1.0844342e-02
  -3.1675175e-01   7.5571083e-03
  -3.1031857e-01   1.2981388e-02
  -3.0469604e-01   2.1197351e-02
  -2.9133552e-01   1.7973848e-02
  -3.0080247e-01   1.3596713e-02
  -3.0826805e-01   1.1927210e-02
  -3.1452772e-01   1.4666677e-02
  -3.1328866e-01   1.4070293e-02
  -3.1151213e-01   1.5745122e-02
  -3.0531373e-01   9.2117377e-03
  -3.0727201e-01   8.1416259e-03
  -3.0452825e-01   1.3575193e-02
  -3.0161246e-01   1.9089682e-02
  -2.8520778e-01   1.6933942e-02
  -2.7740348e-01   1.7517851e-02
  -2.6899943e-01   2.0806734e-02
  -2.6260211e-01   1.9105229e-02
  -2.6617117e-01   1.2039037e-02
  -2.6241045e-01   1.0961266e-02
  -2.5323780e-01   1.1535245e-02
  -2.4774435e-01   1.9788877e-02
  -2.3943552e-01   1.9240734e-02
  -2.2844689e-01   1.9247941e-02
  -2.0506961e-01   1.1545748e-02
  -1.9776799e-01   1.6572706e-02
  -1.9136331e-01   2.1601909e-02
  -1.6663185e-01   1.9374703e-02
  -1.6691224e-01   2.3850002e-02
  -1.6156653e-01   2.0531927e-02
  -1.5586450e-01   2.1055152e-02
  -1.5352853e-01   1.6103695e-02
  -1.4529893e-01   1.6653486e-02
  -1.3051779e-01   1.3893306e-02
  -1.2670439e-01   1.8380673e-02
  -1.0755894e-01   2.6158202e-02
  -1.0219032e-01   2.5052809e-02
  -9.1733792e-02   2.1230971e-02
  -8.4926903e-02   1.6750075e-02
   1.6209623e-01   2.9526799e-02
   1.6762031e-01   3.2328652e-02
   1.6695275e-01   3.2201423e-02
   1.7283422e-01   3.3393795e-02
   1.8897118e-01   2.6646520e-02
   1.9596048e-01   2.3877553e-02
   1.9259745e-01   2.8798531e-02
   1.9463282e-01   3.3354990e-02
   2.0238498e-01   3.1043404e-02
   2.0462774e-01   3.3186015e-02
   2.1208705e-01   2.8823871e-02
   2.2674321e-01   2.7639917e-02
   2.3943595e-01   2.4333646e-02
   2.4157730e-01   2.8140430e-02
   2.4717003e-01   3.0355614e-02
   2.5732354e-01   3.5203620e-02
   2.6187002e-01   3.5802778e-02
   2.6705376e-01   3.4091602e-02
   2.7961600e-01   2.9119697e-02
   2.7756558e-01   2.5332437e-02
   2.8045668e-01   2.9203858e-02
   2.9747366e-01   2.9069986e-02
   3.0437629e-01   3.7689472e-02
   3.1263371e-01   4.0952229e-02
   3.1011415e-01   3.6600071e-02
   3.0453902e-01   2.9066751e-02
   3.0772293e-01   2.7325397e-02
   3.1070078e-01   2.8433053e-02
   3.3728926e-01   3.0996121e-02
   3.5602690e-01   3.4685183e-02
   3.4908615e-01   4.0315004e-02
   3.4946745e-01   3.8562251e-02
   3.5971406e-01   3.4626985e-02
   3.5589358e-01   3.0986129e-02
   3.6986117e-01   2.5407998e-02
   3.8592309e-01   2.9101189e-02
   3.9083358e-01   3.6178466e-02
   3.9320703e-01   4.5195996e-02
   3.9739865e-01   3.9904267e-02
   3.8854112e-01   3.9355971e-02
   3.9273181e-01   2.7447813e-02
   3.9264862e-01   2.9600583e-02
   3.9877413e-01   3.1238944e-02
   4.0320885e-01   3.1780692e-02
   3.9064134e-01   4.3066950e-02
   3.8143467e-01   4.5886195e-02
   3.9280503e-01   3.5014814e-02
   3.9380574e-01   3.0222425e-02
   3.9445490e-01   2.8004298e-02
   2.1050487e-01   3.8807316e-02
   2.0972272e-01   3.2778149e-02
   2.0721248e-01   2.2229213e-02
   1.9345931e-01   2.3351796e-02
   1.8542045e-01   3.0078238e-02
   1.7284451e-01   3.2837232e-02
   1.6779773e-01   3.1802674e-02
   1.4644785e-01   3.1364705e-02
   1.3630196e-01   2.9001309e-02
   1.2704186e-01   2.3463287e-02
   1.2054938e-01   2.0720653e-02
   1.1106377e-01   2.1293419e-02
   1.0008468e-01   2.6886924e-02
   7.4389948e-02   3.6490591e-02
   5.8007033e-02   3.3042478e-02
   5.0055905e-02   2.3574544e-02
   5.2734760e-02   1.5699440e-02
   5.1434083e-02   1.5715771e-02
   1.8953906e-02   2.6985286e-02
  -1.3516974e-03   3.3139402e-02
  -4.0441080e-03   3.0239864e-02
  -6.7652491e-03   3.3172273e-02
  -4.0636115e-03   2.0240872e-02
  -1.7561155e-02   1.5133854e-02
  -2.7043467e-02   1.5708269e-02
  -3.9121764e-02   2.1271057e-02
  -6.0705034e-02   3.3039570e-02
  -6.0674205e-02   2.7971693e-02
  -6.8894520e-02   2.9140332e-02
  -6.0788613e-02   1.5119803e-02
  -6.4774613e-02   1.5661968e-02
  -7.2855390e-02   1.9571486e-02
  -1.1080420e-01   2.5724935e-02
  -1.2008853e-01   1.7849447e-02
  -1.1618805e-01   1.2286888e-02
  -1.0548053e-01   1.3425991e-02
  -1.1698103e-01   2.5030640e-02
  -1.2833293e-01   2.9047053e-02
  -1.3397515e-01   3.1331548e-02
  -1.4071485e-01   2.1787501e-02
  -1.4996687e-01   1.1699772e-02
  -1.6348984e-01   9.4603887e-03
  -1.7141221e-01   1.1666294e-02
  -1.7656543e-01   1.9414869e-02
  -1.8784358e-01   2.4453339e-02
  -1.9795317e-01   3.0442720e-02
  -2.0449549e-01   2.2791768e-02
  -3.9167322e-01   1.6086391e-03
  -4.0187384e-01   5.8980324e-03
  -4.0632075e-01   6.4348189e-03
  -4.1117783e-01   1.4984210e-02
  -4.0274725e-01   1.1782032e-02
  -4.0991617e-01   1.0170685e-02
  -4.0360460e-01   8.0479524e-03
  -3.9374941e-01   9.1299678e-03
  -4.0139128e-01   1.2320942e-02
  -4.0751666e-01   1.6082602e-02
  -4.0672746e-01   1.4982965e-02
  -3.9738365e-01   1.0186465e-02
  -3.8565867e-01   9.1445634e-03
  -3.8047958e-01   8.5895934e-03
  -3.8352171e-01   9.7351326e-03
  -3.7157974e-01   8.1068619e-03
  -3.6689752e-01   9.2143176e-03
  -3.5518748e-01   1.8973142e-02
  -3.3791779e-01   2.1143136e-02
  -3.2384378e-01   1.3668219e-02
  -3.2156943e-01   9.8153860e-03
  -3.1441204e-01   9.3090277e-03
  -3.0730395e-01   1.1501048e-02
  -2.9157604e-01   1.6503536e-02
  -2.8655310e-01   1.6930519e-02
  -2.7766992e-01   2.0376091e-02
  -2.5883246e-01   1.5933327e-02
  -2.4403576e-01   1.3212318e-02
  -2.3751344e-01   1.4891125e-02
  -2.2959680e-01   1.8788956e-02
  -2.1606807e-01   2.0479738e-02
  -2.0857510e-01   2.1670207e-02
  -2.1037754e-01   2.5452160e-02
  -2.0433752e-01   1.9437310e-02
  -1.9953310e-01   1.4389031e-02
  -1.9920272e-01   1.1680694e-02
  -1.8272111e-01   1.6141562e-02
  -1.6547116e-01   1.4524394e-02
  -1.5155064e-01   2.0652443e-02
  -1.3111235e-01   2.1781129e-02
  -1.2687450e-01   2.7346675e-02
  -1.0947224e-01   2.3489894e-02
  -1.0419860e-01   1.9600608e-02
  -1.0688916e-01   2.1837271e-02
  -8.9051525e-02   1.8439882e-02
  -7.5788455e-02   1.7945636e-02
  -6.6226702e-02   2.2978333e-02
  -4.7298743e-02   2.4674210e-02
   1.7442774e-01   2.9523205e-02
   1.7936034e-01   2.5535144e-02
   1.8642047e-01   2.8903343e-02
   1.9825482e-01   3.4939085e-02
   2.0947499e-01   3.4411102e-02
   2.0556933e-01   2.7208181e-02
   2.1862690e-01   2.6720553e-02
   2.2362001e-01   2.6095885e-02
   2.3143721e-01   2.9923629e-02
   2.4588473e-01   3.7021114e-02
   2.5909601e-01   3.6550551e-02
   2.5762828e-01   3.3585854e-02
   2.6771192e-01   2.9749992e-02
   2.7728777e-01   2.5308060e-02
   2.9080042e-01   2.5805980e-02
   2.9964124e-01   3.1897188e-02
   3.0191927e-01   3.5697359e-02
   3.0833929e-01   3.6720838e-02
   3.0969166e-01   3.6712803e-02
   3.0571434e-01   3.4543574e-02
   3.0690548e-01   3.0121792e-02
   3.1300619e-01   2.7959906e-02
   3.2018959e-01   2.7296971e-02
   3.2578890e-01   3.2626511e-02
   3.4146584e-01   3.6442422e-02
   3.4680254e-01   3.8735955e-02
   3.3374483e-01   3.5438183e-02
   3.2939005e-01   3.3930382e-02
   3.2789423e-01   2.8437324e-02
   3.2981418e-01   3.2189445e-02
   3.4098860e-01   3.1614243e-02
   3.4326870e-01   3.3746533e-02
   3.5196677e-01   3.6483540e-02
   3.4727920e-01   3.4809933e-02
   3.3194767e-01   3.7743645e-02
   3.6054417e-01   3.4286508e-02
   3.6011316e-01   3.5885508e-02
   3.6144280e-01   3.6420079e-02
   3.6940431e-01   3.1450418e-02
   3.6868773e-01   3.0850546e-02
   3.6435027e-01   3.4365910e-02
   3.7605085e-01   2.8790063e-02
   3.9192095e-01   3.3438623e-02
   4.0338069e-01   3.6662378e-02
   4.1009193e-01   3.7688231e-02
