  -1.7435945e-01  -1.3877560e-01
   3.5951642e-01  -1.1075927e-01
   3.8073427e-01  -1.1447254e-01
   4.1039532e-01  -1.0247612e-01
   4.2218363e-01  -9.8277272e-02
   4.2617891e-01  -8.7576747e-02
   4.2521204e-01  -8.1354313e-02
   4.3759581e-01  -7.9375351e-02
   4.5727630e-01  -7.0323594e-02
   4.8767926e-01  -6.7573517e-02
   4.9229957e-01  -5.9841509e-02
   5.0972068e-01  -5.6807032e-02
   5.0254098e-01  -3.8944717e-02
   4.9347841e-01  -2.4331664e-02
   4.9020201e-01  -1.4834455e-02
   4.9141769e-01  -1.2008818e-02
   4.9695043e-01  -1.1857638e-02
   4.9513349e-01  -7.5414603e-03
   5.0580726e-01   1.0229346e-02
   5.2544733e-01   2.0379085e-02
   5.3045192e-01   2.6696564e-02
   5.3479557e-01   3.3290338e-02
   5.1751351e-01   4.8712954e-02
   5.1492786e-01   5.7855637e-02
   5.1834782e-01   6.2889397e-02
   5.3932671e-01   5.8921071e-02
   5.4765708e-01   6.3126098e-02
   5.2978277e-01   8.4141214e-02
   5.1557206e-01   9.9852697e-02
   5.1513272e-01   9.9784902e-02
   5.3137784e-01   9.8506533e-02
   5.2865562e-01   9.9949830e-02
   5.3550183e-01   1.0810560e-01
   5.2050952e-01   1.0940402e-01
   5.1021550e-01   1.1154356e-01
   4.8670868e-01   1.3513753e-01
   4.7484838e-01   1.3857687e-01
   4.6504159e-01   1.5009200e-01
   4.6104974e-01   1.4976910e-01
   4.6979828e-01   1.3980951e-01
   4.6355732e-01   1.6635475e-01
   4.5964160e-01   1.7569425e-01
   4.5160123e-01   1.7734197e-01
   4.0850053e-01   1.8865568e-01
   4.3351078e-01   1.9663240e-01
   4.2613503e-01   1.8931004e-01
   4.1179215e-01   1.9650541e-01
   3.8697766e-01   2.0923434e-01
   3.8533889e-01   2.0194103e-01
   3.7626025e-01   2.1251995e-01
  -3.0124843e-01   2.3447354e-01
  -3.2777614e-01   2.1488065e-01
  -3.2207846e-01   2.1809026e-01
  -3.6080802e-01   2.1937153e-01
  -3.5185213e-01   2.0516445e-01
  -3.6987152e-01   2.2392765e-01
  -4.0934631e-01   1.9275483e-01
  -4.2920460e-01   2.0064903e-01
  -4.2508380e-01   1.9897408e-01
  -4.4565954e-01   1.9712194e-01
  -4.4513668e-01   1.7689776e-01
  -4.4937630e-01   1.7613866e-01
  -4.5812242e-01   1.6424002e-01
  -4.7365421e-01   1.5792158e-01
  -4.8790000e-01   1.4441607e-01
  -5.0081383e-01   1.3147478e-01
  -4.7262585e-01   1.2707662e-01
  -4.4804746e-01   1.1229497e-01
  -4.5599260e-01   1.0150319e-01
  -4.5750784e-01   9.7575048e-02
  -4.6108344e-01   8.5248329e-02
  -4.6102504e-01   4.7798947e-02
  -4.6930501e-01   5.0351560e-02
  -4.7163798e-01   4.8038944e-02
  -4.4662670e-01   3.5134125e-02
  -4.3189638e-01   2.2694663e-02
  -4.2850603e-01   2.0549679e-02
  -4.1533602e-01   1.4819832e-02
  -4.3641760e-01   1.6950908e-02
  -4.1232054e-01   5.6022413e-03
  -3.9287706e-01  -8.9428284e-03
  -3.7966998e-01  -1.9032293e-02
  -3.5383867e-01  -1.9810617e-02
  -3.5249219e-01  -3.0035994e-02
  -3.4325578e-01  -3.2423808e-02
  -3.4414937e-01  -3.7813378e-02
  -3.2806256e-01  -4.0174712e-02
  -3.1113484e-01  -4.0119147e-02
  -3.0880415e-01  -4.8902010e-02
  -3.0546206e-01  -5.0304186e-02
  -2.9424114e-01  -5.9968835e-02
  -2.5577149e-01  -6.9463442e-02
  -2.2471110e-01  -6.7615528e-02
  -1.9769569e-01  -8.6735030e-02
  -1.9149066e-01  -7.1116642e-02
  -1.7065453e-01  -7.3169497e-02
  -1.8058842e-01  -7.6102680e-02
  -1.5380873e-01  -7.8561155e-02
  -1.3023436e-01  -7.7972916e-02
   5.2044458e-01  -1.5581091e-02
   5.1953492e-01  -2.6053501e-03
   5.1486486e-01   0.0000000e+00
   5.1046065e-01   4.7284085e-03
   5.1825822e-01   2.4190620e-02
   5.2995705e-01   2.9272982e-02
   5.4330667e-01   2.1860322e-02
   5.4989326e-01   2.8892184e-02
   5.3581794e-01   3.4932749e-02
   5.4020533e-01   3.3954603e-02
   5.4158997e-01   5.5415871e-02
   5.5432677e-01   4.2665171e-02
   5.5277350e-01   4.7323422e-02
   5.6723656e-01   5.2373492e-02
   5.7680486e-01   7.1141384e-02
   5.9992759e-01   7.1580445e-02
   6.1346321e-01   8.1896429e-02
   6.2443025e-01   8.0930017e-02
   6.3256568e-01   7.6594231e-02
   6.3156402e-01   8.4768781e-02
   6.2796579e-01   9.1809095e-02
   5.9848422e-01   9.0019435e-02
   5.8892573e-01   1.0180071e-01
   5.9548677e-01   9.6853385e-02
   6.0033046e-01   9.3897088e-02
   5.9855916e-01   9.7601195e-02
   5.6325218e-01   1.1348613e-01
   5.6420758e-01   1.0836422e-01
   5.3353236e-01   1.0302190e-01
   4.8578562e-01   1.0210013e-01
   4.4084568e-01   1.1691854e-01
   4.4153466e-01   1.1571052e-01
   4.4939818e-01   1.1846723e-01
   4.5353253e-01   1.1599833e-01
   4.4078146e-01   1.1473749e-01
   4.2425532e-01   1.1538885e-01
   3.9895639e-01   1.1254050e-01
   3.6294490e-01   1.0856909e-01
   3.4841618e-01   1.1076658e-01
   3.2201405e-01   1.2355181e-01
   3.1549547e-01   1.1254235e-01
   2.9162784e-01   1.1323981e-01
   2.8088208e-01   1.1124358e-01
  -4.6331521e-01   1.0033197e-01
  -4.7191299e-01   9.1429151e-02
  -4.8067106e-01   8.6237657e-02
  -4.8865806e-01   7.9759934e-02
  -4.6403321e-01   7.8225173e-02
  -4.5769377e-01   6.4879443e-02
  -4.5693577e-01   4.2267604e-02
  -4.7416827e-01   5.3025110e-02
  -4.7902260e-01   4.4781526e-02
  -4.5960650e-01   2.6121721e-02
  -4.5029010e-01   1.4862803e-02
  -4.6525652e-01   1.5992737e-02
  -4.6535247e-01   4.9325435e-03
  -4.5881281e-01   4.9296641e-03
  -4.5796046e-01   0.0000000e+00
  -4.6644008e-01  -2.1433840e-02
  -4.7250818e-01  -1.5561484e-02
  -4.5860017e-01  -2.0520273e-02
  -4.2060979e-01  -4.4264107e-02
  -3.9339073e-01  -4.7391462e-02
  -3.6666571e-01  -3.7476459e-02
  -3.5340638e-01  -5.6680831e-02
  -3.4963660e-01  -6.1336048e-02
  -3.4089042e-01  -5.7045324e-02
  -3.3806022e-01  -6.2785829e-02
  -3.3306068e-01  -5.3788327e-02
  -3.2313742e-01  -6.7625862e-02
  -3.2207458e-01  -7.4191179e-02
  -3.0384505e-01  -8.2102176e-02
  -2.8710617e-01  -7.7653244e-02
  -2.6323232e-01  -8.5135402e-02
  -2.4550476e-01  -8.2501071e-02
  -2.1178195e-01  -9.4255442e-02
  -2.0548873e-01  -1.0386941e-01
  -1.8013422e-01  -1.0305528e-01
  -1.6217744e-01  -1.0358789e-01
  -1.5078375e-01  -1.0365252e-01
  -1.3345070e-01  -1.0880204e-01
  -1.3678922e-01  -1.1163929e-01
  -1.1839889e-01  -1.1016358e-01
  -1.1202547e-01  -1.0590030e-01
  -8.1356449e-02  -1.0876503e-01
  -5.1225569e-02  -1.0934360e-01
  -2.3655206e-02  -1.1304188e-01
   1.8106182e-02  -1.1931368e-01
   3.8968741e-02  -1.1548669e-01
   6.0062152e-02  -1.1708841e-01
   6.6159684e-02  -1.0687343e-01
   8.5255528e-02  -1.0599832e-01
   6.4007719e-01   6.1342660e-02
   6.2982484e-01   6.5939730e-02
   6.2733029e-01   6.3710622e-02
   6.0420876e-01   8.2362357e-02
   5.9331315e-01   8.4489290e-02
   5.9222561e-01   7.5671125e-02
   5.7400842e-01   8.6045567e-02
   5.7905028e-01   9.5762887e-02
   5.8017413e-01   8.7077076e-02
   5.6065328e-01   8.9655663e-02
   5.3632332e-01   9.9636654e-02
   5.1618386e-01   1.0986338e-01
   4.9795383e-01   1.0803350e-01
   5.1048287e-01   1.0169696e-01
   4.9597176e-01   1.0730030e-01
   4.6618867e-01   1.1538067e-01
   4.5003985e-01   1.1480102e-01
   4.2002035e-01   1.1315112e-01
   3.8841915e-01   1.0899827e-01
   3.4464778e-01   1.1247680e-01
   3.2660050e-01   1.1664657e-01
   3.3743263e-01   1.1399262e-01
   3.3311779e-01   1.1615148e-01
   3.0134382e-01   1.1960055e-01
   2.5734961e-01   1.2105560e-01
   2.2802539e-01   1.2693116e-01
   2.1441237e-01   1.1634147e-01
   1.9776673e-01   1.1248216e-01
   1.8618959e-01   1.1398359e-01
   1.6206270e-01   1.1988368e-01
   1.3353169e-01   1.1910034e-01
   1.1691837e-01   1.2491663e-01
   7.4167180e-02   1.2288907e-01
   3.0323493e-02   1.0708219e-01
  -4.1027792e-03   1.3664167e-01
  -6.0601487e-02   1.3193522e-01
  -7.4434116e-02   1.3507699e-01
  -6.6579997e-02   1.2396564e-01
  -7.7371183e-02   1.1812387e-01
  -1.2346031e-01   1.3031237e-01
  -1.7314272e-01   1.3098244e-01
  -2.3080225e-01   1.1441717e-01
  -2.1830614e-01   1.1958138e-01
  -2.3628769e-01   1.2057994e-01
  -2.6582474e-01   1.0727404e-01
  -2.8076992e-01   1.0820536e-01
  -3.3982590e-01   9.4310724e-02
  -3.2891158e-01   1.0528792e-01
  -3.4411466e-01   1.0805887e-01
  -4.3424757e-01  -2.3654441e-02
  -4.4338557e-01  -1.0475191e-02
  -4.5061855e-01  -1.9774040e-02
  -4.2756802e-01  -1.6631267e-03
  -4.0794195e-01   1.6699686e-03
  -3.9736106e-01  -1.6769758e-02
  -3.8611607e-01   1.1240313e-03
  -3.7136663e-01   6.2127054e-03
  -3.2616278e-01  -8.5408160e-03
  -2.8213028e-01  -1.7183619e-03
  -2.5547475e-01  -1.0414462e-02
  -2.4402735e-01  -5.8252578e-04
  -2.0849848e-01   1.4641108e-02
  -1.8999479e-01   4.1076654e-03
  -1.5094903e-01   1.1741177e-03
  -1.3419371e-01   2.0638887e-02
  -1.1618937e-01   9.4867042e-03
  -7.7527926e-02   1.4274338e-02
  -3.1555736e-02   1.1304031e-02
  -8.5602589e-03   1.2431040e-02
   2.5680777e-02   1.2429040e-02
   6.5685459e-02   1.6572970e-02
   1.0780303e-01   1.1889717e-02
   1.4520243e-01   2.2175449e-02
   1.7826408e-01   2.4660914e-02
   2.0465778e-01   2.6818802e-02
   2.3323240e-01   2.1200942e-02
   2.7158798e-01   1.6865176e-02
   3.0459968e-01   2.5487288e-02
   3.5051878e-01   2.3766613e-02
   3.8243073e-01   3.4755802e-02
   4.0939933e-01   3.3131320e-02
   4.2185481e-01   3.1436989e-02
   4.3395823e-01   3.9093886e-02
   4.4584258e-01   4.1981890e-02
   4.6796044e-01   4.7783961e-02
   5.1508155e-01   4.8756019e-02
   5.4851034e-01   4.0787529e-02
   5.6811074e-01   3.8918828e-02
   5.9249895e-01   4.5883772e-02
   5.9464170e-01   6.1752426e-02
   6.1823052e-01   4.1734063e-02
   6.1030546e-01   5.4296948e-02
   6.4175187e-01   5.0079810e-02
   6.5958658e-01   5.1159506e-02
   6.7091164e-01   5.0644010e-02
   6.7457079e-01   5.2958471e-02
   6.8545077e-01   5.6014654e-02
   6.9739684e-01   5.9456968e-02
   2.3828590e-01   1.1151133e-01
   2.1775185e-01   1.1713367e-01
   1.8816899e-01   1.1884147e-01
   1.3127869e-01   1.3361317e-01
   7.5273736e-02   1.4364276e-01
   5.4017078e-02   1.2839711e-01
   2.1888453e-02   1.2255573e-01
  -1.9143818e-02   1.1523094e-01
  -3.7860739e-02   9.2632632e-02
  -7.1434049e-02   1.1811311e-01
  -1.2847774e-01   1.2773792e-01
  -1.6170935e-01   1.2021285e-01
  -1.9876305e-01   1.1760315e-01
  -2.2249247e-01   1.1284188e-01
  -2.4536283e-01   1.2075482e-01
  -2.7914772e-01   1.2536116e-01
  -3.0864391e-01   1.1965012e-01
  -3.4160423e-01   1.1467675e-01
  -3.6163723e-01   1.1019361e-01
  -4.1184933e-01   1.1596255e-01
  -4.2414073e-01   1.0934081e-01
  -4.4696281e-01   1.0224008e-01
  -4.6462833e-01   8.6919478e-02
  -4.8900311e-01   9.4497398e-02
  -4.7526116e-01   8.1075168e-02
  -5.0086770e-01   6.1684442e-02
  -4.9409186e-01   6.3292259e-02
  -5.0460776e-01   7.2436661e-02
  -4.9059479e-01   3.0474003e-02
  -5.0585579e-01   3.9614244e-02
  -5.2101256e-01   2.7205746e-02
  -5.3591850e-01   3.1503928e-02
  -5.1674171e-01   1.8108651e-02
  -5.1634439e-01   6.6138080e-03
  -5.0625218e-01  -1.3812477e-02
  -5.0645876e-01  -1.8743844e-02
  -4.8599004e-01  -2.4426409e-02
  -4.6394892e-01  -3.0752601e-02
  -4.0890700e-01  -5.1719270e-02
  -3.8822286e-01  -5.9644429e-02
  -3.9409910e-01  -6.5017971e-02
  -3.8998641e-01  -6.7994443e-02
  -3.9687208e-01  -6.8688536e-02
  -3.8540297e-01  -7.8189304e-02
  -3.6135064e-01  -8.9978631e-02
  -3.1872596e-01  -1.1085753e-01
  -2.8873710e-01  -1.0469242e-01
  -2.5949805e-01  -1.0944559e-01
  -2.3465226e-01  -1.2394449e-01
   1.6491822e-01  -1.4704945e-01
   1.3701396e-01  -1.3952011e-01
   1.2589876e-01  -1.3513682e-01
   1.2889418e-01  -1.3639383e-01
   1.2307546e-01  -1.3854157e-01
   1.4999123e-01  -1.1218046e-01
   1.4809046e-01  -1.1464320e-01
   1.2819950e-01  -1.1884051e-01
   1.2938511e-01  -8.6951893e-02
   9.0154597e-02  -8.4484941e-02
   6.2266067e-02  -5.8082748e-02
   7.5347107e-02  -4.5848166e-02
   6.0537613e-02  -5.8858033e-02
   6.9025375e-02  -4.6699136e-02
   6.6075476e-02  -8.9403439e-03
   7.9170218e-02  -6.1127567e-03
   5.7157258e-02   0.0000000e+00
   9.0811010e-02   3.9268682e-03
   5.3308017e-02   2.0409605e-02
   1.9453290e-02   3.1749271e-02
   4.2384599e-02   5.8708025e-02
   1.1059718e-02   7.8756354e-02
   5.6074077e-02   8.8373181e-02
   6.0039218e-02   9.2856508e-02
   2.4724914e-02   9.8330109e-02
   5.8928544e-02   1.1177338e-01
   4.6542509e-02   1.3422224e-01
   8.5275254e-02   1.3365654e-01
   7.3277583e-02   1.5200971e-01
   1.1495996e-01   1.5368137e-01
   7.0917332e-02   1.6215185e-01
   7.3096289e-02   2.1865824e-01
   8.8044639e-02   2.0325453e-01
   7.3939021e-02   2.1903314e-01
   9.1079568e-02   2.1405981e-01
   5.7265283e-02   2.4842455e-01
   6.4427981e-02   2.2758454e-01
   4.1351074e-02   2.5917728e-01
   4.5917252e-02   2.5368209e-01
   3.7815538e-02   2.6197783e-01
   2.8735616e-02   2.7185806e-01
   1.2402181e-02   2.7941033e-01
   2.4689471e-02   2.9148444e-01
   3.0966483e-02   3.0089799e-01
   3.6028255e-02   2.9825782e-01
   3.3305120e-02   3.0226959e-01
   2.7197061e-02   3.1462188e-01
   2.6065398e-02   3.0933651e-01
   4.4646776e-02   3.1580613e-01
   1.9266172e-01   1.2020652e-01
   1.9580068e-01   9.9722952e-02
   1.7674122e-01   9.7204253e-02
   1.8075304e-01   8.8764001e-02
   1.7424752e-01   8.3585714e-02
   1.9017317e-01   5.8762756e-02
   2.1347811e-01   5.2012605e-02
   2.1203863e-01   3.5989247e-02
   2.1536796e-01   2.5975613e-02
   2.0064050e-01   1.6820312e-02
   2.1704750e-01   6.8825550e-03
   2.1725314e-01  -1.5405354e-02
   1.9382497e-01  -2.6941290e-02
   1.9579326e-01  -3.6302295e-02
   1.7872983e-01  -3.8836424e-02
   1.8353706e-01  -4.5527092e-02
   1.7889760e-01  -5.6306002e-02
   1.8616697e-01  -7.2026763e-02
   2.0725379e-01  -8.8851062e-02
   2.1027590e-01  -8.8371502e-02
   2.0618357e-01  -1.0117797e-01
   1.9087238e-01  -1.1073954e-01
   1.8942817e-01  -1.2324207e-01
   1.8143895e-01  -1.2670288e-01
   1.8190437e-01  -1.2922686e-01
   1.8776820e-01  -1.3484177e-01
   2.0640625e-01  -1.5490376e-01
   2.1237356e-01  -1.5503097e-01
   2.1800102e-01  -1.7980309e-01
   1.9874137e-01  -1.8334698e-01
   2.0116791e-01  -1.7953950e-01
   1.8446110e-01  -1.9213462e-01
   1.8228545e-01  -2.0742591e-01
   1.6598878e-01  -2.0539696e-01
   1.7379476e-01  -2.1000357e-01
   1.9031467e-01  -2.0981015e-01
   2.0996031e-01  -2.1763686e-01
   2.1553890e-01  -2.2558229e-01
   1.9960594e-01  -2.2353431e-01
   1.8831800e-01  -2.3164100e-01
   1.6035060e-01  -2.3570721e-01
   1.4341924e-01  -2.3264448e-01
   1.2092258e-01  -2.3321752e-01
   1.2181137e-01  -2.2798453e-01
   1.3307063e-01  -2.2509047e-01
   1.3126564e-01  -2.4107241e-01
   1.2092915e-01  -2.2948077e-01
   2.3841534e-01  -1.8824820e-02
   2.3671950e-01  -2.0897069e-02
   2.1298120e-01  -2.6711119e-02
   2.2340785e-01   2.7875162e-03
   2.2144185e-01   1.8025925e-02
   2.1602123e-01   2.0046755e-02
   1.9253967e-01   5.3699756e-02
   1.5732307e-01   5.1965599e-02
   1.5826379e-01   4.6817079e-02
   1.9623666e-01   7.4444593e-02
   1.7607366e-01   9.0699443e-02
   1.9582492e-01   7.0255014e-02
   1.7371967e-01   1.0922859e-01
   1.6453063e-01   1.0363285e-01
   1.7120603e-01   1.0498288e-01
   1.7066541e-01   1.2328712e-01
   1.6780414e-01   1.3342964e-01
   1.5476343e-01   1.4321598e-01
   1.5329826e-01   1.4606168e-01
   1.4841908e-01   1.4687086e-01
   1.3046129e-01   1.6138041e-01
   1.4231415e-01   1.6551930e-01
   1.0402205e-01   1.6956320e-01
   9.7914103e-02   1.8802162e-01
   1.0125449e-01   1.9823025e-01
   1.0484380e-01   2.0488434e-01
   8.5896327e-02   2.2197000e-01
   7.0593781e-02   2.1992362e-01
   5.8623650e-02   2.3889437e-01
   6.7511673e-02   2.5041466e-01
   7.1887773e-02   2.5469493e-01
   7.2355374e-02   2.5894763e-01
   7.8948739e-02   2.6339173e-01
   8.3248454e-02   2.6949360e-01
   7.9603502e-02   2.7444493e-01
   7.4517397e-02   2.7365035e-01
   7.8370787e-02   2.7243243e-01
   6.6828866e-02   2.8337546e-01
   8.0055854e-02   2.8987578e-01
   6.9228249e-02   2.9010449e-01
   7.8733425e-02   2.8648896e-01
   7.8344828e-02   2.9897097e-01
   7.7302001e-02   3.0085702e-01
   7.9365020e-02   2.8863244e-01
   8.6489848e-02   2.9143983e-01
   8.9887693e-02   2.9191798e-01
   9.8317667e-02   2.8737788e-01
   1.0675201e-01   2.8307725e-01
   9.7207321e-02   2.7402892e-01
   1.0231801e-01   2.6908150e-01
