  -1.9954894e-02   2.2088313e-02
  -1.5962644e-02   2.3193642e-02
  -9.3287266e-03   2.4900590e-02
  -5.3261250e-03   2.3217983e-02
  -3.9939100e-03   2.5429306e-02
   0.0000000e+00   2.3654224e-02
   9.3199391e-03   2.4323210e-02
   1.0630858e-02   2.3723401e-02
   1.7292151e-02   2.3745583e-02
   2.5198725e-02   2.3673352e-02
   2.6574880e-02   2.4822768e-02
   2.5262661e-02   2.8712909e-02
   2.1274883e-02   2.8162175e-02
   1.5977038e-02   2.4322084e-02
   9.3020012e-03   2.3723574e-02
   1.1974704e-02   1.9880874e-02
   7.9885192e-03   2.4323364e-02
   3.9908219e-03   2.2642899e-02
   3.9823163e-03   2.4803041e-02
  -1.3260184e-03   2.5880027e-02
   1.3314199e-03   2.4323779e-02
   3.9864039e-03   2.4275756e-02
   7.9963981e-03   2.4347398e-02
   7.9662695e-03   2.2046860e-02
   9.3020012e-03   2.3723574e-02
   1.5946288e-02   2.3722480e-02
   1.9987411e-02   2.6558348e-02
   1.9948077e-02   2.6505976e-02
   1.7271338e-02   2.6480587e-02
   2.2545281e-02   2.4224738e-02
   1.7329684e-02   2.1025933e-02
   1.4633014e-02   2.2641666e-02
   1.4633589e-02   2.2089430e-02
   7.9713869e-03   2.6482296e-02
   7.9795985e-03   2.5956153e-02
   7.9710125e-03   2.7034010e-02
   1.0640874e-02   2.4299047e-02
   1.0621693e-02   2.2046561e-02
   2.6608541e-03   2.0986152e-02
   0.0000000e+00   2.0944882e-02
   0.0000000e+00   2.2156281e-02
   2.6654660e-03   2.4347779e-02
   5.3095215e-03   2.5354134e-02
   2.6594907e-03   2.7613359e-02
   6.6434273e-03   2.5379002e-02
   0.0000000e+00   2.3724138e-02
   6.6458322e-03   2.0413545e-02
   9.3126411e-03   2.1537948e-02
   3.9828188e-03   2.3149505e-02
   3.9969041e-03   2.8221220e-02
   7.9710125e-03   2.7034010e-02
   5.3097550e-03   2.4802957e-02
   9.3027583e-03   2.2620152e-02
   3.9712715e-03   2.2531796e-02
   2.6577146e-03   2.3724092e-02
   3.9909788e-03   2.2090633e-02
   1.0651810e-02   2.3770236e-02
   1.0652250e-02   2.3217440e-02
   5.3189813e-03   2.7613197e-02
   9.3077613e-03   2.8165009e-02
   1.0617580e-02   2.7007037e-02
   7.9813221e-03   2.3194860e-02
   1.1962921e-02   1.9861288e-02
   7.9747087e-03   2.0965151e-02
   6.6718467e-03   2.1048209e-02
   6.6508273e-03   2.3747246e-02
   1.7275145e-02   2.3722192e-02
   1.4659427e-02   2.4899715e-02
   1.1992447e-02   2.6560215e-02
   7.9870899e-03   2.6534579e-02
   6.6573810e-03   2.3770688e-02
   1.0611265e-02   2.2024884e-02
   9.3122839e-03   2.2090203e-02
   1.1971489e-02   2.3746599e-02
   1.0662758e-02   2.3240381e-02
   6.6437201e-03   2.4827285e-02
   6.6565166e-03   2.5429108e-02
   1.3311816e-02   2.6533752e-02
   1.1983781e-02   2.3217248e-02
   7.9734722e-03   2.3172009e-02
   1.1962498e-02   2.0412991e-02
   6.6496654e-03   2.5956292e-02
   9.2936170e-03   2.2597889e-02
   7.9724641e-03   2.4827152e-02
   9.3299131e-03   2.3240551e-02
   3.9904964e-03   2.3747431e-02
   1.3301093e-02   2.4298621e-02
   1.4618032e-02   2.3171053e-02
   1.5914984e-02   2.3675835e-02
   1.4631202e-02   2.4298373e-02
   1.0629005e-02   2.5930229e-02
   1.1946423e-02   2.5353336e-02
   1.1981730e-02   2.5428414e-02
   1.4632424e-02   2.3193902e-02
   1.0642192e-02   2.2642293e-02
   1.1995603e-02   2.3240188e-02
   1.0629952e-02   2.4826815e-02
   9.2920713e-03   2.4802561e-02
   1.1969938e-02   2.5403339e-02
   1.5944225e-02   2.5377537e-02
   1.3286855e-02   2.5378079e-02
   1.1981188e-02   2.5981206e-02
   1.9992671e-02   2.3238554e-02
   2.1241701e-02   2.3146736e-02
   1.9933681e-02   2.3169884e-02
   1.7254377e-02   2.6454527e-02
   1.8584143e-02   2.4800795e-02
   1.9951639e-02   2.4297144e-02
   1.5948212e-02   2.2067423e-02
   7.9734722e-03   2.3172009e-02
   1.0661864e-02   2.4347065e-02
   1.9911581e-02   2.4800447e-02
   1.7255945e-02   2.5352255e-02
   1.4644337e-02   2.5427918e-02
   1.3289655e-02   2.2619592e-02
   1.1984265e-02   2.2664456e-02
   1.4647435e-02   2.2664014e-02
   1.5962644e-02   2.3193642e-02
   1.4660685e-02   2.3793061e-02
   1.0651359e-02   2.4323032e-02
   9.3003793e-03   2.5930418e-02
   6.6431280e-03   2.5930720e-02
   1.0660446e-02   2.6007093e-02
   1.3313622e-02   2.4875392e-02
   1.3275517e-02   2.3699639e-02
   6.6440065e-03   2.4275568e-02
   7.9970684e-03   2.3240698e-02
   6.6448274e-03   2.2620415e-02
   1.3301655e-03   2.3747523e-02
   5.3090390e-03   2.6456488e-02
   6.6511018e-03   2.3194984e-02
   7.9578186e-03   2.3126441e-02
   1.3326752e-03   2.4901174e-02
   7.9809928e-03   2.3747119e-02
   7.9656377e-03   2.3149203e-02
   6.6499655e-03   2.5404030e-02
   9.3173837e-03   2.7640011e-02
   1.3288573e-03   2.3724126e-02
  -1.3327330e-03   2.4347814e-02
   0.0000000e+00   2.2090730e-02
   3.9947550e-03   2.2665251e-02
   2.6605479e-03   2.2642954e-02
   0.0000000e+00   2.5379310e-02
   1.3299331e-03   2.5956595e-02
   0.0000000e+00   2.5429418e-02
   3.9983686e-03   2.3794362e-02
   5.3210958e-03   2.2642822e-02
   9.3126411e-03   2.1537948e-02
   1.0653908e-02   2.1006255e-02
   7.9901320e-03   2.1559345e-02
   9.2939810e-03   2.2046721e-02
   1.0638974e-02   2.6508051e-02
   1.8637404e-02   2.5979750e-02
   1.4623475e-02   3.0372966e-02
   1.9909811e-02   2.5902689e-02
   1.8619903e-02   2.5401918e-02
   1.4633014e-02   2.2641666e-02
   1.0661402e-02   2.4900408e-02
   1.5978375e-02   2.3216535e-02
   1.4632424e-02   2.3193902e-02
   1.9914894e-02   2.2595963e-02
   2.5243887e-02   2.5926492e-02
   2.6551034e-02   2.3696197e-02
   3.1852741e-02   2.7000342e-02
   2.7953496e-02   2.7082039e-02
   2.2630088e-02   2.6531309e-02
   2.2655479e-02   2.4897673e-02
   1.7292865e-02   2.3193360e-02
   2.3919432e-02   2.3720408e-02
   1.4615540e-02   2.5377820e-02
   1.0652250e-02   2.3217440e-02
   1.0620850e-02   2.3148889e-02
   1.1972466e-02   2.2642106e-02
   6.6573810e-03   2.3770688e-02
   3.9978484e-03   2.5454434e-02
   1.5959197e-02   2.5954790e-02
   9.2924712e-03   2.4251393e-02
   5.3158619e-03   2.2620514e-02
   9.2920713e-03   2.4802561e-02
   5.3202074e-03   2.4851878e-02
   1.3325558e-03   2.6007892e-02
   6.6445602e-03   2.3172133e-02
   7.9728078e-03   2.4275438e-02
   1.3303773e-02   2.1537414e-02
   1.0631296e-02   2.3171694e-02
   1.0643416e-02   2.0985540e-02
   1.0640415e-02   2.4851298e-02
   1.7289910e-02   2.5402252e-02
   1.3326752e-02   2.4899970e-02
   1.3326752e-02   2.4899970e-02
   9.2939810e-03   2.2046721e-02
   7.9895101e-03   2.2664953e-02
   1.3314762e-02   2.3769819e-02
   1.3340488e-02   2.4370717e-02
   1.3298718e-02   2.6507587e-02
   1.3286855e-02   2.5378079e-02
   6.6570993e-03   2.4323494e-02
   5.3318051e-03   2.2134214e-02
   5.3160706e-03   2.2068794e-02
   7.9912829e-03   1.9348131e-02
   7.9734722e-03   2.3172009e-02
   1.4616184e-02   2.4826128e-02
   1.3294771e-02   2.9821035e-02
   1.0637963e-02   2.7612553e-02
   1.0630410e-02   2.4275108e-02
   1.5901286e-02   2.2002401e-02
   1.8624568e-02   2.2088625e-02
   1.9968647e-02   2.5979383e-02
   1.8617329e-02   2.7058565e-02
   1.5973427e-02   2.7085957e-02
   1.5944928e-02   2.4825851e-02
   1.4643674e-02   2.5980699e-02
   1.9878101e-02   2.0901464e-02
   2.1266663e-02   2.0411257e-02
   1.8624568e-02   2.2088625e-02
   1.8619903e-02   2.5401918e-02
   1.8617329e-02   2.7058565e-02
   1.3313622e-02   2.4875392e-02
   1.7292151e-02   2.3745583e-02
   2.1264282e-02   2.2066224e-02
   2.2592413e-02   2.2617518e-02
   2.2590574e-02   2.3720811e-02
   1.9966783e-02   2.7084889e-02
   2.3962376e-02   2.5978130e-02
   2.9225645e-02   2.7579729e-02
   2.9233629e-02   2.4270162e-02
   3.1859901e-02   2.4245205e-02
   2.9268301e-02   2.1533394e-02
   2.6577146e-02   2.3719534e-02
   2.3914161e-02   2.6478595e-02
   2.8008666e-02   2.7135591e-02
   2.9312072e-02   2.7661449e-02
   3.5915950e-02   2.3187048e-02
   3.4505485e-02   2.7550036e-02
   3.4591103e-02   2.0979298e-02
   3.0625219e-02   2.3212182e-02
   2.5243887e-02   2.5926492e-02
   2.6623633e-02   2.6529874e-02
   3.0531092e-02   2.4796797e-02
   3.4550290e-02   2.3716358e-02
   3.0650171e-02   2.5447974e-02
   3.1993264e-02   2.1021757e-02
   3.9981991e-02   2.4337135e-02
   4.6510006e-02   2.3710046e-02
   4.3760569e-02   2.5316076e-02
   4.9198167e-02   2.8146948e-02
   4.6536481e-02   2.8700857e-02
   4.6538806e-02   2.8148917e-02
   4.3795424e-02   2.7544530e-02
   4.2486770e-02   2.2036317e-02
   3.9904964e-02   2.3737148e-02
   4.1238493e-02   2.2632424e-02
   3.5872891e-02   2.5921865e-02
   3.9944286e-02   2.3760560e-02
   3.3175081e-02   2.8652744e-02
   3.8607797e-02   2.5419004e-02
   2.6604407e-02   2.3190756e-02
   2.6680975e-02   2.4367142e-02
   2.6551034e-02   2.3696197e-02
   2.1234145e-02   2.7555638e-02
   2.3939876e-02   2.5400338e-02
   2.5248289e-02   2.3719982e-02
   2.1303619e-02   2.3768013e-02
   1.8602416e-02   2.4825225e-02
   1.9914094e-02   2.3147084e-02
   2.2614657e-02   2.2639817e-02
   3.1988274e-02   2.3234574e-02
   3.3349770e-02   2.4918199e-02
   3.4584302e-02   2.3739732e-02
   3.5945190e-02   2.5420390e-02
   3.7208005e-02   2.3715116e-02
   3.9896153e-02   2.6497281e-02
   4.6551815e-02   2.4837280e-02
   4.3842628e-02   2.6468773e-02
   3.5909814e-02   2.5395338e-02
   3.4612321e-02   2.5973677e-02
   4.1398142e-02   2.3830362e-02
   4.2563498e-02   2.4287711e-02
   3.7196275e-02   2.7575716e-02
   3.8614406e-02   2.3208655e-02
   3.8612810e-02   2.3761242e-02
   3.5948336e-02   2.4315155e-02
   3.7314906e-02   2.4891660e-02
   3.4473284e-02   2.6972505e-02
   3.7231045e-02   2.8154948e-02
   3.4517763e-02   2.3142030e-02
   2.6659026e-02   2.2130066e-02
   2.6635743e-02   2.0450111e-02
   2.6655790e-02   2.3789821e-02
   2.7962156e-02   2.3213176e-02
   2.3958987e-02   2.7636309e-02
   2.2561279e-02   2.7555198e-02
   2.3964520e-02   2.4872678e-02
   2.5273144e-02   2.3743367e-02
   1.8606247e-02   2.2066867e-02
   2.2612813e-02   2.3744198e-02
   1.8617329e-02   2.7058565e-02
   2.1190447e-02   2.8601576e-02
   2.5293619e-02   2.5977662e-02
   1.7289910e-02   2.5402252e-02
   1.7361233e-02   2.3285200e-02
   1.8642925e-02   2.2110426e-02
   1.8623835e-02   2.2640840e-02
   2.2587653e-02   2.5375751e-02
   2.6626067e-02   2.5424463e-02
   1.9911581e-02   2.4800447e-02
   2.2635095e-02   2.3767631e-02
   2.6632750e-02   2.2108229e-02
   2.7963285e-02   2.2660482e-02
   2.9263640e-02   2.3741947e-02
   3.5912951e-02   2.4291193e-02
   2.9224216e-02   2.8131324e-02
   3.4575039e-02   2.7052253e-02
   3.1884050e-02   2.7026928e-02
   3.4587123e-02   2.2635558e-02
   3.1897644e-02   2.1511229e-02
   3.3258157e-02   2.2084019e-02
   3.4550290e-02   2.3716358e-02
   3.3273071e-02   2.8737548e-02
   3.3310778e-02   2.7106355e-02
   3.7232869e-02   2.7602891e-02
   3.3284056e-02   2.4869032e-02
   3.1923971e-02   2.3740886e-02
   2.9297151e-02   2.1554641e-02
   3.3290937e-02   2.2105806e-02
   3.1919835e-02   2.5397226e-02
   2.9254397e-02   2.7606915e-02
   2.9252964e-02   2.8159054e-02
   3.3214112e-02   2.6474729e-02
   3.4513408e-02   2.4795032e-02
   3.7175924e-02   2.2038876e-02
   3.4653963e-02   2.3233440e-02
   3.3286905e-02   2.3763742e-02
   3.3249828e-02   2.5396622e-02
   3.1887015e-02   2.5923788e-02
   3.5936716e-02   2.8183476e-02
   3.5908193e-02   2.5947411e-02
   3.3215640e-02   2.5923172e-02
   2.6599862e-02   2.5399399e-02
   2.3990211e-02   2.3790703e-02
   3.0595068e-02   2.3189302e-02
   3.0563718e-02   2.3718049e-02
   2.9201055e-02   2.5899441e-02
   3.3248327e-02   2.5948722e-02
   2.6568768e-02   2.7580853e-02
   2.5316192e-02   2.7109847e-02
   2.6553191e-02   2.2594048e-02
   2.2613746e-02   2.3192007e-02
   2.1261717e-02   2.3721191e-02
   2.7880851e-02   2.2593599e-02
   2.2610881e-02   2.4848579e-02
   2.6570042e-02   2.7029236e-02
   3.1975233e-02   2.8213411e-02
   2.9172404e-02   2.5873986e-02
   2.9266027e-02   2.2637671e-02
   3.0568576e-02   2.1511719e-02
   2.6657973e-02   2.2683318e-02
   2.7901138e-02   2.5925486e-02
   2.6597436e-02   2.6503721e-02
   2.3937692e-02   2.6504700e-02
   2.3962376e-02   2.5978130e-02
   2.6576026e-02   2.4271151e-02
   2.5269869e-02   2.5399881e-02
   3.0628839e-02   2.1554169e-02
   2.5248289e-02   2.3719982e-02
   2.7988580e-02   2.3789345e-02
   2.3980222e-02   2.8770153e-02
   2.3894926e-02   2.4248163e-02
   2.7876214e-02   2.4797853e-02
   2.3947687e-02   2.0982888e-02
   2.5328000e-02   2.1023963e-02
   2.2609883e-02   2.5400770e-02
   2.9285996e-02   2.6528789e-02
   3.1985592e-02   2.4340982e-02
   3.7201517e-02   2.5921173e-02
   3.3246795e-02   2.6500823e-02
   3.3282583e-02   2.5421677e-02
   3.4547344e-02   2.4819445e-02
   2.6576026e-02   2.4271151e-02
   3.1921244e-02   2.4845113e-02
   2.5246136e-02   2.4823237e-02
   2.7961000e-02   2.3765871e-02
   2.2565466e-02   2.5350782e-02
   1.8619903e-02   2.5401918e-02
   1.9969550e-02   2.5426630e-02
   2.5224519e-02   2.3145559e-02
   2.5226520e-02   2.2043390e-02
   2.2544313e-02   2.4775300e-02
   2.3934243e-02   2.8161244e-02
   1.7301114e-02   2.9296699e-02
   2.1274883e-02   2.8162175e-02
   1.7292151e-02   2.3745583e-02
   1.6011212e-02   2.2154720e-02
   1.9899723e-02   1.9270274e-02
   1.5994137e-02   2.3239473e-02
   1.5927848e-02   2.5903705e-02
   1.0658935e-02   2.7667120e-02
   1.1947463e-02   2.4251017e-02
   1.1972466e-02   2.2642106e-02
   1.4619754e-02   2.1515978e-02
   1.8589365e-02   2.0942894e-02
   1.9934482e-02   2.2618220e-02
   1.3271975e-02   2.7006566e-02
   2.2627932e-02   2.7636780e-02
   1.8615523e-02   2.8162996e-02
   2.2588648e-02   2.4824105e-02
   2.3945873e-02   2.2087250e-02
   2.6635743e-02   2.0450111e-02
   1.8584942e-02   2.4249666e-02
   2.3938796e-02   2.5952519e-02
   2.2652400e-02   2.6557518e-02
   2.1234145e-02   2.7555638e-02
   3.1925289e-02   2.3188772e-02
   2.6603309e-02   2.3742917e-02
   2.9321369e-02   2.3788846e-02
   3.0566206e-02   2.2614884e-02
   2.7956106e-02   2.5976650e-02
   2.9288673e-02   2.5423423e-02
   2.7923284e-02   2.8159642e-02
   2.9225645e-02   2.7579729e-02
   2.6605479e-02   2.2638595e-02
   2.1281749e-02   2.4296778e-02
   1.9974562e-02   2.2110113e-02
   1.8639878e-02   2.4321468e-02
   1.9892895e-02   2.4225487e-02
   2.2562358e-02   2.7004094e-02
   1.9928467e-02   2.6479867e-02
   1.6004952e-02   2.7139532e-02
   1.8640667e-02   2.3768707e-02
   1.7343371e-02   2.3816033e-02
   1.3304755e-02   2.0432931e-02
   1.3300518e-02   2.4850863e-02
   1.3302740e-02   2.2641897e-02
   1.1969938e-02   2.5403339e-02
   1.3314762e-02   2.3769819e-02
   1.3299331e-02   2.5955345e-02
   1.3286256e-02   2.5929776e-02
   1.0630410e-02   2.4275108e-02
   1.1971983e-02   2.3194353e-02
   1.4648575e-02   2.1558453e-02
   1.1935737e-02   2.4227173e-02
   1.3285021e-02   2.7033171e-02
   1.5960622e-02   2.4850331e-02
   1.5989174e-02   2.7112718e-02
   1.3273804e-02   2.5353103e-02
   2.2566459e-02   2.4799678e-02
   1.9932020e-02   2.4273212e-02
   1.9932860e-02   2.3721548e-02
   1.9894546e-02   2.3124329e-02
   2.1302718e-02   2.4320757e-02
   1.8671542e-02   2.7692696e-02
   2.2607820e-02   2.6505151e-02
   2.2590574e-02   2.3720811e-02
   2.3922318e-02   2.2065496e-02
   2.5246136e-02   2.4823237e-02
   2.3982604e-02   2.7663609e-02
   2.1303619e-02   2.3768013e-02
   2.1300853e-02   2.5426246e-02
   2.5223483e-02   2.3696644e-02
   2.1237131e-02   2.5902300e-02
   2.2699242e-02   2.5501338e-02
   2.3893898e-02   2.4799258e-02
   2.3964520e-02   2.4872678e-02
   2.1300853e-02   2.5426246e-02
   2.2609883e-02   2.5400770e-02
   2.6471899e-02   2.4175913e-02
   2.6604407e-02   2.3190756e-02
   2.5226520e-02   2.2043390e-02
   1.4657435e-02   2.6559696e-02
   2.5295883e-02   2.4872230e-02
   2.5219093e-02   2.5900983e-02
   2.6602186e-02   2.4295077e-02
   2.7933475e-02   2.3742443e-02
   2.5248289e-02   2.3719982e-02
   1.9952482e-02   2.3744937e-02
   2.2608862e-02   2.5952960e-02
   3.0504971e-02   2.3120932e-02
   2.9257179e-02   2.6502639e-02
   3.1921244e-02   2.4845113e-02
   3.4649556e-02   2.4892972e-02
   2.6547607e-02   2.5349420e-02
   2.7932295e-02   2.4294593e-02
   2.9204909e-02   2.4246285e-02
   2.9232368e-02   2.4821756e-02
   2.9196949e-02   2.7552597e-02
   2.6677419e-02   2.6028538e-02
   2.5295883e-02   2.4872230e-02
   2.7934627e-02   2.3190294e-02
   2.6603309e-02   2.3742917e-02
   3.1913888e-02   2.7605681e-02
   2.7904827e-02   2.4270668e-02
   2.7931089e-02   2.4846743e-02
   2.7848857e-02   2.4773480e-02
   3.0585611e-02   2.7054185e-02
   2.6607546e-02   2.1534273e-02
   2.2610881e-02   2.4848579e-02
   2.2612813e-02   2.3744198e-02
   2.6570042e-02   2.7029236e-02
   2.3914161e-02   2.6478595e-02
   1.8621530e-02   2.4297487e-02
   1.7311953e-02   2.1557948e-02
   1.8604002e-02   2.3721881e-02
   1.8623085e-02   2.3193056e-02
   1.5945616e-02   2.4274166e-02
   1.8578970e-02   2.8107568e-02
   1.3274388e-02   2.4801948e-02
   1.3301093e-02   2.4298621e-02
   1.3290176e-02   2.2067895e-02
   1.4647435e-02   2.2664014e-02
   1.7290674e-02   2.4850029e-02
   1.5883139e-02   2.4178893e-02
   1.3312431e-02   2.5980965e-02
   1.3286855e-02   2.5378079e-02
   1.5945616e-02   2.4274166e-02
   1.5977714e-02   2.3769310e-02
   1.9972969e-02   2.3215619e-02
   1.9950778e-02   2.4849352e-02
   2.1301796e-02   2.4873502e-02
   1.6008585e-02   2.4370192e-02
   1.5976347e-02   2.4874859e-02
   1.9972143e-02   2.3768372e-02
   2.3918423e-02   2.4272046e-02
   2.5317388e-02   2.6556585e-02
   1.9929384e-02   2.5928203e-02
   1.5962644e-02   2.3193642e-02
   2.1322804e-02   2.4898074e-02
   2.1261717e-02   2.3721191e-02
   1.6008585e-02   2.4370192e-02
   1.8623835e-02   2.2640840e-02
   2.7898544e-02   2.7028698e-02
   2.7953496e-02   2.7082039e-02
   1.8652219e-02   2.8218644e-02
   1.5957710e-02   2.7059249e-02
   1.8676683e-02   2.4369573e-02
   2.5304855e-02   1.9897784e-02
   2.5272077e-02   2.4295538e-02
   1.7341110e-02   2.5477617e-02
   1.4615540e-02   2.5377820e-02
   2.1220849e-02   2.3123982e-02
   1.9852207e-02   2.5276948e-02
   2.2591505e-02   2.3169164e-02
   2.3967563e-02   2.3214499e-02
   2.0008065e-02   2.6030765e-02
   2.1253975e-02   2.8134436e-02
   2.2650237e-02   2.7664081e-02
   2.2567430e-02   2.4248574e-02
   2.2638707e-02   2.1556688e-02
   2.1305360e-02   2.2662524e-02
   1.9947138e-02   2.7058184e-02
   1.9948996e-02   2.5953768e-02
   2.1340946e-02   2.6584208e-02
   2.1257032e-02   2.6479469e-02
   1.8692643e-02   2.6056903e-02
   2.3873456e-02   2.3123222e-02
   1.8606959e-02   2.1515195e-02
   2.4038631e-02   2.3283431e-02
   2.2607820e-02   2.6505151e-02
   1.9968647e-02   2.5979383e-02
   2.2583453e-02   2.7582338e-02
   2.2593300e-02   2.2065871e-02
   1.9896880e-02   2.1472591e-02
   1.5932539e-02   2.2045706e-02
   1.8624568e-02   2.2088625e-02
   1.7307709e-02   2.4874556e-02
   1.8634767e-02   2.7638032e-02
   1.5959197e-02   2.5954790e-02
   1.5942774e-02   2.6480908e-02
   1.4617430e-02   2.3722745e-02
   1.7227687e-02   2.0902029e-02
   1.5996031e-02   2.1579511e-02
   1.3299931e-02   2.5403104e-02
   1.1944206e-02   2.7557974e-02
   1.1967122e-02   2.8164571e-02
   1.4616814e-02   2.4274437e-02
   1.0632945e-02   2.0964866e-02
   1.1995603e-02   2.3240188e-02
   1.1969938e-02   2.5403339e-02
   1.4575610e-02   2.2552711e-02
   1.0661402e-02   2.4900408e-02
   2.1279890e-02   2.5401177e-02
   1.7257446e-02   2.4249983e-02
   1.8660581e-02   2.2685576e-02
   2.5299094e-02   2.3214081e-02
   2.1234145e-02   2.7555638e-02
   1.8636543e-02   2.6532511e-02
   2.1279890e-02   2.5401177e-02
   1.9932860e-02   2.3721548e-02
   1.9930282e-02   2.5376539e-02
   2.2636031e-02   2.3214895e-02
   2.3960140e-02   2.7083583e-02
   2.1259904e-02   2.4824502e-02
   1.8616435e-02   2.7610781e-02
   2.2546228e-02   2.3674176e-02
   1.5963287e-02   2.2641413e-02
   2.2635095e-02   2.3767631e-02
   2.8009992e-02   2.6581803e-02
   2.7983671e-02   2.6002307e-02
   2.5290042e-02   2.7635811e-02
   2.3918423e-02   2.4272046e-02
   1.8550034e-02   2.3101941e-02
   2.2591505e-02   2.3169164e-02
   2.6558136e-02   1.9838676e-02
   1.7292151e-02   2.3745583e-02
   1.9962824e-02   2.9295900e-02
   2.1258967e-02   2.5376158e-02
   2.2606756e-02   2.7057342e-02
   1.9972143e-02   2.3768372e-02
   2.2571097e-02   2.2044158e-02
   2.2615547e-02   2.2087626e-02
   1.7239012e-02   2.5327331e-02
   2.1275925e-02   2.7609975e-02
   2.1277948e-02   2.6505576e-02
   1.8582490e-02   2.5903053e-02
   2.1322804e-02   2.4898074e-02
   2.3897872e-02   2.2594879e-02
   1.8659826e-02   2.3238883e-02
   1.5944225e-02   2.5377537e-02
   1.9954894e-02   2.2088313e-02
   1.7324010e-02   2.5452446e-02
   2.0013223e-02   2.2707689e-02
   2.1261717e-02   2.3721191e-02
   2.1323728e-02   2.4344784e-02
   1.9954109e-02   2.2640521e-02
   2.1303619e-02   2.3768013e-02
   1.1982260e-02   2.4875622e-02
   1.9953305e-02   2.3192729e-02
   2.2631133e-02   2.5978573e-02
   2.5273144e-02   2.3743367e-02
   2.1256033e-02   2.7031124e-02
   1.8600759e-02   2.5928568e-02
   1.5989174e-02   2.7112718e-02
   1.8606959e-02   2.1515195e-02
   2.3924126e-02   2.0962221e-02
   2.2590574e-02   2.3720811e-02
   2.1259904e-02   2.4824502e-02
   2.5294763e-02   2.5424946e-02
   2.3937692e-02   2.6504700e-02
   1.8619903e-02   2.5401918e-02
   2.1216294e-02   2.5876837e-02
   2.2613746e-02   2.3192007e-02
   1.8587962e-02   2.2045151e-02
   1.7273672e-02   2.4825550e-02
   1.8658262e-02   2.4345497e-02
   1.9927531e-02   2.7031531e-02
   2.3991205e-02   2.3237431e-02
   2.3918423e-02   2.4272046e-02
   1.9972969e-02   2.3215619e-02
   2.1216294e-02   2.5876837e-02
   1.8621530e-02   2.4297487e-02
   1.8657453e-02   2.4898803e-02
   1.8654036e-02   2.7112030e-02
   2.1260821e-02   2.4272846e-02
   1.9932020e-02   2.4273212e-02
   2.1242553e-02   2.2595624e-02
   2.5197667e-02   2.4223895e-02
   2.5266375e-02   2.7056395e-02
   2.7954815e-02   2.6529344e-02
   2.6574880e-02   2.4822768e-02
   2.7876214e-02   2.4797853e-02
   2.1275925e-02   2.7609975e-02
   2.2603434e-02   2.8713914e-02
   1.9932020e-02   2.4273212e-02
   1.8604768e-02   2.3170210e-02
   2.1299890e-02   2.5978991e-02
   2.1286037e-02   2.1535781e-02
   2.2633158e-02   2.4873102e-02
   2.2629021e-02   2.7084044e-02
   2.1276947e-02   2.7057776e-02
   2.6572512e-02   2.5926002e-02
   2.5174016e-02   2.3650105e-02
   2.2616414e-02   2.1535435e-02
   1.9953305e-02   2.3192729e-02
   2.2568379e-02   2.3697470e-02
   1.7322423e-02   2.6559074e-02
   1.9969550e-02   2.5426630e-02
   2.2586635e-02   2.5927398e-02
   2.1219088e-02   2.4225124e-02
   2.6603309e-02   2.3742917e-02
   1.8584942e-02   2.4249666e-02
   1.8565090e-02   2.5327001e-02
   1.8580766e-02   2.7005310e-02
   1.8586488e-02   2.3147409e-02
   2.3942978e-02   2.3743794e-02
   2.1257032e-02   2.6479469e-02
   1.8654036e-02   2.7112030e-02
   1.9929384e-02   2.5928203e-02
   1.8619903e-02   2.5401918e-02
   1.9951639e-02   2.4297144e-02
   2.2593300e-02   2.2065871e-02
   2.1281749e-02   2.4296778e-02
   1.9908896e-02   2.6453810e-02
   2.1259904e-02   2.4824502e-02
   1.8583325e-02   2.5351924e-02
   2.2541279e-02   2.6426987e-02
   2.2612813e-02   2.3744198e-02
   2.8009992e-02   2.6581803e-02
   2.6648623e-02   2.7109331e-02
   2.1278929e-02   2.5953377e-02
   1.9949897e-02   2.5401560e-02
   2.5303956e-02   2.0450500e-02
   1.8658262e-02   2.4345497e-02
   2.1177519e-02   2.4177589e-02
   1.8639878e-02   2.4321468e-02
   1.7256704e-02   2.4801119e-02
   1.8566702e-02   2.4225827e-02
   1.3300518e-02   2.4850863e-02
   1.3287440e-02   2.4826381e-02
   1.8639071e-02   2.4874229e-02
   1.1946949e-02   2.4802177e-02
   6.6374794e-03   2.4251675e-02
   1.0640415e-02   2.4851298e-02
   1.4631820e-02   2.3746137e-02
   1.7258882e-02   2.3147712e-02
   1.4647435e-02   2.2664014e-02
   7.9788552e-03   2.7060670e-02
   6.6636651e-03   2.4347529e-02
   6.6450882e-03   2.2068698e-02
   1.3330527e-02   2.1026641e-02
   1.4633014e-02   2.2641666e-02
   1.3288573e-02   2.3722987e-02
   9.3178321e-03   2.7087211e-02
   3.9976673e-03   2.6007791e-02
   1.3311816e-02   2.6533752e-02
   1.0619967e-02   2.4251217e-02
   1.5980264e-02   2.1558211e-02
   1.8624568e-02   2.2088625e-02
   1.8619903e-02   2.5401918e-02
   1.8580766e-02   2.7005310e-02
   1.3298092e-02   2.7059828e-02
   1.5961312e-02   2.4298101e-02
   1.3302204e-02   2.3194138e-02
   2.2617260e-02   2.0983245e-02
   1.5944928e-02   2.4825851e-02
   1.3313033e-02   2.5428179e-02
   1.3286256e-02   2.5929776e-02
   1.4642998e-02   2.6533480e-02
   1.4631202e-02   2.4298373e-02
   1.7313233e-02   2.0452413e-02
   1.7292151e-02   2.3745583e-02
   1.5912934e-02   2.5327637e-02
