  -2.7202772e-02   1.9897691e-01
  -1.2078126e-02   1.1893811e-01
  -2.2806801e-02   1.1414125e-01
  -2.8217058e-02   1.0958975e-01
  -2.4303014e-02   9.4264213e-02
  -2.7127459e-03   8.8870620e-02
  -1.3589827e-03   8.5539671e-02
  -2.7164655e-03   7.5614057e-02
   2.7135404e-03   7.1489215e-02
   0.0000000e+00   6.7109768e-02
  -5.3977307e-03   5.8532190e-02
  -5.3987045e-03   5.1726490e-02
   5.3914210e-03   4.0360037e-02
   2.7011617e-03   3.1422783e-02
   6.7708014e-03   2.4176402e-02
   1.3515653e-03   2.3006000e-02
   2.0299816e-02   1.8533509e-02
   3.1255556e-02   1.6350096e-02
   3.5307851e-02   8.4478148e-03
   3.8181799e-02  -5.6543046e-04
   4.7674355e-02  -7.9062714e-03
   5.3163487e-02  -1.4695672e-02
   4.6258787e-02  -1.2412067e-02
   4.3524311e-02  -1.8619347e-02
   3.8157979e-02  -1.9790066e-02
   3.8184351e-02  -2.4338074e-02
   4.6494728e-02  -3.7500509e-02
   4.3599257e-02  -4.2487842e-02
   5.4509483e-02  -4.8187394e-02
   5.9392576e-02  -4.4329970e-02
   6.4330239e-02  -5.1864870e-02
   6.6890528e-02  -5.0643830e-02
   7.2685097e-02  -4.9817164e-02
   8.0669849e-02  -5.6514778e-02
   7.9284665e-02  -5.9316063e-02
   7.9024818e-02  -6.0812832e-02
   6.5469255e-02  -7.2567972e-02
   4.6852756e-02  -8.1312737e-02
   5.3491362e-02  -8.5222157e-02
   5.3435052e-02  -9.6067137e-02
   4.7880588e-02  -9.7376920e-02
   5.0887949e-02  -9.4578800e-02
   5.0945732e-02  -1.0400422e-01
   4.9671503e-02  -1.0298155e-01
   3.6350210e-02  -1.0038798e-01
   3.6391366e-02  -1.0638272e-01
   3.9150059e-02  -1.1069578e-01
   5.1079784e-02  -1.1134864e-01
   4.7012714e-02  -1.2195922e-01
   5.5701585e-02  -1.4114886e-01
   5.9637751e-02  -1.4042123e-01
   6.0962770e-02  -1.3801056e-01
   5.8559126e-02  -1.3263423e-01
   5.1887537e-02  -1.2309341e-01
   5.6590321e-02  -1.0100374e-01
   6.0977628e-02  -9.5704048e-02
   7.2921114e-02  -9.3571743e-02
   6.3289952e-02  -8.9273190e-02
   5.8186900e-02  -8.6246624e-02
   5.5342695e-02  -8.0254438e-02
   5.1744401e-02  -6.8810498e-02
   4.9111333e-02  -6.4900541e-02
   4.1030171e-02  -5.6999884e-02
   4.6597616e-02  -5.0774814e-02
   4.9128618e-02  -4.5405851e-02
   5.0345200e-02  -4.4700781e-02
   4.6188260e-02  -4.1791758e-02
   4.2161373e-02  -4.0707321e-02
   4.0836636e-02  -3.3358425e-02
   4.3648278e-02  -2.1505429e-02
   4.5044672e-02  -3.3954814e-03
   4.7679015e-02   1.1294673e-03
   3.2657557e-02   8.4652648e-03
   2.7181017e-02   1.4659665e-02
   1.9069431e-02   2.6583201e-02
   1.6378976e-02   3.6309373e-02
   3.1463618e-02   4.2671272e-02
   3.1340222e-02   4.8781083e-02
   2.1694698e-02   4.7977631e-02
   2.0249058e-02   4.3806477e-02
   1.3497996e-03   5.1164633e-02
  -1.4894976e-02   5.0188260e-02
  -8.0905154e-03   6.2471226e-02
  -5.3948100e-03   7.1056825e-02
  -1.3520533e-02   6.8936955e-02
  -1.0806113e-02   7.7492419e-02
  -1.3505782e-03   7.8060566e-02
  -1.2087398e-02   8.7972218e-02
  -1.7476751e-02   8.8056955e-02
  -1.8732954e-02   9.3980647e-02
  -1.0677876e-02   1.0534870e-01
  -1.1985367e-02   1.0918146e-01
  -1.7315744e-02   1.1153976e-01
  -9.2813092e-03   1.2156483e-01
  -1.0580057e-02   1.2831746e-01
   6.6525714e-03   1.3092950e-01
  -2.5923876e-03   1.5450169e-01
  -2.5897580e-03   1.5014866e-01
  -1.2972826e-03   1.5044769e-01
   5.1775443e-03   1.4652016e-01
  -3.8906048e-03   1.4208064e-01
   6.5282968e-03   1.3540131e-01
   3.9457682e-03   1.2699244e-01
  -1.3222534e-03   1.2357065e-01
   3.9779802e-03   1.1863400e-01
   0.0000000e+00   1.1323323e-01
  -7.9532293e-03   1.0807805e-01
  -5.3175318e-03   1.0840434e-01
  -1.7454428e-02   9.6056317e-02
  -1.4861597e-02   9.2002388e-02
  -9.4660253e-03   7.7005149e-02
  -1.0836270e-02   5.9897140e-02
  -2.8557032e-02   5.4967342e-02
  -3.2803437e-02   4.1490224e-02
  -3.1421943e-02   4.4901466e-02
  -2.4533467e-02   4.7084369e-02
  -2.3129711e-02   4.5291591e-02
  -1.4948673e-02   3.8988516e-02
  -8.1446162e-03   3.1016554e-02
  -1.6223598e-02   1.8515696e-02
  -1.3592127e-02   1.1842300e-02
  -4.0823626e-03   6.7741626e-03
   0.0000000e+00   4.5161290e-03
   6.7837003e-03  -4.5024557e-03
   1.6261782e-02  -1.1244164e-02
   3.2414752e-02  -1.8493163e-02
   2.5607820e-02  -2.0136233e-02
   2.9633385e-02  -2.7965275e-02
   2.1534452e-02  -3.5799623e-02
   2.4280232e-02  -4.2077325e-02
   2.8283260e-02  -4.5955814e-02
   2.8278982e-02  -5.3294816e-02
   2.5560364e-02  -5.3243624e-02
   2.6852754e-02  -6.3891101e-02
   2.2888273e-02  -6.9778761e-02
   2.9767410e-02  -7.0124102e-02
   3.3738109e-02  -7.2799466e-02
   2.9699451e-02  -7.5702841e-02
   4.0528461e-02  -7.6893996e-02
   2.4334519e-02  -7.8126596e-02
   2.5619429e-02  -9.1804888e-02
   1.4859178e-02  -9.2570304e-02
   1.8925899e-02  -1.0025433e-01
   3.2240961e-02  -1.0720235e-01
   3.2463023e-02  -1.0796763e-01
   4.6955119e-02  -1.4942321e-01
   3.9131439e-02  -1.4706683e-01
   4.9593860e-02  -1.5251473e-01
   4.5989654e-02  -1.4399135e-01
   4.6285707e-02  -1.4076055e-01
   4.3998096e-02  -1.2815534e-01
   5.2148347e-02  -1.2851698e-01
   4.5600814e-02  -1.2595304e-01
   4.5580866e-02  -1.2171598e-01
   4.2861087e-02  -1.1863936e-01
   3.6172928e-02  -1.1513423e-01
   3.6414295e-02  -1.1355537e-01
   4.3361737e-02  -1.1171082e-01
   4.2247949e-02  -1.0046205e-01
   5.0319085e-02  -9.7271926e-02
   4.4887704e-02  -9.3185074e-02
   5.5869630e-02  -7.4639657e-02
   4.7641507e-02  -7.0524507e-02
   5.1863472e-02  -6.2618540e-02
   5.4613339e-02  -5.5157698e-02
   4.8987455e-02  -5.0978316e-02
   4.2291027e-02  -4.7684349e-02
   4.1167445e-02  -4.2222871e-02
   3.9760887e-02  -4.1041171e-02
   4.5435913e-02  -4.0059002e-02
   4.9527417e-02  -2.8552170e-02
   6.3685609e-02  -3.6793437e-02
   3.5852892e-02  -5.7181064e-04
   5.7248171e-02  -1.6389298e-02
   2.4489946e-02   1.2417311e-02
   1.7602773e-02   1.1232746e-03
   2.9843037e-02   2.7598875e-02
   2.6805878e-02   2.7827503e-02
   2.4247863e-02   2.6848806e-02
   4.8541688e-02   4.4860603e-02
   4.8761448e-02   3.2621871e-02
   4.2440356e-02   4.4413322e-02
   4.6244862e-02   4.0137952e-02
   2.1744946e-02   6.3537751e-02
   4.5909527e-02   4.8887187e-02
   1.2132923e-02   8.1368996e-02
   8.0829307e-03   8.0159824e-02
  -1.6193872e-02   9.5976665e-02
   5.3975123e-03   8.5499806e-02
   1.6341534e-02   9.6287517e-02
   1.4880738e-02   9.7979624e-02
  -2.7092803e-03   1.0342836e-01
  -1.3442049e-03   1.1143141e-01
   1.4697280e-02   1.1131504e-01
   4.0556311e-03   1.3193353e-01
  -3.5900674e-02   2.1140699e-01
  -3.0692155e-02   2.0373071e-01
  -3.8395180e-02   1.9878272e-01
  -3.8610093e-02   1.9052737e-01
  -4.7763803e-02   1.8860724e-01
  -4.9158818e-02   1.8464735e-01
  -4.0127278e-02   1.8356309e-01
  -3.8902009e-02   1.8017982e-01
  -3.2319018e-02   1.7835577e-01
  -2.5790777e-02   1.7542030e-01
  -3.2270287e-02   1.6945765e-01
  -2.6058899e-02   1.5836333e-01
  -1.9726819e-02   1.5569493e-01
  -1.3127818e-02   1.5297610e-01
  -3.1519061e-02   1.4756263e-01
  -3.8205578e-02   1.3783092e-01
  -3.3193416e-02   1.3358726e-01
  -2.6543540e-02   1.2699032e-01
  -2.4114311e-02   1.1811419e-01
  -1.8789421e-02   1.1005985e-01
  -1.7493926e-02   1.0506186e-01
  -2.0192533e-02   9.0494664e-02
  -3.5193457e-02   8.5163095e-02
  -3.9354784e-02   7.4937169e-02
  -3.2573608e-02   6.5162963e-02
  -2.8593917e-02   5.9053545e-02
  -1.9022558e-02   4.7510401e-02
  -1.2191399e-02   4.0561718e-02
  -8.1402102e-03   3.6091990e-02
  -1.3533598e-03   3.0923679e-02
  -5.4401634e-03   1.9757904e-02
   0.0000000e+00   1.2970796e-02
   8.1898859e-03   3.9635267e-03
   1.6480163e-02   0.0000000e+00
   2.7438968e-02  -1.1379763e-03
   2.1947548e-02  -1.0242549e-02
   1.3695925e-02  -2.1034449e-02
   1.9157975e-02  -3.1265878e-02
   1.3692360e-02  -3.5282731e-02
   1.6457756e-02  -4.6235073e-02
   2.0465145e-02  -4.7134505e-02
   3.1245426e-02  -5.4909319e-02
   5.1222176e-02  -5.8993224e-02
   4.1621192e-02  -5.8771767e-02
   5.0775034e-02  -6.2982793e-02
   5.7543176e-02  -6.5329093e-02
   6.7011227e-02  -6.7675458e-02
   6.2949743e-02  -7.5032122e-02
   4.9487741e-02  -7.6667539e-02
   5.4508348e-02  -8.4710273e-02
   5.0875383e-02  -1.6212878e-01
   5.8476400e-02  -1.6384523e-01
   6.6309020e-02  -1.6267597e-01
   6.7440137e-02  -1.6162164e-01
   6.4718471e-02  -1.5948292e-01
   6.8692224e-02  -1.5009006e-01
   6.8585787e-02  -1.4687383e-01
   6.5009567e-02  -1.4288526e-01
   6.6403045e-02  -1.3718267e-01
   5.9823147e-02  -1.3763454e-01
   6.0071401e-02  -1.3234680e-01
   6.2669216e-02  -1.3289057e-01
   6.0266698e-02  -1.2400562e-01
   5.4126160e-02  -1.2502480e-01
   5.2963071e-02  -1.2247156e-01
   5.7159033e-02  -1.2000838e-01
   5.7245459e-02  -1.2137923e-01
   5.2249784e-02  -1.1508750e-01
   5.2536800e-02  -1.1100118e-01
   5.7839472e-02  -1.0316455e-01
   6.1698508e-02  -9.9348125e-02
   4.9628457e-02  -8.8952481e-02
   4.3145455e-02  -8.0765170e-02
   5.1059565e-02  -7.4162911e-02
   3.3606671e-02  -6.2825983e-02
   3.6275122e-02  -6.0518441e-02
   2.8212084e-02  -5.5427780e-02
   2.8309758e-02  -5.2786687e-02
   3.0813368e-02  -5.4143294e-02
   2.5391696e-02  -4.4480663e-02
   2.8216569e-02  -4.1348206e-02
   2.0086044e-02  -3.6735479e-02
   1.7634522e-02  -2.7603273e-02
   3.7820429e-02  -3.0288683e-02
   1.6228522e-02  -1.2343797e-02
   2.3129898e-02  -1.1853098e-02
   2.5877677e-02  -1.1299639e-02
   2.7080903e-02  -2.8078604e-03
   1.7620402e-02   1.6866033e-03
   1.7567136e-02   3.9235917e-03
   9.4489371e-03   8.3997942e-03
   1.2136500e-02   8.3912692e-03
   1.3579503e-03   9.5774599e-03
   6.8087751e-03   1.5257122e-02
   1.2315196e-02   1.9309540e-02
   1.2284232e-02   3.6310547e-02
   6.8085742e-03   4.6477138e-02
   4.0673435e-03   5.4813069e-02
  -4.0479118e-03   6.4225060e-02
  -4.0566543e-03   6.8375065e-02
  -7.7310035e-03   2.1860243e-01
  -1.0228589e-02   2.2456395e-01
  -1.0261024e-02   2.2605798e-01
  -1.2912844e-02   2.2179896e-01
  -8.9800259e-03   2.2410888e-01
  -7.6765113e-03   2.3007762e-01
  -1.7934611e-02   2.2638413e-01
  -2.1993638e-02   2.1694531e-01
  -1.6662572e-02   2.1204245e-01
  -1.6658548e-02   2.0552320e-01
  -2.5716233e-02   2.0307888e-01
  -2.4442942e-02   1.9681224e-01
  -2.4408997e-02   1.9019648e-01
  -2.3222519e-02   1.8607215e-01
  -1.9374974e-02   1.8195111e-01
  -8.9819767e-03   1.8311551e-01
  -1.5448664e-02   1.8253442e-01
  -1.6685736e-02   1.8254458e-01
  -1.0335652e-02   1.7766495e-01
  -5.1722619e-03   1.6799866e-01
   0.0000000e+00   1.6272545e-01
  -1.0473572e-02   1.5011564e-01
  -1.0527036e-02   1.3830879e-01
  -5.2655995e-03   1.3242379e-01
  -1.0521215e-02   1.3228805e-01
  -1.8442966e-02   1.2542771e-01
  -3.0418234e-02   1.2297631e-01
  -3.4351823e-02   1.0883682e-01
  -2.8114474e-02   1.0215453e-01
  -1.7481710e-02   1.0088196e-01
  -1.2095691e-02   9.6157643e-02
  -4.0595512e-03   8.6328201e-02
  -1.0827619e-02   8.1699444e-02
  -2.7044362e-03   6.8375239e-02
  -2.1681622e-02   5.7631238e-02
  -2.0311331e-02   5.0185614e-02
  -3.3807759e-02   4.5573557e-02
  -3.3858095e-02   3.3758190e-02
  -2.1629675e-02   3.2011926e-02
  -1.4897629e-02   2.2488588e-02
   0.0000000e+00   1.6816817e-02
   0.0000000e+00   1.2867133e-02
   5.4047962e-03   8.4083410e-03
   1.3540070e-02   5.0549112e-03
   2.0331315e-02  -5.6218524e-04
   2.9756158e-02  -8.4147894e-03
   2.9901346e-02  -1.2967613e-02
   2.4606311e-02  -1.8720291e-02
   3.2830270e-02  -2.3846892e-02
   5.1681683e-02  -4.0697304e-02
   6.8871821e-02  -1.5530693e-01
   6.4769220e-02  -1.6203575e-01
   6.8905379e-02  -1.6691915e-01
   6.8776302e-02  -1.7271241e-01
   6.3603652e-02  -1.7218528e-01
   6.8572210e-02  -1.7461240e-01
   6.0885786e-02  -1.6815031e-01
   5.8164792e-02  -1.7265023e-01
   6.8331876e-02  -1.7948579e-01
   7.2181780e-02  -1.8374941e-01
   7.7455240e-02  -1.8651399e-01
   6.7412892e-02  -1.8433587e-01
   6.3458325e-02  -1.7668686e-01
   6.9053864e-02  -1.7471392e-01
   7.9449453e-02  -1.7332785e-01
   8.2223628e-02  -1.7122020e-01
   8.2124441e-02  -1.7161247e-01
   7.5636112e-02  -1.6681190e-01
   7.4287379e-02  -1.6182514e-01
   7.1690727e-02  -1.5943581e-01
   7.6719971e-02  -1.5596877e-01
   8.2360762e-02  -1.5079253e-01
   7.7850460e-02  -1.4808859e-01
   6.8979513e-02  -1.4292511e-01
   6.7698591e-02  -1.4606411e-01
   7.0639807e-02  -1.4607225e-01
   8.6633725e-02  -1.4596500e-01
   8.0069671e-02  -1.3831640e-01
   8.0174563e-02  -1.3008360e-01
   7.2736527e-02  -1.1981824e-01
   7.1464686e-02  -1.0808310e-01
   8.0805453e-02  -1.0555055e-01
   7.3940321e-02  -1.0480195e-01
   6.7686394e-02  -9.2076330e-02
   7.4921420e-02  -8.7951203e-02
   7.5047298e-02  -8.9275232e-02
   7.0973497e-02  -8.0540196e-02
   6.9454347e-02  -7.2821691e-02
   6.2191489e-02  -6.4285760e-02
   5.5216537e-02  -5.2701037e-02
   5.3597599e-02  -4.6815450e-02
   5.0887799e-02  -4.3988467e-02
   6.5561989e-02  -3.4993354e-02
   6.4398599e-02  -3.7327883e-02
   7.5382608e-02  -4.2493422e-02
   6.8846558e-02  -3.5865025e-02
   5.5586271e-02  -3.3211197e-02
   3.7918109e-02  -2.3605132e-02
   2.7268221e-02  -1.0179741e-02
   2.1861945e-02  -3.4003639e-03
   1.6429809e-02   2.8395463e-03
   2.5888186e-03   1.9120528e-01
  -6.4265753e-03   1.9664735e-01
  -5.1518744e-03   1.9837894e-01
  -7.7298206e-03   1.9971262e-01
  -5.1398999e-03   2.0425364e-01
  -6.3894647e-03   2.0681876e-01
  -1.0224403e-02   2.1006391e-01
  -8.9185081e-03   2.2035956e-01
  -8.8686000e-03   2.2944655e-01
  -8.8488693e-03   2.3617289e-01
  -1.5143673e-02   2.4038901e-01
  -1.5268608e-02   2.3393544e-01
  -1.3994962e-02   2.3728281e-01
  -7.6364206e-03   2.3672020e-01
  -7.6133132e-03   2.3185733e-01
  -1.9086989e-02   2.3059486e-01
  -2.4241734e-02   2.2464227e-01
  -2.4373123e-02   2.1745157e-01
  -2.3085711e-02   2.1609405e-01
  -2.4423643e-02   2.0882286e-01
  -2.5680289e-02   2.0725960e-01
  -2.1915763e-02   2.0562541e-01
  -2.0615070e-02   1.9588943e-01
  -2.3234787e-02   1.9438070e-01
  -1.6847825e-02   1.9081506e-01
  -1.0415471e-02   1.8419697e-01
  -9.1581076e-03   1.8266609e-01
  -7.8336081e-03   1.7287131e-01
  -3.9156853e-03   1.7344050e-01
  -1.7092424e-02   1.6055345e-01
  -9.2106401e-03   1.5457651e-01
  -7.9414933e-03   1.4823255e-01
  -9.2857037e-03   1.4312013e-01
  -6.6417033e-03   1.3249578e-01
  -1.8707691e-02   1.1958314e-01
  -1.3448604e-02   1.0382446e-01
  -2.8442389e-02   9.3976523e-02
  -2.4451766e-02   9.4269814e-02
  -1.5000765e-02   7.9994961e-02
  -1.0887573e-02   7.5765548e-02
  -1.7660083e-02   7.0419843e-02
  -6.7801540e-03   5.9393182e-02
  -5.4318095e-03   5.7188612e-02
  -1.3608864e-03   5.0445318e-02
  -6.8129009e-03   4.1942783e-02
  -4.1138381e-03   3.0762827e-02
   0.0000000e+00   9.7242084e-03
   8.5165654e-02  -1.2770054e-01
   8.1340127e-02  -1.2502509e-01
   6.8482516e-02  -1.2541677e-01
   7.3781864e-02  -1.3306903e-01
   7.9112828e-02  -1.4390088e-01
   8.3271422e-02  -1.4719058e-01
   9.1038596e-02  -1.4969722e-01
   8.0921674e-02  -1.5196778e-01
   7.2930446e-02  -1.5073068e-01
   6.8322179e-02  -1.5534142e-01
   7.7426603e-02  -1.5568800e-01
   8.2533732e-02  -1.5718334e-01
   8.9854126e-02  -1.6338651e-01
   7.7626529e-02  -1.6658042e-01
   6.9508371e-02  -1.7485066e-01
   8.2465690e-02  -1.8049110e-01
   9.2691986e-02  -1.8207348e-01
   9.6700813e-02  -1.8295837e-01
   9.2858237e-02  -1.8057298e-01
   8.1127217e-02  -1.7976243e-01
   8.6125946e-02  -1.8307488e-01
   9.4371532e-02  -1.7793382e-01
   8.6600913e-02  -1.7243750e-01
   7.8639379e-02  -1.7568880e-01
   8.4529845e-02  -1.6623863e-01
   8.4561278e-02  -1.6752951e-01
   8.2263080e-02  -1.6822538e-01
   7.8646114e-02  -1.6035224e-01
   7.5114113e-02  -1.5762730e-01
   7.1346573e-02  -1.5198320e-01
   5.6959854e-02  -1.4156639e-01
   5.4426226e-02  -1.4371312e-01
   5.4661955e-02  -1.4073279e-01
   6.2539881e-02  -1.3558641e-01
   5.3465006e-02  -1.3205755e-01
   6.0076561e-02  -1.3246318e-01
   6.0274116e-02  -1.2931440e-01
   6.0171170e-02  -1.2848360e-01
   5.2143078e-02  -1.2075683e-01
   4.9368482e-02  -1.1519723e-01
   5.3473603e-02  -1.0660692e-01
   5.3679497e-02  -1.0410094e-01
   5.5163614e-02  -9.9104987e-02
   5.6660521e-02  -9.3532377e-02
   5.9390439e-02  -8.4284677e-02
   6.3540005e-02  -8.2093399e-02
   6.4772931e-02  -8.1358973e-02
   5.6470490e-02  -7.1342220e-02
