  -5.5220914e-01  -6.6275208e-02
   2.7683412e-01  -1.2399147e-01
   2.8434558e-01  -9.1079995e-02
   3.1555500e-01  -9.5236883e-02
   3.4238037e-01  -9.5020495e-02
   3.8291183e-01  -9.7730762e-02
   4.1521842e-01  -7.9201139e-02
   4.4081206e-01  -8.7119490e-02
   4.6264007e-01  -9.6252589e-02
   5.0515024e-01  -7.7821171e-02
   5.2976675e-01  -7.8214922e-02
   5.4085861e-01  -6.7724652e-02
   5.5566918e-01  -5.8953937e-02
   5.7248301e-01  -5.2989373e-02
   6.0820728e-01  -4.9406170e-02
   6.3231237e-01  -4.7138129e-02
   6.4195394e-01  -2.4716898e-02
   6.7666477e-01  -3.7513023e-02
   6.9281254e-01  -4.0169019e-02
   7.1842285e-01  -2.7338192e-02
   7.2411128e-01  -2.0009883e-02
   7.4508692e-01  -9.3680783e-03
   7.4285548e-01  -1.0383621e-03
   7.6333369e-01  -7.2677320e-03
   7.8713889e-01  -1.5357837e-03
   8.1850121e-01   1.2560763e-02
   8.2681011e-01   1.7627888e-02
   8.3625576e-01   1.6221048e-02
   8.5858598e-01   1.1189269e-02
   8.5007199e-01   2.5864674e-02
   8.5641525e-01   3.8277886e-02
   8.5213620e-01   4.0090549e-02
   8.6678992e-01   3.6524510e-02
   8.7676069e-01   4.6542003e-02
   8.7248913e-01   4.2380667e-02
   8.7445332e-01   5.2241997e-02
   8.8275232e-01   6.6608113e-02
   9.2645835e-01   6.6970975e-02
   8.6195894e-01   6.1656051e-02
   8.7748963e-01   8.3781800e-02
   8.7977332e-01   7.6765595e-02
   8.2557575e-01   1.1151203e-01
   8.2797445e-01   9.2025939e-02
   8.0101542e-01   1.2405553e-01
   8.2281012e-01   1.0732411e-01
   7.6773038e-01   1.4572426e-01
   7.8196743e-01   1.2902857e-01
   7.5466347e-01   1.5393047e-01
   7.7048654e-01   1.5023019e-01
   7.2012429e-01   1.6880858e-01
   7.2672778e-01   1.7012043e-01
  -1.4748925e-02   2.9316157e-01
  -3.6385654e-02   2.8300295e-01
  -3.9371915e-02   2.8749579e-01
  -4.6608425e-02   2.3841937e-01
  -1.1129704e-01   2.8447274e-01
  -1.7249623e-01   2.7875266e-01
  -1.9297740e-01   2.5362740e-01
  -2.0713655e-01   2.3088686e-01
  -2.4434451e-01   2.4346365e-01
  -2.7455249e-01   2.5291621e-01
  -3.2662476e-01   2.5469105e-01
  -3.8083036e-01   2.3392897e-01
  -3.6591253e-01   2.2166095e-01
  -3.9935275e-01   2.0744249e-01
  -3.7859976e-01   2.0673024e-01
  -4.1805678e-01   2.2165691e-01
  -4.8322117e-01   1.9644674e-01
  -4.7533049e-01   1.5458691e-01
  -4.7811248e-01   1.6913585e-01
  -5.3898265e-01   1.6291130e-01
  -5.3403038e-01   1.5916635e-01
  -5.1451688e-01   1.3276044e-01
  -5.4722927e-01   1.2692047e-01
  -5.5165291e-01   9.8218171e-02
  -5.5063892e-01   9.0107197e-02
  -5.3931842e-01   7.3622202e-02
  -5.4118739e-01   6.4405832e-02
  -5.2644628e-01   5.7287721e-02
  -5.3401385e-01   4.9699669e-02
  -5.1881792e-01   3.0205651e-02
  -5.0850724e-01   3.6484727e-02
  -5.0966123e-01   1.7157405e-02
  -4.9159956e-01  -1.0773183e-02
  -4.6993249e-01  -4.0022739e-03
  -4.6096512e-01  -1.7817465e-02
  -4.7427122e-01  -3.2435469e-02
  -4.6037716e-01  -3.3553701e-02
  -4.6598599e-01  -4.1537681e-02
  -4.4732035e-01  -6.3185640e-02
  -4.5315161e-01  -6.5341246e-02
  -4.3537573e-01  -8.3301249e-02
  -4.0443260e-01  -9.5511741e-02
  -3.8043688e-01  -9.6616019e-02
  -3.5946575e-01  -1.0024577e-01
  -3.5991199e-01  -1.0876915e-01
  -3.3582361e-01  -1.1989154e-01
  -3.2433802e-01  -1.3575222e-01
  -2.9396569e-01  -1.5900014e-01
  -2.7709519e-01  -1.4907326e-01
   1.3853317e-01  -1.3714254e-01
   1.6127578e-01  -1.3381871e-01
   1.6681858e-01  -1.1381062e-01
   1.8300287e-01  -1.0502729e-01
   1.6986058e-01  -9.8589753e-02
   1.9717787e-01  -9.1490352e-02
   2.0126899e-01  -8.8080011e-02
   2.0394756e-01  -7.6495261e-02
   2.1641256e-01  -6.8251213e-02
   2.1529241e-01  -6.2573714e-02
   2.3092078e-01  -4.0735716e-02
   2.3081501e-01  -3.6109313e-02
   2.5361351e-01  -3.9513375e-02
   2.3435218e-01  -1.2697037e-02
   2.5099730e-01  -1.5532974e-02
   2.6400398e-01   2.3238453e-03
   2.7008912e-01   2.1051860e-02
   2.7934466e-01   2.7823463e-02
   2.8669232e-01   3.0720194e-02
   2.8977376e-01   4.8815674e-02
   2.8896641e-01   5.6594766e-02
   2.9487779e-01   6.3018990e-02
   3.0034147e-01   8.4666251e-02
   3.1740685e-01   9.7284542e-02
   3.3094598e-01   1.0865596e-01
   2.9398204e-01   1.2493749e-01
   3.0016487e-01   1.2569081e-01
   3.1764706e-01   1.5117829e-01
   3.3416422e-01   1.3679466e-01
   2.9272294e-01   1.6908785e-01
   3.3283992e-01   1.6069809e-01
   3.0417764e-01   1.9653225e-01
   3.2043636e-01   2.1295531e-01
   2.9690196e-01   2.2499707e-01
   3.1297005e-01   2.2573736e-01
   3.2911137e-01   2.3562669e-01
   3.1632430e-01   2.6686790e-01
   3.0642022e-01   2.9164172e-01
   2.8867230e-01   2.9729287e-01
   3.0417096e-01   2.9710413e-01
   3.0916152e-01   3.0684262e-01
   3.1797812e-01   3.1147634e-01
   3.1098731e-01   3.1745264e-01
   3.0223587e-01   3.2005381e-01
   2.9158517e-01   3.2052691e-01
   2.8524738e-01   3.3729269e-01
   2.9565375e-01   3.4842656e-01
   2.8985806e-01   3.3298072e-01
   2.9827152e-01   3.2934353e-01
   3.0362682e-01   3.4563061e-01
   1.5076632e-01   1.8015422e-01
   1.3066424e-01   1.9237103e-01
   1.2408575e-01   1.5475303e-01
   1.1308164e-01   1.4230811e-01
   1.0325307e-01   1.3348798e-01
   1.0944876e-01   1.2170937e-01
   1.0577541e-01   1.0074277e-01
   9.5867060e-02   9.5494439e-02
   9.0884551e-02   7.5918403e-02
   1.0226986e-01   7.0672920e-02
   9.3377299e-02   4.5820386e-02
   6.8036455e-02   4.0033143e-02
   7.2359043e-02   1.8228276e-02
   3.8285703e-02   5.8799886e-03
   4.0946843e-02   8.7825710e-03
   1.5582371e-02   0.0000000e+00
   1.9861863e-02  -1.9430071e-02
   2.1023764e-02  -3.7872598e-02
  -2.8478652e-02  -5.8184158e-02
   2.8557873e-03  -4.0381670e-02
  -2.4532605e-02  -6.6296759e-02
  -4.3756310e-02  -7.9197283e-02
  -1.9375802e-02  -5.3629853e-02
  -3.2479020e-02  -1.5363203e-01
   0.0000000e+00  -9.7722048e-02
  -6.8588919e-03  -1.1501920e-01
  -5.9028522e-02  -1.4286998e-01
  -3.5549248e-02  -1.3965630e-01
  -1.3666209e-01  -8.4110508e-02
  -2.3060032e-02  -1.9526453e-01
  -6.7092642e-02  -1.3495667e-01
   1.2971652e-03  -1.9102528e-01
  -1.1829651e-01  -1.8625253e-01
  -1.1618228e-02  -1.7135306e-01
  -8.4936029e-02  -2.1845809e-01
  -3.4182595e-02  -1.9255714e-01
  -1.1344251e-01  -1.6070357e-01
  -1.0107577e-01  -2.4170728e-01
  -7.7790168e-02  -2.3803048e-01
  -1.2615688e-03  -2.5329217e-01
  -1.0218324e-01  -2.9119246e-01
  -1.0895010e-01  -1.8195432e-01
  -8.1104613e-02  -2.3220586e-01
  -1.8301674e-01  -2.1310349e-01
   7.7061849e-02  -2.8825977e-01
  -3.6775370e-02  -1.7707060e-01
  -1.3330923e-01  -2.7978421e-01
  -1.6467557e-01  -1.9334845e-01
  -2.0196138e-02  -1.4416406e-01
  -2.0286335e-02  -1.2289828e-01
  -4.3895141e-02  -1.0591927e-01
  -4.0407555e-02  -8.0547122e-02
  -2.1026099e-02  -7.7474701e-02
   1.4011351e-03  -7.9245239e-02
   3.2325166e-02  -6.5725136e-02
   2.6775683e-02  -5.1059057e-02
   2.8207761e-02  -4.5776105e-02
   4.6517807e-02  -3.3369247e-02
   5.7508860e-02  -3.0856426e-02
   5.8708551e-02  -2.2610719e-02
   6.2003331e-02   2.9196779e-03
   7.2972934e-02  -5.8127201e-04
   8.0170126e-02   2.3316515e-02
   7.6133871e-02   3.1581457e-02
   7.4740942e-02   2.9243797e-02
   1.0808995e-01   4.1908923e-02
   1.4592971e-01   5.7591958e-02
   1.4723302e-01   4.9340176e-02
   1.4626232e-01   6.3011804e-02
   1.6324515e-01   8.3522962e-02
   1.7474707e-01   7.7761812e-02
   1.9221790e-01   8.5051126e-02
   2.2492371e-01   8.5043605e-02
   2.2641943e-01   1.0332566e-01
   2.5383287e-01   1.0942697e-01
   2.4588953e-01   1.1390848e-01
   2.7981408e-01   9.8341141e-02
   3.3368317e-01   1.2025671e-01
   3.3278241e-01   1.2213202e-01
   3.4753518e-01   1.3488258e-01
   3.8069028e-01   1.0740725e-01
   3.8029034e-01   1.2007705e-01
   4.2967227e-01   1.1938880e-01
   4.4764927e-01   1.2333641e-01
   4.8554179e-01   1.0971908e-01
   5.0177052e-01   1.0371925e-01
   5.1612566e-01   9.4955683e-02
   5.3175820e-01   1.1103072e-01
   5.4763766e-01   1.0861475e-01
   5.6508263e-01   9.6014297e-02
   5.8459183e-01   1.0003774e-01
   5.9806982e-01   9.7750076e-02
   6.2358305e-01   8.6050476e-02
   6.7584241e-01   7.2528564e-02
   6.3829504e-01   7.7257278e-02
   6.8236655e-01   6.9323504e-02
   6.9231828e-01   7.9792728e-02
   7.0675294e-01   4.6368027e-02
   6.6483186e-01   5.2197176e-02
   6.5413703e-01   5.2284430e-02
   6.0154133e-01   5.0193423e-02
   5.8696199e-01   6.1512756e-02
   5.5150349e-01   6.0865299e-02
   5.3445271e-01   4.6813886e-02
   4.8687284e-01   7.2107553e-02
   4.6391633e-01   7.2747696e-02
   4.3477952e-01   7.2773674e-02
   4.2777518e-01   6.2502836e-02
   4.0836512e-01   4.2467479e-02
   3.7306992e-01   5.4956207e-02
   3.2746338e-01   9.2812455e-02
   3.0197113e-01   7.3633635e-02
   2.9079606e-01   7.7844080e-02
   2.6895865e-01   7.8427525e-02
   2.2571505e-01   7.9958282e-02
   2.0215410e-01   8.1493532e-02
   1.8253068e-01   7.9842465e-02
   1.5273886e-01   9.7315936e-02
   1.1376955e-01   1.0026737e-01
   6.1623927e-02   1.1247075e-01
   6.2641217e-02   1.0870216e-01
   5.1803397e-02   9.7189473e-02
   2.9266646e-02   9.8592468e-02
   0.0000000e+00   1.0415883e-01
  -5.0734955e-02   1.1609709e-01
  -6.7107440e-02   1.2499389e-01
  -9.1616842e-02   1.1496739e-01
  -1.2095214e-01   1.1780058e-01
  -1.4666675e-01   1.2754354e-01
  -1.8602043e-01   1.2981987e-01
  -1.9343810e-01   1.2846454e-01
  -2.3868310e-01   1.2964361e-01
  -2.6686937e-01   1.3448065e-01
  -2.8926037e-01   1.2117420e-01
  -3.2714341e-01   1.2034453e-01
  -3.3148522e-01   1.1809282e-01
  -3.4699780e-01   1.1942820e-01
  -3.5286539e-01   1.1682365e-01
  -3.6129064e-01   1.1520134e-01
  -3.8550377e-01   9.9988356e-02
  -3.9726659e-01   9.8485731e-02
  -4.0070945e-01   9.5800727e-02
  -4.1070157e-01   9.4612109e-02
  -4.2004074e-01   8.8830045e-02
  -4.4357665e-01   7.2679031e-02
  -4.5640657e-01   7.6564471e-02
  -2.1509841e-01  -1.3155340e-01
  -1.9418239e-01  -1.2535128e-01
  -1.6891199e-01  -1.3575480e-01
  -1.5883294e-01  -1.3338092e-01
  -1.3839930e-01  -1.3617164e-01
  -1.1874605e-01  -1.3312659e-01
  -8.6546116e-02  -1.2774078e-01
  -7.2480089e-02  -1.3396267e-01
  -4.4800870e-02  -1.4165976e-01
  -1.4775095e-02  -1.5866605e-01
  -1.3629989e-03  -1.5171540e-01
   2.9879986e-02  -1.5486522e-01
   6.1196342e-02  -1.5873487e-01
   1.1080887e-01  -1.6925300e-01
   1.4012603e-01  -1.7012839e-01
   1.6402332e-01  -1.7709926e-01
   1.7709798e-01  -1.7252228e-01
   1.8638856e-01  -1.7120605e-01
   2.1527347e-01  -1.6791444e-01
   2.3361509e-01  -1.6746186e-01
   2.6687768e-01  -1.6556349e-01
   2.8780012e-01  -1.7303074e-01
   3.1192534e-01  -1.7058410e-01
   3.3908456e-01  -1.6487232e-01
   3.5017151e-01  -1.5803244e-01
   3.8453415e-01  -1.4729601e-01
   3.9914177e-01  -1.4724761e-01
   4.2986900e-01  -1.3190207e-01
   4.5997343e-01  -1.2867544e-01
   4.2416768e-01  -1.2687962e-01
   4.8517968e-01  -1.2457556e-01
   4.8600764e-01  -1.0106956e-01
   5.1540190e-01  -1.0687690e-01
   5.1720200e-01  -9.1429910e-02
   5.3795771e-01  -9.2848210e-02
   5.3619545e-01  -7.9981768e-02
   5.4591425e-01  -6.3168488e-02
   5.4619537e-01  -5.3406948e-02
   5.6415717e-01  -5.2899064e-02
   5.7702765e-01  -4.8325205e-02
   5.7430684e-01  -3.4483600e-02
   5.8502500e-01  -2.5474107e-02
   5.6831181e-01  -1.0119918e-02
   5.8333210e-01   1.0577416e-03
   5.7190061e-01   1.0099855e-02
   5.7497318e-01   1.3852018e-02
   5.8922108e-01   2.1780505e-02
   5.9214397e-01   2.6335028e-02
   6.0326207e-01   4.5098876e-02
   1.0898803e-01   3.2190941e-01
   7.3959681e-02   3.3412854e-01
   7.1550424e-02   3.3452752e-01
   4.3236864e-02   3.4128192e-01
   1.1132719e-02   3.4794477e-01
  -1.7344151e-02   3.5543711e-01
  -3.3682883e-02   3.4939140e-01
  -3.7624167e-02   3.4683003e-01
  -5.5973194e-02   3.5277902e-01
  -8.7347813e-02   3.5632038e-01
  -1.0105741e-01   3.6020092e-01
  -1.0838994e-01   3.4614996e-01
  -1.1900792e-01   3.5662611e-01
  -1.4491094e-01   3.4129361e-01
  -1.5888243e-01   3.3312579e-01
  -1.7869599e-01   3.3417754e-01
  -2.1448285e-01   3.2297441e-01
  -2.0503318e-01   3.1822226e-01
  -2.1177019e-01   3.0691055e-01
  -2.1418305e-01   2.9585337e-01
  -2.4538595e-01   2.8616660e-01
  -2.6181618e-01   2.6800309e-01
  -2.6961272e-01   2.6675737e-01
  -2.7790232e-01   2.2921764e-01
  -3.0744271e-01   2.3616909e-01
  -2.9764960e-01   2.0731240e-01
  -3.1337623e-01   1.9123922e-01
  -3.0186002e-01   1.8613993e-01
  -3.2017330e-01   1.7704713e-01
  -3.2861140e-01   1.5890164e-01
  -3.4386280e-01   1.6663573e-01
  -3.5660963e-01   1.3957561e-01
  -3.5460897e-01   1.2432042e-01
  -3.6683365e-01   1.2126204e-01
  -3.6128940e-01   9.5157931e-02
  -3.5742440e-01   8.1432804e-02
  -3.5169994e-01   6.8502840e-02
  -3.4938537e-01   5.4889715e-02
  -3.2728545e-01   4.6072886e-02
  -3.2281941e-01   3.1587694e-02
  -2.9873335e-01   1.6958359e-02
  -3.0174745e-01   5.8450593e-03
  -2.9693779e-01   2.9341514e-03
  -2.6187545e-01  -7.0707468e-03
  -2.5792736e-01  -2.0678085e-02
  -2.4656913e-01  -2.9212375e-02
  -2.3821357e-01  -3.9855736e-02
  -2.2614119e-01  -5.1681645e-02
  -2.2162872e-01  -5.8889321e-02
   1.0588957e-01  -2.7064525e-01
   1.3527908e-01  -2.6216475e-01
   1.5167164e-01  -2.6810766e-01
   1.4923281e-01  -2.7044343e-01
   1.3806467e-01  -2.5639616e-01
   1.5325386e-01  -2.5461701e-01
   1.5674583e-01  -2.5738515e-01
   1.9060311e-01  -2.6081697e-01
   2.1453068e-01  -2.4877451e-01
   2.3963491e-01  -2.4667170e-01
   2.5744075e-01  -2.4179362e-01
   2.6378290e-01  -2.3932539e-01
   2.7475054e-01  -2.3814004e-01
   2.7220505e-01  -2.2738503e-01
   2.8026597e-01  -2.2377149e-01
   2.8889791e-01  -2.2021857e-01
   3.1458951e-01  -2.1274777e-01
   3.1955508e-01  -1.9550788e-01
   3.3622624e-01  -1.9529593e-01
   3.4798487e-01  -1.8975448e-01
   3.6467590e-01  -1.8274206e-01
   3.6048331e-01  -1.7403817e-01
   3.6443912e-01  -1.6034404e-01
   3.7716473e-01  -1.5340441e-01
   3.8216842e-01  -1.4394569e-01
   3.9509926e-01  -1.3813456e-01
   3.9827224e-01  -1.2026420e-01
   4.1414966e-01  -1.0848420e-01
   4.3038323e-01  -9.3919464e-02
   4.5604521e-01  -8.6132628e-02
   4.6557187e-01  -7.9684632e-02
   4.8305379e-01  -5.9431418e-02
   5.0694098e-01  -5.4820354e-02
   5.2325231e-01  -4.7391407e-02
   5.3608293e-01  -2.6915754e-02
   5.3044433e-01  -1.6793980e-02
   5.4461456e-01  -6.7226728e-03
   5.5680488e-01   3.8924283e-03
   5.6623230e-01   1.1081480e-02
   5.7662777e-01   2.8850171e-02
   5.6778564e-01   3.2011872e-02
   5.6605082e-01   4.6522502e-02
   5.6320111e-01   6.1189982e-02
   5.4854453e-01   7.1199619e-02
   5.4836769e-01   8.8359297e-02
   5.4891812e-01   1.0013880e-01
   5.7046782e-01   9.3266698e-02
   5.5548311e-01   1.1520582e-01
   5.7166976e-01   9.8054166e-02
   1.1004370e-01   1.7233295e-01
   8.1119646e-02   1.6218555e-01
   6.4550190e-02   1.6882322e-01
   5.4009745e-02   1.7368226e-01
   4.9281220e-02   1.4532771e-01
   2.1043098e-02   1.5128276e-01
   2.3561883e-02   1.4234980e-01
   1.3973014e-03   1.3032936e-01
   9.7676675e-03   1.4148860e-01
  -5.5882239e-03   1.2530110e-01
  -3.8250419e-02   1.1327174e-01
  -3.6544026e-02   1.3425206e-01
  -9.2467396e-02   1.2803023e-01
  -8.3124529e-02   1.0075738e-01
  -1.1521771e-01   1.1501578e-01
  -1.6814879e-01   1.2926178e-01
  -2.0042931e-01   1.0157475e-01
  -2.1376483e-01   1.0402224e-01
  -2.6006642e-01   1.0787941e-01
  -3.0069235e-01   1.0306752e-01
  -2.7267545e-01   1.0453329e-01
  -3.0602722e-01   1.0694377e-01
  -3.0508433e-01   7.7057620e-02
  -3.0427884e-01   1.1814772e-01
  -3.4731949e-01   1.0297831e-01
  -3.4878553e-01   9.4904402e-02
  -3.4010652e-01   9.0152652e-02
  -3.7767609e-01   9.9950237e-02
  -4.1644340e-01   9.1380892e-02
  -4.3830727e-01   9.5692810e-02
  -4.4303032e-01   7.7114236e-02
  -4.6676313e-01   8.8533233e-02
  -4.9738458e-01   8.6704064e-02
  -5.3172727e-01   9.2073939e-02
  -5.3781289e-01   8.7261615e-02
  -5.1231120e-01   7.9181251e-02
  -4.9357772e-01   7.8543198e-02
  -5.0006746e-01   7.2668395e-02
  -5.0484514e-01   7.3432638e-02
  -5.2050966e-01   7.5552308e-02
  -5.4431383e-01   7.0168813e-02
  -5.5300903e-01   6.0621565e-02
  -5.6201148e-01   6.1256202e-02
  -5.5594841e-01   5.1690912e-02
  -5.3268936e-01   4.6419356e-02
  -5.2749049e-01   3.2261003e-02
  -5.2576230e-01   2.8158163e-02
  -5.0538886e-01   1.9323211e-02
  -5.0004103e-01   1.3436882e-02
