   2.5769448e-02  -2.1002771e-01
   2.5792328e-02  -7.7873839e-02
   3.3957417e-02  -7.0971106e-02
   1.9011304e-02  -7.2122548e-02
   1.7557086e-02  -6.9429522e-02
   1.6230526e-02  -6.7240277e-02
   2.2996673e-02  -6.1523225e-02
   2.1694184e-02  -5.9951767e-02
   3.2450907e-02  -5.8633431e-02
   2.9835266e-02  -4.6843320e-02
   2.9762552e-02  -4.2763418e-02
   2.8369795e-02  -2.8610901e-02
   1.6059413e-02  -2.1665131e-02
   1.0655749e-02  -1.8242274e-02
   7.9866123e-03  -1.1045172e-02
   2.6650959e-03  -7.7393729e-03
   5.3350282e-03  -1.0513752e-02
   1.2099193e-02  -1.1154930e-02
   1.6216143e-02  -1.6815604e-03
   2.4275615e-02   1.6780504e-03
   1.2074648e-02   1.2246031e-02
  -4.0246719e-03   2.8417784e-02
   0.0000000e+00   3.8524427e-02
  -2.6981052e-03   4.8304818e-02
  -5.4166411e-03   5.5886642e-02
  -1.3610884e-03   5.5602808e-02
   6.8243642e-03   5.1166853e-02
  -6.8204752e-03   5.4577977e-02
  -1.0862833e-02   6.2912917e-02
  -2.4403692e-02   7.0271740e-02
  -2.5720830e-02   9.2177940e-02
  -2.8370590e-02   1.0547487e-01
  -3.1044009e-02   1.1128440e-01
  -3.0956621e-02   1.1927405e-01
  -2.9814153e-02   1.2013363e-01
  -2.4465432e-02   1.2051483e-01
  -2.1626866e-02   1.2704651e-01
  -2.8348583e-02   1.2505302e-01
  -3.9382850e-02   1.2278768e-01
  -4.1855190e-02   1.2987264e-01
  -3.7920246e-02   1.3762839e-01
  -4.7201667e-02   1.4742433e-01
  -4.6986092e-02   1.5972995e-01
  -2.7078288e-02   1.4562676e-01
  -2.9561606e-02   1.6435555e-01
  -2.9688780e-02   1.5068556e-01
  -2.2879264e-02   1.5212530e-01
  -2.5565810e-02   1.5707107e-01
  -3.3442325e-02   1.6291792e-01
  -9.6164871e-02   2.7308709e-01
  -1.0551463e-01   2.7058393e-01
  -1.0616279e-01   2.6478114e-01
  -1.0252413e-01   2.5969033e-01
  -9.5279359e-02   2.4981109e-01
  -9.4279482e-02   2.4861345e-01
  -1.0264642e-01   2.5032573e-01
  -9.9694098e-02   2.4054315e-01
  -9.9532879e-02   2.4144676e-01
  -1.0383824e-01   2.4064638e-01
  -9.8100328e-02   2.2838808e-01
  -8.4457460e-02   2.1956657e-01
  -8.6008309e-02   2.1297661e-01
  -8.3501337e-02   2.0215309e-01
  -8.9786313e-02   1.9954392e-01
  -8.8694493e-02   1.8603110e-01
  -8.7706104e-02   1.7921675e-01
  -7.4983903e-02   1.6965334e-01
  -7.8176576e-02   1.6534872e-01
  -7.3135674e-02   1.5794849e-01
  -7.0515065e-02   1.5006642e-01
  -6.3114585e-02   1.3811863e-01
  -5.4034783e-02   1.3111228e-01
  -5.2950660e-02   1.1489766e-01
  -5.1370683e-02   1.1260162e-01
  -6.2571818e-02   1.0316417e-01
  -5.0545781e-02   9.5947223e-02
  -4.6507782e-02   8.7823541e-02
  -5.1165899e-02   8.1679238e-02
  -2.8891938e-02   6.8402994e-02
  -3.5648207e-02   6.5253019e-02
  -3.3040572e-02   5.4491724e-02
  -2.6263746e-02   5.4722057e-02
  -2.6266348e-02   5.4146035e-02
  -3.0462580e-02   4.3774797e-02
  -3.4568126e-02   2.9282683e-02
  -2.7597611e-02   1.4884414e-02
  -2.7775999e-02   6.3361074e-03
  -5.5555438e-03   1.1522536e-03
  -5.5433036e-03  -9.7740449e-03
  -1.3703035e-02  -1.0801474e-02
  -2.7316967e-03  -1.5870413e-02
  -6.8404929e-03  -2.2149817e-02
   5.5009072e-03  -3.2571157e-02
   0.0000000e+00  -3.9630769e-02
   1.7894557e-02  -6.0876640e-02
   1.7848329e-02  -6.3617705e-02
   3.1222323e-02  -8.1928842e-02
   4.3016281e-02  -2.0226587e-01
   4.1821451e-02  -1.9767568e-01
   3.5278832e-02  -1.9443381e-01
   3.2656394e-02  -1.9309954e-01
   3.1280412e-02  -1.9711556e-01
   4.2853579e-02  -2.0529252e-01
   4.5141213e-02  -2.1344209e-01
   4.3836522e-02  -2.1402204e-01
   3.3200772e-02  -2.1823871e-01
   3.4503295e-02  -2.2368695e-01
   3.3365592e-02  -2.2014710e-01
   3.8710368e-02  -2.1952628e-01
   3.2161562e-02  -2.1945734e-01
   3.9809688e-02  -2.1897094e-01
   4.4789144e-02  -2.2134744e-01
   4.8671113e-02  -2.2154780e-01
   5.2687960e-02  -2.1774580e-01
   4.9208661e-02  -2.0655171e-01
   4.6948283e-02  -1.9781630e-01
   4.4551392e-02  -1.8731752e-01
   4.6059545e-02  -1.8501406e-01
   4.0985216e-02  -1.8599360e-01
   5.0173771e-02  -1.7867311e-01
   4.8820076e-02  -1.7602110e-01
   4.3630867e-02  -1.7203284e-01
   4.5157287e-02  -1.6910542e-01
   4.4102232e-02  -1.5834498e-01
   4.0251529e-02  -1.4972294e-01
   3.7669344e-02  -1.4830936e-01
   3.9131358e-02  -1.3648248e-01
   3.7745290e-02  -1.4369272e-01
   4.8483537e-02  -1.3861020e-01
   4.3334546e-02  -1.3271131e-01
   4.3173025e-02  -1.2916122e-01
   3.9382850e-02  -1.2278768e-01
   3.6347915e-02  -1.1869104e-01
   3.1013596e-02  -1.1117114e-01
   2.9849864e-02  -9.8260958e-02
   4.7827782e-02  -8.7730493e-02
   4.1063268e-02  -7.7343280e-02
   3.0109721e-02  -5.8782366e-02
   2.0547884e-02  -5.9421611e-02
   3.5475092e-02  -6.8977864e-02
   3.8060521e-02  -6.7558972e-02
   1.7633570e-02  -6.8010307e-02
   2.7208398e-02  -6.3597466e-02
   1.6460474e-02  -4.5093466e-02
   1.9147442e-02  -3.6382112e-02
  -3.9998503e-03   1.7181736e-01
  -1.8623148e-02   1.7834739e-01
  -1.0673954e-02   1.7448677e-01
  -2.3957077e-02   1.7525896e-01
  -5.3381736e-03   1.7199439e-01
  -1.0605937e-02   1.8088135e-01
  -1.8452307e-02   1.8607124e-01
  -3.2616232e-02   2.0971350e-01
  -2.5848673e-02   2.2199205e-01
  -3.8988024e-02   2.2470449e-01
  -1.4269878e-02   2.2770302e-01
  -1.0411662e-02   2.2585498e-01
  -3.3501747e-02   2.3668095e-01
  -1.6562000e-02   2.4310583e-01
  -3.6795503e-02   2.5843429e-01
  -2.4006543e-02   2.5858957e-01
  -3.1662335e-02   2.6566335e-01
  -2.4074077e-02   2.6655924e-01
  -2.8903349e-02   2.7238657e-01
  -3.6159451e-02   2.8045268e-01
  -3.7592208e-02   2.7638849e-01
  -4.0347533e-02   2.7199940e-01
  -4.2957854e-02   2.7051717e-01
  -4.4202044e-02   2.6964543e-01
  -4.7695657e-02   2.7543420e-01
  -4.6460694e-02   2.8066614e-01
  -4.6268012e-02   2.8211593e-01
  -5.0144312e-02   2.7859844e-01
  -5.2716253e-02   2.7538696e-01
  -4.5441661e-02   2.6590237e-01
  -4.4225350e-02   2.5989244e-01
  -6.0604037e-02   2.6089785e-01
  -5.9486461e-02   2.5121788e-01
  -4.7265885e-02   2.4511027e-01
  -4.9790913e-02   2.4285533e-01
  -4.6136977e-02   2.3374920e-01
  -4.9702268e-02   2.3286196e-01
  -3.9260743e-02   2.3792405e-01
  -4.7160222e-02   2.3426400e-01
  -4.3379151e-02   2.2786291e-01
  -3.8801292e-02   2.1219486e-01
  -3.7724029e-02   2.0052581e-01
  -3.3962650e-02   1.9309438e-01
  -2.4934651e-02   1.8644009e-01
  -3.6932065e-02   1.7474913e-01
  -4.2205375e-02   1.7283184e-01
  -3.9848426e-02   1.5608608e-01
  -5.4891373e-03  -7.5240392e-02
   0.0000000e+00  -7.9018405e-02
  -1.3691529e-03  -7.6233328e-02
   8.2078539e-03  -8.3768909e-02
   0.0000000e+00  -8.2772681e-02
   1.0817077e-02  -8.9165422e-02
   5.4319002e-03  -9.5427777e-02
   1.6311189e-02  -9.9051849e-02
   2.3071468e-02  -1.0716904e-01
   2.6831530e-02  -1.1413474e-01
   2.8074302e-02  -1.1548459e-01
   2.6591991e-02  -1.2485853e-01
   2.7777249e-02  -1.3545352e-01
   1.8646762e-02  -1.3586445e-01
   2.2481317e-02  -1.4323466e-01
   2.5221044e-02  -1.4623290e-01
   2.9401012e-02  -1.4239510e-01
   3.4760024e-02  -1.4855386e-01
   4.5459250e-02  -1.4363511e-01
   4.2596819e-02  -1.4906341e-01
   3.9807790e-02  -1.5161969e-01
   2.7817523e-02  -1.5321021e-01
   3.0366127e-02  -1.6248090e-01
   4.2304804e-02  -1.6391264e-01
   4.6314961e-02  -1.7030037e-01
   4.6009535e-02  -1.7531680e-01
   3.8275592e-02  -1.7549632e-01
   3.9416940e-02  -1.8028330e-01
   4.7617296e-02  -1.7523969e-01
   4.7428518e-02  -1.7699350e-01
   4.0569509e-02  -1.8200904e-01
   5.0053259e-02  -1.8326920e-01
   4.7492789e-02  -1.8615429e-01
   4.3750544e-02  -1.8270378e-01
   4.9961453e-02  -1.8671627e-01
   3.6321815e-02  -2.0183779e-01
   4.0134363e-02  -2.0524953e-01
   4.2519589e-02  -2.0995260e-01
   3.2114949e-02  -2.0993226e-01
   4.3667633e-02  -2.0145834e-01
   4.5087582e-02  -2.0149581e-01
   4.0071779e-02  -2.0618258e-01
   5.1769161e-02  -2.0575274e-01
   4.2748708e-02  -2.1124314e-01
   4.5232960e-02  -2.1000871e-01
   5.2796574e-02  -2.1431673e-01
   5.4162238e-02  -2.1531802e-01
   3.9534706e-02  -3.7959360e-02
   5.1726405e-02  -3.3349179e-02
   4.3845871e-02  -2.8440250e-02
   3.1305207e-02  -2.3162279e-02
   2.0491753e-02  -1.1334726e-02
   2.4668780e-02  -5.6843301e-03
   2.4694497e-02  -3.9830735e-03
   2.7410941e-02  -2.2736430e-03
   3.2793371e-02   1.6999034e-03
   9.5288196e-03   2.1472724e-02
   9.5414153e-03   3.0009360e-02
   8.1729504e-03   4.4209711e-02
   1.3730656e-03   5.7832281e-02
   6.8423905e-03   5.9367221e-02
   1.3737194e-03   6.0757389e-02
   5.4617249e-03   6.0386072e-02
   0.0000000e+00   6.0325203e-02
   1.6275786e-02   5.8258347e-02
   6.7627632e-03   7.1837468e-02
  -9.4061520e-03   8.9755830e-02
  -1.0735030e-02   1.0124922e-01
  -1.4688399e-02   1.1595244e-01
  -1.0690471e-02   1.2494518e-01
  -5.3417585e-03   1.2665210e-01
  -1.2053844e-02   1.2703435e-01
  -9.3862724e-03   1.2121645e-01
  -1.3566558e-03   1.1131142e-01
  -2.6935473e-03   1.1759405e-01
  -1.6179788e-02   1.3337797e-01
  -6.7591954e-03   1.2405991e-01
  -1.9912506e-02   1.5296887e-01
  -1.1992903e-02   1.4441798e-01
  -2.6462285e-03   1.5796301e-01
  -2.2332406e-02   1.6655388e-01
  -1.1774936e-02   1.6031598e-01
  -1.9503847e-02   1.7890763e-01
  -2.3452256e-02   1.7493564e-01
  -3.1281870e-02   1.7810338e-01
  -1.5717130e-02   1.7658908e-01
  -1.0481140e-02   1.7602672e-01
  -1.8396149e-02   1.7220246e-01
  -2.8702499e-02   1.8017841e-01
  -3.1224409e-02   1.7774343e-01
  -3.1236988e-02   1.8471675e-01
  -3.1275064e-02   1.8433542e-01
  -3.2488815e-02   1.8945106e-01
  -1.9407871e-02   1.9745673e-01
  -3.0892160e-02   2.1172054e-01
  -3.8435186e-02   2.0926506e-01
  -3.3803470e-02   1.7511633e-01
  -4.3286694e-02   1.6745188e-01
  -3.1656736e-02   1.5800387e-01
  -3.3084102e-02   1.4392154e-01
  -4.0015348e-02   1.3723010e-01
  -3.5999056e-02   1.2282582e-01
  -3.4853946e-02   1.1048806e-01
  -2.6747820e-02   1.0847438e-01
  -2.4244350e-02   1.0221421e-01
  -2.6899663e-02   1.0970328e-01
  -3.2467440e-02   1.0443358e-01
  -2.3035993e-02   9.5790128e-02
  -1.6294373e-02   7.6745574e-02
  -2.4416969e-02   6.2840958e-02
  -1.0850409e-02   5.2551264e-02
  -2.4473446e-02   4.2982795e-02
  -2.7334138e-02   4.2062396e-02
  -2.5868713e-02   4.0194808e-02
  -2.3118864e-02   3.2770153e-02
  -1.2224720e-02   2.3684828e-02
  -1.2251340e-02   2.1472374e-02
  -9.5515474e-03   1.5287787e-02
  -1.1018338e-02   1.0856781e-02
  -8.2736797e-03   2.2880061e-03
  -1.1042939e-02  -5.7257798e-04
  -1.6494756e-02  -9.1235551e-03
  -6.8641457e-03  -1.5381286e-02
  -6.8595507e-03  -2.5635477e-02
  -1.6483976e-02  -3.3677399e-02
  -5.4799042e-03  -3.9307915e-02
  -4.1218497e-03  -4.0571238e-02
   4.1017249e-03  -5.2980425e-02
   2.7202473e-03  -5.3846044e-02
   2.7235170e-03  -5.8498865e-02
   8.1750980e-03  -6.6015033e-02
   6.8124568e-03  -7.5273973e-02
   2.7204130e-02  -8.9695609e-02
   2.2998209e-02  -9.4457449e-02
   1.8954544e-02  -9.8645780e-02
   1.7632101e-02  -1.0592111e-01
   1.0831664e-02  -1.0810671e-01
   2.1442483e-02  -1.1994357e-01
   2.1482384e-02  -1.2316084e-01
   2.9623758e-02  -1.2893354e-01
   3.4970343e-02  -1.3178548e-01
   2.9506948e-02  -1.3624365e-01
   3.0818984e-02  -1.3853020e-01
   3.6038677e-02  -1.4523589e-01
   2.5760802e-03  -2.1064176e-01
   1.2885986e-03  -2.1336046e-01
   5.1286677e-03  -2.1149064e-01
   6.4015993e-03  -2.1049375e-01
   0.0000000e+00  -2.0178138e-01
  -2.5786601e-03  -1.9099860e-01
   5.1981141e-03  -1.9141245e-01
   5.1887469e-03  -1.8912623e-01
  -7.8594970e-03  -1.8991444e-01
   2.6166464e-03  -1.8838406e-01
   2.6384278e-03  -1.8244566e-01
   9.2544955e-03  -1.8224037e-01
   0.0000000e+00  -1.6920863e-01
  -5.3174725e-03  -1.6311658e-01
   0.0000000e+00  -1.6089980e-01
   0.0000000e+00  -1.5762538e-01
   7.9869346e-03  -1.5590289e-01
   8.0496976e-03  -1.5225250e-01
   1.0707670e-02  -1.5063147e-01
   9.3459010e-03  -1.4228208e-01
   8.0163921e-03  -1.3572048e-01
   2.6829848e-03  -1.2545799e-01
   1.3473235e-03  -1.1645254e-01
   2.7009550e-03  -1.0663929e-01
   2.6977981e-03  -1.0710049e-01
   1.3574415e-03  -1.0010209e-01
   9.5465942e-03  -9.8212853e-02
   1.5117826e-02  -9.3038381e-02
   8.3161823e-03  -8.4899702e-02
   2.7745713e-03  -8.1412078e-02
   1.1107344e-02  -7.3773393e-02
   8.2809923e-03  -6.8052254e-02
   8.2479037e-03  -6.2539802e-02
   6.8231961e-03  -5.8048031e-02
   2.7254491e-03  -5.4523214e-02
  -1.3626184e-03  -4.8794301e-02
  -1.2216733e-02  -4.0078996e-02
  -5.4050832e-03  -2.5811416e-02
  -1.5023894e-02  -1.6436228e-02
  -4.0937378e-03  -1.4155648e-02
   2.7153690e-03  -1.4647858e-02
  -1.3563209e-02  -1.4632427e-02
  -2.5649372e-02  -3.9192926e-03
  -2.9757712e-02   6.1708455e-03
  -2.9897482e-02   1.5786660e-02
  -3.1252659e-02   1.8041485e-02
  -2.0454994e-02   2.4911190e-02
  -1.0901480e-02   2.0928610e-02
  -2.7448762e-02   1.7056876e-01
  -3.3754588e-02   1.7794079e-01
  -1.3005068e-02   1.7460261e-01
  -1.5609023e-02   1.8779091e-01
  -1.8249289e-02   1.8950160e-01
  -1.9558545e-02   1.9083479e-01
  -1.8297794e-02   1.9583622e-01
  -1.5603193e-02   1.9407315e-01
  -2.1977577e-02   1.9344649e-01
  -2.1814288e-02   2.0134405e-01
  -1.4118643e-02   2.0269727e-01
  -5.0826597e-03   2.1642609e-01
  -1.2696401e-03   2.2275292e-01
  -1.1420742e-02   2.2195239e-01
  -1.1345482e-02   2.2613371e-01
  -1.0123540e-02   2.2320161e-01
  -1.5182149e-02   2.1857562e-01
  -2.2829424e-02   2.2113517e-01
  -2.0268114e-02   2.2148476e-01
  -1.9027947e-02   2.2578953e-01
  -2.1576373e-02   2.2328679e-01
  -2.4250552e-02   2.1229652e-01
  -2.0527646e-02   2.1553147e-01
  -2.5687505e-02   2.1709765e-01
  -3.0747387e-02   2.1448906e-01
  -3.9596662e-02   2.1436238e-01
  -4.7214567e-02   2.1084270e-01
  -4.0946028e-02   2.0445449e-01
  -4.5952542e-02   2.0514217e-01
  -4.8883265e-02   1.9859967e-01
  -3.9929098e-02   1.9638484e-01
  -4.1306289e-02   1.9431106e-01
  -3.6277377e-02   1.8753604e-01
  -3.7833734e-02   1.7825963e-01
  -3.5188496e-02   1.7433343e-01
  -3.9335871e-02   1.7235894e-01
  -3.8042318e-02   1.7745561e-01
  -3.4308867e-02   1.6982776e-01
  -4.2695919e-02   1.5745098e-01
  -4.0237978e-02   1.5275924e-01
  -4.1646244e-02   1.4683892e-01
  -3.3862935e-02   1.3216230e-01
  -4.6198365e-02   1.2404753e-01
  -5.5718939e-02   1.0605401e-01
  -4.8782102e-02   9.5740167e-02
  -3.9173786e-02   9.6039603e-02
  -3.6469243e-02   8.5555104e-02
  -3.2434317e-02   8.7350066e-02
   2.1347907e-02  -1.0646508e-01
   1.8738118e-02  -1.1504918e-01
   9.4241520e-03  -1.1279470e-01
   1.3464199e-02  -1.2653735e-01
   9.3947243e-03  -1.3213145e-01
   1.1964586e-02  -1.4042053e-01
   2.2610267e-02  -1.3685593e-01
   1.8624884e-02  -1.3870680e-01
   1.7204097e-02  -1.3913952e-01
   1.4651028e-02  -1.3586970e-01
   2.2593300e-02  -1.4581746e-01
   2.5144437e-02  -1.5306090e-01
   7.9458022e-03  -1.5381199e-01
   3.9756259e-03  -1.5454103e-01
   1.8521207e-02  -1.6039141e-01
   1.0597151e-02  -1.5324009e-01
   7.9987527e-03  -1.5491511e-01
   8.0426671e-03  -1.6082336e-01
   5.3697090e-03  -1.6422657e-01
   1.3466905e-03  -1.5975095e-01
  -1.2054040e-02  -1.6255496e-01
  -2.9449652e-02  -1.6998692e-01
  -2.5523247e-02  -1.7128807e-01
  -2.2869492e-02  -1.7669104e-01
  -1.3426350e-02  -1.7440720e-01
  -4.0269314e-03  -1.7693344e-01
  -1.0685969e-02  -1.8432693e-01
  -3.9724634e-03  -1.8705184e-01
  -2.6400594e-03  -1.9090868e-01
   6.5499909e-03  -2.0090455e-01
   1.0444518e-02  -2.0143204e-01
   9.1715894e-03  -2.0420954e-01
   1.9458115e-02  -2.0189663e-01
   9.0459454e-03  -1.9784272e-01
   5.1532137e-03  -1.9971467e-01
   2.3050568e-02  -2.0663919e-01
   2.5558054e-02  -2.1194039e-01
   3.7009336e-02  -2.1415878e-01
   3.0679934e-02  -2.1135466e-01
   2.8151418e-02  -2.0966463e-01
   2.3164035e-02  -2.1039236e-01
   2.4382548e-02  -2.2018326e-01
   3.3442649e-02  -2.2139687e-01
   3.3424721e-02  -2.2725701e-01
   2.5657217e-02  -2.2406769e-01
   2.3090327e-02  -2.1745575e-01
   1.9200101e-02  -2.1431018e-01
   3.2135775e-02  -2.1399780e-01
