  -3.3330729e-01   1.6786311e-02
  -1.4753969e-01   1.7707579e-02
  -1.3826454e-01   2.0509484e-02
  -1.3017941e-01   2.3849371e-02
  -1.2197853e-01   2.6611031e-02
  -1.1834096e-01   2.3359914e-02
  -1.1121841e-01   1.7181063e-02
  -1.1165444e-01   1.8361963e-02
  -1.0575674e-01   1.6615715e-02
  -1.0209764e-01   2.3915642e-02
  -9.8147537e-02   2.6172049e-02
  -9.5269011e-02   2.6123944e-02
  -9.0018228e-02   2.2261244e-02
  -8.5738380e-02   2.1089525e-02
  -7.7629079e-02   1.9966974e-02
  -6.7196953e-02   1.7826513e-02
  -6.8190045e-02   2.0509002e-02
  -6.5698235e-02   2.3352037e-02
  -4.8458393e-02   2.4016441e-02
  -5.2325903e-02   2.7282948e-02
  -4.2995463e-02   2.1741947e-02
  -3.3522219e-02   2.2259529e-02
  -3.0808636e-02   2.2794452e-02
  -3.0804769e-02   2.4462339e-02
  -2.0133313e-02   2.2286075e-02
  -2.1449724e-02   2.5046534e-02
  -1.8763181e-02   2.8386913e-02
  -6.7108358e-03   2.2845488e-02
  -8.0536398e-03   2.1730956e-02
  -5.3744328e-03   2.1752815e-02
   8.0370354e-03   2.2799993e-02
   2.1430322e-02   2.3909594e-02
   2.6885856e-02   2.7910703e-02
   3.2325704e-02   2.8523271e-02
   3.4838628e-02   3.0606082e-02
   3.6373514e-02   2.6284147e-02
   4.0340066e-02   2.4555320e-02
   4.4339071e-02   2.1741247e-02
   4.7024447e-02   2.2297213e-02
   5.3635551e-02   2.2248821e-02
   6.3209973e-02   2.2308522e-02
   8.0543007e-02   3.2292984e-02
   9.5509637e-02   3.1219129e-02
   1.0495923e-01   2.7859828e-02
   9.6763900e-02   3.0629061e-02
   1.0075425e-01   2.3917424e-02
   1.0316511e-01   1.9407101e-02
   9.9525987e-02   2.1715654e-02
   2.5297420e-01   3.4260813e-02
   2.5561411e-01   3.6457843e-02
   2.6280019e-01   3.0935071e-02
   2.6882372e-01   2.8615036e-02
   2.7281734e-01   3.0798310e-02
   2.7494420e-01   3.2535795e-02
   2.8726109e-01   2.8073369e-02
   2.8758955e-01   3.3474547e-02
   2.9132112e-01   3.7443968e-02
   2.9893169e-01   3.5129540e-02
   2.9986924e-01   3.4129712e-02
   3.0176528e-01   3.1273909e-02
   3.1445536e-01   2.7841362e-02
   3.1127276e-01   3.0130756e-02
   3.1333592e-01   3.6801827e-02
   3.2830043e-01   3.5614239e-02
   3.2967851e-01   3.5058190e-02
   3.2596322e-01   3.5521122e-02
   3.3082562e-01   3.1733946e-02
   3.3214193e-01   3.2820561e-02
   3.4241879e-01   2.9426912e-02
   3.4586673e-01   3.7143283e-02
   3.4873838e-01   3.3303491e-02
   3.4520241e-01   3.7222642e-02
   3.5110005e-01   3.3255812e-02
   3.6340764e-01   3.0461536e-02
   3.7362767e-01   3.1007994e-02
   3.7668498e-01   3.6894098e-02
   3.8253966e-01   3.5804726e-02
   3.7099888e-01   3.7590643e-02
   3.7751706e-01   3.5332346e-02
   3.8825452e-01   3.3496525e-02
   3.9556779e-01   3.5242574e-02
   3.9684064e-01   3.1853659e-02
   3.9924466e-01   3.5180989e-02
   4.0097852e-01   3.5745517e-02
   3.9217711e-01   4.0648831e-02
   3.9437901e-01   3.5144616e-02
   3.9469497e-01   3.6800774e-02
   4.0342147e-01   3.2988698e-02
   3.9700382e-01   3.3606811e-02
   4.0241671e-01   3.4111293e-02
   4.0142076e-01   3.7831335e-02
   3.9199187e-01   3.9947555e-02
   4.0508317e-01   3.5174665e-02
   4.0296625e-01   3.4038803e-02
   2.0114739e-01   2.4949248e-02
   1.8361396e-01   3.4470985e-02
   1.7794208e-01   3.8901123e-02
   1.7664195e-01   3.6682953e-02
   1.8073335e-01   3.4446258e-02
   1.8183208e-01   2.8275482e-02
   1.6182137e-01   2.6132518e-02
   1.5240916e-01   2.3927718e-02
   1.3877093e-01   2.5042601e-02
   1.2424641e-01   3.1848929e-02
   1.2226399e-01   3.3362471e-02
   1.1304402e-01   2.6732575e-02
   1.0125759e-01   2.4036461e-02
   9.9816140e-02   2.2897393e-02
   8.6158920e-02   2.2309827e-02
   8.4897280e-02   2.2333434e-02
   8.7379033e-02   2.7857814e-02
   8.8431683e-02   3.1106091e-02
   8.7336567e-02   3.2872221e-02
   8.7304789e-02   2.6160372e-02
   9.0182554e-02   2.4536028e-02
   8.3214363e-02   2.2802421e-02
   6.4391476e-02   2.8942133e-02
   6.3228174e-02   3.0704763e-02
   5.6510780e-02   2.9036379e-02
   4.1556976e-02   2.5594213e-02
   3.3626181e-02   2.0651612e-02
   2.5532299e-02   1.9518418e-02
   1.0736897e-02   2.3402244e-02
   0.0000000e+00   2.9003984e-02
   8.0269934e-03   2.6110649e-02
   6.6951570e-03   2.7248919e-02
  -1.2067023e-02   2.3378786e-02
  -2.1495144e-02   2.3423321e-02
  -2.6770490e-02   1.8885172e-02
  -2.6877916e-02   1.8402724e-02
  -2.5399214e-02   2.3306076e-02
  -3.2131965e-02   2.8909368e-02
  -4.2804515e-02   2.7763791e-02
  -4.9555498e-02   2.4452219e-02
  -5.3652465e-02   1.7242836e-02
  -4.2754657e-02   1.6071144e-02
  -6.0108195e-02   2.0494520e-02
  -6.6966889e-02   2.4438612e-02
  -6.2813008e-02   2.6611383e-02
  -7.2252627e-02   2.4409443e-02
  -6.2906323e-02   1.9978295e-02
  -6.5522771e-02   1.8847956e-02
  -2.1932825e-01   1.6434478e-02
  -2.1491946e-01   1.3675358e-02
  -2.2199634e-01   1.6976934e-02
  -2.2155077e-01   1.7490820e-02
  -2.2953608e-01   1.9112130e-02
  -2.3799663e-01   2.0222913e-02
  -2.4506601e-01   1.9036978e-02
  -2.5409220e-01   1.6907996e-02
  -2.6273437e-01   1.1949608e-02
  -2.6832203e-01   1.3038580e-02
  -2.7395619e-01   1.0867514e-02
  -2.7468961e-01   1.5724951e-02
  -2.7121702e-01   1.6307536e-02
  -2.7120892e-01   1.6851121e-02
  -2.6561009e-01   1.6304364e-02
  -2.6372979e-01   1.7904043e-02
  -2.5365448e-01   1.1431919e-02
  -2.4986772e-01   1.4174931e-02
  -2.4875033e-01   1.6374261e-02
  -2.4289735e-01   1.7989758e-02
  -2.3158694e-01   1.6974044e-02
  -2.2221637e-01   1.6993331e-02
  -2.1218743e-01   1.9151349e-02
  -2.0365753e-01   1.8695864e-02
  -1.9370216e-01   1.8660166e-02
  -1.8339544e-01   1.7065326e-02
  -1.7152769e-01   1.5998385e-02
  -1.6763624e-01   1.9886831e-02
  -1.5809719e-01   1.9331485e-02
  -1.4859046e-01   1.7118742e-02
  -1.4616812e-01   2.1029999e-02
  -1.3545944e-01   1.8831770e-02
  -1.1910731e-01   2.1582703e-02
  -1.0768987e-01   2.3398595e-02
  -1.0046294e-01   2.2737421e-02
  -8.5843944e-02   1.7221646e-02
  -8.4221875e-02   2.2710977e-02
  -7.6599516e-02   1.8933655e-02
  -6.1692296e-02   1.9462765e-02
  -5.6429337e-02   2.2291261e-02
  -5.3769020e-02   2.8451960e-02
  -4.7040548e-02   3.0131212e-02
  -4.6967866e-02   2.5059435e-02
  -3.3628585e-02   1.9535308e-02
  -1.7526093e-02   1.5103621e-02
  -1.4765006e-02   2.1730042e-02
  -1.3458879e-02   2.5707303e-02
  -9.4189451e-03   2.8502298e-02
   1.3456973e-03   2.7385216e-02
   2.3297990e-01   3.8626239e-02
   2.4121620e-01   3.3074311e-02
   2.4218906e-01   2.8604004e-02
   2.4825890e-01   3.0872109e-02
   2.4857344e-01   2.8142917e-02
   2.5428130e-01   2.5942016e-02
   2.7240983e-01   2.5928505e-02
   2.7022100e-01   3.6347103e-02
   2.7707701e-01   4.1302887e-02
   2.8474111e-01   3.7880077e-02
   2.8928022e-01   3.1852247e-02
   2.9713028e-01   2.4758327e-02
   2.9778720e-01   2.8548800e-02
   3.1541606e-01   2.7373409e-02
   3.1197948e-01   3.6809991e-02
   3.1823615e-01   4.1668238e-02
   3.3596496e-01   3.8810289e-02
   3.2903959e-01   3.4444947e-02
   3.4386792e-01   2.7350311e-02
   3.5298418e-01   2.6625347e-02
   3.6401282e-01   3.0939632e-02
   3.6605446e-01   4.0270055e-02
   3.6935422e-01   4.0706657e-02
   3.5855748e-01   4.0245341e-02
   3.6243391e-01   3.6376815e-02
   3.7017700e-01   2.7054971e-02
   3.6809334e-01   3.0373683e-02
   3.6874533e-01   3.2604154e-02
   3.5281868e-01   3.9703600e-02
   3.5505320e-01   3.5955077e-02
   3.5661667e-01   3.9250883e-02
   3.6033428e-01   3.0448310e-02
   3.6650773e-01   2.9930446e-02
   3.7000681e-01   2.4966750e-02
   3.6628560e-01   3.5372346e-02
   3.7450148e-01   3.8460004e-02
   3.7643762e-01   4.1777141e-02
   3.8107849e-01   3.7984746e-02
   3.8467365e-01   3.1389614e-02
   3.8574942e-01   2.8649383e-02
   3.9883103e-01   2.5931743e-02
   4.0139220e-01   3.8371783e-02
   4.0504354e-01   4.0877580e-02
   4.0068391e-01   4.3735808e-02
   3.8942807e-01   3.7268419e-02
   3.8967835e-01   3.1867199e-02
   3.8812807e-01   2.6988306e-02
   3.8512518e-01   2.9793700e-02
   3.6284924e-01   2.5518064e-02
   1.8191187e-01   3.3852908e-02
   1.7021877e-01   2.8391850e-02
   1.6350377e-01   2.5623977e-02
   1.6346406e-01   2.8409192e-02
   1.6416699e-01   2.7739256e-02
   1.5057192e-01   3.6657937e-02
   1.3483157e-01   2.7861041e-02
   1.1348492e-01   2.7957258e-02
   8.9021518e-02   2.3468940e-02
   7.8142856e-02   2.5132672e-02
   7.9342233e-02   2.3409186e-02
   7.8124378e-02   2.7925191e-02
   8.3411892e-02   3.0122032e-02
   7.8112365e-02   2.9600702e-02
   7.9328380e-02   2.5638632e-02
   6.9837195e-02   2.7294094e-02
   5.3670164e-02   2.6725109e-02
   3.7589152e-02   1.9494923e-02
   9.4318611e-03   2.4055356e-02
   0.0000000e+00   1.6733068e-02
   6.7116219e-03   2.1173867e-02
   1.4750912e-02   2.1151817e-02
   2.0180297e-02   3.0176260e-02
   2.0161304e-02   2.9587918e-02
   2.4152707e-02   2.6184855e-02
   1.3426809e-02   3.0118028e-02
   1.2080460e-02   2.1730472e-02
  -1.3448931e-03   2.2332990e-02
  -1.6112696e-02   1.6158052e-02
  -1.4719971e-02   2.2776422e-02
  -2.6810952e-02   2.5601303e-02
  -4.5603402e-02   3.0629243e-02
  -3.4821257e-02   2.5016489e-02
  -4.8428431e-02   1.8412869e-02
  -4.8332160e-02   1.8376274e-02
  -3.7518301e-02   1.7788557e-02
  -4.6872670e-02   2.5565496e-02
  -4.8291104e-02   2.9513410e-02
  -5.3771713e-02   2.7894078e-02
  -5.3744328e-02   2.1735745e-02
  -6.4240082e-02   2.1087216e-02
  -7.1143192e-02   2.1144747e-02
  -6.0237511e-02   1.7760089e-02
  -6.8334717e-02   1.8328049e-02
  -2.2127186e-01   2.0324854e-02
  -2.3276712e-01   1.4855419e-02
  -2.3526209e-01   1.0989686e-02
  -2.4286565e-01   8.2179468e-03
  -2.4845323e-01   1.1508138e-02
  -2.5777981e-01   1.7514094e-02
  -2.7011408e-01   1.8595160e-02
  -2.7384433e-01   2.0204867e-02
  -2.7497716e-01   1.6363508e-02
  -2.6831332e-01   1.3103399e-02
  -2.7907548e-01   1.0357469e-02
  -2.8598338e-01   1.6898276e-02
  -2.8972331e-01   1.6871935e-02
  -2.9625615e-01   1.7468144e-02
  -2.9484460e-01   1.3582321e-02
  -3.0215969e-01   1.2506328e-02
  -2.9726862e-01   1.0308510e-02
  -3.0021266e-01   1.3028144e-02
  -3.0002417e-01   1.5805489e-02
  -2.9614468e-01   1.6295404e-02
  -2.9565707e-01   1.7979784e-02
  -2.7983788e-01   1.2511667e-02
  -2.8220820e-01   1.4667851e-02
  -2.8497143e-01   1.3643384e-02
  -2.8995282e-01   2.0156624e-02
  -2.7900122e-01   1.6353899e-02
  -2.8432102e-01   1.9064380e-02
  -2.9112671e-01   1.2515328e-02
  -2.9191775e-01   9.7740334e-03
  -2.9350440e-01   1.3585128e-02
  -2.8336495e-01   1.1997146e-02
  -2.7898414e-01   1.7444159e-02
  -2.8032541e-01   1.7440713e-02
  -2.8132906e-01   2.0687033e-02
  -2.8061280e-01   1.6911806e-02
  -2.8710191e-01   1.2522975e-02
  -2.7239276e-01   7.0935997e-03
  -2.6942536e-01   9.2709439e-03
  -2.5914586e-01   1.5869230e-02
  -2.5252394e-01   2.5219053e-02
  -2.5525484e-01   2.3017754e-02
  -2.5530478e-01   2.0277545e-02
  -2.4817107e-01   1.4781951e-02
  -2.3857772e-01   1.1499976e-02
  -2.3612120e-01   1.2611630e-02
  -2.2874252e-01   1.3761854e-02
  -2.1499350e-01   2.0380280e-02
  -2.1786093e-01   2.5203477e-02
  -2.1114821e-01   2.2064329e-02
  -2.0006598e-01   1.5984484e-02
  -5.3742226e-03   2.2310580e-02
   4.0398565e-03   1.7884151e-02
   0.0000000e+00   2.0637450e-02
   2.6905552e-03   1.7866365e-02
   1.8844931e-02   2.4029591e-02
   2.5569481e-02   2.6821526e-02
   4.1570218e-02   3.2859993e-02
   5.3855725e-02   3.2421677e-02
   5.9145923e-02   2.8447217e-02
   5.9052932e-02   2.3380588e-02
   4.8416150e-02   2.2318630e-02
   5.2352592e-02   2.0601409e-02
   6.1854768e-02   2.4540506e-02
   6.8832760e-02   2.7991576e-02
   9.0044185e-02   3.0639593e-02
   1.0122965e-01   2.7390386e-02
   1.0599350e-01   2.7219517e-02
   1.0746184e-01   2.5020299e-02
   1.0790934e-01   2.2886879e-02
   1.0910474e-01   2.7880896e-02
   1.2256829e-01   2.8414296e-02
   1.2911768e-01   3.2823747e-02
   1.2938256e-01   3.2331359e-02
   1.4576349e-01   2.7865663e-02
   1.6406360e-01   2.3278083e-02
   1.7259293e-01   2.7217937e-02
   1.8772013e-01   3.1678189e-02
   1.9099766e-01   3.2094486e-02
   1.9660655e-01   3.0447078e-02
   2.0642103e-01   3.1583687e-02
   2.0226177e-01   3.6586869e-02
   2.0333965e-01   3.0425010e-02
   2.0858308e-01   2.7063342e-02
   2.0630248e-01   2.7124359e-02
   2.1138372e-01   3.2055667e-02
   2.1585273e-01   3.2103373e-02
   2.1155676e-01   3.3746622e-02
   2.1406405e-01   3.2598319e-02
   2.1969340e-01   3.1504226e-02
   2.4319402e-01   2.7058407e-02
   2.3931735e-01   3.5767362e-02
   2.5928169e-01   2.0367977e-02
   2.6182120e-01   2.8064314e-02
   2.4634306e-01   3.8200379e-02
   2.4614037e-01   4.4290295e-02
   2.6541488e-01   3.4236552e-02
   2.7395345e-01   2.8565361e-02
   2.7563328e-01   2.6388220e-02
   2.8188951e-01   2.3570706e-02
   3.8217652e-01   3.9444725e-02
   3.7182380e-01   3.7937914e-02
   3.6631001e-01   3.1979102e-02
   3.7040818e-01   3.0871431e-02
   3.7458816e-01   3.1514307e-02
   3.7199754e-01   3.4144122e-02
   3.7163796e-01   3.8866808e-02
   3.5571474e-01   4.2986032e-02
   3.5347851e-01   3.2663783e-02
   3.4713750e-01   2.9343282e-02
   3.3805605e-01   2.8330535e-02
   3.3120439e-01   3.1091063e-02
   3.2772641e-01   3.3359168e-02
   3.1808032e-01   3.7794363e-02
   3.1239639e-01   3.6696645e-02
   3.0035911e-01   3.2926938e-02
   2.9965862e-01   3.1347237e-02
   2.8834172e-01   2.7490842e-02
   2.8797739e-01   3.0210920e-02
   2.8388948e-01   3.1328630e-02
   2.6865363e-01   3.4668217e-02
   2.7266878e-01   3.5748038e-02
   2.7089693e-01   3.2003107e-02
   2.6609373e-01   2.9726984e-02
   2.6768239e-01   3.0851844e-02
   2.5909509e-01   2.9175751e-02
   2.4573379e-01   3.3673105e-02
   2.3941588e-01   3.5428843e-02
   2.3581168e-01   3.3648641e-02
   2.2526974e-01   3.3173315e-02
   2.2539355e-01   2.7644430e-02
   2.1365143e-01   2.8847623e-02
   2.1710004e-01   2.6538251e-02
   2.1227663e-01   2.9961778e-02
   1.9944133e-01   3.3237950e-02
   1.9655033e-01   3.3214994e-02
   1.8343086e-01   3.4437107e-02
   1.7798646e-01   2.7204022e-02
   1.8322322e-01   2.5499989e-02
   1.7479135e-01   2.5469907e-02
   1.7932598e-01   2.7755592e-02
   1.6289445e-01   3.3323856e-02
   1.4808586e-01   3.3365579e-02
   1.5088273e-01   2.6130651e-02
   1.3968766e-01   2.6075617e-02
   1.3993861e-01   2.8350694e-02
   1.3172052e-01   2.9450981e-02
   1.2488878e-01   2.8324957e-02
  -2.9474716e-02   2.0015085e-02
  -4.0152972e-02   1.9991148e-02
  -4.9520222e-02   2.0541722e-02
  -4.9608872e-02   2.3363925e-02
  -5.0991391e-02   2.5613538e-02
  -5.6242002e-02   2.6669961e-02
  -6.1628952e-02   1.9999006e-02
  -6.4378891e-02   1.8348907e-02
  -7.0866702e-02   1.9952672e-02
  -8.0505246e-02   2.6698730e-02
  -7.0978615e-02   2.5545576e-02
  -7.7451292e-02   2.4355913e-02
  -8.2903558e-02   1.9388605e-02
  -9.3801482e-02   1.6643055e-02
  -9.6484328e-02   1.6086045e-02
  -1.1519751e-01   2.2717702e-02
  -1.1406983e-01   2.4430191e-02
  -1.1775977e-01   2.2691470e-02
  -1.2833810e-01   2.2652903e-02
  -1.3117972e-01   1.8247298e-02
  -1.3882291e-01   1.4876983e-02
  -1.4456541e-01   1.8229001e-02
  -1.4710601e-01   1.7103814e-02
  -1.6236732e-01   2.5448061e-02
  -1.7243276e-01   2.4223052e-02
  -1.7113089e-01   2.1473099e-02
  -1.9008870e-01   1.7053835e-02
  -1.9185681e-01   1.1573519e-02
  -1.9644269e-01   1.1522166e-02
  -2.1989697e-01   2.2525701e-02
  -2.2348482e-01   2.1923382e-02
  -2.2509517e-01   1.8649887e-02
  -2.3429097e-01   1.4778929e-02
  -2.4951907e-01   1.4231949e-02
  -2.5892836e-01   1.2573875e-02
  -2.6112358e-01   9.2725313e-03
  -2.7444002e-01   1.5787920e-02
  -2.7441867e-01   1.5710045e-02
  -2.9309538e-01   2.0629833e-02
  -3.0123124e-01   1.4639724e-02
  -3.1567617e-01   1.2429648e-02
  -3.2106444e-01   9.1789964e-03
  -3.1108362e-01   9.1758876e-03
  -3.0174721e-01   8.1084821e-03
  -3.0868235e-01   1.2431477e-02
  -3.1824269e-01   1.8906337e-02
  -3.2027437e-01   1.5691224e-02
  -3.2327130e-01   1.8871785e-02
  -3.0807262e-01   1.2408127e-02
  -2.9932145e-01   1.2991263e-02
