  -4.0566543e-03   6.8375065e-02
  -7.7310035e-03   2.1860243e-01
  -1.0228589e-02   2.2456395e-01
  -1.0261024e-02   2.2605798e-01
  -1.2912844e-02   2.2179896e-01
  -8.9800259e-03   2.2410888e-01
  -7.6765113e-03   2.3007762e-01
  -1.7934611e-02   2.2638413e-01
  -2.1993638e-02   2.1694531e-01
  -1.6662572e-02   2.1204245e-01
  -1.6658548e-02   2.0552320e-01
  -2.5716233e-02   2.0307888e-01
  -2.4442942e-02   1.9681224e-01
  -2.4408997e-02   1.9019648e-01
  -2.3222519e-02   1.8607215e-01
  -1.9374974e-02   1.8195111e-01
  -8.9819767e-03   1.8311551e-01
  -1.5448664e-02   1.8253442e-01
  -1.6685736e-02   1.8254458e-01
  -1.0335652e-02   1.7766495e-01
  -5.1722619e-03   1.6799866e-01
   0.0000000e+00   1.6272545e-01
  -1.0473572e-02   1.5011564e-01
  -1.0527036e-02   1.3830879e-01
  -5.2655995e-03   1.3242379e-01
  -1.0521215e-02   1.3228805e-01
  -1.8442966e-02   1.2542771e-01
  -3.0418234e-02   1.2297631e-01
  -3.4351823e-02   1.0883682e-01
  -2.8114474e-02   1.0215453e-01
  -1.7481710e-02   1.0088196e-01
  -1.2095691e-02   9.6157643e-02
  -4.0595512e-03   8.6328201e-02
  -1.0827619e-02   8.1699444e-02
  -2.7044362e-03   6.8375239e-02
  -2.1681622e-02   5.7631238e-02
  -2.0311331e-02   5.0185614e-02
  -3.3807759e-02   4.5573557e-02
  -3.3858095e-02   3.3758190e-02
  -2.1629675e-02   3.2011926e-02
  -1.4897629e-02   2.2488588e-02
   0.0000000e+00   1.6816817e-02
   0.0000000e+00   1.2867133e-02
   5.4047962e-03   8.4083410e-03
   1.3540070e-02   5.0549112e-03
   2.0331315e-02  -5.6218524e-04
   2.9756158e-02  -8.4147894e-03
   2.9901346e-02  -1.2967613e-02
   2.4606311e-02  -1.8720291e-02
   3.2830270e-02  -2.3846892e-02
   5.1681683e-02  -4.0697304e-02
   6.8871821e-02  -1.5530693e-01
   6.4769220e-02  -1.6203575e-01
   6.8905379e-02  -1.6691915e-01
   6.8776302e-02  -1.7271241e-01
   6.3603652e-02  -1.7218528e-01
   6.8572210e-02  -1.7461240e-01
   6.0885786e-02  -1.6815031e-01
   5.8164792e-02  -1.7265023e-01
   6.8331876e-02  -1.7948579e-01
   7.2181780e-02  -1.8374941e-01
   7.7455240e-02  -1.8651399e-01
   6.7412892e-02  -1.8433587e-01
   6.3458325e-02  -1.7668686e-01
   6.9053864e-02  -1.7471392e-01
   7.9449453e-02  -1.7332785e-01
   8.2223628e-02  -1.7122020e-01
   8.2124441e-02  -1.7161247e-01
   7.5636112e-02  -1.6681190e-01
   7.4287379e-02  -1.6182514e-01
   7.1690727e-02  -1.5943581e-01
   7.6719971e-02  -1.5596877e-01
   8.2360762e-02  -1.5079253e-01
   7.7850460e-02  -1.4808859e-01
   6.8979513e-02  -1.4292511e-01
   6.7698591e-02  -1.4606411e-01
   7.0639807e-02  -1.4607225e-01
   8.6633725e-02  -1.4596500e-01
   8.0069671e-02  -1.3831640e-01
   8.0174563e-02  -1.3008360e-01
   7.2736527e-02  -1.1981824e-01
   7.1464686e-02  -1.0808310e-01
   8.0805453e-02  -1.0555055e-01
   7.3940321e-02  -1.0480195e-01
   6.7686394e-02  -9.2076330e-02
   7.4921420e-02  -8.7951203e-02
   7.5047298e-02  -8.9275232e-02
   7.0973497e-02  -8.0540196e-02
   6.9454347e-02  -7.2821691e-02
   6.2191489e-02  -6.4285760e-02
   5.5216537e-02  -5.2701037e-02
   5.3597599e-02  -4.6815450e-02
   5.0887799e-02  -4.3988467e-02
   6.5561989e-02  -3.4993354e-02
   6.4398599e-02  -3.7327883e-02
   7.5382608e-02  -4.2493422e-02
   6.8846558e-02  -3.5865025e-02
   5.5586271e-02  -3.3211197e-02
   3.7918109e-02  -2.3605132e-02
   2.7268221e-02  -1.0179741e-02
   2.1861945e-02  -3.4003639e-03
   1.6429809e-02   2.8395463e-03
   2.5888186e-03   1.9120528e-01
  -6.4265753e-03   1.9664735e-01
  -5.1518744e-03   1.9837894e-01
  -7.7298206e-03   1.9971262e-01
  -5.1398999e-03   2.0425364e-01
  -6.3894647e-03   2.0681876e-01
  -1.0224403e-02   2.1006391e-01
  -8.9185081e-03   2.2035956e-01
  -8.8686000e-03   2.2944655e-01
  -8.8488693e-03   2.3617289e-01
  -1.5143673e-02   2.4038901e-01
  -1.5268608e-02   2.3393544e-01
  -1.3994962e-02   2.3728281e-01
  -7.6364206e-03   2.3672020e-01
  -7.6133132e-03   2.3185733e-01
  -1.9086989e-02   2.3059486e-01
  -2.4241734e-02   2.2464227e-01
  -2.4373123e-02   2.1745157e-01
  -2.3085711e-02   2.1609405e-01
  -2.4423643e-02   2.0882286e-01
  -2.5680289e-02   2.0725960e-01
  -2.1915763e-02   2.0562541e-01
  -2.0615070e-02   1.9588943e-01
  -2.3234787e-02   1.9438070e-01
  -1.6847825e-02   1.9081506e-01
  -1.0415471e-02   1.8419697e-01
  -9.1581076e-03   1.8266609e-01
  -7.8336081e-03   1.7287131e-01
  -3.9156853e-03   1.7344050e-01
  -1.7092424e-02   1.6055345e-01
  -9.2106401e-03   1.5457651e-01
  -7.9414933e-03   1.4823255e-01
  -9.2857037e-03   1.4312013e-01
  -6.6417033e-03   1.3249578e-01
  -1.8707691e-02   1.1958314e-01
  -1.3448604e-02   1.0382446e-01
  -2.8442389e-02   9.3976523e-02
  -2.4451766e-02   9.4269814e-02
  -1.5000765e-02   7.9994961e-02
  -1.0887573e-02   7.5765548e-02
  -1.7660083e-02   7.0419843e-02
  -6.7801540e-03   5.9393182e-02
  -5.4318095e-03   5.7188612e-02
  -1.3608864e-03   5.0445318e-02
  -6.8129009e-03   4.1942783e-02
  -4.1138381e-03   3.0762827e-02
   0.0000000e+00   9.7242084e-03
   8.5165654e-02  -1.2770054e-01
   8.1340127e-02  -1.2502509e-01
   6.8482516e-02  -1.2541677e-01
   7.3781864e-02  -1.3306903e-01
   7.9112828e-02  -1.4390088e-01
   8.3271422e-02  -1.4719058e-01
   9.1038596e-02  -1.4969722e-01
   8.0921674e-02  -1.5196778e-01
   7.2930446e-02  -1.5073068e-01
   6.8322179e-02  -1.5534142e-01
   7.7426603e-02  -1.5568800e-01
   8.2533732e-02  -1.5718334e-01
   8.9854126e-02  -1.6338651e-01
   7.7626529e-02  -1.6658042e-01
   6.9508371e-02  -1.7485066e-01
   8.2465690e-02  -1.8049110e-01
   9.2691986e-02  -1.8207348e-01
   9.6700813e-02  -1.8295837e-01
   9.2858237e-02  -1.8057298e-01
   8.1127217e-02  -1.7976243e-01
   8.6125946e-02  -1.8307488e-01
   9.4371532e-02  -1.7793382e-01
   8.6600913e-02  -1.7243750e-01
   7.8639379e-02  -1.7568880e-01
   8.4529845e-02  -1.6623863e-01
   8.4561278e-02  -1.6752951e-01
   8.2263080e-02  -1.6822538e-01
   7.8646114e-02  -1.6035224e-01
   7.5114113e-02  -1.5762730e-01
   7.1346573e-02  -1.5198320e-01
   5.6959854e-02  -1.4156639e-01
   5.4426226e-02  -1.4371312e-01
   5.4661955e-02  -1.4073279e-01
   6.2539881e-02  -1.3558641e-01
   5.3465006e-02  -1.3205755e-01
   6.0076561e-02  -1.3246318e-01
   6.0274116e-02  -1.2931440e-01
   6.0171170e-02  -1.2848360e-01
   5.2143078e-02  -1.2075683e-01
   4.9368482e-02  -1.1519723e-01
   5.3473603e-02  -1.0660692e-01
   5.3679497e-02  -1.0410094e-01
   5.5163614e-02  -9.9104987e-02
   5.6660521e-02  -9.3532377e-02
   5.9390439e-02  -8.4284677e-02
   6.3540005e-02  -8.2093399e-02
   6.4772931e-02  -8.1358973e-02
   5.6470490e-02  -7.1342220e-02
  -1.6182839e-02   1.1954158e-01
  -1.0765878e-02   1.1690040e-01
  -6.6995085e-03   1.2589868e-01
   1.3401552e-03   1.1995933e-01
  -2.4089108e-02   1.3412625e-01
  -2.2798888e-02   1.3140880e-01
  -2.1361548e-02   1.4469978e-01
  -1.1978003e-02   1.4727209e-01
  -1.3167398e-02   1.5958611e-01
  -1.8448131e-02   1.6650039e-01
  -7.8591862e-03   1.6420325e-01
  -9.2137479e-03   1.6879408e-01
  -1.8501788e-02   1.6889885e-01
  -1.1910712e-02   1.6604614e-01
   5.2874718e-03   1.6211894e-01
   1.5787517e-02   1.6559744e-01
   3.9465212e-03   1.6993811e-01
   0.0000000e+00   1.8212766e-01
   6.4466503e-03   1.9099656e-01
   0.0000000e+00   1.9797980e-01
   7.7035676e-03   2.0213986e-01
   1.1480194e-02   2.1672858e-01
   1.6571758e-02   2.2113810e-01
   1.6508234e-02   2.2409404e-01
   1.7697358e-02   2.2816723e-01
   1.2625559e-03   2.2852514e-01
   2.5315524e-03   2.3252744e-01
  -5.0535908e-03   2.3068637e-01
  -8.8802926e-03   2.3380261e-01
  -6.3813049e-03   2.3075363e-01
  -1.0213594e-02   2.3826533e-01
  -2.2949112e-02   2.3716984e-01
  -2.5615960e-02   2.2831272e-01
  -1.1549821e-02   2.2353197e-01
  -2.0500252e-02   2.2111339e-01
  -3.3311725e-02   2.1776483e-01
  -3.4630270e-02   2.1934534e-01
  -3.2144198e-02   2.1866068e-01
  -2.0651643e-02   2.1570872e-01
  -1.8012053e-02   2.1426385e-01
  -1.6692211e-02   2.1247379e-01
  -1.2872769e-02   2.0465950e-01
  -6.4191345e-03   2.0404597e-01
   7.7417341e-03   1.9877928e-01
   7.7945029e-03   1.9388640e-01
   0.0000000e+00   1.9123344e-01
   0.0000000e+00   1.8704684e-01
  -2.6336751e-03   1.7199964e-01
   2.0341037e-02  -7.3750349e-02
   2.5847545e-02  -8.1532602e-02
   2.3070221e-02  -9.0658514e-02
   1.8817889e-02  -9.9080063e-02
   2.2847417e-02  -9.6147442e-02
   3.3431035e-02  -1.0260596e-01
   3.4631185e-02  -1.1444215e-01
   2.9217668e-02  -1.1703672e-01
   2.6430670e-02  -1.2760480e-01
   1.5909619e-02  -1.3222038e-01
   5.3061676e-03  -1.3829846e-01
   1.5819045e-02  -1.4819113e-01
   2.7636252e-02  -1.5640192e-01
   1.1718719e-02  -1.6192110e-01
   3.2207175e-02  -1.7337251e-01
   3.0927606e-02  -1.7281747e-01
   3.5815228e-02  -1.7566200e-01
   2.7036994e-02  -1.7265670e-01
   3.0592064e-02  -1.8050440e-01
   3.0892609e-02  -1.7505459e-01
   2.9512529e-02  -1.8867598e-01
   2.5630256e-02  -1.9469434e-01
   1.9361509e-02  -1.9628939e-01
   2.5760157e-02  -2.0540473e-01
   2.7028281e-02  -2.0137286e-01
   2.4344927e-02  -2.0036648e-01
   2.6945042e-02  -2.0323023e-01
   2.8449464e-02  -1.9475883e-01
   4.1259973e-02  -2.0172099e-01
   3.6205834e-02  -2.0563037e-01
   4.6576238e-02  -1.9925605e-01
   5.9450123e-02  -1.9383216e-01
   6.2227629e-02  -1.8625805e-01
   5.3390737e-02  -1.7782266e-01
   5.1945246e-02  -1.7729257e-01
   4.9452451e-02  -1.6293367e-01
   5.2021045e-02  -1.6219649e-01
   6.0939229e-02  -1.6222093e-01
   7.6791214e-02  -1.5612435e-01
   7.3333180e-02  -1.5596568e-01
   8.0549618e-02  -1.4637503e-01
   7.8961264e-02  -1.3632460e-01
   8.5009503e-02  -1.3625730e-01
   7.9157770e-02  -1.3118492e-01
   6.3004885e-02  -1.2747112e-01
   6.1527293e-02  -1.2663233e-01
   5.4397907e-02  -1.2716421e-01
  -8.0222993e-03   6.4764544e-02
  -1.1902045e-02   7.4147266e-02
  -2.5010004e-02   8.1089242e-02
  -2.7432527e-02   9.7896658e-02
  -2.7231331e-02   1.1989591e-01
  -2.5875688e-02   1.3349133e-01
  -2.5961538e-02   1.4219424e-01
  -2.4836701e-02   1.4445393e-01
  -2.7510001e-02   1.3940926e-01
  -5.2976526e-03   1.5138086e-01
   0.0000000e+00   1.4524823e-01
  -2.3804672e-02   1.5234005e-01
  -1.7119141e-02   1.6576373e-01
  -2.1026631e-02   1.6786399e-01
  -3.3943111e-02   1.6478212e-01
  -3.3755790e-02   1.6991185e-01
  -4.2701553e-02   1.8036367e-01
  -3.3849400e-02   1.9173695e-01
  -3.6190929e-02   2.0101715e-01
  -4.5298016e-02   2.0579294e-01
  -5.6440526e-02   2.0879829e-01
  -5.6264104e-02   2.0548878e-01
  -6.1557979e-02   2.0037055e-01
  -5.8021838e-02   2.0161712e-01
  -6.6865119e-02   2.1319713e-01
  -8.1300835e-02   2.0871203e-01
  -6.8264417e-02   2.0514979e-01
  -6.1703653e-02   2.0154366e-01
  -5.6482229e-02   1.9871442e-01
  -5.7561609e-02   2.0491498e-01
  -6.2319612e-02   2.0609612e-01
  -5.0920538e-02   1.9752205e-01
  -4.8610309e-02   1.9420202e-01
  -4.7348716e-02   1.8803134e-01
  -4.3653648e-02   1.8562377e-01
  -4.9922709e-02   1.8932525e-01
  -3.9777829e-02   1.8489599e-01
  -3.6090890e-02   1.8396737e-01
  -3.3451791e-02   1.9111275e-01
  -4.7604256e-02   1.8167879e-01
  -4.0125360e-02   1.7981169e-01
  -2.8604422e-02   1.7700681e-01
  -3.2771547e-02   1.6675503e-01
  -3.6848949e-02   1.6066545e-01
  -3.5761616e-02   1.4889839e-01
  -3.1904324e-02   1.4522631e-01
  -1.8633835e-02   1.3998583e-01
  -2.9288730e-02   1.3939606e-01
   6.2132784e-02  -8.5494431e-02
   8.6666650e-02  -9.0864921e-02
   8.9744845e-02  -9.0651795e-02
   9.4634666e-02  -9.6504089e-02
   8.7625136e-02  -1.0562346e-01
   8.7269896e-02  -1.0870071e-01
   6.9289625e-02  -1.1319837e-01
   6.8560442e-02  -1.2303377e-01
   6.6125358e-02  -1.2815990e-01
   6.3598372e-02  -1.4096734e-01
   7.9704491e-02  -1.4428487e-01
   8.0611265e-02  -1.4227563e-01
   8.3077480e-02  -1.4014120e-01
   7.7632611e-02  -1.3331433e-01
   7.3670845e-02  -1.3627467e-01
   7.6719848e-02  -1.3764539e-01
   6.4797130e-02  -1.4548920e-01
   7.9233151e-02  -1.5306372e-01
   7.9656377e-02  -1.5026967e-01
   9.4835723e-02  -1.5191343e-01
   8.4431181e-02  -1.4619987e-01
   6.8473175e-02  -1.4360987e-01
   8.3939294e-02  -1.5251337e-01
   9.1912068e-02  -1.4540945e-01
   1.0061962e-01  -1.4937570e-01
   8.8807101e-02  -1.5298460e-01
   8.5360727e-02  -1.6100773e-01
   9.2776141e-02  -1.7057816e-01
   7.7313451e-02  -1.7071218e-01
   7.0988337e-02  -1.6741266e-01
   7.3792727e-02  -1.6733545e-01
   7.2412165e-02  -1.7570643e-01
   7.5030847e-02  -1.8259140e-01
   8.4632484e-02  -1.9318351e-01
   8.7410457e-02  -1.9054057e-01
   8.2617563e-02  -1.8272024e-01
   7.7054078e-02  -1.7925869e-01
   6.7042595e-02  -1.7949524e-01
   6.5612386e-02  -1.7784886e-01
   8.1023631e-02  -1.7643413e-01
   8.1246768e-02  -1.6900759e-01
   8.2543028e-02  -1.7083999e-01
   8.1402656e-02  -1.6510312e-01
   8.0494725e-02  -1.5929413e-01
   6.8264655e-02  -1.5277412e-01
   6.5030040e-02  -1.4422774e-01
   6.2822860e-02  -1.4656541e-01
   5.5568144e-02   5.0763113e-02
   5.1814878e-02   5.6810532e-02
   5.7188358e-02   6.4185333e-02
   5.7026874e-02   6.8023547e-02
   5.7326915e-02   6.7229780e-02
   6.5631401e-02   7.3129723e-02
   5.8552785e-02   8.5631894e-02
   5.1474796e-02   8.9851724e-02
   3.6240233e-02   1.0358123e-01
   3.6117055e-02   1.1376954e-01
   3.0721305e-02   1.2069605e-01
   3.2069825e-02   1.3028646e-01
   3.6185207e-02   1.3309235e-01
   3.0906846e-02   1.3408772e-01
   3.7735302e-02   1.3448243e-01
   2.8725513e-02   1.4597518e-01
   3.6609360e-02   1.3474098e-01
   3.5014076e-02   1.3377808e-01
   2.3977455e-02   1.4984189e-01
   2.1203338e-02   1.5452124e-01
   1.4473588e-02   1.7559668e-01
   1.5767583e-02   1.8607821e-01
   5.2324574e-03   1.9798394e-01
   3.9198702e-03   1.9450728e-01
  -1.3077614e-03   1.9663234e-01
  -1.3094767e-03   1.9241016e-01
  -5.2332928e-03   1.8838288e-01
  -1.0489056e-02   1.8437011e-01
  -1.8164178e-02   1.9615115e-01
  -2.3279023e-02   2.0183982e-01
  -3.3343514e-02   2.1277127e-01
  -2.8229261e-02   2.1357826e-01
  -3.2215273e-02   2.0807922e-01
  -2.5832921e-02   2.0931281e-01
  -2.9628186e-02   2.0865968e-01
  -2.8428616e-02   2.0680504e-01
  -4.0962812e-02   2.1750432e-01
  -4.5922806e-02   2.1987350e-01
  -4.7323273e-02   2.2053598e-01
  -4.3387503e-02   2.2261357e-01
  -4.5972027e-02   2.2476206e-01
  -5.2189816e-02   2.2985031e-01
  -6.6818025e-02   2.4314918e-01
  -7.4759111e-02   2.3842544e-01
  -7.4113043e-02   2.3809501e-01
  -6.8803689e-02   2.4415414e-01
  -7.3937150e-02   2.3540438e-01
  -7.6026214e-02   2.3841073e-01
   5.4438084e-03   5.6169751e-02
   8.1450692e-03   3.9515406e-02
   2.7280174e-03   2.1516640e-02
   1.6429885e-02  -2.2716370e-03
   3.2888503e-02  -9.6621070e-03
   2.7379763e-02  -9.0853523e-03
   2.1836626e-02  -1.0190780e-02
   2.3101933e-02  -1.6352085e-02
   2.8593481e-02  -1.7513727e-02
   3.5365800e-02  -1.7493992e-02
   3.9633120e-02  -2.2685245e-02
   4.6383044e-02  -3.1722113e-02
   5.0430265e-02  -3.9648321e-02
   5.7142482e-02  -5.7820015e-02
   3.9403690e-02  -6.4652950e-02
   3.1135741e-02  -6.7860477e-02
   2.6947342e-02  -7.0971551e-02
   1.3442848e-02  -7.6538848e-02
   2.5597260e-02  -8.7660625e-02
   4.1744852e-02  -9.6308880e-02
   4.8405558e-02  -9.7892701e-02
   6.1531551e-02  -1.0781530e-01
   5.9913573e-02  -1.0671844e-01
   4.2287046e-02  -1.0825997e-01
   2.3776487e-02  -1.1814086e-01
   2.2518828e-02  -1.2674203e-01
   2.7797792e-02  -1.3855469e-01
   3.3114345e-02  -1.4648436e-01
   3.1730612e-02  -1.4377971e-01
   3.5425618e-02  -1.4740303e-01
   3.0170668e-02  -1.5463586e-01
   1.9833687e-02  -1.5048969e-01
   1.4472474e-02  -1.6128814e-01
   1.7078604e-02  -1.6225543e-01
   1.9714111e-02  -1.5925290e-01
   2.4838226e-02  -1.6198642e-01
   2.0997511e-02  -1.6022170e-01
   3.0382361e-02  -1.5703028e-01
   3.5836204e-02  -1.5106307e-01
   3.0469289e-02  -1.5077183e-01
   2.7700649e-02  -1.5130186e-01
   3.6608663e-02  -1.6997224e-01
   4.0331528e-02  -1.7770848e-01
   4.2985573e-02  -1.7731003e-01
   4.2983412e-02  -1.7543321e-01
   5.2094414e-02  -1.7164631e-01
   5.4542508e-02  -1.7727779e-01
