   3.6003973e-02   2.9346609e-02
   5.0634775e-02   2.6542559e-02
   5.4638406e-02   3.5420934e-02
   6.7943961e-02   2.8738234e-02
   7.7121450e-02   2.8119718e-02
   8.1383809e-02   2.3221864e-02
   8.5126995e-02   2.4251546e-02
   8.2378498e-02   2.5332094e-02
   7.4770572e-02   2.6019442e-02
   8.3843862e-02   2.9242614e-02
   1.0239039e-01   2.7534140e-02
   1.1457217e-01   2.8671363e-02
   1.2779344e-01   2.6416686e-02
   1.2641114e-01   3.0822310e-02
   1.1732757e-01   3.0901951e-02
   1.0400052e-01   3.0374621e-02
   1.0250572e-01   2.5907495e-02
   1.0529473e-01   2.3170615e-02
   9.9544482e-02   2.6384902e-02
   1.0107491e-01   2.5884006e-02
   1.0505987e-01   2.6428788e-02
   9.8516446e-02   2.5361838e-02
   8.5271481e-02   2.7612821e-02
   7.5833973e-02   3.2564481e-02
   7.0357214e-02   3.4711331e-02
   7.4531680e-02   2.8702474e-02
   7.3090162e-02   2.3138469e-02
   7.9907229e-02   2.0418312e-02
   7.3323187e-02   1.9891594e-02
   6.5227901e-02   2.6504056e-02
   5.4729492e-02   2.8807957e-02
   5.2191451e-02   3.3341439e-02
   5.4621616e-02   2.8751118e-02
   5.8687602e-02   2.6562393e-02
   5.9852333e-02   2.4827634e-02
   5.7206224e-02   2.1519121e-02
   4.9321097e-02   2.1566618e-02
   4.9365951e-02   2.2694995e-02
   5.3299764e-02   2.6540541e-02
   6.1095863e-02   2.9762554e-02
   6.1159118e-02   2.9240145e-02
   6.1042149e-02   2.8632086e-02
   6.9174246e-02   2.2613283e-02
   7.0646418e-02   2.2104095e-02
   6.8042201e-02   2.3234551e-02
   6.5289126e-02   2.7082897e-02
   6.7929674e-02   3.0948867e-02
   8.2431855e-02   2.9215655e-02
   8.1110491e-02   2.8114853e-02
   7.4546172e-02   2.6494591e-02
   7.3375799e-02   2.3782835e-02
   7.3387553e-02   2.1570478e-02
   6.3916081e-02   2.2639949e-02
   7.5937369e-02   2.8729169e-02
   9.0427025e-02   2.7000499e-02
   9.0296048e-02   3.1928427e-02
   8.2418786e-02   3.0869372e-02
   7.6004421e-02   2.9863553e-02
   5.7248576e-02   2.4854222e-02
   5.5930924e-02   2.1541217e-02
   4.9315255e-02   2.3225589e-02
   5.3156481e-02   2.3154441e-02
   5.1809098e-02   2.7565866e-02
   5.3297245e-02   2.7093469e-02
   4.3931023e-02   2.5968455e-02
   3.2011419e-02   2.6580049e-02
   2.1363021e-02   2.6056137e-02
   2.6656895e-02   2.3236569e-02
   3.0625219e-02   2.3212182e-02
   4.1324632e-02   2.1017809e-02
   4.3976332e-02   2.5441023e-02
   3.8592787e-02   2.9839700e-02
   3.4535988e-02   2.8680247e-02
   2.8003090e-02   2.9350741e-02
   2.5371975e-02   2.4391724e-02
   2.9351538e-02   2.3258589e-02
   3.1922623e-02   2.4292999e-02
   3.3289625e-02   2.2658451e-02
   2.7880851e-02   2.2593599e-02
   2.5269869e-02   2.5399881e-02
   2.6655790e-02   2.3789821e-02
   2.8005932e-02   2.8243166e-02
   3.7341243e-02   2.8238430e-02
   4.4004856e-02   2.9341446e-02
   5.3357261e-02   2.5459804e-02
   5.8404736e-02   2.5330588e-02
   6.1059497e-02   2.5328384e-02
   3.8592787e-02   2.9839700e-02
   3.2074728e-02   2.6632705e-02
   3.8737777e-02   1.9952173e-02
   4.7944338e-02   2.0441193e-02
   5.3313789e-02   2.3222973e-02
   5.3336436e-02   2.9887596e-02
   5.0575069e-02   2.8726094e-02
   5.2020968e-02   2.6014282e-02
   4.9343785e-02   2.8230359e-02
   4.8007757e-02   2.8784922e-02
   5.4750051e-02   2.4375964e-02
   6.5376529e-02   2.2683561e-02
   6.4047319e-02   2.1578068e-02
   6.3973897e-02   2.3767746e-02
   6.0065871e-02   2.9357015e-02
   5.4774978e-02   3.0500103e-02
   4.6759127e-02   3.0506924e-02
   3.7274808e-02   2.5972311e-02
   3.7394944e-02   2.2723943e-02
   3.6025227e-02   2.2148384e-02
   5.4881312e-02   1.8318187e-02
   4.5490406e-02   2.4985791e-02
   5.6032428e-02   2.3797476e-02
   5.7443806e-02   3.1052092e-02
   6.5612538e-02   2.7217053e-02
   7.2214012e-02   3.0511804e-02
   8.5417999e-02   3.0434010e-02
   9.7943357e-02   2.7231738e-02
   1.1106435e-01   2.3254632e-02
   1.1249441e-01   2.5492396e-02
   1.2075787e-01   2.6639662e-02
   1.2022457e-01   3.1510181e-02
   1.1775832e-01   3.3793751e-02
   1.2041998e-01   3.4895664e-02
   1.2693106e-01   2.9285744e-02
   1.3356886e-01   2.0966789e-02
   1.3531088e-01   2.0473249e-02
   1.3404861e-01   2.6034713e-02
   1.2864862e-01   2.9369560e-02
   1.3397994e-01   3.1574013e-02
   1.4580288e-01   2.7616783e-02
   1.5261092e-01   2.9839191e-02
   1.5679051e-01   2.9305452e-02
   1.6078488e-01   3.0953525e-02
   1.5843634e-01   2.9913628e-02
   1.5564348e-01   2.6569866e-02
   1.6117807e-01   2.6029874e-02
   1.6483958e-01   2.8732358e-02
   1.7349163e-01   3.3258444e-02
   1.7817297e-01   3.2559626e-02
   1.8210827e-01   2.7004094e-02
   1.8651257e-01   2.5942104e-02
   1.9500949e-01   2.2103223e-02
   1.8779874e-01   2.9249898e-02
   1.9062929e-01   3.1479535e-02
   1.8115622e-01   3.5378818e-02
   1.5822573e-01   3.3204742e-02
   1.5287995e-01   3.2112473e-02
   1.6660742e-01   2.1588955e-02
   1.6104669e-01   2.3791203e-02
   1.6829847e-01   2.0519589e-02
   1.8134185e-01   2.4875731e-02
   1.8441184e-01   3.4364954e-02
   1.9695411e-01   3.2725433e-02
   2.1765677e-01   3.3070914e-02
   2.1584498e-01   3.4662511e-02
   2.1519613e-01   3.2561539e-02
   2.2897374e-01   2.8128704e-02
   2.2405497e-01   2.7095939e-02
   2.2315261e-01   2.7541598e-02
   2.2893785e-01   2.9783334e-02
   2.2321193e-01   3.4736122e-02
   2.3650773e-01   3.1345604e-02
   2.5773762e-01   3.1774799e-02
   2.6261916e-01   2.9103271e-02
   2.6038731e-01   3.1371860e-02
   2.6257644e-01   3.0750626e-02
   2.6483395e-01   3.5823839e-02
   2.8467819e-01   2.8378238e-02
   2.9500817e-01   3.6104339e-02
   3.1542328e-01   2.9989879e-02
   3.2878886e-01   3.3186389e-02
   3.4168236e-01   3.0337845e-02
   3.6793166e-01   3.1333359e-02
   3.8396444e-01   3.4467514e-02
   3.9163274e-01   3.4918063e-02
   3.9253041e-01   4.0401708e-02
   3.8959949e-01   4.0800587e-02
   3.8466461e-01   3.9805747e-02
   3.9194511e-01   3.2899290e-02
   4.0020611e-01   3.2746260e-02
   4.1320641e-01   3.1651808e-02
   4.2008218e-01   3.9024693e-02
   4.1905935e-01   4.0677073e-02
   4.1472642e-01   3.8533675e-02
   4.0449599e-01   3.8538234e-02
   3.9297856e-01   3.4908700e-02
   3.8583676e-01   3.1256832e-02
   3.7835866e-01   3.4608898e-02
   3.7090800e-01   3.3508363e-02
   3.6990499e-01   3.4089264e-02
   3.6363539e-01   3.7304180e-02
   3.5206336e-01   4.0714862e-02
   3.4712834e-01   3.7379772e-02
   3.2256711e-01   3.8045631e-02
   3.0651070e-01   3.2828831e-02
   2.8413686e-01   3.0107628e-02
   2.6834105e-01   2.6363066e-02
   2.5461460e-01   2.5837196e-02
   2.4422474e-01   3.0336922e-02
   2.4828619e-01   2.9769534e-02
   2.4099035e-01   3.2491589e-02
   2.3610248e-01   3.1472710e-02
   2.3044925e-01   3.2567281e-02
   2.3343028e-01   3.0378683e-02
   2.3227341e-01   3.2072259e-02
   2.3134927e-01   3.1947898e-02
   2.3103432e-01   2.7100062e-02
   2.2327895e-01   3.1979287e-02
   2.1379444e-01   3.2207708e-02
   1.7422123e-01   2.5742669e-02
   1.7069466e-01   1.4273632e-02
   1.6433627e-01   3.5302866e-02
   1.8088101e-01   2.6112486e-02
   1.6914031e-01   3.2098811e-02
   1.4500107e-01   3.9413250e-02
   1.4348614e-01   2.1034437e-02
   1.3989359e-01   3.1686070e-02
   1.2784429e-01   3.6757909e-02
   1.2489502e-01   2.7769566e-02
   1.2903235e-01   2.9456609e-02
   1.2887257e-01   1.9968805e-02
   1.1811544e-01   2.2203601e-02
   1.1282465e-01   2.6123867e-02
   1.0329466e-01   2.8890453e-02
   8.6153865e-02   3.4056337e-02
   8.0448961e-02   3.3929636e-02
   7.1243952e-02   2.8434906e-02
   6.4436285e-02   2.0036861e-02
   5.4980671e-02   2.1135536e-02
   3.4785226e-02   2.5547059e-02
   2.9521331e-02   2.5625702e-02
   4.0219998e-02   2.4482158e-02
   3.2274807e-02   2.3442941e-02
   2.9634845e-02   2.7405969e-02
   3.3450290e-02   2.4436930e-02
   3.2110875e-02   2.4992917e-02
   3.0762665e-02   2.8881372e-02
   3.2154236e-02   2.0014178e-02
   2.8106072e-02   2.0551096e-02
   3.7551833e-02   1.9475559e-02
   4.0172859e-02   2.6681310e-02
   3.4744761e-02   3.7209846e-02
   2.6783118e-02   3.6175754e-02
   1.7351455e-02   2.9938114e-02
   2.6759062e-03   2.4999951e-02
   4.0163079e-03   1.5555487e-02
   1.0710155e-02   1.5555066e-02
   1.0727936e-02   2.1152413e-02
   1.2030192e-02   2.4419247e-02
   1.4696510e-02   2.9968487e-02
   9.3338762e-03   2.9910262e-02
   1.3361164e-03   2.9415248e-02
  -7.9945868e-03   2.7114148e-02
  -9.3634878e-03   2.7777108e-02
   2.6694482e-03   1.6617178e-02
   6.6940276e-03   1.4999815e-02
   8.0462495e-03   2.0596055e-02
   9.3551289e-03   2.6639597e-02
   9.3630236e-03   2.8332650e-02
   3.9935449e-03   2.6534928e-02
  -9.3502735e-03   3.2189513e-02
  -2.1420204e-02   2.9469965e-02
  -1.6077118e-02   2.0018440e-02
  -1.4721686e-02   2.1109854e-02
  -2.1453363e-02   2.2820176e-02
  -2.3989194e-02   2.4343976e-02
  -2.6698657e-02   2.8271685e-02
  -3.4786781e-02   2.4991688e-02
  -4.5593727e-02   2.1141011e-02
  -4.4217997e-02   1.7785884e-02
  -4.6905917e-02   1.4450063e-02
  -5.6198889e-02   2.3868179e-02
  -4.9508545e-02   2.3872812e-02
  -5.6283773e-02   2.9477304e-02
  -6.3002849e-02   2.6134515e-02
  -6.5503237e-02   2.3282770e-02
  -7.3733427e-02   2.5012348e-02
  -8.0376684e-02   2.1649787e-02
  -8.8435995e-02   1.7757333e-02
  -9.7702060e-02   2.0501862e-02
  -1.0427884e-01   2.2134160e-02
  -9.9131244e-02   2.1629859e-02
  -1.0984386e-01   2.2170906e-02
  -1.0850430e-01   2.2172676e-02
  -1.1254376e-01   1.9396388e-02
  -1.3411369e-01   1.9387552e-02
  -1.4455574e-01   1.9333789e-02
  -1.6056825e-01   2.3721387e-02
  -1.6163565e-01   1.9268160e-02
  -1.5813153e-01   1.5465188e-02
  -1.5814774e-01   1.3255875e-02
  -1.5363578e-01   1.7628670e-02
  -1.4977603e-01   1.7651746e-02
  -1.5138183e-01   2.1000270e-02
  -1.5285521e-01   2.2677918e-02
  -1.6009265e-01   2.3651976e-02
  -1.5491562e-01   2.3135043e-02
  -1.6610535e-01   2.2077539e-02
  -1.9532351e-01   2.5841454e-02
  -2.1505376e-01   2.0259072e-02
  -1.9302116e-01   9.3586216e-03
  -1.6690995e-01   3.8480485e-03
  -1.3631252e-01   1.0481339e-02
  -1.8104714e-01   1.9861722e-02
  -2.1617892e-01   4.7172451e-02
  -1.8718147e-01   2.0890060e-02
  -1.6954800e-01   1.1541343e-02
  -2.0508498e-01   9.3465576e-03
  -2.4960066e-01   2.4655917e-02
  -2.2961923e-01   1.2013339e-02
  -2.1549369e-01   7.2178441e-03
  -1.4706995e-01  -7.0400527e-03
  -2.3563591e-01   1.4229176e-02
  -2.5849731e-01   4.3560150e-02
  -2.1477902e-01   5.0717757e-02
  -2.0159645e-01   1.0408777e-02
  -2.3592189e-01   1.0711452e-03
  -2.2140003e-01   7.6904853e-03
  -2.6259094e-01   3.0201507e-02
  -2.4654903e-01   4.3983059e-03
  -2.3641917e-01   8.6356682e-03
  -2.4738189e-01   1.8560767e-02
  -2.6246268e-01   2.6201456e-02
  -2.4859071e-01   2.5653009e-02
  -2.6025107e-01   1.4211325e-02
  -2.5495204e-01   6.5638773e-03
  -2.4436011e-01   2.1801997e-03
  -2.6287076e-01   2.0659902e-02
  -2.6688624e-01   1.9112748e-02
  -2.4957972e-01   2.3305166e-02
  -2.6838781e-01   2.4592389e-02
  -2.8677922e-01   2.8857290e-02
  -2.7517179e-01   1.9557741e-02
  -2.8010757e-01   8.1272582e-03
  -2.8121886e-01   8.1581702e-03
  -2.7448820e-01   1.1977043e-02
  -2.8009882e-01   9.2108926e-03
  -2.8708107e-01   1.4156406e-02
  -2.8905821e-01   2.1728943e-02
  -2.9503978e-01   1.9577097e-02
  -2.8885378e-01   1.7366681e-02
  -2.8065945e-01   1.3638553e-02
  -2.7102530e-01   9.7752191e-03
  -2.6218306e-01   1.1441242e-02
  -2.6339483e-01   1.8612788e-02
  -2.6150311e-01   2.0220062e-02
  -2.5746068e-01   2.1324831e-02
  -2.4897376e-01   1.8028968e-02
  -2.4209011e-01   1.4203411e-02
  -2.3065062e-01   2.0850524e-02
  -2.2177006e-01   1.5961191e-02
  -2.2291049e-01   1.4293888e-02
  -2.2110992e-01   1.5914885e-02
  -2.1324802e-01   1.8694386e-02
  -1.9679909e-01   1.5392735e-02
  -1.7973576e-01   1.7105383e-02
  -1.7133678e-01   1.8187285e-02
  -1.5929475e-01   1.7655172e-02
  -1.4889007e-01   1.6599064e-02
  -1.4391470e-01   2.1096644e-02
  -1.2651918e-01   2.5039757e-02
  -1.2722582e-01   2.5467853e-02
  -9.5357841e-02   1.0004915e-02
  -1.0349269e-01   1.6127937e-02
  -9.3579861e-02   2.2700640e-02
  -8.1761917e-02   2.7226336e-02
  -7.9061132e-02   3.0008079e-02
  -7.5198013e-02   2.8958972e-02
  -6.4310720e-02   1.9441680e-02
  -6.0076062e-02   1.1620542e-02
  -5.3720707e-02   1.1135462e-02
  -4.5603177e-02   1.7802956e-02
  -3.7595064e-02   3.0107816e-02
  -4.5590466e-02   3.3413720e-02
  -2.9475587e-02   3.1722038e-02
  -1.8748210e-02   2.6134515e-02
  -1.7437051e-02   1.7255021e-02
  -1.7436509e-02   1.7811634e-02
  -1.3413520e-02   1.6698976e-02
  -4.0226663e-03   2.2266303e-02
  -8.0308391e-03   3.1697551e-02
   0.0000000e+00   3.2318408e-02
   1.4759295e-02   2.6744667e-02
   1.6096224e-02   1.6698613e-02
   1.3409410e-02   2.1708669e-02
   2.5399214e-02   2.3306076e-02
   2.8148891e-02   2.6713862e-02
   2.9415631e-02   3.2214550e-02
   3.2066794e-02   2.9406945e-02
   3.6092116e-02   2.3856673e-02
   4.4295019e-02   2.1719637e-02
   5.6212144e-02   2.0537735e-02
   5.2186861e-02   2.3315888e-02
   5.1027223e-02   2.8983232e-02
   5.2197504e-02   3.2230058e-02
   6.5556773e-02   2.5525415e-02
   7.1042439e-02   2.6682677e-02
   7.5080550e-02   2.3899382e-02
   7.2311146e-02   2.6654851e-02
   7.7660039e-02   2.7759356e-02
   8.4450627e-02   2.6111869e-02
   8.5439923e-02   2.7667282e-02
   8.5944966e-02   2.8388596e-02
   9.2401893e-02   2.6075899e-02
   1.0695680e-01   2.1577478e-02
   1.0999059e-01   2.9989893e-02
   1.1667816e-01   3.1642852e-02
   1.1669734e-01   2.9977438e-02
   1.2223784e-01   2.4997134e-02
   1.2745430e-01   2.7737051e-02
   1.3015625e-01   2.6067917e-02
   1.3803639e-01   2.8795785e-02
   1.4639653e-01   2.6616510e-02
   1.4726390e-01   2.9299397e-02
   1.5963720e-01   2.8774114e-02
   1.6406751e-01   3.3841892e-02
   1.6309447e-01   3.1132920e-02
   1.7306089e-01   2.8186660e-02
   1.7830083e-01   2.4833613e-02
   1.8643744e-01   3.0357781e-02
   1.8382830e-01   3.5922092e-02
   1.7460958e-01   2.5998108e-02
   1.7186315e-01   2.9877689e-02
   1.8270104e-01   2.3767006e-02
   1.9158047e-01   3.1964959e-02
   2.0720619e-01   2.8724598e-02
   2.0965512e-01   3.0343060e-02
   2.1096362e-01   3.1993277e-02
   2.1346303e-01   3.0850590e-02
   2.0958285e-01   3.3653213e-02
   2.1597974e-01   2.8610326e-02
   2.2406220e-01   2.6934159e-02
   2.1911973e-01   2.7554758e-02
   2.1942313e-01   3.3682238e-02
   2.1695982e-01   3.3172814e-02
   2.2863239e-01   3.3060491e-02
   2.3786484e-01   3.0790441e-02
   2.4079190e-01   3.0809649e-02
   2.3027205e-01   3.0329861e-02
   2.3094111e-01   2.9687034e-02
   2.3048888e-01   3.0911317e-02
   2.3720136e-01   3.1988343e-02
   2.4372479e-01   3.0828743e-02
   2.4858771e-01   3.1845678e-02
   2.4796879e-01   3.2494511e-02
   2.5180407e-01   3.0795904e-02
   2.5309220e-01   3.2989647e-02
   2.6769603e-01   3.0697851e-02
   2.7065571e-01   3.0715560e-02
   2.7350776e-01   3.4574795e-02
   2.7210799e-01   3.6228261e-02
   2.7515651e-01   3.2789602e-02
   2.8031254e-01   3.2347664e-02
   2.8976303e-01   3.1754368e-02
   2.9435829e-01   3.2891768e-02
   2.9278360e-01   3.0676034e-02
   2.9490982e-01   3.0058266e-02
   3.0598754e-01   3.0035861e-02
   3.0610949e-01   3.5530716e-02
   3.0513647e-01   3.7064746e-02
   3.1424063e-01   3.4392271e-02
   3.2140158e-01   3.1657341e-02
   3.3026882e-01   2.9371338e-02
   3.3392460e-01   3.0952313e-02
   3.4526009e-01   3.4209937e-02
   3.7842976e-01   3.2986606e-02
   3.9103943e-01   3.5530234e-02
   3.9612238e-01   4.1407269e-02
   4.0229214e-01   3.6986628e-02
   4.0986241e-01   3.6467050e-02
   4.1264099e-01   3.4838726e-02
   4.2073199e-01   3.4779707e-02
   4.2008218e-01   3.9024693e-02
   4.1217591e-01   3.5877852e-02
   4.0341045e-01   3.8701216e-02
   3.9403098e-01   3.2721552e-02
   3.8032556e-01   3.3987162e-02
   3.7280342e-01   3.7892795e-02
   3.6126430e-01   3.2041372e-02
   3.3442799e-01   3.5363063e-02
   3.1160066e-01   3.2768996e-02
   3.0864901e-01   3.1114584e-02
   2.9962495e-01   2.7360598e-02
   2.8630696e-01   3.1285879e-02
   2.7084656e-01   3.3490180e-02
   2.6196747e-01   3.2497907e-02
   2.6271251e-01   3.5177429e-02
   2.6305515e-01   3.2460463e-02
   2.4195384e-01   3.2617883e-02
   2.3047590e-01   3.1463305e-02
   2.2760327e-01   2.9236598e-02
   2.2775394e-01   3.2578044e-02
   2.1427737e-01   3.2630113e-02
   2.0468627e-01   3.0420513e-02
   1.9416704e-01   2.7159851e-02
   1.8453517e-01   2.7713673e-02
   1.9499362e-01   2.3208384e-02
   1.8990378e-01   2.8806533e-02
   1.8075536e-01   3.3335089e-02
   1.6841611e-01   3.5007563e-02
   1.6195126e-01   2.8384544e-02
   1.4248790e-01   2.8316881e-02
   1.3999683e-01   2.3347630e-02
   1.3880031e-01   2.2260090e-02
   1.2797483e-01   2.6733025e-02
   1.2107523e-01   3.0615274e-02
   1.1706287e-01   3.7899085e-02
   1.2474543e-01   2.9961543e-02
   1.1137593e-01   2.5544873e-02
   1.0336654e-01   2.0001083e-02
   1.0480544e-01   2.1131544e-02
   1.0501031e-01   2.1730666e-02
   9.0213500e-02   3.1816921e-02
   8.8581675e-02   3.3950627e-02
   7.6573684e-02   3.4560389e-02
   8.2013695e-02   2.6192880e-02
   7.2428576e-02   1.7787514e-02
   6.7328765e-02   1.8420195e-02
   5.9013983e-02   1.8352236e-02
   2.8151930e-02   3.5653909e-02
   3.4942520e-02   3.0697564e-02
   3.3623644e-02   2.1767915e-02
   3.2155360e-02   1.9458228e-02
   2.6820832e-02   2.0592352e-02
   2.5454522e-02   2.0572307e-02
   9.3868234e-03   3.2874824e-02
   1.3400192e-02   3.0058157e-02
   1.7372142e-02   2.7747945e-02
   1.4763233e-02   2.3401583e-02
   5.3419179e-03   2.3286946e-02
  -1.2044560e-02   2.1665803e-02
  -2.4087226e-02   2.2774147e-02
  -2.9523957e-02   2.4511541e-02
  -2.6790118e-02   2.2795902e-02
  -4.0240461e-02   3.0076155e-02
  -4.0298188e-02   2.5088404e-02
  -4.4210485e-02   2.0564929e-02
  -5.2259255e-02   1.7226410e-02
  -5.3527169e-02   2.2759865e-02
  -4.8172487e-02   2.3318467e-02
  -5.3566315e-02   2.6116445e-02
  -5.3462805e-02   2.5510190e-02
  -5.2100910e-02   1.8283404e-02
  -5.7596400e-02   2.3335240e-02
  -4.9674720e-02   1.8375611e-02
  -5.3474206e-02   2.2737343e-02
  -6.0270200e-02   2.4444324e-02
  -6.5692663e-02   2.4464039e-02
  -6.8238592e-02   2.4413217e-02
  -7.6273105e-02   2.3296117e-02
  -7.2344430e-02   2.0546448e-02
  -6.9547062e-02   1.5519543e-02
  -7.7634421e-02   1.8857698e-02
  -7.5023853e-02   2.0544226e-02
  -8.1769655e-02   2.6115057e-02
  -9.3939863e-02   2.4458157e-02
  -1.0043215e-01   2.6619420e-02
  -1.0728333e-01   2.0531604e-02
  -1.1517800e-01   2.4934063e-02
  -1.0853845e-01   1.7183824e-02
  -1.1951225e-01   1.4431086e-02
  -1.3073929e-01   1.9489130e-02
  -1.3015015e-01   2.6622553e-02
  -1.2239474e-01   2.1129565e-02
  -1.2483617e-01   2.1084049e-02
  -1.3822580e-01   2.4389657e-02
  -1.2864577e-01   1.6054322e-02
  -1.4758588e-01   2.7141391e-02
  -1.4340516e-01   1.3271862e-02
  -1.4648464e-01   1.8298851e-02
  -1.4694134e-01   1.6128438e-02
  -1.5390853e-01   2.0975048e-02
  -1.6034164e-01   2.3887737e-02
  -1.6711864e-01   2.0542287e-02
  -1.6933632e-01   1.7709689e-02
  -1.7891615e-01   1.8264847e-02
  -1.9507727e-01   1.6577417e-02
  -1.8837619e-01   1.3824108e-02
  -2.0162563e-01   1.4342802e-02
  -2.1253265e-01   1.9303338e-02
  -2.1764728e-01   2.2576521e-02
  -2.2061841e-01   1.8183261e-02
  -2.2489922e-01   1.6538341e-02
  -2.3384540e-01   1.7586453e-02
  -2.5398787e-01   1.8636803e-02
  -2.6712255e-01   2.0770853e-02
  -2.7988001e-01   1.3120640e-02
  -2.8015332e-01   8.7120548e-03
  -2.8130552e-01   1.0931695e-03
  -2.9879434e-01   1.7531217e-02
  -2.9668581e-01   1.9047394e-02
  -3.0094439e-01   2.2319766e-02
  -3.0669269e-01   1.9055251e-02
  -3.0038927e-01   1.0910703e-02
  -3.0217898e-01   1.0875068e-02
  -3.1323467e-01   1.0866593e-02
  -3.1757067e-01   1.1956630e-02
  -3.1825976e-01   1.3558446e-02
  -3.2763406e-01   1.5161539e-02
  -3.2662494e-01   1.4637144e-02
  -3.2533386e-01   1.0844794e-02
  -3.3543077e-01   9.2205606e-03
  -3.3776247e-01   1.1374084e-02
  -3.4835427e-01   2.0542512e-02
  -3.5346701e-01   1.6726481e-02
  -3.5962739e-01   1.2960921e-02
  -3.6640120e-01   1.0247895e-02
  -3.6802891e-01   6.9886984e-03
  -3.6742940e-01   5.3872609e-03
  -3.6330578e-01   1.2939183e-02
  -3.6120504e-01   1.9454666e-02
  -3.4175957e-01   1.4072231e-02
  -3.4582135e-01   1.2439609e-02
  -3.4843780e-01   1.6758365e-02
  -3.4142557e-01   1.4658149e-02
  -3.3536616e-01   1.4102034e-02
  -3.3808263e-01   1.2419456e-02
  -3.2769023e-01   7.6111124e-03
  -3.2598930e-01   1.0321986e-02
  -3.2326814e-01   1.2500707e-02
  -3.0498885e-01   1.4748054e-02
  -2.9520384e-01   1.7488446e-02
  -2.8974022e-01   2.1331685e-02
  -2.7494242e-01   1.8545309e-02
  -2.7366140e-01   1.5900111e-02
  -2.6425326e-01   1.3725378e-02
  -2.4946017e-01   9.9022364e-03
  -2.4986371e-01   1.8189241e-02
  -2.3565068e-01   1.8168106e-02
  -2.1896247e-01   2.2154905e-02
  -2.0469869e-01   1.6576820e-02
  -1.8605587e-01   1.3854970e-02
  -1.8101000e-01   1.5556375e-02
  -1.6983780e-01   1.8316999e-02
  -1.5883585e-01   2.3867007e-02
  -1.5225719e-01   2.3904115e-02
  -1.4429072e-01   2.6170613e-02
  -1.3210035e-01   1.7816916e-02
  -1.2538548e-01   1.3926040e-02
  -1.1168017e-01   1.3910578e-02
  -1.0100264e-01   1.6719696e-02
  -9.4570765e-02   2.7987353e-02
  -7.5343777e-02   2.9574606e-02
  -6.6070730e-02   2.7407117e-02
  -5.7888024e-02   2.2334733e-02
  -4.4481329e-02   1.8451514e-02
  -4.0322968e-02   1.5610563e-02
  -3.7655492e-02   2.2882411e-02
  -2.2946501e-02   2.6903012e-02
  -1.3441569e-02   2.9031458e-02
  -1.6145095e-02   2.9618635e-02
  -5.3797831e-03   2.1774503e-02
   0.0000000e+00   2.2377622e-02
   9.3972881e-03   1.9502015e-02
   1.8787146e-02   2.5072194e-02
   1.4784956e-02   2.9589447e-02
   1.6112170e-02   3.0117371e-02
   1.4757130e-02   2.8416208e-02
   2.5529530e-02   2.1191425e-02
   3.7554353e-02   1.8362670e-02
   4.1608847e-02   2.2277961e-02
   4.3060195e-02   2.7929872e-02
   4.4350121e-02   3.0691269e-02
   4.9772628e-02   3.1276089e-02
   5.7698133e-02   2.6165116e-02
   6.3139330e-02   2.3957827e-02
   6.9870291e-02   2.1166848e-02
   8.0439996e-02   2.4449594e-02
   7.7721113e-02   3.0009807e-02
   7.9200623e-02   3.2294883e-02
   8.8647940e-02   2.6158680e-02
   9.6728150e-02   2.3366288e-02
   1.0321260e-01   2.6641756e-02
   1.1126035e-01   2.6074427e-02
   1.1543830e-01   3.2788299e-02
   1.1146545e-01   2.7793634e-02
   1.2490114e-01   2.7214175e-02
   1.2473872e-01   3.0516386e-02
   1.3401592e-01   2.8804363e-02
   1.3937655e-01   2.8792871e-02
   1.4180360e-01   2.6520434e-02
   1.4602987e-01   3.2098419e-02
   1.5064604e-01   3.2214550e-02
   1.6396991e-01   2.9928963e-02
   1.7294599e-01   2.4294121e-02
   1.7445207e-01   2.4867446e-02
   1.7202471e-01   3.0460834e-02
   1.7335912e-01   3.1010769e-02
   1.7837006e-01   3.1486671e-02
   1.8218123e-01   3.3098517e-02
   1.9523817e-01   3.1558732e-02
   2.0937487e-01   3.3620484e-02
   2.0310314e-01   3.2053247e-02
   2.0027938e-01   2.8717753e-02
   2.0663983e-01   2.5886898e-02
   2.1510776e-01   2.6464988e-02
   2.1097564e-01   3.1441669e-02
   2.1375835e-01   3.6430417e-02
   2.1876989e-01   3.3584182e-02
   2.1080089e-01   2.9757885e-02
   2.1353019e-01   2.7545169e-02
   2.1732123e-01   2.8605867e-02
   2.0804516e-01   3.3074311e-02
   2.1751430e-01   2.9734930e-02
   2.2018779e-01   3.0276035e-02
   2.1498232e-01   3.2529881e-02
   2.2848266e-01   2.9725605e-02
   2.2447420e-01   2.8638649e-02
   2.1544733e-01   3.0935974e-02
   2.2078256e-01   3.3124805e-02
   2.3250215e-01   3.0261039e-02
   2.2445061e-01   2.9740135e-02
   2.1964174e-01   3.3715049e-02
   2.2336356e-01   2.8119718e-02
   2.2040666e-01   3.0305435e-02
   2.1098746e-01   3.0890061e-02
   2.0867879e-01   3.2618265e-02
   2.1559925e-01   3.3730972e-02
   2.3684272e-01   2.6972309e-02
   2.3323367e-01   2.6328759e-02
   2.4532922e-01   3.0302223e-02
   2.6182277e-01   2.9567012e-02
   2.6472740e-01   3.1227884e-02
   2.5700009e-01   3.7367793e-02
   2.5832806e-01   3.7910330e-02
   2.6520832e-01   3.2934688e-02
   2.8823753e-01   2.7900991e-02
   2.9093134e-01   2.7889548e-02
   2.9733883e-01   2.8925553e-02
   3.0589987e-01   3.2766394e-02
   3.1498081e-01   3.3774751e-02
   3.2837934e-01   3.5329201e-02
   3.3691411e-01   3.2053508e-02
   3.4384502e-01   3.5847595e-02
   3.6049503e-01   3.0774532e-02
   3.5986587e-01   3.0839658e-02
   3.5801026e-01   3.4603284e-02
   3.5886090e-01   3.9580158e-02
   3.6324877e-01   3.7809578e-02
   3.6428186e-01   3.6685917e-02
   3.6619762e-01   3.1852016e-02
   3.5964368e-01   3.6250125e-02
   3.5039067e-01   3.1976856e-02
   3.4296791e-01   3.2627203e-02
   3.1636526e-01   3.2677992e-02
   3.1372754e-01   3.1057844e-02
   3.0999682e-01   3.1107802e-02
   3.0194366e-01   3.0055203e-02
   2.9513676e-01   3.2275091e-02
   2.9775968e-01   3.4448772e-02
   2.8967571e-01   3.4491814e-02
   2.8297402e-01   3.3430803e-02
   2.7469535e-01   3.0697675e-02
   2.6237148e-01   2.8526696e-02
   2.4982896e-01   3.1999938e-02
   2.4619962e-01   2.9688565e-02
   2.4096159e-01   3.3592999e-02
   2.4746094e-01   3.2981461e-02
   2.4389665e-01   3.3613826e-02
   2.3311669e-01   3.3660008e-02
   2.2512201e-01   2.9826938e-02
   2.1692341e-01   2.4303041e-02
   2.1126408e-01   2.7607278e-02
   2.1182961e-01   3.1010769e-02
   2.1561225e-01   3.3178005e-02
   2.0993378e-01   3.6482700e-02
   2.0302939e-01   3.5369100e-02
   1.9394428e-01   2.8794490e-02
   1.7238591e-01   2.9410872e-02
   1.6474572e-01   2.1144214e-02
   1.4944347e-01   2.1108400e-02
   1.4386672e-01   2.5538043e-02
   1.3868642e-01   3.1720628e-02
   1.2512449e-01   2.9493993e-02
   1.3312862e-01   3.4482798e-02
   1.4932582e-01   1.7757987e-02
   1.1211656e-01   2.9637161e-02
   1.0474009e-01   2.8916850e-02
   1.1284476e-01   2.3900559e-02
   1.0375486e-01   2.3427294e-02
   1.0203824e-01   3.0589775e-02
   7.5150999e-02   3.5084909e-02
   7.5444856e-02   2.5694089e-02
   6.2753873e-02   2.6031236e-02
   4.9972743e-02   1.8485824e-02
   5.2298687e-02   2.1137204e-02
   4.1515794e-02   2.5568821e-02
   4.5774703e-02   3.2987970e-02
   3.7701164e-02   3.1875644e-02
   2.0186432e-02   2.6823342e-02
   2.9499553e-02   2.2261079e-02
   2.9537270e-02   1.7826575e-02
   1.7464805e-02   2.3424331e-02
   0.0000000e+00   2.7860697e-02
  -9.3922787e-03   2.6745620e-02
  -4.0248727e-03   2.7860572e-02
  -1.3406666e-02   2.4491832e-02
  -1.8810515e-02   2.1750874e-02
  -2.2707540e-02   2.0511946e-02
  -2.9594168e-02   1.8978486e-02
  -2.8128475e-02   2.3351427e-02
  -3.6299434e-02   2.6789896e-02
  -4.0366908e-02   2.8490227e-02
  -2.9581409e-02   2.5118584e-02
  -3.8930255e-02   2.0051355e-02
  -4.1492852e-02   1.9435256e-02
  -4.5593727e-02   2.1141011e-02
  -6.0520187e-02   2.2310558e-02
  -6.9873303e-02   3.2339419e-02
  -7.9181288e-02   2.3919017e-02
  -7.6490525e-02   2.5034394e-02
  -8.0556190e-02   1.7799154e-02
  -1.0451634e-01   1.9097715e-02
  -1.2392769e-01   2.5898776e-02
  -1.0083941e-01   6.6746299e-03
  -1.1406482e-01   2.4985422e-02
  -1.1843266e-01   2.6166745e-02
  -1.3575984e-01   2.8886814e-02
  -1.3494815e-01   1.5447706e-02
  -1.4651078e-01   1.4971787e-02
  -1.4138569e-01   1.8898517e-02
  -1.3544520e-01   2.0493397e-02
  -1.4745348e-01   2.6008007e-02
  -1.5387133e-01   2.4286897e-02
  -1.5453217e-01   1.9949242e-02
  -1.6801695e-01   1.4944382e-02
  -1.6885689e-01   1.4898721e-02
  -1.7538352e-01   1.4874910e-02
