   3.2135775e-02  -2.1399780e-01
   1.6262880e-02  -6.7376234e-02
   4.0803710e-03  -5.3845906e-02
  -4.1087224e-03  -3.3007977e-02
   0.0000000e+00  -3.2263374e-02
   8.3457005e-03  -3.1784736e-02
  -2.7634577e-03  -2.5819618e-02
   0.0000000e+00  -2.6802444e-02
  -2.2010619e-02  -1.4840024e-02
  -1.3640609e-02  -2.0949384e-02
  -1.2358869e-02  -7.9752507e-03
  -1.4945402e-02   1.9736956e-02
  -1.9093812e-02   2.3213043e-02
  -2.0330977e-02   2.5323756e-02
  -2.1841449e-02   3.5172684e-02
  -2.0552519e-02   3.8164428e-02
  -1.3671000e-02   5.9304461e-02
  -2.7380157e-02   5.1313188e-02
  -1.5068449e-02   5.9424828e-02
  -2.1814554e-02   5.7413746e-02
  -1.2255047e-02   7.3486238e-02
  -2.7078901e-03   6.2159308e-02
  -1.6308387e-02   7.7392619e-02
  -1.3551867e-02   8.0644940e-02
  -2.4483717e-02   8.9699157e-02
  -1.7685746e-02   9.6187822e-02
  -2.5854280e-02   1.0211180e-01
  -1.6349463e-02   1.0463272e-01
  -2.1732098e-02   1.1382448e-01
  -1.3566558e-02   1.1130563e-01
  -4.0675589e-03   1.1303225e-01
  -1.8772545e-02   1.2120725e-01
  -2.6828298e-02   1.3082990e-01
  -4.0101880e-03   1.2678114e-01
  -2.6508809e-02   1.6070191e-01
  -2.3794365e-02   1.5104988e-01
  -2.1209839e-02   1.5826462e-01
  -1.0624550e-02   1.5428057e-01
  -1.7165918e-02   1.6006739e-01
  -2.2380362e-02   1.6632304e-01
  -1.7260710e-02   1.6351009e-01
  -2.2676050e-02   1.6244429e-01
  -7.9773885e-03   1.6065270e-01
  -2.3754437e-02   1.6551750e-01
  -1.8355355e-02   1.7054115e-01
  -2.2119550e-02   1.8720784e-01
  -1.9514712e-02   1.9674912e-01
  -2.8608349e-02   2.0829209e-01
  -3.8121752e-02   1.9834076e-01
  -4.4995409e-02   2.2385581e-01
  -4.8990677e-02   2.2256414e-01
  -4.8834005e-02   2.2774005e-01
  -3.6075995e-02   2.1520834e-01
  -5.1729525e-02   2.0882337e-01
  -5.4743273e-02   1.9507582e-01
  -4.8318640e-02   1.8977259e-01
  -4.7021333e-02   1.9687098e-01
  -5.4072101e-02   1.8477397e-01
  -6.7255797e-02   1.7895535e-01
  -5.9427820e-02   1.7424113e-01
  -5.4800100e-02   1.5583294e-01
  -5.4991904e-02   1.5269607e-01
  -4.2010069e-02   1.4820983e-01
  -5.1400793e-02   1.3801569e-01
  -6.6371353e-02   1.3203783e-01
  -6.4888276e-02   1.2391147e-01
  -5.7001768e-02   1.1006207e-01
  -6.3955325e-02   1.0201293e-01
  -5.3250429e-02   9.7663014e-02
  -4.9175525e-02   8.5346380e-02
  -4.7797550e-02   8.2401238e-02
  -4.5015067e-02   7.8812473e-02
  -3.8206521e-02   6.3778811e-02
  -4.2316855e-02   5.6313525e-02
  -4.2501308e-02   4.8497708e-02
  -3.4172787e-02   4.0920832e-02
  -3.4166010e-02   3.4066131e-02
  -3.1266805e-02   2.5960765e-02
  -2.8460728e-02   2.6446372e-02
  -1.6128260e-02   1.6731873e-02
  -3.0792527e-02   1.4996097e-02
  -2.9482150e-02   1.5567288e-02
  -1.2064375e-02   7.7851906e-03
  -2.6838754e-03  -2.2266358e-03
   0.0000000e+00  -1.3972056e-02
  -8.1068613e-03  -2.6933381e-02
  -4.0517426e-03  -3.1422704e-02
   9.4249207e-03  -4.0878998e-02
  -2.6980042e-03  -4.1522963e-02
  -4.0555803e-03  -4.7838979e-02
   0.0000000e+00  -5.5887097e-02
   4.0824850e-03  -6.7085983e-02
   2.7159006e-03  -7.2129669e-02
   8.1263027e-03  -9.0486123e-02
   1.3602065e-02  -8.9709615e-02
   1.3675629e-02  -8.4913576e-02
   1.0849516e-02  -9.2950072e-02
   6.5079266e-03  -2.0139080e-01
   1.2967845e-03  -2.0249223e-01
   1.2925101e-02  -2.0820160e-01
   2.0752305e-02  -2.1097770e-01
   1.9272250e-02  -2.1654606e-01
   2.0432012e-02  -2.2488344e-01
   1.5350486e-02  -2.1874260e-01
   1.2799228e-02  -2.2284554e-01
   1.5297150e-02  -2.2443902e-01
   6.3928137e-03  -2.2125986e-01
   1.2727515e-02  -2.2535422e-01
   1.1454494e-02  -2.2866657e-01
   0.0000000e+00  -2.2480493e-01
   1.2803389e-03  -2.2893431e-01
   0.0000000e+00  -2.2537283e-01
  -1.2837654e-03  -2.2296815e-01
   2.5598351e-03  -2.2617540e-01
   9.0325678e-03  -2.2630339e-01
   2.5958599e-03  -2.1845155e-01
  -5.2061380e-03  -2.1382687e-01
   1.3037632e-03  -2.1093900e-01
   2.6182761e-03  -2.0206143e-01
  -2.6135076e-03  -2.0164566e-01
  -3.9283008e-03  -1.9433173e-01
   0.0000000e+00  -1.8359712e-01
  -2.6222220e-03  -1.8247153e-01
  -7.9093944e-03  -1.7596393e-01
  -5.2991625e-03  -1.7629480e-01
   1.3282744e-03  -1.8705384e-01
   5.3498370e-03  -1.7177055e-01
   1.3405674e-03  -1.7540053e-01
  -6.6964912e-03  -1.7521593e-01
   0.0000000e+00  -1.6316337e-01
   2.6943787e-03  -1.6549392e-01
   0.0000000e+00  -1.5875389e-01
   8.0884740e-03  -1.5304053e-01
   1.3433521e-02  -1.4936386e-01
   6.7089826e-03  -1.4733618e-01
   4.0430680e-03  -1.3453735e-01
   1.4828529e-02  -1.3639416e-01
   2.0317311e-02  -1.2430178e-01
   2.8292328e-02  -1.1940116e-01
   1.7437025e-02  -1.1471620e-01
   9.3905303e-03  -9.8887543e-02
   0.0000000e+00  -9.0704225e-02
   0.0000000e+00  -9.3895582e-02
  -6.7279550e-03  -8.4676344e-02
  -2.1721063e-02   1.0305369e-01
  -2.0405843e-02   1.1521262e-01
  -5.4031293e-03   1.1497350e-01
  -1.6202042e-02   1.1909124e-01
  -1.7610003e-02   1.2130336e-01
  -2.2958818e-02   1.2391563e-01
  -2.0294647e-02   1.3752738e-01
  -1.6211936e-02   1.4346005e-01
  -2.9395137e-02   1.5216640e-01
   1.0776747e-02   1.4057137e-01
  -1.3377055e-02   1.5859097e-01
   1.0778996e-02   1.4490229e-01
  -9.3419363e-03   1.6568641e-01
  -1.3266444e-02   1.6523723e-01
  -7.9003827e-03   1.8016053e-01
  -6.5605971e-03   1.7506901e-01
  -1.3033505e-03   1.9717492e-01
  -1.1840255e-02   1.8570049e-01
  -5.2345983e-03   1.9355735e-01
   1.3034113e-03   1.7815594e-01
   0.0000000e+00   1.7669355e-01
   6.5461519e-03   1.7339878e-01
   1.3050961e-03   1.9105199e-01
   2.5997112e-03   1.9465811e-01
   2.5728653e-03   2.0580668e-01
   1.1574237e-02   2.1155934e-01
  -2.5677049e-03   2.1441911e-01
  -2.5535549e-03   2.2354332e-01
  -1.4118930e-02   2.2490375e-01
  -9.0102338e-03   2.2364926e-01
  -9.0148694e-03   2.2780047e-01
  -1.1571408e-02   2.3207249e-01
  -2.5768979e-02   2.3193397e-01
  -2.0467682e-02   2.3675805e-01
  -3.0582700e-02   2.4586290e-01
  -3.4564362e-02   2.4512166e-01
  -2.9370295e-02   2.5204445e-01
  -2.5497922e-02   2.4671732e-01
  -3.0652091e-02   2.4240004e-01
  -2.1583242e-02   2.4209443e-01
  -2.0285876e-02   2.3629885e-01
  -1.9008488e-02   2.3549188e-01
  -2.5342071e-02   2.3880742e-01
  -3.8115896e-02   2.3613022e-01
  -4.9404071e-02   2.3590364e-01
  -4.3281206e-02   2.2329848e-01
  -3.4560182e-02   2.1425455e-01
  -2.1847702e-02   2.1267689e-01
  -2.7136405e-03   2.4788682e-02
   6.8039757e-03   2.5993615e-02
   1.3655402e-03   1.9838047e-02
   0.0000000e+00   1.1290323e-02
  -9.5067344e-03   4.5069305e-03
  -1.0843324e-02   1.6866926e-03
  -1.3607703e-03  -7.3387059e-03
   0.0000000e+00  -1.5854398e-02
   1.3655849e-02  -3.1771419e-02
   6.8607127e-03  -4.2812900e-02
   1.0953071e-02  -5.0751880e-02
   2.1744946e-02  -6.3537751e-02
   1.9020400e-02  -6.0074941e-02
   1.2173371e-02  -6.2094219e-02
   1.0873117e-02  -6.8151915e-02
   6.8136020e-03  -7.0070304e-02
   9.5062870e-03  -8.4311189e-02
   2.4419398e-02  -9.1797207e-02
   2.7002579e-02  -9.7766651e-02
   3.4990146e-02  -1.1389709e-01
   2.4134403e-02  -1.1288903e-01
   1.7422018e-02  -1.1994894e-01
   1.9926759e-02  -1.2712974e-01
   1.3314050e-02  -1.2922415e-01
   2.6738572e-02  -1.3156992e-01
   3.0531785e-02  -1.4379837e-01
   3.7383604e-02  -1.4222767e-01
   3.0593048e-02  -1.5081561e-01
   2.3790031e-02  -1.5590888e-01
   3.0132157e-02  -1.5079389e-01
   1.9706081e-02  -1.6225077e-01
   2.7638643e-02  -1.6687952e-01
   1.3199458e-02  -1.6930680e-01
   1.3241341e-02  -1.8318942e-01
   1.2005308e-02  -1.7698712e-01
   1.0733291e-02  -1.7171963e-01
   6.6881760e-03  -1.7561549e-01
   6.6719119e-03  -1.7833785e-01
   1.0613847e-02  -1.7340976e-01
   1.4541189e-02  -1.7649798e-01
   5.3007222e-03  -1.7571868e-01
   1.3218527e-03  -1.7460504e-01
   6.5998456e-03  -1.7938162e-01
   7.9719583e-03  -1.8260517e-01
   0.0000000e+00  -1.9761317e-01
  -6.5751820e-03  -1.9591070e-01
  -7.8562690e-03  -1.9625526e-01
  -1.3108551e-03  -1.9975247e-01
   1.6004054e-02  -1.6493076e-01
   1.8616272e-02  -1.6252684e-01
   1.3259045e-02  -1.6638471e-01
   1.0730768e-02  -1.5718763e-01
   1.4791937e-02  -1.4705545e-01
   1.7600578e-02  -1.3334885e-01
   2.9423526e-02  -1.2801679e-01
   1.6196227e-02  -1.1725370e-01
   8.0914196e-03  -1.1954832e-01
  -5.3784941e-03  -1.2997846e-01
   6.7109950e-03  -1.2134126e-01
   2.7207901e-03  -1.0924002e-01
   3.3908024e-02  -1.1782567e-01
   2.7105783e-03  -9.1719037e-02
   2.5720041e-02  -8.8673860e-02
  -2.7343388e-03  -6.9142713e-02
   8.1681411e-03  -6.9998699e-02
   5.4892280e-03  -6.5915517e-02
   2.7288533e-02  -6.8987730e-02
   1.5017785e-02  -6.6146563e-02
   2.0349745e-02  -6.2277974e-02
   1.0890495e-02  -4.1333329e-02
   0.0000000e+00  -4.2682927e-02
  -8.2399066e-03  -3.5962630e-02
   1.3806814e-02  -2.2352974e-02
   2.7514803e-03  -3.8324741e-02
   1.6504983e-02  -1.8265708e-02
   4.5406994e-02  -2.6841929e-02
   1.3567812e-02  -1.1255713e-03
   2.3111677e-02  -1.6915950e-03
  -1.2243108e-02   1.5805801e-02
  -4.0580551e-03   2.5275713e-02
  -1.9071557e-02   3.5668823e-02
  -4.0669662e-03   4.2295879e-02
   5.4887460e-03   3.4215602e-02
  -1.0847305e-02   5.4246467e-02
   1.6386390e-02   4.0889467e-02
  -4.0916084e-03   4.9411536e-02
   1.2254405e-02   4.7042583e-02
  -5.4871135e-03   5.1428143e-02
  -9.6003227e-03   6.8780220e-02
  -6.8625598e-03   8.2876604e-02
  -1.3757059e-03   9.6711427e-02
   1.6461715e-02   9.5827719e-02
   1.7870199e-02   1.0259941e-01
   2.0333765e-02   1.1061132e-01
  -2.6760429e-03   1.2691031e-01
   2.5369207e-02   2.6193533e-01
   1.9119810e-02   2.6998759e-01
   1.7756658e-02   2.7557248e-01
   1.5296277e-02   2.7145802e-01
   5.0627509e-03   2.7706870e-01
   0.0000000e+00   2.8174636e-01
   0.0000000e+00   2.8408333e-01
  -1.2473507e-03   2.8580897e-01
   1.1296535e-02   2.8144447e-01
   1.0070667e-02   2.8174383e-01
  -3.7544059e-03   2.8699860e-01
  -5.0018357e-03   2.8523662e-01
  -2.4895951e-03   2.8434272e-01
  -1.7434593e-02   2.8228453e-01
  -1.7578179e-02   2.7071549e-01
  -2.5215800e-02   2.6920644e-01
  -2.1512154e-02   2.6543591e-01
  -2.7907594e-02   2.6335808e-01
  -2.9229501e-02   2.6823168e-01
  -3.1789048e-02   2.5985015e-01
  -4.2057939e-02   2.5487145e-01
  -4.4991227e-02   2.4349448e-01
  -4.2703357e-02   2.3644752e-01
  -2.0928307e-02   2.2443634e-01
  -2.7551424e-02   2.1775802e-01
  -2.2340372e-02   2.0619201e-01
  -3.3061013e-02   1.9317871e-01
  -2.2545586e-02   1.8605815e-01
  -2.9202425e-02   1.8044927e-01
  -3.5805829e-02   1.8023964e-01
  -2.5262661e-02   1.7316266e-01
  -1.8697280e-02   1.6204289e-01
  -3.7507642e-02   1.4640118e-01
  -4.8733885e-02   1.2838934e-01
  -4.2218014e-02   1.2072255e-01
  -3.6904964e-02   1.0733987e-01
  -3.5882668e-02   9.6396481e-02
  -2.6051244e-02   9.0435399e-02
  -2.5953749e-02   8.5388154e-02
  -3.0078668e-02   7.7853515e-02
  -2.9964602e-02   6.7706657e-02
  -3.1560143e-02   6.1250958e-02
  -2.3493119e-02   5.0064302e-02
  -2.6337617e-02   4.3246099e-02
  -3.4751292e-02   2.7702141e-02
  -2.6264806e-02   1.9504501e-02
  -2.5041847e-02   1.5584946e-02
  -6.8946144e-03   4.0040336e-03
   0.0000000e+00   5.1271617e-03
   5.0525323e-02  -1.7306313e-01
   4.6378549e-02  -1.7370061e-01
   4.3473864e-02  -1.7511506e-01
   4.6867616e-02  -1.8030564e-01
   4.1445375e-02  -1.8055125e-01
   3.3432362e-02  -1.8847838e-01
   2.8194959e-02  -1.9092644e-01
   2.6917725e-02  -1.9790137e-01
   2.1740276e-02  -2.0376040e-01
   3.6063121e-02  -1.9830095e-01
   3.5735100e-02  -2.0197030e-01
   3.0602870e-02  -2.0178882e-01
   2.9445635e-02  -1.9825679e-01
   3.4575556e-02  -1.9956371e-01
   3.9748250e-02  -1.9728556e-01
   3.0849966e-02  -1.9281378e-01
   2.9546181e-02  -1.9394597e-01
   3.6101242e-02  -1.9092280e-01
   4.0042714e-02  -1.8751675e-01
   3.8868618e-02  -1.8752491e-01
   3.3783985e-02  -1.7624611e-01
   2.7394079e-02  -1.7453548e-01
   2.4737837e-02  -1.7231949e-01
   2.2274238e-02  -1.6979221e-01
   2.4860102e-02  -1.6644047e-01
   2.1048093e-02  -1.5941168e-01
   2.1166657e-02  -1.4935153e-01
   2.5064203e-02  -1.4889063e-01
   2.5090666e-02  -1.4181047e-01
   3.0610452e-02  -1.3272992e-01
   3.0575333e-02  -1.3556603e-01
   1.6154629e-02  -1.1872710e-01
   1.8832578e-02  -1.1803281e-01
   2.0337343e-02  -1.1600679e-01
   3.9083906e-02  -1.2121343e-01
   2.9639582e-02  -1.1939849e-01
   3.1013410e-02  -1.1413785e-01
   2.8345791e-02  -1.0184673e-01
   4.1853997e-02  -9.7738409e-02
   3.5313212e-02  -9.1303310e-02
   2.7324842e-02  -8.0719320e-02
   4.2226610e-02  -8.0449139e-02
   3.2551850e-02  -7.7218508e-02
   3.1345220e-02  -6.4860333e-02
   3.2666121e-02  -5.5586406e-02
   3.6590318e-02  -5.1351950e-02
   3.2432806e-02  -3.5375910e-02
  -1.6099395e-02   1.5224378e-01
   1.8863243e-02   1.3509898e-01
   1.0757773e-02   1.4705989e-01
   2.6748398e-02   1.5232929e-01
   9.1954397e-03   1.7278583e-01
   9.1687398e-03   1.7848834e-01
  -1.3058432e-03   1.9373582e-01
   3.9211138e-03   1.9393351e-01
  -5.1971486e-03   2.1671642e-01
   5.2250964e-03   2.0941970e-01
   2.5846494e-03   2.1538416e-01
   0.0000000e+00   2.1265097e-01
   1.2917389e-03   2.2123445e-01
   2.5945232e-03   2.2771735e-01
   0.0000000e+00   2.4241415e-01
   0.0000000e+00   2.4532778e-01
  -3.8201003e-03   2.6394031e-01
  -3.7982319e-03   2.6921825e-01
  -1.3916456e-02   2.7472093e-01
  -1.3922198e-02   2.7413642e-01
  -1.7829395e-02   2.6825576e-01
  -1.4020219e-02   2.6709529e-01
  -1.5143779e-02   2.7676665e-01
  -1.1334009e-02   2.7533099e-01
  -1.1305770e-02   2.7592159e-01
  -1.7645182e-02   2.7414976e-01
  -1.5219086e-02   2.7121046e-01
  -1.2790608e-02   2.7407758e-01
  -2.0531392e-02   2.6640432e-01
  -1.5362795e-02   2.6064892e-01
  -1.9062085e-02   2.5620100e-01
  -1.8992262e-02   2.5856400e-01
  -1.8914152e-02   2.6007196e-01
  -2.9235681e-02   2.4651536e-01
  -2.9465609e-02   2.3441998e-01
  -1.7914620e-02   2.3144281e-01
  -2.0536207e-02   2.2822383e-01
  -1.7783520e-02   2.3012926e-01
  -2.5386829e-02   2.3124411e-01
  -2.9206475e-02   2.2734920e-01
  -2.9288569e-02   2.2610292e-01
  -3.3563937e-02   2.0849806e-01
  -2.6018214e-02   1.9864967e-01
  -2.6238757e-02   1.8892436e-01
  -3.4424208e-02   1.7738511e-01
  -4.6388829e-02   1.6497094e-01
  -5.7664134e-02   1.5079901e-01
  -6.0384900e-02   1.4228956e-01
   2.9682641e-02  -1.1242841e-01
   2.9587955e-02  -1.1858532e-01
   3.5143658e-02  -1.2701841e-01
   2.5950521e-02  -1.3211561e-01
   2.3096036e-02  -1.3751234e-01
   2.9765736e-02  -1.3996386e-01
   4.9719340e-02  -1.4623154e-01
   5.4667420e-02  -1.4988879e-01
   5.5804005e-02  -1.5977055e-01
   6.1126400e-02  -1.5729032e-01
   6.7367390e-02  -1.6549034e-01
   5.9268293e-02  -1.6316280e-01
   5.0007601e-02  -1.6491772e-01
   3.6730514e-02  -1.7746086e-01
   4.9365185e-02  -1.9374502e-01
   5.2952447e-02  -1.9690895e-01
   4.8214533e-02  -2.0281060e-01
   5.2976696e-02  -2.0149317e-01
   5.8118539e-02  -1.9687418e-01
   5.4327444e-02  -1.9596407e-01
   6.0418160e-02  -2.0155345e-01
   6.8415793e-02  -1.9224185e-01
   5.7071790e-02  -1.9463726e-01
   4.6724527e-02  -1.9356302e-01
   4.8030978e-02  -1.9871556e-01
   3.7459158e-02  -2.0215010e-01
   1.9298172e-02  -2.0387093e-01
   2.1944518e-02  -2.0334701e-01
   3.0967658e-02  -2.0580413e-01
   2.8634877e-02  -2.0134230e-01
   2.2103365e-02  -2.0501499e-01
   2.0649963e-02  -2.0718957e-01
   2.7116774e-02  -2.0276147e-01
   2.3246597e-02  -2.0604075e-01
   2.0698735e-02  -2.0839747e-01
   1.9432654e-02  -2.0418441e-01
   1.9352912e-02  -2.0776369e-01
   1.5529414e-02  -2.0071821e-01
   1.5558507e-02  -1.9921038e-01
   1.5518138e-02  -2.0377680e-01
   1.1659592e-02  -2.0419975e-01
   1.6969001e-02  -1.9813623e-01
   1.1825665e-02  -1.8800019e-01
   1.3150114e-02  -1.7674257e-01
   2.6314040e-03  -1.7371392e-01
   3.9434351e-03  -1.7353640e-01
   3.9384293e-03  -1.6584102e-01
