   4.6287218e-02   4.8427574e-02
   5.5221286e-02   4.8131496e-02
   5.2491124e-02   6.9055742e-02
   5.6699268e-02   6.4917417e-02
   6.8959242e-02   4.2978118e-02
   6.9539384e-02   3.9431077e-02
   1.0148229e-01   4.9907718e-02
   1.4020586e-01   4.3100131e-02
   1.3633423e-01   4.9843855e-02
   1.3852022e-01   4.6880832e-02
   1.4436507e-01   4.2576095e-02
   1.4790220e-01   3.5554856e-02
   1.3955869e-01   4.3317115e-02
   1.4852731e-01   6.0488144e-02
   1.7301016e-01   5.3213510e-02
   1.8866288e-01   4.2447916e-02
   1.9903232e-01   4.0119617e-02
   1.9983863e-01   3.5369407e-02
   2.0990821e-01   3.0891129e-02
   2.0453852e-01   3.1237701e-02
   2.0852296e-01   3.3183413e-02
   2.1555612e-01   3.7543587e-02
   2.1443804e-01   2.6438520e-02
   2.1285228e-01   2.9652144e-02
   2.1046105e-01   2.8069833e-02
   1.9980215e-01   1.2491315e-02
   1.9206776e-01   9.3133032e-03
   1.7516109e-01   1.9813883e-02
   1.6582819e-01   1.4436873e-02
   1.6789678e-01   5.6189962e-04
   1.6494756e-01   9.0568649e-03
   1.5880752e-01   7.8968567e-03
   1.5776266e-01   6.7831016e-03
   1.5284579e-01   1.5898345e-02
   1.4460642e-01   1.2499887e-02
   1.3828593e-01   5.6499488e-04
   1.2830723e-01   4.5095053e-03
   1.5922541e-01  -4.5632398e-03
   1.3855677e-01  -6.7935754e-03
   1.0849238e-01   3.4071227e-03
   1.0952784e-01  -5.6609108e-03
   1.2109330e-01  -6.2541939e-03
   8.3763066e-02   9.0974547e-03
   6.7676426e-02   1.5707441e-02
   7.9394365e-02   1.1704593e-02
   3.9940867e-02   2.4865702e-02
   6.9092848e-02   3.8532242e-03
   7.0480030e-02  -4.5020734e-02
   2.7502492e-02  -2.2286631e-02
   3.9313700e-02  -1.0325718e-02
   3.5053133e-02  -3.3437630e-02
   4.5335449e-02  -4.4171288e-02
   9.3829869e-02  -3.4037504e-02
   9.0366137e-02  -3.3122895e-02
   7.7466582e-02  -3.6508887e-02
   7.9639242e-02  -2.5860457e-02
   8.3810555e-02  -2.2048216e-02
   7.6125422e-02  -2.2696558e-02
   8.9238989e-02  -1.8754680e-02
   8.4098921e-02  -1.3820868e-02
   7.3506745e-02  -8.3045277e-03
   4.3992346e-02   2.0463432e-02
   3.1988274e-02   2.3234574e-02
   2.9274158e-02   3.0950254e-02
   2.2570114e-02   3.3650453e-02
   1.9944206e-02   2.8714807e-02
   3.0677610e-02   2.6580660e-02
   2.5330693e-02   3.1567126e-02
   2.2732435e-02   4.0034018e-02
   2.0250628e-02   4.3244855e-02
   2.8514706e-02   4.5196715e-02
   1.4954736e-02   5.0391221e-02
   2.7246372e-03   5.6227065e-02
   8.1378928e-03   5.8261556e-02
  -4.0783534e-03   5.6679901e-02
  -5.3794147e-03   6.0600716e-02
  -1.8735604e-02   6.9923231e-02
  -1.8779401e-02   6.8381674e-02
  -2.2842437e-02   7.4206059e-02
  -4.5491635e-02   8.7010603e-02
  -2.6607443e-02   8.5964965e-02
  -1.9903953e-02   8.0626607e-02
  -1.9937110e-02   8.1901326e-02
  -5.2925206e-03   8.7777087e-02
  -9.2520069e-03   1.0775411e-01
  -1.3247511e-02   1.0684782e-01
   4.0000317e-03   1.0232885e-01
   0.0000000e+00   1.1188755e-01
   1.1962365e-02   1.1188298e-01
   0.0000000e+00   1.3202797e-01
   1.3177601e-02   1.2724087e-01
   1.5789684e-02   1.3353744e-01
   1.3149416e-02   1.3760592e-01
   3.1670480e-02   1.3629830e-01
   4.2047684e-02   1.4400595e-01
   3.9413599e-02   1.5122119e-01
   4.7263878e-02   1.5047516e-01
   4.6060421e-02   1.5633918e-01
   5.0055451e-02   1.5647981e-01
   5.5096317e-02   1.5880665e-01
   5.2020273e-02   1.7446944e-01
   6.7767627e-02   1.6613691e-01
   7.3302735e-02   1.5468429e-01
   7.0312312e-02   1.6169024e-01
   7.0419829e-02   1.6684975e-01
   7.7684214e-02   1.4835487e-01
   6.8398510e-02   1.5067062e-01
   7.1027266e-02   1.5733602e-01
   8.0028548e-02   1.3462801e-01
   8.5805454e-02   1.1857231e-01
   8.5643301e-02   1.2367829e-01
   8.0297854e-02   1.2075027e-01
   8.1745600e-02   1.0208731e-01
   7.3926723e-02   1.0536845e-01
   7.3967319e-02   1.0366896e-01
   8.4932450e-02   8.8718060e-02
   8.3487835e-02   8.1695433e-02
   7.1015140e-02   8.5341107e-02
   7.2287110e-02   8.1243884e-02
   7.0694955e-02   8.7237561e-02
   8.7589682e-02   7.8863143e-02
   7.9662388e-02   7.0440040e-02
   7.7534487e-02   5.3190905e-02
   6.9832291e-02   4.3237879e-02
   5.9201847e-02   3.1430371e-02
   6.1621767e-02   2.3285357e-02
   5.8729767e-02   1.6421701e-02
   6.1477652e-02   1.0191863e-02
   7.7333520e-02   5.0570355e-03
   5.9486527e-02   1.8499064e-02
   4.4531279e-02   1.6231165e-02
   5.0838199e-02   7.2099531e-03
   5.0424711e-02   1.4856889e-02
   8.1795296e-02  -3.2848994e-02
   8.2081251e-02  -3.6219102e-02
   6.0011626e-02  -3.3035993e-02
   6.1068759e-02  -4.9186027e-02
   4.9869961e-02  -6.4065319e-02
   5.1243576e-02  -7.6407604e-02
   6.4451983e-02  -9.4513782e-02
   4.7172795e-02  -7.9558307e-02
   6.5796266e-02  -9.0422296e-02
   4.5290025e-02  -9.3551342e-02
   3.9772799e-02  -1.0556185e-01
   4.5889917e-02  -1.0762785e-01
   4.4459685e-02  -1.0059380e-01
   6.1784531e-02  -1.0581684e-01
   7.0087002e-02  -1.0825291e-01
   7.3308363e-02  -1.1561187e-01
   7.9522485e-02  -1.1284806e-01
   8.7024359e-02  -1.1396416e-01
   8.6233367e-02  -1.1239624e-01
   9.0693703e-02  -9.6820667e-02
   9.8874983e-02  -9.1394702e-02
   9.0970811e-02  -9.4102006e-02
   9.2918042e-02  -9.5906090e-02
   9.0506862e-02  -8.9415870e-02
   7.6519712e-02  -8.5302074e-02
   6.6148340e-02  -8.8684704e-02
   6.1327825e-02  -8.8126038e-02
   6.0292711e-02  -7.8430088e-02
   6.4829111e-02  -7.6349548e-02
   6.3815889e-02  -7.6731791e-02
   6.0711733e-02  -6.4722441e-02
   7.0435472e-02  -6.4960956e-02
   7.8502405e-02  -6.3745609e-02
   7.7587084e-02  -6.0669499e-02
   6.5681280e-02  -4.7796561e-02
   6.1593826e-02  -5.2409360e-02
   6.7315702e-02  -4.8560256e-02
   7.4319611e-02  -3.4839789e-02
   7.1923436e-02  -2.5809473e-02
   6.9359924e-02  -2.7617805e-02
   7.0361119e-02  -1.8298246e-02
   7.0468467e-02  -4.5792310e-03
   7.5604373e-02  -7.4018416e-03
   8.3433965e-02  -2.2651816e-03
   1.0219351e-01   1.8861022e-02
   9.9180266e-02   2.5671220e-02
   7.7235916e-02   4.5604687e-02
   8.0045400e-02   3.6029109e-02
   5.0556421e-02   4.3745798e-02
   5.0295561e-02   3.6705001e-02
   6.3126298e-02   5.0853067e-02
   4.1503441e-02   7.6759849e-02
   6.0866855e-02   6.2032981e-02
   5.6736266e-02   7.2830685e-02
   5.9161204e-02   8.7414055e-02
   6.9875622e-02   9.3111057e-02
   5.8920222e-02   8.7625381e-02
   7.4688208e-02   9.4680721e-02
   1.1496007e-01   9.0096729e-02
   7.9334785e-02   1.0934506e-01
   7.9150718e-02   1.0735114e-01
   5.7316205e-02   1.4084021e-01
   6.7491405e-02   1.2116555e-01
   5.2878977e-02   1.1582738e-01
   4.1596883e-02   1.3881895e-01
   5.8466568e-02   1.3515305e-01
   5.4468266e-02   1.3725056e-01
   6.3383415e-02   1.4329372e-01
   5.2824963e-02   1.6296610e-01
   3.9891586e-02   1.7558016e-01
   4.1302890e-02   1.7554105e-01
   3.4686846e-02   1.8454170e-01
   3.8621661e-02   1.8246506e-01
   3.4926229e-02   1.7908887e-01
   3.1026001e-02   1.9531740e-01
   2.8366232e-02   2.0177709e-01
   2.8380228e-02   1.9549810e-01
   1.2911751e-02   1.9573463e-01
   3.8589634e-03   2.0064685e-01
  -5.1232082e-03   1.9209474e-01
  -2.5624473e-02   1.8401922e-01
  -2.7010672e-02   1.8232437e-01
  -2.5857467e-02   1.8775967e-01
  -2.3469203e-02   1.7944272e-01
  -2.0904212e-02   1.7547386e-01
  -2.4884097e-02   1.7468289e-01
  -2.0962280e-02   1.7600924e-01
  -2.3699153e-02   1.6819985e-01
  -1.7133207e-02   1.5544751e-01
  -2.5034269e-02   1.4930584e-01
  -2.7678144e-02   1.3434765e-01
  -3.9299538e-02   1.3700142e-01
  -3.5693292e-02   1.2408690e-01
  -3.8349340e-02   1.2589042e-01
  -2.2432656e-02   1.2094253e-01
  -6.6329497e-03   1.1166193e-01
  -5.3216772e-03   1.0907543e-01
  -1.0647942e-02   1.0155986e-01
  -1.3311189e-02   9.1184261e-02
  -1.8583424e-02   8.6916940e-02
  -7.9978597e-03   7.4181942e-02
  -1.0683742e-02   7.8878600e-02
  -1.6032180e-02   7.7197250e-02
  -1.6106070e-02   7.4698702e-02
  -1.4772317e-02   6.2778977e-02
  -1.3434326e-03   5.5439972e-02
   0.0000000e+00   5.1011011e-02
   1.3454948e-03   2.9061862e-02
  -5.4010776e-03   2.2422243e-02
   4.0556230e-03   1.9639190e-02
   0.0000000e+00   1.4056225e-02
  -4.0824933e-03   5.0806219e-03
   5.4048747e-03   7.8477849e-03
  -6.7770230e-03  -2.8112096e-03
  -1.4809713e-02  -2.1236245e-02
  -1.3516974e-02  -3.3137751e-02
  -1.8920322e-02  -3.4821041e-02
  -2.2801937e-02  -5.3086173e-02
  -8.0364222e-03  -6.0917072e-02
   2.6791661e-03  -5.4715744e-02
   2.0111655e-02  -5.5323143e-02
   2.1551907e-02  -5.1616613e-02
   2.5464618e-02  -5.7554524e-02
   1.8661673e-02  -7.4176056e-02
   0.0000000e+00  -8.6153846e-02
   9.3072963e-03  -9.1654450e-02
   2.1200427e-02  -9.9927466e-02
   3.4453848e-02  -1.0279973e-01
   3.8475957e-02  -1.0523576e-01
   3.4174882e-02  -1.0940806e-01
   2.8641427e-02  -1.1981401e-01
   3.3646924e-02  -1.1733708e-01
   5.1567464e-02  -1.3001771e-01
   6.9511688e-02  -1.3609951e-01
   7.3413387e-02  -1.2753086e-01
   6.9597216e-02  -1.2836347e-01
   7.9888678e-02  -1.3499957e-01
   8.6510359e-02  -1.3036612e-01
   8.7481018e-02  -1.4219744e-01
   7.8316782e-02  -1.4757460e-01
   6.4187463e-02  -1.3452986e-01
   7.1527543e-02  -1.4229247e-01
   7.5052041e-02  -1.4919767e-01
   8.0235563e-02  -1.4444098e-01
   8.0998384e-02  -1.5464135e-01
   7.0305817e-02  -1.6686837e-01
   6.9386260e-02  -1.6842552e-01
   7.8660471e-02  -1.6718860e-01
   8.1402656e-02  -1.6510312e-01
   9.0398219e-02  -1.6614198e-01
   8.9806674e-02  -1.5602468e-01
   9.5612673e-02  -1.5099116e-01
   9.6823692e-02  -1.5322507e-01
   1.0212343e-01  -1.4727315e-01
   1.0479956e-01  -1.4136926e-01
   1.0188685e-01  -1.4571740e-01
   1.0716400e-01  -1.4455482e-01
   9.7535435e-02  -1.3638715e-01
   9.6583769e-02  -1.3694480e-01
   9.2841440e-02  -1.2839042e-01
   9.3984267e-02  -1.1160551e-01
   8.9168642e-02  -1.0821612e-01
   8.7196383e-02  -9.7904489e-02
   1.0445271e-01  -1.0287053e-01
   1.0400754e-01  -1.0004418e-01
   1.1710860e-01  -9.8272358e-02
   1.0598952e-01  -7.9338985e-02
   8.7067051e-02  -8.8953371e-02
   8.8614396e-02  -7.6895610e-02
   1.0475765e-01  -7.2623517e-02
   9.1585886e-02  -5.9738917e-02
   7.6159543e-02  -5.4325761e-02
   7.3353665e-02  -4.9139076e-02
   8.1470589e-02  -4.5124232e-02
   9.2071088e-02  -4.3841194e-02
   9.5216969e-02  -3.0438790e-02
   9.2375912e-02  -2.1942569e-02
   1.0210950e-01  -3.1586257e-02
   7.1043316e-02  -9.0562912e-03
   8.5788166e-02  -1.5790526e-02
   5.7039367e-02   5.6287804e-03
   7.0693574e-02   3.3790559e-03
   8.2670057e-02  -8.9791595e-03
   6.5387964e-02  -2.2576963e-03
   7.6026181e-02   1.5749673e-02
   6.9530487e-02   2.7708381e-02
   5.9762725e-02   2.4225977e-02
   5.9637532e-02   2.5301906e-02
   3.9019038e-02   4.5900703e-02
   6.3666195e-02   4.0518111e-02
   4.8828244e-02   3.8323263e-02
   4.3548697e-02   4.3576791e-02
   6.2549152e-02   4.9208682e-02
   6.9485219e-02   5.5584923e-02
   5.8524212e-02   6.1280496e-02
   3.9283377e-02   8.2317344e-02
   4.6042839e-02   8.3439251e-02
   3.3599525e-02   9.2644592e-02
   3.6204551e-02   9.3580721e-02
   3.2285268e-02   9.9727666e-02
   3.7858461e-02   9.9654393e-02
   3.5207406e-02   9.8051178e-02
   2.9572272e-02   1.1436166e-01
   3.7541627e-02   1.1581538e-01
   4.1559025e-02   1.2172822e-01
   4.0177939e-02   1.3479400e-01
   1.1958864e-02   1.3914228e-01
   1.7174472e-02   1.5462613e-01
   9.3149934e-03   1.5215137e-01
   1.7319445e-02   1.5850899e-01
   1.3243998e-03   1.7687233e-01
   1.8574232e-02   1.7339765e-01
   1.3123451e-03   1.8838964e-01
   2.6278956e-03   1.8992766e-01
   0.0000000e+00   1.9185185e-01
  -1.1798986e-02   1.9587638e-01
  -6.5570921e-03   1.9530606e-01
  -1.5661095e-02   2.0918933e-01
  -2.5922777e-03   2.1215561e-01
  -3.8683307e-03   2.2077924e-01
  -1.9128680e-02   2.3521812e-01
  -2.0377213e-02   2.3082638e-01
  -2.1618020e-02   2.4119411e-01
  -2.6611742e-02   2.4494331e-01
  -2.1546038e-02   2.4159950e-01
  -2.2730292e-02   2.4871931e-01
  -1.7667255e-02   2.5128562e-01
  -2.0039192e-02   2.5794308e-01
  -2.6010422e-02   2.7108978e-01
  -2.8476210e-02   2.7164808e-01
  -3.2270995e-02   2.7388461e-01
  -2.9849380e-02   2.7245862e-01
  -2.3751548e-02   2.6220001e-01
  -1.6372508e-02   2.5275142e-01
  -1.7639441e-02   2.4127639e-01
  -2.9000460e-02   2.4009702e-01
  -3.5479885e-02   2.3072913e-01
  -4.0642648e-02   2.2535802e-01
  -2.9431901e-02   2.1812952e-01
  -2.1847732e-02   2.0748179e-01
  -1.0304945e-02   2.0352628e-01
  -2.5829044e-02   1.9894377e-01
   0.0000000e+00   1.8139253e-01
  -2.5943303e-03   1.9102499e-01
  -9.1518181e-03   1.7812557e-01
  -1.0467820e-02   1.7453231e-01
  -1.4404569e-02   1.6476231e-01
  -1.9689856e-02   1.5538079e-01
  -2.2316025e-02   1.4631030e-01
  -2.2470721e-02   1.3715728e-01
  -2.5272408e-02   1.2907628e-01
  -1.3378349e-02   1.1914282e-01
  -9.3710074e-03   1.1154422e-01
  -1.4827878e-02   1.0289714e-01
  -1.3547322e-02   8.5843292e-02
  -6.7903974e-03   8.0242867e-02
  -5.4329310e-03   7.5613590e-02
  -1.3557607e-03   7.0283365e-02
   0.0000000e+00   6.4243655e-02
  -8.1534251e-03   6.4112291e-02
  -4.0844672e-03   5.3900460e-02
   4.1107918e-03   5.1946750e-02
   1.4984795e-02   3.5670190e-02
   9.5452306e-03   2.5479645e-02
   1.2264165e-02   2.0928428e-02
   1.6305735e-02   1.8045007e-02
   1.3704729e-02   6.2534848e-03
   1.5045562e-02   1.1346813e-03
   2.3252089e-02  -2.2691670e-03
   3.1348271e-02  -1.7530623e-02
   3.9500965e-02  -2.6574460e-02
   3.1343336e-02  -3.2266301e-02
   3.5006848e-02  -4.0866190e-02
   4.0256938e-02  -3.5681286e-02
   4.9658246e-02  -4.2403860e-02
   5.1199492e-02  -4.3131971e-02
   4.4364039e-02  -4.4730944e-02
   4.7127158e-02  -5.3834640e-02
   5.4058496e-02  -5.5729543e-02
   5.5153315e-02  -6.9098107e-02
   6.6150893e-02  -6.6464950e-02
   7.6695144e-02  -6.7920994e-02
   7.7257907e-02  -6.6704272e-02
   4.9990759e-02  -6.2554778e-02
   3.6500021e-02  -7.4073467e-02
   5.3613817e-02  -8.0256397e-02
   6.4447789e-02  -9.2472455e-02
   6.5886912e-02  -9.0867800e-02
   7.0070489e-02  -9.3959022e-02
   5.6641548e-02  -9.1172718e-02
   6.1819451e-02  -9.9548598e-02
   6.2815594e-02  -9.7820578e-02
   5.8845782e-02  -9.5584979e-02
   6.9816608e-02  -8.8981804e-02
   6.2875892e-02  -8.7525668e-02
   7.0652858e-02  -9.2922374e-02
   6.1310469e-02  -9.0064762e-02
   5.3209718e-02  -8.9908429e-02
   5.4154858e-02  -9.3811319e-02
   5.0071209e-02  -9.5298910e-02
   4.9937089e-02  -1.0704007e-01
   4.7144045e-02  -1.1992354e-01
   5.1074133e-02  -1.2515450e-01
   5.8616909e-02  -1.2616588e-01
   4.9120808e-02  -1.3797021e-01
   4.0183582e-02  -1.3606266e-01
   4.3919825e-02  -1.3964539e-01
   4.4104206e-02  -1.5274113e-01
   4.7846123e-02  -1.5520321e-01
   4.7684014e-02  -1.6243490e-01
   4.6435264e-02  -1.6683176e-01
   5.5626675e-02  -1.6488291e-01
   5.9267787e-02  -1.7694965e-01
   5.5673164e-02  -1.6930184e-01
   6.0868945e-02  -1.6871081e-01
   7.0813075e-02  -1.6635803e-01
   6.2008434e-02  -1.5079082e-01
   7.0023036e-02  -1.4897043e-01
   8.0498261e-02  -1.4375956e-01
   8.7663912e-02  -1.3481421e-01
   7.9257384e-02  -1.2852203e-01
   7.2007946e-02  -1.1679948e-01
   8.5102710e-02  -1.2168251e-01
   8.3685583e-02  -1.1626968e-01
   7.4255631e-02  -1.1844747e-01
   7.8292851e-02  -1.1910737e-01
   8.7722986e-02  -1.1456232e-01
   8.7407119e-02  -1.1005505e-01
   7.8384701e-02  -9.7716578e-02
   8.9331445e-02  -9.2556265e-02
   7.9896743e-02  -7.5250560e-02
   8.2608723e-02  -7.0644318e-02
   6.4966528e-02  -5.8641069e-02
   5.6635190e-02  -5.1068047e-02
   6.3323196e-02  -5.6106197e-02
   6.3285041e-02  -5.3808099e-02
   6.6131155e-02  -4.5441641e-02
   6.4657877e-02  -4.4793170e-02
   4.0675733e-02  -4.1149402e-02
   3.8173601e-02  -2.7734084e-02
   3.8296850e-02  -2.5547510e-02
   3.5403613e-02  -1.6381850e-02
   5.3073626e-02  -3.3844822e-03
   5.0047060e-02  -6.1681071e-03
   4.1807441e-02   3.3550349e-03
   3.1036037e-02   1.6795558e-02
   3.6764187e-02   1.6946285e-02
   3.3993156e-02   2.3137815e-02
   6.7759849e-03   5.1370315e-02
  -2.0185349e-02   6.7462229e-02
  -1.3438132e-02   6.4525819e-02
  -1.2017704e-02   7.0904424e-02
  -1.2000745e-02   8.1034655e-02
  -2.6692538e-03   7.3140433e-02
  -1.2074737e-02   7.6386055e-02
  -1.3394037e-02   7.9114265e-02
   0.0000000e+00   9.0160000e-02
  -8.0103845e-03   8.3998488e-02
  -2.3848425e-02   1.0337653e-01
  -1.3265899e-02   1.1165772e-01
  -1.1834749e-02   1.2754729e-01
  -6.5519253e-03   1.2884302e-01
  -1.1773068e-02   1.3566752e-01
  -1.3101826e-03   1.3176464e-01
  -9.2085627e-03   1.3410492e-01
  -5.2503255e-03   1.2965965e-01
  -9.1956618e-03   1.3509178e-01
  -1.1800800e-02   1.4434718e-01
  -1.0446824e-02   1.4910433e-01
  -1.8209445e-02   1.5566475e-01
  -9.0857153e-03   1.6015608e-01
   2.2163374e-02   1.7568250e-01
   1.0338815e-02   1.6911459e-01
   1.2812236e-03   1.8405585e-01
   1.1596357e-02   1.7899072e-01
   2.5458820e-03   1.9955916e-01
  -6.4214521e-03   1.9079156e-01
  -9.0226978e-03   1.8967270e-01
   6.4230828e-03   1.9399553e-01
   3.8512700e-03   1.9701523e-01
   5.1697370e-03   1.9214417e-01
   2.5823502e-03   1.9574428e-01
   2.5974979e-03   1.9065001e-01
   0.0000000e+00   1.9160896e-01
  -1.3031362e-03   1.8628678e-01
  -1.3007531e-02   1.8589905e-01
  -1.3019121e-02   1.8230300e-01
  -1.8301748e-02   1.7434348e-01
  -1.3142298e-02   1.5498199e-01
  -1.1832184e-02   1.5200180e-01
  -7.8836607e-03   1.4647620e-01
  -5.2522797e-03   1.4337234e-01
  -5.2684055e-03   1.3606316e-01
  -2.6376534e-03   1.3031067e-01
   1.3168676e-03   1.1836485e-01
  -1.3187002e-03   1.1445657e-01
   1.0582124e-02   1.1132512e-01
   6.6316723e-03   1.1222304e-01
   6.6409093e-03   1.0191873e-01
  -7.9814577e-03   8.9978427e-02
  -5.3336644e-03   8.1037278e-02
   0.0000000e+00   7.1120000e-02
  -1.3486789e-03   6.6478840e-02
  -2.6794233e-03   5.4157420e-02
  -1.0777166e-02   4.4282864e-02
  -1.2105714e-02   4.0837510e-02
  -8.0693783e-03   3.3532333e-02
   1.3483157e-03   2.7999986e-02
   0.0000000e+00   2.3052209e-02
   1.3464842e-03   1.9560869e-02
   0.0000000e+00   1.1819095e-02
   6.8042661e-03   3.9515627e-03
   9.5647577e-03   1.1335748e-03
   2.0475186e-02  -1.1323268e-03
   1.0918693e-02  -9.0593598e-03
   0.0000000e+00  -1.6918429e-02
   5.4500987e-03  -2.2626078e-02
  -1.3662981e-03  -2.6099277e-02
  -8.2126916e-03  -3.8129372e-02
  -1.4957406e-02  -4.9258834e-02
  -1.6305132e-02  -5.3787750e-02
   1.3597904e-03  -6.5882319e-02
   4.0485731e-03  -7.2822248e-02
   1.4818367e-02  -7.6128260e-02
   1.2096926e-02  -7.7102374e-02
   6.6240648e-03  -8.6751662e-02
   1.3263671e-02  -8.2299815e-02
   2.3824663e-02  -9.6939677e-02
   2.3868526e-02  -1.0694268e-01
   4.1099313e-02  -1.0746837e-01
   4.6403659e-02  -1.1036272e-01
   4.3938330e-02  -1.1261401e-01
   4.6464400e-02  -1.0644120e-01
   3.8496766e-02  -1.0355646e-01
   3.4471289e-02  -1.1039305e-01
   4.7997267e-02  -1.1452139e-01
   5.3433692e-02  -1.1473467e-01
   5.9972927e-02  -1.2387588e-01
   4.6836180e-02  -1.2386092e-01
   4.8050325e-02  -1.2530675e-01
   5.3133626e-02  -1.3238924e-01
   4.5553718e-02  -1.3121581e-01
   5.0610793e-02  -1.3336955e-01
   5.0682545e-02  -1.3236854e-01
   5.5912565e-02  -1.3448251e-01
   5.0659409e-02  -1.3350475e-01
   3.0393756e-02  -1.3531114e-01
   3.8183766e-02  -1.4855396e-01
   2.8831894e-02  -1.5448374e-01
   3.4020797e-02  -1.6212383e-01
   5.2151742e-02  -1.6324816e-01
   5.9086134e-02  -1.6323469e-01
   5.4549474e-02  -1.5650565e-01
   4.5237375e-02  -1.6053993e-01
   5.7826206e-02  -1.6428082e-01
   6.2708183e-02  -1.7257400e-01
   5.2142968e-02  -1.7327065e-01
   3.8155660e-02  -1.7516506e-01
   4.8165086e-02  -1.8174779e-01
   5.9626902e-02  -1.8923885e-01
   6.1296914e-02  -1.8626738e-01
   6.1223330e-02  -1.8849813e-01
   5.7964918e-02  -1.7937686e-01
   7.5001892e-02  -1.7754786e-01
   7.5216832e-02  -1.7192925e-01
   7.4146506e-02  -1.6575839e-01
   6.7807227e-02  -1.6074546e-01
   6.4178369e-02  -1.5121373e-01
   7.2339118e-02  -1.4161296e-01
   7.3583447e-02  -1.4385275e-01
   6.3580613e-02  -1.3433293e-01
   6.3742334e-02  -1.3051335e-01
   5.5006267e-02  -1.2775799e-01
   5.0949325e-02  -1.2409856e-01
   6.2002732e-02  -1.2354440e-01
   5.2663879e-02  -1.2141814e-01
   5.9465657e-02  -1.1910139e-01
   3.9457367e-02  -1.0563533e-01
   4.7309245e-02  -9.7255571e-02
   4.0663552e-02  -8.7601573e-02
   3.7923223e-02  -8.2887478e-02
   4.1920969e-02  -7.6969276e-02
   3.2328552e-02  -6.7518050e-02
   4.8625584e-02  -6.8825661e-02
   4.6202227e-02  -5.8912495e-02
   5.6026744e-02  -6.1534984e-02
   3.5320917e-02  -5.4905196e-02
   2.9955212e-02  -4.7032876e-02
   2.3090027e-02  -3.4994862e-02
   5.0309871e-02  -2.3129079e-02
   5.9338925e-02  -2.8631443e-02
   3.4019256e-02  -7.3363803e-03
   6.3815917e-02  -1.2943286e-02
   3.5028527e-02  -5.0282476e-03
   2.9638593e-02  -6.7049709e-03
   1.7496951e-02   4.4662251e-03
   2.0249504e-02   3.9195591e-03
   1.7663965e-02   1.8608677e-02
   2.9888625e-02   2.0860943e-02
   2.6938087e-02   2.8525775e-02
   2.2951721e-02   2.4100615e-02
   2.2958577e-02   3.1979329e-02
   1.7531628e-02   3.5872839e-02
  -1.3471457e-03   4.4284262e-02
  -2.6981052e-03   4.8304818e-02
   1.3507695e-03   5.2904496e-02
  -6.7231576e-03   5.6055354e-02
   1.3497105e-03   5.7407006e-02
  -4.0510433e-03   6.0281416e-02
  -2.7006685e-03   6.5417793e-02
   1.3418840e-03   7.1262489e-02
  -9.3287084e-03   7.9280223e-02
  -1.4619853e-02   8.5891259e-02
  -1.8488903e-02   9.4435337e-02
  -1.7118277e-02   9.7576076e-02
  -1.7184547e-02   1.0429405e-01
  -1.7175912e-02   1.0886424e-01
  -1.9902568e-02   1.1400916e-01
  -1.1915860e-02   1.1726978e-01
  -1.4509233e-02   1.2207261e-01
  -2.1162237e-02   1.2006473e-01
  -2.5093511e-02   1.2398555e-01
  -2.5005927e-02   1.2529212e-01
  -2.6358290e-02   1.2429514e-01
  -3.0356765e-02   1.3335131e-01
  -2.6347884e-02   1.4505117e-01
  -2.2292483e-02   1.5096384e-01
  -1.4480261e-02   1.6015231e-01
  -2.0936829e-02   1.6831801e-01
  -1.8345641e-02   1.5691986e-01
  -3.1219016e-02   1.7212705e-01
  -1.5737622e-02   1.5950343e-01
  -1.6967557e-02   1.6111298e-01
  -1.6957598e-02   1.6651796e-01
  -2.3346042e-02   1.7592276e-01
  -1.5591742e-02   1.7442272e-01
  -7.7633053e-03   1.7672041e-01
  -1.2901399e-02   1.8609328e-01
  -9.0282137e-03   1.8854369e-01
  -1.2823665e-02   2.0249472e-01
  -6.3879681e-03   2.0548126e-01
  -5.0935690e-03   2.1112732e-01
  -1.1569435e-02   2.0177301e-01
  -9.0024459e-03   1.9740921e-01
  -6.4555626e-03   1.9764452e-01
  -7.7302711e-03   1.9781012e-01
  -1.4152308e-02   1.9305265e-01
  -1.0355541e-02   1.8741551e-01
  -1.2987706e-02   1.8495505e-01
  -1.9515256e-02   1.7777531e-01
  -2.0885998e-02   1.7717749e-01
  -2.6073026e-02   1.7379662e-01
  -2.8710732e-02   1.6965508e-01
  -3.3858076e-02   1.6372301e-01
  -1.4358493e-02   1.5445399e-01
  -2.6185494e-02   1.4769346e-01
  -1.0492184e-02   1.3663563e-01
  -1.3176502e-02   1.3255101e-01
  -1.1852897e-02   1.3129727e-01
  -1.0581398e-02   1.2537748e-01
  -3.9646328e-03   1.2232410e-01
  -5.2760848e-03   1.2207902e-01
  -7.9289731e-03   1.1121557e-01
  -7.9557302e-03   1.0405407e-01
  -1.5983748e-02   9.5848941e-02
  -4.0203249e-03   8.4899213e-02
  -9.3810910e-03   8.0880654e-02
  -1.6162337e-02   6.8095550e-02
  -1.3502505e-02   5.5152994e-02
  -6.7416691e-03   5.1674375e-02
  -8.0767081e-03   4.2559234e-02
  -1.2112353e-02   3.6362167e-02
  -1.4855550e-02   3.1982025e-02
  -9.4584549e-03   2.6372097e-02
  -1.3509616e-02   1.3452779e-02
   0.0000000e+00   5.6281407e-03
   1.3540615e-03  -5.6168477e-04
   1.3499568e-03  -4.4799978e-03
   6.7758757e-03  -1.0682596e-02
   1.7609613e-02  -1.9677039e-02
   2.0418899e-02  -2.1470800e-02
   2.7183235e-02  -2.8220072e-02
   1.0812761e-02  -4.2167315e-02
   5.4060338e-03  -4.9527238e-02
   1.6233720e-02  -5.5826739e-02
   1.6277979e-02  -6.2846739e-02
   2.4457698e-02  -5.3782802e-02
   1.4878565e-02  -6.2092957e-02
   1.2142347e-02  -6.4786077e-02
   1.4900374e-02  -6.9641800e-02
   3.1108711e-02  -7.1819005e-02
   4.4714291e-02  -7.7120027e-02
   5.2806008e-02  -8.3991119e-02
   5.4334288e-02  -8.7178216e-02
   4.9710377e-02  -9.0259819e-02
   4.4344145e-02  -9.3187500e-02
   4.0344870e-02  -9.7346529e-02
   4.6952651e-02  -9.8828392e-02
   4.8296087e-02  -1.0818731e-01
   5.3726024e-02  -1.1361194e-01
   5.0851385e-02  -1.1259639e-01
   6.8512211e-02  -1.2427661e-01
   5.8533418e-02  -1.2601701e-01
   4.2332663e-02  -1.3007346e-01
   5.0292257e-02  -1.2891991e-01
   4.4948359e-02  -1.3175393e-01
   4.4580801e-02  -1.4426919e-01
   5.6429451e-02  -1.4915628e-01
   6.7816117e-02  -1.5833857e-01
   4.9505476e-02  -1.6068631e-01
   5.0263520e-02  -1.6848684e-01
   4.3871650e-02  -1.6812679e-01
   5.8942579e-02  -1.7405273e-01
   4.4670152e-02  -1.7216195e-01
   4.1933521e-02  -1.7497640e-01
   5.4388251e-02  -1.8007502e-01
   6.7324965e-02  -1.7355666e-01
   6.8543833e-02  -1.7885761e-01
   7.2523213e-02  -1.7807526e-01
   6.8790209e-02  -1.7956463e-01
   6.4114130e-02  -1.7844242e-01
   6.0807447e-02  -1.6669599e-01
   6.7574200e-02  -1.5954377e-01
   6.5150039e-02  -1.5157065e-01
   6.1324158e-02  -1.5301678e-01
   6.2548496e-02  -1.5581187e-01
   5.4938018e-02  -1.4744464e-01
   5.2620233e-02  -1.4594408e-01
   5.0145789e-02  -1.4102560e-01
   4.6633613e-02  -1.2984746e-01
   4.4076150e-02  -1.3138955e-01
   4.5337209e-02  -1.3295635e-01
   4.1599288e-02  -1.2723516e-01
   4.7222029e-02  -1.2372821e-01
   5.1327724e-02  -1.1786607e-01
   4.5972302e-02  -1.1204685e-01
   4.7202585e-02  -1.0760221e-01
   4.4420194e-02  -1.0093651e-01
   2.4439644e-02  -9.2461501e-02
   4.5629376e-02  -7.9230958e-02
   5.3991308e-02  -8.4299129e-02
   3.2481566e-02  -6.8989831e-02
   6.7929999e-02  -6.0004183e-02
   3.3655761e-02  -5.4972735e-02
   6.6347212e-02  -5.6382871e-02
   2.8373134e-02  -6.2584194e-02
   3.5186772e-02  -5.3556670e-02
   5.5336721e-02  -5.1683137e-02
   4.3491037e-02  -4.5794265e-02
   5.8119960e-02  -4.8919164e-02
   2.5730586e-02  -3.4325401e-02
   4.2031251e-02  -2.0814021e-02
   3.2588977e-02  -1.1264323e-02
   3.2488081e-02  -1.3476537e-02
   4.6121337e-02  -1.1249715e-02
   2.6945772e-02  -2.7938547e-03
   5.0148985e-02  -4.4948915e-03
   2.7054108e-02   0.0000000e+00
   3.2652515e-02  -1.2980073e-02
   3.5418697e-02  -1.1297828e-03
   3.6841683e-02  -1.5282476e-02
   3.2954801e-02   1.0251269e-02
   5.3235156e-02   2.2631551e-03
   4.0866895e-02   2.5442866e-02
   5.6736039e-02   1.5121777e-02
   3.5079169e-02   4.0387098e-02
   2.8077221e-02   4.1142991e-02
   3.3440486e-02   4.5075547e-02
   2.9397512e-02   5.1757009e-02
   1.8725964e-02   5.1815868e-02
   2.8086369e-02   5.2366678e-02
   3.0812777e-02   6.4877981e-02
   2.6656219e-02   6.5672908e-02
   2.5276727e-02   6.4988456e-02
   1.5976456e-02   7.9197531e-02
   1.1975134e-02   8.5420290e-02
   1.8683754e-02   8.9120378e-02
   6.6429640e-03   1.0717300e-01
   1.3291336e-02   1.0896142e-01
   1.8612309e-02   1.2248780e-01
   1.9897187e-02   1.2574598e-01
   7.9537048e-03   1.2744984e-01
   0.0000000e+00   1.2732394e-01
   0.0000000e+00   1.2953535e-01
   9.2704460e-03   1.2732079e-01
   7.9459551e-03   1.3745202e-01
   1.3274946e-03   1.3900702e-01
  -6.6103666e-03   1.3421784e-01
   1.9862546e-02   1.4950551e-01
   3.9512740e-03   1.5902563e-01
  -1.1815288e-02   1.6583488e-01
  -1.0443780e-02   1.8096963e-01
  -3.9149809e-03   1.7776794e-01
   0.0000000e+00   1.7774161e-01
   2.6165383e-03   1.8077356e-01
  -1.4199913e-02   2.1378379e-01
