  -1.6467557e-01  -1.9334845e-01
  -2.0196138e-02  -1.4416406e-01
  -2.0286335e-02  -1.2289828e-01
  -4.3895141e-02  -1.0591927e-01
  -4.0407555e-02  -8.0547122e-02
  -2.1026099e-02  -7.7474701e-02
   1.4011351e-03  -7.9245239e-02
   3.2325166e-02  -6.5725136e-02
   2.6775683e-02  -5.1059057e-02
   2.8207761e-02  -4.5776105e-02
   4.6517807e-02  -3.3369247e-02
   5.7508860e-02  -3.0856426e-02
   5.8708551e-02  -2.2610719e-02
   6.2003331e-02   2.9196779e-03
   7.2972934e-02  -5.8127201e-04
   8.0170126e-02   2.3316515e-02
   7.6133871e-02   3.1581457e-02
   7.4740942e-02   2.9243797e-02
   1.0808995e-01   4.1908923e-02
   1.4592971e-01   5.7591958e-02
   1.4723302e-01   4.9340176e-02
   1.4626232e-01   6.3011804e-02
   1.6324515e-01   8.3522962e-02
   1.7474707e-01   7.7761812e-02
   1.9221790e-01   8.5051126e-02
   2.2492371e-01   8.5043605e-02
   2.2641943e-01   1.0332566e-01
   2.5383287e-01   1.0942697e-01
   2.4588953e-01   1.1390848e-01
   2.7981408e-01   9.8341141e-02
   3.3368317e-01   1.2025671e-01
   3.3278241e-01   1.2213202e-01
   3.4753518e-01   1.3488258e-01
   3.8069028e-01   1.0740725e-01
   3.8029034e-01   1.2007705e-01
   4.2967227e-01   1.1938880e-01
   4.4764927e-01   1.2333641e-01
   4.8554179e-01   1.0971908e-01
   5.0177052e-01   1.0371925e-01
   5.1612566e-01   9.4955683e-02
   5.3175820e-01   1.1103072e-01
   5.4763766e-01   1.0861475e-01
   5.6508263e-01   9.6014297e-02
   5.8459183e-01   1.0003774e-01
   5.9806982e-01   9.7750076e-02
   6.2358305e-01   8.6050476e-02
   6.7584241e-01   7.2528564e-02
   6.3829504e-01   7.7257278e-02
   6.8236655e-01   6.9323504e-02
   6.9231828e-01   7.9792728e-02
   7.0675294e-01   4.6368027e-02
   6.6483186e-01   5.2197176e-02
   6.5413703e-01   5.2284430e-02
   6.0154133e-01   5.0193423e-02
   5.8696199e-01   6.1512756e-02
   5.5150349e-01   6.0865299e-02
   5.3445271e-01   4.6813886e-02
   4.8687284e-01   7.2107553e-02
   4.6391633e-01   7.2747696e-02
   4.3477952e-01   7.2773674e-02
   4.2777518e-01   6.2502836e-02
   4.0836512e-01   4.2467479e-02
   3.7306992e-01   5.4956207e-02
   3.2746338e-01   9.2812455e-02
   3.0197113e-01   7.3633635e-02
   2.9079606e-01   7.7844080e-02
   2.6895865e-01   7.8427525e-02
   2.2571505e-01   7.9958282e-02
   2.0215410e-01   8.1493532e-02
   1.8253068e-01   7.9842465e-02
   1.5273886e-01   9.7315936e-02
   1.1376955e-01   1.0026737e-01
   6.1623927e-02   1.1247075e-01
   6.2641217e-02   1.0870216e-01
   5.1803397e-02   9.7189473e-02
   2.9266646e-02   9.8592468e-02
   0.0000000e+00   1.0415883e-01
  -5.0734955e-02   1.1609709e-01
  -6.7107440e-02   1.2499389e-01
  -9.1616842e-02   1.1496739e-01
  -1.2095214e-01   1.1780058e-01
  -1.4666675e-01   1.2754354e-01
  -1.8602043e-01   1.2981987e-01
  -1.9343810e-01   1.2846454e-01
  -2.3868310e-01   1.2964361e-01
  -2.6686937e-01   1.3448065e-01
  -2.8926037e-01   1.2117420e-01
  -3.2714341e-01   1.2034453e-01
  -3.3148522e-01   1.1809282e-01
  -3.4699780e-01   1.1942820e-01
  -3.5286539e-01   1.1682365e-01
  -3.6129064e-01   1.1520134e-01
  -3.8550377e-01   9.9988356e-02
  -3.9726659e-01   9.8485731e-02
  -4.0070945e-01   9.5800727e-02
  -4.1070157e-01   9.4612109e-02
  -4.2004074e-01   8.8830045e-02
  -4.4357665e-01   7.2679031e-02
  -4.5640657e-01   7.6564471e-02
  -2.1509841e-01  -1.3155340e-01
  -1.9418239e-01  -1.2535128e-01
  -1.6891199e-01  -1.3575480e-01
  -1.5883294e-01  -1.3338092e-01
  -1.3839930e-01  -1.3617164e-01
  -1.1874605e-01  -1.3312659e-01
  -8.6546116e-02  -1.2774078e-01
  -7.2480089e-02  -1.3396267e-01
  -4.4800870e-02  -1.4165976e-01
  -1.4775095e-02  -1.5866605e-01
  -1.3629989e-03  -1.5171540e-01
   2.9879986e-02  -1.5486522e-01
   6.1196342e-02  -1.5873487e-01
   1.1080887e-01  -1.6925300e-01
   1.4012603e-01  -1.7012839e-01
   1.6402332e-01  -1.7709926e-01
   1.7709798e-01  -1.7252228e-01
   1.8638856e-01  -1.7120605e-01
   2.1527347e-01  -1.6791444e-01
   2.3361509e-01  -1.6746186e-01
   2.6687768e-01  -1.6556349e-01
   2.8780012e-01  -1.7303074e-01
   3.1192534e-01  -1.7058410e-01
   3.3908456e-01  -1.6487232e-01
   3.5017151e-01  -1.5803244e-01
   3.8453415e-01  -1.4729601e-01
   3.9914177e-01  -1.4724761e-01
   4.2986900e-01  -1.3190207e-01
   4.5997343e-01  -1.2867544e-01
   4.2416768e-01  -1.2687962e-01
   4.8517968e-01  -1.2457556e-01
   4.8600764e-01  -1.0106956e-01
   5.1540190e-01  -1.0687690e-01
   5.1720200e-01  -9.1429910e-02
   5.3795771e-01  -9.2848210e-02
   5.3619545e-01  -7.9981768e-02
   5.4591425e-01  -6.3168488e-02
   5.4619537e-01  -5.3406948e-02
   5.6415717e-01  -5.2899064e-02
   5.7702765e-01  -4.8325205e-02
   5.7430684e-01  -3.4483600e-02
   5.8502500e-01  -2.5474107e-02
   5.6831181e-01  -1.0119918e-02
   5.8333210e-01   1.0577416e-03
   5.7190061e-01   1.0099855e-02
   5.7497318e-01   1.3852018e-02
   5.8922108e-01   2.1780505e-02
   5.9214397e-01   2.6335028e-02
   6.0326207e-01   4.5098876e-02
   1.0898803e-01   3.2190941e-01
   7.3959681e-02   3.3412854e-01
   7.1550424e-02   3.3452752e-01
   4.3236864e-02   3.4128192e-01
   1.1132719e-02   3.4794477e-01
  -1.7344151e-02   3.5543711e-01
  -3.3682883e-02   3.4939140e-01
  -3.7624167e-02   3.4683003e-01
  -5.5973194e-02   3.5277902e-01
  -8.7347813e-02   3.5632038e-01
  -1.0105741e-01   3.6020092e-01
  -1.0838994e-01   3.4614996e-01
  -1.1900792e-01   3.5662611e-01
  -1.4491094e-01   3.4129361e-01
  -1.5888243e-01   3.3312579e-01
  -1.7869599e-01   3.3417754e-01
  -2.1448285e-01   3.2297441e-01
  -2.0503318e-01   3.1822226e-01
  -2.1177019e-01   3.0691055e-01
  -2.1418305e-01   2.9585337e-01
  -2.4538595e-01   2.8616660e-01
  -2.6181618e-01   2.6800309e-01
  -2.6961272e-01   2.6675737e-01
  -2.7790232e-01   2.2921764e-01
  -3.0744271e-01   2.3616909e-01
  -2.9764960e-01   2.0731240e-01
  -3.1337623e-01   1.9123922e-01
  -3.0186002e-01   1.8613993e-01
  -3.2017330e-01   1.7704713e-01
  -3.2861140e-01   1.5890164e-01
  -3.4386280e-01   1.6663573e-01
  -3.5660963e-01   1.3957561e-01
  -3.5460897e-01   1.2432042e-01
  -3.6683365e-01   1.2126204e-01
  -3.6128940e-01   9.5157931e-02
  -3.5742440e-01   8.1432804e-02
  -3.5169994e-01   6.8502840e-02
  -3.4938537e-01   5.4889715e-02
  -3.2728545e-01   4.6072886e-02
  -3.2281941e-01   3.1587694e-02
  -2.9873335e-01   1.6958359e-02
  -3.0174745e-01   5.8450593e-03
  -2.9693779e-01   2.9341514e-03
  -2.6187545e-01  -7.0707468e-03
  -2.5792736e-01  -2.0678085e-02
  -2.4656913e-01  -2.9212375e-02
  -2.3821357e-01  -3.9855736e-02
  -2.2614119e-01  -5.1681645e-02
  -2.2162872e-01  -5.8889321e-02
   1.0588957e-01  -2.7064525e-01
   1.3527908e-01  -2.6216475e-01
   1.5167164e-01  -2.6810766e-01
   1.4923281e-01  -2.7044343e-01
   1.3806467e-01  -2.5639616e-01
   1.5325386e-01  -2.5461701e-01
   1.5674583e-01  -2.5738515e-01
   1.9060311e-01  -2.6081697e-01
   2.1453068e-01  -2.4877451e-01
   2.3963491e-01  -2.4667170e-01
   2.5744075e-01  -2.4179362e-01
   2.6378290e-01  -2.3932539e-01
   2.7475054e-01  -2.3814004e-01
   2.7220505e-01  -2.2738503e-01
   2.8026597e-01  -2.2377149e-01
   2.8889791e-01  -2.2021857e-01
   3.1458951e-01  -2.1274777e-01
   3.1955508e-01  -1.9550788e-01
   3.3622624e-01  -1.9529593e-01
   3.4798487e-01  -1.8975448e-01
   3.6467590e-01  -1.8274206e-01
   3.6048331e-01  -1.7403817e-01
   3.6443912e-01  -1.6034404e-01
   3.7716473e-01  -1.5340441e-01
   3.8216842e-01  -1.4394569e-01
   3.9509926e-01  -1.3813456e-01
   3.9827224e-01  -1.2026420e-01
   4.1414966e-01  -1.0848420e-01
   4.3038323e-01  -9.3919464e-02
   4.5604521e-01  -8.6132628e-02
   4.6557187e-01  -7.9684632e-02
   4.8305379e-01  -5.9431418e-02
   5.0694098e-01  -5.4820354e-02
   5.2325231e-01  -4.7391407e-02
   5.3608293e-01  -2.6915754e-02
   5.3044433e-01  -1.6793980e-02
   5.4461456e-01  -6.7226728e-03
   5.5680488e-01   3.8924283e-03
   5.6623230e-01   1.1081480e-02
   5.7662777e-01   2.8850171e-02
   5.6778564e-01   3.2011872e-02
   5.6605082e-01   4.6522502e-02
   5.6320111e-01   6.1189982e-02
   5.4854453e-01   7.1199619e-02
   5.4836769e-01   8.8359297e-02
   5.4891812e-01   1.0013880e-01
   5.7046782e-01   9.3266698e-02
   5.5548311e-01   1.1520582e-01
   5.7166976e-01   9.8054166e-02
   1.1004370e-01   1.7233295e-01
   8.1119646e-02   1.6218555e-01
   6.4550190e-02   1.6882322e-01
   5.4009745e-02   1.7368226e-01
   4.9281220e-02   1.4532771e-01
   2.1043098e-02   1.5128276e-01
   2.3561883e-02   1.4234980e-01
   1.3973014e-03   1.3032936e-01
   9.7676675e-03   1.4148860e-01
  -5.5882239e-03   1.2530110e-01
  -3.8250419e-02   1.1327174e-01
  -3.6544026e-02   1.3425206e-01
  -9.2467396e-02   1.2803023e-01
  -8.3124529e-02   1.0075738e-01
  -1.1521771e-01   1.1501578e-01
  -1.6814879e-01   1.2926178e-01
  -2.0042931e-01   1.0157475e-01
  -2.1376483e-01   1.0402224e-01
  -2.6006642e-01   1.0787941e-01
  -3.0069235e-01   1.0306752e-01
  -2.7267545e-01   1.0453329e-01
  -3.0602722e-01   1.0694377e-01
  -3.0508433e-01   7.7057620e-02
  -3.0427884e-01   1.1814772e-01
  -3.4731949e-01   1.0297831e-01
  -3.4878553e-01   9.4904402e-02
  -3.4010652e-01   9.0152652e-02
  -3.7767609e-01   9.9950237e-02
  -4.1644340e-01   9.1380892e-02
  -4.3830727e-01   9.5692810e-02
  -4.4303032e-01   7.7114236e-02
  -4.6676313e-01   8.8533233e-02
  -4.9738458e-01   8.6704064e-02
  -5.3172727e-01   9.2073939e-02
  -5.3781289e-01   8.7261615e-02
  -5.1231120e-01   7.9181251e-02
  -4.9357772e-01   7.8543198e-02
  -5.0006746e-01   7.2668395e-02
  -5.0484514e-01   7.3432638e-02
  -5.2050966e-01   7.5552308e-02
  -5.4431383e-01   7.0168813e-02
  -5.5300903e-01   6.0621565e-02
  -5.6201148e-01   6.1256202e-02
  -5.5594841e-01   5.1690912e-02
  -5.3268936e-01   4.6419356e-02
  -5.2749049e-01   3.2261003e-02
  -5.2576230e-01   2.8158163e-02
  -5.0538886e-01   1.9323211e-02
  -5.0004103e-01   1.3436882e-02
  -4.9315608e-02  -1.0995485e-01
  -2.7372881e-02  -1.0331825e-01
  -1.3811705e-03  -1.0070681e-01
   8.2372815e-03  -1.0967664e-01
   0.0000000e+00  -1.0250259e-01
   2.7632204e-03  -8.5217209e-02
   4.1209470e-02  -9.1172900e-02
   7.6386047e-02  -9.7480370e-02
   1.0523325e-01  -1.0108250e-01
   1.2266432e-01  -8.9961042e-02
   1.5303920e-01  -9.2147281e-02
   1.4913114e-01  -8.2876647e-02
   1.5819607e-01  -8.5422378e-02
   1.6889170e-01  -7.6436050e-02
   1.9172772e-01  -7.4362397e-02
   2.1173625e-01  -7.4715209e-02
   2.3643153e-01  -7.1228911e-02
   2.6615759e-01  -6.6224585e-02
   2.7978023e-01  -6.0480720e-02
   2.9481620e-01  -5.8682232e-02
   3.0684593e-01  -4.7189522e-02
   3.2762729e-01  -5.2303428e-02
   3.3701663e-01  -6.1294512e-02
   3.3205418e-01  -6.6274961e-02
   3.1682028e-01  -6.1394124e-02
   3.1800333e-01  -5.6390576e-02
   3.3263322e-01  -2.9330071e-02
   3.5401452e-01  -1.6944199e-02
   3.8016224e-01  -1.9739885e-02
   3.9256092e-01  -1.9833146e-02
   3.9721886e-01  -2.2108110e-03
   4.1955526e-01   2.0926756e-02
   4.3915981e-01   3.0004903e-02
   4.5173110e-01   3.5720534e-02
   4.6080643e-01   4.4419345e-02
   4.5539198e-01   6.4780384e-02
   4.6261510e-01   7.5129767e-02
   4.7131798e-01   7.6385637e-02
   4.7692693e-01   8.0450738e-02
   4.8322012e-01   1.0107582e-01
   4.9602793e-01   1.0226631e-01
   4.9753142e-01   1.0538614e-01
   5.1658970e-01   1.1495850e-01
   5.5072379e-01   1.0853642e-01
   5.2660843e-01   1.1294725e-01
   5.4037339e-01   1.2661241e-01
   5.2606140e-01   1.4180628e-01
   5.1557861e-01   1.3405339e-01
  -1.4386604e-02   2.5876552e-01
  -3.0113049e-02   2.5398133e-01
  -5.5408478e-02   2.6318931e-01
  -5.9414413e-02   2.5035902e-01
  -7.3045353e-02   2.4328596e-01
  -9.4323599e-02   2.3796445e-01
  -1.3456633e-01   2.4624534e-01
  -1.6130323e-01   2.4205509e-01
  -1.6306869e-01   2.4047329e-01
  -1.8037345e-01   2.3825777e-01
  -1.8964573e-01   2.2646988e-01
  -2.1638223e-01   2.2688709e-01
  -2.3272943e-01   2.3041515e-01
  -2.2687463e-01   2.1362620e-01
  -2.2657834e-01   2.1321304e-01
  -2.5576657e-01   2.0456021e-01
  -2.4931165e-01   1.9965122e-01
  -2.9832080e-01   1.9753340e-01
  -3.4734589e-01   1.5846819e-01
  -3.1745378e-01   1.6433172e-01
  -3.5917208e-01   1.6024939e-01
  -3.3492089e-01   1.4886619e-01
  -3.4928847e-01   1.3686044e-01
  -3.7896240e-01   1.3117554e-01
  -3.6875353e-01   1.2341732e-01
  -3.9667508e-01   1.0558911e-01
  -4.2656337e-01   9.0309696e-02
  -4.0994371e-01   9.1010361e-02
  -4.2098258e-01   7.1953125e-02
  -4.1535579e-01   6.7146340e-02
  -4.0667408e-01   5.5817052e-02
  -4.2770542e-01   4.8667598e-02
  -4.0122760e-01   3.9420086e-02
  -4.2215906e-01   2.1400070e-02
  -4.1641561e-01   8.9840872e-03
  -4.0736100e-01   1.5015429e-02
  -4.0082283e-01  -1.6603222e-03
  -4.0390090e-01  -1.3287660e-02
  -4.1413618e-01  -1.5088348e-02
  -4.1257506e-01  -2.4518238e-02
  -4.2536699e-01  -2.9575884e-02
  -4.2862613e-01  -3.9547235e-02
  -4.3905191e-01  -4.4964920e-02
  -4.3683899e-01  -5.0326403e-02
  -4.3154243e-01  -5.4358558e-02
  -4.1591432e-01  -6.5410931e-02
  -3.9556259e-01  -8.0649520e-02
  -3.9214825e-01  -8.8793467e-02
  -3.9192907e-01  -8.3639797e-02
   6.0203160e-02  -1.8704516e-01
   1.0253235e-01  -1.8568473e-01
   1.0980499e-01  -1.6921151e-01
   1.4134587e-01  -1.8024509e-01
   1.7252184e-01  -1.6841930e-01
   1.9070517e-01  -1.7031833e-01
   2.1928672e-01  -1.6515918e-01
   2.3748833e-01  -1.6221395e-01
   2.6514196e-01  -1.4847312e-01
   2.8239011e-01  -1.3959911e-01
   3.0662386e-01  -1.3688743e-01
   3.3970570e-01  -1.4091496e-01
   3.6133321e-01  -1.3410909e-01
   3.9733652e-01  -1.2506010e-01
   4.1171919e-01  -1.0944635e-01
   4.1049754e-01  -9.4324173e-02
   4.1354475e-01  -7.3008276e-02
   4.1174383e-01  -6.6839294e-02
   4.3961394e-01  -6.4753057e-02
   4.6657842e-01  -5.2015404e-02
   4.8904653e-01  -5.8460067e-02
   5.1422209e-01  -5.5218543e-02
   5.2510116e-01  -4.6343956e-02
   5.4548108e-01  -3.4141618e-02
   5.5546032e-01  -9.5900715e-03
   5.5158066e-01  -1.5885568e-03
   5.4244929e-01   4.7574403e-03
   5.4599599e-01   6.3310076e-03
   5.4448115e-01   2.1066555e-02
   5.6554280e-01   2.9761077e-02
   5.6863176e-01   3.8482295e-02
   5.8896143e-01   3.7579172e-02
   5.9458185e-01   4.8549718e-02
   6.0645530e-01   5.8197445e-02
   6.1270155e-01   7.1024129e-02
   6.2658579e-01   5.9138167e-02
   6.1558399e-01   6.8663073e-02
   5.9807083e-01   8.7990889e-02
   5.9597167e-01   9.4028992e-02
   5.7419815e-01   1.0202607e-01
   5.8686456e-01   1.0105730e-01
   5.8192366e-01   1.1995645e-01
   5.6654185e-01   1.1426944e-01
   5.4418811e-01   1.4111193e-01
   5.5162988e-01   1.2405134e-01
   5.3726854e-01   1.4018284e-01
   5.1355357e-01   1.4606545e-01
   4.8256671e-01   1.5739646e-01
   4.7260369e-01   1.6325101e-01
  -1.9142250e-01   1.9999595e-01
  -1.7486808e-01   1.8855849e-01
  -1.8573136e-01   1.6854081e-01
  -1.9805558e-01   1.7054270e-01
  -2.6373400e-01   1.6976293e-01
  -2.7093752e-01   1.4768152e-01
  -2.8442705e-01   1.4857712e-01
  -2.8255442e-01   1.2206581e-01
  -3.0966382e-01   1.4429831e-01
  -3.2884643e-01   1.1176876e-01
  -3.4477987e-01   1.0318208e-01
  -3.7779627e-01   8.4239238e-02
  -3.7895004e-01   1.0069027e-01
  -3.6159418e-01   8.3793774e-02
  -4.0553450e-01   8.9655183e-02
  -4.1071932e-01   9.2468612e-02
  -4.1806329e-01   6.3294118e-02
  -4.2005685e-01   7.2625759e-02
  -4.9819077e-01   7.7403384e-02
  -5.1055156e-01   8.0718981e-02
  -4.9041926e-01   5.2274139e-02
  -4.8724498e-01   5.6163671e-02
  -4.8784246e-01   5.2581651e-02
  -5.0052966e-01   4.3692752e-02
  -4.9690181e-01   3.5239577e-02
  -4.6628633e-01   2.5686525e-02
  -4.6414747e-01   1.0267052e-02
  -4.7674040e-01   2.3261618e-02
  -4.7233089e-01   2.9240397e-02
  -4.5262046e-01   1.3613718e-02
  -4.3846968e-01  -2.1828326e-03
  -4.4584748e-01  -3.8059813e-03
  -4.2050304e-01  -1.0376336e-02
  -4.1577953e-01  -6.5937006e-03
  -3.9737551e-01  -1.1654143e-02
  -4.0051609e-01  -1.4989721e-02
  -3.9029719e-01  -2.3821720e-02
  -3.7717563e-01  -2.5970390e-02
  -3.9281807e-01  -2.2995696e-02
  -3.6556300e-01  -3.7629268e-02
  -3.5893496e-01  -3.3854615e-02
  -3.3526219e-01  -4.6244835e-02
  -3.3141989e-01  -4.7618141e-02
  -3.3124939e-01  -3.5246444e-02
  -3.2400226e-01  -3.6223765e-02
  -3.2273899e-01  -4.7107648e-02
  -3.0617541e-01  -4.4574820e-02
  -3.0208130e-01  -4.4046619e-02
  -2.8619868e-01  -5.0455709e-02
