  -3.9848426e-02   1.5608608e-01
  -5.4891373e-03  -7.5240392e-02
   0.0000000e+00  -7.9018405e-02
  -1.3691529e-03  -7.6233328e-02
   8.2078539e-03  -8.3768909e-02
   0.0000000e+00  -8.2772681e-02
   1.0817077e-02  -8.9165422e-02
   5.4319002e-03  -9.5427777e-02
   1.6311189e-02  -9.9051849e-02
   2.3071468e-02  -1.0716904e-01
   2.6831530e-02  -1.1413474e-01
   2.8074302e-02  -1.1548459e-01
   2.6591991e-02  -1.2485853e-01
   2.7777249e-02  -1.3545352e-01
   1.8646762e-02  -1.3586445e-01
   2.2481317e-02  -1.4323466e-01
   2.5221044e-02  -1.4623290e-01
   2.9401012e-02  -1.4239510e-01
   3.4760024e-02  -1.4855386e-01
   4.5459250e-02  -1.4363511e-01
   4.2596819e-02  -1.4906341e-01
   3.9807790e-02  -1.5161969e-01
   2.7817523e-02  -1.5321021e-01
   3.0366127e-02  -1.6248090e-01
   4.2304804e-02  -1.6391264e-01
   4.6314961e-02  -1.7030037e-01
   4.6009535e-02  -1.7531680e-01
   3.8275592e-02  -1.7549632e-01
   3.9416940e-02  -1.8028330e-01
   4.7617296e-02  -1.7523969e-01
   4.7428518e-02  -1.7699350e-01
   4.0569509e-02  -1.8200904e-01
   5.0053259e-02  -1.8326920e-01
   4.7492789e-02  -1.8615429e-01
   4.3750544e-02  -1.8270378e-01
   4.9961453e-02  -1.8671627e-01
   3.6321815e-02  -2.0183779e-01
   4.0134363e-02  -2.0524953e-01
   4.2519589e-02  -2.0995260e-01
   3.2114949e-02  -2.0993226e-01
   4.3667633e-02  -2.0145834e-01
   4.5087582e-02  -2.0149581e-01
   4.0071779e-02  -2.0618258e-01
   5.1769161e-02  -2.0575274e-01
   4.2748708e-02  -2.1124314e-01
   4.5232960e-02  -2.1000871e-01
   5.2796574e-02  -2.1431673e-01
   5.4162238e-02  -2.1531802e-01
   3.9534706e-02  -3.7959360e-02
   5.1726405e-02  -3.3349179e-02
   4.3845871e-02  -2.8440250e-02
   3.1305207e-02  -2.3162279e-02
   2.0491753e-02  -1.1334726e-02
   2.4668780e-02  -5.6843301e-03
   2.4694497e-02  -3.9830735e-03
   2.7410941e-02  -2.2736430e-03
   3.2793371e-02   1.6999034e-03
   9.5288196e-03   2.1472724e-02
   9.5414153e-03   3.0009360e-02
   8.1729504e-03   4.4209711e-02
   1.3730656e-03   5.7832281e-02
   6.8423905e-03   5.9367221e-02
   1.3737194e-03   6.0757389e-02
   5.4617249e-03   6.0386072e-02
   0.0000000e+00   6.0325203e-02
   1.6275786e-02   5.8258347e-02
   6.7627632e-03   7.1837468e-02
  -9.4061520e-03   8.9755830e-02
  -1.0735030e-02   1.0124922e-01
  -1.4688399e-02   1.1595244e-01
  -1.0690471e-02   1.2494518e-01
  -5.3417585e-03   1.2665210e-01
  -1.2053844e-02   1.2703435e-01
  -9.3862724e-03   1.2121645e-01
  -1.3566558e-03   1.1131142e-01
  -2.6935473e-03   1.1759405e-01
  -1.6179788e-02   1.3337797e-01
  -6.7591954e-03   1.2405991e-01
  -1.9912506e-02   1.5296887e-01
  -1.1992903e-02   1.4441798e-01
  -2.6462285e-03   1.5796301e-01
  -2.2332406e-02   1.6655388e-01
  -1.1774936e-02   1.6031598e-01
  -1.9503847e-02   1.7890763e-01
  -2.3452256e-02   1.7493564e-01
  -3.1281870e-02   1.7810338e-01
  -1.5717130e-02   1.7658908e-01
  -1.0481140e-02   1.7602672e-01
  -1.8396149e-02   1.7220246e-01
  -2.8702499e-02   1.8017841e-01
  -3.1224409e-02   1.7774343e-01
  -3.1236988e-02   1.8471675e-01
  -3.1275064e-02   1.8433542e-01
  -3.2488815e-02   1.8945106e-01
  -1.9407871e-02   1.9745673e-01
  -3.0892160e-02   2.1172054e-01
  -3.8435186e-02   2.0926506e-01
  -3.3803470e-02   1.7511633e-01
  -4.3286694e-02   1.6745188e-01
  -3.1656736e-02   1.5800387e-01
  -3.3084102e-02   1.4392154e-01
  -4.0015348e-02   1.3723010e-01
  -3.5999056e-02   1.2282582e-01
  -3.4853946e-02   1.1048806e-01
  -2.6747820e-02   1.0847438e-01
  -2.4244350e-02   1.0221421e-01
  -2.6899663e-02   1.0970328e-01
  -3.2467440e-02   1.0443358e-01
  -2.3035993e-02   9.5790128e-02
  -1.6294373e-02   7.6745574e-02
  -2.4416969e-02   6.2840958e-02
  -1.0850409e-02   5.2551264e-02
  -2.4473446e-02   4.2982795e-02
  -2.7334138e-02   4.2062396e-02
  -2.5868713e-02   4.0194808e-02
  -2.3118864e-02   3.2770153e-02
  -1.2224720e-02   2.3684828e-02
  -1.2251340e-02   2.1472374e-02
  -9.5515474e-03   1.5287787e-02
  -1.1018338e-02   1.0856781e-02
  -8.2736797e-03   2.2880061e-03
  -1.1042939e-02  -5.7257798e-04
  -1.6494756e-02  -9.1235551e-03
  -6.8641457e-03  -1.5381286e-02
  -6.8595507e-03  -2.5635477e-02
  -1.6483976e-02  -3.3677399e-02
  -5.4799042e-03  -3.9307915e-02
  -4.1218497e-03  -4.0571238e-02
   4.1017249e-03  -5.2980425e-02
   2.7202473e-03  -5.3846044e-02
   2.7235170e-03  -5.8498865e-02
   8.1750980e-03  -6.6015033e-02
   6.8124568e-03  -7.5273973e-02
   2.7204130e-02  -8.9695609e-02
   2.2998209e-02  -9.4457449e-02
   1.8954544e-02  -9.8645780e-02
   1.7632101e-02  -1.0592111e-01
   1.0831664e-02  -1.0810671e-01
   2.1442483e-02  -1.1994357e-01
   2.1482384e-02  -1.2316084e-01
   2.9623758e-02  -1.2893354e-01
   3.4970343e-02  -1.3178548e-01
   2.9506948e-02  -1.3624365e-01
   3.0818984e-02  -1.3853020e-01
   3.6038677e-02  -1.4523589e-01
   2.5760802e-03  -2.1064176e-01
   1.2885986e-03  -2.1336046e-01
   5.1286677e-03  -2.1149064e-01
   6.4015993e-03  -2.1049375e-01
   0.0000000e+00  -2.0178138e-01
  -2.5786601e-03  -1.9099860e-01
   5.1981141e-03  -1.9141245e-01
   5.1887469e-03  -1.8912623e-01
  -7.8594970e-03  -1.8991444e-01
   2.6166464e-03  -1.8838406e-01
   2.6384278e-03  -1.8244566e-01
   9.2544955e-03  -1.8224037e-01
   0.0000000e+00  -1.6920863e-01
  -5.3174725e-03  -1.6311658e-01
   0.0000000e+00  -1.6089980e-01
   0.0000000e+00  -1.5762538e-01
   7.9869346e-03  -1.5590289e-01
   8.0496976e-03  -1.5225250e-01
   1.0707670e-02  -1.5063147e-01
   9.3459010e-03  -1.4228208e-01
   8.0163921e-03  -1.3572048e-01
   2.6829848e-03  -1.2545799e-01
   1.3473235e-03  -1.1645254e-01
   2.7009550e-03  -1.0663929e-01
   2.6977981e-03  -1.0710049e-01
   1.3574415e-03  -1.0010209e-01
   9.5465942e-03  -9.8212853e-02
   1.5117826e-02  -9.3038381e-02
   8.3161823e-03  -8.4899702e-02
   2.7745713e-03  -8.1412078e-02
   1.1107344e-02  -7.3773393e-02
   8.2809923e-03  -6.8052254e-02
   8.2479037e-03  -6.2539802e-02
   6.8231961e-03  -5.8048031e-02
   2.7254491e-03  -5.4523214e-02
  -1.3626184e-03  -4.8794301e-02
  -1.2216733e-02  -4.0078996e-02
  -5.4050832e-03  -2.5811416e-02
  -1.5023894e-02  -1.6436228e-02
  -4.0937378e-03  -1.4155648e-02
   2.7153690e-03  -1.4647858e-02
  -1.3563209e-02  -1.4632427e-02
  -2.5649372e-02  -3.9192926e-03
  -2.9757712e-02   6.1708455e-03
  -2.9897482e-02   1.5786660e-02
  -3.1252659e-02   1.8041485e-02
  -2.0454994e-02   2.4911190e-02
  -1.0901480e-02   2.0928610e-02
  -2.7448762e-02   1.7056876e-01
  -3.3754588e-02   1.7794079e-01
  -1.3005068e-02   1.7460261e-01
  -1.5609023e-02   1.8779091e-01
  -1.8249289e-02   1.8950160e-01
  -1.9558545e-02   1.9083479e-01
  -1.8297794e-02   1.9583622e-01
  -1.5603193e-02   1.9407315e-01
  -2.1977577e-02   1.9344649e-01
  -2.1814288e-02   2.0134405e-01
  -1.4118643e-02   2.0269727e-01
  -5.0826597e-03   2.1642609e-01
  -1.2696401e-03   2.2275292e-01
  -1.1420742e-02   2.2195239e-01
  -1.1345482e-02   2.2613371e-01
  -1.0123540e-02   2.2320161e-01
  -1.5182149e-02   2.1857562e-01
  -2.2829424e-02   2.2113517e-01
  -2.0268114e-02   2.2148476e-01
  -1.9027947e-02   2.2578953e-01
  -2.1576373e-02   2.2328679e-01
  -2.4250552e-02   2.1229652e-01
  -2.0527646e-02   2.1553147e-01
  -2.5687505e-02   2.1709765e-01
  -3.0747387e-02   2.1448906e-01
  -3.9596662e-02   2.1436238e-01
  -4.7214567e-02   2.1084270e-01
  -4.0946028e-02   2.0445449e-01
  -4.5952542e-02   2.0514217e-01
  -4.8883265e-02   1.9859967e-01
  -3.9929098e-02   1.9638484e-01
  -4.1306289e-02   1.9431106e-01
  -3.6277377e-02   1.8753604e-01
  -3.7833734e-02   1.7825963e-01
  -3.5188496e-02   1.7433343e-01
  -3.9335871e-02   1.7235894e-01
  -3.8042318e-02   1.7745561e-01
  -3.4308867e-02   1.6982776e-01
  -4.2695919e-02   1.5745098e-01
  -4.0237978e-02   1.5275924e-01
  -4.1646244e-02   1.4683892e-01
  -3.3862935e-02   1.3216230e-01
  -4.6198365e-02   1.2404753e-01
  -5.5718939e-02   1.0605401e-01
  -4.8782102e-02   9.5740167e-02
  -3.9173786e-02   9.6039603e-02
  -3.6469243e-02   8.5555104e-02
  -3.2434317e-02   8.7350066e-02
   2.1347907e-02  -1.0646508e-01
   1.8738118e-02  -1.1504918e-01
   9.4241520e-03  -1.1279470e-01
   1.3464199e-02  -1.2653735e-01
   9.3947243e-03  -1.3213145e-01
   1.1964586e-02  -1.4042053e-01
   2.2610267e-02  -1.3685593e-01
   1.8624884e-02  -1.3870680e-01
   1.7204097e-02  -1.3913952e-01
   1.4651028e-02  -1.3586970e-01
   2.2593300e-02  -1.4581746e-01
   2.5144437e-02  -1.5306090e-01
   7.9458022e-03  -1.5381199e-01
   3.9756259e-03  -1.5454103e-01
   1.8521207e-02  -1.6039141e-01
   1.0597151e-02  -1.5324009e-01
   7.9987527e-03  -1.5491511e-01
   8.0426671e-03  -1.6082336e-01
   5.3697090e-03  -1.6422657e-01
   1.3466905e-03  -1.5975095e-01
  -1.2054040e-02  -1.6255496e-01
  -2.9449652e-02  -1.6998692e-01
  -2.5523247e-02  -1.7128807e-01
  -2.2869492e-02  -1.7669104e-01
  -1.3426350e-02  -1.7440720e-01
  -4.0269314e-03  -1.7693344e-01
  -1.0685969e-02  -1.8432693e-01
  -3.9724634e-03  -1.8705184e-01
  -2.6400594e-03  -1.9090868e-01
   6.5499909e-03  -2.0090455e-01
   1.0444518e-02  -2.0143204e-01
   9.1715894e-03  -2.0420954e-01
   1.9458115e-02  -2.0189663e-01
   9.0459454e-03  -1.9784272e-01
   5.1532137e-03  -1.9971467e-01
   2.3050568e-02  -2.0663919e-01
   2.5558054e-02  -2.1194039e-01
   3.7009336e-02  -2.1415878e-01
   3.0679934e-02  -2.1135466e-01
   2.8151418e-02  -2.0966463e-01
   2.3164035e-02  -2.1039236e-01
   2.4382548e-02  -2.2018326e-01
   3.3442649e-02  -2.2139687e-01
   3.3424721e-02  -2.2725701e-01
   2.5657217e-02  -2.2406769e-01
   2.3090327e-02  -2.1745575e-01
   1.9200101e-02  -2.1431018e-01
   3.2135775e-02  -2.1399780e-01
   1.6262880e-02  -6.7376234e-02
   4.0803710e-03  -5.3845906e-02
  -4.1087224e-03  -3.3007977e-02
   0.0000000e+00  -3.2263374e-02
   8.3457005e-03  -3.1784736e-02
  -2.7634577e-03  -2.5819618e-02
   0.0000000e+00  -2.6802444e-02
  -2.2010619e-02  -1.4840024e-02
  -1.3640609e-02  -2.0949384e-02
  -1.2358869e-02  -7.9752507e-03
  -1.4945402e-02   1.9736956e-02
  -1.9093812e-02   2.3213043e-02
  -2.0330977e-02   2.5323756e-02
  -2.1841449e-02   3.5172684e-02
  -2.0552519e-02   3.8164428e-02
  -1.3671000e-02   5.9304461e-02
  -2.7380157e-02   5.1313188e-02
  -1.5068449e-02   5.9424828e-02
  -2.1814554e-02   5.7413746e-02
  -1.2255047e-02   7.3486238e-02
  -2.7078901e-03   6.2159308e-02
  -1.6308387e-02   7.7392619e-02
  -1.3551867e-02   8.0644940e-02
  -2.4483717e-02   8.9699157e-02
  -1.7685746e-02   9.6187822e-02
  -2.5854280e-02   1.0211180e-01
  -1.6349463e-02   1.0463272e-01
  -2.1732098e-02   1.1382448e-01
  -1.3566558e-02   1.1130563e-01
  -4.0675589e-03   1.1303225e-01
  -1.8772545e-02   1.2120725e-01
  -2.6828298e-02   1.3082990e-01
  -4.0101880e-03   1.2678114e-01
  -2.6508809e-02   1.6070191e-01
  -2.3794365e-02   1.5104988e-01
  -2.1209839e-02   1.5826462e-01
  -1.0624550e-02   1.5428057e-01
  -1.7165918e-02   1.6006739e-01
  -2.2380362e-02   1.6632304e-01
  -1.7260710e-02   1.6351009e-01
  -2.2676050e-02   1.6244429e-01
  -7.9773885e-03   1.6065270e-01
  -2.3754437e-02   1.6551750e-01
  -1.8355355e-02   1.7054115e-01
  -2.2119550e-02   1.8720784e-01
  -1.9514712e-02   1.9674912e-01
  -2.8608349e-02   2.0829209e-01
  -3.8121752e-02   1.9834076e-01
  -4.4995409e-02   2.2385581e-01
  -4.8990677e-02   2.2256414e-01
  -4.8834005e-02   2.2774005e-01
  -3.6075995e-02   2.1520834e-01
  -5.1729525e-02   2.0882337e-01
  -5.4743273e-02   1.9507582e-01
  -4.8318640e-02   1.8977259e-01
  -4.7021333e-02   1.9687098e-01
  -5.4072101e-02   1.8477397e-01
  -6.7255797e-02   1.7895535e-01
  -5.9427820e-02   1.7424113e-01
  -5.4800100e-02   1.5583294e-01
  -5.4991904e-02   1.5269607e-01
  -4.2010069e-02   1.4820983e-01
  -5.1400793e-02   1.3801569e-01
  -6.6371353e-02   1.3203783e-01
  -6.4888276e-02   1.2391147e-01
  -5.7001768e-02   1.1006207e-01
  -6.3955325e-02   1.0201293e-01
  -5.3250429e-02   9.7663014e-02
  -4.9175525e-02   8.5346380e-02
  -4.7797550e-02   8.2401238e-02
  -4.5015067e-02   7.8812473e-02
  -3.8206521e-02   6.3778811e-02
  -4.2316855e-02   5.6313525e-02
  -4.2501308e-02   4.8497708e-02
  -3.4172787e-02   4.0920832e-02
  -3.4166010e-02   3.4066131e-02
  -3.1266805e-02   2.5960765e-02
  -2.8460728e-02   2.6446372e-02
  -1.6128260e-02   1.6731873e-02
  -3.0792527e-02   1.4996097e-02
  -2.9482150e-02   1.5567288e-02
  -1.2064375e-02   7.7851906e-03
  -2.6838754e-03  -2.2266358e-03
   0.0000000e+00  -1.3972056e-02
  -8.1068613e-03  -2.6933381e-02
  -4.0517426e-03  -3.1422704e-02
   9.4249207e-03  -4.0878998e-02
  -2.6980042e-03  -4.1522963e-02
  -4.0555803e-03  -4.7838979e-02
   0.0000000e+00  -5.5887097e-02
   4.0824850e-03  -6.7085983e-02
   2.7159006e-03  -7.2129669e-02
   8.1263027e-03  -9.0486123e-02
   1.3602065e-02  -8.9709615e-02
   1.3675629e-02  -8.4913576e-02
   1.0849516e-02  -9.2950072e-02
   6.5079266e-03  -2.0139080e-01
   1.2967845e-03  -2.0249223e-01
   1.2925101e-02  -2.0820160e-01
   2.0752305e-02  -2.1097770e-01
   1.9272250e-02  -2.1654606e-01
   2.0432012e-02  -2.2488344e-01
   1.5350486e-02  -2.1874260e-01
   1.2799228e-02  -2.2284554e-01
   1.5297150e-02  -2.2443902e-01
   6.3928137e-03  -2.2125986e-01
   1.2727515e-02  -2.2535422e-01
   1.1454494e-02  -2.2866657e-01
   0.0000000e+00  -2.2480493e-01
   1.2803389e-03  -2.2893431e-01
   0.0000000e+00  -2.2537283e-01
  -1.2837654e-03  -2.2296815e-01
   2.5598351e-03  -2.2617540e-01
   9.0325678e-03  -2.2630339e-01
   2.5958599e-03  -2.1845155e-01
  -5.2061380e-03  -2.1382687e-01
   1.3037632e-03  -2.1093900e-01
   2.6182761e-03  -2.0206143e-01
  -2.6135076e-03  -2.0164566e-01
  -3.9283008e-03  -1.9433173e-01
   0.0000000e+00  -1.8359712e-01
  -2.6222220e-03  -1.8247153e-01
  -7.9093944e-03  -1.7596393e-01
  -5.2991625e-03  -1.7629480e-01
   1.3282744e-03  -1.8705384e-01
   5.3498370e-03  -1.7177055e-01
   1.3405674e-03  -1.7540053e-01
  -6.6964912e-03  -1.7521593e-01
   0.0000000e+00  -1.6316337e-01
   2.6943787e-03  -1.6549392e-01
   0.0000000e+00  -1.5875389e-01
   8.0884740e-03  -1.5304053e-01
   1.3433521e-02  -1.4936386e-01
   6.7089826e-03  -1.4733618e-01
   4.0430680e-03  -1.3453735e-01
   1.4828529e-02  -1.3639416e-01
   2.0317311e-02  -1.2430178e-01
   2.8292328e-02  -1.1940116e-01
   1.7437025e-02  -1.1471620e-01
   9.3905303e-03  -9.8887543e-02
   0.0000000e+00  -9.0704225e-02
   0.0000000e+00  -9.3895582e-02
  -6.7279550e-03  -8.4676344e-02
  -2.1721063e-02   1.0305369e-01
  -2.0405843e-02   1.1521262e-01
  -5.4031293e-03   1.1497350e-01
  -1.6202042e-02   1.1909124e-01
  -1.7610003e-02   1.2130336e-01
  -2.2958818e-02   1.2391563e-01
  -2.0294647e-02   1.3752738e-01
  -1.6211936e-02   1.4346005e-01
  -2.9395137e-02   1.5216640e-01
   1.0776747e-02   1.4057137e-01
  -1.3377055e-02   1.5859097e-01
   1.0778996e-02   1.4490229e-01
  -9.3419363e-03   1.6568641e-01
  -1.3266444e-02   1.6523723e-01
  -7.9003827e-03   1.8016053e-01
  -6.5605971e-03   1.7506901e-01
  -1.3033505e-03   1.9717492e-01
  -1.1840255e-02   1.8570049e-01
  -5.2345983e-03   1.9355735e-01
   1.3034113e-03   1.7815594e-01
   0.0000000e+00   1.7669355e-01
   6.5461519e-03   1.7339878e-01
   1.3050961e-03   1.9105199e-01
   2.5997112e-03   1.9465811e-01
   2.5728653e-03   2.0580668e-01
   1.1574237e-02   2.1155934e-01
  -2.5677049e-03   2.1441911e-01
  -2.5535549e-03   2.2354332e-01
  -1.4118930e-02   2.2490375e-01
  -9.0102338e-03   2.2364926e-01
  -9.0148694e-03   2.2780047e-01
  -1.1571408e-02   2.3207249e-01
  -2.5768979e-02   2.3193397e-01
  -2.0467682e-02   2.3675805e-01
  -3.0582700e-02   2.4586290e-01
  -3.4564362e-02   2.4512166e-01
  -2.9370295e-02   2.5204445e-01
  -2.5497922e-02   2.4671732e-01
  -3.0652091e-02   2.4240004e-01
  -2.1583242e-02   2.4209443e-01
  -2.0285876e-02   2.3629885e-01
  -1.9008488e-02   2.3549188e-01
  -2.5342071e-02   2.3880742e-01
  -3.8115896e-02   2.3613022e-01
  -4.9404071e-02   2.3590364e-01
  -4.3281206e-02   2.2329848e-01
  -3.4560182e-02   2.1425455e-01
  -2.1847702e-02   2.1267689e-01
