   4.6606671e-02  -7.1031719e-02
  -5.2935656e-03   1.5308817e-01
  -5.2852832e-03   1.5650277e-01
   0.0000000e+00   1.6333333e-01
   2.6332392e-03   1.6822776e-01
   2.1336406e-02   1.7755073e-01
  -2.3614971e-02   1.8510676e-01
  -1.9606764e-02   1.8436173e-01
  -1.9616421e-02   1.9660913e-01
  -1.3037346e-02   2.0566813e-01
  -3.9144104e-03   2.0065613e-01
  -2.6048565e-02   2.1262757e-01
  -2.3272008e-02   2.2142437e-01
  -3.2258640e-02   2.1955808e-01
  -3.4542207e-02   2.3333952e-01
  -4.0768326e-02   2.3823070e-01
  -4.6843480e-02   2.4934787e-01
  -4.3053009e-02   2.5219144e-01
  -4.9285094e-02   2.5360931e-01
  -5.3071907e-02   2.5216813e-01
  -6.2976255e-02   2.5384744e-01
  -5.4212576e-02   2.4941140e-01
  -6.2869414e-02   2.5332968e-01
  -6.3998570e-02   2.5477200e-01
  -6.1747886e-02   2.4851425e-01
  -6.4145808e-02   2.4520429e-01
  -6.1525275e-02   2.4473290e-01
  -6.9187332e-02   2.4181622e-01
  -6.9990280e-02   2.4397363e-01
  -8.8662437e-02   2.4349293e-01
  -8.4928019e-02   2.4024300e-01
  -8.7624757e-02   2.3355340e-01
  -8.8227757e-02   2.2423340e-01
  -8.2411116e-02   2.2126098e-01
  -8.6287571e-02   2.1817517e-01
  -8.6303928e-02   2.1952317e-01
  -7.7563076e-02   2.1489096e-01
  -7.1157235e-02   2.1608313e-01
  -6.3998956e-02   2.0373681e-01
  -6.0298407e-02   1.9792314e-01
  -6.3736843e-02   1.8757246e-01
  -6.6845007e-02   1.8089806e-01
  -6.3463080e-02   1.7192336e-01
  -5.6029802e-02   1.6421309e-01
  -6.0199524e-02   1.5162471e-01
  -5.7631473e-02   1.4273040e-01
  -5.0981418e-02   1.2777370e-01
  -4.3140937e-02   1.1171260e-01
  -4.6006652e-02   1.0679289e-01
   6.8965095e-02  -1.3361603e-01
   6.4974888e-02  -1.3867259e-01
   6.0633906e-02  -1.3985021e-01
   5.8661610e-02  -1.4071422e-01
   5.3521069e-02  -1.3945464e-01
   4.6607221e-02  -1.5278563e-01
   4.0038122e-02  -1.5688658e-01
   3.8476663e-02  -1.6706458e-01
   3.0536126e-02  -1.6783822e-01
   3.5585049e-02  -1.7022112e-01
   3.1376191e-02  -1.7619136e-01
   4.6898418e-02  -1.8483569e-01
   5.3263472e-02  -1.8047188e-01
   5.8427022e-02  -1.8533938e-01
   4.4062933e-02  -1.8128587e-01
   4.5250111e-02  -1.8956788e-01
   3.8757986e-02  -1.9642026e-01
   3.2609441e-02  -2.0116578e-01
   3.9525459e-02  -1.9428688e-01
   3.6811520e-02  -2.0360343e-01
   4.3294788e-02  -2.0178361e-01
   3.1303983e-02  -2.1362605e-01
   2.8643598e-02  -2.1319583e-01
   2.2191581e-02  -2.1054605e-01
   3.0000056e-02  -2.0835381e-01
   2.6158898e-02  -2.0181095e-01
   3.2512746e-02  -2.0633861e-01
   3.7384895e-02  -2.1599494e-01
   3.0901066e-02  -2.1637658e-01
   3.5888439e-02  -2.2379378e-01
   4.1131294e-02  -2.2250339e-01
   4.2543546e-02  -2.1927956e-01
   4.7580449e-02  -2.1663798e-01
   5.5466090e-02  -2.1144068e-01
   6.1860342e-02  -2.1117542e-01
   5.7800210e-02  -2.1170098e-01
   5.1524724e-02  -2.0336538e-01
   5.0169667e-02  -1.9859186e-01
   5.3022666e-02  -1.9084789e-01
   5.3395905e-02  -1.8536762e-01
   4.6002883e-02  -1.8539853e-01
   5.5152589e-02  -1.8706754e-01
   6.6083483e-02  -1.8257993e-01
   6.5288108e-02  -1.7084466e-01
   5.7559581e-02  -1.6355772e-01
   5.1406522e-02  -1.4975921e-01
   4.2271347e-02  -1.4109312e-01
  -1.3662029e-02   3.6914937e-02
  -5.4442206e-03   3.4504769e-02
  -8.1228533e-03   3.7145053e-02
  -8.1014827e-03   4.2125616e-02
  -1.4824819e-02   4.8253582e-02
  -4.0417149e-03   5.0500774e-02
   5.3741747e-03   7.0210067e-02
   2.0061298e-02   7.2719109e-02
   3.9938032e-03   8.7185238e-02
  -1.3268975e-03   1.0181813e-01
   5.2930748e-03   1.1020891e-01
   5.2961109e-03   1.1435344e-01
   2.2557257e-02   1.2223565e-01
   1.9839026e-02   1.3068935e-01
   2.5019485e-02   1.4138262e-01
   1.8347569e-02   1.5450630e-01
   1.0391805e-02   1.6272022e-01
  -1.3026465e-03   1.7929069e-01
   1.7018794e-02   1.7150639e-01
  -1.0466566e-02   1.8456528e-01
  -1.3171233e-02   1.7958074e-01
  -1.7158024e-02   1.7555820e-01
  -2.2390201e-02   1.7765990e-01
  -2.3716969e-02   1.8855669e-01
  -1.8497534e-02   1.9108649e-01
  -3.6802254e-02   2.0223390e-01
  -3.7817474e-02   2.1221884e-01
  -3.8855880e-02   2.2181323e-01
  -4.3909917e-02   2.2976495e-01
  -4.8774440e-02   2.3618585e-01
  -5.2988614e-02   2.2854337e-01
  -5.5911209e-02   2.2878254e-01
  -5.4710134e-02   2.2588219e-01
  -3.8793815e-02   2.2273886e-01
  -5.2518061e-02   2.3288686e-01
  -5.6270466e-02   2.3376570e-01
  -4.5881307e-02   2.3762269e-01
  -4.9896271e-02   2.4277824e-01
  -4.2214974e-02   2.4142866e-01
  -5.2401194e-02   2.4590110e-01
  -5.4728216e-02   2.4124346e-01
  -6.6068547e-02   2.4064230e-01
  -7.6004925e-02   2.4511104e-01
  -7.3760277e-02   2.4697483e-01
  -7.1332532e-02   2.4610567e-01
  -6.9542198e-02   2.5565612e-01
  -7.1654133e-02   2.5661193e-01
  -6.9182917e-02   2.5268867e-01
  -1.7792482e-02   2.9560877e-02
  -1.3658484e-03   1.5870437e-02
   0.0000000e+00   9.6453901e-03
  -2.7410941e-03   2.2741070e-03
   1.6513453e-02  -3.4248202e-03
   2.3510346e-02  -1.0326303e-02
   2.0695128e-02  -1.7748424e-02
   3.8545550e-02  -3.2591372e-02
   3.1644209e-02  -3.7742395e-02
   3.4003092e-02  -5.3828924e-02
   3.2505325e-02  -6.0446454e-02
   3.5101457e-02  -6.1387454e-02
   4.3227999e-02  -6.8270940e-02
   3.7899389e-02  -7.3014222e-02
   5.2911179e-02  -7.6046013e-02
   5.5554679e-02  -8.1146914e-02
   4.1634372e-02  -8.7932992e-02
   4.2547640e-02  -9.1609981e-02
   3.5763320e-02  -1.0102023e-01
   4.3957640e-02  -1.0217073e-01
   5.4695999e-02  -1.0055741e-01
   4.6807146e-02  -9.9093519e-02
   6.1519986e-02  -1.0837977e-01
   5.3403033e-02  -1.1348983e-01
   5.7221424e-02  -1.2250834e-01
   4.7866095e-02  -1.3254362e-01
   4.8039268e-02  -1.3365042e-01
   5.0866506e-02  -1.3347788e-01
   5.7410422e-02  -1.3730224e-01
   4.8296063e-02  -1.4291800e-01
   4.8189914e-02  -1.4563867e-01
   4.0094667e-02  -1.5155904e-01
   3.1970080e-02  -1.6093678e-01
   2.5436905e-02  -1.5683918e-01
   2.2552813e-02  -1.7148462e-01
   2.9244270e-02  -1.6743922e-01
   2.7938520e-02  -1.6571680e-01
   3.3163211e-02  -1.6955401e-01
   3.3068773e-02  -1.6280418e-01
   3.0384427e-02  -1.6755336e-01
   2.6059445e-02  -1.7680588e-01
   2.0736243e-02  -1.8702001e-01
   2.9862479e-02  -1.8926821e-01
   3.1082201e-02  -1.9571415e-01
   3.2394648e-02  -1.9838786e-01
   2.5934505e-02  -1.9345598e-01
   2.5760157e-02  -2.0540473e-01
   2.5769448e-02  -2.1002771e-01
   2.5792328e-02  -7.7873839e-02
   3.3957417e-02  -7.0971106e-02
   1.9011304e-02  -7.2122548e-02
   1.7557086e-02  -6.9429522e-02
   1.6230526e-02  -6.7240277e-02
   2.2996673e-02  -6.1523225e-02
   2.1694184e-02  -5.9951767e-02
   3.2450907e-02  -5.8633431e-02
   2.9835266e-02  -4.6843320e-02
   2.9762552e-02  -4.2763418e-02
   2.8369795e-02  -2.8610901e-02
   1.6059413e-02  -2.1665131e-02
   1.0655749e-02  -1.8242274e-02
   7.9866123e-03  -1.1045172e-02
   2.6650959e-03  -7.7393729e-03
   5.3350282e-03  -1.0513752e-02
   1.2099193e-02  -1.1154930e-02
   1.6216143e-02  -1.6815604e-03
   2.4275615e-02   1.6780504e-03
   1.2074648e-02   1.2246031e-02
  -4.0246719e-03   2.8417784e-02
   0.0000000e+00   3.8524427e-02
  -2.6981052e-03   4.8304818e-02
  -5.4166411e-03   5.5886642e-02
  -1.3610884e-03   5.5602808e-02
   6.8243642e-03   5.1166853e-02
  -6.8204752e-03   5.4577977e-02
  -1.0862833e-02   6.2912917e-02
  -2.4403692e-02   7.0271740e-02
  -2.5720830e-02   9.2177940e-02
  -2.8370590e-02   1.0547487e-01
  -3.1044009e-02   1.1128440e-01
  -3.0956621e-02   1.1927405e-01
  -2.9814153e-02   1.2013363e-01
  -2.4465432e-02   1.2051483e-01
  -2.1626866e-02   1.2704651e-01
  -2.8348583e-02   1.2505302e-01
  -3.9382850e-02   1.2278768e-01
  -4.1855190e-02   1.2987264e-01
  -3.7920246e-02   1.3762839e-01
  -4.7201667e-02   1.4742433e-01
  -4.6986092e-02   1.5972995e-01
  -2.7078288e-02   1.4562676e-01
  -2.9561606e-02   1.6435555e-01
  -2.9688780e-02   1.5068556e-01
  -2.2879264e-02   1.5212530e-01
  -2.5565810e-02   1.5707107e-01
  -3.3442325e-02   1.6291792e-01
  -9.6164871e-02   2.7308709e-01
  -1.0551463e-01   2.7058393e-01
  -1.0616279e-01   2.6478114e-01
  -1.0252413e-01   2.5969033e-01
  -9.5279359e-02   2.4981109e-01
  -9.4279482e-02   2.4861345e-01
  -1.0264642e-01   2.5032573e-01
  -9.9694098e-02   2.4054315e-01
  -9.9532879e-02   2.4144676e-01
  -1.0383824e-01   2.4064638e-01
  -9.8100328e-02   2.2838808e-01
  -8.4457460e-02   2.1956657e-01
  -8.6008309e-02   2.1297661e-01
  -8.3501337e-02   2.0215309e-01
  -8.9786313e-02   1.9954392e-01
  -8.8694493e-02   1.8603110e-01
  -8.7706104e-02   1.7921675e-01
  -7.4983903e-02   1.6965334e-01
  -7.8176576e-02   1.6534872e-01
  -7.3135674e-02   1.5794849e-01
  -7.0515065e-02   1.5006642e-01
  -6.3114585e-02   1.3811863e-01
  -5.4034783e-02   1.3111228e-01
  -5.2950660e-02   1.1489766e-01
  -5.1370683e-02   1.1260162e-01
  -6.2571818e-02   1.0316417e-01
  -5.0545781e-02   9.5947223e-02
  -4.6507782e-02   8.7823541e-02
  -5.1165899e-02   8.1679238e-02
  -2.8891938e-02   6.8402994e-02
  -3.5648207e-02   6.5253019e-02
  -3.3040572e-02   5.4491724e-02
  -2.6263746e-02   5.4722057e-02
  -2.6266348e-02   5.4146035e-02
  -3.0462580e-02   4.3774797e-02
  -3.4568126e-02   2.9282683e-02
  -2.7597611e-02   1.4884414e-02
  -2.7775999e-02   6.3361074e-03
  -5.5555438e-03   1.1522536e-03
  -5.5433036e-03  -9.7740449e-03
  -1.3703035e-02  -1.0801474e-02
  -2.7316967e-03  -1.5870413e-02
  -6.8404929e-03  -2.2149817e-02
   5.5009072e-03  -3.2571157e-02
   0.0000000e+00  -3.9630769e-02
   1.7894557e-02  -6.0876640e-02
   1.7848329e-02  -6.3617705e-02
   3.1222323e-02  -8.1928842e-02
   4.3016281e-02  -2.0226587e-01
   4.1821451e-02  -1.9767568e-01
   3.5278832e-02  -1.9443381e-01
   3.2656394e-02  -1.9309954e-01
   3.1280412e-02  -1.9711556e-01
   4.2853579e-02  -2.0529252e-01
   4.5141213e-02  -2.1344209e-01
   4.3836522e-02  -2.1402204e-01
   3.3200772e-02  -2.1823871e-01
   3.4503295e-02  -2.2368695e-01
   3.3365592e-02  -2.2014710e-01
   3.8710368e-02  -2.1952628e-01
   3.2161562e-02  -2.1945734e-01
   3.9809688e-02  -2.1897094e-01
   4.4789144e-02  -2.2134744e-01
   4.8671113e-02  -2.2154780e-01
   5.2687960e-02  -2.1774580e-01
   4.9208661e-02  -2.0655171e-01
   4.6948283e-02  -1.9781630e-01
   4.4551392e-02  -1.8731752e-01
   4.6059545e-02  -1.8501406e-01
   4.0985216e-02  -1.8599360e-01
   5.0173771e-02  -1.7867311e-01
   4.8820076e-02  -1.7602110e-01
   4.3630867e-02  -1.7203284e-01
   4.5157287e-02  -1.6910542e-01
   4.4102232e-02  -1.5834498e-01
   4.0251529e-02  -1.4972294e-01
   3.7669344e-02  -1.4830936e-01
   3.9131358e-02  -1.3648248e-01
   3.7745290e-02  -1.4369272e-01
   4.8483537e-02  -1.3861020e-01
   4.3334546e-02  -1.3271131e-01
   4.3173025e-02  -1.2916122e-01
   3.9382850e-02  -1.2278768e-01
   3.6347915e-02  -1.1869104e-01
   3.1013596e-02  -1.1117114e-01
   2.9849864e-02  -9.8260958e-02
   4.7827782e-02  -8.7730493e-02
   4.1063268e-02  -7.7343280e-02
   3.0109721e-02  -5.8782366e-02
   2.0547884e-02  -5.9421611e-02
   3.5475092e-02  -6.8977864e-02
   3.8060521e-02  -6.7558972e-02
   1.7633570e-02  -6.8010307e-02
   2.7208398e-02  -6.3597466e-02
   1.6460474e-02  -4.5093466e-02
   1.9147442e-02  -3.6382112e-02
  -3.9998503e-03   1.7181736e-01
  -1.8623148e-02   1.7834739e-01
  -1.0673954e-02   1.7448677e-01
  -2.3957077e-02   1.7525896e-01
  -5.3381736e-03   1.7199439e-01
  -1.0605937e-02   1.8088135e-01
  -1.8452307e-02   1.8607124e-01
  -3.2616232e-02   2.0971350e-01
  -2.5848673e-02   2.2199205e-01
  -3.8988024e-02   2.2470449e-01
  -1.4269878e-02   2.2770302e-01
  -1.0411662e-02   2.2585498e-01
  -3.3501747e-02   2.3668095e-01
  -1.6562000e-02   2.4310583e-01
  -3.6795503e-02   2.5843429e-01
  -2.4006543e-02   2.5858957e-01
  -3.1662335e-02   2.6566335e-01
  -2.4074077e-02   2.6655924e-01
  -2.8903349e-02   2.7238657e-01
  -3.6159451e-02   2.8045268e-01
  -3.7592208e-02   2.7638849e-01
  -4.0347533e-02   2.7199940e-01
  -4.2957854e-02   2.7051717e-01
  -4.4202044e-02   2.6964543e-01
  -4.7695657e-02   2.7543420e-01
  -4.6460694e-02   2.8066614e-01
  -4.6268012e-02   2.8211593e-01
  -5.0144312e-02   2.7859844e-01
  -5.2716253e-02   2.7538696e-01
  -4.5441661e-02   2.6590237e-01
  -4.4225350e-02   2.5989244e-01
  -6.0604037e-02   2.6089785e-01
  -5.9486461e-02   2.5121788e-01
  -4.7265885e-02   2.4511027e-01
  -4.9790913e-02   2.4285533e-01
  -4.6136977e-02   2.3374920e-01
  -4.9702268e-02   2.3286196e-01
  -3.9260743e-02   2.3792405e-01
  -4.7160222e-02   2.3426400e-01
  -4.3379151e-02   2.2786291e-01
  -3.8801292e-02   2.1219486e-01
  -3.7724029e-02   2.0052581e-01
  -3.3962650e-02   1.9309438e-01
  -2.4934651e-02   1.8644009e-01
  -3.6932065e-02   1.7474913e-01
  -4.2205375e-02   1.7283184e-01
  -3.9848426e-02   1.5608608e-01
  -5.4891373e-03  -7.5240392e-02
   0.0000000e+00  -7.9018405e-02
  -1.3691529e-03  -7.6233328e-02
   8.2078539e-03  -8.3768909e-02
   0.0000000e+00  -8.2772681e-02
   1.0817077e-02  -8.9165422e-02
   5.4319002e-03  -9.5427777e-02
   1.6311189e-02  -9.9051849e-02
   2.3071468e-02  -1.0716904e-01
   2.6831530e-02  -1.1413474e-01
   2.8074302e-02  -1.1548459e-01
   2.6591991e-02  -1.2485853e-01
   2.7777249e-02  -1.3545352e-01
   1.8646762e-02  -1.3586445e-01
   2.2481317e-02  -1.4323466e-01
   2.5221044e-02  -1.4623290e-01
   2.9401012e-02  -1.4239510e-01
   3.4760024e-02  -1.4855386e-01
   4.5459250e-02  -1.4363511e-01
   4.2596819e-02  -1.4906341e-01
   3.9807790e-02  -1.5161969e-01
   2.7817523e-02  -1.5321021e-01
   3.0366127e-02  -1.6248090e-01
   4.2304804e-02  -1.6391264e-01
   4.6314961e-02  -1.7030037e-01
   4.6009535e-02  -1.7531680e-01
   3.8275592e-02  -1.7549632e-01
   3.9416940e-02  -1.8028330e-01
   4.7617296e-02  -1.7523969e-01
   4.7428518e-02  -1.7699350e-01
   4.0569509e-02  -1.8200904e-01
   5.0053259e-02  -1.8326920e-01
   4.7492789e-02  -1.8615429e-01
   4.3750544e-02  -1.8270378e-01
   4.9961453e-02  -1.8671627e-01
   3.6321815e-02  -2.0183779e-01
   4.0134363e-02  -2.0524953e-01
   4.2519589e-02  -2.0995260e-01
   3.2114949e-02  -2.0993226e-01
   4.3667633e-02  -2.0145834e-01
   4.5087582e-02  -2.0149581e-01
   4.0071779e-02  -2.0618258e-01
   5.1769161e-02  -2.0575274e-01
   4.2748708e-02  -2.1124314e-01
   4.5232960e-02  -2.1000871e-01
   5.2796574e-02  -2.1431673e-01
   5.4162238e-02  -2.1531802e-01
   3.9534706e-02  -3.7959360e-02
   5.1726405e-02  -3.3349179e-02
   4.3845871e-02  -2.8440250e-02
   3.1305207e-02  -2.3162279e-02
   2.0491753e-02  -1.1334726e-02
   2.4668780e-02  -5.6843301e-03
   2.4694497e-02  -3.9830735e-03
   2.7410941e-02  -2.2736430e-03
   3.2793371e-02   1.6999034e-03
   9.5288196e-03   2.1472724e-02
   9.5414153e-03   3.0009360e-02
   8.1729504e-03   4.4209711e-02
   1.3730656e-03   5.7832281e-02
   6.8423905e-03   5.9367221e-02
   1.3737194e-03   6.0757389e-02
   5.4617249e-03   6.0386072e-02
   0.0000000e+00   6.0325203e-02
   1.6275786e-02   5.8258347e-02
   6.7627632e-03   7.1837468e-02
  -9.4061520e-03   8.9755830e-02
  -1.0735030e-02   1.0124922e-01
  -1.4688399e-02   1.1595244e-01
  -1.0690471e-02   1.2494518e-01
  -5.3417585e-03   1.2665210e-01
  -1.2053844e-02   1.2703435e-01
  -9.3862724e-03   1.2121645e-01
  -1.3566558e-03   1.1131142e-01
  -2.6935473e-03   1.1759405e-01
  -1.6179788e-02   1.3337797e-01
  -6.7591954e-03   1.2405991e-01
  -1.9912506e-02   1.5296887e-01
  -1.1992903e-02   1.4441798e-01
  -2.6462285e-03   1.5796301e-01
  -2.2332406e-02   1.6655388e-01
  -1.1774936e-02   1.6031598e-01
  -1.9503847e-02   1.7890763e-01
  -2.3452256e-02   1.7493564e-01
  -3.1281870e-02   1.7810338e-01
  -1.5717130e-02   1.7658908e-01
  -1.0481140e-02   1.7602672e-01
  -1.8396149e-02   1.7220246e-01
  -2.8702499e-02   1.8017841e-01
  -3.1224409e-02   1.7774343e-01
  -3.1236988e-02   1.8471675e-01
  -3.1275064e-02   1.8433542e-01
  -3.2488815e-02   1.8945106e-01
  -1.9407871e-02   1.9745673e-01
  -3.0892160e-02   2.1172054e-01
  -3.8435186e-02   2.0926506e-01
