   2.6574880e-02   2.4822768e-02
   2.7876214e-02   2.4797853e-02
   2.1275925e-02   2.7609975e-02
   2.2603434e-02   2.8713914e-02
   1.9932020e-02   2.4273212e-02
   1.8604768e-02   2.3170210e-02
   2.1299890e-02   2.5978991e-02
   2.1286037e-02   2.1535781e-02
   2.2633158e-02   2.4873102e-02
   2.2629021e-02   2.7084044e-02
   2.1276947e-02   2.7057776e-02
   2.6572512e-02   2.5926002e-02
   2.5174016e-02   2.3650105e-02
   2.2616414e-02   2.1535435e-02
   1.9953305e-02   2.3192729e-02
   2.2568379e-02   2.3697470e-02
   1.7322423e-02   2.6559074e-02
   1.9969550e-02   2.5426630e-02
   2.2586635e-02   2.5927398e-02
   2.1219088e-02   2.4225124e-02
   2.6603309e-02   2.3742917e-02
   1.8584942e-02   2.4249666e-02
   1.8565090e-02   2.5327001e-02
   1.8580766e-02   2.7005310e-02
   1.8586488e-02   2.3147409e-02
   2.3942978e-02   2.3743794e-02
   2.1257032e-02   2.6479469e-02
   1.8654036e-02   2.7112030e-02
   1.9929384e-02   2.5928203e-02
   1.8619903e-02   2.5401918e-02
   1.9951639e-02   2.4297144e-02
   2.2593300e-02   2.2065871e-02
   2.1281749e-02   2.4296778e-02
   1.9908896e-02   2.6453810e-02
   2.1259904e-02   2.4824502e-02
   1.8583325e-02   2.5351924e-02
   2.2541279e-02   2.6426987e-02
   2.2612813e-02   2.3744198e-02
   2.8009992e-02   2.6581803e-02
   2.6648623e-02   2.7109331e-02
   2.1278929e-02   2.5953377e-02
   1.9949897e-02   2.5401560e-02
   2.5303956e-02   2.0450500e-02
   1.8658262e-02   2.4345497e-02
   2.1177519e-02   2.4177589e-02
   1.8639878e-02   2.4321468e-02
   1.7256704e-02   2.4801119e-02
   1.8566702e-02   2.4225827e-02
   1.3300518e-02   2.4850863e-02
   1.3287440e-02   2.4826381e-02
   1.8639071e-02   2.4874229e-02
   1.1946949e-02   2.4802177e-02
   6.6374794e-03   2.4251675e-02
   1.0640415e-02   2.4851298e-02
   1.4631820e-02   2.3746137e-02
   1.7258882e-02   2.3147712e-02
   1.4647435e-02   2.2664014e-02
   7.9788552e-03   2.7060670e-02
   6.6636651e-03   2.4347529e-02
   6.6450882e-03   2.2068698e-02
   1.3330527e-02   2.1026641e-02
   1.4633014e-02   2.2641666e-02
   1.3288573e-02   2.3722987e-02
   9.3178321e-03   2.7087211e-02
   3.9976673e-03   2.6007791e-02
   1.3311816e-02   2.6533752e-02
   1.0619967e-02   2.4251217e-02
   1.5980264e-02   2.1558211e-02
   1.8624568e-02   2.2088625e-02
   1.8619903e-02   2.5401918e-02
   1.8580766e-02   2.7005310e-02
   1.3298092e-02   2.7059828e-02
   1.5961312e-02   2.4298101e-02
   1.3302204e-02   2.3194138e-02
   2.2617260e-02   2.0983245e-02
   1.5944928e-02   2.4825851e-02
   1.3313033e-02   2.5428179e-02
   1.3286256e-02   2.5929776e-02
   1.4642998e-02   2.6533480e-02
   1.4631202e-02   2.4298373e-02
   1.7313233e-02   2.0452413e-02
   1.7292151e-02   2.3745583e-02
   1.5912934e-02   2.5327637e-02
   2.3890676e-02   2.6452542e-02
   2.6626067e-02   2.5424463e-02
   3.1888451e-02   2.5372219e-02
   2.5318559e-02   2.6003323e-02
   2.1301796e-02   2.4873502e-02
   1.9967725e-02   2.6532136e-02
   2.5275205e-02   2.2639024e-02
   2.5243887e-02   2.5926492e-02
   2.3920417e-02   2.3168771e-02
   2.1302718e-02   2.4320757e-02
   2.1300853e-02   2.5426246e-02
   1.9949897e-02   2.5401560e-02
   2.1280829e-02   2.4848978e-02
   2.9255802e-02   2.7054777e-02
   2.7904827e-02   2.4270668e-02
   2.5250344e-02   2.2616727e-02
   2.5277169e-02   2.1534681e-02
   2.1301796e-02   2.4873502e-02
   1.8601596e-02   2.5376896e-02
   2.7931089e-02   2.4846743e-02
   2.9255802e-02   2.7054777e-02
   2.5217935e-02   2.6452068e-02
   2.7958607e-02   2.4871260e-02
   1.9993480e-02   2.2685255e-02
   2.6604407e-02   2.3190756e-02
   2.6603309e-02   2.3742917e-02
   2.9202368e-02   2.5348389e-02
   2.6651115e-02   2.6002828e-02
   2.7929855e-02   2.5398893e-02
   2.6629524e-02   2.3766346e-02
   2.5298048e-02   2.3766797e-02
   2.5248289e-02   2.3719982e-02
   2.7931089e-02   2.4846743e-02
   2.7880851e-02   2.2593599e-02
   2.6649882e-02   2.6556079e-02
   3.1989568e-02   2.2681370e-02
   2.9259848e-02   2.5398362e-02
   3.4578260e-02   2.5948079e-02
   3.1922623e-02   2.4292999e-02
   3.4545822e-02   2.5370988e-02
   3.3191489e-02   2.2591587e-02
   3.1891231e-02   2.4269079e-02
   3.5804102e-02   2.5320478e-02
   3.3214112e-02   2.6474729e-02
   3.7164980e-02   2.5895680e-02
   3.5908193e-02   2.5947411e-02
   3.8564467e-02   2.7050084e-02
   3.5911400e-02   2.4843266e-02
   3.1818424e-02   2.8074779e-02
   2.9285996e-02   2.6528789e-02
   3.7199806e-02   2.6472688e-02
   3.5980636e-02   2.5445491e-02
   3.0592514e-02   2.4293554e-02
   2.9120306e-02   2.3625505e-02
   2.9342412e-02   2.7135020e-02
   2.7898544e-02   2.7028698e-02
   2.6543951e-02   2.7002643e-02
   2.7877413e-02   2.4246790e-02
   2.9178668e-02   2.3121434e-02
   2.7907153e-02   2.3167456e-02
   2.7934627e-02   2.3190294e-02
   2.3940933e-02   2.4848156e-02
   2.1257032e-02   2.6479469e-02
   2.3937692e-02   2.6504700e-02
   3.0556983e-02   2.6475962e-02
   2.3920417e-02   2.3168771e-02
   2.5251335e-02   2.2065100e-02
   2.6552126e-02   2.3145122e-02
   2.2565466e-02   2.5350782e-02
   2.6599862e-02   2.5399399e-02
   3.1889856e-02   2.4820649e-02
   2.9266027e-02   2.2637671e-02
   2.3963460e-02   2.5425404e-02
   2.6632750e-02   2.2108229e-02
   2.1325516e-02   2.3238203e-02
   1.8602416e-02   2.4825225e-02
   2.3894926e-02   2.4248163e-02
   2.5320829e-02   2.4896798e-02
   2.2657422e-02   2.3791110e-02
   2.2563416e-02   2.6452990e-02
   2.2655479e-02   2.4897673e-02
   2.1252916e-02   2.8686091e-02
   1.9926576e-02   2.7583195e-02
   2.6578241e-02   2.3167917e-02
   1.7294242e-02   2.2088915e-02
   1.8623835e-02   2.2640840e-02
   1.7326264e-02   2.3792503e-02
   2.2627932e-02   2.7636780e-02
   2.6615715e-02   2.9846109e-02
   2.7925993e-02   2.7055342e-02
   2.7902395e-02   2.5373880e-02
   2.3872476e-02   2.3673775e-02
   2.3898808e-02   2.2043785e-02
   2.5326074e-02   2.2130487e-02
   2.3963460e-02   2.5425404e-02
   2.5240330e-02   2.7581375e-02
   2.5223483e-02   2.3696644e-02
   1.8638247e-02   2.5426989e-02
   1.9953305e-02   2.3192729e-02
   2.1284383e-02   2.2640180e-02
   2.6579310e-02   2.2616300e-02
   2.2610881e-02   2.4848579e-02
   2.3913038e-02   2.7030233e-02
   2.5268729e-02   2.5952052e-02
   2.0008065e-02   2.6030765e-02
   2.5270985e-02   2.4847709e-02
   2.5224519e-02   2.3145559e-02
   2.6630625e-02   2.3213640e-02
   2.3918423e-02   2.4272046e-02
   1.9951639e-02   2.4297144e-02
   2.2590574e-02   2.3720811e-02
   2.1322804e-02   2.4898074e-02
   2.2656461e-02   2.4344391e-02
   2.9234861e-02   2.3718567e-02
   2.2608862e-02   2.5952960e-02
   1.9948077e-02   2.6505976e-02
   1.5961986e-02   2.3745872e-02
   1.5946288e-02   2.3722480e-02
   1.9973775e-02   2.2662866e-02
   2.5276199e-02   2.2086853e-02
   2.3986004e-02   2.6003792e-02
   2.1275925e-02   2.7609975e-02
   1.8672444e-02   2.7138842e-02
   1.9950778e-02   2.4849352e-02
   2.7940976e-02   1.9877394e-02
   2.5280803e-02   1.9325996e-02
   2.2658360e-02   2.3237828e-02
   2.2585596e-02   2.6479045e-02
   2.6596184e-02   2.7055882e-02
   2.3933048e-02   2.8713425e-02
   2.6543951e-02   2.7002643e-02
   2.9288673e-02   2.5423423e-02
   3.0569717e-02   2.0960137e-02
   2.3900612e-02   2.0941596e-02
   2.1241701e-02   2.3146736e-02
   2.5290042e-02   2.7635811e-02
   2.7984939e-02   2.5449067e-02
   2.9288673e-02   2.5423423e-02
   2.1318898e-02   2.7111236e-02
   1.9952482e-02   2.3744937e-02
   2.6606525e-02   2.2086434e-02
   2.2592413e-02   2.2617518e-02
   2.3962376e-02   2.5978130e-02
   2.9232368e-02   2.4821756e-02
   2.9227046e-02   2.7028135e-02
   3.0584143e-02   2.7606312e-02
   2.7931089e-02   2.4846743e-02
   3.0619977e-02   2.5422866e-02
   2.9355021e-02   2.1597261e-02
   3.1827266e-02   2.4771864e-02
   3.3242005e-02   2.8157124e-02
   2.6572512e-02   2.5926002e-02
   2.5292451e-02   2.6530378e-02
   2.3970396e-02   2.1556321e-02
   2.5179838e-02   2.0350090e-02
   2.5226520e-02   2.2043390e-02
   2.3919432e-02   2.3720408e-02
   1.8653136e-02   2.7665337e-02
   1.8599029e-02   2.7031911e-02
   2.6543951e-02   2.7002643e-02
   2.3941967e-02   2.4295975e-02
   2.3894926e-02   2.4248163e-02
   2.3941967e-02   2.4295975e-02
   2.2586635e-02   2.5927398e-02
   2.2586635e-02   2.5927398e-02
   1.8656626e-02   2.5452110e-02
   1.8566702e-02   2.4225827e-02
   2.3919432e-02   2.3720408e-02
   2.6683216e-02   2.3259544e-02
   2.5220227e-02   2.5349898e-02
   2.9261141e-02   2.4846224e-02
   2.7819090e-02   2.5849118e-02
   2.7820335e-02   2.5299136e-02
   2.6677419e-02   2.6028538e-02
   2.9207338e-02   2.3144181e-02
   2.5274187e-02   2.3191195e-02
   2.2568379e-02   2.3697470e-02
   2.6624863e-02   2.5977169e-02
   2.7923284e-02   2.8159642e-02
   3.1986949e-02   2.3787778e-02
   3.1923971e-02   2.3740886e-02
   2.9261141e-02   2.4846224e-02
   3.0621332e-02   2.4870195e-02
   2.6578241e-02   2.3167917e-02
   2.5216753e-02   2.7003153e-02
   3.0644438e-02   2.7660841e-02
   3.0612758e-02   2.8186221e-02
   3.3220033e-02   2.4268502e-02
   2.9237241e-02   2.2615378e-02
   2.5217935e-02   2.6452068e-02
   2.6594907e-02   2.7608043e-02
   2.5241540e-02   2.7029747e-02
   2.7874988e-02   2.5348917e-02
   2.3944931e-02   2.2639431e-02
   2.3971294e-02   2.1003595e-02
   1.8641438e-02   2.3215947e-02
   1.9991843e-02   2.3791853e-02
   1.8619903e-02   2.5401918e-02
   2.1320892e-02   2.6004655e-02
   1.7305361e-02   2.6532860e-02
   2.1306200e-02   2.2109779e-02
   1.8641438e-02   2.3215947e-02
   1.9953305e-02   2.3192729e-02
   1.5929951e-02   2.4250277e-02
   1.8604002e-02   2.3721881e-02
   1.5989929e-02   2.6559398e-02
   1.7289130e-02   2.5954475e-02
   1.8603218e-02   2.4273553e-02
   2.1265890e-02   2.0962913e-02
   1.7309906e-02   2.3216252e-02
   2.5248289e-02   2.3719982e-02
   2.1258010e-02   2.5927813e-02
   2.5247225e-02   2.4271610e-02
   2.2608862e-02   2.5952960e-02
   2.3941967e-02   2.4295975e-02
   2.3916338e-02   2.5375320e-02
   2.3893898e-02   2.4799258e-02
   2.2589622e-02   2.4272458e-02
   1.9948996e-02   2.5953768e-02
   1.9949897e-02   2.5401560e-02
   2.1279890e-02   2.5401177e-02
   2.3940933e-02   2.4848156e-02
   1.9913276e-02   2.3698205e-02
   2.6578241e-02   2.3167917e-02
   2.1195497e-02   2.5851424e-02
   2.6576026e-02   2.4271151e-02
   2.3961270e-02   2.6530856e-02
   2.7963285e-02   2.2660482e-02
   2.7878586e-02   2.3695726e-02
   2.5298048e-02   2.3766797e-02
   2.9285996e-02   2.6528789e-02
   2.7899854e-02   2.6477092e-02
   1.4600528e-02   2.5903994e-02
   1.9988336e-02   2.6005049e-02
   1.7290674e-02   2.4850029e-02
   2.1305360e-02   2.2662524e-02
   1.8659053e-02   2.3792190e-02
   1.4673247e-02   2.5478215e-02
   1.3285021e-02   2.7033171e-02
   1.8640667e-02   2.3768707e-02
   1.9967725e-02   2.6532136e-02
   2.3937692e-02   2.6504700e-02
   1.9968647e-02   2.5979383e-02
   1.8679747e-02   2.2154157e-02
   1.7326264e-02   2.3792503e-02
   2.1284383e-02   2.2640180e-02
   2.2631133e-02   2.5978573e-02
   2.1279890e-02   2.5401177e-02
   2.1298906e-02   2.6531735e-02
   2.3991205e-02   2.3237431e-02
   1.7343371e-02   2.3816033e-02
   2.1281749e-02   2.4296778e-02
   1.8567482e-02   2.3675240e-02
   2.2525042e-02   2.3100905e-02
   2.3896913e-02   2.3145974e-02
   1.8623085e-02   2.3193056e-02
   1.9892895e-02   2.4225487e-02
   2.1277948e-02   2.6505576e-02
   2.2610881e-02   2.4848579e-02
   2.7877413e-02   2.4246790e-02
   2.6603309e-02   2.3742917e-02
   2.2655479e-02   2.4897673e-02
   1.9972143e-02   2.3768372e-02
   1.9952482e-02   2.3744937e-02
   2.5247225e-02   2.4271610e-02
   1.9952482e-02   2.3744937e-02
   2.5323001e-02   2.3790274e-02
   1.9950778e-02   2.4849352e-02
   2.3968530e-02   2.2661773e-02
   2.5293619e-02   2.5977662e-02
   2.9318855e-02   2.4895304e-02
   2.9229763e-02   2.5924945e-02
   3.3217136e-02   2.5371615e-02
   2.9261141e-02   2.4846224e-02
   2.7958607e-02   2.4871260e-02
   2.7936852e-02   2.2085994e-02
   2.5294763e-02   2.5424946e-02
   2.5270985e-02   2.4847709e-02
   2.7928595e-02   2.5951043e-02
   3.0563718e-02   2.3718049e-02
   2.5272077e-02   2.4295538e-02
   2.5274187e-02   2.3191195e-02
   2.2633158e-02   2.4873102e-02
   2.6654660e-02   2.4343073e-02
   2.3970396e-02   2.1556321e-02
   2.6553191e-02   2.2594048e-02
   2.5348003e-02   2.3813797e-02
   3.0526974e-02   2.6449916e-02
   2.5265161e-02   2.7608566e-02
   2.6599862e-02   2.5399399e-02
   2.2637837e-02   2.2109424e-02
   3.3260676e-02   2.0979818e-02
   3.0593806e-02   2.3741428e-02
   2.2632157e-02   2.5425837e-02
   2.2652400e-02   2.6557518e-02
   1.7288333e-02   2.6506697e-02
   1.9931160e-02   2.4824875e-02
   2.6608541e-02   2.0982112e-02
   2.2571959e-02   2.1493055e-02
   2.6551034e-02   2.3696197e-02
   2.3890676e-02   2.6452542e-02
   2.1230975e-02   2.9208977e-02
   1.8595356e-02   2.9238598e-02
   2.6602186e-02   2.4295077e-02
   2.1244197e-02   2.1493398e-02
   2.5255925e-02   1.9306962e-02
   2.3898808e-02   2.2043785e-02
   2.5268729e-02   2.5952052e-02
   1.7283202e-02   2.9820035e-02
   2.2653448e-02   2.6004236e-02
   2.6573709e-02   2.5374385e-02
   3.0596301e-02   2.2637175e-02
   2.9241662e-02   2.0409000e-02
   2.9178668e-02   2.3121434e-02
   2.6602186e-02   2.4295077e-02
   2.7841121e-02   2.8076611e-02
   3.1975233e-02   2.8213411e-02
   3.1912324e-02   2.8157795e-02
   3.3251296e-02   2.4844521e-02
   3.0532405e-02   2.4245757e-02
   2.9238388e-02   2.2063783e-02
   3.1891231e-02   2.4269079e-02
   3.0525543e-02   2.7000956e-02
   3.5872891e-02   2.5921865e-02
   3.1916923e-02   2.6501454e-02
   2.9261141e-02   2.4846224e-02
   3.0498422e-02   2.5873424e-02
   3.3220033e-02   2.4268502e-02
   2.9257179e-02   2.6502639e-02
   2.6653504e-02   2.4896324e-02
   2.9206138e-02   2.3695233e-02
   2.9259848e-02   2.5398362e-02
   2.6578241e-02   2.3167917e-02
   2.1280829e-02   2.4848978e-02
   1.9987411e-02   2.6558348e-02
   1.9928467e-02   2.6479867e-02
   1.9931160e-02   2.4824875e-02
   2.2658360e-02   2.3237828e-02
   2.1281749e-02   2.4296778e-02
   2.1301796e-02   2.4873502e-02
   1.9989242e-02   2.5451750e-02
   1.7306943e-02   2.5427324e-02
   1.7254377e-02   2.6454527e-02
   1.9932860e-02   2.3721548e-02
   2.2571959e-02   2.1493055e-02
   1.7275856e-02   2.3170513e-02
   2.5399214e-02   2.3306076e-02
   1.8659053e-02   2.3792190e-02
   2.3915261e-02   2.5926958e-02
   2.2655479e-02   2.4897673e-02
   2.1301796e-02   2.4873502e-02
   2.1326378e-02   2.2684912e-02
   2.5277169e-02   2.1534681e-02
   2.9257179e-02   2.6502639e-02
   2.7928595e-02   2.5951043e-02
   2.2629021e-02   2.7084044e-02
   2.1280829e-02   2.4848978e-02
   2.9351538e-02   2.3258589e-02
   3.0595068e-02   2.3189302e-02
   2.6573709e-02   2.5374385e-02
   2.3937692e-02   2.6504700e-02
   2.6574880e-02   2.4822768e-02
   2.5262661e-02   2.8712909e-02
   2.5290042e-02   2.7635811e-02
   2.6598662e-02   2.5951560e-02
   2.6607546e-02   2.1534273e-02
   2.3947687e-02   2.0982888e-02
   2.5295883e-02   2.4872230e-02
   2.6568768e-02   2.7580853e-02
   2.7898544e-02   2.7028698e-02
   2.5266375e-02   2.7056395e-02
   2.5272077e-02   2.4295538e-02
   2.5270985e-02   2.4847709e-02
   2.1265096e-02   2.1514568e-02
   2.5278114e-02   2.0982510e-02
   2.1280829e-02   2.4848978e-02
   2.1295832e-02   2.8189969e-02
   2.1299890e-02   2.5978991e-02
   1.9931160e-02   2.4824875e-02
   2.1322804e-02   2.4898074e-02
   2.6602186e-02   2.4295077e-02
   2.5276199e-02   2.2086853e-02
