  -1.3023436e-01  -7.7972916e-02
   5.2044458e-01  -1.5581091e-02
   5.1953492e-01  -2.6053501e-03
   5.1486486e-01   0.0000000e+00
   5.1046065e-01   4.7284085e-03
   5.1825822e-01   2.4190620e-02
   5.2995705e-01   2.9272982e-02
   5.4330667e-01   2.1860322e-02
   5.4989326e-01   2.8892184e-02
   5.3581794e-01   3.4932749e-02
   5.4020533e-01   3.3954603e-02
   5.4158997e-01   5.5415871e-02
   5.5432677e-01   4.2665171e-02
   5.5277350e-01   4.7323422e-02
   5.6723656e-01   5.2373492e-02
   5.7680486e-01   7.1141384e-02
   5.9992759e-01   7.1580445e-02
   6.1346321e-01   8.1896429e-02
   6.2443025e-01   8.0930017e-02
   6.3256568e-01   7.6594231e-02
   6.3156402e-01   8.4768781e-02
   6.2796579e-01   9.1809095e-02
   5.9848422e-01   9.0019435e-02
   5.8892573e-01   1.0180071e-01
   5.9548677e-01   9.6853385e-02
   6.0033046e-01   9.3897088e-02
   5.9855916e-01   9.7601195e-02
   5.6325218e-01   1.1348613e-01
   5.6420758e-01   1.0836422e-01
   5.3353236e-01   1.0302190e-01
   4.8578562e-01   1.0210013e-01
   4.4084568e-01   1.1691854e-01
   4.4153466e-01   1.1571052e-01
   4.4939818e-01   1.1846723e-01
   4.5353253e-01   1.1599833e-01
   4.4078146e-01   1.1473749e-01
   4.2425532e-01   1.1538885e-01
   3.9895639e-01   1.1254050e-01
   3.6294490e-01   1.0856909e-01
   3.4841618e-01   1.1076658e-01
   3.2201405e-01   1.2355181e-01
   3.1549547e-01   1.1254235e-01
   2.9162784e-01   1.1323981e-01
   2.8088208e-01   1.1124358e-01
  -4.6331521e-01   1.0033197e-01
  -4.7191299e-01   9.1429151e-02
  -4.8067106e-01   8.6237657e-02
  -4.8865806e-01   7.9759934e-02
  -4.6403321e-01   7.8225173e-02
  -4.5769377e-01   6.4879443e-02
  -4.5693577e-01   4.2267604e-02
  -4.7416827e-01   5.3025110e-02
  -4.7902260e-01   4.4781526e-02
  -4.5960650e-01   2.6121721e-02
  -4.5029010e-01   1.4862803e-02
  -4.6525652e-01   1.5992737e-02
  -4.6535247e-01   4.9325435e-03
  -4.5881281e-01   4.9296641e-03
  -4.5796046e-01   0.0000000e+00
  -4.6644008e-01  -2.1433840e-02
  -4.7250818e-01  -1.5561484e-02
  -4.5860017e-01  -2.0520273e-02
  -4.2060979e-01  -4.4264107e-02
  -3.9339073e-01  -4.7391462e-02
  -3.6666571e-01  -3.7476459e-02
  -3.5340638e-01  -5.6680831e-02
  -3.4963660e-01  -6.1336048e-02
  -3.4089042e-01  -5.7045324e-02
  -3.3806022e-01  -6.2785829e-02
  -3.3306068e-01  -5.3788327e-02
  -3.2313742e-01  -6.7625862e-02
  -3.2207458e-01  -7.4191179e-02
  -3.0384505e-01  -8.2102176e-02
  -2.8710617e-01  -7.7653244e-02
  -2.6323232e-01  -8.5135402e-02
  -2.4550476e-01  -8.2501071e-02
  -2.1178195e-01  -9.4255442e-02
  -2.0548873e-01  -1.0386941e-01
  -1.8013422e-01  -1.0305528e-01
  -1.6217744e-01  -1.0358789e-01
  -1.5078375e-01  -1.0365252e-01
  -1.3345070e-01  -1.0880204e-01
  -1.3678922e-01  -1.1163929e-01
  -1.1839889e-01  -1.1016358e-01
  -1.1202547e-01  -1.0590030e-01
  -8.1356449e-02  -1.0876503e-01
  -5.1225569e-02  -1.0934360e-01
  -2.3655206e-02  -1.1304188e-01
   1.8106182e-02  -1.1931368e-01
   3.8968741e-02  -1.1548669e-01
   6.0062152e-02  -1.1708841e-01
   6.6159684e-02  -1.0687343e-01
   8.5255528e-02  -1.0599832e-01
   6.4007719e-01   6.1342660e-02
   6.2982484e-01   6.5939730e-02
   6.2733029e-01   6.3710622e-02
   6.0420876e-01   8.2362357e-02
   5.9331315e-01   8.4489290e-02
   5.9222561e-01   7.5671125e-02
   5.7400842e-01   8.6045567e-02
   5.7905028e-01   9.5762887e-02
   5.8017413e-01   8.7077076e-02
   5.6065328e-01   8.9655663e-02
   5.3632332e-01   9.9636654e-02
   5.1618386e-01   1.0986338e-01
   4.9795383e-01   1.0803350e-01
   5.1048287e-01   1.0169696e-01
   4.9597176e-01   1.0730030e-01
   4.6618867e-01   1.1538067e-01
   4.5003985e-01   1.1480102e-01
   4.2002035e-01   1.1315112e-01
   3.8841915e-01   1.0899827e-01
   3.4464778e-01   1.1247680e-01
   3.2660050e-01   1.1664657e-01
   3.3743263e-01   1.1399262e-01
   3.3311779e-01   1.1615148e-01
   3.0134382e-01   1.1960055e-01
   2.5734961e-01   1.2105560e-01
   2.2802539e-01   1.2693116e-01
   2.1441237e-01   1.1634147e-01
   1.9776673e-01   1.1248216e-01
   1.8618959e-01   1.1398359e-01
   1.6206270e-01   1.1988368e-01
   1.3353169e-01   1.1910034e-01
   1.1691837e-01   1.2491663e-01
   7.4167180e-02   1.2288907e-01
   3.0323493e-02   1.0708219e-01
  -4.1027792e-03   1.3664167e-01
  -6.0601487e-02   1.3193522e-01
  -7.4434116e-02   1.3507699e-01
  -6.6579997e-02   1.2396564e-01
  -7.7371183e-02   1.1812387e-01
  -1.2346031e-01   1.3031237e-01
  -1.7314272e-01   1.3098244e-01
  -2.3080225e-01   1.1441717e-01
  -2.1830614e-01   1.1958138e-01
  -2.3628769e-01   1.2057994e-01
  -2.6582474e-01   1.0727404e-01
  -2.8076992e-01   1.0820536e-01
  -3.3982590e-01   9.4310724e-02
  -3.2891158e-01   1.0528792e-01
  -3.4411466e-01   1.0805887e-01
  -4.3424757e-01  -2.3654441e-02
  -4.4338557e-01  -1.0475191e-02
  -4.5061855e-01  -1.9774040e-02
  -4.2756802e-01  -1.6631267e-03
  -4.0794195e-01   1.6699686e-03
  -3.9736106e-01  -1.6769758e-02
  -3.8611607e-01   1.1240313e-03
  -3.7136663e-01   6.2127054e-03
  -3.2616278e-01  -8.5408160e-03
  -2.8213028e-01  -1.7183619e-03
  -2.5547475e-01  -1.0414462e-02
  -2.4402735e-01  -5.8252578e-04
  -2.0849848e-01   1.4641108e-02
  -1.8999479e-01   4.1076654e-03
  -1.5094903e-01   1.1741177e-03
  -1.3419371e-01   2.0638887e-02
  -1.1618937e-01   9.4867042e-03
  -7.7527926e-02   1.4274338e-02
  -3.1555736e-02   1.1304031e-02
  -8.5602589e-03   1.2431040e-02
   2.5680777e-02   1.2429040e-02
   6.5685459e-02   1.6572970e-02
   1.0780303e-01   1.1889717e-02
   1.4520243e-01   2.2175449e-02
   1.7826408e-01   2.4660914e-02
   2.0465778e-01   2.6818802e-02
   2.3323240e-01   2.1200942e-02
   2.7158798e-01   1.6865176e-02
   3.0459968e-01   2.5487288e-02
   3.5051878e-01   2.3766613e-02
   3.8243073e-01   3.4755802e-02
   4.0939933e-01   3.3131320e-02
   4.2185481e-01   3.1436989e-02
   4.3395823e-01   3.9093886e-02
   4.4584258e-01   4.1981890e-02
   4.6796044e-01   4.7783961e-02
   5.1508155e-01   4.8756019e-02
   5.4851034e-01   4.0787529e-02
   5.6811074e-01   3.8918828e-02
   5.9249895e-01   4.5883772e-02
   5.9464170e-01   6.1752426e-02
   6.1823052e-01   4.1734063e-02
   6.1030546e-01   5.4296948e-02
   6.4175187e-01   5.0079810e-02
   6.5958658e-01   5.1159506e-02
   6.7091164e-01   5.0644010e-02
   6.7457079e-01   5.2958471e-02
   6.8545077e-01   5.6014654e-02
   6.9739684e-01   5.9456968e-02
   2.3828590e-01   1.1151133e-01
   2.1775185e-01   1.1713367e-01
   1.8816899e-01   1.1884147e-01
   1.3127869e-01   1.3361317e-01
   7.5273736e-02   1.4364276e-01
   5.4017078e-02   1.2839711e-01
   2.1888453e-02   1.2255573e-01
  -1.9143818e-02   1.1523094e-01
  -3.7860739e-02   9.2632632e-02
  -7.1434049e-02   1.1811311e-01
  -1.2847774e-01   1.2773792e-01
  -1.6170935e-01   1.2021285e-01
  -1.9876305e-01   1.1760315e-01
  -2.2249247e-01   1.1284188e-01
  -2.4536283e-01   1.2075482e-01
  -2.7914772e-01   1.2536116e-01
  -3.0864391e-01   1.1965012e-01
  -3.4160423e-01   1.1467675e-01
  -3.6163723e-01   1.1019361e-01
  -4.1184933e-01   1.1596255e-01
  -4.2414073e-01   1.0934081e-01
  -4.4696281e-01   1.0224008e-01
  -4.6462833e-01   8.6919478e-02
  -4.8900311e-01   9.4497398e-02
  -4.7526116e-01   8.1075168e-02
  -5.0086770e-01   6.1684442e-02
  -4.9409186e-01   6.3292259e-02
  -5.0460776e-01   7.2436661e-02
  -4.9059479e-01   3.0474003e-02
  -5.0585579e-01   3.9614244e-02
  -5.2101256e-01   2.7205746e-02
  -5.3591850e-01   3.1503928e-02
  -5.1674171e-01   1.8108651e-02
  -5.1634439e-01   6.6138080e-03
  -5.0625218e-01  -1.3812477e-02
  -5.0645876e-01  -1.8743844e-02
  -4.8599004e-01  -2.4426409e-02
  -4.6394892e-01  -3.0752601e-02
  -4.0890700e-01  -5.1719270e-02
  -3.8822286e-01  -5.9644429e-02
  -3.9409910e-01  -6.5017971e-02
  -3.8998641e-01  -6.7994443e-02
  -3.9687208e-01  -6.8688536e-02
  -3.8540297e-01  -7.8189304e-02
  -3.6135064e-01  -8.9978631e-02
  -3.1872596e-01  -1.1085753e-01
  -2.8873710e-01  -1.0469242e-01
  -2.5949805e-01  -1.0944559e-01
  -2.3465226e-01  -1.2394449e-01
   1.6491822e-01  -1.4704945e-01
   1.3701396e-01  -1.3952011e-01
   1.2589876e-01  -1.3513682e-01
   1.2889418e-01  -1.3639383e-01
   1.2307546e-01  -1.3854157e-01
   1.4999123e-01  -1.1218046e-01
   1.4809046e-01  -1.1464320e-01
   1.2819950e-01  -1.1884051e-01
   1.2938511e-01  -8.6951893e-02
   9.0154597e-02  -8.4484941e-02
   6.2266067e-02  -5.8082748e-02
   7.5347107e-02  -4.5848166e-02
   6.0537613e-02  -5.8858033e-02
   6.9025375e-02  -4.6699136e-02
   6.6075476e-02  -8.9403439e-03
   7.9170218e-02  -6.1127567e-03
   5.7157258e-02   0.0000000e+00
   9.0811010e-02   3.9268682e-03
   5.3308017e-02   2.0409605e-02
   1.9453290e-02   3.1749271e-02
   4.2384599e-02   5.8708025e-02
   1.1059718e-02   7.8756354e-02
   5.6074077e-02   8.8373181e-02
   6.0039218e-02   9.2856508e-02
   2.4724914e-02   9.8330109e-02
   5.8928544e-02   1.1177338e-01
   4.6542509e-02   1.3422224e-01
   8.5275254e-02   1.3365654e-01
   7.3277583e-02   1.5200971e-01
   1.1495996e-01   1.5368137e-01
   7.0917332e-02   1.6215185e-01
   7.3096289e-02   2.1865824e-01
   8.8044639e-02   2.0325453e-01
   7.3939021e-02   2.1903314e-01
   9.1079568e-02   2.1405981e-01
   5.7265283e-02   2.4842455e-01
   6.4427981e-02   2.2758454e-01
   4.1351074e-02   2.5917728e-01
   4.5917252e-02   2.5368209e-01
   3.7815538e-02   2.6197783e-01
   2.8735616e-02   2.7185806e-01
   1.2402181e-02   2.7941033e-01
   2.4689471e-02   2.9148444e-01
   3.0966483e-02   3.0089799e-01
   3.6028255e-02   2.9825782e-01
   3.3305120e-02   3.0226959e-01
   2.7197061e-02   3.1462188e-01
   2.6065398e-02   3.0933651e-01
   4.4646776e-02   3.1580613e-01
   1.9266172e-01   1.2020652e-01
   1.9580068e-01   9.9722952e-02
   1.7674122e-01   9.7204253e-02
   1.8075304e-01   8.8764001e-02
   1.7424752e-01   8.3585714e-02
   1.9017317e-01   5.8762756e-02
   2.1347811e-01   5.2012605e-02
   2.1203863e-01   3.5989247e-02
   2.1536796e-01   2.5975613e-02
   2.0064050e-01   1.6820312e-02
   2.1704750e-01   6.8825550e-03
   2.1725314e-01  -1.5405354e-02
   1.9382497e-01  -2.6941290e-02
   1.9579326e-01  -3.6302295e-02
   1.7872983e-01  -3.8836424e-02
   1.8353706e-01  -4.5527092e-02
   1.7889760e-01  -5.6306002e-02
   1.8616697e-01  -7.2026763e-02
   2.0725379e-01  -8.8851062e-02
   2.1027590e-01  -8.8371502e-02
   2.0618357e-01  -1.0117797e-01
   1.9087238e-01  -1.1073954e-01
   1.8942817e-01  -1.2324207e-01
   1.8143895e-01  -1.2670288e-01
   1.8190437e-01  -1.2922686e-01
   1.8776820e-01  -1.3484177e-01
   2.0640625e-01  -1.5490376e-01
   2.1237356e-01  -1.5503097e-01
   2.1800102e-01  -1.7980309e-01
   1.9874137e-01  -1.8334698e-01
   2.0116791e-01  -1.7953950e-01
   1.8446110e-01  -1.9213462e-01
   1.8228545e-01  -2.0742591e-01
   1.6598878e-01  -2.0539696e-01
   1.7379476e-01  -2.1000357e-01
   1.9031467e-01  -2.0981015e-01
   2.0996031e-01  -2.1763686e-01
   2.1553890e-01  -2.2558229e-01
   1.9960594e-01  -2.2353431e-01
   1.8831800e-01  -2.3164100e-01
   1.6035060e-01  -2.3570721e-01
   1.4341924e-01  -2.3264448e-01
   1.2092258e-01  -2.3321752e-01
   1.2181137e-01  -2.2798453e-01
   1.3307063e-01  -2.2509047e-01
   1.3126564e-01  -2.4107241e-01
   1.2092915e-01  -2.2948077e-01
   2.3841534e-01  -1.8824820e-02
   2.3671950e-01  -2.0897069e-02
   2.1298120e-01  -2.6711119e-02
   2.2340785e-01   2.7875162e-03
   2.2144185e-01   1.8025925e-02
   2.1602123e-01   2.0046755e-02
   1.9253967e-01   5.3699756e-02
   1.5732307e-01   5.1965599e-02
   1.5826379e-01   4.6817079e-02
   1.9623666e-01   7.4444593e-02
   1.7607366e-01   9.0699443e-02
   1.9582492e-01   7.0255014e-02
   1.7371967e-01   1.0922859e-01
   1.6453063e-01   1.0363285e-01
   1.7120603e-01   1.0498288e-01
   1.7066541e-01   1.2328712e-01
   1.6780414e-01   1.3342964e-01
   1.5476343e-01   1.4321598e-01
   1.5329826e-01   1.4606168e-01
   1.4841908e-01   1.4687086e-01
   1.3046129e-01   1.6138041e-01
   1.4231415e-01   1.6551930e-01
   1.0402205e-01   1.6956320e-01
   9.7914103e-02   1.8802162e-01
   1.0125449e-01   1.9823025e-01
   1.0484380e-01   2.0488434e-01
   8.5896327e-02   2.2197000e-01
   7.0593781e-02   2.1992362e-01
   5.8623650e-02   2.3889437e-01
   6.7511673e-02   2.5041466e-01
   7.1887773e-02   2.5469493e-01
   7.2355374e-02   2.5894763e-01
   7.8948739e-02   2.6339173e-01
   8.3248454e-02   2.6949360e-01
   7.9603502e-02   2.7444493e-01
   7.4517397e-02   2.7365035e-01
   7.8370787e-02   2.7243243e-01
   6.6828866e-02   2.8337546e-01
   8.0055854e-02   2.8987578e-01
   6.9228249e-02   2.9010449e-01
   7.8733425e-02   2.8648896e-01
   7.8344828e-02   2.9897097e-01
   7.7302001e-02   3.0085702e-01
   7.9365020e-02   2.8863244e-01
   8.6489848e-02   2.9143983e-01
   8.9887693e-02   2.9191798e-01
   9.8317667e-02   2.8737788e-01
   1.0675201e-01   2.8307725e-01
   9.7207321e-02   2.7402892e-01
   1.0231801e-01   2.6908150e-01
   1.8866125e-01  -3.9412036e-02
   1.8474616e-01  -5.3105411e-02
   1.7561503e-01  -5.4008743e-02
   1.6719443e-01  -6.7066389e-02
   1.6451084e-01  -8.3650058e-02
   1.6666849e-01  -8.8094914e-02
   1.7474663e-01  -1.1047348e-01
   1.7593845e-01  -1.1858539e-01
   1.8929634e-01  -1.2985700e-01
   1.7738891e-01  -1.3127571e-01
   1.6210464e-01  -1.4763260e-01
   1.3033580e-01  -1.6921078e-01
   1.2160233e-01  -1.7038816e-01
   1.3000539e-01  -1.7243254e-01
   1.3041725e-01  -1.7611964e-01
   1.3351745e-01  -1.7679240e-01
   1.2913074e-01  -1.8722278e-01
   1.0497655e-01  -1.8830313e-01
   1.0012309e-01  -1.8026310e-01
   9.4780912e-02  -1.8880201e-01
   1.0435866e-01  -1.9715231e-01
   1.1418327e-01  -1.9159308e-01
   1.0020749e-01  -1.9559615e-01
   9.7448387e-02  -1.9847869e-01
   8.7058732e-02  -1.9668373e-01
   7.1891467e-02  -1.8409418e-01
   7.5145304e-02  -1.8917719e-01
   8.3754674e-02  -1.9171721e-01
   1.0053863e-01  -1.8909378e-01
   8.7267877e-02  -1.9711807e-01
   8.4315736e-02  -1.9061081e-01
   8.6298567e-02  -1.7153182e-01
   8.0717388e-02  -1.7015187e-01
   1.0178598e-01  -1.7658586e-01
   1.0145694e-01  -1.5983724e-01
   1.1001156e-01  -1.6016088e-01
   1.1654836e-01  -1.6800700e-01
   1.1300922e-01  -1.6438548e-01
   1.1536271e-01  -1.5037862e-01
   1.1305282e-01  -1.3877359e-01
   1.1893253e-01  -1.3219580e-01
   1.2925631e-01  -1.2593869e-01
   1.0635617e-01  -1.1539095e-01
   1.0079443e-01  -1.0873255e-01
   8.4952795e-02  -8.6749651e-02
   8.9873537e-02  -7.2255946e-02
   9.0422946e-02  -7.1574832e-02
   7.9823142e-02  -5.4241008e-02
   6.8709427e-02  -3.5793481e-02
   6.7461659e-02  -3.1352147e-02
  -3.9694604e-01   7.3109099e-02
  -4.1441812e-01   6.1797541e-02
  -4.3675239e-01   7.2789218e-02
  -4.4847624e-01   6.0450464e-02
  -4.5246161e-01   5.6741190e-02
  -4.4145880e-01   5.7230052e-02
  -4.5389725e-01   5.1203004e-02
  -4.6275785e-01   3.7050586e-02
  -4.9173924e-01   3.2913018e-02
  -4.8000039e-01   2.2508884e-02
  -4.9173511e-01   3.0623992e-02
  -5.0771349e-01   1.7290621e-02
  -5.0671897e-01   1.5641372e-02
  -4.8130295e-01   7.5662142e-03
  -4.9444340e-01   1.0819766e-03
  -5.0763786e-01   2.7074695e-03
  -4.7876187e-01   1.0882324e-03
  -4.5676736e-01  -1.6473082e-02
  -4.3142472e-01  -2.3190294e-02
  -4.2691072e-01  -1.3889757e-02
  -4.0478901e-01  -1.7320692e-02
  -3.8955719e-01  -1.6883680e-02
  -3.8903364e-01  -3.2641782e-02
  -3.9579602e-01  -2.7235105e-02
  -3.8704674e-01  -2.7167736e-02
  -3.6826951e-01  -1.6319803e-02
  -3.3560178e-01  -2.9434856e-02
  -3.1484949e-01  -2.3510908e-02
  -3.0743561e-01  -2.3514508e-02
  -3.0161523e-01  -1.6210176e-02
  -2.9612575e-01  -2.0881406e-02
  -2.8297021e-01  -2.3346890e-02
  -2.5046207e-01  -1.2845368e-02
  -2.1803604e-01  -2.9218629e-02
  -1.9145955e-01  -2.3493304e-02
  -1.6991770e-01  -1.8382025e-02
  -1.5303553e-01  -7.1414197e-03
  -1.1140362e-01  -1.1811685e-02
  -8.0438232e-02  -2.3812855e-02
  -2.2797231e-02  -3.1369721e-02
  -2.8508990e-03  -2.6638418e-02
   7.1260200e-03  -1.2417990e-02
   4.2929118e-02  -1.6619376e-02
   7.5905987e-02  -2.0180398e-02
   1.2279109e-01  -1.8294768e-02
   1.3391819e-01  -1.8436626e-02
   1.4719698e-01  -1.7861943e-02
   1.7976093e-01  -1.2521008e-02
   2.0162566e-01  -7.0405410e-03
