   3.6078739e-02   1.8079130e-01
  -5.4311308e-03   6.8084547e-02
  -6.7666359e-03   5.9273441e-02
  -1.3587610e-03   5.3791681e-02
  -1.2237878e-02   4.9259841e-02
  -6.8163286e-03   3.7975222e-02
   5.4345843e-03   3.2177158e-02
   5.4572048e-03   1.8119164e-02
   2.7319191e-03   1.4170011e-02
  -4.0942084e-03   1.1324518e-02
  -1.3649147e-03   6.7947387e-03
   8.1982756e-03  -2.8339558e-03
   2.0536670e-02  -5.1109705e-03
   3.1511867e-02  -1.4777698e-02
   3.8344031e-02  -2.2731934e-02
   4.1001439e-02  -2.2117445e-02
   3.8234167e-02  -3.2327420e-02
   3.3974257e-02  -3.8978517e-02
   2.8557554e-02  -4.8684678e-02
   3.1251503e-02  -5.3777169e-02
   4.0543872e-02  -5.5749263e-02
   4.7413718e-02  -5.9297035e-02
   6.7538778e-02  -5.8517563e-02
   7.9445532e-02  -6.9104749e-02
   7.0847384e-02  -6.5790566e-02
   7.4684855e-02  -7.1840528e-02
   8.7320005e-02  -8.4180856e-02
   9.0119789e-02  -8.8862830e-02
   9.0046316e-02  -8.8220142e-02
   7.4446023e-02  -9.5514984e-02
   7.4180382e-02  -9.7458080e-02
   6.8974285e-02  -1.0279845e-01
   7.5412007e-02  -1.1059008e-01
   8.4776314e-02  -1.2119583e-01
   6.4693394e-02  -1.2734880e-01
   6.6163594e-02  -1.3179678e-01
   6.1185830e-02  -1.2896068e-01
   7.6426952e-02  -1.3471154e-01
   7.3804972e-02  -1.3178826e-01
   7.7559077e-02  -1.3318135e-01
   7.5872877e-02  -1.4018446e-01
   7.1796290e-02  -1.3811960e-01
   6.7976041e-02  -1.3953279e-01
   7.6492043e-02  -1.4711613e-01
   6.7621648e-02  -1.4705389e-01
   7.2660573e-02  -1.5203461e-01
   7.1236009e-02  -1.4937022e-01
   6.8599656e-02  -1.5524696e-01
   6.1009322e-02  -3.3205426e-02
   6.5387032e-02  -2.5424679e-02
   5.5874184e-02  -1.9781024e-02
   6.0233372e-02  -1.0212960e-02
   5.7210740e-02  -6.7749475e-03
   5.0706897e-02  -6.8175269e-03
   4.8115990e-02  -1.1398058e-03
   4.6836637e-02   1.1421700e-03
   4.9640395e-02   5.1446332e-03
   4.8211249e-02   6.2817094e-03
   4.7803470e-02   3.0052033e-02
   4.7540577e-02   2.3671101e-02
   2.0438703e-02   4.1938487e-02
   3.5229531e-02   3.8296760e-02
   2.8500351e-02   4.8586469e-02
   2.5687776e-02   5.3511352e-02
   3.0975362e-02   5.8399708e-02
   3.2283345e-02   5.9461767e-02
   4.1832413e-02   5.8504276e-02
   4.9842034e-02   6.2366620e-02
   4.0402646e-02   5.8388818e-02
   2.8229603e-02   6.2831783e-02
   3.0810228e-02   6.9981492e-02
   2.7935102e-02   7.0054282e-02
   2.1394309e-02   7.7830038e-02
   2.4048270e-02   7.7190318e-02
   3.4659014e-02   7.8139255e-02
   2.8070284e-02   8.6954700e-02
   2.9302968e-02   8.8929574e-02
   7.9827794e-03   9.6318266e-02
   1.4634058e-02   1.0615201e-01
   2.6670547e-02   1.1107516e-01
   3.2116064e-02   1.1559343e-01
   3.1950954e-02   1.2145783e-01
   2.1316573e-02   1.2751364e-01
   2.8976768e-02   1.3841843e-01
   1.1941356e-02   1.4496857e-01
   1.1858338e-02   1.4932716e-01
   3.9623059e-03   1.5520740e-01
  -5.2625055e-03   1.6560839e-01
   0.0000000e+00   1.6976602e-01
  -7.8835972e-03   1.8226882e-01
  -1.4452878e-02   1.8035669e-01
  -2.4865814e-02   1.8777643e-01
  -2.8969613e-02   1.8777084e-01
  -1.9526212e-02   1.9752278e-01
  -2.7202772e-02   1.9897691e-01
  -1.2078126e-02   1.1893811e-01
  -2.2806801e-02   1.1414125e-01
  -2.8217058e-02   1.0958975e-01
  -2.4303014e-02   9.4264213e-02
  -2.7127459e-03   8.8870620e-02
  -1.3589827e-03   8.5539671e-02
  -2.7164655e-03   7.5614057e-02
   2.7135404e-03   7.1489215e-02
   0.0000000e+00   6.7109768e-02
  -5.3977307e-03   5.8532190e-02
  -5.3987045e-03   5.1726490e-02
   5.3914210e-03   4.0360037e-02
   2.7011617e-03   3.1422783e-02
   6.7708014e-03   2.4176402e-02
   1.3515653e-03   2.3006000e-02
   2.0299816e-02   1.8533509e-02
   3.1255556e-02   1.6350096e-02
   3.5307851e-02   8.4478148e-03
   3.8181799e-02  -5.6543046e-04
   4.7674355e-02  -7.9062714e-03
   5.3163487e-02  -1.4695672e-02
   4.6258787e-02  -1.2412067e-02
   4.3524311e-02  -1.8619347e-02
   3.8157979e-02  -1.9790066e-02
   3.8184351e-02  -2.4338074e-02
   4.6494728e-02  -3.7500509e-02
   4.3599257e-02  -4.2487842e-02
   5.4509483e-02  -4.8187394e-02
   5.9392576e-02  -4.4329970e-02
   6.4330239e-02  -5.1864870e-02
   6.6890528e-02  -5.0643830e-02
   7.2685097e-02  -4.9817164e-02
   8.0669849e-02  -5.6514778e-02
   7.9284665e-02  -5.9316063e-02
   7.9024818e-02  -6.0812832e-02
   6.5469255e-02  -7.2567972e-02
   4.6852756e-02  -8.1312737e-02
   5.3491362e-02  -8.5222157e-02
   5.3435052e-02  -9.6067137e-02
   4.7880588e-02  -9.7376920e-02
   5.0887949e-02  -9.4578800e-02
   5.0945732e-02  -1.0400422e-01
   4.9671503e-02  -1.0298155e-01
   3.6350210e-02  -1.0038798e-01
   3.6391366e-02  -1.0638272e-01
   3.9150059e-02  -1.1069578e-01
   5.1079784e-02  -1.1134864e-01
   4.7012714e-02  -1.2195922e-01
   5.5701585e-02  -1.4114886e-01
   5.9637751e-02  -1.4042123e-01
   6.0962770e-02  -1.3801056e-01
   5.8559126e-02  -1.3263423e-01
   5.1887537e-02  -1.2309341e-01
   5.6590321e-02  -1.0100374e-01
   6.0977628e-02  -9.5704048e-02
   7.2921114e-02  -9.3571743e-02
   6.3289952e-02  -8.9273190e-02
   5.8186900e-02  -8.6246624e-02
   5.5342695e-02  -8.0254438e-02
   5.1744401e-02  -6.8810498e-02
   4.9111333e-02  -6.4900541e-02
   4.1030171e-02  -5.6999884e-02
   4.6597616e-02  -5.0774814e-02
   4.9128618e-02  -4.5405851e-02
   5.0345200e-02  -4.4700781e-02
   4.6188260e-02  -4.1791758e-02
   4.2161373e-02  -4.0707321e-02
   4.0836636e-02  -3.3358425e-02
   4.3648278e-02  -2.1505429e-02
   4.5044672e-02  -3.3954814e-03
   4.7679015e-02   1.1294673e-03
   3.2657557e-02   8.4652648e-03
   2.7181017e-02   1.4659665e-02
   1.9069431e-02   2.6583201e-02
   1.6378976e-02   3.6309373e-02
   3.1463618e-02   4.2671272e-02
   3.1340222e-02   4.8781083e-02
   2.1694698e-02   4.7977631e-02
   2.0249058e-02   4.3806477e-02
   1.3497996e-03   5.1164633e-02
  -1.4894976e-02   5.0188260e-02
  -8.0905154e-03   6.2471226e-02
  -5.3948100e-03   7.1056825e-02
  -1.3520533e-02   6.8936955e-02
  -1.0806113e-02   7.7492419e-02
  -1.3505782e-03   7.8060566e-02
  -1.2087398e-02   8.7972218e-02
  -1.7476751e-02   8.8056955e-02
  -1.8732954e-02   9.3980647e-02
  -1.0677876e-02   1.0534870e-01
  -1.1985367e-02   1.0918146e-01
  -1.7315744e-02   1.1153976e-01
  -9.2813092e-03   1.2156483e-01
  -1.0580057e-02   1.2831746e-01
   6.6525714e-03   1.3092950e-01
  -2.5923876e-03   1.5450169e-01
  -2.5897580e-03   1.5014866e-01
  -1.2972826e-03   1.5044769e-01
   5.1775443e-03   1.4652016e-01
  -3.8906048e-03   1.4208064e-01
   6.5282968e-03   1.3540131e-01
   3.9457682e-03   1.2699244e-01
  -1.3222534e-03   1.2357065e-01
   3.9779802e-03   1.1863400e-01
   0.0000000e+00   1.1323323e-01
  -7.9532293e-03   1.0807805e-01
  -5.3175318e-03   1.0840434e-01
  -1.7454428e-02   9.6056317e-02
  -1.4861597e-02   9.2002388e-02
  -9.4660253e-03   7.7005149e-02
  -1.0836270e-02   5.9897140e-02
  -2.8557032e-02   5.4967342e-02
  -3.2803437e-02   4.1490224e-02
  -3.1421943e-02   4.4901466e-02
  -2.4533467e-02   4.7084369e-02
  -2.3129711e-02   4.5291591e-02
  -1.4948673e-02   3.8988516e-02
  -8.1446162e-03   3.1016554e-02
  -1.6223598e-02   1.8515696e-02
  -1.3592127e-02   1.1842300e-02
  -4.0823626e-03   6.7741626e-03
   0.0000000e+00   4.5161290e-03
   6.7837003e-03  -4.5024557e-03
   1.6261782e-02  -1.1244164e-02
   3.2414752e-02  -1.8493163e-02
   2.5607820e-02  -2.0136233e-02
   2.9633385e-02  -2.7965275e-02
   2.1534452e-02  -3.5799623e-02
   2.4280232e-02  -4.2077325e-02
   2.8283260e-02  -4.5955814e-02
   2.8278982e-02  -5.3294816e-02
   2.5560364e-02  -5.3243624e-02
   2.6852754e-02  -6.3891101e-02
   2.2888273e-02  -6.9778761e-02
   2.9767410e-02  -7.0124102e-02
   3.3738109e-02  -7.2799466e-02
   2.9699451e-02  -7.5702841e-02
   4.0528461e-02  -7.6893996e-02
   2.4334519e-02  -7.8126596e-02
   2.5619429e-02  -9.1804888e-02
   1.4859178e-02  -9.2570304e-02
   1.8925899e-02  -1.0025433e-01
   3.2240961e-02  -1.0720235e-01
   3.2463023e-02  -1.0796763e-01
   4.6955119e-02  -1.4942321e-01
   3.9131439e-02  -1.4706683e-01
   4.9593860e-02  -1.5251473e-01
   4.5989654e-02  -1.4399135e-01
   4.6285707e-02  -1.4076055e-01
   4.3998096e-02  -1.2815534e-01
   5.2148347e-02  -1.2851698e-01
   4.5600814e-02  -1.2595304e-01
   4.5580866e-02  -1.2171598e-01
   4.2861087e-02  -1.1863936e-01
   3.6172928e-02  -1.1513423e-01
   3.6414295e-02  -1.1355537e-01
   4.3361737e-02  -1.1171082e-01
   4.2247949e-02  -1.0046205e-01
   5.0319085e-02  -9.7271926e-02
   4.4887704e-02  -9.3185074e-02
   5.5869630e-02  -7.4639657e-02
   4.7641507e-02  -7.0524507e-02
   5.1863472e-02  -6.2618540e-02
   5.4613339e-02  -5.5157698e-02
   4.8987455e-02  -5.0978316e-02
   4.2291027e-02  -4.7684349e-02
   4.1167445e-02  -4.2222871e-02
   3.9760887e-02  -4.1041171e-02
   4.5435913e-02  -4.0059002e-02
   4.9527417e-02  -2.8552170e-02
   6.3685609e-02  -3.6793437e-02
   3.5852892e-02  -5.7181064e-04
   5.7248171e-02  -1.6389298e-02
   2.4489946e-02   1.2417311e-02
   1.7602773e-02   1.1232746e-03
   2.9843037e-02   2.7598875e-02
   2.6805878e-02   2.7827503e-02
   2.4247863e-02   2.6848806e-02
   4.8541688e-02   4.4860603e-02
   4.8761448e-02   3.2621871e-02
   4.2440356e-02   4.4413322e-02
   4.6244862e-02   4.0137952e-02
   2.1744946e-02   6.3537751e-02
   4.5909527e-02   4.8887187e-02
   1.2132923e-02   8.1368996e-02
   8.0829307e-03   8.0159824e-02
  -1.6193872e-02   9.5976665e-02
   5.3975123e-03   8.5499806e-02
   1.6341534e-02   9.6287517e-02
   1.4880738e-02   9.7979624e-02
  -2.7092803e-03   1.0342836e-01
  -1.3442049e-03   1.1143141e-01
   1.4697280e-02   1.1131504e-01
   4.0556311e-03   1.3193353e-01
  -3.5900674e-02   2.1140699e-01
  -3.0692155e-02   2.0373071e-01
  -3.8395180e-02   1.9878272e-01
  -3.8610093e-02   1.9052737e-01
  -4.7763803e-02   1.8860724e-01
  -4.9158818e-02   1.8464735e-01
  -4.0127278e-02   1.8356309e-01
  -3.8902009e-02   1.8017982e-01
  -3.2319018e-02   1.7835577e-01
  -2.5790777e-02   1.7542030e-01
  -3.2270287e-02   1.6945765e-01
  -2.6058899e-02   1.5836333e-01
  -1.9726819e-02   1.5569493e-01
  -1.3127818e-02   1.5297610e-01
  -3.1519061e-02   1.4756263e-01
  -3.8205578e-02   1.3783092e-01
  -3.3193416e-02   1.3358726e-01
  -2.6543540e-02   1.2699032e-01
  -2.4114311e-02   1.1811419e-01
  -1.8789421e-02   1.1005985e-01
  -1.7493926e-02   1.0506186e-01
  -2.0192533e-02   9.0494664e-02
  -3.5193457e-02   8.5163095e-02
  -3.9354784e-02   7.4937169e-02
  -3.2573608e-02   6.5162963e-02
  -2.8593917e-02   5.9053545e-02
  -1.9022558e-02   4.7510401e-02
  -1.2191399e-02   4.0561718e-02
  -8.1402102e-03   3.6091990e-02
  -1.3533598e-03   3.0923679e-02
  -5.4401634e-03   1.9757904e-02
   0.0000000e+00   1.2970796e-02
   8.1898859e-03   3.9635267e-03
   1.6480163e-02   0.0000000e+00
   2.7438968e-02  -1.1379763e-03
   2.1947548e-02  -1.0242549e-02
   1.3695925e-02  -2.1034449e-02
   1.9157975e-02  -3.1265878e-02
   1.3692360e-02  -3.5282731e-02
   1.6457756e-02  -4.6235073e-02
   2.0465145e-02  -4.7134505e-02
   3.1245426e-02  -5.4909319e-02
   5.1222176e-02  -5.8993224e-02
   4.1621192e-02  -5.8771767e-02
   5.0775034e-02  -6.2982793e-02
   5.7543176e-02  -6.5329093e-02
   6.7011227e-02  -6.7675458e-02
   6.2949743e-02  -7.5032122e-02
   4.9487741e-02  -7.6667539e-02
   5.4508348e-02  -8.4710273e-02
   5.0875383e-02  -1.6212878e-01
   5.8476400e-02  -1.6384523e-01
   6.6309020e-02  -1.6267597e-01
   6.7440137e-02  -1.6162164e-01
   6.4718471e-02  -1.5948292e-01
   6.8692224e-02  -1.5009006e-01
   6.8585787e-02  -1.4687383e-01
   6.5009567e-02  -1.4288526e-01
   6.6403045e-02  -1.3718267e-01
   5.9823147e-02  -1.3763454e-01
   6.0071401e-02  -1.3234680e-01
   6.2669216e-02  -1.3289057e-01
   6.0266698e-02  -1.2400562e-01
   5.4126160e-02  -1.2502480e-01
   5.2963071e-02  -1.2247156e-01
   5.7159033e-02  -1.2000838e-01
   5.7245459e-02  -1.2137923e-01
   5.2249784e-02  -1.1508750e-01
   5.2536800e-02  -1.1100118e-01
   5.7839472e-02  -1.0316455e-01
   6.1698508e-02  -9.9348125e-02
   4.9628457e-02  -8.8952481e-02
   4.3145455e-02  -8.0765170e-02
   5.1059565e-02  -7.4162911e-02
   3.3606671e-02  -6.2825983e-02
   3.6275122e-02  -6.0518441e-02
   2.8212084e-02  -5.5427780e-02
   2.8309758e-02  -5.2786687e-02
   3.0813368e-02  -5.4143294e-02
   2.5391696e-02  -4.4480663e-02
   2.8216569e-02  -4.1348206e-02
   2.0086044e-02  -3.6735479e-02
   1.7634522e-02  -2.7603273e-02
   3.7820429e-02  -3.0288683e-02
   1.6228522e-02  -1.2343797e-02
   2.3129898e-02  -1.1853098e-02
   2.5877677e-02  -1.1299639e-02
   2.7080903e-02  -2.8078604e-03
   1.7620402e-02   1.6866033e-03
   1.7567136e-02   3.9235917e-03
   9.4489371e-03   8.3997942e-03
   1.2136500e-02   8.3912692e-03
   1.3579503e-03   9.5774599e-03
   6.8087751e-03   1.5257122e-02
   1.2315196e-02   1.9309540e-02
   1.2284232e-02   3.6310547e-02
   6.8085742e-03   4.6477138e-02
   4.0673435e-03   5.4813069e-02
  -4.0479118e-03   6.4225060e-02
  -4.0566543e-03   6.8375065e-02
  -7.7310035e-03   2.1860243e-01
  -1.0228589e-02   2.2456395e-01
  -1.0261024e-02   2.2605798e-01
  -1.2912844e-02   2.2179896e-01
  -8.9800259e-03   2.2410888e-01
  -7.6765113e-03   2.3007762e-01
  -1.7934611e-02   2.2638413e-01
  -2.1993638e-02   2.1694531e-01
  -1.6662572e-02   2.1204245e-01
  -1.6658548e-02   2.0552320e-01
  -2.5716233e-02   2.0307888e-01
  -2.4442942e-02   1.9681224e-01
  -2.4408997e-02   1.9019648e-01
  -2.3222519e-02   1.8607215e-01
  -1.9374974e-02   1.8195111e-01
  -8.9819767e-03   1.8311551e-01
  -1.5448664e-02   1.8253442e-01
  -1.6685736e-02   1.8254458e-01
  -1.0335652e-02   1.7766495e-01
  -5.1722619e-03   1.6799866e-01
   0.0000000e+00   1.6272545e-01
  -1.0473572e-02   1.5011564e-01
  -1.0527036e-02   1.3830879e-01
  -5.2655995e-03   1.3242379e-01
  -1.0521215e-02   1.3228805e-01
  -1.8442966e-02   1.2542771e-01
  -3.0418234e-02   1.2297631e-01
  -3.4351823e-02   1.0883682e-01
  -2.8114474e-02   1.0215453e-01
  -1.7481710e-02   1.0088196e-01
  -1.2095691e-02   9.6157643e-02
  -4.0595512e-03   8.6328201e-02
  -1.0827619e-02   8.1699444e-02
  -2.7044362e-03   6.8375239e-02
  -2.1681622e-02   5.7631238e-02
  -2.0311331e-02   5.0185614e-02
  -3.3807759e-02   4.5573557e-02
  -3.3858095e-02   3.3758190e-02
  -2.1629675e-02   3.2011926e-02
  -1.4897629e-02   2.2488588e-02
   0.0000000e+00   1.6816817e-02
   0.0000000e+00   1.2867133e-02
   5.4047962e-03   8.4083410e-03
   1.3540070e-02   5.0549112e-03
   2.0331315e-02  -5.6218524e-04
   2.9756158e-02  -8.4147894e-03
   2.9901346e-02  -1.2967613e-02
   2.4606311e-02  -1.8720291e-02
   3.2830270e-02  -2.3846892e-02
   5.1681683e-02  -4.0697304e-02
   6.8871821e-02  -1.5530693e-01
   6.4769220e-02  -1.6203575e-01
   6.8905379e-02  -1.6691915e-01
   6.8776302e-02  -1.7271241e-01
   6.3603652e-02  -1.7218528e-01
   6.8572210e-02  -1.7461240e-01
   6.0885786e-02  -1.6815031e-01
   5.8164792e-02  -1.7265023e-01
   6.8331876e-02  -1.7948579e-01
   7.2181780e-02  -1.8374941e-01
   7.7455240e-02  -1.8651399e-01
   6.7412892e-02  -1.8433587e-01
   6.3458325e-02  -1.7668686e-01
   6.9053864e-02  -1.7471392e-01
   7.9449453e-02  -1.7332785e-01
   8.2223628e-02  -1.7122020e-01
   8.2124441e-02  -1.7161247e-01
   7.5636112e-02  -1.6681190e-01
   7.4287379e-02  -1.6182514e-01
   7.1690727e-02  -1.5943581e-01
   7.6719971e-02  -1.5596877e-01
   8.2360762e-02  -1.5079253e-01
   7.7850460e-02  -1.4808859e-01
   6.8979513e-02  -1.4292511e-01
   6.7698591e-02  -1.4606411e-01
   7.0639807e-02  -1.4607225e-01
   8.6633725e-02  -1.4596500e-01
   8.0069671e-02  -1.3831640e-01
   8.0174563e-02  -1.3008360e-01
   7.2736527e-02  -1.1981824e-01
   7.1464686e-02  -1.0808310e-01
   8.0805453e-02  -1.0555055e-01
   7.3940321e-02  -1.0480195e-01
   6.7686394e-02  -9.2076330e-02
   7.4921420e-02  -8.7951203e-02
   7.5047298e-02  -8.9275232e-02
   7.0973497e-02  -8.0540196e-02
   6.9454347e-02  -7.2821691e-02
   6.2191489e-02  -6.4285760e-02
   5.5216537e-02  -5.2701037e-02
   5.3597599e-02  -4.6815450e-02
   5.0887799e-02  -4.3988467e-02
   6.5561989e-02  -3.4993354e-02
   6.4398599e-02  -3.7327883e-02
   7.5382608e-02  -4.2493422e-02
   6.8846558e-02  -3.5865025e-02
   5.5586271e-02  -3.3211197e-02
   3.7918109e-02  -2.3605132e-02
   2.7268221e-02  -1.0179741e-02
   2.1861945e-02  -3.4003639e-03
   1.6429809e-02   2.8395463e-03
