   3.4573379e-02   2.7604339e-02
   3.9909788e-03   2.2090633e-02
   4.0031080e-03   2.1048374e-02
   2.6610454e-03   1.9881618e-02
   1.3288013e-03   2.4275850e-02
   1.3299931e-03   2.5404327e-02
   1.1970984e-02   2.4298846e-02
   1.0639465e-02   2.5955800e-02
   1.4616814e-02   2.4274437e-02
   9.3283129e-03   2.5453937e-02
   1.9932860e-02   2.3721548e-02
   1.9951639e-02   2.4297144e-02
   1.9972143e-02   2.3768372e-02
   1.9970434e-02   2.4873877e-02
   1.8582490e-02   2.5903053e-02
   1.7272133e-02   2.5928908e-02
   1.3288573e-02   2.3722987e-02
   1.3264587e-02   2.1473888e-02
   9.3299131e-03   2.3240551e-02
   5.3357261e-03   2.5479524e-02
   7.9874588e-03   2.5981775e-02
   2.6524974e-03   2.3677437e-02
   7.9809928e-03   2.3747119e-02
   6.6374794e-03   2.4251675e-02
   6.6636651e-03   2.4347529e-02
   1.0663189e-02   2.2687038e-02
   9.3274586e-03   2.6560629e-02
   9.3007982e-03   2.5378707e-02
   1.1956519e-02   2.7033420e-02
   3.9894276e-03   2.7061026e-02
   2.6578241e-03   2.3172369e-02
   5.3166657e-03   2.0413635e-02
   5.3213051e-03   2.2090558e-02
   3.9944286e-03   2.3770873e-02
   3.9774967e-03   2.7531837e-02
   0.0000000e+00   2.5404339e-02
  -1.0652680e-02   2.2664644e-02
  -7.9816437e-03   2.2642602e-02
   0.0000000e+00   1.9881657e-02
   1.3292592e-03   1.9310335e-02
   0.0000000e+00   2.3195266e-02
   5.3140083e-03   2.7034273e-02
   5.2934435e-03   2.6378600e-02
   7.9788552e-03   2.7060670e-02
   1.7325529e-02   2.4345817e-02
   2.5300115e-02   2.2661365e-02
   2.9268301e-02   2.1533394e-02
   3.5906538e-02   2.6499483e-02
   3.1925289e-02   2.3188772e-02
   3.3323782e-02   2.2127637e-02
   2.5296977e-02   2.4319513e-02
   2.2605671e-02   2.7609532e-02
   1.9931160e-02   2.4824875e-02
   1.8566702e-02   2.4225827e-02
   1.4601826e-02   2.4801696e-02
   1.3316375e-02   2.2111460e-02
   1.0651810e-02   2.3770236e-02
   1.5961986e-02   2.3745872e-02
   1.8584942e-02   2.4249666e-02
   1.7255945e-02   2.5352255e-02
   1.7308458e-02   2.4321788e-02
   2.1265096e-02   2.1514568e-02
   2.1307019e-02   2.1557035e-02
   2.2586635e-02   2.5927398e-02
   2.8015024e-02   2.4366653e-02
   3.4575039e-02   2.7052253e-02
   3.8569800e-02   2.5393956e-02
   3.8574799e-02   2.3737828e-02
   3.5943565e-02   2.5973007e-02
   3.4578260e-02   2.5948079e-02
   3.3251296e-02   2.4844521e-02
   3.5948336e-02   2.4315155e-02
   2.1277948e-02   2.6505576e-02
   1.5945616e-02   2.4274166e-02
   1.1996562e-02   2.2133512e-02
   7.9825623e-03   2.0985826e-02
   6.6505465e-03   2.4299507e-02
   1.4642308e-02   2.7086261e-02
   1.4643674e-02   2.5980699e-02
   1.8640667e-02   2.3768707e-02
   1.5932539e-02   2.2045706e-02
   1.7272133e-02   2.5928908e-02
   1.5975640e-02   2.5427634e-02
   1.8639878e-02   2.4321468e-02
   1.8588672e-02   2.1494022e-02
   1.8550034e-02   2.3101941e-02
   2.1238086e-02   2.5351187e-02
   2.2588648e-02   2.4824105e-02
   2.1339936e-02   2.7138046e-02
   2.3987090e-02   2.5450520e-02
   2.2654474e-02   2.5450955e-02
   2.3916338e-02   2.5375320e-02
   2.3898808e-02   2.2043785e-02
   1.8623835e-02   2.2640840e-02
   1.7258172e-02   2.3698848e-02
   1.5973427e-02   2.7085957e-02
   1.8616435e-02   2.7610781e-02
   3.1893889e-02   2.3165939e-02
   2.9254397e-02   2.7606915e-02
   2.2630088e-02   2.6531309e-02
   2.1287939e-02   3.2059180e-02
   2.2591505e-02   2.3169164e-02
   2.2593300e-02   2.2065871e-02
   1.8623835e-02   2.2640840e-02
   1.7311953e-02   2.1557948e-02
   1.3314762e-02   2.3769819e-02
   9.3091025e-03   2.6508244e-02
   9.3454440e-03   2.7167664e-02
   1.5948822e-02   2.1515738e-02
   1.8622317e-02   2.3745271e-02
   1.4660063e-02   2.4346388e-02
   1.4628590e-02   2.6507316e-02
   1.4610637e-02   2.9239662e-02
   1.8656626e-02   2.5452110e-02
   2.5253244e-02   2.0961845e-02
   2.2549797e-02   2.1471927e-02
   1.9916435e-02   2.1493721e-02
   2.1342904e-02   2.5476533e-02
   2.2538050e-02   2.8078673e-02
   2.1289128e-02   3.1506436e-02
   2.1274883e-02   2.8162175e-02
   1.9953305e-02   2.3192729e-02
   1.4621851e-02   1.9309211e-02
   1.0622098e-02   2.1495397e-02
   9.3379355e-03   2.4925219e-02
   5.3137536e-03   2.7585993e-02
   1.0616554e-02   2.8109365e-02
   7.9721127e-03   2.5378867e-02
   9.3295267e-03   2.3793897e-02
   1.0664811e-02   2.0473669e-02
   5.3370707e-03   2.2156107e-02
   7.9891875e-03   2.3217757e-02
   1.3299331e-02   2.5955345e-02
   1.0628516e-02   2.6481936e-02
   1.1957630e-02   2.5930015e-02
   1.3303263e-02   2.2089656e-02
   2.2615547e-02   2.2087626e-02
   2.1300853e-02   2.5426246e-02
   2.2654474e-02   2.5450955e-02
   2.7898544e-02   2.7028698e-02
   2.5245024e-02   2.5374865e-02
   2.9266027e-02   2.2637671e-02
   2.7964387e-02   2.2107787e-02
   2.1263448e-02   2.2617880e-02
   1.0670473e-02   2.6586705e-02
   1.0620414e-02   2.3700053e-02
   2.6679816e-03   2.4925767e-02
   2.2673682e-02   2.7137608e-02
   3.0589841e-02   2.5397807e-02
   2.7876214e-02   2.4797853e-02
   2.5248289e-02   2.3719982e-02
   1.9951639e-02   2.4297144e-02
   1.3290685e-02   2.1516197e-02
   1.4631202e-02   2.4298373e-02
   1.9875037e-02   2.3101618e-02
   1.9950778e-02   2.4849352e-02
   1.9955660e-02   2.1536105e-02
   1.4628590e-02   2.6507316e-02
   1.7306943e-02   2.5427324e-02
   1.1979493e-02   2.7639580e-02
   1.4589334e-02   2.3125491e-02
   1.5948212e-02   2.2067423e-02
   1.0632141e-02   2.2068280e-02
   9.3115425e-03   2.3194714e-02
   6.6565166e-03   2.5429108e-02
   9.3287266e-03   2.4900590e-02
   1.1969938e-02   2.5403339e-02
   1.3315850e-02   2.2664246e-02
   9.3203334e-03   2.3770410e-02
   1.0621693e-02   2.2046561e-02
   7.9512403e-03   2.0903370e-02
   9.3203334e-03   2.3770410e-02
   3.9819621e-03   2.5905399e-02
   1.3288013e-03   2.4275850e-02
   6.6568112e-03   2.4876301e-02
   6.6581874e-03   2.2112268e-02
   7.9881734e-03   2.4876168e-02
   9.2928620e-03   2.3700225e-02
   1.3289655e-02   2.2619592e-02
   1.1959716e-02   2.3723205e-02
   2.2564452e-02   2.5901886e-02
   2.3963460e-02   2.5425404e-02
   2.1279890e-02   2.5401177e-02
   1.9931160e-02   2.4824875e-02
   1.7255945e-02   2.5352255e-02
   1.3314199e-02   2.4322606e-02
   1.4632424e-02   2.3193902e-02
   6.6448274e-03   2.2620415e-02
   6.6584433e-03   2.1559461e-02
   3.9904964e-03   2.3747431e-02
   6.6502592e-03   2.4851769e-02
   1.3324941e-03   2.6561252e-02
   3.9789093e-03   2.3126743e-02
   3.9867361e-03   2.3172313e-02
   5.3108463e-03   2.2047073e-02
   7.9737929e-03   2.2620294e-02
   4.0028030e-03   2.2156183e-02
   5.3309321e-03   2.4347636e-02
   1.1982260e-02   2.4875622e-02
   1.4628590e-02   2.6507316e-02
   2.5222422e-02   2.4247729e-02
   2.7931089e-02   2.4846743e-02
   3.0589841e-02   2.5397807e-02
   2.9237241e-02   2.2615378e-02
   2.5267564e-02   2.6504223e-02
   1.9946180e-02   2.7610391e-02
   2.1281749e-02   2.4296778e-02
   1.9951639e-02   2.4297144e-02
   1.7341880e-02   2.4923756e-02
   1.3327895e-02   2.3793305e-02
   6.6508273e-03   2.3747246e-02
   7.9967371e-03   2.3794048e-02
   1.3286855e-02   2.5378079e-02
   1.3276063e-02   2.3148485e-02
   1.3288013e-02   2.4274684e-02
   1.5945616e-02   2.4274166e-02
   1.8585724e-02   2.3698538e-02
   1.8639878e-02   2.4321468e-02
   1.4586202e-02   2.5878526e-02
   1.8619063e-02   2.5954134e-02
   2.6576026e-02   2.4271151e-02
   2.7878586e-02   2.3695726e-02
   2.7953496e-02   2.7082039e-02
   3.1858530e-02   2.4796232e-02
   3.3214112e-02   2.6474729e-02
   3.7236410e-02   2.6498775e-02
   3.9899793e-02   2.5393228e-02
   4.1319858e-02   2.2677110e-02
   4.5308949e-02   2.5440192e-02
   4.5302659e-02   2.7099335e-02
   4.6628209e-02   2.8757510e-02
   4.2633643e-02   2.8207246e-02
   4.9159148e-02   2.5913823e-02
   5.1831688e-02   2.2052692e-02
   3.9860564e-02   2.5368232e-02
   3.3156217e-02   2.3670332e-02
   1.9907963e-02   2.7004931e-02
   2.1236156e-02   2.6453413e-02
   1.7286689e-02   2.7611143e-02
   1.5957710e-02   2.7059249e-02
   1.0613186e-02   1.9271773e-02
  -1.3303773e-03   2.1538451e-02
   0.0000000e+00   2.1538462e-02
   1.3300518e-03   2.4852059e-02
   6.6573810e-03   2.3770688e-02
   1.1971489e-02   2.3746599e-02
   1.7275856e-02   2.3170513e-02
   1.3298718e-02   2.6507587e-02
   1.5974180e-02   2.6533183e-02
   1.5944225e-02   2.5377537e-02
   1.8642190e-02   2.2663186e-02
   2.3968530e-02   2.2661773e-02
   3.4517763e-02   2.3142030e-02
   2.7952151e-02   2.7634734e-02
   2.3858940e-02   3.0280410e-02
   2.0005223e-02   2.7692303e-02
   1.9933681e-02   2.3169884e-02
   1.8606959e-02   2.1515195e-02
   1.3317872e-02   2.0453100e-02
   3.9795239e-03   2.0924196e-02
   7.9885192e-03   2.4323364e-02
   9.3199391e-03   2.4323210e-02
   6.6546143e-03   2.8745948e-02
   7.9870899e-03   2.6534579e-02
   7.9662695e-03   2.2046860e-02
   5.3058346e-03   2.1474760e-02
   1.3342677e-03   2.2156270e-02
   0.0000000e+00   2.4251969e-02
   0.0000000e+00   2.4228122e-02
  -2.6592275e-03   2.8717893e-02
  -2.6652323e-03   2.5454496e-02
  -6.6573810e-03   2.3770688e-02
  -1.1971983e-02   2.3194353e-02
  -1.0642192e-02   2.2642293e-02
  -6.6655070e-03   2.0474058e-02
  -9.3023842e-03   2.3171863e-02
  -1.0630410e-02   2.4275108e-02
  -1.5961312e-02   2.4298101e-02
  -1.8579877e-02   2.7556439e-02
  -2.3915261e-02   2.5926958e-02
  -1.9952482e-02   2.3744937e-02
  -2.6505092e-02   2.0349708e-02
  -2.9153466e-02   2.1448823e-02
  -2.6579310e-02   2.2616300e-02
  -1.8628584e-02   1.8775331e-02
  -1.7275856e-02   2.3170513e-02
  -1.5914316e-02   2.4226436e-02
  -1.1980635e-02   2.6533997e-02
  -5.3259048e-03   2.3770792e-02
  -3.9988538e-03   2.2134290e-02
   1.3314762e-03   2.3770966e-02
  -1.3287440e-03   2.4827574e-02
   6.6431280e-03   2.5930720e-02
   5.3299764e-03   2.6561057e-02
   1.7294242e-02   2.2088915e-02
   1.7275856e-02   2.3170513e-02
   1.8617329e-02   2.7058565e-02
   1.4606714e-02   3.1998121e-02
   1.7284099e-02   2.9267812e-02
   1.7279775e-02   1.9860440e-02
   1.5981446e-02   2.0452662e-02
   1.7314446e-02   1.9346877e-02
   1.5961986e-02   2.3745872e-02
   3.9937294e-03   2.5982117e-02
   1.3307858e-03   2.9851910e-02
   3.9897993e-03   2.5956494e-02
   6.6262731e-03   2.0353389e-02
   6.6465184e-03   1.8758393e-02
   3.9991580e-03   2.1027576e-02
   1.0662758e-02   2.3240381e-02
   2.5266375e-02   2.7056395e-02
   2.9283206e-02   2.7634155e-02
   2.6563419e-02   2.9787321e-02
   2.6548775e-02   2.4798345e-02
   2.5328927e-02   2.0470701e-02
   2.2570213e-02   2.2595262e-02
   1.9926576e-02   2.7583195e-02
   3.0588461e-02   2.5949933e-02
   3.0584143e-02   2.7606312e-02
   2.7902395e-02   2.5373880e-02
   2.5222422e-02   2.4247729e-02
   2.5296977e-02   2.4319513e-02
   3.3184509e-02   2.5346659e-02
   3.0585611e-02   2.7054185e-02
   2.6653504e-02   2.4896324e-02
   2.7877413e-02   2.4246790e-02
   1.8676683e-02   2.4369573e-02
   1.9972969e-02   2.3215619e-02
   2.2631133e-02   2.5978573e-02
   2.2631133e-02   2.5978573e-02
   2.5267564e-02   2.6504223e-02
   2.2609883e-02   2.5400770e-02
   1.4660685e-02   2.3793061e-02
   2.2596629e-02   1.9859284e-02
   2.2618084e-02   2.0431054e-02
   2.2615547e-02   2.2087626e-02
   1.3258322e-02   2.7530626e-02
   1.5940481e-02   2.8135965e-02
   1.1944778e-02   2.7006814e-02
   3.9971007e-03   2.7667863e-02
   5.3259048e-03   2.3770792e-02
   3.9920954e-03   1.7672506e-02
   6.6591723e-03   1.9901041e-02
   5.3085362e-03   2.7558842e-02
   1.7293561e-02   2.2641137e-02
   1.4621348e-02   1.9860903e-02
   1.4645619e-02   2.4322357e-02
   1.5978375e-02   2.3216535e-02
   2.2609883e-02   2.5400770e-02
   1.5956944e-02   2.7611479e-02
   1.3311189e-02   2.7086538e-02
   1.4604255e-02   2.2597101e-02
   9.3115425e-03   2.3194714e-02
   1.1972936e-02   2.2089860e-02
   7.9809928e-03   2.3747119e-02
   7.9809928e-03   2.3747119e-02
   0.0000000e+00   2.7087858e-02
  -1.3299931e-03   2.5404327e-02
  -2.6576026e-03   2.4275815e-02
   0.0000000e+00   2.0433925e-02
  -1.3317386e-03   2.1006900e-02
  -5.3199724e-03   2.5404142e-02
  -7.9803111e-03   2.4851636e-02
  -1.0650427e-02   2.5428625e-02
  -2.6524974e-03   2.3677437e-02
  -1.3304270e-03   2.0986183e-02
  -3.9947550e-03   2.2665251e-02
   0.0000000e+00   2.5429418e-02
  -3.9860564e-03   2.5379199e-02
  -1.3286855e-03   2.5379298e-02
   1.3299331e-03   2.5956595e-02
   6.6581874e-03   2.2112268e-02
   7.9816437e-03   2.2642602e-02
   1.3301655e-02   2.3746380e-02
   6.6633761e-03   2.4900882e-02
   0.0000000e+00   2.7667984e-02
   6.6377586e-03   2.3700500e-02
   6.6650131e-03   2.1580764e-02
   3.9994465e-03   1.9920861e-02
   6.6581874e-03   2.2112268e-02
   0.0000000e+00   2.4323791e-02
  -1.3323669e-03   2.7667971e-02
  -1.3284384e-03   2.7586194e-02
  -2.6654660e-03   2.4347779e-02
   0.0000000e+00   2.2090730e-02
   2.6641033e-03   1.7137183e-02
   0.0000000e+00   2.2090730e-02
   7.9813221e-03   2.3194860e-02
   7.9945868e-03   2.7114148e-02
   3.9958632e-03   3.0988006e-02
   5.3239579e-03   2.8193265e-02
   5.3162741e-03   2.1517074e-02
   6.6397622e-03   1.9291105e-02
   3.9874993e-03   2.0413704e-02
   1.0652250e-02   2.3217440e-02
   1.0674553e-02   2.1601698e-02
   9.3020012e-03   2.3723574e-02
   9.3299131e-03   2.3240551e-02
   7.9795985e-03   2.5956153e-02
   7.9728078e-03   2.4275438e-02
   2.6549918e-03   2.4251922e-02
  -2.6655790e-03   2.3794420e-02
   0.0000000e+00   2.2090730e-02
  -1.3291664e-03   2.0413783e-02
   1.3301655e-03   2.3747523e-02
   0.0000000e+00   2.5404339e-02
  -1.3339908e-03   2.4925804e-02
   2.6573709e-03   2.5379261e-02
   0.0000000e+00   2.4299803e-02
   0.0000000e+00   2.1496063e-02
   2.6635743e-03   2.0454057e-02
   0.0000000e+00   2.2642998e-02
  -1.3300518e-03   2.4852059e-02
  -2.6622378e-03   2.7087805e-02
  -2.6649882e-03   2.6561213e-02
  -5.3045443e-03   2.4778569e-02
  -5.3215092e-03   2.1538294e-02
  -5.3315946e-03   2.2687570e-02
   0.0000000e+00   2.1517241e-02
  -2.6582362e-03   2.0965477e-02
  -1.3313622e-03   2.4876592e-02
   1.3312431e-03   2.5982218e-02
   5.3249725e-03   2.5982028e-02
   1.0619510e-02   2.4802381e-02
   7.9646326e-03   2.4802717e-02
   1.0629952e-02   2.4826815e-02
   9.3203334e-03   2.3770410e-02
   8.0049648e-03   2.3263685e-02
   1.4646238e-02   2.3769576e-02
   1.5944225e-02   2.5377537e-02
   1.5957710e-02   2.7059249e-02
   1.8603218e-02   2.4273553e-02
   1.0638974e-02   2.6508051e-02
   1.3326752e-02   2.4899970e-02
   1.4630570e-02   2.4850609e-02
   1.7274417e-02   2.4273871e-02
   1.5992796e-02   2.4346115e-02
   1.0630410e-02   2.4275108e-02
   1.3260778e-02   2.5328176e-02
   1.5976347e-02   2.4874859e-02
   1.8659826e-02   2.3238883e-02
   2.7906004e-02   2.3719062e-02
   2.5273144e-02   2.3743367e-02
   2.5299094e-02   2.3214081e-02
  -9.3218207e-03   2.1559209e-02
  -1.3289120e-02   2.3171289e-02
  -1.0629005e-02   2.5930229e-02
  -5.3152052e-03   2.4275674e-02
  -1.3276063e-02   2.3148485e-02
  -1.4634150e-02   2.1537194e-02
  -1.0653908e-02   2.1006255e-02
   0.0000000e+00   2.0986193e-02
   0.0000000e+00   2.4299803e-02
   0.0000000e+00   2.4852071e-02
   2.6571290e-03   2.6482707e-02
   0.0000000e+00   2.6535044e-02
   5.3204372e-03   2.4299614e-02
   7.9665738e-03   2.1495688e-02
   2.6557199e-03   2.0393661e-02
   0.0000000e+00   2.3195266e-02
  -1.3301093e-03   2.4299791e-02
   1.3297453e-03   2.7613399e-02
   0.0000000e+00   2.6482759e-02
   1.3301093e-03   2.4299791e-02
   2.6607546e-03   2.1538420e-02
   0.0000000e+00   2.3747535e-02
   2.6553191e-03   2.2598381e-02
   1.3300518e-03   2.4852059e-02
   3.9908219e-03   2.2642899e-02
   6.6445602e-03   2.3172133e-02
   5.3116273e-03   1.9842366e-02
   2.6678631e-03   2.5479673e-02
   6.6516314e-03   2.2090461e-02
   7.9780811e-03   2.8165187e-02
   3.9901555e-03   2.4851962e-02
   7.9803111e-03   2.4851636e-02
   1.0620850e-02   2.3148889e-02
   1.1973396e-02   2.1537613e-02
   1.4617430e-02   2.3722745e-02
   1.8584942e-02   2.4249666e-02
   1.5912220e-02   2.5878238e-02
   1.8619903e-02   2.5401918e-02
   1.1958696e-02   2.4826610e-02
   1.1968283e-02   2.7060078e-02
   5.3204372e-03   2.4299614e-02
   3.9872056e-03   2.1517147e-02
   2.6582362e-03   2.0965477e-02
   5.3213051e-03   2.2090558e-02
   7.9881734e-03   2.4876168e-02
   1.7256704e-02   2.4801119e-02
   1.7289910e-02   2.5402252e-02
   1.7323225e-02   2.6005760e-02
   2.1260821e-02   2.4272846e-02
   1.5974180e-02   2.6533183e-02
