  -4.7298743e-02   2.4674210e-02
   1.7442774e-01   2.9523205e-02
   1.7936034e-01   2.5535144e-02
   1.8642047e-01   2.8903343e-02
   1.9825482e-01   3.4939085e-02
   2.0947499e-01   3.4411102e-02
   2.0556933e-01   2.7208181e-02
   2.1862690e-01   2.6720553e-02
   2.2362001e-01   2.6095885e-02
   2.3143721e-01   2.9923629e-02
   2.4588473e-01   3.7021114e-02
   2.5909601e-01   3.6550551e-02
   2.5762828e-01   3.3585854e-02
   2.6771192e-01   2.9749992e-02
   2.7728777e-01   2.5308060e-02
   2.9080042e-01   2.5805980e-02
   2.9964124e-01   3.1897188e-02
   3.0191927e-01   3.5697359e-02
   3.0833929e-01   3.6720838e-02
   3.0969166e-01   3.6712803e-02
   3.0571434e-01   3.4543574e-02
   3.0690548e-01   3.0121792e-02
   3.1300619e-01   2.7959906e-02
   3.2018959e-01   2.7296971e-02
   3.2578890e-01   3.2626511e-02
   3.4146584e-01   3.6442422e-02
   3.4680254e-01   3.8735955e-02
   3.3374483e-01   3.5438183e-02
   3.2939005e-01   3.3930382e-02
   3.2789423e-01   2.8437324e-02
   3.2981418e-01   3.2189445e-02
   3.4098860e-01   3.1614243e-02
   3.4326870e-01   3.3746533e-02
   3.5196677e-01   3.6483540e-02
   3.4727920e-01   3.4809933e-02
   3.3194767e-01   3.7743645e-02
   3.6054417e-01   3.4286508e-02
   3.6011316e-01   3.5885508e-02
   3.6144280e-01   3.6420079e-02
   3.6940431e-01   3.1450418e-02
   3.6868773e-01   3.0850546e-02
   3.6435027e-01   3.4365910e-02
   3.7605085e-01   2.8790063e-02
   3.9192095e-01   3.3438623e-02
   4.0338069e-01   3.6662378e-02
   4.1009193e-01   3.7688231e-02
   2.5725732e-01   3.5380818e-02
   2.6339227e-01   2.9738251e-02
   2.4600894e-01   3.2600683e-02
   2.3088175e-01   3.3736811e-02
   2.2985367e-01   2.9899456e-02
   2.2092995e-01   2.4993482e-02
   2.0859064e-01   3.2259120e-02
   2.0140292e-01   3.2775423e-02
   1.8497544e-01   3.3910439e-02
   1.8663531e-01   2.7262647e-02
   1.7699121e-01   2.7261140e-02
   1.5322785e-01   3.1347385e-02
   1.5504053e-01   2.8929333e-02
   1.4360776e-01   3.0220952e-02
   1.3346268e-01   2.9535614e-02
   1.2844764e-01   3.0194230e-02
   1.2297125e-01   2.5146182e-02
   1.0663880e-01   2.6264352e-02
   1.0000742e-01   2.4062201e-02
   9.7189796e-02   2.6278185e-02
   9.1402668e-02   2.8966407e-02
   8.3319887e-02   3.1206637e-02
   8.4952191e-02   2.6826815e-02
   7.5811925e-02   2.7506757e-02
   6.0725411e-02   2.9679614e-02
   5.3923429e-02   1.6210839e-02
   3.6449526e-02   2.5216017e-02
   3.6375199e-02   2.5724909e-02
   2.2865917e-02   3.2410505e-02
   5.4088968e-03   2.9207388e-02
   4.0467639e-03   2.2399899e-02
   5.3921843e-03   1.6783083e-02
  -2.7031307e-03   2.3005966e-02
  -2.6972704e-03   2.5199950e-02
  -9.4207797e-03   2.6266824e-02
  -3.2456703e-02   2.8076119e-02
  -4.1791345e-02   2.9665749e-02
  -5.3945408e-02   2.5179864e-02
  -6.3296849e-02   1.6189784e-02
  -6.9970002e-02   1.3381829e-02
  -7.1230994e-02   1.7266795e-02
  -9.1540166e-02   2.2861587e-02
  -1.1026132e-01   3.5092267e-02
  -1.1036280e-01   2.5622925e-02
  -1.2241631e-01   1.8349359e-02
  -1.2661890e-01   1.1685220e-02
  -1.3535354e-01   1.4939938e-02
  -1.3993660e-01   1.3883691e-02
  -1.4882038e-01   2.3791992e-02
  -2.8034257e-01   1.6350669e-02
  -2.8014393e-01   9.8010617e-03
  -2.8843682e-01   1.3064803e-02
  -2.8550553e-01   9.7932504e-03
  -2.8084715e-01   1.6300841e-02
  -2.8166668e-01   1.7437254e-02
  -2.8370528e-01   2.1746466e-02
  -2.8510572e-01   1.8480795e-02
  -2.7958374e-01   1.0325903e-02
  -2.8494931e-01   8.6885934e-03
  -2.8817554e-01   1.0876996e-02
  -2.8142815e-01   1.4698681e-02
  -2.8214908e-01   1.8470627e-02
  -2.7095680e-01   1.5748964e-02
  -2.6211616e-01   1.6889453e-02
  -2.6694434e-01   1.5290199e-02
  -2.6618457e-01   1.2523863e-02
  -2.6402632e-01   1.3098283e-02
  -2.6875159e-01   1.9692759e-02
  -2.6414454e-01   2.2397655e-02
  -2.5779737e-01   2.0150256e-02
  -2.5571185e-01   1.4737759e-02
  -2.5270412e-01   1.4254247e-02
  -2.4234763e-01   1.2576632e-02
  -2.4193781e-01   1.5372431e-02
  -2.3764076e-01   1.7560578e-02
  -2.2868298e-01   1.6963271e-02
  -2.1948695e-01   2.0837125e-02
  -2.1168205e-01   1.9777894e-02
  -2.1460319e-01   1.7592011e-02
  -2.0739818e-01   1.6019488e-02
  -2.0253806e-01   1.7065293e-02
  -1.9160519e-01   1.8169256e-02
  -1.8256947e-01   1.9878515e-02
  -1.7718007e-01   2.1546290e-02
  -1.6979393e-01   2.1475746e-02
  -1.6197699e-01   1.7099465e-02
  -1.5945773e-01   1.7120199e-02
  -1.5185518e-01   1.8845159e-02
  -1.4763839e-01   2.2710143e-02
  -1.4792620e-01   2.3309888e-02
  -1.4334915e-01   2.0460787e-02
  -1.3665550e-01   1.9917944e-02
  -1.2728596e-01   1.8824065e-02
  -1.2752554e-01   2.0525418e-02
  -1.1276746e-01   1.9434721e-02
  -1.1131046e-01   1.9971902e-02
  -1.0884439e-01   2.0014651e-02
  -9.9550544e-02   1.7817972e-02
  -8.3230201e-02   2.0021638e-02
   1.5738912e-01   3.1086202e-02
   1.7528969e-01   2.7211030e-02
   1.8427239e-01   3.2116366e-02
   1.8867190e-01   3.2720891e-02
   1.9567077e-01   2.9401620e-02
   2.0299818e-01   2.7053068e-02
   2.0545171e-01   2.8672961e-02
   2.0485572e-01   3.2111170e-02
   2.1557262e-01   3.4836905e-02
   2.2170417e-01   3.1591498e-02
   2.2468591e-01   2.9217736e-02
   2.2219233e-01   3.0359551e-02
   2.1766960e-01   3.2519732e-02
   2.1974159e-01   2.9293403e-02
   2.2698109e-01   2.7113513e-02
   2.3433710e-01   2.9212301e-02
   2.3588043e-01   3.0890555e-02
   2.4363900e-01   3.4131823e-02
   2.3871498e-01   3.4773729e-02
   2.3453254e-01   3.0895787e-02
   2.4402031e-01   2.8654409e-02
   2.4943840e-01   2.7532809e-02
   2.6109018e-01   2.5788558e-02
   2.6650566e-01   3.4574862e-02
   2.6084623e-01   3.3638312e-02
   2.5011027e-01   4.2351986e-02
   2.5016550e-01   3.2420214e-02
   2.5531499e-01   2.8668792e-02
   2.7185678e-01   2.5749431e-02
   2.8799310e-01   2.6234693e-02
   2.9105899e-01   3.3389958e-02
   2.9705882e-01   3.2877971e-02
   3.0254374e-01   3.8909679e-02
   3.2092202e-01   3.5989749e-02
   3.3144290e-01   3.4258628e-02
   3.5290668e-01   2.7060467e-02
   3.5683464e-01   3.0285370e-02
   3.6866652e-01   3.1391784e-02
   3.8063149e-01   3.5638638e-02
   3.8399619e-01   4.1507115e-02
   3.7895458e-01   4.2129419e-02
   3.7610485e-01   3.7793039e-02
   3.7804422e-01   2.9058593e-02
   3.7812234e-01   2.6906104e-02
   3.7455743e-01   3.3990963e-02
   3.7258696e-01   3.9359947e-02
   3.7761918e-01   3.8744790e-02
   3.7578219e-01   3.6679178e-02
   3.7188592e-01   3.3468640e-02
   3.6992812e-01   3.3548164e-02
   2.2295968e-01   2.5465924e-02
   2.1114705e-01   2.9440272e-02
   2.0572196e-01   3.0013946e-02
   1.9120504e-01   3.9919540e-02
   1.7295278e-01   3.6212309e-02
   1.6849534e-01   3.0562159e-02
   1.6055722e-01   1.8906602e-02
   1.5007792e-01   1.7288187e-02
   1.4309163e-01   2.5641845e-02
   1.3900101e-01   2.8995442e-02
   1.2673377e-01   3.7950487e-02
   1.0123841e-01   3.6370388e-02
   9.5739771e-02   2.6812504e-02
   9.5695767e-02   1.9531351e-02
   9.0593023e-02   1.6235998e-02
   8.5230325e-02   2.3543815e-02
   6.4509267e-02   3.0672772e-02
   5.3886285e-02   3.6370915e-02
   5.8020243e-02   3.0802310e-02
   5.5288967e-02   2.6297906e-02
   4.5923841e-02   1.7367322e-02
   3.9135738e-02   1.5113646e-02
   2.4277566e-02   2.4076100e-02
  -1.3465458e-03   3.1328656e-02
  -6.7244819e-03   3.3532517e-02
  -1.3455636e-03   2.8502980e-02
  -6.7505063e-03   2.4103802e-02
  -8.0970492e-03   1.5119728e-02
  -2.6958381e-02   1.8457855e-02
  -2.9597033e-02   1.7303914e-02
  -2.2906918e-02   2.3493116e-02
  -2.8305651e-02   3.1353087e-02
  -3.3628267e-02   3.1846377e-02
  -4.1807691e-02   2.5187900e-02
  -5.5156382e-02   1.7851492e-02
  -5.8078320e-02   1.7921344e-02
  -6.1951864e-02   1.5632238e-02
  -8.6340920e-02   2.0677695e-02
  -1.0112867e-01   2.7363149e-02
  -1.1319637e-01   2.2299245e-02
  -1.2937734e-01   2.1161646e-02
  -1.3866201e-01   2.2238107e-02
  -1.2657808e-01   1.8362489e-02
  -1.4289288e-01   1.6689901e-02
  -1.5622644e-01   1.5544880e-02
  -1.7271703e-01   1.7219511e-02
  -1.8617261e-01   2.0525478e-02
  -1.9044286e-01   1.7761895e-02
  -1.9679618e-01   1.8268247e-02
  -3.6732870e-01   0.0000000e+00
  -3.6462571e-01   5.9055409e-03
  -3.5784277e-01   1.2900804e-02
  -3.5374398e-01   1.7213709e-02
  -3.5035965e-01   1.9954965e-02
  -3.3303938e-01   1.2983665e-02
  -3.1737074e-01   8.6529347e-03
  -3.1262932e-01   9.2191770e-03
  -3.0884379e-01   1.4665622e-02
  -3.0839210e-01   2.2248981e-02
  -3.1743115e-01   2.0108877e-02
  -3.2019579e-01   1.6297221e-02
  -3.1860561e-01   1.1399840e-02
  -3.0132446e-01   5.4221199e-03
  -2.8792248e-01   7.0633388e-03
  -2.8790714e-01   1.6381047e-02
  -2.8589768e-01   2.5199931e-02
  -2.7595529e-01   2.2996697e-02
  -2.6899943e-01   2.0806734e-02
  -2.5940376e-01   1.5884473e-02
  -2.4480417e-01   9.3859634e-03
  -2.4234593e-01   8.8455277e-03
  -2.4241346e-01   1.5952233e-02
  -2.4492871e-01   2.6394478e-02
  -2.2860357e-01   2.3670389e-02
  -2.2704386e-01   2.3793491e-02
  -2.1435172e-01   1.5470388e-02
  -1.9630685e-01   4.9676707e-03
  -1.8640246e-01   1.6658627e-02
  -1.7001833e-01   1.7223816e-02
  -1.5797512e-01   2.2826964e-02
  -1.4456534e-01   2.7338313e-02
  -1.3235693e-01   3.1272435e-02
  -1.2813160e-01   2.3972069e-02
  -1.2280187e-01   1.5615477e-02
  -1.1840489e-01   1.4460899e-02
  -1.1728346e-01   1.6162845e-02
  -9.5893642e-02   1.8451956e-02
  -7.6985036e-02   1.8468461e-02
  -5.4071069e-02   2.0744867e-02
  -4.1801872e-02   2.6867093e-02
  -4.0447432e-02   2.8547157e-02
  -3.9177336e-02   2.8605160e-02
  -3.1050978e-02   2.4658130e-02
  -1.3518743e-02   1.9638293e-02
   6.7593716e-03   1.9639032e-02
   1.3514516e-02   2.4127045e-02
   2.9677439e-02   2.1834717e-02
   3.7752838e-02   2.7989030e-02
   3.9255800e-02   2.8662552e-02
   2.5340298e-01   3.0820077e-02
   2.5602411e-01   3.3559619e-02
   2.6152930e-01   3.7054463e-02
   2.6545658e-01   3.3515832e-02
   2.6802236e-01   2.8124353e-02
   2.8130540e-01   2.6942480e-02
   2.9960983e-01   2.7907810e-02
   3.0155704e-01   3.7309225e-02
   3.0864779e-01   3.6755903e-02
   3.0770340e-01   3.7197931e-02
   2.9728181e-01   3.5103379e-02
   3.0791503e-01   3.1180619e-02
   3.2316456e-01   2.8949141e-02
   3.2588603e-01   2.8389969e-02
   3.2213445e-01   3.2549094e-02
   3.2263387e-01   3.4924327e-02
   3.3095360e-01   3.7636550e-02
   3.2925121e-01   3.8154759e-02
   3.2436837e-01   3.3311234e-02
   3.3071528e-01   2.5588081e-02
   3.3441498e-01   2.6089662e-02
   3.3451798e-01   3.2774109e-02
   3.3090722e-01   3.8727465e-02
   3.2482529e-01   3.8298621e-02
   3.2098399e-01   3.4353851e-02
   3.3384936e-01   3.2712169e-02
   3.4013164e-01   2.6633184e-02
   3.3633167e-01   2.9399363e-02
   3.4072427e-01   2.9406202e-02
   3.6020591e-01   3.3710629e-02
   3.6978391e-01   3.6794761e-02
   3.8258600e-01   3.8940530e-02
   3.9356457e-01   3.5619286e-02
   4.0557938e-01   3.0120322e-02
   4.0384611e-01   2.9563429e-02
   4.0992469e-01   3.2812421e-02
   4.2356587e-01   3.8655142e-02
   4.4081094e-01   3.6870430e-02
   4.3382921e-01   4.0670851e-02
   4.1899450e-01   4.0263516e-02
   4.1321205e-01   3.7701703e-02
   4.0958835e-01   3.1170050e-02
   4.0282946e-01   3.1213272e-02
   3.9049496e-01   3.5066038e-02
   3.8603052e-01   3.5601055e-02
   3.7418019e-01   3.7341822e-02
   3.6742604e-01   3.7389780e-02
   3.6590031e-01   3.3032286e-02
   1.2022769e-01   2.9063020e-02
   9.8603260e-02   3.0219865e-02
   9.1493643e-02   2.8995183e-02
   9.1740571e-02   2.0113551e-02
   8.2009832e-02   2.6750175e-02
   7.4039840e-02   2.2879730e-02
   7.9305256e-02   2.8982801e-02
   9.0341610e-02   2.7378618e-02
   8.1937054e-02   3.5666901e-02
   7.3990416e-02   3.0692321e-02
   5.9160148e-02   2.5658274e-02
   6.0429067e-02   1.3916405e-02
   4.4425693e-02   2.2343175e-02
   3.6307626e-02   2.3999282e-02
   2.9599341e-02   2.9613621e-02
   2.8203483e-02   2.7324701e-02
   3.2301309e-02   2.5701211e-02
   2.4168255e-02   3.0114683e-02
   1.6129883e-02   2.9030824e-02
   2.2861321e-02   2.3446284e-02
   1.6126214e-02   1.8962789e-02
  -1.3460083e-02   2.4589594e-02
  -2.1488368e-02   2.7327207e-02
  -3.3549951e-02   2.4509831e-02
  -2.6929684e-02   1.9556983e-02
  -2.6870035e-02   2.2863990e-02
  -2.9555824e-02   2.3420673e-02
  -2.1453363e-02   2.2820176e-02
  -4.5768194e-02   2.3459552e-02
  -6.1731910e-02   2.4491771e-02
  -8.0353149e-02   2.5535646e-02
  -8.1903816e-02   1.6685711e-02
  -7.3767479e-02   1.8342389e-02
  -6.2920394e-02   1.6093626e-02
  -6.7157530e-02   2.6182691e-02
  -6.9815641e-02   3.0636228e-02
  -6.8429459e-02   2.6711897e-02
  -7.5074034e-02   2.5010981e-02
  -8.8691145e-02   1.9479868e-02
  -1.0070435e-01   1.6114394e-02
  -1.0752488e-01   1.6124193e-02
  -1.1828704e-01   1.4446606e-02
  -1.2370954e-01   2.4463605e-02
  -1.1575159e-01   2.5057577e-02
  -1.0866614e-01   2.8326058e-02
  -1.0768066e-01   2.4512814e-02
  -1.1556318e-01   2.0006420e-02
  -1.2513866e-01   1.3342568e-02
  -1.2672714e-01   1.5038732e-02
  -1.2252129e-01   2.0593888e-02
  -3.3617378e-01   2.3742299e-02
  -3.3313021e-01   2.7049302e-03
  -3.3951292e-01   0.0000000e+00
  -3.2979081e-01   1.0804425e-03
  -3.4179217e-01   1.1907273e-02
  -3.5897798e-01   2.5358173e-02
  -3.6013677e-01   3.0745895e-02
  -3.6011411e-01   1.9939306e-02
  -3.5052788e-01   5.3719034e-03
  -3.5596856e-01  -1.6163937e-03
  -3.5829949e-01  -1.0760653e-03
  -3.6771751e-01   1.2402212e-02
  -3.7511182e-01   2.5281410e-02
  -3.6193809e-01   2.8068008e-02
  -3.5004864e-01   1.8319917e-02
  -3.4319151e-01   7.0344436e-03
  -3.3783649e-01   0.0000000e+00
  -3.4858686e-01   5.4059242e-03
  -3.4581967e-01   1.4661402e-02
  -3.2309595e-01   2.1740361e-02
  -3.0676613e-01   2.4074476e-02
  -2.8679101e-01   1.9680022e-02
  -2.7240093e-01   7.6774060e-03
  -2.5867941e-01   2.7444808e-03
  -2.4429089e-01   1.2123019e-02
  -2.3271148e-01   2.2140344e-02
  -2.1542290e-01   3.2040830e-02
  -2.0394904e-01   3.0514424e-02
  -1.9173049e-01   2.2754264e-02
  -1.8068322e-01   1.1089886e-02
  -1.7719160e-01   6.6761976e-03
  -1.6194098e-01   1.5012298e-02
  -1.5756305e-01   2.3525823e-02
  -1.4470280e-01   2.7923899e-02
  -1.2952639e-01   3.1247446e-02
  -1.2128660e-01   2.1730526e-02
  -1.0661115e-01   1.5073038e-02
  -1.0258149e-01   1.0609404e-02
  -9.0520543e-02   1.1745386e-02
  -7.2753694e-02   2.5138273e-02
  -6.6233175e-02   3.3099467e-02
  -5.3937899e-02   2.6858522e-02
  -4.5920899e-02   1.8487794e-02
  -3.3731638e-02   1.8474228e-02
  -1.8969929e-02   1.4054837e-02
  -2.2936746e-02   1.9037249e-02
  -9.4540661e-03   3.1422073e-02
  -6.7509283e-03   3.4228027e-02
   1.3508729e-03   2.9178342e-02
   2.4094939e-01   2.8227463e-02
   2.4257816e-01   3.2517417e-02
   2.4995442e-01   3.6449031e-02
   2.6733676e-01   3.3574075e-02
   2.7252972e-01   3.1318133e-02
   2.7386315e-01   3.1861364e-02
   2.7665250e-01   2.8554152e-02
   2.7950535e-01   3.2965694e-02
   2.9129474e-01   3.5065589e-02
   2.9543117e-01   3.2305918e-02
   2.8692575e-01   3.6149072e-02
   2.9658374e-01   2.8986808e-02
   2.9684776e-01   3.0109368e-02
   2.9981200e-01   3.1220863e-02
   2.9891233e-01   3.5678439e-02
   2.8785918e-01   3.4055947e-02
   2.9548207e-01   3.0663244e-02
   3.0625865e-01   3.1157705e-02
   3.0173011e-01   3.2371239e-02
   3.0474107e-01   3.6085130e-02
   3.1163738e-01   3.1676696e-02
   3.1181430e-01   3.5533509e-02
   3.2474637e-01   3.3209199e-02
   3.3556645e-01   3.2061038e-02
   3.5582244e-01   3.0862613e-02
   3.6385803e-01   3.4739236e-02
   3.7432864e-01   3.4094707e-02
   3.8416613e-01   3.8272795e-02
   3.9525893e-01   3.6722677e-02
   4.0711589e-01   3.4983557e-02
   4.1596163e-01   3.2607624e-02
   4.2111652e-01   3.3842665e-02
   4.2166018e-01   3.4738123e-02
   4.1616051e-01   3.6917705e-02
   4.1267937e-01   3.9819472e-02
   4.1288432e-01   3.8089464e-02
   4.1437221e-01   3.3352853e-02
   4.2228615e-01   3.0490430e-02
   4.0924874e-01   2.9530690e-02
   3.8989022e-01   3.9345452e-02
   4.0173173e-01   3.4483464e-02
   3.9044333e-01   3.6144993e-02
   3.7953032e-01   3.8384208e-02
   3.7083749e-01   3.5129735e-02
   3.6731609e-01   3.1399777e-02
   3.6641379e-01   2.9269009e-02
   3.6195567e-01   3.0347673e-02
   3.4441364e-01   3.8635935e-02
   3.3626132e-01   3.9781108e-02
