   1.0630858e-02   2.3723401e-02
   7.9949646e-03   2.6560798e-02
   7.9874588e-03   2.5981775e-02
   1.3285645e-02   2.6481473e-02
   1.1971489e-02   2.3746599e-02
   1.3288013e-02   2.4274684e-02
   1.0653100e-02   2.2111847e-02
   9.3023842e-03   2.3171863e-02
   6.6382978e-03   2.2598152e-02
   9.3191233e-03   2.5428810e-02
   9.3203334e-03   2.3770410e-02
   1.1945886e-02   2.5904495e-02
   1.3315313e-02   2.3217033e-02
   6.6374794e-03   2.4251675e-02
   6.6445602e-03   2.3172133e-02
   6.6565166e-03   2.5429108e-02
   1.3327895e-02   2.3793305e-02
   1.3313033e-02   2.5428179e-02
   1.4659427e-02   2.4899715e-02
   1.1983781e-02   2.3217248e-02
   1.5946944e-02   2.3170794e-02
   1.1994597e-02   2.4346863e-02
   1.1972936e-02   2.2089860e-02
   1.0629952e-02   2.4826815e-02
   1.5994137e-02   2.3239473e-02
   1.1981188e-02   2.5981206e-02
   1.0638974e-02   2.6508051e-02
   9.3379355e-03   2.4925219e-02
   1.1936238e-02   2.3676556e-02
   1.4645619e-02   2.4322357e-02
   1.9957840e-02   1.9879482e-02
   1.7289910e-02   2.5402252e-02
   1.1981188e-02   2.5981206e-02
   1.4628590e-02   2.6507316e-02
   1.5960622e-02   2.4850331e-02
   1.5977714e-02   2.3769310e-02
   1.1945338e-02   2.6455655e-02
   1.9895343e-02   2.2573749e-02
   6.6448274e-03   2.2620415e-02
   7.9809928e-03   2.3747119e-02
   7.9945868e-03   2.7114148e-02
   1.3276063e-02   2.3148485e-02
   1.0651359e-02   2.4323032e-02
   1.3287440e-02   2.4826381e-02
   1.1982260e-02   2.4875622e-02
   9.3020012e-03   2.3723574e-02
   5.3160706e-03   2.2068794e-02
   7.9888572e-03   2.3770560e-02
   7.9891875e-03   2.3217757e-02
   9.3016091e-03   2.4275285e-02
   1.1971489e-02   2.3746599e-02
   9.3122839e-03   2.2090203e-02
   1.0661402e-02   2.4900408e-02
   7.9888572e-03   2.3770560e-02
   1.3285645e-02   2.6481473e-02
   9.3375207e-03   2.5479112e-02
   8.0039448e-03   2.4925377e-02
   9.3023842e-03   2.3171863e-02
   9.3020012e-03   2.3723574e-02
   9.3111583e-03   2.3746969e-02
   1.1971983e-02   2.3194353e-02
   9.3299131e-03   2.3240551e-02
   9.3016091e-03   2.4275285e-02
   6.6434273e-03   2.5379002e-02
   1.0640415e-02   2.4851298e-02
   1.4616184e-02   2.4826128e-02
   1.5960622e-02   2.4850331e-02
   1.3302740e-02   2.2641897e-02
   7.9973919e-03   2.2687348e-02
   1.0630410e-02   2.4275108e-02
   1.0619510e-02   2.4802381e-02
   9.2903828e-03   2.7007233e-02
   1.3286855e-02   2.5378079e-02
   1.5963915e-02   2.2089183e-02
   1.0632141e-02   2.2068280e-02
   1.5961986e-02   2.3745872e-02
   1.4646844e-02   2.3216795e-02
   9.3103629e-03   2.4851479e-02
   1.7271338e-02   2.6480587e-02
   1.8638247e-02   2.5426989e-02
   1.4614209e-02   2.6481204e-02
   1.4630570e-02   2.4850609e-02
   1.4632424e-02   2.3193902e-02
   1.3316375e-02   2.2111460e-02
   1.3314199e-02   2.4322606e-02
   1.0618566e-02   2.5904709e-02
   1.3299931e-02   2.5403104e-02
   7.9728078e-03   2.4275438e-02
   1.1995106e-02   2.3793526e-02
   5.3152052e-03   2.4275674e-02
   7.9809928e-03   2.3747119e-02
   1.4603669e-02   2.3148250e-02
   1.3314199e-02   2.4322606e-02
   1.3301093e-02   2.4298621e-02
   1.1958169e-02   2.5378313e-02
   1.2004282e-02   2.6586484e-02
   9.3274586e-03   2.6560629e-02
   1.1958696e-02   2.4826610e-02
   1.4618620e-02   2.2619361e-02
   2.2636031e-02   2.3214895e-02
   1.7289910e-02   2.5402252e-02
   1.3302204e-02   2.3194138e-02
   1.3301655e-02   2.3746380e-02
   1.5962644e-02   2.3193642e-02
   1.7289910e-02   2.5402252e-02
   1.8583325e-02   2.5351924e-02
   1.1981188e-02   2.5981206e-02
   1.9970434e-02   2.4873877e-02
   1.7258882e-02   2.3147712e-02
   1.1970984e-02   2.4298846e-02
   9.3383413e-03   2.4371325e-02
   1.4617430e-02   2.3722745e-02
   1.0638974e-02   2.6508051e-02
   7.9878200e-03   2.5428972e-02
   5.3199724e-03   2.5404142e-02
   0.0000000e+00   2.3195266e-02
  -2.6578241e-03   2.3172369e-02
   0.0000000e+00   2.3172414e-02
   0.0000000e+00   2.4876604e-02
   2.6599862e-03   2.5404290e-02
   5.3147418e-03   2.5379113e-02
   5.3149761e-03   2.4827393e-02
   2.6626067e-03   2.5429368e-02
   7.9891875e-03   2.3217757e-02
   6.6505465e-03   2.4299507e-02
   1.0632945e-02   2.0964866e-02
   7.9731439e-03   2.3723723e-02
   7.9653103e-03   2.3700374e-02
   9.2817031e-03   2.6430052e-02
   7.9795985e-03   2.5956153e-02
   6.6415361e-03   2.8689307e-02
   5.3199724e-03   2.5404142e-02
   1.0632548e-02   2.1516573e-02
   1.3302740e-02   2.2641897e-02
   9.3214624e-03   2.2112009e-02
   9.3199391e-03   2.4323210e-02
   1.1935737e-02   2.4227173e-02
   9.3169264e-03   2.8192812e-02
   1.3326161e-02   2.5453303e-02
   1.5961312e-02   2.4298101e-02
   1.1971489e-02   2.3746599e-02
   1.0621277e-02   2.2597725e-02
   1.3288573e-02   2.3722987e-02
   1.0630410e-02   2.4275108e-02
   6.6408546e-03   2.9792742e-02
   1.3284384e-02   2.7584868e-02
   9.3099517e-03   2.5403734e-02
   1.0642610e-02   2.2090042e-02
   9.3027583e-03   2.2620152e-02
   9.3302906e-03   2.2687204e-02
   2.6601037e-03   2.4852023e-02
   7.9668706e-03   2.0944517e-02
   6.6584433e-03   2.1559461e-02
   5.3104251e-03   2.3149427e-02
   7.9888572e-03   2.3770560e-02
   7.9639242e-03   2.5905060e-02
   7.9863289e-03   2.7640186e-02
   5.3149761e-03   2.4827393e-02
   5.3261250e-03   2.3217983e-02
   7.9741058e-03   2.2068580e-02
   3.9903279e-03   2.4299696e-02
   3.9867361e-03   2.3172313e-02
   6.6428224e-03   2.6482437e-02
   2.6596184e-03   2.7061091e-02
   5.3154292e-03   2.3723954e-02
   5.3162741e-03   2.1517074e-02
   6.6659750e-03   1.9367353e-02
   1.5980264e-02   2.1558211e-02
   7.9878200e-03   2.5428972e-02
   5.3236914e-03   2.8746074e-02
   9.2920713e-03   2.4802561e-02
   1.1982260e-02   2.4875622e-02
   1.5947586e-02   2.2619109e-02
   1.7259574e-02   2.2596576e-02
   1.9977517e-02   1.9899102e-02
   1.0640874e-02   2.4299047e-02
   1.1981188e-02   2.5981206e-02
   1.0637441e-02   2.8164804e-02
   1.0638974e-02   2.6508051e-02
   1.0631296e-02   2.3171694e-02
   1.1984737e-02   2.2111664e-02
   9.3210951e-03   2.2664809e-02
   1.1945886e-02   2.5904495e-02
   9.3003793e-03   2.5930418e-02
   6.6434273e-03   2.5379002e-02
   1.3302204e-02   2.3194138e-02
   1.5930621e-02   2.3699134e-02
   9.3375207e-03   2.5479112e-02
   1.3297453e-02   2.7612070e-02
   6.6353464e-03   2.8109896e-02
   1.3288013e-02   2.4274684e-02
   1.1984265e-02   2.2664456e-02
   1.0632548e-02   2.1516573e-02
   7.9983159e-03   2.1027298e-02
   3.9945938e-03   2.3218062e-02
   5.3140083e-03   2.7034273e-02
   7.9867133e-03   2.7087383e-02
   1.3273207e-02   2.5904257e-02
   1.1994597e-02   2.4346863e-02
   6.6200113e-03   1.9783864e-02
   5.3210958e-03   2.2642822e-02
   3.9906611e-03   2.3195165e-02
   7.9642822e-03   2.5353889e-02
   3.9819621e-03   2.5905399e-02
   6.6440065e-03   2.4275568e-02
   7.9881734e-03   2.4876168e-02
   1.0641763e-02   2.3194544e-02
   1.3288573e-02   2.3722987e-02
   9.3395042e-03   2.2709644e-02
   1.1948457e-02   2.3148698e-02
   1.4633589e-02   2.2089430e-02
   1.7305361e-02   2.6532860e-02
   1.8657453e-02   2.4898803e-02
   1.1980070e-02   2.7086789e-02
   1.0618078e-02   2.6455873e-02
   1.3328447e-02   2.3239972e-02
   9.3129893e-03   2.0985693e-02
   5.3110492e-03   2.1495896e-02
   9.2908183e-03   2.6456065e-02
   1.0648951e-02   2.7087013e-02
   1.0619967e-02   2.4251217e-02
   9.3199391e-03   2.4323210e-02
   7.9724641e-03   2.4827152e-02
   1.4618620e-02   2.2619361e-02
   1.4602455e-02   2.4250547e-02
   1.1935737e-02   2.4227173e-02
   7.9795985e-03   2.5956153e-02
   6.6437201e-03   2.4827285e-02
   9.2932440e-03   2.3149057e-02
   7.9816437e-03   2.2642602e-02
   1.1984265e-02   2.2664456e-02
   7.9659574e-03   2.2598031e-02
   1.0651359e-02   2.4323032e-02
   9.3191233e-03   2.5428810e-02
   1.0649453e-02   2.6534217e-02
   9.2848565e-03   2.2025044e-02
   1.1995603e-02   2.3240188e-02
   1.0619510e-02   2.4802381e-02
   1.1982260e-02   2.4875622e-02
   6.6303892e-03   2.5329094e-02
   6.6570993e-03   2.4323494e-02
   6.6502592e-03   2.4851769e-02
   6.6380314e-03   2.3149326e-02
   7.9822638e-03   2.1538084e-02
   1.5946288e-02   2.3722480e-02
   1.3311189e-02   2.7086538e-02
   6.6356702e-03   2.7558721e-02
   2.6576026e-03   2.4275815e-02
   0.0000000e+00   2.2047244e-02
   5.3219020e-03   2.0433766e-02
   5.3154292e-03   2.3723954e-02
   3.9935449e-03   2.6534928e-02
   1.3326161e-03   2.5454533e-02
   6.6442865e-03   2.3723850e-02
   0.0000000e+00   2.2620690e-02
   0.0000000e+00   2.0986193e-02
   1.3287440e-03   2.4827574e-02
   3.9784082e-03   2.4778653e-02
   5.3202074e-03   2.4851878e-02
   9.3012081e-03   2.4826996e-02
   1.0651810e-02   2.3770236e-02
   6.6568112e-03   2.4876301e-02
   6.6576563e-03   2.3217881e-02
   1.1982260e-02   2.4875622e-02
   6.6434273e-03   2.5379002e-02
   1.1970467e-02   2.4851092e-02
   1.4589334e-02   2.3125491e-02
   6.6380314e-03   2.3149326e-02
   9.3027583e-03   2.2620152e-02
   1.0632141e-02   2.2068280e-02
   9.3095316e-03   2.5955989e-02
   5.3149761e-03   2.4827393e-02
   6.6555944e-03   2.7087528e-02
   2.6628397e-03   2.4323743e-02
   9.3115425e-03   2.3194714e-02
   3.9829787e-03   2.2598327e-02
   5.3202074e-03   2.4851878e-02
   6.6579251e-03   2.2665074e-02
   7.9803111e-03   2.4851636e-02
   1.4630570e-02   2.4850609e-02
   1.5959917e-02   2.5402560e-02
   1.8583325e-02   2.5351924e-02
   1.3251071e-02   2.2002868e-02
   1.0660446e-02   2.6007093e-02
   1.1982779e-02   2.4322831e-02
   1.7258172e-02   2.3698848e-02
   1.7256704e-02   2.4801119e-02
   2.2589622e-02   2.4272458e-02
   1.5960622e-02   2.4850331e-02
   1.0661402e-02   2.4900408e-02
   1.1957080e-02   2.6481718e-02
   1.5929951e-02   2.4250277e-02
   1.8607654e-02   2.0963523e-02
   1.8570421e-02   2.1472892e-02
   1.7305361e-02   2.6532860e-02
   1.1958169e-02   2.5378313e-02
   6.6440065e-03   2.4275568e-02
   6.6573810e-03   2.3770688e-02
   6.6437201e-03   2.4827285e-02
   9.3203334e-03   2.3770410e-02
   1.1982260e-02   2.4875622e-02
   5.3199724e-03   2.5404142e-02
   6.6708040e-03   2.3263810e-02
   2.6628397e-03   2.4323743e-02
   5.3313789e-03   2.3240925e-02
   7.9888572e-03   2.3770560e-02
   7.9803111e-03   2.4851636e-02
   7.9813221e-03   2.3194860e-02
   9.2844936e-03   2.2575670e-02
   6.6502592e-03   2.4851769e-02
   1.0662316e-02   2.3793723e-02
   9.3020012e-03   2.3723574e-02
   1.4614882e-02   2.5929512e-02
   1.7295552e-02   2.0984469e-02
   1.5962644e-02   2.3193642e-02
   1.7275145e-02   2.3722192e-02
   1.0640415e-02   2.4851298e-02
   1.1984265e-02   2.2664456e-02
   1.5996632e-02   2.1026190e-02
   1.8639071e-02   2.4874229e-02
   1.5960622e-02   2.4850331e-02
   1.3299931e-02   2.5403104e-02
   5.3099835e-03   2.4251781e-02
   1.1996562e-02   2.2133512e-02
   1.3316887e-02   2.1558673e-02
   1.5932539e-02   2.2045706e-02
   1.5931275e-02   2.3147992e-02
   9.3195357e-03   2.4876010e-02
   1.3337460e-02   2.7140117e-02
   1.4630570e-02   2.4850609e-02
   1.5962644e-02   2.3193642e-02
   1.1961159e-02   2.2068098e-02
   1.5931915e-02   2.2596849e-02
   1.3289655e-02   2.2619592e-02
   1.1969938e-02   2.5403339e-02
   1.0659449e-02   2.7113777e-02
   1.2004839e-02   2.6032599e-02
   9.3107651e-03   2.4299224e-02
   1.3289655e-02   2.2619592e-02
   7.9885192e-03   2.4323364e-02
   9.2924712e-03   2.4251393e-02
   1.0637963e-02   2.7612553e-02
   1.0649453e-02   2.6534217e-02
   1.3301655e-02   2.3746380e-02
   1.5928564e-02   2.5352562e-02
   1.5993474e-02   2.3792794e-02
   1.4601184e-02   2.5352845e-02
   1.4658777e-02   2.5453042e-02
   1.3314762e-02   2.3769819e-02
   1.1972466e-02   2.2642106e-02
   1.3303773e-02   2.1537414e-02
   9.3299131e-03   2.3240551e-02
   9.3291311e-03   2.4347244e-02
   1.4601826e-02   2.4801696e-02
   9.2999514e-03   2.6482129e-02
   1.5994137e-02   2.3239473e-02
   1.4618032e-02   2.3171053e-02
   1.1948457e-02   2.3148698e-02
   1.0663610e-02   2.2133696e-02
   7.9710125e-03   2.7034010e-02
   1.0598687e-02   2.4753656e-02
   1.3297453e-02   2.7612070e-02
   1.0641324e-02   2.3746795e-02
   1.0620850e-02   2.3148889e-02
   6.6771197e-03   2.3841292e-02
   1.2006439e-02   2.4370943e-02
   9.3295267e-03   2.3793897e-02
   1.1995106e-02   2.3793526e-02
   1.0658935e-02   2.7667120e-02
   9.3122839e-03   2.2090203e-02
   1.1948936e-02   2.2597539e-02
   1.0662758e-02   2.3240381e-02
   1.0598687e-02   2.4753656e-02
   1.4601826e-02   2.4801696e-02
   7.9721127e-03   2.5378867e-02
   1.4631820e-02   2.3746137e-02
   1.1962921e-02   1.9861288e-02
   7.9813221e-03   2.3194860e-02
   6.6636651e-03   2.4347529e-02
   5.3242193e-03   2.7640456e-02
   5.3247266e-03   2.6534838e-02
   3.9824876e-03   2.4251863e-02
   6.6584433e-03   2.1559461e-02
   7.9980157e-03   2.1580648e-02
   5.3154292e-03   2.3723954e-02
   5.3187207e-03   2.8165461e-02
   5.3192368e-03   2.7060933e-02
   7.9780811e-03   2.8165187e-02
   1.0652680e-02   2.2664644e-02
   1.4678063e-02   2.1047221e-02
   9.3122839e-03   2.2090203e-02
   1.0641324e-02   2.3746795e-02
   1.1993002e-02   2.6006877e-02
   9.2981505e-03   2.8688973e-02
   1.1972466e-02   2.2642106e-02
   9.3107651e-03   2.4299224e-02
   6.6377586e-03   2.3700500e-02
   2.6577146e-03   2.3724092e-02
   6.6516314e-03   2.2090461e-02
   1.0680507e-02   2.7167465e-02
   9.3274586e-03   2.6560629e-02
   1.0630410e-02   2.4275108e-02
   1.1951572e-02   1.9290582e-02
   6.6445602e-03   2.3172133e-02
   1.1994597e-02   2.4346863e-02
   9.3115425e-03   2.3194714e-02
   1.0598687e-02   2.4753656e-02
   9.3016091e-03   2.4275285e-02
   1.3314199e-02   2.4322606e-02
   1.7241940e-02   2.3124954e-02
   1.4630570e-02   2.4850609e-02
   1.1960689e-02   2.2619800e-02
   7.9813221e-03   2.3194860e-02
   9.3107651e-03   2.4299224e-02
   1.3300518e-02   2.4850863e-02
   1.4603669e-02   2.3148250e-02
   9.3195357e-03   2.4876010e-02
   9.3203334e-03   2.3770410e-02
   1.1994077e-02   2.4900201e-02
   1.3300518e-02   2.4850863e-02
   1.7341880e-02   2.4923756e-02
   1.5994784e-02   2.2686152e-02
   1.3300518e-02   2.4850863e-02
   1.0650898e-02   2.4875828e-02
   9.3099517e-03   2.5403734e-02
   7.9970684e-03   2.3240698e-02
   1.0642192e-02   2.2642293e-02
   9.3103629e-03   2.4851479e-02
   1.3300518e-02   2.4850863e-02
   1.7256704e-02   2.4801119e-02
   1.4632424e-02   2.3193902e-02
   1.1990712e-02   2.8220228e-02
   1.4645619e-02   2.4322357e-02
   1.1973396e-02   2.1537613e-02
   1.3288573e-02   2.3722987e-02
   1.1935737e-02   2.4227173e-02
   7.9870899e-03   2.6534579e-02
   9.3195357e-03   2.4876010e-02
   1.1957630e-02   2.5930015e-02
   1.4618620e-02   2.2619361e-02
   9.3099517e-03   2.5403734e-02
   1.1972466e-02   2.2642106e-02
   9.3103629e-03   2.4851479e-02
   6.6366035e-03   2.5905198e-02
   1.1969938e-02   2.5403339e-02
   1.1981188e-02   2.5981206e-02
   1.1970467e-02   2.4851092e-02
   1.3327895e-02   2.3793305e-02
   1.0641324e-02   2.3746795e-02
   1.5947586e-02   2.2619109e-02
   9.2916626e-03   2.5353729e-02
   1.5992796e-02   2.4346115e-02
   1.4641603e-02   2.7639042e-02
   1.4658777e-02   2.5453042e-02
   1.7258172e-02   2.3698848e-02
   1.3314762e-02   2.3769819e-02
   1.4648575e-02   2.1558453e-02
   1.4645619e-02   2.4322357e-02
   1.4618620e-02   2.2619361e-02
   1.5931915e-02   2.2596849e-02
   1.5944928e-02   2.4825851e-02
   1.3324941e-02   2.6559968e-02
   1.0627507e-02   2.7585350e-02
   1.0629952e-02   2.4826815e-02
   1.1972936e-02   2.2089860e-02
   9.3115425e-03   2.3194714e-02
   9.3129893e-03   2.0985693e-02
   5.3252133e-03   2.5429219e-02
   7.9706304e-03   2.7585725e-02
   7.9792307e-03   2.6508412e-02
   9.3283129e-03   2.5453937e-02
   1.4635231e-02   2.0432723e-02
   3.9988538e-03   2.2134290e-02
   9.3313686e-03   2.1027165e-02
   6.6425104e-03   2.7034155e-02
   5.3197323e-03   2.5956406e-02
   2.6543951e-03   2.7007822e-02
   0.0000000e+00   2.4876604e-02
   5.3166657e-03   2.0413635e-02
   5.3220907e-03   1.9881502e-02
   7.9734722e-03   2.3172009e-02
   6.6630807e-03   2.5454235e-02
   7.9649753e-03   2.4251546e-02
   5.3192368e-03   2.7060933e-02
   6.6511018e-03   2.3194984e-02
   7.9731439e-03   2.3723723e-02
   9.3031235e-03   2.2068441e-02
   9.2924712e-03   2.4251393e-02
   5.3149761e-03   2.4827393e-02
