  -3.1825976e-01   1.3558446e-02
  -3.2763406e-01   1.5161539e-02
  -3.2662494e-01   1.4637144e-02
  -3.2533386e-01   1.0844794e-02
  -3.3543077e-01   9.2205606e-03
  -3.3776247e-01   1.1374084e-02
  -3.4835427e-01   2.0542512e-02
  -3.5346701e-01   1.6726481e-02
  -3.5962739e-01   1.2960921e-02
  -3.6640120e-01   1.0247895e-02
  -3.6802891e-01   6.9886984e-03
  -3.6742940e-01   5.3872609e-03
  -3.6330578e-01   1.2939183e-02
  -3.6120504e-01   1.9454666e-02
  -3.4175957e-01   1.4072231e-02
  -3.4582135e-01   1.2439609e-02
  -3.4843780e-01   1.6758365e-02
  -3.4142557e-01   1.4658149e-02
  -3.3536616e-01   1.4102034e-02
  -3.3808263e-01   1.2419456e-02
  -3.2769023e-01   7.6111124e-03
  -3.2598930e-01   1.0321986e-02
  -3.2326814e-01   1.2500707e-02
  -3.0498885e-01   1.4748054e-02
  -2.9520384e-01   1.7488446e-02
  -2.8974022e-01   2.1331685e-02
  -2.7494242e-01   1.8545309e-02
  -2.7366140e-01   1.5900111e-02
  -2.6425326e-01   1.3725378e-02
  -2.4946017e-01   9.9022364e-03
  -2.4986371e-01   1.8189241e-02
  -2.3565068e-01   1.8168106e-02
  -2.1896247e-01   2.2154905e-02
  -2.0469869e-01   1.6576820e-02
  -1.8605587e-01   1.3854970e-02
  -1.8101000e-01   1.5556375e-02
  -1.6983780e-01   1.8316999e-02
  -1.5883585e-01   2.3867007e-02
  -1.5225719e-01   2.3904115e-02
  -1.4429072e-01   2.6170613e-02
  -1.3210035e-01   1.7816916e-02
  -1.2538548e-01   1.3926040e-02
  -1.1168017e-01   1.3910578e-02
  -1.0100264e-01   1.6719696e-02
  -9.4570765e-02   2.7987353e-02
  -7.5343777e-02   2.9574606e-02
  -6.6070730e-02   2.7407117e-02
  -5.7888024e-02   2.2334733e-02
  -4.4481329e-02   1.8451514e-02
  -4.0322968e-02   1.5610563e-02
  -3.7655492e-02   2.2882411e-02
  -2.2946501e-02   2.6903012e-02
  -1.3441569e-02   2.9031458e-02
  -1.6145095e-02   2.9618635e-02
  -5.3797831e-03   2.1774503e-02
   0.0000000e+00   2.2377622e-02
   9.3972881e-03   1.9502015e-02
   1.8787146e-02   2.5072194e-02
   1.4784956e-02   2.9589447e-02
   1.6112170e-02   3.0117371e-02
   1.4757130e-02   2.8416208e-02
   2.5529530e-02   2.1191425e-02
   3.7554353e-02   1.8362670e-02
   4.1608847e-02   2.2277961e-02
   4.3060195e-02   2.7929872e-02
   4.4350121e-02   3.0691269e-02
   4.9772628e-02   3.1276089e-02
   5.7698133e-02   2.6165116e-02
   6.3139330e-02   2.3957827e-02
   6.9870291e-02   2.1166848e-02
   8.0439996e-02   2.4449594e-02
   7.7721113e-02   3.0009807e-02
   7.9200623e-02   3.2294883e-02
   8.8647940e-02   2.6158680e-02
   9.6728150e-02   2.3366288e-02
   1.0321260e-01   2.6641756e-02
   1.1126035e-01   2.6074427e-02
   1.1543830e-01   3.2788299e-02
   1.1146545e-01   2.7793634e-02
   1.2490114e-01   2.7214175e-02
   1.2473872e-01   3.0516386e-02
   1.3401592e-01   2.8804363e-02
   1.3937655e-01   2.8792871e-02
   1.4180360e-01   2.6520434e-02
   1.4602987e-01   3.2098419e-02
   1.5064604e-01   3.2214550e-02
   1.6396991e-01   2.9928963e-02
   1.7294599e-01   2.4294121e-02
   1.7445207e-01   2.4867446e-02
   1.7202471e-01   3.0460834e-02
   1.7335912e-01   3.1010769e-02
   1.7837006e-01   3.1486671e-02
   1.8218123e-01   3.3098517e-02
   1.9523817e-01   3.1558732e-02
   2.0937487e-01   3.3620484e-02
   2.0310314e-01   3.2053247e-02
   2.0027938e-01   2.8717753e-02
   2.0663983e-01   2.5886898e-02
   2.1510776e-01   2.6464988e-02
   2.1097564e-01   3.1441669e-02
   2.1375835e-01   3.6430417e-02
   2.1876989e-01   3.3584182e-02
   2.1080089e-01   2.9757885e-02
   2.1353019e-01   2.7545169e-02
   2.1732123e-01   2.8605867e-02
   2.0804516e-01   3.3074311e-02
   2.1751430e-01   2.9734930e-02
   2.2018779e-01   3.0276035e-02
   2.1498232e-01   3.2529881e-02
   2.2848266e-01   2.9725605e-02
   2.2447420e-01   2.8638649e-02
   2.1544733e-01   3.0935974e-02
   2.2078256e-01   3.3124805e-02
   2.3250215e-01   3.0261039e-02
   2.2445061e-01   2.9740135e-02
   2.1964174e-01   3.3715049e-02
   2.2336356e-01   2.8119718e-02
   2.2040666e-01   3.0305435e-02
   2.1098746e-01   3.0890061e-02
   2.0867879e-01   3.2618265e-02
   2.1559925e-01   3.3730972e-02
   2.3684272e-01   2.6972309e-02
   2.3323367e-01   2.6328759e-02
   2.4532922e-01   3.0302223e-02
   2.6182277e-01   2.9567012e-02
   2.6472740e-01   3.1227884e-02
   2.5700009e-01   3.7367793e-02
   2.5832806e-01   3.7910330e-02
   2.6520832e-01   3.2934688e-02
   2.8823753e-01   2.7900991e-02
   2.9093134e-01   2.7889548e-02
   2.9733883e-01   2.8925553e-02
   3.0589987e-01   3.2766394e-02
   3.1498081e-01   3.3774751e-02
   3.2837934e-01   3.5329201e-02
   3.3691411e-01   3.2053508e-02
   3.4384502e-01   3.5847595e-02
   3.6049503e-01   3.0774532e-02
   3.5986587e-01   3.0839658e-02
   3.5801026e-01   3.4603284e-02
   3.5886090e-01   3.9580158e-02
   3.6324877e-01   3.7809578e-02
   3.6428186e-01   3.6685917e-02
   3.6619762e-01   3.1852016e-02
   3.5964368e-01   3.6250125e-02
   3.5039067e-01   3.1976856e-02
   3.4296791e-01   3.2627203e-02
   3.1636526e-01   3.2677992e-02
   3.1372754e-01   3.1057844e-02
   3.0999682e-01   3.1107802e-02
   3.0194366e-01   3.0055203e-02
   2.9513676e-01   3.2275091e-02
   2.9775968e-01   3.4448772e-02
   2.8967571e-01   3.4491814e-02
   2.8297402e-01   3.3430803e-02
   2.7469535e-01   3.0697675e-02
   2.6237148e-01   2.8526696e-02
   2.4982896e-01   3.1999938e-02
   2.4619962e-01   2.9688565e-02
   2.4096159e-01   3.3592999e-02
   2.4746094e-01   3.2981461e-02
   2.4389665e-01   3.3613826e-02
   2.3311669e-01   3.3660008e-02
   2.2512201e-01   2.9826938e-02
   2.1692341e-01   2.4303041e-02
   2.1126408e-01   2.7607278e-02
   2.1182961e-01   3.1010769e-02
   2.1561225e-01   3.3178005e-02
   2.0993378e-01   3.6482700e-02
   2.0302939e-01   3.5369100e-02
   1.9394428e-01   2.8794490e-02
   1.7238591e-01   2.9410872e-02
   1.6474572e-01   2.1144214e-02
   1.4944347e-01   2.1108400e-02
   1.4386672e-01   2.5538043e-02
   1.3868642e-01   3.1720628e-02
   1.2512449e-01   2.9493993e-02
   1.3312862e-01   3.4482798e-02
   1.4932582e-01   1.7757987e-02
   1.1211656e-01   2.9637161e-02
   1.0474009e-01   2.8916850e-02
   1.1284476e-01   2.3900559e-02
   1.0375486e-01   2.3427294e-02
   1.0203824e-01   3.0589775e-02
   7.5150999e-02   3.5084909e-02
   7.5444856e-02   2.5694089e-02
   6.2753873e-02   2.6031236e-02
   4.9972743e-02   1.8485824e-02
   5.2298687e-02   2.1137204e-02
   4.1515794e-02   2.5568821e-02
   4.5774703e-02   3.2987970e-02
   3.7701164e-02   3.1875644e-02
   2.0186432e-02   2.6823342e-02
   2.9499553e-02   2.2261079e-02
   2.9537270e-02   1.7826575e-02
   1.7464805e-02   2.3424331e-02
   0.0000000e+00   2.7860697e-02
  -9.3922787e-03   2.6745620e-02
  -4.0248727e-03   2.7860572e-02
  -1.3406666e-02   2.4491832e-02
  -1.8810515e-02   2.1750874e-02
  -2.2707540e-02   2.0511946e-02
  -2.9594168e-02   1.8978486e-02
  -2.8128475e-02   2.3351427e-02
  -3.6299434e-02   2.6789896e-02
  -4.0366908e-02   2.8490227e-02
  -2.9581409e-02   2.5118584e-02
  -3.8930255e-02   2.0051355e-02
  -4.1492852e-02   1.9435256e-02
  -4.5593727e-02   2.1141011e-02
  -6.0520187e-02   2.2310558e-02
  -6.9873303e-02   3.2339419e-02
  -7.9181288e-02   2.3919017e-02
  -7.6490525e-02   2.5034394e-02
  -8.0556190e-02   1.7799154e-02
  -1.0451634e-01   1.9097715e-02
  -1.2392769e-01   2.5898776e-02
  -1.0083941e-01   6.6746299e-03
  -1.1406482e-01   2.4985422e-02
  -1.1843266e-01   2.6166745e-02
  -1.3575984e-01   2.8886814e-02
  -1.3494815e-01   1.5447706e-02
  -1.4651078e-01   1.4971787e-02
  -1.4138569e-01   1.8898517e-02
  -1.3544520e-01   2.0493397e-02
  -1.4745348e-01   2.6008007e-02
  -1.5387133e-01   2.4286897e-02
  -1.5453217e-01   1.9949242e-02
  -1.6801695e-01   1.4944382e-02
  -1.6885689e-01   1.4898721e-02
  -1.7538352e-01   1.4874910e-02
  -3.4099894e-01   1.8367728e-02
  -3.3567138e-01   1.6222044e-02
  -3.2696724e-01   1.3565675e-02
  -3.2061019e-01   1.4622817e-02
  -3.1625567e-01   9.2412639e-03
  -3.0712445e-01   1.0899047e-02
  -2.9838996e-01   1.5249196e-02
  -2.8518965e-01   1.8026455e-02
  -2.7495151e-01   1.7999859e-02
  -2.6393729e-01   1.7551597e-02
  -2.5884691e-01   1.4834477e-02
  -2.5367814e-01   1.7061114e-02
  -2.4388385e-01   1.6417237e-02
  -2.3052266e-01   1.5992109e-02
  -2.2439946e-01   2.0357750e-02
  -2.1120859e-01   1.7651463e-02
  -2.0825927e-01   2.1498302e-02
  -1.9393627e-01   1.5489565e-02
  -1.8012783e-01   1.3268796e-02
  -1.7505479e-01   1.8289823e-02
  -1.6441073e-01   2.1657918e-02
  -1.5230977e-01   1.8900928e-02
  -1.4512586e-01   1.9964506e-02
  -1.4700124e-01   2.5051620e-02
  -1.4920141e-01   2.8856729e-02
  -1.3596407e-01   2.2798644e-02
  -1.2633422e-01   1.7215548e-02
  -1.1842960e-01   8.8990149e-03
  -1.1179156e-01   1.3924366e-02
  -9.3783188e-02   1.9971666e-02
  -9.1402668e-02   2.8966407e-02
  -8.3176553e-02   2.8363987e-02
  -7.6729032e-02   2.3435166e-02
  -6.7128000e-02   1.8365345e-02
  -6.0522560e-02   2.1752794e-02
  -6.4626613e-02   2.0654957e-02
   1.2745430e-01   2.7737051e-02
   1.3172052e-01   2.9450981e-02
   1.3551067e-01   2.7166639e-02
   1.3671665e-01   2.7137210e-02
   1.3671665e-01   2.7137210e-02
   1.4516894e-01   2.8866042e-02
   1.5158041e-01   2.9347412e-02
   1.6021146e-01   3.2776197e-02
   1.7848574e-01   2.4305500e-02
   1.7049239e-01   3.1541487e-02
   1.7050192e-01   3.0988127e-02
   1.6964553e-01   3.2193513e-02
   1.7857655e-01   2.9858676e-02
   1.8513491e-01   2.8153731e-02
   1.9090813e-01   2.6534993e-02
   1.8814168e-01   3.0966002e-02
   2.0404228e-01   3.1986109e-02
   2.0720619e-01   2.8724598e-02
   1.9506564e-01   3.0421641e-02
   2.0253276e-01   3.0306594e-02
   2.1749063e-01   3.0836224e-02
   2.2490974e-01   2.9246135e-02
   2.1453056e-01   3.3567315e-02
   2.1523298e-01   3.0905868e-02
   2.0998721e-01   3.4271627e-02
   2.1729849e-01   2.9706093e-02
   2.2378591e-01   2.9279331e-02
   2.2469762e-01   2.8666458e-02
   2.3706708e-01   2.7549436e-02
   2.4399451e-01   2.9756502e-02
   2.4114113e-01   3.5830503e-02
   2.3410981e-01   3.8031109e-02
   2.4534255e-01   2.9751274e-02
   2.5166940e-01   2.5821636e-02
   2.4427648e-01   2.8130601e-02
   2.4501479e-01   3.3025004e-02
   2.5309215e-01   2.9840063e-02
   2.5768899e-01   3.1383503e-02
   2.6652222e-01   3.4026055e-02
   2.7076092e-01   3.6235277e-02
   2.6870321e-01   3.3017350e-02
   2.7643173e-01   2.6332385e-02
   2.7049913e-01   2.6434257e-02
   2.6907844e-01   2.9193458e-02
   2.7234278e-01   3.7361983e-02
   3.6156007e-01   3.3702163e-02
   3.5965502e-01   3.8024719e-02
   3.5414438e-01   4.0237561e-02
   3.4849015e-01   3.8064119e-02
   3.4605484e-01   3.1554138e-02
   3.2333994e-01   3.3350455e-02
   3.1790875e-01   3.3927855e-02
   3.1466755e-01   3.1146385e-02
   3.0822286e-01   3.1210340e-02
   2.9757906e-01   3.5136985e-02
   2.9539577e-01   3.3401034e-02
   2.9470432e-01   3.1277092e-02
   2.8485385e-01   3.4586158e-02
   2.9227594e-01   3.1869614e-02
   2.9283801e-01   3.7833420e-02
   2.8054132e-01   3.4025074e-02
   2.7820393e-01   3.1323637e-02
   2.7965926e-01   2.7471412e-02
   2.6066211e-01   3.0851247e-02
   2.6093726e-01   3.0329626e-02
   2.5741739e-01   3.1903281e-02
   2.5389485e-01   3.1431150e-02
   2.4190983e-01   3.4276420e-02
   2.4662113e-01   3.2500281e-02
   2.4464265e-01   3.3159097e-02
   2.3766121e-01   3.2603111e-02
   2.2827330e-01   2.9875283e-02
   2.1991260e-01   3.1534944e-02
   2.1186421e-01   2.9349478e-02
   1.9294034e-01   3.1074647e-02
   1.6709949e-01   3.3344624e-02
   1.5907673e-01   2.9475501e-02
   1.5774499e-01   2.8366505e-02
   1.5025442e-01   2.8243069e-02
   1.4276454e-01   2.8929162e-02
   1.3735526e-01   3.0610722e-02
   1.3990915e-01   3.0574278e-02
   1.2900422e-01   3.1679749e-02
   1.2401931e-01   3.0112831e-02
   1.1828581e-01   2.8921798e-02
   1.1183008e-01   2.4531200e-02
   1.0197331e-01   2.6670119e-02
  -4.5503392e-02   2.1099112e-02
  -4.6932936e-02   2.1696614e-02
  -5.2288240e-02   2.3918415e-02
  -6.0310223e-02   2.8361302e-02
  -6.5698235e-02   2.3352037e-02
  -6.9662434e-02   2.1103957e-02
  -7.3827841e-02   2.1142492e-02
  -7.3767479e-02   1.8342389e-02
  -8.3648781e-02   1.9562437e-02
  -9.2793891e-02   2.2837350e-02
  -1.0300337e-01   2.7143144e-02
  -1.0971216e-01   2.4917687e-02
  -1.1389120e-01   1.8286510e-02
  -1.3560714e-01   1.7187057e-02
  -1.3924290e-01   1.3815550e-02
  -1.4191708e-01   1.4365235e-02
  -1.4055855e-01   1.7129539e-02
  -1.4864652e-01   2.5979687e-02
  -1.5663524e-01   2.9276738e-02
  -1.5701377e-01   2.4352939e-02
  -1.5394969e-01   1.6559248e-02
  -1.6635812e-01   1.2707015e-02
  -1.6600274e-01   1.5990574e-02
  -1.6632765e-01   1.6574368e-02
  -1.8004350e-01   2.1561793e-02
  -1.9072739e-01   2.5956809e-02
  -1.9154152e-01   2.3124507e-02
  -1.9371998e-01   1.7685067e-02
  -1.9969966e-01   1.2652711e-02
  -1.9722344e-01   1.1567023e-02
  -2.0523284e-01   1.5959619e-02
  -2.1546379e-01   2.1395473e-02
  -2.2676708e-01   2.5826446e-02
  -2.2911473e-01   1.8640795e-02
  -2.4979090e-01   1.2054004e-02
  -2.5223133e-01   1.1490930e-02
  -2.5041870e-01   8.1935312e-03
  -2.5838248e-01   1.5278029e-02
  -2.7296778e-01   2.4078097e-02
  -2.7899282e-01   1.6899029e-02
  -3.0230002e-01   2.1770764e-02
  -3.0130133e-01   8.6753919e-03
  -2.9402698e-01   8.1262845e-03
  -3.0029066e-01   3.7998752e-03
  -3.2720204e-01   2.0557057e-02
  -3.2021379e-01   1.8937684e-02
  -3.2590736e-01   1.8397337e-02
  -3.3330729e-01   1.6786311e-02
  -1.4753969e-01   1.7707579e-02
  -1.3826454e-01   2.0509484e-02
  -1.3017941e-01   2.3849371e-02
  -1.2197853e-01   2.6611031e-02
  -1.1834096e-01   2.3359914e-02
  -1.1121841e-01   1.7181063e-02
  -1.1165444e-01   1.8361963e-02
  -1.0575674e-01   1.6615715e-02
  -1.0209764e-01   2.3915642e-02
  -9.8147537e-02   2.6172049e-02
  -9.5269011e-02   2.6123944e-02
  -9.0018228e-02   2.2261244e-02
  -8.5738380e-02   2.1089525e-02
  -7.7629079e-02   1.9966974e-02
  -6.7196953e-02   1.7826513e-02
  -6.8190045e-02   2.0509002e-02
  -6.5698235e-02   2.3352037e-02
  -4.8458393e-02   2.4016441e-02
  -5.2325903e-02   2.7282948e-02
  -4.2995463e-02   2.1741947e-02
  -3.3522219e-02   2.2259529e-02
  -3.0808636e-02   2.2794452e-02
  -3.0804769e-02   2.4462339e-02
  -2.0133313e-02   2.2286075e-02
  -2.1449724e-02   2.5046534e-02
  -1.8763181e-02   2.8386913e-02
  -6.7108358e-03   2.2845488e-02
  -8.0536398e-03   2.1730956e-02
  -5.3744328e-03   2.1752815e-02
   8.0370354e-03   2.2799993e-02
   2.1430322e-02   2.3909594e-02
   2.6885856e-02   2.7910703e-02
   3.2325704e-02   2.8523271e-02
   3.4838628e-02   3.0606082e-02
   3.6373514e-02   2.6284147e-02
   4.0340066e-02   2.4555320e-02
   4.4339071e-02   2.1741247e-02
   4.7024447e-02   2.2297213e-02
   5.3635551e-02   2.2248821e-02
   6.3209973e-02   2.2308522e-02
   8.0543007e-02   3.2292984e-02
   9.5509637e-02   3.1219129e-02
   1.0495923e-01   2.7859828e-02
   9.6763900e-02   3.0629061e-02
   1.0075425e-01   2.3917424e-02
   1.0316511e-01   1.9407101e-02
   9.9525987e-02   2.1715654e-02
   2.5297420e-01   3.4260813e-02
   2.5561411e-01   3.6457843e-02
   2.6280019e-01   3.0935071e-02
   2.6882372e-01   2.8615036e-02
   2.7281734e-01   3.0798310e-02
   2.7494420e-01   3.2535795e-02
   2.8726109e-01   2.8073369e-02
   2.8758955e-01   3.3474547e-02
   2.9132112e-01   3.7443968e-02
   2.9893169e-01   3.5129540e-02
   2.9986924e-01   3.4129712e-02
   3.0176528e-01   3.1273909e-02
   3.1445536e-01   2.7841362e-02
   3.1127276e-01   3.0130756e-02
   3.1333592e-01   3.6801827e-02
   3.2830043e-01   3.5614239e-02
   3.2967851e-01   3.5058190e-02
   3.2596322e-01   3.5521122e-02
   3.3082562e-01   3.1733946e-02
   3.3214193e-01   3.2820561e-02
   3.4241879e-01   2.9426912e-02
   3.4586673e-01   3.7143283e-02
   3.4873838e-01   3.3303491e-02
   3.4520241e-01   3.7222642e-02
   3.5110005e-01   3.3255812e-02
   3.6340764e-01   3.0461536e-02
   3.7362767e-01   3.1007994e-02
   3.7668498e-01   3.6894098e-02
   3.8253966e-01   3.5804726e-02
   3.7099888e-01   3.7590643e-02
   3.7751706e-01   3.5332346e-02
   3.8825452e-01   3.3496525e-02
   3.9556779e-01   3.5242574e-02
   3.9684064e-01   3.1853659e-02
   3.9924466e-01   3.5180989e-02
   4.0097852e-01   3.5745517e-02
   3.9217711e-01   4.0648831e-02
   3.9437901e-01   3.5144616e-02
   3.9469497e-01   3.6800774e-02
   4.0342147e-01   3.2988698e-02
   3.9700382e-01   3.3606811e-02
   4.0241671e-01   3.4111293e-02
   4.0142076e-01   3.7831335e-02
   3.9199187e-01   3.9947555e-02
   4.0508317e-01   3.5174665e-02
   4.0296625e-01   3.4038803e-02
   2.0114739e-01   2.4949248e-02
   1.8361396e-01   3.4470985e-02
   1.7794208e-01   3.8901123e-02
   1.7664195e-01   3.6682953e-02
   1.8073335e-01   3.4446258e-02
   1.8183208e-01   2.8275482e-02
   1.6182137e-01   2.6132518e-02
   1.5240916e-01   2.3927718e-02
   1.3877093e-01   2.5042601e-02
   1.2424641e-01   3.1848929e-02
   1.2226399e-01   3.3362471e-02
   1.1304402e-01   2.6732575e-02
   1.0125759e-01   2.4036461e-02
   9.9816140e-02   2.2897393e-02
   8.6158920e-02   2.2309827e-02
   8.4897280e-02   2.2333434e-02
   8.7379033e-02   2.7857814e-02
   8.8431683e-02   3.1106091e-02
   8.7336567e-02   3.2872221e-02
   8.7304789e-02   2.6160372e-02
   9.0182554e-02   2.4536028e-02
   8.3214363e-02   2.2802421e-02
   6.4391476e-02   2.8942133e-02
   6.3228174e-02   3.0704763e-02
   5.6510780e-02   2.9036379e-02
   4.1556976e-02   2.5594213e-02
   3.3626181e-02   2.0651612e-02
   2.5532299e-02   1.9518418e-02
   1.0736897e-02   2.3402244e-02
   0.0000000e+00   2.9003984e-02
   8.0269934e-03   2.6110649e-02
   6.6951570e-03   2.7248919e-02
  -1.2067023e-02   2.3378786e-02
  -2.1495144e-02   2.3423321e-02
  -2.6770490e-02   1.8885172e-02
  -2.6877916e-02   1.8402724e-02
  -2.5399214e-02   2.3306076e-02
  -3.2131965e-02   2.8909368e-02
  -4.2804515e-02   2.7763791e-02
  -4.9555498e-02   2.4452219e-02
  -5.3652465e-02   1.7242836e-02
  -4.2754657e-02   1.6071144e-02
  -6.0108195e-02   2.0494520e-02
  -6.6966889e-02   2.4438612e-02
  -6.2813008e-02   2.6611383e-02
  -7.2252627e-02   2.4409443e-02
  -6.2906323e-02   1.9978295e-02
  -6.5522771e-02   1.8847956e-02
