   6.1223330e-02  -1.8849813e-01
   5.7964918e-02  -1.7937686e-01
   7.5001892e-02  -1.7754786e-01
   7.5216832e-02  -1.7192925e-01
   7.4146506e-02  -1.6575839e-01
   6.7807227e-02  -1.6074546e-01
   6.4178369e-02  -1.5121373e-01
   7.2339118e-02  -1.4161296e-01
   7.3583447e-02  -1.4385275e-01
   6.3580613e-02  -1.3433293e-01
   6.3742334e-02  -1.3051335e-01
   5.5006267e-02  -1.2775799e-01
   5.0949325e-02  -1.2409856e-01
   6.2002732e-02  -1.2354440e-01
   5.2663879e-02  -1.2141814e-01
   5.9465657e-02  -1.1910139e-01
   3.9457367e-02  -1.0563533e-01
   4.7309245e-02  -9.7255571e-02
   4.0663552e-02  -8.7601573e-02
   3.7923223e-02  -8.2887478e-02
   4.1920969e-02  -7.6969276e-02
   3.2328552e-02  -6.7518050e-02
   4.8625584e-02  -6.8825661e-02
   4.6202227e-02  -5.8912495e-02
   5.6026744e-02  -6.1534984e-02
   3.5320917e-02  -5.4905196e-02
   2.9955212e-02  -4.7032876e-02
   2.3090027e-02  -3.4994862e-02
   5.0309871e-02  -2.3129079e-02
   5.9338925e-02  -2.8631443e-02
   3.4019256e-02  -7.3363803e-03
   6.3815917e-02  -1.2943286e-02
   3.5028527e-02  -5.0282476e-03
   2.9638593e-02  -6.7049709e-03
   1.7496951e-02   4.4662251e-03
   2.0249504e-02   3.9195591e-03
   1.7663965e-02   1.8608677e-02
   2.9888625e-02   2.0860943e-02
   2.6938087e-02   2.8525775e-02
   2.2951721e-02   2.4100615e-02
   2.2958577e-02   3.1979329e-02
   1.7531628e-02   3.5872839e-02
  -1.3471457e-03   4.4284262e-02
  -2.6981052e-03   4.8304818e-02
   1.3507695e-03   5.2904496e-02
  -6.7231576e-03   5.6055354e-02
   1.3497105e-03   5.7407006e-02
  -4.0510433e-03   6.0281416e-02
  -2.7006685e-03   6.5417793e-02
   1.3418840e-03   7.1262489e-02
  -9.3287084e-03   7.9280223e-02
  -1.4619853e-02   8.5891259e-02
  -1.8488903e-02   9.4435337e-02
  -1.7118277e-02   9.7576076e-02
  -1.7184547e-02   1.0429405e-01
  -1.7175912e-02   1.0886424e-01
  -1.9902568e-02   1.1400916e-01
  -1.1915860e-02   1.1726978e-01
  -1.4509233e-02   1.2207261e-01
  -2.1162237e-02   1.2006473e-01
  -2.5093511e-02   1.2398555e-01
  -2.5005927e-02   1.2529212e-01
  -2.6358290e-02   1.2429514e-01
  -3.0356765e-02   1.3335131e-01
  -2.6347884e-02   1.4505117e-01
  -2.2292483e-02   1.5096384e-01
  -1.4480261e-02   1.6015231e-01
  -2.0936829e-02   1.6831801e-01
  -1.8345641e-02   1.5691986e-01
  -3.1219016e-02   1.7212705e-01
  -1.5737622e-02   1.5950343e-01
  -1.6967557e-02   1.6111298e-01
  -1.6957598e-02   1.6651796e-01
  -2.3346042e-02   1.7592276e-01
  -1.5591742e-02   1.7442272e-01
  -7.7633053e-03   1.7672041e-01
  -1.2901399e-02   1.8609328e-01
  -9.0282137e-03   1.8854369e-01
  -1.2823665e-02   2.0249472e-01
  -6.3879681e-03   2.0548126e-01
  -5.0935690e-03   2.1112732e-01
  -1.1569435e-02   2.0177301e-01
  -9.0024459e-03   1.9740921e-01
  -6.4555626e-03   1.9764452e-01
  -7.7302711e-03   1.9781012e-01
  -1.4152308e-02   1.9305265e-01
  -1.0355541e-02   1.8741551e-01
  -1.2987706e-02   1.8495505e-01
  -1.9515256e-02   1.7777531e-01
  -2.0885998e-02   1.7717749e-01
  -2.6073026e-02   1.7379662e-01
  -2.8710732e-02   1.6965508e-01
  -3.3858076e-02   1.6372301e-01
  -1.4358493e-02   1.5445399e-01
  -2.6185494e-02   1.4769346e-01
  -1.0492184e-02   1.3663563e-01
  -1.3176502e-02   1.3255101e-01
  -1.1852897e-02   1.3129727e-01
  -1.0581398e-02   1.2537748e-01
  -3.9646328e-03   1.2232410e-01
  -5.2760848e-03   1.2207902e-01
  -7.9289731e-03   1.1121557e-01
  -7.9557302e-03   1.0405407e-01
  -1.5983748e-02   9.5848941e-02
  -4.0203249e-03   8.4899213e-02
  -9.3810910e-03   8.0880654e-02
  -1.6162337e-02   6.8095550e-02
  -1.3502505e-02   5.5152994e-02
  -6.7416691e-03   5.1674375e-02
  -8.0767081e-03   4.2559234e-02
  -1.2112353e-02   3.6362167e-02
  -1.4855550e-02   3.1982025e-02
  -9.4584549e-03   2.6372097e-02
  -1.3509616e-02   1.3452779e-02
   0.0000000e+00   5.6281407e-03
   1.3540615e-03  -5.6168477e-04
   1.3499568e-03  -4.4799978e-03
   6.7758757e-03  -1.0682596e-02
   1.7609613e-02  -1.9677039e-02
   2.0418899e-02  -2.1470800e-02
   2.7183235e-02  -2.8220072e-02
   1.0812761e-02  -4.2167315e-02
   5.4060338e-03  -4.9527238e-02
   1.6233720e-02  -5.5826739e-02
   1.6277979e-02  -6.2846739e-02
   2.4457698e-02  -5.3782802e-02
   1.4878565e-02  -6.2092957e-02
   1.2142347e-02  -6.4786077e-02
   1.4900374e-02  -6.9641800e-02
   3.1108711e-02  -7.1819005e-02
   4.4714291e-02  -7.7120027e-02
   5.2806008e-02  -8.3991119e-02
   5.4334288e-02  -8.7178216e-02
   4.9710377e-02  -9.0259819e-02
   4.4344145e-02  -9.3187500e-02
   4.0344870e-02  -9.7346529e-02
   4.6952651e-02  -9.8828392e-02
   4.8296087e-02  -1.0818731e-01
   5.3726024e-02  -1.1361194e-01
   5.0851385e-02  -1.1259639e-01
   6.8512211e-02  -1.2427661e-01
   5.8533418e-02  -1.2601701e-01
   4.2332663e-02  -1.3007346e-01
   5.0292257e-02  -1.2891991e-01
   4.4948359e-02  -1.3175393e-01
   4.4580801e-02  -1.4426919e-01
   5.6429451e-02  -1.4915628e-01
   6.7816117e-02  -1.5833857e-01
   4.9505476e-02  -1.6068631e-01
   5.0263520e-02  -1.6848684e-01
   4.3871650e-02  -1.6812679e-01
   5.8942579e-02  -1.7405273e-01
   4.4670152e-02  -1.7216195e-01
   4.1933521e-02  -1.7497640e-01
   5.4388251e-02  -1.8007502e-01
   6.7324965e-02  -1.7355666e-01
   6.8543833e-02  -1.7885761e-01
   7.2523213e-02  -1.7807526e-01
   6.8790209e-02  -1.7956463e-01
   6.4114130e-02  -1.7844242e-01
   6.0807447e-02  -1.6669599e-01
   6.7574200e-02  -1.5954377e-01
   6.5150039e-02  -1.5157065e-01
   6.1324158e-02  -1.5301678e-01
   6.2548496e-02  -1.5581187e-01
   5.4938018e-02  -1.4744464e-01
   5.2620233e-02  -1.4594408e-01
   5.0145789e-02  -1.4102560e-01
   4.6633613e-02  -1.2984746e-01
   4.4076150e-02  -1.3138955e-01
   4.5337209e-02  -1.3295635e-01
   4.1599288e-02  -1.2723516e-01
   4.7222029e-02  -1.2372821e-01
   5.1327724e-02  -1.1786607e-01
   4.5972302e-02  -1.1204685e-01
   4.7202585e-02  -1.0760221e-01
   4.4420194e-02  -1.0093651e-01
   2.4439644e-02  -9.2461501e-02
   4.5629376e-02  -7.9230958e-02
   5.3991308e-02  -8.4299129e-02
   3.2481566e-02  -6.8989831e-02
   6.7929999e-02  -6.0004183e-02
   3.3655761e-02  -5.4972735e-02
   6.6347212e-02  -5.6382871e-02
   2.8373134e-02  -6.2584194e-02
   3.5186772e-02  -5.3556670e-02
   5.5336721e-02  -5.1683137e-02
   4.3491037e-02  -4.5794265e-02
   5.8119960e-02  -4.8919164e-02
   2.5730586e-02  -3.4325401e-02
   4.2031251e-02  -2.0814021e-02
   3.2588977e-02  -1.1264323e-02
   3.2488081e-02  -1.3476537e-02
   4.6121337e-02  -1.1249715e-02
   2.6945772e-02  -2.7938547e-03
   5.0148985e-02  -4.4948915e-03
   2.7054108e-02   0.0000000e+00
   3.2652515e-02  -1.2980073e-02
   3.5418697e-02  -1.1297828e-03
   3.6841683e-02  -1.5282476e-02
   3.2954801e-02   1.0251269e-02
   5.3235156e-02   2.2631551e-03
   4.0866895e-02   2.5442866e-02
   5.6736039e-02   1.5121777e-02
   3.5079169e-02   4.0387098e-02
   2.8077221e-02   4.1142991e-02
   3.3440486e-02   4.5075547e-02
   2.9397512e-02   5.1757009e-02
   1.8725964e-02   5.1815868e-02
   2.8086369e-02   5.2366678e-02
   3.0812777e-02   6.4877981e-02
   2.6656219e-02   6.5672908e-02
   2.5276727e-02   6.4988456e-02
   1.5976456e-02   7.9197531e-02
   1.1975134e-02   8.5420290e-02
   1.8683754e-02   8.9120378e-02
   6.6429640e-03   1.0717300e-01
   1.3291336e-02   1.0896142e-01
   1.8612309e-02   1.2248780e-01
   1.9897187e-02   1.2574598e-01
   7.9537048e-03   1.2744984e-01
   0.0000000e+00   1.2732394e-01
   0.0000000e+00   1.2953535e-01
   9.2704460e-03   1.2732079e-01
   7.9459551e-03   1.3745202e-01
   1.3274946e-03   1.3900702e-01
  -6.6103666e-03   1.3421784e-01
   1.9862546e-02   1.4950551e-01
   3.9512740e-03   1.5902563e-01
  -1.1815288e-02   1.6583488e-01
  -1.0443780e-02   1.8096963e-01
  -3.9149809e-03   1.7776794e-01
   0.0000000e+00   1.7774161e-01
   2.6165383e-03   1.8077356e-01
  -1.4199913e-02   2.1378379e-01
   1.3716955e-03   1.0813003e-02
   1.0953324e-02  -1.1358653e-03
   1.5121917e-02  -3.4213740e-03
   1.6542105e-02  -1.4299232e-02
   2.4584554e-02  -1.6434520e-02
   1.6224127e-02  -1.7954614e-02
   8.1090548e-03  -2.3566708e-02
   5.4251770e-03  -2.9295537e-02
   9.5070567e-03  -3.5563631e-02
   6.7807424e-03  -4.6854244e-02
   1.0920479e-02  -5.6339601e-02
   1.6429302e-02  -6.2281045e-02
   3.1258359e-02  -6.3528853e-02
   3.5304208e-02  -6.2893206e-02
   2.9671455e-02  -7.1039969e-02
   2.1385468e-02  -7.9509823e-02
   2.6803117e-02  -8.0866379e-02
   3.3326121e-02  -8.9572013e-02
   2.8027452e-02  -1.0240935e-01
   2.9348829e-02  -1.0994281e-01
   3.8859925e-02  -1.0866917e-01
   3.5990807e-02  -1.1511866e-01
   3.6116026e-02  -1.1671756e-01
   3.7185061e-02  -1.2527269e-01
   3.8528146e-02  -1.2947981e-01
   4.7763695e-02  -1.3284149e-01
   4.3638360e-02  -1.3358185e-01
   4.2216296e-02  -1.3444305e-01
   6.0727260e-02  -1.3268240e-01
   5.2547957e-02  -1.3736466e-01
   6.0487313e-02  -1.3746660e-01
   5.9360318e-02  -1.2961729e-01
   5.3722573e-02  -1.3876342e-01
   5.1053863e-02  -1.3863608e-01
   7.4394876e-02  -4.3832584e-02
   5.8535993e-02  -3.2777178e-02
   4.9827649e-02  -3.0189174e-02
   6.4778109e-02  -1.4543256e-02
   4.8540768e-02  -1.1740661e-02
   6.4536423e-02  -7.2427235e-03
   5.8517075e-02  -3.3839192e-03
   4.4772422e-02  -4.5000383e-03
   4.7249787e-02   1.6789719e-03
   3.9725235e-02   1.8185014e-02
   3.5216602e-02   3.2632077e-02
   4.0870557e-02   2.4312072e-02
   3.2848487e-02   3.8687681e-02
   5.3349572e-02   3.4653051e-02
   4.9251170e-02   4.2085665e-02
   5.4694854e-02   5.2367649e-02
   4.2350795e-02   5.7509558e-02
   3.1383928e-02   6.3787222e-02
   2.0350371e-02   8.4217858e-02
   6.8178340e-03   8.8178807e-02
   2.7092475e-03   9.3428087e-02
   6.7995970e-03   8.6767476e-02
   5.4715318e-03   1.0507127e-01
   8.1598517e-03   9.7339681e-02
  -4.0844340e-03   1.0992754e-01
  -1.3681379e-02   1.0448929e-01
  -4.0440818e-03   1.2609971e-01
   1.6221280e-02   1.1863998e-01
   6.7269492e-03   1.3368677e-01
   6.6483493e-03   1.3503373e-01
   9.0569774e-03   1.5840252e-01
   1.5665194e-02   1.5205314e-01
   0.0000000e+00   1.6265327e-01
   1.4412661e-02   1.4602923e-01
  -1.0477692e-02   1.6233813e-01
   1.8353139e-02   1.5820823e-01
   4.5596448e-02   1.5645692e-01
   2.4726490e-02   1.5876883e-01
   3.5115721e-02   1.6838859e-01
   2.9767911e-02   1.7611376e-01
   3.3583904e-02   1.8378394e-01
   2.9583439e-02   1.8980835e-01
   1.8133203e-02   1.8627052e-01
   2.8425621e-02   1.8323802e-01
   3.3543639e-02   1.8603896e-01
   3.6078739e-02   1.8079130e-01
  -5.4311308e-03   6.8084547e-02
  -6.7666359e-03   5.9273441e-02
  -1.3587610e-03   5.3791681e-02
  -1.2237878e-02   4.9259841e-02
  -6.8163286e-03   3.7975222e-02
   5.4345843e-03   3.2177158e-02
   5.4572048e-03   1.8119164e-02
   2.7319191e-03   1.4170011e-02
  -4.0942084e-03   1.1324518e-02
  -1.3649147e-03   6.7947387e-03
   8.1982756e-03  -2.8339558e-03
   2.0536670e-02  -5.1109705e-03
   3.1511867e-02  -1.4777698e-02
   3.8344031e-02  -2.2731934e-02
   4.1001439e-02  -2.2117445e-02
   3.8234167e-02  -3.2327420e-02
   3.3974257e-02  -3.8978517e-02
   2.8557554e-02  -4.8684678e-02
   3.1251503e-02  -5.3777169e-02
   4.0543872e-02  -5.5749263e-02
   4.7413718e-02  -5.9297035e-02
   6.7538778e-02  -5.8517563e-02
   7.9445532e-02  -6.9104749e-02
   7.0847384e-02  -6.5790566e-02
   7.4684855e-02  -7.1840528e-02
   8.7320005e-02  -8.4180856e-02
   9.0119789e-02  -8.8862830e-02
   9.0046316e-02  -8.8220142e-02
   7.4446023e-02  -9.5514984e-02
   7.4180382e-02  -9.7458080e-02
   6.8974285e-02  -1.0279845e-01
   7.5412007e-02  -1.1059008e-01
   8.4776314e-02  -1.2119583e-01
   6.4693394e-02  -1.2734880e-01
   6.6163594e-02  -1.3179678e-01
   6.1185830e-02  -1.2896068e-01
   7.6426952e-02  -1.3471154e-01
   7.3804972e-02  -1.3178826e-01
   7.7559077e-02  -1.3318135e-01
   7.5872877e-02  -1.4018446e-01
   7.1796290e-02  -1.3811960e-01
   6.7976041e-02  -1.3953279e-01
   7.6492043e-02  -1.4711613e-01
   6.7621648e-02  -1.4705389e-01
   7.2660573e-02  -1.5203461e-01
   7.1236009e-02  -1.4937022e-01
   6.8599656e-02  -1.5524696e-01
   6.1009322e-02  -3.3205426e-02
   6.5387032e-02  -2.5424679e-02
   5.5874184e-02  -1.9781024e-02
   6.0233372e-02  -1.0212960e-02
   5.7210740e-02  -6.7749475e-03
   5.0706897e-02  -6.8175269e-03
   4.8115990e-02  -1.1398058e-03
   4.6836637e-02   1.1421700e-03
   4.9640395e-02   5.1446332e-03
   4.8211249e-02   6.2817094e-03
   4.7803470e-02   3.0052033e-02
   4.7540577e-02   2.3671101e-02
   2.0438703e-02   4.1938487e-02
   3.5229531e-02   3.8296760e-02
   2.8500351e-02   4.8586469e-02
   2.5687776e-02   5.3511352e-02
   3.0975362e-02   5.8399708e-02
   3.2283345e-02   5.9461767e-02
   4.1832413e-02   5.8504276e-02
   4.9842034e-02   6.2366620e-02
   4.0402646e-02   5.8388818e-02
   2.8229603e-02   6.2831783e-02
   3.0810228e-02   6.9981492e-02
   2.7935102e-02   7.0054282e-02
   2.1394309e-02   7.7830038e-02
   2.4048270e-02   7.7190318e-02
   3.4659014e-02   7.8139255e-02
   2.8070284e-02   8.6954700e-02
   2.9302968e-02   8.8929574e-02
   7.9827794e-03   9.6318266e-02
   1.4634058e-02   1.0615201e-01
   2.6670547e-02   1.1107516e-01
   3.2116064e-02   1.1559343e-01
   3.1950954e-02   1.2145783e-01
   2.1316573e-02   1.2751364e-01
   2.8976768e-02   1.3841843e-01
   1.1941356e-02   1.4496857e-01
   1.1858338e-02   1.4932716e-01
   3.9623059e-03   1.5520740e-01
  -5.2625055e-03   1.6560839e-01
   0.0000000e+00   1.6976602e-01
  -7.8835972e-03   1.8226882e-01
  -1.4452878e-02   1.8035669e-01
  -2.4865814e-02   1.8777643e-01
  -2.8969613e-02   1.8777084e-01
  -1.9526212e-02   1.9752278e-01
  -2.7202772e-02   1.9897691e-01
  -1.2078126e-02   1.1893811e-01
  -2.2806801e-02   1.1414125e-01
  -2.8217058e-02   1.0958975e-01
  -2.4303014e-02   9.4264213e-02
  -2.7127459e-03   8.8870620e-02
  -1.3589827e-03   8.5539671e-02
  -2.7164655e-03   7.5614057e-02
   2.7135404e-03   7.1489215e-02
   0.0000000e+00   6.7109768e-02
  -5.3977307e-03   5.8532190e-02
  -5.3987045e-03   5.1726490e-02
   5.3914210e-03   4.0360037e-02
   2.7011617e-03   3.1422783e-02
   6.7708014e-03   2.4176402e-02
   1.3515653e-03   2.3006000e-02
   2.0299816e-02   1.8533509e-02
   3.1255556e-02   1.6350096e-02
   3.5307851e-02   8.4478148e-03
   3.8181799e-02  -5.6543046e-04
   4.7674355e-02  -7.9062714e-03
   5.3163487e-02  -1.4695672e-02
   4.6258787e-02  -1.2412067e-02
   4.3524311e-02  -1.8619347e-02
   3.8157979e-02  -1.9790066e-02
   3.8184351e-02  -2.4338074e-02
   4.6494728e-02  -3.7500509e-02
   4.3599257e-02  -4.2487842e-02
   5.4509483e-02  -4.8187394e-02
   5.9392576e-02  -4.4329970e-02
   6.4330239e-02  -5.1864870e-02
   6.6890528e-02  -5.0643830e-02
   7.2685097e-02  -4.9817164e-02
   8.0669849e-02  -5.6514778e-02
   7.9284665e-02  -5.9316063e-02
   7.9024818e-02  -6.0812832e-02
   6.5469255e-02  -7.2567972e-02
   4.6852756e-02  -8.1312737e-02
   5.3491362e-02  -8.5222157e-02
   5.3435052e-02  -9.6067137e-02
   4.7880588e-02  -9.7376920e-02
   5.0887949e-02  -9.4578800e-02
   5.0945732e-02  -1.0400422e-01
   4.9671503e-02  -1.0298155e-01
   3.6350210e-02  -1.0038798e-01
   3.6391366e-02  -1.0638272e-01
   3.9150059e-02  -1.1069578e-01
   5.1079784e-02  -1.1134864e-01
   4.7012714e-02  -1.2195922e-01
   5.5701585e-02  -1.4114886e-01
   5.9637751e-02  -1.4042123e-01
   6.0962770e-02  -1.3801056e-01
   5.8559126e-02  -1.3263423e-01
   5.1887537e-02  -1.2309341e-01
   5.6590321e-02  -1.0100374e-01
   6.0977628e-02  -9.5704048e-02
   7.2921114e-02  -9.3571743e-02
   6.3289952e-02  -8.9273190e-02
   5.8186900e-02  -8.6246624e-02
   5.5342695e-02  -8.0254438e-02
   5.1744401e-02  -6.8810498e-02
   4.9111333e-02  -6.4900541e-02
   4.1030171e-02  -5.6999884e-02
   4.6597616e-02  -5.0774814e-02
   4.9128618e-02  -4.5405851e-02
   5.0345200e-02  -4.4700781e-02
   4.6188260e-02  -4.1791758e-02
   4.2161373e-02  -4.0707321e-02
   4.0836636e-02  -3.3358425e-02
   4.3648278e-02  -2.1505429e-02
   4.5044672e-02  -3.3954814e-03
   4.7679015e-02   1.1294673e-03
   3.2657557e-02   8.4652648e-03
   2.7181017e-02   1.4659665e-02
   1.9069431e-02   2.6583201e-02
   1.6378976e-02   3.6309373e-02
   3.1463618e-02   4.2671272e-02
   3.1340222e-02   4.8781083e-02
   2.1694698e-02   4.7977631e-02
   2.0249058e-02   4.3806477e-02
   1.3497996e-03   5.1164633e-02
  -1.4894976e-02   5.0188260e-02
  -8.0905154e-03   6.2471226e-02
  -5.3948100e-03   7.1056825e-02
  -1.3520533e-02   6.8936955e-02
  -1.0806113e-02   7.7492419e-02
  -1.3505782e-03   7.8060566e-02
  -1.2087398e-02   8.7972218e-02
  -1.7476751e-02   8.8056955e-02
  -1.8732954e-02   9.3980647e-02
  -1.0677876e-02   1.0534870e-01
  -1.1985367e-02   1.0918146e-01
  -1.7315744e-02   1.1153976e-01
  -9.2813092e-03   1.2156483e-01
  -1.0580057e-02   1.2831746e-01
   6.6525714e-03   1.3092950e-01
  -2.5923876e-03   1.5450169e-01
  -2.5897580e-03   1.5014866e-01
  -1.2972826e-03   1.5044769e-01
   5.1775443e-03   1.4652016e-01
  -3.8906048e-03   1.4208064e-01
   6.5282968e-03   1.3540131e-01
   3.9457682e-03   1.2699244e-01
  -1.3222534e-03   1.2357065e-01
   3.9779802e-03   1.1863400e-01
   0.0000000e+00   1.1323323e-01
  -7.9532293e-03   1.0807805e-01
  -5.3175318e-03   1.0840434e-01
  -1.7454428e-02   9.6056317e-02
  -1.4861597e-02   9.2002388e-02
  -9.4660253e-03   7.7005149e-02
  -1.0836270e-02   5.9897140e-02
  -2.8557032e-02   5.4967342e-02
  -3.2803437e-02   4.1490224e-02
  -3.1421943e-02   4.4901466e-02
  -2.4533467e-02   4.7084369e-02
  -2.3129711e-02   4.5291591e-02
  -1.4948673e-02   3.8988516e-02
  -8.1446162e-03   3.1016554e-02
  -1.6223598e-02   1.8515696e-02
  -1.3592127e-02   1.1842300e-02
  -4.0823626e-03   6.7741626e-03
   0.0000000e+00   4.5161290e-03
   6.7837003e-03  -4.5024557e-03
   1.6261782e-02  -1.1244164e-02
   3.2414752e-02  -1.8493163e-02
   2.5607820e-02  -2.0136233e-02
   2.9633385e-02  -2.7965275e-02
   2.1534452e-02  -3.5799623e-02
   2.4280232e-02  -4.2077325e-02
   2.8283260e-02  -4.5955814e-02
   2.8278982e-02  -5.3294816e-02
   2.5560364e-02  -5.3243624e-02
   2.6852754e-02  -6.3891101e-02
   2.2888273e-02  -6.9778761e-02
   2.9767410e-02  -7.0124102e-02
   3.3738109e-02  -7.2799466e-02
   2.9699451e-02  -7.5702841e-02
   4.0528461e-02  -7.6893996e-02
   2.4334519e-02  -7.8126596e-02
   2.5619429e-02  -9.1804888e-02
   1.4859178e-02  -9.2570304e-02
   1.8925899e-02  -1.0025433e-01
   3.2240961e-02  -1.0720235e-01
   3.2463023e-02  -1.0796763e-01
