  -2.1012101e-01   1.5634037e-01
  -1.3993963e-01   1.4787511e-01
  -1.2115050e-01   1.3926164e-01
  -1.1282506e-01   1.2796023e-01
  -7.8018164e-02   1.2913829e-01
  -8.6371889e-02   1.4042776e-01
  -8.6624009e-02   1.2540762e-01
  -4.1904973e-02   1.1858924e-01
   3.0533749e-02   1.0647829e-01
   6.8326136e-02   9.9787567e-02
   9.2132275e-02   1.0261042e-01
   8.5907864e-02   1.0808596e-01
   1.1891036e-01   9.3252972e-02
   1.4593641e-01   9.2680112e-02
   1.5146461e-01   9.5299473e-02
   1.6136400e-01   9.7111984e-02
   1.8814679e-01   9.4875980e-02
   2.4540795e-01   8.7709471e-02
   2.7499229e-01   8.3327770e-02
   3.0291311e-01   7.7210730e-02
   2.8607222e-01   9.8909261e-02
   2.9991354e-01   9.0091304e-02
   3.0977384e-01   9.7799588e-02
   3.4090874e-01   8.3168234e-02
   3.4655434e-01   8.9224980e-02
   3.9923270e-01   8.2414337e-02
   4.1272020e-01   8.4127930e-02
   4.3862282e-01   5.9974231e-02
   4.5039593e-01   7.2008165e-02
   4.5327715e-01   6.6240215e-02
   4.5278108e-01   7.4405675e-02
   4.5973236e-01   6.3375220e-02
   4.6345509e-01   6.2578760e-02
   4.7038800e-01   6.0363458e-02
   4.7817240e-01   4.9843904e-02
   4.7464379e-01   5.4765938e-02
   4.8016397e-01   5.2415087e-02
   4.6376884e-01   4.2841553e-02
   4.5667053e-01   4.1035744e-02
   4.3829044e-01   4.9600334e-02
   4.3654988e-01   3.3992812e-02
   4.3151995e-01   2.9072003e-02
   4.2395882e-01   3.9227892e-02
   4.1632281e-01   3.1662954e-02
   4.2920849e-01   2.9202185e-02
   4.3383876e-01   1.5680139e-02
   4.2608717e-01  -3.8184036e-03
   4.1910509e-01   2.1918847e-03
   4.0980973e-01   7.1446719e-03
   4.1111089e-01   5.5114266e-04
   4.0124537e-01  -1.4358213e-02
   3.7470296e-01  -1.4927068e-02
   3.6729210e-01  -1.4871851e-02
   3.5753871e-01  -1.7036433e-02
   3.5307422e-01  -3.1476015e-02
   3.5825190e-01  -3.9120914e-02
   3.2403811e-01  -3.6630759e-02
   3.1163413e-01  -4.3041478e-02
   2.8933323e-01  -4.6320883e-02
   2.6164347e-01  -4.6461303e-02
   2.3545668e-01  -4.6297239e-02
   2.0100359e-01  -5.1834606e-02
   1.6970258e-01  -4.5972761e-02
   1.6267774e-01  -5.4976817e-02
   1.2837040e-01  -5.0423957e-02
   1.1155523e-01  -4.6274764e-02
   7.5958935e-02  -5.6021614e-02
   7.5608216e-02  -5.9668275e-02
   6.6545367e-02  -5.7649776e-02
   3.8630269e-02  -5.8309207e-02
   1.1961512e-02  -5.9878811e-02
  -1.9908194e-02  -5.0853260e-02
  -3.2949873e-02  -7.1631861e-02
  -5.8979776e-02  -6.5625688e-02
  -6.9788108e-02  -6.2016271e-02
  -8.5742067e-02  -6.7656958e-02
  -9.8628526e-02  -8.0803762e-02
  -1.3815074e-01  -7.4490957e-02
  -1.5188787e-01  -8.5726992e-02
  -1.6698458e-01  -8.4735182e-02
   1.9304926e-01  -1.0312867e-01
   2.3401091e-01  -1.0736006e-01
   2.5111804e-01  -9.0252963e-02
   2.7571400e-01  -9.1297429e-02
   2.8493095e-01  -7.9833425e-02
   3.3202730e-01  -6.2923236e-02
   3.5288397e-01  -6.1976373e-02
   3.8752985e-01  -6.3934649e-02
   4.3233493e-01  -4.7997776e-02
   4.5111447e-01  -4.7079563e-02
   4.9063978e-01  -4.5722090e-02
   5.1579157e-01  -4.1989084e-02
   5.4232071e-01  -3.7737668e-02
   5.7730765e-01  -2.4304188e-02
   6.1086584e-01  -2.5862042e-02
   6.2299619e-01  -1.5905425e-02
   6.2471409e-01  -2.0392150e-02
   6.1960043e-01   0.0000000e+00
   6.4231118e-01   7.0609430e-03
   6.6598417e-01   1.6129430e-02
   6.9833443e-01   1.8616239e-02
   7.1906575e-01   2.3858320e-02
   7.3982434e-01   2.7419500e-02
   7.4981449e-01   3.6823765e-02
   7.4717125e-01   3.8832338e-02
   7.4504361e-01   5.4689665e-02
   7.5428251e-01   6.1645868e-02
   7.5635202e-01   6.8814068e-02
   7.6406210e-01   6.6729777e-02
   7.7151175e-01   7.1176064e-02
   7.6832695e-01   7.7097582e-02
   7.6041888e-01   9.0399956e-02
   7.7778708e-01   7.7148019e-02
   7.5583854e-01   9.1900368e-02
   7.6500727e-01   9.7681058e-02
   1.6268299e-02   1.8605907e-01
   9.5889683e-03   1.6787674e-01
  -3.2904323e-02   1.7252625e-01
  -4.6647450e-02   1.6676333e-01
  -6.8910242e-02   1.7463817e-01
  -9.1695982e-02   1.6028554e-01
  -9.8570378e-02   1.6398460e-01
  -1.3112887e-01   1.6453145e-01
  -1.4568215e-01   1.5113472e-01
  -1.4940733e-01   1.4638150e-01
  -1.7111413e-01   1.5560036e-01
  -1.8599786e-01   1.5193891e-01
  -2.1232716e-01   1.4928586e-01
  -2.6167438e-01   1.3961800e-01
  -2.9113893e-01   1.2689531e-01
  -3.4810561e-01   1.4439936e-01
  -3.3312044e-01   1.2967622e-01
  -3.9211149e-01   1.3788291e-01
  -4.0174237e-01   1.2453613e-01
  -4.3899997e-01   1.3204616e-01
  -4.6451544e-01   1.3822543e-01
  -4.7073936e-01   1.4328829e-01
  -4.9539041e-01   1.2245667e-01
  -5.0953632e-01   1.2787544e-01
  -5.2968459e-01   1.3569076e-01
  -5.7039809e-01   1.4154573e-01
  -5.7728095e-01   1.4130668e-01
  -5.9612491e-01   1.2728523e-01
  -6.2338413e-01   1.1460759e-01
  -6.2725264e-01   1.1868993e-01
  -6.1560297e-01   1.1444688e-01
  -5.8879303e-01   9.5120837e-02
  -5.7524573e-01   8.9698562e-02
  -6.2602982e-01   8.9884970e-02
  -6.3885156e-01   8.1035360e-02
  -6.2671085e-01   7.5932327e-02
  -6.2514348e-01   5.3410591e-02
  -5.8185293e-01   4.5426483e-02
  -5.5197372e-01   2.1794376e-02
  -5.4798708e-01   3.4189727e-02
  -5.2300005e-01   2.5245763e-02
  -5.4162229e-01   2.4745220e-02
  -5.3664481e-01   1.0774153e-03
  -5.4493117e-01   8.5566290e-03
  -5.3888074e-01  -3.7263620e-03
  -5.3027736e-01  -9.0415859e-03
   8.9925300e-02  -4.2495211e-02
   9.1597809e-02  -3.3373047e-02
   1.3681885e-01  -3.2805989e-02
   1.6744689e-01  -3.1691192e-02
   1.9851134e-01  -4.3959727e-02
   2.0265991e-01  -2.7745594e-02
   2.1324304e-01  -2.8220631e-02
   2.2271653e-01  -2.3800768e-02
   2.4236226e-01  -2.2069604e-02
   2.4350512e-01  -1.3482605e-02
   2.6234826e-01  -9.4110024e-03
   2.8676649e-01  -3.8421255e-03
   3.1350959e-01  -2.7301486e-03
   3.3682093e-01   0.0000000e+00
   3.5691203e-01  -5.4631546e-04
   3.9624775e-01   3.2631449e-03
   4.0163438e-01   1.6960818e-02
   4.1258429e-01   1.4237030e-02
   4.3659421e-01   1.3008674e-02
   4.5441940e-01   1.4621839e-02
   4.7814527e-01   1.4468893e-02
   5.0283754e-01   1.8702494e-02
   5.2538288e-01   1.5505560e-02
   5.3988525e-01   1.0720556e-02
   5.4895513e-01   3.2013069e-02
   5.6690346e-01   3.2924154e-02
   5.9234751e-01   2.7897645e-02
   6.0725650e-01   3.3329771e-02
   6.2009816e-01   3.1038679e-02
   6.3371218e-01   4.4992839e-02
   6.3523475e-01   4.8395171e-02
   6.4940331e-01   4.3987713e-02
   6.6143999e-01   4.8100193e-02
   6.5526167e-01   5.3193812e-02
   6.4656138e-01   6.1747526e-02
   6.4169921e-01   6.1506183e-02
   6.4956541e-01   6.3311676e-02
   6.3997816e-01   7.5278237e-02
   6.4581834e-01   7.3221416e-02
   6.0746447e-01   8.5870598e-02
   6.2160480e-01   8.4142052e-02
   6.3125247e-01   8.3737048e-02
   6.0682128e-01   1.0118777e-01
   6.0996620e-01   9.5111721e-02
   6.0631128e-01   1.0316644e-01
   6.1517309e-01   9.6564054e-02
  -8.2168390e-02   2.2526545e-01
  -1.0863320e-01   2.4935851e-01
  -1.4234090e-01   2.3552010e-01
  -1.8714296e-01   2.2616962e-01
  -2.0066595e-01   2.3385159e-01
  -2.4500657e-01   2.4657247e-01
  -2.4807401e-01   2.3592045e-01
  -2.5802668e-01   2.2009438e-01
  -2.8334567e-01   2.2098923e-01
  -2.9046957e-01   2.4009200e-01
  -3.0441777e-01   2.2897319e-01
  -3.1530801e-01   2.2417947e-01
  -3.3810664e-01   2.1546466e-01
  -3.4622164e-01   2.0759925e-01
  -3.4265817e-01   2.0440242e-01
  -3.6989517e-01   1.9260530e-01
  -3.8121097e-01   1.9420030e-01
  -3.9144552e-01   1.7851453e-01
  -3.9462315e-01   1.6863177e-01
  -4.0541660e-01   1.6755991e-01
  -3.9291203e-01   1.4407369e-01
  -3.8207586e-01   1.4259620e-01
  -3.8352234e-01   1.4490223e-01
  -3.8766814e-01   1.2474519e-01
  -3.8530301e-01   1.0992229e-01
  -3.9454824e-01   1.0484815e-01
  -3.9029663e-01   9.9808289e-02
  -3.9465868e-01   8.8635559e-02
  -3.9244171e-01   8.5633630e-02
  -3.7705863e-01   7.1944138e-02
  -3.7784721e-01   6.5452495e-02
  -3.7929200e-01   6.9429837e-02
  -3.8849818e-01   5.3967466e-02
  -3.7238533e-01   4.9638776e-02
  -3.6771627e-01   3.9611918e-02
  -3.4817653e-01   3.3602162e-02
  -3.3269104e-01   3.1410115e-02
  -3.3918370e-01   1.2564092e-02
  -3.1779853e-01   5.1103005e-03
  -3.1555494e-01   4.5727500e-03
  -3.1098863e-01   3.4285268e-03
  -2.9999736e-01  -2.2920954e-03
  -2.9934471e-01  -7.4344569e-03
  -2.8531845e-01  -5.1851358e-03
  -2.8212006e-01  -1.2667384e-02
  -2.7204268e-01  -2.1797307e-02
  -2.5689133e-01  -3.2661864e-02
   4.0043980e-01  -7.2146397e-02
   4.1428328e-01  -6.0826895e-02
   4.2742058e-01  -5.9167347e-02
   4.3959355e-01  -6.7923283e-02
   4.4760429e-01  -6.4709202e-02
   4.5867942e-01  -5.3481383e-02
   4.7055718e-01  -5.1354880e-02
   4.8817232e-01  -4.4574884e-02
   5.1511681e-01  -4.8643576e-02
   5.2472765e-01  -4.7472930e-02
   5.4195865e-01  -3.6244960e-02
   5.6393674e-01  -3.3427993e-02
   5.9919755e-01  -3.3178217e-02
   6.0520803e-01  -3.0172468e-02
   5.9422845e-01  -2.8496332e-02
   5.9853744e-01  -9.3077490e-03
   6.0632229e-01  -8.3062007e-03
   6.1465418e-01  -9.3038786e-03
   6.1552254e-01   0.0000000e+00
   6.1419157e-01   7.8177292e-03
   6.1117606e-01   2.2335116e-02
   6.1256384e-01   2.4352995e-02
   6.0972474e-01   3.4771848e-02
   6.0661384e-01   4.2802666e-02
   5.8564273e-01   5.9697871e-02
   5.8172545e-01   6.1082181e-02
   5.6935576e-01   7.1734871e-02
   5.7625167e-01   8.2554789e-02
   5.7025563e-01   8.3990135e-02
   5.7068763e-01   7.4531006e-02
   5.6710836e-01   8.5699116e-02
   5.4172330e-01   9.9432790e-02
   5.3435988e-01   9.6526822e-02
   5.3404197e-01   8.6281409e-02
   5.2173969e-01   8.6727701e-02
   5.2126673e-01   9.9051899e-02
   5.0361254e-01   1.0731077e-01
   5.0761682e-01   8.5524766e-02
   5.1092073e-01   9.7652972e-02
   4.9500402e-01   1.0036941e-01
   4.7464169e-01   1.0542805e-01
   4.7421897e-01   9.4945264e-02
   4.7486624e-01   7.9659774e-02
   4.5773949e-01   9.1659370e-02
   4.5443696e-01   6.6635948e-02
   4.4544605e-01   6.7811289e-02
   4.3731693e-01   6.9674371e-02
  -2.2338963e-01  -1.0465807e-02
  -2.3664921e-01  -1.3817239e-02
  -2.6748374e-01  -1.2710523e-02
  -2.6165838e-01  -2.1548125e-02
  -2.7741750e-01  -2.1011917e-02
  -2.7363644e-01  -3.0184345e-02
  -2.6770905e-01  -3.8957894e-02
  -2.6239063e-01  -4.4521433e-02
  -2.5867676e-01  -4.8180272e-02
  -2.6367951e-01  -5.6730464e-02
  -2.7167594e-01  -5.4944736e-02
  -2.6027044e-01  -5.1824141e-02
  -2.5321216e-01  -6.7447786e-02
  -2.3574335e-01  -9.1437178e-02
  -2.3489022e-01  -8.8714898e-02
  -2.3187580e-01  -9.0341158e-02
  -2.3020964e-01  -9.1969122e-02
  -2.0780890e-01  -1.1144435e-01
  -1.9915594e-01  -1.1784073e-01
  -1.8303507e-01  -1.2326126e-01
  -1.8034154e-01  -1.2570578e-01
  -1.7739503e-01  -1.2537522e-01
  -1.7922877e-01  -1.3011811e-01
  -1.7036499e-01  -1.4666957e-01
  -1.6211932e-01  -1.4720519e-01
  -1.5068007e-01  -1.5417102e-01
  -1.3411772e-01  -1.5882418e-01
  -9.6027461e-02  -1.6013771e-01
  -8.0443209e-02  -1.7885031e-01
  -6.3262882e-02  -1.9163294e-01
  -5.1847669e-02  -1.7937847e-01
  -4.1047249e-02  -1.8118585e-01
  -2.1192069e-02  -1.8067645e-01
  -9.2661087e-03  -1.8377229e-01
   2.6335736e-03  -1.8974213e-01
   9.1976346e-03  -1.8992314e-01
   5.2818437e-03  -1.8455044e-01
   1.8372796e-02  -1.8454605e-01
   4.3187668e-02  -1.8389577e-01
   5.8730751e-02  -1.8704083e-01
   6.9066023e-02  -1.8791388e-01
   7.8781214e-02  -1.7738214e-01
   9.3979983e-02  -1.6938846e-01
   1.0443217e-01  -1.7593149e-01
   1.1197120e-01  -1.7267012e-01
   1.2178783e-01  -1.6475322e-01
   1.2038835e-01  -1.5358897e-01
   4.0166628e-01   6.1623937e-02
   3.9123752e-01   7.5588519e-02
   3.9727696e-01   6.2972913e-02
   3.7580132e-01   7.8592117e-02
   3.9434266e-01   9.2513770e-02
   3.8242597e-01   1.0849212e-01
   3.8077270e-01   9.8633702e-02
   3.6207660e-01   1.1968661e-01
   3.4823270e-01   1.2298973e-01
   3.1936195e-01   1.4261570e-01
   2.9942989e-01   1.4268842e-01
   2.9103546e-01   1.5580257e-01
   3.1022235e-01   1.6100224e-01
   2.8032398e-01   1.7744300e-01
   2.8728004e-01   1.6849164e-01
   2.6614926e-01   1.8541326e-01
   2.7873672e-01   1.8296423e-01
   2.6375594e-01   2.0606798e-01
   2.5417128e-01   2.0387867e-01
   2.1885559e-01   2.1513224e-01
   1.8828540e-01   2.3405130e-01
   1.7156042e-01   2.4522308e-01
   1.4428511e-01   2.5510688e-01
   1.4194469e-01   2.5503985e-01
   1.4264405e-01   2.6934515e-01
   1.3035659e-01   2.5962771e-01
   1.0580534e-01   2.7482677e-01
   9.2627867e-02   2.7567209e-01
   9.1475437e-02   2.8006874e-01
   8.5173972e-02   2.7641744e-01
   6.4172997e-02   2.8340141e-01
   4.1729986e-02   2.8838207e-01
   2.5343980e-02   2.8851011e-01
   2.4102949e-02   2.9571018e-01
   1.0202067e-02   2.8712340e-01
   0.0000000e+00   2.9608511e-01
  -6.4084043e-03   2.9047713e-01
  -3.0946349e-02   2.8651446e-01
  -3.7910622e-02   2.8839644e-01
  -6.2172785e-02   2.8085536e-01
  -7.9473424e-02   2.8060133e-01
  -9.5384939e-02   2.8977029e-01
  -1.2327309e-01   2.6614884e-01
  -1.4845792e-01   2.6554341e-01
  -1.7299652e-01   2.6390572e-01
  -1.8046711e-01   2.6115477e-01
  -1.9224976e-01   2.4981373e-01
  -4.5916613e-01   5.1820870e-02
  -5.0835864e-01   4.2130891e-02
  -5.1818004e-01   2.7598533e-02
  -5.0137857e-01   2.6790833e-02
  -4.9504146e-01   2.9744463e-02
  -4.4389265e-01   9.8716322e-03
  -4.3753018e-01   3.2782735e-03
  -4.4109653e-01   6.6261718e-03
  -4.4946967e-01   8.3980813e-03
  -4.6340809e-01   9.0636185e-03
  -4.9708925e-01   7.3774467e-03
  -5.1727246e-01   9.4369197e-03
  -4.5277179e-01  -2.7311420e-03
  -3.9516338e-01  -2.2961558e-02
  -3.6809657e-01  -2.7066712e-02
  -3.6330601e-01  -1.8339571e-02
  -3.5719619e-01  -3.9263639e-02
  -3.5226119e-01  -4.2368471e-02
  -3.3675286e-01  -4.3985232e-02
  -3.3631517e-01  -5.7752062e-02
  -2.7946779e-01  -6.9656541e-02
  -1.9946440e-01  -8.3899490e-02
  -1.7271599e-01  -1.0086397e-01
  -1.8198307e-01  -8.9755260e-02
  -1.8887237e-01  -9.1528842e-02
  -1.7254754e-01  -1.1000237e-01
  -1.4005317e-01  -1.0890696e-01
  -1.1161714e-01  -1.1940693e-01
  -9.6034750e-02  -1.2018122e-01
  -7.2259531e-02  -1.2316571e-01
  -4.8272198e-02  -1.1437641e-01
  -3.3219886e-02  -1.2466627e-01
  -2.3583656e-02  -1.3243906e-01
  -4.2114721e-03  -1.2656652e-01
   5.6246308e-03  -1.1927474e-01
   4.4101612e-02  -1.2223054e-01
   8.5902737e-02  -1.2553042e-01
   1.0301413e-01  -1.3007558e-01
   1.0438236e-01  -1.3739345e-01
   1.1987189e-01  -1.3305672e-01
   1.2912020e-01  -1.2494865e-01
   1.5198731e-01  -1.2304222e-01
   1.6568360e-01  -1.1631202e-01
   1.8210827e-01  -1.2108479e-01
   1.9957194e-01  -1.1736927e-01
   2.3321998e-01  -1.2737505e-01
   2.4250567e-01  -1.1746363e-01
   2.5800472e-01  -1.2106423e-01
   2.7081904e-01  -1.1117765e-01
   4.9848580e-01   4.0273535e-02
   5.0667416e-01   3.9664849e-02
   5.0517714e-01   4.1600943e-02
   5.0669894e-01   4.8172859e-02
   4.9698527e-01   5.1123203e-02
   4.9242910e-01   5.1823638e-02
   4.8948078e-01   6.0060402e-02
   4.8165343e-01   6.7270389e-02
   4.8231643e-01   6.5727674e-02
   4.8361083e-01   6.3897669e-02
   4.7816528e-01   6.9844225e-02
   4.5557402e-01   8.2616873e-02
   4.3180957e-01   8.2938001e-02
   4.2395655e-01   8.2872120e-02
   4.0613746e-01   9.5752907e-02
   4.0119150e-01   1.0275629e-01
   3.9708211e-01   9.4495557e-02
   3.6018311e-01   1.1356577e-01
   3.5410399e-01   1.0752220e-01
   3.3046990e-01   1.1547540e-01
   3.1252044e-01   1.3446554e-01
   2.9336629e-01   1.2890169e-01
   2.5406904e-01   1.3902074e-01
   2.3604629e-01   1.4698508e-01
   2.1374291e-01   1.4790211e-01
   2.1044440e-01   1.4915174e-01
   1.8893986e-01   1.6472402e-01
   1.4711102e-01   1.6918826e-01
   1.2684255e-01   1.6562960e-01
   1.0314180e-01   1.8237636e-01
   9.1527061e-02   1.7317598e-01
   5.1120042e-02   1.7657976e-01
   3.3191682e-02   1.7602402e-01
  -5.1930567e-03   1.9502893e-01
   1.1802209e-02   1.7620441e-01
  -1.9407871e-02   1.9745673e-01
  -4.6316644e-02   1.9293751e-01
  -8.7097430e-02   1.8661447e-01
  -9.8594612e-02   1.9940128e-01
  -1.3419508e-01   2.0567971e-01
  -1.6917799e-01   2.1460494e-01
  -1.8690580e-01   2.0053728e-01
  -1.9859806e-01   2.1057596e-01
  -2.1005805e-01   1.9987220e-01
  -2.5105448e-01   2.0899029e-01
  -2.6484672e-01   2.0623380e-01
  -2.8755842e-01   2.1227252e-01
  -3.0984858e-01   2.0685368e-01
