  -2.3465226e-01  -1.2394449e-01
   1.6491822e-01  -1.4704945e-01
   1.3701396e-01  -1.3952011e-01
   1.2589876e-01  -1.3513682e-01
   1.2889418e-01  -1.3639383e-01
   1.2307546e-01  -1.3854157e-01
   1.4999123e-01  -1.1218046e-01
   1.4809046e-01  -1.1464320e-01
   1.2819950e-01  -1.1884051e-01
   1.2938511e-01  -8.6951893e-02
   9.0154597e-02  -8.4484941e-02
   6.2266067e-02  -5.8082748e-02
   7.5347107e-02  -4.5848166e-02
   6.0537613e-02  -5.8858033e-02
   6.9025375e-02  -4.6699136e-02
   6.6075476e-02  -8.9403439e-03
   7.9170218e-02  -6.1127567e-03
   5.7157258e-02   0.0000000e+00
   9.0811010e-02   3.9268682e-03
   5.3308017e-02   2.0409605e-02
   1.9453290e-02   3.1749271e-02
   4.2384599e-02   5.8708025e-02
   1.1059718e-02   7.8756354e-02
   5.6074077e-02   8.8373181e-02
   6.0039218e-02   9.2856508e-02
   2.4724914e-02   9.8330109e-02
   5.8928544e-02   1.1177338e-01
   4.6542509e-02   1.3422224e-01
   8.5275254e-02   1.3365654e-01
   7.3277583e-02   1.5200971e-01
   1.1495996e-01   1.5368137e-01
   7.0917332e-02   1.6215185e-01
   7.3096289e-02   2.1865824e-01
   8.8044639e-02   2.0325453e-01
   7.3939021e-02   2.1903314e-01
   9.1079568e-02   2.1405981e-01
   5.7265283e-02   2.4842455e-01
   6.4427981e-02   2.2758454e-01
   4.1351074e-02   2.5917728e-01
   4.5917252e-02   2.5368209e-01
   3.7815538e-02   2.6197783e-01
   2.8735616e-02   2.7185806e-01
   1.2402181e-02   2.7941033e-01
   2.4689471e-02   2.9148444e-01
   3.0966483e-02   3.0089799e-01
   3.6028255e-02   2.9825782e-01
   3.3305120e-02   3.0226959e-01
   2.7197061e-02   3.1462188e-01
   2.6065398e-02   3.0933651e-01
   4.4646776e-02   3.1580613e-01
   1.9266172e-01   1.2020652e-01
   1.9580068e-01   9.9722952e-02
   1.7674122e-01   9.7204253e-02
   1.8075304e-01   8.8764001e-02
   1.7424752e-01   8.3585714e-02
   1.9017317e-01   5.8762756e-02
   2.1347811e-01   5.2012605e-02
   2.1203863e-01   3.5989247e-02
   2.1536796e-01   2.5975613e-02
   2.0064050e-01   1.6820312e-02
   2.1704750e-01   6.8825550e-03
   2.1725314e-01  -1.5405354e-02
   1.9382497e-01  -2.6941290e-02
   1.9579326e-01  -3.6302295e-02
   1.7872983e-01  -3.8836424e-02
   1.8353706e-01  -4.5527092e-02
   1.7889760e-01  -5.6306002e-02
   1.8616697e-01  -7.2026763e-02
   2.0725379e-01  -8.8851062e-02
   2.1027590e-01  -8.8371502e-02
   2.0618357e-01  -1.0117797e-01
   1.9087238e-01  -1.1073954e-01
   1.8942817e-01  -1.2324207e-01
   1.8143895e-01  -1.2670288e-01
   1.8190437e-01  -1.2922686e-01
   1.8776820e-01  -1.3484177e-01
   2.0640625e-01  -1.5490376e-01
   2.1237356e-01  -1.5503097e-01
   2.1800102e-01  -1.7980309e-01
   1.9874137e-01  -1.8334698e-01
   2.0116791e-01  -1.7953950e-01
   1.8446110e-01  -1.9213462e-01
   1.8228545e-01  -2.0742591e-01
   1.6598878e-01  -2.0539696e-01
   1.7379476e-01  -2.1000357e-01
   1.9031467e-01  -2.0981015e-01
   2.0996031e-01  -2.1763686e-01
   2.1553890e-01  -2.2558229e-01
   1.9960594e-01  -2.2353431e-01
   1.8831800e-01  -2.3164100e-01
   1.6035060e-01  -2.3570721e-01
   1.4341924e-01  -2.3264448e-01
   1.2092258e-01  -2.3321752e-01
   1.2181137e-01  -2.2798453e-01
   1.3307063e-01  -2.2509047e-01
   1.3126564e-01  -2.4107241e-01
   1.2092915e-01  -2.2948077e-01
   2.3841534e-01  -1.8824820e-02
   2.3671950e-01  -2.0897069e-02
   2.1298120e-01  -2.6711119e-02
   2.2340785e-01   2.7875162e-03
   2.2144185e-01   1.8025925e-02
   2.1602123e-01   2.0046755e-02
   1.9253967e-01   5.3699756e-02
   1.5732307e-01   5.1965599e-02
   1.5826379e-01   4.6817079e-02
   1.9623666e-01   7.4444593e-02
   1.7607366e-01   9.0699443e-02
   1.9582492e-01   7.0255014e-02
   1.7371967e-01   1.0922859e-01
   1.6453063e-01   1.0363285e-01
   1.7120603e-01   1.0498288e-01
   1.7066541e-01   1.2328712e-01
   1.6780414e-01   1.3342964e-01
   1.5476343e-01   1.4321598e-01
   1.5329826e-01   1.4606168e-01
   1.4841908e-01   1.4687086e-01
   1.3046129e-01   1.6138041e-01
   1.4231415e-01   1.6551930e-01
   1.0402205e-01   1.6956320e-01
   9.7914103e-02   1.8802162e-01
   1.0125449e-01   1.9823025e-01
   1.0484380e-01   2.0488434e-01
   8.5896327e-02   2.2197000e-01
   7.0593781e-02   2.1992362e-01
   5.8623650e-02   2.3889437e-01
   6.7511673e-02   2.5041466e-01
   7.1887773e-02   2.5469493e-01
   7.2355374e-02   2.5894763e-01
   7.8948739e-02   2.6339173e-01
   8.3248454e-02   2.6949360e-01
   7.9603502e-02   2.7444493e-01
   7.4517397e-02   2.7365035e-01
   7.8370787e-02   2.7243243e-01
   6.6828866e-02   2.8337546e-01
   8.0055854e-02   2.8987578e-01
   6.9228249e-02   2.9010449e-01
   7.8733425e-02   2.8648896e-01
   7.8344828e-02   2.9897097e-01
   7.7302001e-02   3.0085702e-01
   7.9365020e-02   2.8863244e-01
   8.6489848e-02   2.9143983e-01
   8.9887693e-02   2.9191798e-01
   9.8317667e-02   2.8737788e-01
   1.0675201e-01   2.8307725e-01
   9.7207321e-02   2.7402892e-01
   1.0231801e-01   2.6908150e-01
   1.8866125e-01  -3.9412036e-02
   1.8474616e-01  -5.3105411e-02
   1.7561503e-01  -5.4008743e-02
   1.6719443e-01  -6.7066389e-02
   1.6451084e-01  -8.3650058e-02
   1.6666849e-01  -8.8094914e-02
   1.7474663e-01  -1.1047348e-01
   1.7593845e-01  -1.1858539e-01
   1.8929634e-01  -1.2985700e-01
   1.7738891e-01  -1.3127571e-01
   1.6210464e-01  -1.4763260e-01
   1.3033580e-01  -1.6921078e-01
   1.2160233e-01  -1.7038816e-01
   1.3000539e-01  -1.7243254e-01
   1.3041725e-01  -1.7611964e-01
   1.3351745e-01  -1.7679240e-01
   1.2913074e-01  -1.8722278e-01
   1.0497655e-01  -1.8830313e-01
   1.0012309e-01  -1.8026310e-01
   9.4780912e-02  -1.8880201e-01
   1.0435866e-01  -1.9715231e-01
   1.1418327e-01  -1.9159308e-01
   1.0020749e-01  -1.9559615e-01
   9.7448387e-02  -1.9847869e-01
   8.7058732e-02  -1.9668373e-01
   7.1891467e-02  -1.8409418e-01
   7.5145304e-02  -1.8917719e-01
   8.3754674e-02  -1.9171721e-01
   1.0053863e-01  -1.8909378e-01
   8.7267877e-02  -1.9711807e-01
   8.4315736e-02  -1.9061081e-01
   8.6298567e-02  -1.7153182e-01
   8.0717388e-02  -1.7015187e-01
   1.0178598e-01  -1.7658586e-01
   1.0145694e-01  -1.5983724e-01
   1.1001156e-01  -1.6016088e-01
   1.1654836e-01  -1.6800700e-01
   1.1300922e-01  -1.6438548e-01
   1.1536271e-01  -1.5037862e-01
   1.1305282e-01  -1.3877359e-01
   1.1893253e-01  -1.3219580e-01
   1.2925631e-01  -1.2593869e-01
   1.0635617e-01  -1.1539095e-01
   1.0079443e-01  -1.0873255e-01
   8.4952795e-02  -8.6749651e-02
   8.9873537e-02  -7.2255946e-02
   9.0422946e-02  -7.1574832e-02
   7.9823142e-02  -5.4241008e-02
   6.8709427e-02  -3.5793481e-02
   6.7461659e-02  -3.1352147e-02
  -3.9694604e-01   7.3109099e-02
  -4.1441812e-01   6.1797541e-02
  -4.3675239e-01   7.2789218e-02
  -4.4847624e-01   6.0450464e-02
  -4.5246161e-01   5.6741190e-02
  -4.4145880e-01   5.7230052e-02
  -4.5389725e-01   5.1203004e-02
  -4.6275785e-01   3.7050586e-02
  -4.9173924e-01   3.2913018e-02
  -4.8000039e-01   2.2508884e-02
  -4.9173511e-01   3.0623992e-02
  -5.0771349e-01   1.7290621e-02
  -5.0671897e-01   1.5641372e-02
  -4.8130295e-01   7.5662142e-03
  -4.9444340e-01   1.0819766e-03
  -5.0763786e-01   2.7074695e-03
  -4.7876187e-01   1.0882324e-03
  -4.5676736e-01  -1.6473082e-02
  -4.3142472e-01  -2.3190294e-02
  -4.2691072e-01  -1.3889757e-02
  -4.0478901e-01  -1.7320692e-02
  -3.8955719e-01  -1.6883680e-02
  -3.8903364e-01  -3.2641782e-02
  -3.9579602e-01  -2.7235105e-02
  -3.8704674e-01  -2.7167736e-02
  -3.6826951e-01  -1.6319803e-02
  -3.3560178e-01  -2.9434856e-02
  -3.1484949e-01  -2.3510908e-02
  -3.0743561e-01  -2.3514508e-02
  -3.0161523e-01  -1.6210176e-02
  -2.9612575e-01  -2.0881406e-02
  -2.8297021e-01  -2.3346890e-02
  -2.5046207e-01  -1.2845368e-02
  -2.1803604e-01  -2.9218629e-02
  -1.9145955e-01  -2.3493304e-02
  -1.6991770e-01  -1.8382025e-02
  -1.5303553e-01  -7.1414197e-03
  -1.1140362e-01  -1.1811685e-02
  -8.0438232e-02  -2.3812855e-02
  -2.2797231e-02  -3.1369721e-02
  -2.8508990e-03  -2.6638418e-02
   7.1260200e-03  -1.2417990e-02
   4.2929118e-02  -1.6619376e-02
   7.5905987e-02  -2.0180398e-02
   1.2279109e-01  -1.8294768e-02
   1.3391819e-01  -1.8436626e-02
   1.4719698e-01  -1.7861943e-02
   1.7976093e-01  -1.2521008e-02
   2.0162566e-01  -7.0405410e-03
   7.3104862e-01   6.1445529e-02
   7.1626189e-01   6.4165075e-02
   7.3076362e-01   6.2320412e-02
   7.3915162e-01   6.8362116e-02
   7.2388602e-01   7.1791757e-02
   7.4814347e-01   6.2997548e-02
   7.2778065e-01   6.6777887e-02
   7.1934014e-01   6.8112971e-02
   6.9251498e-01   6.6928389e-02
   6.9475249e-01   6.0616595e-02
   6.9380590e-01   8.0396234e-02
   6.5268798e-01   7.3224865e-02
   6.2879136e-01   8.2651147e-02
   6.1287639e-01   8.3822598e-02
   5.9290770e-01   8.9204258e-02
   5.7414592e-01   8.9415883e-02
   5.4889812e-01   9.1755168e-02
   5.2538749e-01   9.5122994e-02
   4.8418988e-01   1.0126144e-01
   4.6600520e-01   9.0916045e-02
   4.3752459e-01   1.0982572e-01
   4.1367789e-01   1.1247872e-01
   3.8053346e-01   1.1061875e-01
   3.5368655e-01   1.1420534e-01
   3.0493530e-01   1.1416867e-01
   2.9776026e-01   1.0949294e-01
   2.7281469e-01   1.2741127e-01
   2.5194429e-01   1.3178604e-01
   2.3267517e-01   1.2659838e-01
   2.1258834e-01   1.3041263e-01
   2.0250407e-01   1.4124629e-01
   1.6535934e-01   1.3976640e-01
   1.7351803e-01   1.4151698e-01
   1.4345088e-01   1.4103729e-01
   8.8475555e-02   1.3259075e-01
   6.8968728e-02   1.4096152e-01
   3.8957210e-02   1.4930521e-01
   3.4446414e-02   1.5505768e-01
   3.9967503e-03   1.4256553e-01
  -1.4529825e-02   1.5276940e-01
  -1.4611917e-02   1.4696944e-01
  -6.9839353e-02   1.6627531e-01
  -9.1435488e-02   1.5597471e-01
  -1.3011153e-01   1.6076508e-01
  -1.7235161e-01   1.6082852e-01
  -2.1853049e-01   1.7095202e-01
  -2.3577210e-01   1.7095828e-01
  -2.4163986e-01   1.7036850e-01
  -2.7399205e-01   1.6005680e-01
  -2.4814878e-01  -1.0471086e-01
  -2.4833233e-01  -1.0660796e-01
  -2.1327744e-01  -1.3056972e-01
  -1.8575452e-01  -1.4556373e-01
  -1.7640185e-01  -1.4775385e-01
  -1.5831643e-01  -1.5457788e-01
  -1.3492912e-01  -1.6223581e-01
  -1.0451522e-01  -1.8371681e-01
  -8.5836996e-02  -1.8410673e-01
  -7.7088189e-02  -1.7421123e-01
  -4.2959031e-02  -1.8851915e-01
  -2.5554655e-02  -1.9095129e-01
   4.0132070e-03  -2.0438716e-01
   2.4026396e-02  -2.1529985e-01
   5.1964435e-02  -2.1811902e-01
   7.5680658e-02  -2.1499715e-01
   1.0347407e-01  -2.1782932e-01
   1.1625927e-01  -2.1606560e-01
   1.4395305e-01  -2.1630089e-01
   1.5942954e-01  -2.1454297e-01
   1.7213461e-01  -2.0977456e-01
   1.9633122e-01  -1.9942239e-01
   2.3553239e-01  -2.0564896e-01
   2.8225183e-01  -2.0813260e-01
   2.8519866e-01  -1.9945339e-01
   2.9687534e-01  -2.0401147e-01
   3.1161333e-01  -1.9713775e-01
   3.2078437e-01  -1.9603062e-01
   3.4304203e-01  -1.8855863e-01
   3.4812576e-01  -1.8540164e-01
   3.7480836e-01  -1.7633954e-01
   4.0496544e-01  -1.7910073e-01
   4.3937826e-01  -1.7040212e-01
   4.7074145e-01  -1.6517628e-01
   4.7224413e-01  -1.5614252e-01
   4.8789900e-01  -1.4082257e-01
   5.0138420e-01  -1.3033725e-01
   5.0849941e-01  -1.2848246e-01
   5.4010668e-01  -1.3592428e-01
   5.3357379e-01  -1.1083473e-01
   5.7545748e-01  -1.0208385e-01
   5.9081731e-01  -9.3606881e-02
   5.8949901e-01  -9.4836644e-02
   5.8198708e-01  -8.2157779e-02
   5.6826913e-01  -7.1071436e-02
   5.7709282e-01  -4.5638428e-02
   5.8210770e-01  -4.2785409e-02
   5.9221714e-01  -4.2799519e-02
   6.1121133e-01  -2.3329108e-02
   6.0723967e-01  -1.0128626e-02
   2.1086984e-01   2.3903017e-01
   1.9185387e-01   2.3032345e-01
   1.6164230e-01   2.1921259e-01
   1.3852123e-01   2.3288585e-01
   1.2005375e-01   2.4830754e-01
   8.5469135e-02   2.4053213e-01
   6.4930750e-02   2.3034675e-01
   3.1673930e-02   2.3365331e-01
  -1.4369449e-01   2.1924777e-01
  -1.7280035e-01   2.2861815e-01
  -1.8970868e-01   2.2288100e-01
  -2.0665853e-01   2.1088778e-01
  -2.5140958e-01   2.2506287e-01
  -2.7506827e-01   2.0212833e-01
  -2.9276111e-01   2.0146513e-01
  -2.9828866e-01   1.9823128e-01
  -3.3579985e-01   1.8112564e-01
  -3.4287015e-01   1.7937688e-01
  -3.5084279e-01   1.8265406e-01
  -3.8621849e-01   1.7124322e-01
  -4.0044841e-01   1.6672903e-01
  -4.1320375e-01   1.5605815e-01
  -3.8723975e-01   1.4297085e-01
  -4.4637519e-01   1.3894331e-01
  -4.5266294e-01   1.2124868e-01
  -4.4510937e-01   1.1419434e-01
  -4.6202363e-01   1.0292844e-01
  -4.3261478e-01   1.0747909e-01
  -4.2086530e-01   7.9316292e-02
  -4.2046017e-01   6.2265056e-02
  -3.9624949e-01   5.4899475e-02
  -4.1070252e-01   5.2316350e-02
  -4.2055936e-01   2.6476448e-02
  -4.3717746e-01   1.0610348e-02
  -4.3568728e-01   1.4523880e-02
  -4.1984201e-01  -1.1198690e-03
  -4.0216649e-01  -1.5604207e-02
  -4.0455083e-01  -2.8962725e-02
  -4.1173772e-01  -2.7167238e-02
  -3.9720394e-01  -5.1435689e-02
  -3.9297430e-01  -5.1660504e-02
  -3.7052343e-01  -5.6620766e-02
  -3.4816618e-01  -8.3066837e-02
  -3.5094023e-01  -9.0159738e-02
   1.3938525e-01  -1.0438958e-01
   1.6016074e-01  -1.0202341e-01
   1.6460678e-01  -1.0517055e-01
   1.7117271e-01  -8.3863468e-02
   1.7787186e-01  -7.6113375e-02
   2.0469141e-01  -7.6135164e-02
   2.2050112e-01  -6.4001000e-02
   2.5927443e-01  -7.0210039e-02
   2.6767949e-01  -7.2461879e-02
   2.7325834e-01  -5.7256085e-02
   2.7466070e-01  -5.1792657e-02
   2.8602379e-01  -5.3464526e-02
   3.0989396e-01  -3.2938365e-02
   3.4065494e-01  -3.5026599e-02
   3.6898114e-01  -1.8395702e-02
   3.8858877e-01  -2.0337539e-02
   3.9111358e-01  -1.4925352e-02
   4.0693389e-01   3.8613044e-03
   3.9857258e-01   2.0527734e-02
   4.3583603e-01   3.0729787e-02
   4.6897510e-01   4.1432940e-02
   4.8592136e-01   4.4027196e-02
   5.0321787e-01   5.9275890e-02
   4.9159288e-01   7.1017526e-02
   4.9825253e-01   8.9098473e-02
   5.0266286e-01   9.6194724e-02
   5.0918476e-01   1.0038889e-01
   5.2970258e-01   1.0840203e-01
   5.3287248e-01   1.0974698e-01
   5.1771513e-01   1.2705845e-01
   5.0156519e-01   1.4447180e-01
   4.9201278e-01   1.5712150e-01
   5.0511448e-01   1.7382548e-01
   5.1130277e-01   1.5710411e-01
   5.1855278e-01   1.6780230e-01
   4.7757537e-01   1.9211120e-01
   4.7134466e-01   1.9915751e-01
   4.6725477e-01   2.0477652e-01
   4.5750830e-01   2.0552522e-01
   4.5429126e-01   2.1249560e-01
   4.4463849e-01   2.2024369e-01
   4.3704456e-01   2.2810239e-01
   4.1023236e-01   2.3952571e-01
   4.2184757e-01   2.3224910e-01
   3.9281680e-01   2.3110031e-01
   3.5567133e-01   2.4643213e-01
   3.4269013e-01   2.4696185e-01
   3.2877103e-01   2.5906493e-01
   3.1376010e-01   2.6132917e-01
  -2.9244179e-01   1.5042698e-01
  -3.4131402e-01   1.5074719e-01
  -3.3464696e-01   1.2607647e-01
  -3.4987220e-01   1.3298282e-01
  -3.5962831e-01   1.1197691e-01
  -3.8155453e-01   1.1251591e-01
  -3.8826553e-01   1.0144923e-01
  -3.9526147e-01   1.0268075e-01
  -4.0905621e-01   8.1193073e-02
  -3.9113669e-01   8.2456565e-02
  -3.6148235e-01   6.6088616e-02
  -3.7418215e-01   5.8101340e-02
  -3.6219188e-01   5.2583996e-02
  -3.5097550e-01   2.5698102e-02
  -3.3421744e-01   1.2028678e-02
  -3.5315941e-01   1.0904106e-02
  -3.4309354e-01  -7.3496520e-03
  -3.4487394e-01  -2.4250843e-02
  -3.3958102e-01  -2.4557210e-02
  -3.4933248e-01  -3.2213964e-02
  -3.8131293e-01  -4.6873058e-02
  -3.7620914e-01  -5.8813369e-02
  -3.7292172e-01  -5.9099259e-02
  -3.8744097e-01  -6.4842614e-02
  -3.6892078e-01  -7.0802633e-02
  -3.4858816e-01  -7.9862960e-02
  -3.5328649e-01  -8.1956509e-02
  -3.4757315e-01  -8.4271861e-02
  -3.4991894e-01  -9.5010832e-02
  -3.3784315e-01  -9.2806922e-02
  -3.3090125e-01  -1.1189431e-01
  -3.2258598e-01  -1.1016172e-01
  -3.0727836e-01  -1.1203590e-01
  -2.9075135e-01  -1.2001566e-01
  -2.6429557e-01  -1.2544629e-01
  -2.5434166e-01  -1.3351385e-01
  -2.3325774e-01  -1.4972489e-01
  -2.3078431e-01  -1.4809457e-01
  -2.1551976e-01  -1.5067827e-01
  -2.1424766e-01  -1.4992889e-01
  -1.8996294e-01  -1.5019861e-01
  -1.7167361e-01  -1.5513259e-01
  -1.5763333e-01  -1.5597946e-01
  -1.5682835e-01  -1.4317210e-01
  -1.4417273e-01  -1.4159398e-01
  -1.3158077e-01  -1.4976440e-01
  -1.3806914e-01  -1.4297330e-01
  -9.8760700e-02  -1.5650993e-01
  -8.7939727e-02  -1.4895709e-01
