   6.0326207e-01   4.5098876e-02
   1.0898803e-01   3.2190941e-01
   7.3959681e-02   3.3412854e-01
   7.1550424e-02   3.3452752e-01
   4.3236864e-02   3.4128192e-01
   1.1132719e-02   3.4794477e-01
  -1.7344151e-02   3.5543711e-01
  -3.3682883e-02   3.4939140e-01
  -3.7624167e-02   3.4683003e-01
  -5.5973194e-02   3.5277902e-01
  -8.7347813e-02   3.5632038e-01
  -1.0105741e-01   3.6020092e-01
  -1.0838994e-01   3.4614996e-01
  -1.1900792e-01   3.5662611e-01
  -1.4491094e-01   3.4129361e-01
  -1.5888243e-01   3.3312579e-01
  -1.7869599e-01   3.3417754e-01
  -2.1448285e-01   3.2297441e-01
  -2.0503318e-01   3.1822226e-01
  -2.1177019e-01   3.0691055e-01
  -2.1418305e-01   2.9585337e-01
  -2.4538595e-01   2.8616660e-01
  -2.6181618e-01   2.6800309e-01
  -2.6961272e-01   2.6675737e-01
  -2.7790232e-01   2.2921764e-01
  -3.0744271e-01   2.3616909e-01
  -2.9764960e-01   2.0731240e-01
  -3.1337623e-01   1.9123922e-01
  -3.0186002e-01   1.8613993e-01
  -3.2017330e-01   1.7704713e-01
  -3.2861140e-01   1.5890164e-01
  -3.4386280e-01   1.6663573e-01
  -3.5660963e-01   1.3957561e-01
  -3.5460897e-01   1.2432042e-01
  -3.6683365e-01   1.2126204e-01
  -3.6128940e-01   9.5157931e-02
  -3.5742440e-01   8.1432804e-02
  -3.5169994e-01   6.8502840e-02
  -3.4938537e-01   5.4889715e-02
  -3.2728545e-01   4.6072886e-02
  -3.2281941e-01   3.1587694e-02
  -2.9873335e-01   1.6958359e-02
  -3.0174745e-01   5.8450593e-03
  -2.9693779e-01   2.9341514e-03
  -2.6187545e-01  -7.0707468e-03
  -2.5792736e-01  -2.0678085e-02
  -2.4656913e-01  -2.9212375e-02
  -2.3821357e-01  -3.9855736e-02
  -2.2614119e-01  -5.1681645e-02
  -2.2162872e-01  -5.8889321e-02
   1.0588957e-01  -2.7064525e-01
   1.3527908e-01  -2.6216475e-01
   1.5167164e-01  -2.6810766e-01
   1.4923281e-01  -2.7044343e-01
   1.3806467e-01  -2.5639616e-01
   1.5325386e-01  -2.5461701e-01
   1.5674583e-01  -2.5738515e-01
   1.9060311e-01  -2.6081697e-01
   2.1453068e-01  -2.4877451e-01
   2.3963491e-01  -2.4667170e-01
   2.5744075e-01  -2.4179362e-01
   2.6378290e-01  -2.3932539e-01
   2.7475054e-01  -2.3814004e-01
   2.7220505e-01  -2.2738503e-01
   2.8026597e-01  -2.2377149e-01
   2.8889791e-01  -2.2021857e-01
   3.1458951e-01  -2.1274777e-01
   3.1955508e-01  -1.9550788e-01
   3.3622624e-01  -1.9529593e-01
   3.4798487e-01  -1.8975448e-01
   3.6467590e-01  -1.8274206e-01
   3.6048331e-01  -1.7403817e-01
   3.6443912e-01  -1.6034404e-01
   3.7716473e-01  -1.5340441e-01
   3.8216842e-01  -1.4394569e-01
   3.9509926e-01  -1.3813456e-01
   3.9827224e-01  -1.2026420e-01
   4.1414966e-01  -1.0848420e-01
   4.3038323e-01  -9.3919464e-02
   4.5604521e-01  -8.6132628e-02
   4.6557187e-01  -7.9684632e-02
   4.8305379e-01  -5.9431418e-02
   5.0694098e-01  -5.4820354e-02
   5.2325231e-01  -4.7391407e-02
   5.3608293e-01  -2.6915754e-02
   5.3044433e-01  -1.6793980e-02
   5.4461456e-01  -6.7226728e-03
   5.5680488e-01   3.8924283e-03
   5.6623230e-01   1.1081480e-02
   5.7662777e-01   2.8850171e-02
   5.6778564e-01   3.2011872e-02
   5.6605082e-01   4.6522502e-02
   5.6320111e-01   6.1189982e-02
   5.4854453e-01   7.1199619e-02
   5.4836769e-01   8.8359297e-02
   5.4891812e-01   1.0013880e-01
   5.7046782e-01   9.3266698e-02
   5.5548311e-01   1.1520582e-01
   5.7166976e-01   9.8054166e-02
   1.1004370e-01   1.7233295e-01
   8.1119646e-02   1.6218555e-01
   6.4550190e-02   1.6882322e-01
   5.4009745e-02   1.7368226e-01
   4.9281220e-02   1.4532771e-01
   2.1043098e-02   1.5128276e-01
   2.3561883e-02   1.4234980e-01
   1.3973014e-03   1.3032936e-01
   9.7676675e-03   1.4148860e-01
  -5.5882239e-03   1.2530110e-01
  -3.8250419e-02   1.1327174e-01
  -3.6544026e-02   1.3425206e-01
  -9.2467396e-02   1.2803023e-01
  -8.3124529e-02   1.0075738e-01
  -1.1521771e-01   1.1501578e-01
  -1.6814879e-01   1.2926178e-01
  -2.0042931e-01   1.0157475e-01
  -2.1376483e-01   1.0402224e-01
  -2.6006642e-01   1.0787941e-01
  -3.0069235e-01   1.0306752e-01
  -2.7267545e-01   1.0453329e-01
  -3.0602722e-01   1.0694377e-01
  -3.0508433e-01   7.7057620e-02
  -3.0427884e-01   1.1814772e-01
  -3.4731949e-01   1.0297831e-01
  -3.4878553e-01   9.4904402e-02
  -3.4010652e-01   9.0152652e-02
  -3.7767609e-01   9.9950237e-02
  -4.1644340e-01   9.1380892e-02
  -4.3830727e-01   9.5692810e-02
  -4.4303032e-01   7.7114236e-02
  -4.6676313e-01   8.8533233e-02
  -4.9738458e-01   8.6704064e-02
  -5.3172727e-01   9.2073939e-02
  -5.3781289e-01   8.7261615e-02
  -5.1231120e-01   7.9181251e-02
  -4.9357772e-01   7.8543198e-02
  -5.0006746e-01   7.2668395e-02
  -5.0484514e-01   7.3432638e-02
  -5.2050966e-01   7.5552308e-02
  -5.4431383e-01   7.0168813e-02
  -5.5300903e-01   6.0621565e-02
  -5.6201148e-01   6.1256202e-02
  -5.5594841e-01   5.1690912e-02
  -5.3268936e-01   4.6419356e-02
  -5.2749049e-01   3.2261003e-02
  -5.2576230e-01   2.8158163e-02
  -5.0538886e-01   1.9323211e-02
  -5.0004103e-01   1.3436882e-02
  -4.9315608e-02  -1.0995485e-01
  -2.7372881e-02  -1.0331825e-01
  -1.3811705e-03  -1.0070681e-01
   8.2372815e-03  -1.0967664e-01
   0.0000000e+00  -1.0250259e-01
   2.7632204e-03  -8.5217209e-02
   4.1209470e-02  -9.1172900e-02
   7.6386047e-02  -9.7480370e-02
   1.0523325e-01  -1.0108250e-01
   1.2266432e-01  -8.9961042e-02
   1.5303920e-01  -9.2147281e-02
   1.4913114e-01  -8.2876647e-02
   1.5819607e-01  -8.5422378e-02
   1.6889170e-01  -7.6436050e-02
   1.9172772e-01  -7.4362397e-02
   2.1173625e-01  -7.4715209e-02
   2.3643153e-01  -7.1228911e-02
   2.6615759e-01  -6.6224585e-02
   2.7978023e-01  -6.0480720e-02
   2.9481620e-01  -5.8682232e-02
   3.0684593e-01  -4.7189522e-02
   3.2762729e-01  -5.2303428e-02
   3.3701663e-01  -6.1294512e-02
   3.3205418e-01  -6.6274961e-02
   3.1682028e-01  -6.1394124e-02
   3.1800333e-01  -5.6390576e-02
   3.3263322e-01  -2.9330071e-02
   3.5401452e-01  -1.6944199e-02
   3.8016224e-01  -1.9739885e-02
   3.9256092e-01  -1.9833146e-02
   3.9721886e-01  -2.2108110e-03
   4.1955526e-01   2.0926756e-02
   4.3915981e-01   3.0004903e-02
   4.5173110e-01   3.5720534e-02
   4.6080643e-01   4.4419345e-02
   4.5539198e-01   6.4780384e-02
   4.6261510e-01   7.5129767e-02
   4.7131798e-01   7.6385637e-02
   4.7692693e-01   8.0450738e-02
   4.8322012e-01   1.0107582e-01
   4.9602793e-01   1.0226631e-01
   4.9753142e-01   1.0538614e-01
   5.1658970e-01   1.1495850e-01
   5.5072379e-01   1.0853642e-01
   5.2660843e-01   1.1294725e-01
   5.4037339e-01   1.2661241e-01
   5.2606140e-01   1.4180628e-01
   5.1557861e-01   1.3405339e-01
  -1.4386604e-02   2.5876552e-01
  -3.0113049e-02   2.5398133e-01
  -5.5408478e-02   2.6318931e-01
  -5.9414413e-02   2.5035902e-01
  -7.3045353e-02   2.4328596e-01
  -9.4323599e-02   2.3796445e-01
  -1.3456633e-01   2.4624534e-01
  -1.6130323e-01   2.4205509e-01
  -1.6306869e-01   2.4047329e-01
  -1.8037345e-01   2.3825777e-01
  -1.8964573e-01   2.2646988e-01
  -2.1638223e-01   2.2688709e-01
  -2.3272943e-01   2.3041515e-01
  -2.2687463e-01   2.1362620e-01
  -2.2657834e-01   2.1321304e-01
  -2.5576657e-01   2.0456021e-01
  -2.4931165e-01   1.9965122e-01
  -2.9832080e-01   1.9753340e-01
  -3.4734589e-01   1.5846819e-01
  -3.1745378e-01   1.6433172e-01
  -3.5917208e-01   1.6024939e-01
  -3.3492089e-01   1.4886619e-01
  -3.4928847e-01   1.3686044e-01
  -3.7896240e-01   1.3117554e-01
  -3.6875353e-01   1.2341732e-01
  -3.9667508e-01   1.0558911e-01
  -4.2656337e-01   9.0309696e-02
  -4.0994371e-01   9.1010361e-02
  -4.2098258e-01   7.1953125e-02
  -4.1535579e-01   6.7146340e-02
  -4.0667408e-01   5.5817052e-02
  -4.2770542e-01   4.8667598e-02
  -4.0122760e-01   3.9420086e-02
  -4.2215906e-01   2.1400070e-02
  -4.1641561e-01   8.9840872e-03
  -4.0736100e-01   1.5015429e-02
  -4.0082283e-01  -1.6603222e-03
  -4.0390090e-01  -1.3287660e-02
  -4.1413618e-01  -1.5088348e-02
  -4.1257506e-01  -2.4518238e-02
  -4.2536699e-01  -2.9575884e-02
  -4.2862613e-01  -3.9547235e-02
  -4.3905191e-01  -4.4964920e-02
  -4.3683899e-01  -5.0326403e-02
  -4.3154243e-01  -5.4358558e-02
  -4.1591432e-01  -6.5410931e-02
  -3.9556259e-01  -8.0649520e-02
  -3.9214825e-01  -8.8793467e-02
  -3.9192907e-01  -8.3639797e-02
   6.0203160e-02  -1.8704516e-01
   1.0253235e-01  -1.8568473e-01
   1.0980499e-01  -1.6921151e-01
   1.4134587e-01  -1.8024509e-01
   1.7252184e-01  -1.6841930e-01
   1.9070517e-01  -1.7031833e-01
   2.1928672e-01  -1.6515918e-01
   2.3748833e-01  -1.6221395e-01
   2.6514196e-01  -1.4847312e-01
   2.8239011e-01  -1.3959911e-01
   3.0662386e-01  -1.3688743e-01
   3.3970570e-01  -1.4091496e-01
   3.6133321e-01  -1.3410909e-01
   3.9733652e-01  -1.2506010e-01
   4.1171919e-01  -1.0944635e-01
   4.1049754e-01  -9.4324173e-02
   4.1354475e-01  -7.3008276e-02
   4.1174383e-01  -6.6839294e-02
   4.3961394e-01  -6.4753057e-02
   4.6657842e-01  -5.2015404e-02
   4.8904653e-01  -5.8460067e-02
   5.1422209e-01  -5.5218543e-02
   5.2510116e-01  -4.6343956e-02
   5.4548108e-01  -3.4141618e-02
   5.5546032e-01  -9.5900715e-03
   5.5158066e-01  -1.5885568e-03
   5.4244929e-01   4.7574403e-03
   5.4599599e-01   6.3310076e-03
   5.4448115e-01   2.1066555e-02
   5.6554280e-01   2.9761077e-02
   5.6863176e-01   3.8482295e-02
   5.8896143e-01   3.7579172e-02
   5.9458185e-01   4.8549718e-02
   6.0645530e-01   5.8197445e-02
   6.1270155e-01   7.1024129e-02
   6.2658579e-01   5.9138167e-02
   6.1558399e-01   6.8663073e-02
   5.9807083e-01   8.7990889e-02
   5.9597167e-01   9.4028992e-02
   5.7419815e-01   1.0202607e-01
   5.8686456e-01   1.0105730e-01
   5.8192366e-01   1.1995645e-01
   5.6654185e-01   1.1426944e-01
   5.4418811e-01   1.4111193e-01
   5.5162988e-01   1.2405134e-01
   5.3726854e-01   1.4018284e-01
   5.1355357e-01   1.4606545e-01
   4.8256671e-01   1.5739646e-01
   4.7260369e-01   1.6325101e-01
  -1.9142250e-01   1.9999595e-01
  -1.7486808e-01   1.8855849e-01
  -1.8573136e-01   1.6854081e-01
  -1.9805558e-01   1.7054270e-01
  -2.6373400e-01   1.6976293e-01
  -2.7093752e-01   1.4768152e-01
  -2.8442705e-01   1.4857712e-01
  -2.8255442e-01   1.2206581e-01
  -3.0966382e-01   1.4429831e-01
  -3.2884643e-01   1.1176876e-01
  -3.4477987e-01   1.0318208e-01
  -3.7779627e-01   8.4239238e-02
  -3.7895004e-01   1.0069027e-01
  -3.6159418e-01   8.3793774e-02
  -4.0553450e-01   8.9655183e-02
  -4.1071932e-01   9.2468612e-02
  -4.1806329e-01   6.3294118e-02
  -4.2005685e-01   7.2625759e-02
  -4.9819077e-01   7.7403384e-02
  -5.1055156e-01   8.0718981e-02
  -4.9041926e-01   5.2274139e-02
  -4.8724498e-01   5.6163671e-02
  -4.8784246e-01   5.2581651e-02
  -5.0052966e-01   4.3692752e-02
  -4.9690181e-01   3.5239577e-02
  -4.6628633e-01   2.5686525e-02
  -4.6414747e-01   1.0267052e-02
  -4.7674040e-01   2.3261618e-02
  -4.7233089e-01   2.9240397e-02
  -4.5262046e-01   1.3613718e-02
  -4.3846968e-01  -2.1828326e-03
  -4.4584748e-01  -3.8059813e-03
  -4.2050304e-01  -1.0376336e-02
  -4.1577953e-01  -6.5937006e-03
  -3.9737551e-01  -1.1654143e-02
  -4.0051609e-01  -1.4989721e-02
  -3.9029719e-01  -2.3821720e-02
  -3.7717563e-01  -2.5970390e-02
  -3.9281807e-01  -2.2995696e-02
  -3.6556300e-01  -3.7629268e-02
  -3.5893496e-01  -3.3854615e-02
  -3.3526219e-01  -4.6244835e-02
  -3.3141989e-01  -4.7618141e-02
  -3.3124939e-01  -3.5246444e-02
  -3.2400226e-01  -3.6223765e-02
  -3.2273899e-01  -4.7107648e-02
  -3.0617541e-01  -4.4574820e-02
  -3.0208130e-01  -4.4046619e-02
  -2.8619868e-01  -5.0455709e-02
   4.0689880e-01  -3.5370065e-02
   4.2628242e-01  -3.6327083e-02
   4.3808347e-01  -2.0316411e-02
   4.5023407e-01  -1.7064699e-02
   4.6375157e-01  -1.6447051e-02
   4.8985700e-01  -1.3608984e-02
   5.0744353e-01  -5.9876048e-03
   5.1663163e-01  -5.4537033e-04
   5.1284278e-01   1.0382291e-02
   5.3412861e-01   1.6726760e-02
   5.4116508e-01   2.2573339e-02
   5.6785088e-01   2.8521366e-02
   5.8643901e-01   2.6183909e-02
   5.9383427e-01   2.9893400e-02
   6.0306764e-01   3.5744602e-02
   6.1958792e-01   4.1771312e-02
   6.2484640e-01   4.5831921e-02
   6.3269702e-01   5.6974369e-02
   6.3745741e-01   6.5948073e-02
   6.3858615e-01   6.7108104e-02
   6.3778713e-01   7.1075614e-02
   6.5401044e-01   6.5516167e-02
   6.4860479e-01   8.0089878e-02
   6.5660046e-01   9.0608229e-02
   6.5901078e-01   9.2250278e-02
   6.6381747e-01   9.8025572e-02
   6.6643032e-01   1.0140067e-01
   6.7020514e-01   1.0285382e-01
   6.4643378e-01   1.1882318e-01
   6.4775534e-01   1.1650632e-01
   6.3480112e-01   1.1858450e-01
   6.3469036e-01   1.3084981e-01
   6.3469699e-01   1.4328591e-01
   6.3635023e-01   1.4002557e-01
   6.0939222e-01   1.3944575e-01
   6.1373628e-01   1.4722030e-01
   5.9967373e-01   1.5357201e-01
   5.8406857e-01   1.6168664e-01
   5.7483523e-01   1.6440965e-01
   5.6827294e-01   1.7684734e-01
   5.5131383e-01   1.8945966e-01
   5.3779920e-01   1.8951014e-01
   5.3046907e-01   2.0030928e-01
   4.7622024e-01   2.1297699e-01
   4.6895809e-01   2.1641949e-01
   4.5715426e-01   2.2696564e-01
   4.3597742e-01   2.2845012e-01
   4.4918381e-01   2.1064341e-01
   4.3871545e-01   2.2139846e-01
  -2.9358782e-01   2.6862336e-01
  -2.9222027e-01   2.5653565e-01
  -3.3769488e-01   2.7770042e-01
  -3.3188996e-01   2.6535586e-01
  -3.2005259e-01   2.4904236e-01
  -3.4277048e-01   2.3973902e-01
  -3.7048031e-01   2.4573890e-01
  -3.5900889e-01   2.1323116e-01
  -3.1752633e-01   2.1702249e-01
  -3.6322889e-01   1.9875577e-01
  -3.5809964e-01   1.9495849e-01
  -3.5267697e-01   1.6408202e-01
  -3.5864578e-01   1.6855460e-01
  -3.3990058e-01   1.6422176e-01
  -3.6816158e-01   1.2625710e-01
  -3.8356056e-01   1.1773563e-01
  -3.9488755e-01   1.0190081e-01
  -3.8250121e-01   9.1427391e-02
  -3.6425048e-01   7.8251564e-02
  -3.7329850e-01   7.3816893e-02
  -3.3537375e-01   4.9816543e-02
  -3.3853720e-01   3.6594478e-02
  -3.5196124e-01   2.3760415e-02
  -3.4765354e-01   2.1367809e-02
  -3.5153468e-01   4.6269118e-03
  -3.5261114e-01  -1.1552723e-03
  -3.6450424e-01  -4.0389241e-03
  -3.7141993e-01  -1.5491917e-02
  -3.7637272e-01  -1.0373484e-02
  -3.6690358e-01  -2.4118105e-02
  -3.6309609e-01  -2.9244050e-02
  -3.7333455e-01  -2.7013406e-02
  -3.7525046e-01  -2.6832094e-02
  -3.6123187e-01  -2.9894061e-02
  -3.5134037e-01  -2.8019719e-02
  -3.7355039e-01  -3.4182944e-02
  -3.8426272e-01  -4.3540903e-02
  -3.8610111e-01  -4.2164964e-02
  -3.8206616e-01  -5.8806146e-02
  -3.2075758e-01  -7.6302432e-02
  -2.9072412e-01  -7.1307512e-02
  -2.6894654e-01  -8.9076125e-02
  -2.3698043e-01  -9.3103770e-02
  -2.3935565e-01  -9.5802577e-02
  -2.2657241e-01  -1.0613157e-01
  -2.3193149e-01  -1.1632350e-01
  -2.2757073e-01  -1.2011137e-01
  -2.1772859e-01  -1.1084736e-01
  -1.9264073e-01  -1.2816793e-01
  -1.7435945e-01  -1.3877560e-01
   3.5951642e-01  -1.1075927e-01
   3.8073427e-01  -1.1447254e-01
   4.1039532e-01  -1.0247612e-01
   4.2218363e-01  -9.8277272e-02
   4.2617891e-01  -8.7576747e-02
   4.2521204e-01  -8.1354313e-02
   4.3759581e-01  -7.9375351e-02
   4.5727630e-01  -7.0323594e-02
   4.8767926e-01  -6.7573517e-02
   4.9229957e-01  -5.9841509e-02
   5.0972068e-01  -5.6807032e-02
   5.0254098e-01  -3.8944717e-02
   4.9347841e-01  -2.4331664e-02
   4.9020201e-01  -1.4834455e-02
   4.9141769e-01  -1.2008818e-02
   4.9695043e-01  -1.1857638e-02
   4.9513349e-01  -7.5414603e-03
   5.0580726e-01   1.0229346e-02
   5.2544733e-01   2.0379085e-02
   5.3045192e-01   2.6696564e-02
   5.3479557e-01   3.3290338e-02
   5.1751351e-01   4.8712954e-02
   5.1492786e-01   5.7855637e-02
   5.1834782e-01   6.2889397e-02
   5.3932671e-01   5.8921071e-02
   5.4765708e-01   6.3126098e-02
   5.2978277e-01   8.4141214e-02
   5.1557206e-01   9.9852697e-02
   5.1513272e-01   9.9784902e-02
   5.3137784e-01   9.8506533e-02
   5.2865562e-01   9.9949830e-02
   5.3550183e-01   1.0810560e-01
   5.2050952e-01   1.0940402e-01
   5.1021550e-01   1.1154356e-01
   4.8670868e-01   1.3513753e-01
   4.7484838e-01   1.3857687e-01
   4.6504159e-01   1.5009200e-01
   4.6104974e-01   1.4976910e-01
   4.6979828e-01   1.3980951e-01
   4.6355732e-01   1.6635475e-01
   4.5964160e-01   1.7569425e-01
   4.5160123e-01   1.7734197e-01
   4.0850053e-01   1.8865568e-01
   4.3351078e-01   1.9663240e-01
   4.2613503e-01   1.8931004e-01
   4.1179215e-01   1.9650541e-01
   3.8697766e-01   2.0923434e-01
   3.8533889e-01   2.0194103e-01
   3.7626025e-01   2.1251995e-01
