   4.3987885e-02   3.3216731e-02
   2.2961150e-02   3.0857247e-02
   2.6893004e-02   3.5202569e-02
   4.1830825e-02   3.0255707e-02
   5.0074314e-02   3.0902379e-02
   4.4461853e-02   3.5260806e-02
   5.4957358e-02   2.6697519e-02
   4.9593294e-02   2.7257912e-02
   4.9487766e-02   2.8869447e-02
   5.2142899e-02   3.2753272e-02
   5.8647055e-02   3.3756375e-02
   5.7563769e-02   3.0002451e-02
   6.7063827e-02   3.0608908e-02
   7.4042932e-02   3.3515880e-02
   7.7853737e-02   3.2853592e-02
   7.5591345e-02   3.6415662e-02
   7.2982883e-02   3.4212642e-02
   7.2944875e-02   3.8699546e-02
   7.8020214e-02   4.0212275e-02
   7.6186774e-02   5.0019178e-02
   7.0870735e-02   4.7250575e-02
   7.3276575e-02   3.7610065e-02
   8.2112114e-02   3.7923693e-02
   8.5965441e-02   4.1173522e-02
   8.3175391e-02   3.9454227e-02
   8.5969195e-02   4.7808058e-02
   8.8780253e-02   4.8446291e-02
   8.2269233e-02   4.5752819e-02
   8.6237506e-02   5.2961173e-02
   8.6313192e-02   5.9145936e-02
   7.2805420e-02   6.0108882e-02
   8.4498020e-02   5.8252516e-02
   7.9852927e-02   5.2027089e-02
   7.2306628e-02   5.1240680e-02
   7.3495617e-02   5.7307282e-02
   6.5579964e-02   6.4752960e-02
   6.9754402e-02   5.8103472e-02
   7.4056963e-02   5.3786120e-02
   7.6546704e-02   4.5196391e-02
   8.3993866e-02   4.7083732e-02
   9.8406453e-02   5.0823485e-02
   1.3524643e-01   3.6196002e-02
   1.5750780e-01   2.4017351e-02
   1.7309891e-01   2.0128822e-02
   1.6040180e-01   2.8979484e-02
   1.7330318e-01   2.0307441e-02
   1.7035021e-01   1.3590792e-02
   1.9148341e-01   1.3020292e-02
   1.9543083e-01   1.4641790e-02
   1.8146993e-01   1.0348501e-02
   1.7380233e-01   1.8022194e-02
   1.6746888e-01   2.0805819e-02
   1.6815961e-01   1.8541536e-02
   1.7154081e-01   2.5547571e-02
   1.7816824e-01   2.8470427e-02
   1.6692089e-01   2.4211320e-02
   1.5976347e-01   2.4703876e-02
   1.5712344e-01   4.1813094e-02
   1.4613569e-01   4.9400075e-02
   1.4037585e-01   4.1483146e-02
   1.3472149e-01   4.3627367e-02
   1.2932521e-01   5.8675781e-02
   1.1032386e-01   6.4163854e-02
   8.9982272e-02   6.6740225e-02
   8.0077230e-02   6.7343187e-02
   6.8447717e-02   7.7064485e-02
   5.0075312e-02   8.0574604e-02
   3.5344251e-02   9.0734300e-02
   1.1702954e-02   9.6887746e-02
  -5.2063969e-03   7.9064639e-02
  -1.6795066e-02   8.8985188e-02
  -1.0361802e-02   9.3693661e-02
  -3.7665392e-02   1.0068292e-01
  -5.3269121e-02   9.9548625e-02
  -5.9832115e-02   9.9077773e-02
  -8.1714616e-02   9.5337009e-02
  -9.2732569e-02   9.8228965e-02
  -1.1860821e-01   1.0465147e-01
  -1.3850357e-01   1.0590680e-01
  -1.5479062e-01   1.0278192e-01
  -1.7501640e-01   9.7625456e-02
  -1.8927042e-01   9.2947878e-02
  -1.9861457e-01   9.9115414e-02
  -2.1183826e-01   1.0579833e-01
  -2.1021571e-01   8.9449582e-02
  -2.3084215e-01   8.6780740e-02
  -2.4966463e-01   8.6226420e-02
  -2.7526236e-01   8.5847832e-02
  -2.7004439e-01   6.4358978e-02
  -2.7474589e-01   7.0836263e-02
  -2.7712021e-01   6.6837606e-02
  -2.7252324e-01   5.8173465e-02
  -2.7328994e-01   4.7792046e-02
  -2.7189516e-01   4.2266304e-02
  -2.9394818e-01   3.9630005e-02
  -2.9916199e-01   3.2801428e-02
  -2.9842685e-01   3.2323182e-02
  -2.9224232e-01   2.1957988e-02
  -2.9303632e-01   7.7000491e-03
  -3.0335496e-01   5.5809429e-03
  -3.0811251e-01   1.1580863e-02
  -2.8909032e-01  -1.1062334e-03
  -2.8850806e-01   0.0000000e+00
  -2.9106883e-01  -1.8210123e-02
  -2.9927324e-01  -2.3263993e-02
  -2.7508977e-01  -2.8266091e-02
  -2.7145181e-01  -1.9883204e-02
  -2.5545444e-01  -3.0505398e-02
  -2.4540735e-01  -5.0843296e-02
  -2.3010586e-01  -6.7457123e-02
  -2.1911210e-01  -6.6364331e-02
  -2.1265135e-01  -6.2953614e-02
  -1.9811322e-01  -6.6635863e-02
  -1.9325972e-01  -7.9015237e-02
  -1.8930408e-01  -8.4299129e-02
  -1.7079484e-01  -9.3894200e-02
  -1.4548283e-01  -9.1186933e-02
  -1.4087839e-01  -8.9420645e-02
  -1.4169867e-01  -9.4043914e-02
  -1.1290763e-01  -1.1779906e-01
  -1.0621522e-01  -1.1497465e-01
  -9.1613740e-02  -1.0597431e-01
  -8.3165825e-02  -1.1166453e-01
  -6.9420023e-02  -1.1633810e-01
  -3.7833876e-02  -1.1974613e-01
  -2.8675523e-02  -1.1625364e-01
  -6.8097937e-03  -1.1777163e-01
   1.3636336e-03  -1.1430922e-01
   8.2306703e-03  -1.0898341e-01
   1.9055469e-02  -1.1949271e-01
   3.6563192e-02  -1.2484403e-01
   5.7056779e-02  -1.1615083e-01
   6.9186651e-02  -1.1712907e-01
   6.9502034e-02  -1.0690361e-01
   8.1584402e-02  -9.7730365e-02
   9.3302956e-02  -1.0239520e-01
   1.1172135e-01  -1.1001582e-01
   1.2616907e-01  -9.3291776e-02
   1.2997661e-01  -8.1061584e-02
   1.4849413e-01  -8.7084811e-02
   1.6760242e-01  -8.5997400e-02
   1.8104714e-01  -8.1344536e-02
   1.9579847e-01  -7.3805469e-02
   2.0556489e-01  -5.6860371e-02
   2.2323573e-01  -5.4519348e-02
   2.2852176e-01  -4.5499123e-02
   2.3635970e-01  -4.6516359e-02
   2.3606610e-01  -3.5550990e-02
   2.4871233e-01  -3.2589072e-02
   2.5970366e-01  -2.5371332e-02
   2.7686672e-01  -1.8670023e-02
   3.0214804e-01  -1.4813957e-02
   3.1320581e-01  -5.5269468e-03
   3.2515093e-01  -1.6598514e-03
   3.3198527e-01   9.3567771e-03
   3.4142657e-01   1.6418084e-02
   3.5246224e-01   2.4602501e-02
   3.6258502e-01   2.5596404e-02
   3.9618830e-01   2.6129508e-02
   4.0271077e-01   4.7927177e-02
   4.1274402e-01   5.6862366e-02
   3.9194334e-01   6.9312344e-02
   4.4131632e-01   6.8381564e-02
   4.3853365e-01   7.7322913e-02
   4.5702550e-01   8.4606622e-02
   4.5398824e-01   1.1363101e-01
   4.6909784e-01   9.7093509e-02
   4.7510670e-01   1.0315774e-01
   4.6973451e-01   1.0502364e-01
   4.7374359e-01   1.5465110e-01
   4.9061109e-01   1.1680329e-01
   4.7014560e-01   1.2378182e-01
   4.8824017e-01   1.4915378e-01
   4.8070305e-01   1.5881672e-01
   4.8167992e-01   1.4412083e-01
   4.8779383e-01   1.5237360e-01
   4.4742498e-01   1.7712358e-01
   4.5778496e-01   1.6160251e-01
   4.3591574e-01   1.9107058e-01
   4.3224682e-01   1.8821625e-01
   4.3162082e-01   1.8736894e-01
   4.1387646e-01   1.9856942e-01
   4.1035338e-01   2.0731242e-01
   3.9671882e-01   2.0317651e-01
   3.9228289e-01   2.0022739e-01
   3.8468322e-01   2.0541776e-01
   3.6361935e-01   2.1892997e-01
   3.5921347e-01   2.1772569e-01
   3.6217448e-01   2.0721348e-01
   3.4477293e-01   2.1388794e-01
   3.3937685e-01   2.1455017e-01
   3.0870906e-01   2.2453424e-01
   3.1023782e-01   2.2011246e-01
   3.0253123e-01   2.2156134e-01
   2.7519890e-01   2.2048712e-01
   2.6775849e-01   2.1849061e-01
   2.6497946e-01   2.2770825e-01
   2.7359053e-01   2.2204853e-01
   2.5667089e-01   2.2484920e-01
   2.3833751e-01   2.2155393e-01
   2.2671960e-01   2.1585544e-01
   1.9429123e-01   2.2288056e-01
   1.8679054e-01   2.1022619e-01
   1.6523241e-01   2.1108096e-01
   1.6173925e-01   2.1123790e-01
   1.4732716e-01   2.0998658e-01
   1.3142020e-01   2.0453275e-01
   1.1461912e-01   2.0071321e-01
   7.5264765e-02   1.9577686e-01
   5.5005099e-02   1.9158711e-01
   3.8820645e-02   2.0311174e-01
   2.6993725e-02   1.8839690e-01
  -2.7044973e-03   1.8883679e-01
  -1.7786990e-02   1.8068556e-01
  -2.3349229e-02   1.7945758e-01
  -4.1192905e-02   1.8198122e-01
  -4.4299119e-02   1.7234480e-01
  -6.6778259e-02   1.6657398e-01
  -8.4773338e-02   1.5974532e-01
  -1.0082275e-01   1.5918029e-01
  -1.1963654e-01   1.5696584e-01
  -1.3776134e-01   1.4819401e-01
  -1.7106407e-01   1.4546658e-01
  -2.1733055e-01   1.3592714e-01
  -2.4747481e-01   1.4075817e-01
  -3.0084144e-01   1.4906979e-01
  -3.1283098e-01   1.3702668e-01
  -3.3084726e-01   1.2869099e-01
  -3.5929917e-01   1.2699854e-01
  -3.9155547e-01   1.3554469e-01
  -3.9368341e-01   1.2953072e-01
  -3.9193464e-01   1.1959774e-01
  -4.0794415e-01   1.2430476e-01
  -4.1920676e-01   1.2760518e-01
  -4.5031910e-01   1.1050198e-01
  -4.7822360e-01   1.0288763e-01
  -4.9580305e-01   9.9435589e-02
  -4.7302629e-01   9.6168817e-02
  -4.7877840e-01   9.7491022e-02
  -4.9429454e-01   8.6402615e-02
  -4.9295686e-01   7.7789118e-02
  -4.9612227e-01   6.7967822e-02
  -5.0615228e-01   5.8035370e-02
  -5.3328131e-01   5.5643951e-02
  -5.3705489e-01   5.1834768e-02
  -5.4650108e-01   4.0620304e-02
  -5.1955792e-01   2.5911482e-02
  -5.2564410e-01   2.6438226e-02
  -5.0428898e-01   7.0378252e-03
  -5.0683716e-01   1.0787153e-02
  -5.0056390e-01  -8.2040639e-03
  -4.7513135e-01  -2.4629948e-02
  -4.6015297e-01  -2.5133669e-02
  -4.6367588e-01  -3.0729610e-02
  -4.4741547e-01  -4.5703556e-02
  -4.3925682e-01  -4.9937055e-02
  -4.3758795e-01  -5.8789840e-02
  -4.3639712e-01  -6.1253391e-02
  -4.3617713e-01  -5.3427599e-02
  -4.2686254e-01  -7.1461883e-02
  -4.1681991e-01  -8.6328943e-02
  -3.9036660e-01  -9.4885178e-02
  -3.8228158e-01  -8.5752918e-02
  -3.7583497e-01  -8.8894333e-02
  -3.7637278e-01  -9.2359432e-02
  -3.8307499e-01  -8.6114818e-02
  -3.9028226e-01  -8.3680972e-02
  -3.7789781e-01  -8.8118049e-02
  -3.4565672e-01  -9.5415689e-02
  -2.9460422e-01  -1.1101288e-01
  -2.6129218e-01  -1.1485143e-01
  -2.3962134e-01  -1.1111498e-01
  -2.2346874e-01  -1.0918123e-01
  -2.1203772e-01  -1.2438397e-01
  -2.1868532e-01  -1.1781517e-01
  -2.2090856e-01  -1.2126522e-01
  -2.2293643e-01  -1.1010284e-01
  -1.9003470e-01  -9.9237338e-02
  -1.7722888e-01  -1.0496655e-01
  -1.3562527e-01  -1.1309574e-01
  -1.0871022e-01  -1.0970212e-01
  -1.0072709e-01  -1.0720643e-01
  -9.8382129e-02  -1.0169669e-01
  -9.5930583e-02  -9.5488546e-02
  -7.8845407e-02  -1.0184730e-01
  -7.4598593e-02  -9.9272354e-02
  -7.1901559e-02  -9.1679197e-02
  -5.0720903e-02  -8.8504563e-02
  -6.6287393e-03  -9.1381954e-02
   1.3451875e-02  -8.5802092e-02
   2.5753583e-02  -8.7625943e-02
   2.9949546e-02  -9.0355125e-02
   5.2058500e-02  -7.7973709e-02
   7.5345773e-02  -6.9174953e-02
   8.3665309e-02  -6.3435012e-02
   1.0141191e-01  -7.2014811e-02
   1.1612124e-01  -6.7677112e-02
   1.3623935e-01  -6.1087014e-02
   1.6045526e-01  -6.5415570e-02
   1.9355442e-01  -6.8223689e-02
   2.1220265e-01  -6.6667055e-02
   2.1653664e-01  -5.5059317e-02
   2.3417185e-01  -5.0308132e-02
   2.5533807e-01  -4.4014684e-02
   2.7102662e-01  -4.4677461e-02
   2.8539629e-01  -4.0003681e-02
   3.0462208e-01  -3.7115329e-02
   3.2333716e-01  -3.7668184e-02
   3.4162091e-01  -2.4952391e-02
   3.5036285e-01  -2.0505808e-02
   3.5241932e-01  -2.2205433e-02
   3.6563559e-01  -2.1087175e-02
   3.9356713e-01  -1.6390244e-02
   4.1113193e-01  -1.4639340e-02
   4.2385392e-01  -1.0316313e-02
   4.3175926e-01  -5.3986092e-03
   4.4398679e-01  -9.7211065e-03
   4.4172974e-01  -7.0314702e-03
   4.5641524e-01  -5.4022555e-04
   4.6688359e-01   8.0758442e-03
   4.8181619e-01   1.2302426e-02
   4.9421849e-01   1.4443369e-02
   4.9594180e-01   1.4941677e-02
   5.1056463e-01   1.7440902e-02
   5.1272473e-01   3.0105037e-02
   5.0349441e-01   3.8912515e-02
   4.9643387e-01   4.3914845e-02
   4.9881633e-01   4.6421458e-02
   5.1699422e-01   4.8670006e-02
   5.1023127e-01   6.4492188e-02
   5.2192312e-01   7.0472273e-02
   5.1587899e-01   7.1558660e-02
   5.1188735e-01   7.7330827e-02
   5.2591765e-01   8.3578484e-02
   5.3039980e-01   8.7235052e-02
   5.3126472e-01   8.8526329e-02
   5.4350547e-01   9.4138287e-02
   5.3054324e-01   1.0004414e-01
   5.5130191e-01   9.6898098e-02
   5.4912885e-01   1.0387183e-01
   5.3649584e-01   1.0411652e-01
   5.2326562e-01   1.0701801e-01
   5.1298114e-01   1.1291003e-01
   5.0438795e-01   1.1217110e-01
   4.9650763e-01   1.1910842e-01
   4.8911371e-01   1.2664261e-01
   4.7038279e-01   1.2684175e-01
   4.5906611e-01   1.3078208e-01
   4.3842208e-01   1.4098606e-01
   4.1234203e-01   1.5172773e-01
   4.2176303e-01   1.4549422e-01
   4.1606620e-01   1.5943572e-01
   3.8292774e-01   1.6480786e-01
   3.6187270e-01   1.7269561e-01
   3.5469139e-01   1.6796707e-01
   3.3744427e-01   1.7106287e-01
   2.9185663e-01   1.7011951e-01
   2.7453305e-01   1.8438598e-01
   2.6589693e-01   1.7733214e-01
   2.4011660e-01   1.8612522e-01
   2.0701761e-01   1.8446530e-01
   1.9254686e-01   1.8099533e-01
   1.8881182e-01   1.7691250e-01
   1.4986761e-01   1.7577737e-01
   1.3548538e-01   1.7519971e-01
   1.0911712e-01   1.8345480e-01
   9.0633037e-02   1.7156902e-01
   8.4247834e-02   1.7311882e-01
   5.8369514e-02   1.7118157e-01
   3.2718244e-02   1.7535087e-01
   1.5040105e-02   1.6302700e-01
   1.3567243e-03   1.6167355e-01
  -6.7648822e-03   1.6308755e-01
  -2.2993153e-02   1.4795632e-01
  -4.2122551e-02   1.6058557e-01
  -6.8914638e-02   1.5446682e-01
  -7.3943291e-02   1.5421409e-01
  -1.0132607e-01   1.4323556e-01
  -1.5257412e-01   1.4828312e-01
  -1.6721915e-01   1.6532002e-01
  -1.9114344e-01   1.5595162e-01
  -2.1070334e-01   1.5018375e-01
  -2.3331498e-01   1.5482191e-01
  -2.5495434e-01   1.5477067e-01
  -2.8350000e-01   1.5956034e-01
  -2.8399575e-01   1.5719152e-01
  -2.9141951e-01   1.4436989e-01
  -3.1807648e-01   1.5113473e-01
  -3.6396145e-01   1.6311848e-01
  -3.8388179e-01   1.4950557e-01
  -4.0756944e-01   1.5812171e-01
  -4.0758256e-01   1.4972935e-01
  -4.0871618e-01   1.4350094e-01
  -4.5849572e-01   1.7042076e-01
  -4.4284486e-01   1.2613315e-01
  -4.5606946e-01   1.4315185e-01
  -4.5397897e-01   1.2486552e-01
  -4.6155408e-01   1.2793122e-01
  -4.4909481e-01   1.1633643e-01
  -4.6850818e-01   1.1774159e-01
  -4.6458966e-01   1.0053763e-01
  -4.5889917e-01   1.0176773e-01
  -4.5004924e-01   9.0530179e-02
  -4.5049240e-01   8.3827739e-02
  -4.4851117e-01   7.7742857e-02
  -4.3911117e-01   7.0276479e-02
  -4.5144691e-01   6.4040778e-02
  -4.5091274e-01   4.9128866e-02
  -4.3306193e-01   4.2467416e-02
  -4.2803038e-01   3.8762216e-02
  -4.1703948e-01   3.2098060e-02
  -3.9810333e-01   2.0162319e-02
  -3.9856795e-01   1.0122865e-02
  -3.8550496e-01   3.3795481e-03
  -3.7826463e-01   5.0552876e-03
  -3.7216245e-01  -3.3953514e-03
  -3.4932890e-01  -1.5845111e-02
  -3.1886599e-01  -2.8265818e-02
  -3.2181000e-01  -3.5485524e-02
  -3.1465264e-01  -4.5074055e-02
  -3.0047488e-01  -1.6905515e-02
  -3.1642983e-01  -3.8939328e-02
  -2.7500233e-01  -4.9876397e-02
  -2.8757302e-01  -5.8084957e-02
  -2.8230391e-01  -5.1659644e-02
  -2.8345576e-01  -4.3703606e-02
  -2.4995793e-01  -6.2788697e-02
  -2.1306081e-01  -6.4934259e-02
  -1.9302151e-01  -7.1464251e-02
  -2.0191008e-01  -6.8795367e-02
  -1.8502650e-01  -7.2159579e-02
  -1.4919542e-01  -7.6630165e-02
  -1.2687380e-01  -9.1500860e-02
  -1.3828444e-01  -7.5829253e-02
  -1.2548015e-01  -7.0404531e-02
  -1.1357662e-01  -7.8244257e-02
  -9.6616062e-02  -8.0197988e-02
  -6.5372922e-02  -7.6893939e-02
  -5.4419560e-02  -7.2785416e-02
  -1.4900591e-02  -8.2347817e-02
  -9.5038253e-03  -8.1380055e-02
   1.2126884e-02  -8.7107512e-02
   1.3515410e-02  -7.9267940e-02
   2.0323450e-02  -7.3108984e-02
   2.8228078e-02  -7.2514004e-02
   4.5689649e-02  -6.4491643e-02
   5.9139854e-02  -5.8241835e-02
   7.7464292e-02  -7.4207123e-02
   7.1468251e-02  -7.6101140e-02
   8.6554855e-02  -4.4932273e-02
   9.7558700e-02  -3.8209751e-02
   1.2599490e-01  -4.8937568e-02
   1.4539250e-01  -4.3591771e-02
   1.5586620e-01  -5.1823225e-02
   1.7173112e-01  -3.5679673e-02
   1.8441184e-01  -3.4364954e-02
   1.9202350e-01  -2.8714193e-02
   2.1540576e-01  -2.1523729e-02
   2.1590770e-01  -2.0337617e-02
   2.2590437e-01  -2.4228778e-02
   2.3779981e-01  -2.2521225e-02
   2.5013751e-01  -1.6551692e-02
   2.6430603e-01   1.6553202e-03
   2.9799601e-01  -2.0675703e-02
   3.0586208e-01  -1.4115182e-02
   3.3581026e-01  -4.3258783e-03
   3.4987347e-01  -1.1349697e-02
   3.7424165e-01  -1.1343776e-02
   3.9232599e-01   2.7131770e-03
   4.0265457e-01   5.9686504e-03
   4.0316974e-01   9.2046347e-03
   4.1589063e-01   1.2934532e-02
   4.2385550e-01   1.7808618e-02
   4.5224467e-01   2.4744878e-02
   4.5444592e-01   3.6239420e-02
   4.6121100e-01   2.8509561e-02
   4.6999238e-01   3.6687297e-02
   4.8454080e-01   4.4622043e-02
   4.8414680e-01   4.9460578e-02
   4.8830175e-01   4.5889436e-02
   4.8728136e-01   5.4733714e-02
   4.9375271e-01   7.3214307e-02
   5.1018858e-01   6.4280090e-02
   5.2336695e-01   5.8919022e-02
   5.3534659e-01   6.6609519e-02
   5.2916620e-01   7.9472253e-02
   5.4877438e-01   6.8343270e-02
   5.2160334e-01   8.0487541e-02
   5.2424483e-01   7.5844688e-02
   4.9797401e-01   9.6996911e-02
   4.9852942e-01   9.5714345e-02
   4.8335084e-01   1.0520636e-01
   4.8931999e-01   9.6555493e-02
   4.8060021e-01   1.1157733e-01
   4.8915665e-01   1.1248488e-01
   4.8697093e-01   1.2180539e-01
   4.7173897e-01   1.0709277e-01
   4.6285433e-01   1.0807974e-01
   4.5543424e-01   1.2725523e-01
   4.3813119e-01   1.2692094e-01
   3.9844567e-01   1.3216531e-01
   3.9457842e-01   1.2655154e-01
   3.6161327e-01   1.4105734e-01
   3.4513628e-01   1.4555452e-01
   2.9971195e-01   1.4975192e-01
   2.9753820e-01   1.5779350e-01
   2.8502751e-01   1.6589775e-01
   2.6797141e-01   1.6155189e-01
   2.4152791e-01   1.6458366e-01
   2.2537964e-01   1.6206843e-01
   2.1147003e-01   1.7034523e-01
   1.8200734e-01   1.7510071e-01
   1.5056237e-01   1.6991153e-01
   1.4453077e-01   1.6104785e-01
   1.0247668e-01   1.7282981e-01
   4.2634453e-02   1.7921755e-01
   1.7333902e-02   1.7371750e-01
   2.3707272e-02   1.7765665e-01
  -2.6499283e-03   1.8396655e-01
  -3.0649678e-02   1.7484197e-01
  -6.1132412e-02   1.9539578e-01
  -6.6892400e-02   1.8699678e-01
  -8.6519236e-02   1.9420902e-01
  -9.6716370e-02   1.9083136e-01
  -1.1526817e-01   1.9078822e-01
  -1.3621624e-01   1.9886183e-01
  -1.3519835e-01   1.9283402e-01
  -1.6464507e-01   1.9187444e-01
  -1.6777628e-01   1.8086821e-01
  -1.8812304e-01   1.8681428e-01
  -2.2009523e-01   1.9623463e-01
  -2.4407131e-01   1.9790844e-01
  -2.6545392e-01   1.8046274e-01
  -3.0006124e-01   1.7982156e-01
  -2.9316115e-01   1.8196048e-01
  -3.1541569e-01   1.7743203e-01
  -3.1841709e-01   1.7747570e-01
  -3.5932443e-01   1.7413753e-01
  -3.6615391e-01   1.5808882e-01
  -3.6219805e-01   1.5584144e-01
  -3.9610160e-01   1.5114303e-01
  -4.1507238e-01   1.3303029e-01
  -4.4830793e-01   1.3682751e-01
  -4.6233830e-01   1.3507804e-01
  -4.4551247e-01   1.1450519e-01
  -4.6873885e-01   1.1618374e-01
  -4.9955328e-01   1.1698589e-01
  -4.9604200e-01   9.6036943e-02
  -5.0500948e-01   8.8469879e-02
  -5.2782111e-01   7.4250330e-02
  -5.3815068e-01   7.6707041e-02
  -5.3798740e-01   6.3522793e-02
  -5.2456502e-01   5.7706938e-02
  -5.4437626e-01   4.3213821e-02
  -5.6633687e-01   4.5117961e-02
  -5.8325187e-01   4.4886868e-02
  -5.6598681e-01   2.7765777e-02
  -5.4271983e-01   1.0337013e-02
  -5.0749768e-01   1.3104115e-02
  -4.9315458e-01  -8.2358324e-03
  -4.7871839e-01  -9.9687075e-03
  -4.7698903e-01  -8.9114358e-03
  -5.1034672e-01  -1.4426558e-02
  -4.8722679e-01  -2.9075565e-02
  -4.7245014e-01  -2.8243772e-02
  -4.5919045e-01  -4.1144363e-02
  -4.6265531e-01  -3.8023324e-02
  -4.3417065e-01  -5.0437622e-02
  -4.4262189e-01  -3.2177253e-02
  -4.3943166e-01  -2.8552848e-02
  -4.2144201e-01  -3.7660004e-02
  -3.8493037e-01  -5.7126571e-02
  -3.5166562e-01  -6.3824598e-02
  -3.4443967e-01  -5.4747616e-02
  -3.3509946e-01  -4.8887236e-02
  -3.2280741e-01  -6.1251702e-02
  -3.0913314e-01  -6.6642207e-02
  -3.1195724e-01  -5.4206190e-02
  -3.1275073e-01  -4.6576513e-02
  -2.9051309e-01  -5.9515920e-02
  -2.4968147e-01  -7.9512517e-02
  -2.1908582e-01  -6.6922014e-02
  -1.7477520e-01  -5.9881046e-02
  -1.5485849e-01  -6.7119924e-02
  -1.2648209e-01  -6.1693733e-02
  -1.1636248e-01  -6.9809499e-02
  -1.2680423e-01  -6.1367323e-02
  -1.3831488e-01  -5.6795379e-02
  -1.3357110e-01  -4.6861768e-02
  -1.0395862e-01  -4.9983084e-02
  -8.5859828e-02  -4.7562782e-02
  -6.9601401e-02  -3.7396918e-02
  -3.6521066e-02  -3.5970721e-02
  -9.4341451e-03  -3.2479204e-02
   2.2784996e-02  -2.7829029e-02
   3.0934935e-02  -2.1210775e-02
   6.3462662e-02  -2.2397648e-02
   7.0425157e-02  -2.2459371e-02
   7.4919170e-02  -2.5980140e-02
   8.8244674e-02  -1.5741028e-02
   1.1461015e-01  -1.1706124e-02
   1.2745886e-01  -1.9611172e-02
   1.6527723e-01  -3.2142067e-02
   1.8160662e-01  -1.8260067e-02
   1.9096811e-01  -2.1711233e-02
   1.9901133e-01  -1.5668910e-02
   1.9885808e-01  -1.5201693e-02
   1.9991514e-01  -1.0185113e-02
   2.0513250e-01   1.7052718e-03
   2.0864893e-01   0.0000000e+00
   2.1366861e-01  -1.1369269e-03
   2.3233303e-01   1.0743639e-02
   2.5322779e-01   1.3050617e-02
   2.6519201e-01   9.1392180e-03
   2.7051860e-01   9.6930235e-03
   2.5811351e-01   1.9339031e-02
   2.7829657e-01   2.5338768e-02
   3.0180605e-01   2.5572865e-02
   3.1354424e-01   1.3223582e-02
   3.1098177e-01   1.6403685e-02
   3.3581824e-01   2.4355888e-02
   3.6555557e-01   2.6299914e-02
   3.7384307e-01   1.7149385e-02
   3.8383736e-01   3.7160289e-02
   3.8766869e-01   3.3333112e-02
   3.9278645e-01   3.4236368e-02
   4.1828641e-01   3.7028668e-02
   4.2846138e-01   4.3006854e-02
   4.5696179e-01   4.3050544e-02
   4.5545787e-01   4.4897877e-02
   4.5718368e-01   3.0067141e-02
   4.6666859e-01   4.5892875e-02
   4.6618040e-01   4.7020174e-02
   4.6335610e-01   5.8699658e-02
   4.7336979e-01   5.3328750e-02
   4.7720884e-01   6.5039026e-02
   4.9257411e-01   6.6150546e-02
   4.9998836e-01   7.7504990e-02
   5.1202268e-01   7.4485257e-02
   5.0311022e-01   7.3840205e-02
   5.0220787e-01   7.3197488e-02
   4.9775853e-01   8.6140003e-02
   4.8995125e-01   8.0199174e-02
   4.9813761e-01   7.6723039e-02
   4.9161771e-01   8.4458006e-02
   4.8586729e-01   9.3274735e-02
   4.7635655e-01   9.1529445e-02
   4.8882678e-01   8.3514932e-02
   4.8429848e-01   8.8063036e-02
   4.8861187e-01   8.0940769e-02
   4.9099706e-01   8.5886378e-02
   4.8063381e-01   8.2901984e-02
   4.6851325e-01   7.8541538e-02
   4.6184145e-01   8.2448519e-02
   4.5548048e-01   7.5954944e-02
   4.6295458e-01   5.8335375e-02
   4.5997034e-01   5.6486156e-02
   4.5592120e-01   5.5787775e-02
   4.5829709e-01   4.4451510e-02
   4.4261038e-01   4.0537108e-02
   4.2131832e-01   3.6782384e-02
   4.0029302e-01   3.9058862e-02
   3.8904525e-01   2.6902486e-02
   3.6154979e-01   3.4016671e-02
   3.4601163e-01   1.9072518e-02
   3.0496504e-01   1.9345268e-02
   2.8377976e-01   1.6711206e-02
   2.6768697e-01   1.1467660e-02
   2.7164674e-01   1.1569890e-02
   2.6341463e-01   0.0000000e+00
   2.1785599e-01  -8.1643947e-03
   1.8674596e-01   2.3430527e-03
   1.4510061e-01  -1.3948838e-02
   1.2711080e-01  -7.9892222e-03
   1.3198667e-01  -9.5512214e-03
   1.0757865e-01  -1.5209067e-02
   1.0964727e-01  -1.3436171e-02
   8.5649373e-02   1.1256321e-03
   4.5790007e-02  -2.9633261e-02
   2.4050166e-02  -1.5522288e-02
   8.0403607e-03  -1.6126824e-02
  -4.0512764e-03  -2.0740647e-02
  -1.3532075e-03  -3.2048177e-02
  -3.5439543e-02  -2.9999746e-02
  -6.1140560e-02  -4.0644294e-02
  -8.5596784e-02  -4.0604209e-02
  -9.2156320e-02  -5.6939774e-02
  -1.3627829e-01  -4.0602274e-02
  -1.4829714e-01  -3.7671347e-02
  -1.6984331e-01  -3.0558383e-02
  -1.4764364e-01  -4.1624799e-02
  -1.5639487e-01  -3.7863715e-02
  -1.7394513e-01  -3.6692351e-02
  -1.8922279e-01  -2.7211283e-02
  -1.8770610e-01  -3.5624267e-02
  -2.2969292e-01  -2.3503211e-02
  -2.4647575e-01  -2.7761290e-02
  -2.6958661e-01  -1.8013741e-02
  -2.7590911e-01  -2.6413625e-02
  -2.6659527e-01  -1.8735058e-02
  -2.9814111e-01  -1.8932270e-02
  -3.1981403e-01  -1.3914927e-02
  -3.2960667e-01  -7.1653752e-03
  -3.0006345e-01  -1.3198836e-02
  -2.6168992e-01  -1.7214600e-02
  -2.6792619e-01  -1.8921310e-02
  -2.6108781e-01  -1.6236558e-02
  -2.2855228e-01  -1.6239310e-02
  -1.9362508e-01  -3.6162525e-02
  -1.9237454e-01  -3.0166637e-02
  -2.0319118e-01  -1.5525922e-02
  -2.2031034e-01  -5.7451976e-03
  -2.0564060e-01  -4.5895425e-03
  -2.1292898e-01   5.1324228e-03
  -1.9892789e-01  -3.9411797e-03
  -1.9366655e-01   2.3878173e-02
  -1.6613818e-01   3.7392477e-02
  -1.5900097e-01   4.6063272e-02
  -1.2986298e-01   4.3136373e-02
  -1.6458497e-01   7.8446677e-02
  -1.8097205e-01   7.9037994e-02
  -1.8204005e-01   1.0274209e-01
  -1.9162076e-01   1.1342564e-01
  -1.9809987e-01   1.0873999e-01
  -1.9538626e-01   1.2379541e-01
  -2.2133022e-01   1.5764134e-01
  -2.4172616e-01   1.6622904e-01
  -2.5134664e-01   1.6112351e-01
  -2.6089945e-01   1.6967544e-01
  -2.7119466e-01   1.7905527e-01
  -2.7534594e-01   1.9235941e-01
  -2.4227153e-01   1.7430892e-01
  -2.4975104e-01   1.6646509e-01
  -2.4723833e-01   1.7468650e-01
  -2.5985067e-01   1.7603154e-01
  -2.5655581e-01   1.5334778e-01
  -2.4608034e-01   1.5697267e-01
  -2.6595566e-01   1.5070903e-01
  -2.5454928e-01   1.5677930e-01
  -2.6196523e-01   1.5011749e-01
  -2.5760618e-01   1.4416027e-01
  -2.4016459e-01   1.5044143e-01
  -2.1819139e-01   1.5248982e-01
  -2.1860858e-01   1.6726797e-01
  -2.1688607e-01   1.4802806e-01
  -2.2510753e-01   1.6190240e-01
  -2.2156240e-01   1.6130670e-01
  -2.1012101e-01   1.5634037e-01
  -1.3993963e-01   1.4787511e-01
  -1.2115050e-01   1.3926164e-01
  -1.1282506e-01   1.2796023e-01
  -7.8018164e-02   1.2913829e-01
  -8.6371889e-02   1.4042776e-01
  -8.6624009e-02   1.2540762e-01
  -4.1904973e-02   1.1858924e-01
   3.0533749e-02   1.0647829e-01
   6.8326136e-02   9.9787567e-02
   9.2132275e-02   1.0261042e-01
   8.5907864e-02   1.0808596e-01
   1.1891036e-01   9.3252972e-02
   1.4593641e-01   9.2680112e-02
   1.5146461e-01   9.5299473e-02
   1.6136400e-01   9.7111984e-02
   1.8814679e-01   9.4875980e-02
   2.4540795e-01   8.7709471e-02
   2.7499229e-01   8.3327770e-02
   3.0291311e-01   7.7210730e-02
   2.8607222e-01   9.8909261e-02
   2.9991354e-01   9.0091304e-02
   3.0977384e-01   9.7799588e-02
   3.4090874e-01   8.3168234e-02
   3.4655434e-01   8.9224980e-02
   3.9923270e-01   8.2414337e-02
   4.1272020e-01   8.4127930e-02
   4.3862282e-01   5.9974231e-02
   4.5039593e-01   7.2008165e-02
   4.5327715e-01   6.6240215e-02
   4.5278108e-01   7.4405675e-02
   4.5973236e-01   6.3375220e-02
   4.6345509e-01   6.2578760e-02
   4.7038800e-01   6.0363458e-02
   4.7817240e-01   4.9843904e-02
   4.7464379e-01   5.4765938e-02
   4.8016397e-01   5.2415087e-02
   4.6376884e-01   4.2841553e-02
   4.5667053e-01   4.1035744e-02
   4.3829044e-01   4.9600334e-02
   4.3654988e-01   3.3992812e-02
   4.3151995e-01   2.9072003e-02
   4.2395882e-01   3.9227892e-02
   4.1632281e-01   3.1662954e-02
   4.2920849e-01   2.9202185e-02
   4.3383876e-01   1.5680139e-02
   4.2608717e-01  -3.8184036e-03
   4.1910509e-01   2.1918847e-03
   4.0980973e-01   7.1446719e-03
   4.1111089e-01   5.5114266e-04
   4.0124537e-01  -1.4358213e-02
   3.7470296e-01  -1.4927068e-02
   3.6729210e-01  -1.4871851e-02
   3.5753871e-01  -1.7036433e-02
   3.5307422e-01  -3.1476015e-02
   3.5825190e-01  -3.9120914e-02
   3.2403811e-01  -3.6630759e-02
   3.1163413e-01  -4.3041478e-02
   2.8933323e-01  -4.6320883e-02
   2.6164347e-01  -4.6461303e-02
   2.3545668e-01  -4.6297239e-02
   2.0100359e-01  -5.1834606e-02
   1.6970258e-01  -4.5972761e-02
   1.6267774e-01  -5.4976817e-02
   1.2837040e-01  -5.0423957e-02
   1.1155523e-01  -4.6274764e-02
   7.5958935e-02  -5.6021614e-02
   7.5608216e-02  -5.9668275e-02
   6.6545367e-02  -5.7649776e-02
   3.8630269e-02  -5.8309207e-02
   1.1961512e-02  -5.9878811e-02
  -1.9908194e-02  -5.0853260e-02
  -3.2949873e-02  -7.1631861e-02
  -5.8979776e-02  -6.5625688e-02
  -6.9788108e-02  -6.2016271e-02
  -8.5742067e-02  -6.7656958e-02
  -9.8628526e-02  -8.0803762e-02
  -1.3815074e-01  -7.4490957e-02
  -1.5188787e-01  -8.5726992e-02
  -1.6698458e-01  -8.4735182e-02
