  -2.0006598e-01   1.5984484e-02
  -5.3742226e-03   2.2310580e-02
   4.0398565e-03   1.7884151e-02
   0.0000000e+00   2.0637450e-02
   2.6905552e-03   1.7866365e-02
   1.8844931e-02   2.4029591e-02
   2.5569481e-02   2.6821526e-02
   4.1570218e-02   3.2859993e-02
   5.3855725e-02   3.2421677e-02
   5.9145923e-02   2.8447217e-02
   5.9052932e-02   2.3380588e-02
   4.8416150e-02   2.2318630e-02
   5.2352592e-02   2.0601409e-02
   6.1854768e-02   2.4540506e-02
   6.8832760e-02   2.7991576e-02
   9.0044185e-02   3.0639593e-02
   1.0122965e-01   2.7390386e-02
   1.0599350e-01   2.7219517e-02
   1.0746184e-01   2.5020299e-02
   1.0790934e-01   2.2886879e-02
   1.0910474e-01   2.7880896e-02
   1.2256829e-01   2.8414296e-02
   1.2911768e-01   3.2823747e-02
   1.2938256e-01   3.2331359e-02
   1.4576349e-01   2.7865663e-02
   1.6406360e-01   2.3278083e-02
   1.7259293e-01   2.7217937e-02
   1.8772013e-01   3.1678189e-02
   1.9099766e-01   3.2094486e-02
   1.9660655e-01   3.0447078e-02
   2.0642103e-01   3.1583687e-02
   2.0226177e-01   3.6586869e-02
   2.0333965e-01   3.0425010e-02
   2.0858308e-01   2.7063342e-02
   2.0630248e-01   2.7124359e-02
   2.1138372e-01   3.2055667e-02
   2.1585273e-01   3.2103373e-02
   2.1155676e-01   3.3746622e-02
   2.1406405e-01   3.2598319e-02
   2.1969340e-01   3.1504226e-02
   2.4319402e-01   2.7058407e-02
   2.3931735e-01   3.5767362e-02
   2.5928169e-01   2.0367977e-02
   2.6182120e-01   2.8064314e-02
   2.4634306e-01   3.8200379e-02
   2.4614037e-01   4.4290295e-02
   2.6541488e-01   3.4236552e-02
   2.7395345e-01   2.8565361e-02
   2.7563328e-01   2.6388220e-02
   2.8188951e-01   2.3570706e-02
   3.8217652e-01   3.9444725e-02
   3.7182380e-01   3.7937914e-02
   3.6631001e-01   3.1979102e-02
   3.7040818e-01   3.0871431e-02
   3.7458816e-01   3.1514307e-02
   3.7199754e-01   3.4144122e-02
   3.7163796e-01   3.8866808e-02
   3.5571474e-01   4.2986032e-02
   3.5347851e-01   3.2663783e-02
   3.4713750e-01   2.9343282e-02
   3.3805605e-01   2.8330535e-02
   3.3120439e-01   3.1091063e-02
   3.2772641e-01   3.3359168e-02
   3.1808032e-01   3.7794363e-02
   3.1239639e-01   3.6696645e-02
   3.0035911e-01   3.2926938e-02
   2.9965862e-01   3.1347237e-02
   2.8834172e-01   2.7490842e-02
   2.8797739e-01   3.0210920e-02
   2.8388948e-01   3.1328630e-02
   2.6865363e-01   3.4668217e-02
   2.7266878e-01   3.5748038e-02
   2.7089693e-01   3.2003107e-02
   2.6609373e-01   2.9726984e-02
   2.6768239e-01   3.0851844e-02
   2.5909509e-01   2.9175751e-02
   2.4573379e-01   3.3673105e-02
   2.3941588e-01   3.5428843e-02
   2.3581168e-01   3.3648641e-02
   2.2526974e-01   3.3173315e-02
   2.2539355e-01   2.7644430e-02
   2.1365143e-01   2.8847623e-02
   2.1710004e-01   2.6538251e-02
   2.1227663e-01   2.9961778e-02
   1.9944133e-01   3.3237950e-02
   1.9655033e-01   3.3214994e-02
   1.8343086e-01   3.4437107e-02
   1.7798646e-01   2.7204022e-02
   1.8322322e-01   2.5499989e-02
   1.7479135e-01   2.5469907e-02
   1.7932598e-01   2.7755592e-02
   1.6289445e-01   3.3323856e-02
   1.4808586e-01   3.3365579e-02
   1.5088273e-01   2.6130651e-02
   1.3968766e-01   2.6075617e-02
   1.3993861e-01   2.8350694e-02
   1.3172052e-01   2.9450981e-02
   1.2488878e-01   2.8324957e-02
  -2.9474716e-02   2.0015085e-02
  -4.0152972e-02   1.9991148e-02
  -4.9520222e-02   2.0541722e-02
  -4.9608872e-02   2.3363925e-02
  -5.0991391e-02   2.5613538e-02
  -5.6242002e-02   2.6669961e-02
  -6.1628952e-02   1.9999006e-02
  -6.4378891e-02   1.8348907e-02
  -7.0866702e-02   1.9952672e-02
  -8.0505246e-02   2.6698730e-02
  -7.0978615e-02   2.5545576e-02
  -7.7451292e-02   2.4355913e-02
  -8.2903558e-02   1.9388605e-02
  -9.3801482e-02   1.6643055e-02
  -9.6484328e-02   1.6086045e-02
  -1.1519751e-01   2.2717702e-02
  -1.1406983e-01   2.4430191e-02
  -1.1775977e-01   2.2691470e-02
  -1.2833810e-01   2.2652903e-02
  -1.3117972e-01   1.8247298e-02
  -1.3882291e-01   1.4876983e-02
  -1.4456541e-01   1.8229001e-02
  -1.4710601e-01   1.7103814e-02
  -1.6236732e-01   2.5448061e-02
  -1.7243276e-01   2.4223052e-02
  -1.7113089e-01   2.1473099e-02
  -1.9008870e-01   1.7053835e-02
  -1.9185681e-01   1.1573519e-02
  -1.9644269e-01   1.1522166e-02
  -2.1989697e-01   2.2525701e-02
  -2.2348482e-01   2.1923382e-02
  -2.2509517e-01   1.8649887e-02
  -2.3429097e-01   1.4778929e-02
  -2.4951907e-01   1.4231949e-02
  -2.5892836e-01   1.2573875e-02
  -2.6112358e-01   9.2725313e-03
  -2.7444002e-01   1.5787920e-02
  -2.7441867e-01   1.5710045e-02
  -2.9309538e-01   2.0629833e-02
  -3.0123124e-01   1.4639724e-02
  -3.1567617e-01   1.2429648e-02
  -3.2106444e-01   9.1789964e-03
  -3.1108362e-01   9.1758876e-03
  -3.0174721e-01   8.1084821e-03
  -3.0868235e-01   1.2431477e-02
  -3.1824269e-01   1.8906337e-02
  -3.2027437e-01   1.5691224e-02
  -3.2327130e-01   1.8871785e-02
  -3.0807262e-01   1.2408127e-02
  -2.9932145e-01   1.2991263e-02
  -3.3627399e-02   2.0093460e-02
  -2.9640394e-02   2.5168747e-02
  -1.8789569e-02   2.3400715e-02
  -1.8837890e-02   2.8500212e-02
   0.0000000e+00   2.2400000e-02
   1.3464367e-02   2.0118759e-02
   2.6952578e-02   2.1813828e-02
   3.6187935e-02   2.7822983e-02
   3.0944766e-02   2.9612958e-02
   4.0288716e-02   2.7876005e-02
   4.3031261e-02   2.3995767e-02
   4.9808620e-02   2.2898565e-02
   5.6527290e-02   2.5686028e-02
   6.5902343e-02   2.1748738e-02
   6.8552001e-02   2.8995442e-02
   8.0716817e-02   3.0683562e-02
   8.4846190e-02   2.9591800e-02
   8.2129981e-02   3.2387472e-02
   9.0100502e-02   2.3397507e-02
   1.0250963e-01   2.3452367e-02
   1.0364264e-01   2.4518530e-02
   1.0119249e-01   3.1303298e-02
   1.1165211e-01   3.1190581e-02
   1.3042124e-01   2.5563683e-02
   1.5048986e-01   2.1064558e-02
   1.4543498e-01   3.0591691e-02
   1.3848139e-01   3.6136923e-02
   1.3951156e-01   3.8281225e-02
   1.3044938e-01   2.2785022e-02
   1.3872403e-01   2.8938117e-02
   1.6170258e-01   2.2774001e-02
   1.6123725e-01   2.9059243e-02
   1.6495381e-01   3.0106428e-02
   1.6746256e-01   3.1739911e-02
   1.8059649e-01   3.2192264e-02
   1.8981915e-01   3.3238308e-02
   1.9307655e-01   3.3882404e-02
   1.9343396e-01   2.5019781e-02
   1.8954811e-01   2.6168452e-02
   2.0271773e-01   2.3860257e-02
   2.1107577e-01   3.2773133e-02
   2.2028660e-01   3.4368186e-02
   2.2272450e-01   3.5984458e-02
   2.2833217e-01   2.7109053e-02
   2.2653918e-01   2.6508515e-02
   2.3285091e-01   2.7148364e-02
   2.4309081e-01   3.1476106e-02
   2.5303519e-01   3.2050438e-02
   2.6524373e-01   3.0893448e-02
   4.0081034e-01   3.8995109e-02
   4.0382702e-01   3.3019244e-02
   4.0471415e-01   3.1453589e-02
   4.1341969e-01   3.1333825e-02
   4.1501553e-01   3.5137934e-02
   4.2314886e-01   3.7123089e-02
   4.1783037e-01   4.2591103e-02
   4.2179100e-01   3.5627510e-02
   4.2076816e-01   3.8794993e-02
   4.0931559e-01   3.1901018e-02
   4.1631490e-01   2.9606011e-02
   4.1392259e-01   3.1806393e-02
   4.1423604e-01   3.3994040e-02
   4.1013419e-01   4.2162378e-02
   3.9959233e-01   3.6297115e-02
   4.0377623e-01   3.4101842e-02
   4.0375832e-01   3.1491561e-02
   3.9529575e-01   3.2501412e-02
   3.9211194e-01   3.4113319e-02
   3.8179091e-01   3.4900821e-02
   3.7472548e-01   3.6982379e-02
   3.6768974e-01   3.4275212e-02
   3.6469328e-01   3.4944258e-02
   3.6821416e-01   3.0495435e-02
   3.6603397e-01   3.2620806e-02
   3.5893496e-01   3.3854615e-02
   3.6833085e-01   3.3659454e-02
   3.6299075e-01   3.4374636e-02
   3.5574195e-01   3.6568645e-02
   3.5126780e-01   3.7652700e-02
   3.4093868e-01   3.3383436e-02
   3.3867896e-01   3.0021646e-02
   3.3460112e-01   3.0164246e-02
   3.3732146e-01   3.0149964e-02
   3.2574777e-01   3.1245369e-02
   3.1473429e-01   3.5695316e-02
   3.0377787e-01   3.8508716e-02
   2.9407078e-01   3.6327504e-02
   2.9258563e-01   3.1350200e-02
   2.8890569e-01   2.8094605e-02
   2.8322461e-01   2.6988925e-02
   2.6713173e-01   3.0947360e-02
   2.6187676e-01   3.4322479e-02
   2.5722369e-01   3.6486468e-02
   2.5373551e-01   3.4360780e-02
   2.4016677e-01   3.4422194e-02
   2.2897188e-01   2.9407970e-02
   2.2612475e-01   2.4952880e-02
   2.1949945e-01   2.8885975e-02
  -2.6920165e-02   2.4585921e-02
  -3.3613721e-02   2.5674977e-02
  -2.6925720e-02   2.1792067e-02
  -4.0385367e-02   2.2903908e-02
  -4.5734875e-02   1.9530158e-02
  -6.1857438e-02   2.3982767e-02
  -8.2095366e-02   2.6218924e-02
  -7.7860511e-02   2.0026379e-02
  -9.2804805e-02   2.1166325e-02
  -9.2715946e-02   2.0588885e-02
  -9.2705339e-02   2.2258254e-02
  -9.3939863e-02   2.4458157e-02
  -9.3955462e-02   2.2234688e-02
  -1.1406482e-01   2.4985422e-02
  -1.2737934e-01   2.2721973e-02
  -1.3450472e-01   2.0556112e-02
  -1.3576126e-01   1.4429165e-02
  -1.4365854e-01   1.7730637e-02
  -1.5290477e-01   1.7699838e-02
  -1.6107280e-01   2.1578068e-02
  -1.7076541e-01   2.4925609e-02
  -1.7718007e-01   2.1546290e-02
  -1.7741086e-01   1.6590297e-02
  -1.8513171e-01   1.3787383e-02
  -1.9183455e-01   1.4329119e-02
  -1.8781932e-01   1.3232321e-02
  -1.9350795e-01   1.9324164e-02
  -2.0111705e-01   2.3124083e-02
  -1.9330188e-01   2.0408485e-02
  -1.9158566e-01   1.9821006e-02
  -1.9296305e-01   1.6515215e-02
  -2.0368914e-01   1.5946472e-02
  -2.0945894e-01   1.6518599e-02
  -2.1727876e-01   1.8136134e-02
  -2.1556889e-01   1.2617843e-02
  -2.2626971e-01   1.3697706e-02
  -2.2132953e-01   1.5930291e-02
  -2.2638552e-01   2.1937497e-02
  -2.3017598e-01   2.1905606e-02
  -2.3263105e-01   2.1330353e-02
  -2.4589881e-01   2.0302947e-02
  -2.5195812e-01   1.3666552e-02
  -2.5526087e-01   9.2615900e-03
  -2.7156701e-01   9.2497397e-03
  -2.7181027e-01   1.1981664e-02
  -2.6881084e-01   1.6329299e-02
  -2.8076161e-01   2.1191094e-02
  -2.8477249e-01   2.1178446e-02
  -2.8835425e-01   1.8508471e-02
  -2.8982418e-01   8.7080957e-03
  -1.2095452e-01   1.7777323e-02
  -1.1542638e-01   2.2762583e-02
  -1.0914011e-01   2.3977571e-02
  -1.0342736e-01   2.5582245e-02
  -9.6908309e-02   2.5085023e-02
  -7.8257400e-02   1.8448995e-02
  -6.5860847e-02   1.5598963e-02
  -5.5103222e-02   1.7276437e-02
  -4.2913331e-02   2.0586009e-02
  -4.1758191e-02   2.7399451e-02
  -3.0936240e-02   3.2406633e-02
  -2.0205576e-02   2.7409510e-02
  -1.3474087e-03   2.4055932e-02
   0.0000000e+00   2.1796407e-02
  -4.0275466e-03   1.8945189e-02
   1.3474087e-03   2.4055932e-02
   6.7311656e-03   2.2355011e-02
   1.7497334e-02   2.5147584e-02
   2.0227671e-02   2.6317039e-02
   2.8342901e-02   2.8021838e-02
   4.3148232e-02   2.7425962e-02
   4.7112327e-02   2.4017289e-02
   5.3690932e-02   2.1714151e-02
   6.6083125e-02   2.5169802e-02
   6.3241489e-02   2.8471690e-02
   6.5907642e-02   3.2376480e-02
   7.4079738e-02   2.8488498e-02
   7.7957042e-02   2.9541875e-02
   7.8142856e-02   2.5132672e-02
   8.2021180e-02   2.5078289e-02
   9.1420796e-02   2.6738222e-02
   9.9712468e-02   2.3432561e-02
   1.0518877e-01   2.5681994e-02
   1.3216025e-01   2.5637184e-02
   1.3492332e-01   3.1235292e-02
   1.3758990e-01   3.3459680e-02
   1.3910983e-01   3.1256820e-02
   1.3765857e-01   2.8440728e-02
   1.4606953e-01   2.6804078e-02
   1.5793342e-01   2.6167495e-02
   1.6870774e-01   2.7811164e-02
   1.6355539e-01   3.2898022e-02
   1.7540031e-01   3.1128932e-02
   1.8722911e-01   2.7706182e-02
   1.8928091e-01   3.0592537e-02
   3.7816475e-01   3.4172365e-02
   3.7972234e-01   3.7994754e-02
   3.8810256e-01   3.6738124e-02
   3.8616985e-01   3.6826045e-02
   3.9369005e-01   3.2920855e-02
   4.0406456e-01   3.0760068e-02
   4.1345759e-01   3.2854341e-02
   4.1135490e-01   3.7252602e-02
   4.1041381e-01   3.9339621e-02
   4.2464271e-01   3.5927558e-02
   4.1641320e-01   3.8137795e-02
   4.1536472e-01   3.4283468e-02
   4.1570023e-01   3.3881221e-02
   4.1410501e-01   3.0097522e-02
   4.1497112e-01   3.1671899e-02
   4.0081128e-01   4.1576015e-02
   4.0151251e-01   3.8793897e-02
   3.9075301e-01   3.7798398e-02
   3.8660814e-01   3.1314771e-02
   3.7348528e-01   3.0884333e-02
   3.6647170e-01   2.7642953e-02
   3.5781041e-01   3.4848186e-02
   3.4377557e-01   3.7477031e-02
   3.4313461e-01   3.7012326e-02
   3.3912735e-01   3.5949464e-02
   3.3035113e-01   3.5530191e-02
   3.2921402e-01   2.9524240e-02
   3.2665019e-01   2.6150570e-02
   3.1463103e-01   3.2239241e-02
   3.1385034e-01   3.3950572e-02
   3.0737581e-01   3.7709048e-02
   3.0393698e-01   3.7805505e-02
   3.0413193e-01   3.2326446e-02
   2.9831868e-01   2.5724404e-02
   2.8444178e-01   3.1939602e-02
   2.8456556e-01   2.7534140e-02
   2.7782648e-01   3.4587620e-02
   2.7677104e-01   3.4078069e-02
   2.8243569e-01   3.4633371e-02
   2.7041608e-01   2.9738539e-02
   2.6472894e-01   2.9329066e-02
   2.6609373e-01   2.9726984e-02
   2.5846264e-01   3.1474683e-02
   2.5397365e-01   3.7533129e-02
   2.5738712e-01   3.3003394e-02
   2.5306151e-01   3.4089302e-02
   2.5350813e-01   2.6417209e-02
   2.4268459e-01   2.8108276e-02
   2.3526199e-01   2.9879366e-02
   2.3202813e-01   3.2593512e-02
   1.3431506e-02   2.6213839e-02
  -6.7386549e-03   2.0699042e-02
  -2.1458190e-02   1.9480638e-02
  -1.7468853e-02   2.0077998e-02
  -1.7519848e-02   2.1256949e-02
  -2.5492107e-02   2.7298605e-02
  -4.1742921e-02   3.1313659e-02
  -2.6892190e-02   2.5119633e-02
  -1.8813916e-02   1.8962300e-02
  -3.7577560e-02   2.3950905e-02
  -4.5595414e-02   2.0584668e-02
  -6.4616588e-02   2.2887925e-02
  -8.4717795e-02   2.3960757e-02
  -8.9888823e-02   2.7798989e-02
  -8.1725349e-02   1.9983231e-02
  -8.4553062e-02   2.3357138e-02
  -9.1365358e-02   2.1703266e-02
  -1.0874736e-01   1.8328626e-02
  -1.2228628e-01   1.9442215e-02
  -1.2913376e-01   1.9452477e-02
  -1.5046601e-01   2.3281880e-02
  -1.5307061e-01   1.6056236e-02
  -1.6397544e-01   1.6057186e-02
  -1.6665868e-01   1.6606889e-02
  -1.5990720e-01   1.9940107e-02
  -1.5835577e-01   2.4350144e-02
  -1.5854577e-01   2.1604287e-02
  -1.5513462e-01   1.6541195e-02
  -1.6216453e-01   1.3803391e-02
  -1.7052106e-01   1.6584524e-02
  -1.7974117e-01   1.6553596e-02
  -1.7684194e-01   2.0401440e-02
  -1.7165332e-01   2.0431700e-02
  -1.7699732e-01   2.2077164e-02
  -1.8063929e-01   2.3677483e-02
  -1.8374201e-01   1.8753343e-02
  -2.1059840e-01   1.5950071e-02
  -2.1350505e-01   1.4859953e-02
  -2.1888199e-01   1.4300691e-02
  -2.2579564e-01   1.6503616e-02
  -2.2532612e-01   1.8118866e-02
  -2.1616584e-01   1.7056156e-02
  -2.0617047e-01   1.5377132e-02
  -2.0617605e-01   1.4827948e-02
  -2.0638065e-01   1.4842337e-02
  -2.0633023e-01   1.9240066e-02
  -2.0002799e-01   1.9291619e-02
  -2.0344882e-01   1.9227074e-02
  -3.2914440e-01   2.2758485e-02
  -3.1306071e-01   2.1189857e-02
  -3.1018659e-01   1.4662443e-02
  -3.0756261e-01   9.7791929e-03
  -2.9922121e-01   8.1520171e-03
  -3.0004876e-01   1.4170439e-02
  -2.9026193e-01   1.9085228e-02
  -2.8463187e-01   1.7446895e-02
  -2.8092433e-01   1.4743700e-02
  -2.6209188e-01   1.5878580e-02
  -2.4147614e-01   1.3698945e-02
  -2.3385977e-01   1.6487300e-02
  -2.2016504e-01   1.9247895e-02
  -2.1494240e-01   2.3685190e-02
  -2.1004412e-01   1.9880265e-02
  -2.0332609e-01   1.8789835e-02
  -1.8819764e-01   1.2705754e-02
  -1.8452341e-01   1.3843261e-02
  -1.7657740e-01   1.8305448e-02
  -1.7412137e-01   2.3715806e-02
  -1.6002250e-01   2.3840766e-02
  -1.4497641e-01   2.0498892e-02
  -1.3414652e-01   1.4956112e-02
  -1.3305814e-01   1.6652308e-02
  -1.2310747e-01   2.3236751e-02
  -1.1287964e-01   1.9453943e-02
  -1.1830358e-01   2.7253233e-02
  -1.0060115e-01   3.0006114e-02
  -8.9942314e-02   2.0015272e-02
  -7.5208990e-02   1.1127018e-02
  -8.0563481e-02   1.6130483e-02
  -7.2539935e-02   2.4506412e-02
  -5.9148884e-02   2.7889428e-02
  -7.2500858e-02   3.0633015e-02
  -7.1303714e-02   3.0137511e-02
  -5.2250633e-02   2.0004864e-02
  -5.0979530e-02   1.3350320e-02
  -4.4225579e-02   1.4451031e-02
  -4.0231248e-02   2.0587269e-02
  -3.3502246e-02   2.9493876e-02
  -2.4182636e-02   3.4052343e-02
  -2.2747393e-02   3.4473737e-02
  -2.6801797e-02   2.9497153e-02
  -2.1463444e-02   1.5027920e-02
  -1.2086106e-02   1.3372598e-02
  -1.0732782e-02   1.2802776e-02
  -1.3422733e-03   2.1731333e-02
   8.0378782e-03   3.2842358e-02
   2.6767951e-02   3.2247861e-02
