   2.6603309e-02   2.3742917e-02
   2.5269869e-02   2.5399881e-02
   2.5287534e-02   2.8741243e-02
   2.5293619e-02   2.5977662e-02
   2.7958607e-02   2.4871260e-02
   2.9353889e-02   2.2151037e-02
   2.6630625e-02   2.3213640e-02
   2.5269869e-02   2.5399881e-02
   2.5293619e-02   2.5977662e-02
   2.5318559e-02   2.6003323e-02
   2.9291237e-02   2.4318057e-02
   2.7987393e-02   2.4342586e-02
   2.6601037e-02   2.4847238e-02
   2.3988154e-02   2.4897248e-02
   2.2585596e-02   2.6479045e-02
   2.6623633e-02   2.6529874e-02
   2.2543323e-02   2.5325862e-02
   2.6603309e-02   2.3742917e-02
   2.5245024e-02   2.5374865e-02
   2.6604407e-02   2.3190756e-02
   2.1299890e-02   2.5978991e-02
   2.5269869e-02   2.5399881e-02
   2.9231080e-02   2.5373351e-02
   2.7906004e-02   2.3719062e-02
   3.1859901e-02   2.4245205e-02
   2.9261141e-02   2.4846224e-02
   2.9347797e-02   2.4919917e-02
   2.3934243e-02   2.8161244e-02
   2.7961000e-02   2.3765871e-02
   2.9177471e-02   2.3671945e-02
   2.7933475e-02   2.3742443e-02
   2.6599862e-02   2.5399399e-02
   2.2589622e-02   2.4272458e-02
   2.4009678e-02   2.6029505e-02
   2.5245024e-02   2.5374865e-02
   3.0621332e-02   2.4870195e-02
   2.9289969e-02   2.4870740e-02
   2.7881943e-02   2.2042536e-02
   2.5277169e-02   2.1534681e-02
   2.6680975e-02   2.4367142e-02
   2.6597436e-02   2.6503721e-02
   2.7929855e-02   2.5398893e-02
   2.6577146e-02   2.3719534e-02
   2.6576026e-02   2.4271151e-02
   2.2591505e-02   2.3169164e-02
   2.2612813e-02   2.3744198e-02
   1.9953305e-02   2.3192729e-02
   2.2614657e-02   2.2639817e-02
   2.6522721e-02   2.4773971e-02
   2.9318855e-02   2.4895304e-02
   2.2636945e-02   2.2662159e-02
   2.3892847e-02   2.5350353e-02
   1.9968647e-02   2.5979383e-02
   1.7290674e-02   2.4850029e-02
   2.1300853e-02   2.5426246e-02
   2.1302718e-02   2.4320757e-02
   2.2612813e-02   2.3744198e-02
   1.9931160e-02   2.4824875e-02
   2.1278929e-02   2.5953377e-02
   1.8654917e-02   2.6558724e-02
   2.7906004e-02   2.3719062e-02
   2.5245024e-02   2.5374865e-02
   2.5317388e-02   2.6556585e-02
   2.2591505e-02   2.3169164e-02
   2.3967563e-02   2.3214499e-02
   2.5323001e-02   2.3790274e-02
   2.3890676e-02   2.6452542e-02
   2.2562358e-02   2.7004094e-02
   2.7843807e-02   2.6975567e-02
   2.3891773e-02   2.5901447e-02
   2.3935416e-02   2.7609063e-02
   2.6524974e-02   2.3672906e-02
   2.5275205e-02   2.2639024e-02
   2.2636945e-02   2.2662159e-02
   2.5296977e-02   2.4319513e-02
   2.5320829e-02   2.4896798e-02
   2.9259848e-02   2.5398362e-02
   2.9258528e-02   2.5950500e-02
   2.5269869e-02   2.5399881e-02
   2.6527124e-02   2.2571840e-02
   2.6579310e-02   2.2616300e-02
   2.2570213e-02   2.2595262e-02
   2.9203653e-02   2.4797337e-02
   2.2604563e-02   2.8161723e-02
   2.5270985e-02   2.4847709e-02
   3.0679032e-02   2.6026896e-02
   2.9326057e-02   2.1575930e-02
   3.3217136e-02   2.5371615e-02
   3.3187397e-02   2.4244630e-02
   3.5941904e-02   2.6525624e-02
   3.3210960e-02   2.7577843e-02
   3.3249828e-02   2.5396622e-02
   3.3249828e-02   2.5396622e-02
   3.0597504e-02   2.2085049e-02
   3.7282875e-02   2.3209300e-02
   3.3319738e-02   2.3787209e-02
   3.7316524e-02   2.4338512e-02
   3.8454532e-02   2.5869524e-02
   3.4511890e-02   2.5346033e-02
   3.9939100e-02   2.5418273e-02
   2.1284383e-02   2.2640180e-02
   2.3829462e-02   2.1429434e-02
   1.8670621e-02   2.8246550e-02
   2.2582349e-02   2.8133985e-02
   2.5239096e-02   2.8133002e-02
   2.9266027e-02   2.2637671e-02
   2.7853481e-02   2.2571393e-02
   2.6602186e-02   2.4295077e-02
   2.5221336e-02   2.4798814e-02
   2.9225645e-02   2.7579729e-02
   3.6014516e-02   2.6024351e-02
   3.4444225e-02   2.5296270e-02
   3.7172976e-02   2.3140820e-02
   3.3286905e-02   2.3763742e-02
   3.5949857e-02   2.3762538e-02
   3.3276371e-02   2.7632258e-02
   3.1951280e-02   2.5422284e-02
   2.7899854e-02   2.6477092e-02
   2.6580353e-02   2.2064682e-02
   2.5296977e-02   2.4319513e-02
   2.2610881e-02   2.4848579e-02
   1.7325529e-02   2.4345817e-02
   1.3287440e-02   2.4826381e-02
   1.4629924e-02   2.5402845e-02
   1.3271975e-02   2.7006566e-02
   1.7256704e-02   2.4801119e-02
   1.1959212e-02   2.4274908e-02
   1.2008409e-02   2.2155403e-02
   1.0630858e-02   2.3723401e-02
   9.3003793e-03   2.5930418e-02
   1.0639465e-02   2.5955800e-02
   9.2821285e-03   2.5879426e-02
   7.9803111e-03   2.4851636e-02
   5.3256795e-03   2.4323601e-02
   0.0000000e+00   2.2047244e-02
   5.3210958e-03   2.2642822e-02
   1.0621693e-02   2.2046561e-02
   5.3192368e-03   2.7060933e-02
   3.9823163e-03   2.4803041e-02
  -1.3289655e-03   2.2620679e-02
   0.0000000e+00   2.3172414e-02
   0.0000000e+00   2.3149606e-02
   1.3301093e-03   2.4299791e-02
   7.9822638e-03   2.1538084e-02
   1.0630858e-02   2.3723401e-02
   1.3299931e-02   2.5403104e-02
   1.8635664e-02   2.7085271e-02
   2.2562358e-02   2.7004094e-02
   2.7928595e-02   2.5951043e-02
   3.4690959e-02   2.2148958e-02
   3.5914468e-02   2.3739120e-02
   3.7276493e-02   2.5419709e-02
   3.0584143e-02   2.7606312e-02
   3.3307534e-02   2.8212737e-02
   3.0650171e-02   2.5447974e-02
   3.4615418e-02   2.4868414e-02
   3.7209537e-02   2.3163602e-02
   3.3282583e-02   2.5421677e-02
   2.2632157e-02   2.5425837e-02
   1.7257446e-02   2.4249983e-02
   2.1306200e-02   2.2109779e-02
   2.2636945e-02   2.2662159e-02
   2.3967563e-02   2.3214499e-02
   2.6631700e-02   2.2660934e-02
   2.9232368e-02   2.4821756e-02
   3.4575039e-02   2.7052253e-02
   3.4610723e-02   2.6526309e-02
   3.9737883e-02   2.6943116e-02
   4.1148791e-02   2.5342537e-02
   3.9906611e-02   2.3185121e-02
   4.1279135e-02   2.2654745e-02
   4.1275762e-02   2.3759854e-02
   4.2551851e-02   2.7599672e-02
   4.2595804e-02   2.7074353e-02
   3.9896153e-02   2.6497281e-02
   4.2516020e-02   2.5918157e-02
   4.6553825e-02   2.4285340e-02
   4.3931023e-02   2.5968455e-02
   4.6605475e-02   2.2651834e-02
   4.3936856e-02   2.4310894e-02
   4.1272229e-02   2.4864964e-02
   3.5970332e-02   2.8764468e-02
   4.2557859e-02   2.5943692e-02
   4.1192840e-02   2.4264548e-02
   3.8583790e-02   2.0425573e-02
   3.0529748e-02   2.5347837e-02
   3.4575039e-02   2.7052253e-02
   2.5267564e-02   2.6504223e-02
   2.5246136e-02   2.4823237e-02
   2.3892847e-02   2.5350353e-02
   2.1286833e-02   2.0983581e-02
   2.2592413e-02   2.2617518e-02
   2.5252302e-02   2.1513472e-02
   1.8637404e-02   2.5979750e-02
   1.9984520e-02   2.8218244e-02
   2.2583453e-02   2.7582338e-02
   2.2587653e-02   2.5375751e-02
   2.3921379e-02   2.2617133e-02
   1.9948996e-02   2.5953768e-02
   3.1954077e-02   2.4316967e-02
   3.3251296e-02   2.4844521e-02
   3.0568576e-02   2.1511719e-02
   2.9322584e-02   2.3235617e-02
   2.7929855e-02   2.5398893e-02
   2.1321858e-02   2.5451365e-02
   2.3964520e-02   2.4872678e-02
   2.2566459e-02   2.4799678e-02
   1.8605517e-02   2.2618538e-02
   2.2656461e-02   2.4344391e-02
   2.2569307e-02   2.3146366e-02
   1.9990128e-02   2.4898451e-02
   1.8619903e-02   2.5401918e-02
   2.3941967e-02   2.4295975e-02
   1.8639071e-02   2.4874229e-02
   1.8639071e-02   2.4874229e-02
   2.2611858e-02   2.4296388e-02
   1.7258882e-02   2.3147712e-02
   1.9949897e-02   2.5401560e-02
   1.4630570e-02   2.4850609e-02
   1.9914094e-02   2.3147084e-02
   1.8638247e-02   2.5426989e-02
   1.9973775e-02   2.2662866e-02
   2.1299890e-02   2.5978991e-02
   1.9912438e-02   2.4249326e-02
   2.1241701e-02   2.3146736e-02
   1.7291421e-02   2.4297806e-02
   1.8602416e-02   2.4825225e-02
   2.1277948e-02   2.6505576e-02
   1.8586488e-02   2.3147409e-02
   1.7291421e-02   2.4297806e-02
   1.5974180e-02   2.6533183e-02
   1.9947138e-02   2.7058184e-02
   2.2682550e-02   2.2153149e-02
   2.3922318e-02   2.2065496e-02
   1.9972969e-02   2.3215619e-02
   2.3987090e-02   2.5450520e-02
   2.1277948e-02   2.6505576e-02
   2.3916338e-02   2.5375320e-02
   2.2568379e-02   2.3697470e-02
   1.8657453e-02   2.4898803e-02
   2.5252302e-02   2.1513472e-02
   2.5295883e-02   2.4872230e-02
   2.6546414e-02   2.5900494e-02
   2.6570042e-02   2.7029236e-02
   2.7871148e-02   2.7002107e-02
   2.7903624e-02   2.4822274e-02
   2.5246136e-02   2.4823237e-02
   2.2613746e-02   2.3192007e-02
   2.1223339e-02   2.1472269e-02
   3.0568576e-02   2.1511719e-02
   2.6529173e-02   2.1470775e-02
   3.0619977e-02   2.5422866e-02
   2.7899854e-02   2.6477092e-02
   2.9283206e-02   2.7634155e-02
   2.9254397e-02   2.7606915e-02
   3.5988264e-02   2.2679677e-02
   3.5946781e-02   2.4867773e-02
   3.4547344e-02   2.4819445e-02
   3.0559765e-02   2.5372797e-02
   2.9375489e-02   2.5498902e-02
   2.5299094e-02   2.3214081e-02
   2.3938796e-02   2.5952519e-02
   3.4547344e-02   2.4819445e-02
   3.0619977e-02   2.5422866e-02
   1.8619903e-02   2.5401918e-02
   1.3299931e-02   2.5403104e-02
   2.1300853e-02   2.5426246e-02
   2.2590574e-02   2.3720811e-02
   2.6551034e-02   2.3696197e-02
   2.7933475e-02   2.3742443e-02
   1.9969550e-02   2.5426630e-02
   1.8658262e-02   2.4345497e-02
   2.2655479e-02   2.4897673e-02
   2.3942978e-02   2.3743794e-02
   2.3896913e-02   2.3145974e-02
   1.9932860e-02   2.3721548e-02
   1.7251042e-02   2.8659071e-02
   1.8654917e-02   2.6558724e-02
   1.8636543e-02   2.6532511e-02
   2.2656461e-02   2.4344391e-02
   2.6555246e-02   2.1491899e-02
   2.5275205e-02   2.2639024e-02
   2.1299890e-02   2.5978991e-02
   1.7288333e-02   2.6506697e-02
   1.7286689e-02   2.7611143e-02
   1.8639878e-02   2.4321468e-02
   1.9892041e-02   2.4776066e-02
   1.9896121e-02   2.2023170e-02
   1.8644340e-02   2.1004904e-02
   1.8642190e-02   2.2663186e-02
   2.3987090e-02   2.5450520e-02
   2.2606756e-02   2.7057342e-02
   3.0644438e-02   2.7660841e-02
   2.9233629e-02   2.4270162e-02
   2.5247225e-02   2.4271610e-02
   3.0657879e-02   2.2128673e-02
   2.6629524e-02   2.3766346e-02
   1.3288573e-02   2.3722987e-02
   9.3274586e-03   2.6560629e-02
   7.9734722e-03   2.3172009e-02
   9.2916626e-03   2.5353729e-02
   1.1972936e-02   2.2089860e-02
   2.3942978e-02   2.3743794e-02
   2.6596184e-02   2.7055882e-02
   3.3248327e-02   2.5948722e-02
   3.3281078e-02   2.5974322e-02
   3.9815926e-02   2.6996108e-02
   3.9896153e-02   2.6497281e-02
   4.5173271e-02   2.5916498e-02
   4.1189249e-02   2.5367482e-02
   3.9940867e-02   2.4865702e-02
   3.5912951e-02   2.4291193e-02
   3.4578260e-02   2.5948079e-02
   2.9262405e-02   2.4294085e-02
   3.0656669e-02   2.2681890e-02
   3.1929055e-02   2.1532431e-02
   2.6524974e-02   2.3672906e-02
   3.5949857e-02   2.3762538e-02
   3.1942149e-02   2.8738234e-02
   3.4675720e-02   2.7686197e-02
   3.7285850e-02   2.2104095e-02
   3.7284380e-02   2.2656697e-02
   3.4613887e-02   2.5421046e-02
   3.1857129e-02   2.5347260e-02
   3.1855697e-02   2.5898287e-02
   3.0615734e-02   2.7080879e-02
   3.3214112e-02   2.6474729e-02
   3.1948360e-02   2.6527600e-02
   3.5914468e-02   2.3739120e-02
   3.7281334e-02   2.3761902e-02
   3.3222801e-02   2.3165388e-02
   2.9234861e-02   2.3718567e-02
   2.9177471e-02   2.3671945e-02
   3.3187397e-02   2.4244630e-02
   3.0526974e-02   2.6449916e-02
   2.6517911e-02   2.6976102e-02
   1.8619063e-02   2.5954134e-02
   1.1959212e-02   2.4274908e-02
   8.0046326e-03   2.3817583e-02
   1.0663610e-02   2.2133696e-02
   1.3289655e-03   2.2620679e-02
   0.0000000e+00   2.4323791e-02
   0.0000000e+00   2.4299803e-02
   9.3016091e-03   2.4275285e-02
   1.8623835e-02   2.2640840e-02
   2.6572512e-02   2.5926002e-02
   3.5877635e-02   2.4267278e-02
   2.6596184e-02   2.7055882e-02
   3.1915421e-02   2.7053567e-02
   3.7096996e-02   2.4195172e-02
   3.8461212e-02   2.3667862e-02
   3.3185969e-02   2.4795644e-02
   3.4579821e-02   2.5395992e-02
   3.9937294e-02   2.5970845e-02
   3.7152286e-02   2.9752483e-02
   3.1925289e-02   2.3188772e-02
   2.7865655e-02   2.9206360e-02
   3.4623905e-02   2.1552626e-02
   3.0683121e-02   2.4365605e-02
   2.9251503e-02   2.8711192e-02
   3.1887015e-02   2.5923788e-02
   3.0577972e-02   2.9814816e-02
   3.4507136e-02   2.6999035e-02
   2.9298248e-02   2.1001958e-02
   3.4548834e-02   2.4267901e-02
   3.3156217e-02   2.3670332e-02
   3.5872891e-02   2.5921865e-02
   4.2565295e-02   2.3735718e-02
   4.5260176e-02   2.6520111e-02
   4.2605436e-02   2.4311664e-02
   3.3169938e-02   3.0305787e-02
   3.4542677e-02   2.6474074e-02
   3.0587051e-02   2.6502059e-02
   2.6574880e-02   2.4822768e-02
   2.5273144e-02   2.3743367e-02
   2.1329622e-02   2.0471750e-02
   1.5980264e-02   2.1558211e-02
   1.5927848e-02   2.5903705e-02
   1.8633853e-02   2.8190793e-02
   1.9948996e-02   2.5953768e-02
   1.7324010e-02   2.5452446e-02
   1.3315850e-02   2.2664246e-02
   5.3210958e-03   2.2642822e-02
  -2.6605479e-03   2.2642954e-02
  -6.6576563e-03   2.3217881e-02
  -6.6508273e-03   2.3747246e-02
  -7.9813221e-03   2.3194860e-02
  -2.6574880e-03   2.4827538e-02
   0.0000000e+00   2.7613412e-02
   0.0000000e+00   2.4323791e-02
   1.3339315e-03   2.5479711e-02
   9.2848565e-03   2.2025044e-02
   5.3152052e-03   2.4275674e-02
   1.5898712e-02   2.4202641e-02
   2.5320829e-02   2.4896798e-02
   3.4649556e-02   2.4892972e-02
   3.4573379e-02   2.7604339e-02
   3.9909788e-03   2.2090633e-02
   4.0031080e-03   2.1048374e-02
   2.6610454e-03   1.9881618e-02
   1.3288013e-03   2.4275850e-02
   1.3299931e-03   2.5404327e-02
   1.1970984e-02   2.4298846e-02
   1.0639465e-02   2.5955800e-02
   1.4616814e-02   2.4274437e-02
   9.3283129e-03   2.5453937e-02
   1.9932860e-02   2.3721548e-02
   1.9951639e-02   2.4297144e-02
   1.9972143e-02   2.3768372e-02
   1.9970434e-02   2.4873877e-02
   1.8582490e-02   2.5903053e-02
   1.7272133e-02   2.5928908e-02
   1.3288573e-02   2.3722987e-02
   1.3264587e-02   2.1473888e-02
   9.3299131e-03   2.3240551e-02
   5.3357261e-03   2.5479524e-02
   7.9874588e-03   2.5981775e-02
   2.6524974e-03   2.3677437e-02
   7.9809928e-03   2.3747119e-02
   6.6374794e-03   2.4251675e-02
   6.6636651e-03   2.4347529e-02
   1.0663189e-02   2.2687038e-02
   9.3274586e-03   2.6560629e-02
   9.3007982e-03   2.5378707e-02
   1.1956519e-02   2.7033420e-02
   3.9894276e-03   2.7061026e-02
   2.6578241e-03   2.3172369e-02
   5.3166657e-03   2.0413635e-02
   5.3213051e-03   2.2090558e-02
   3.9944286e-03   2.3770873e-02
   3.9774967e-03   2.7531837e-02
   0.0000000e+00   2.5404339e-02
  -1.0652680e-02   2.2664644e-02
  -7.9816437e-03   2.2642602e-02
   0.0000000e+00   1.9881657e-02
   1.3292592e-03   1.9310335e-02
   0.0000000e+00   2.3195266e-02
   5.3140083e-03   2.7034273e-02
   5.2934435e-03   2.6378600e-02
   7.9788552e-03   2.7060670e-02
   1.7325529e-02   2.4345817e-02
   2.5300115e-02   2.2661365e-02
   2.9268301e-02   2.1533394e-02
   3.5906538e-02   2.6499483e-02
   3.1925289e-02   2.3188772e-02
   3.3323782e-02   2.2127637e-02
   2.5296977e-02   2.4319513e-02
   2.2605671e-02   2.7609532e-02
   1.9931160e-02   2.4824875e-02
   1.8566702e-02   2.4225827e-02
   1.4601826e-02   2.4801696e-02
   1.3316375e-02   2.2111460e-02
   1.0651810e-02   2.3770236e-02
   1.5961986e-02   2.3745872e-02
   1.8584942e-02   2.4249666e-02
   1.7255945e-02   2.5352255e-02
   1.7308458e-02   2.4321788e-02
   2.1265096e-02   2.1514568e-02
   2.1307019e-02   2.1557035e-02
   2.2586635e-02   2.5927398e-02
   2.8015024e-02   2.4366653e-02
   3.4575039e-02   2.7052253e-02
   3.8569800e-02   2.5393956e-02
   3.8574799e-02   2.3737828e-02
   3.5943565e-02   2.5973007e-02
   3.4578260e-02   2.5948079e-02
   3.3251296e-02   2.4844521e-02
   3.5948336e-02   2.4315155e-02
   2.1277948e-02   2.6505576e-02
   1.5945616e-02   2.4274166e-02
   1.1996562e-02   2.2133512e-02
   7.9825623e-03   2.0985826e-02
   6.6505465e-03   2.4299507e-02
   1.4642308e-02   2.7086261e-02
   1.4643674e-02   2.5980699e-02
   1.8640667e-02   2.3768707e-02
   1.5932539e-02   2.2045706e-02
   1.7272133e-02   2.5928908e-02
   1.5975640e-02   2.5427634e-02
   1.8639878e-02   2.4321468e-02
   1.8588672e-02   2.1494022e-02
   1.8550034e-02   2.3101941e-02
   2.1238086e-02   2.5351187e-02
   2.2588648e-02   2.4824105e-02
   2.1339936e-02   2.7138046e-02
   2.3987090e-02   2.5450520e-02
   2.2654474e-02   2.5450955e-02
   2.3916338e-02   2.5375320e-02
   2.3898808e-02   2.2043785e-02
   1.8623835e-02   2.2640840e-02
   1.7258172e-02   2.3698848e-02
   1.5973427e-02   2.7085957e-02
   1.8616435e-02   2.7610781e-02
