   1.2833012e-03   2.5172742e-03
  -4.6197157e-02  -5.0313747e-03
  -5.5128205e-02   0.0000000e+00
  -6.8015762e-02  -5.0276742e-04
  -8.7093554e-02   5.0133922e-04
  -9.6247594e-02   2.5104044e-03
  -1.1293189e-01   0.0000000e+00
  -1.1432784e-01  -1.0040299e-03
  -1.1829588e-01  -3.5166270e-03
  -1.2447300e-01  -6.0139528e-03
  -1.4271992e-01  -6.0172541e-03
  -1.4900829e-01  -3.5047193e-03
  -1.5083514e-01  -1.4943993e-03
  -1.5271404e-01  -1.5000505e-03
  -1.5339048e-01  -2.4901002e-03
  -1.4471109e-01  -7.9900455e-03
  -1.3434512e-01  -4.4937824e-03
  -1.2692005e-01  -3.5040490e-03
  -1.1549711e-01   2.5073989e-03
  -1.0790177e-01   4.0178037e-03
  -9.3405105e-02   1.5020334e-03
  -8.5559921e-02   0.0000000e+00
  -7.9329325e-02  -3.0062188e-03
  -7.8125008e-02  -4.5140229e-03
  -7.6922142e-02  -2.5104019e-03
  -6.0137329e-02  -2.0057291e-03
  -6.2944633e-02   5.0336287e-04
  -5.1280455e-02   4.0205416e-03
  -4.3675697e-02   1.5110052e-03
  -4.3589404e-02  -2.0107043e-03
  -4.4960277e-02  -1.5109543e-03
  -4.2181586e-02  -4.0096891e-03
  -3.8461071e-02  -2.5136930e-03
  -2.5615652e-02   1.5070966e-03
  -2.3120904e-02   6.0464745e-03
  -1.7965377e-02   5.5374771e-03
  -2.0492124e-02   3.5168045e-03
  -2.1794776e-02  -1.5086637e-03
  -1.5384249e-02  -3.5204635e-03
  -9.0007734e-03  -3.5310726e-03
  -5.1383173e-03   1.5118459e-03
  -1.2781804e-03   6.0176962e-03
  -7.6989410e-03   8.0551400e-03
  -1.1549576e-02   3.5240465e-03
  -7.7151335e-03   0.0000000e+00
   3.8497987e-03  -4.5310759e-03
   1.4115495e-02  -6.0411049e-03
   1.4116486e-02   0.0000000e+00
   1.9173708e-02   3.0085223e-03
   2.1772723e-02   4.0191407e-03
   2.0592838e-02   5.5537586e-03
   2.4382439e-02   3.5235659e-03
   2.3145118e-02  -2.5218555e-03
   2.5665537e-02  -4.0268559e-03
   2.3099299e-02  -3.0202537e-03
   2.5665887e-02   3.0201419e-03
   3.4613348e-02   5.5305841e-03
   4.7572724e-02   6.5534762e-03
   5.1481515e-02   6.0546595e-03
   6.0434947e-02   1.5117204e-03
   5.6410229e-02  -5.0248573e-04
   5.3899073e-02   1.5090688e-03
   5.9147014e-02   4.5353672e-03
   6.4351105e-02   6.5563274e-03
   7.5715106e-02   2.0104133e-03
   8.2372200e-02   5.0393978e-03
   1.2367315e-01   7.5476791e-03
   1.2845223e-01   5.0151008e-03
   1.5143021e-01  -2.0002951e-03
   1.6089109e-01   0.0000000e+00
   1.6457374e-01   7.0063837e-03
   1.8015529e-01   1.1003702e-02
   1.9280441e-01   1.3971686e-02
   2.0917413e-01   3.9764911e-03
   2.2395765e-01   2.4880997e-03
   2.3167908e-01   2.9827055e-03
   2.4324396e-01   6.9486920e-03
   2.4861321e-01   9.9290119e-03
   2.5761964e-01   1.0907705e-02
   2.5966345e-01   1.2366844e-02
   2.5583521e-01   9.8990784e-03
   2.4217245e-01   9.9379856e-03
   2.2630782e-01   2.4848833e-03
   2.1514567e-01   6.4826700e-03
   2.0632322e-01   7.9951448e-03
   1.9669348e-01   1.0474209e-02
   2.0204346e-01   9.4802064e-03
   1.8881841e-01   6.4833426e-03
   1.7596881e-01   7.4909586e-03
   1.6878089e-01  -5.0124405e-04
   1.6314197e-01  -1.0000610e-03
   1.5460366e-01   4.0153104e-03
   1.4928052e-01   9.5314016e-03
   1.4385772e-01   7.5134154e-03
   1.4041842e-01   8.0404352e-03
   1.3744516e-01   4.5104319e-03
   1.3372793e-01   2.0072120e-03
   1.2460176e-01   3.5115741e-03
   1.3514792e-01   1.5067312e-03
   1.3602834e-01   3.5050486e-03
   1.3358217e-01   7.5196851e-03
   1.2740077e-01   1.0050842e-02
   1.2832412e-01   5.5112177e-03
   1.2344189e-01   1.0043842e-03
   1.2074103e-01   6.5233033e-03
   1.0929126e-01   5.5294530e-03
   1.0682833e-01   4.0260324e-03
   1.0533468e-01   2.5115316e-03
   1.0683085e-01   2.0130162e-03
   1.0147820e-01   4.5218164e-03
   9.2572727e-02   7.0444730e-03
   8.0921111e-02   7.0417043e-03
   7.5863105e-02   4.0287539e-03
   7.0652139e-02   5.0320995e-04
   7.1935495e-02  -3.0190966e-03
   6.9504950e-02   0.0000000e+00
   5.7859426e-02   6.0474249e-03
   6.0546412e-02   8.5833591e-03
   5.2767906e-02   6.5589545e-03
   5.1431179e-02   5.5446234e-03
   4.8717356e-02  -2.5130289e-03
   4.7622269e-02  -4.0368961e-03
   2.8260745e-02  -1.5115006e-03
   1.9325914e-02   2.0215804e-03
   1.7965727e-02   4.5306631e-03
  -5.0147975e-02  -2.0163045e-03
  -5.3898652e-02  -2.5151146e-03
  -6.0135931e-02   4.0114581e-03
  -6.4164719e-02   3.0170576e-03
  -7.4428753e-02   5.0263189e-03
  -8.4530543e-02  -3.0084249e-03
  -1.0640772e-01  -3.5089745e-03
  -1.1526640e-01  -4.5044942e-03
  -1.2143536e-01  -9.9860251e-04
  -1.2283173e-01  -3.4981982e-03
  -1.2910421e-01  -1.9960804e-03
  -1.3359521e-01  -2.5065617e-03
  -1.4244790e-01  -1.0009192e-03
  -1.4886012e-01  -4.0014906e-03
  -1.4385975e-01  -7.0125210e-03
  -1.4728607e-01  -3.9941497e-03
  -1.3319964e-01  -2.9990763e-03
  -1.3191958e-01  -2.4994787e-03
  -1.3089730e-01  -2.0036886e-03
  -1.3461512e-01  -1.0005671e-03
  -1.2576352e-01  -2.5055778e-03
  -1.1794820e-01  -1.5027034e-03
  -1.0630537e-01   5.0079148e-04
  -1.0009633e-01  -3.5137846e-03
  -9.4964292e-02  -2.5105856e-03
  -9.2398095e-02  -2.0087528e-03
  -8.8723341e-02  -2.0131211e-03
  -7.5790477e-02   5.0309829e-04
  -6.5449161e-02   0.0000000e+00
  -5.8974244e-02   1.0048837e-03
  -5.5128178e-02   5.0250695e-04
  -5.2460401e-02  -1.5046808e-03
  -4.3589659e-02  -1.0053522e-03
  -4.3718898e-02  -1.5124981e-03
  -3.6003886e-02   1.0085154e-03
  -3.3333333e-02   0.0000000e+00
  -2.3099693e-02   5.0337562e-04
  -1.1584153e-02  -5.0493045e-04
  -7.7151184e-03   1.0088843e-03
  -3.8651656e-03   2.5272435e-03
   2.5666225e-03   1.5103623e-03
   1.2820457e-02  -1.5088024e-03
   2.7029372e-02   2.5242069e-03
   3.3331372e-02   5.5307266e-03
   3.2145619e-02   3.5300782e-03
   3.0890711e-02   2.5240400e-03
   3.3465347e-02   0.0000000e+00
   4.3762376e-02   0.0000000e+00
   5.7806070e-02   1.5103653e-03
   6.9434028e-02   4.0298640e-03
   6.9365930e-02   3.5226566e-03
   7.0790830e-02   3.0252208e-03
   7.0719255e-02   4.5333560e-03
   7.7224657e-02   4.5365566e-03
   8.3496556e-02   3.0174976e-03
   9.2579383e-02   3.5222365e-03
   9.6533471e-02   2.5178202e-03
   1.0148043e-01   3.0145442e-03
   9.7817899e-02   4.5317428e-03
   1.0693420e-01   4.0299957e-03
   1.1595497e-01   2.5172607e-03
   1.1746787e-01   6.5571931e-03
   1.1420580e-01   6.5198013e-03
   1.1432354e-01   4.5181346e-03
   1.1220150e-01   2.0163134e-03
   2.2051130e-01   7.4823828e-03
   2.3210163e-01   9.4633960e-03
   2.3161779e-01   1.1930822e-02
   2.3210163e-01   9.4633960e-03
   2.2545737e-01   5.4781760e-03
   2.3342324e-01   4.4818898e-03
   2.4220289e-01   5.9627913e-03
   2.4216246e-01   1.0931784e-02
   2.3618468e-01   1.1460752e-02
   2.3362703e-01   8.9724025e-03
   2.3315539e-01   9.9501920e-03
   2.4348499e-01   6.9553454e-03
   2.3703660e-01   7.9560095e-03
   2.3482765e-01   6.4406644e-03
   2.2650967e-01   7.4618132e-03
   2.2179386e-01   8.4786429e-03
   2.2134275e-01   9.9556789e-03
   2.1427216e-01   9.9350011e-03
   2.1084690e-01   8.9629592e-03
   2.1108652e-01   2.4921126e-03
   2.1000898e-01   1.4969456e-03
   2.0135056e-01   1.0009698e-02
   1.9599317e-01   1.0005926e-02
   1.9469570e-01   1.1008124e-02
   1.8679799e-01   7.5046684e-03
   1.7708530e-01   5.9861697e-03
   1.6715722e-01   3.5023218e-03
   1.5558366e-01   4.0070119e-03
   1.4989697e-01   3.5253487e-03
   1.4529145e-01   6.0159515e-03
   1.4914692e-01   6.5151187e-03
   1.5542719e-01   5.0038852e-03
   1.5459759e-01   6.0229657e-03
   1.4915195e-01   5.0116297e-03
   1.5158073e-01   1.0011226e-03
   1.5217984e-01   3.0151252e-03
   1.4627503e-01   9.0053465e-03
   1.4427295e-01   1.0047311e-02
   1.3642254e-01   7.0306928e-03
   1.2870883e-01   4.0199483e-03
   1.2625966e-01   4.0246689e-03
   1.2588877e-01   1.5048184e-03
   1.2626264e-01   2.0123344e-03
   1.2497424e-01   2.0125254e-03
   1.2355945e-01   4.5241638e-03
   1.1993050e-01   6.5495642e-03
   1.1957615e-01   6.0279624e-03
   1.2986830e-01   3.5136672e-03
   1.3012654e-01   3.0176253e-03
   1.2716640e-01   5.5171418e-03
   1.2729815e-01   2.5102487e-03
   1.3256776e-01   5.0234507e-03
   1.2999083e-01   6.0293343e-03
   1.2729217e-01   5.5225471e-03
   1.2215031e-01   5.0223861e-03
   1.1666462e-01   3.0056720e-03
   1.0800849e-01   4.0217505e-03
   1.1058163e-01   3.0158148e-03
   1.0404889e-01   3.5164223e-03
   9.9006957e-02   4.5269486e-03
   9.4049777e-02   4.5371993e-03
   8.8634806e-02   3.0167116e-03
   8.5894763e-02   4.0149138e-03
   8.7351395e-02   1.5084562e-03
   8.2294597e-02   1.0068866e-03
   3.9821648e-02   2.5185815e-03
   3.7252310e-02   3.0224747e-03
   3.8384916e-02   3.5122487e-03
   3.2050518e-02   3.5196405e-03
   2.9516159e-02   1.5099761e-03
   3.0829904e-02   1.5114327e-03
   2.1859160e-02   3.0262784e-03
   1.7966358e-02   1.5102210e-03
   1.4102454e-02   2.0117160e-03
   1.4060964e-02   0.0000000e+00
   8.9831481e-03   2.0137723e-03
   8.9832182e-03   0.0000000e+00
   6.4039285e-03   1.0049139e-03
   1.1527088e-02  -5.0244330e-04
   7.7074760e-03   1.5118311e-03
   1.1584068e-02   2.0197218e-03
   1.0246286e-02   1.0048949e-03
   1.5369339e-02   2.0097118e-03
   1.0266530e-02  -5.0343938e-04
   2.5666225e-03   1.5103623e-03
   2.5615714e-03   1.0049242e-03
  -3.8613786e-03   1.0098965e-03
  -6.4102065e-03   2.0118099e-03
  -1.4116479e-02   5.0342540e-04
  -1.4074796e-02  -5.0193909e-04
  -2.0512731e-02   1.5086879e-03
  -2.1816344e-02  -1.0067684e-03
  -2.9516274e-02   5.0332537e-04
  -2.8149606e-02   0.0000000e+00
  -3.1987802e-02   2.5090830e-03
  -3.4615385e-02   0.0000000e+00
  -3.5826754e-02   5.0177799e-04
  -3.7179469e-02  -5.0275301e-04
  -4.3632753e-02  -5.0317175e-04
  -4.6108352e-02   5.0214731e-04
  -4.6062903e-02  -1.0033074e-03
  -5.1230309e-02   3.5145133e-03
  -5.2460528e-02  -1.0031206e-03
  -5.2615351e-02  -2.5152161e-03
  -5.3736409e-02  -6.0184818e-03
  -5.5236723e-02  -2.0139931e-03
  -5.6632969e-02   2.5223601e-03
  -5.7805619e-02   2.5172754e-03
  -6.1356814e-02   1.0018346e-03
  -6.5448874e-02  -1.5084547e-03
  -6.8082472e-02  -2.0130515e-03
  -7.7150392e-02  -2.5178251e-03
  -7.7073744e-02  -3.0184150e-03
  -7.5640695e-02  -1.5063280e-03
  -6.8015795e-02   0.0000000e+00
  -6.6665856e-02   2.5114926e-03
  -6.4102564e-02   0.0000000e+00
  -7.4212455e-02  -1.0023051e-03
  -7.1722885e-02  -3.0102003e-03
  -7.0650932e-02  -3.0192597e-03
  -6.1356458e-02  -2.0036692e-03
  -6.0256410e-02   0.0000000e+00
  -5.4965558e-02   5.0102728e-04
  -5.1231527e-02   0.0000000e+00
  -4.6062992e-02   0.0000000e+00
  -4.5004858e-02   1.0082980e-03
  -3.9704433e-02   0.0000000e+00
  -4.4916003e-02  -1.0063097e-03
  -3.5861999e-02  -1.0045440e-03
  -3.5862069e-02   0.0000000e+00
   2.9574548e-02   1.5129616e-03
   3.9821435e-02   3.0222978e-03
   4.6107569e-02   3.0128839e-03
   5.1281154e-02   3.0154062e-03
   4.7388588e-02   2.5106477e-03
   4.7575516e-02   3.5287949e-03
   5.0098423e-02   2.0143151e-03
   5.2615761e-02   1.5091297e-03
   5.9032116e-02   2.0117473e-03
   6.0314013e-02   4.0233126e-03
   6.5448013e-02   3.0169095e-03
   6.8216618e-02   3.0255402e-03
   7.2079067e-02   1.0083522e-03
   7.4503601e-02   4.0250155e-03
   7.1863504e-02   4.0215005e-03
   6.9365930e-02   3.5226566e-03
   7.8281719e-02   2.0101791e-03
   8.1007476e-02   3.0208468e-03
   8.3495415e-02   4.0233302e-03
   8.7436640e-02   3.0198831e-03
   9.0096184e-02   4.0299368e-03
   9.2575081e-02   6.0381197e-03
   9.6434452e-02   5.0306868e-03
   9.9108134e-02   2.0139577e-03
   9.5153267e-02   5.0310515e-04
   9.5247105e-02   1.5108018e-03
   1.0019587e-01   3.0147739e-03
   1.0800659e-01   5.0271882e-03
   1.0928228e-01   8.5455183e-03
   1.0928725e-01   7.0374856e-03
   1.1337869e-01   2.0141580e-03
   1.0425615e-01   2.5166722e-03
   1.0178075e-01   4.0312702e-03
   1.0951303e-01   2.5183346e-03
   1.2191219e-01   3.5087897e-03
   1.2729746e-01   3.0122984e-03
   1.2085712e-01   7.5342696e-03
   1.2625860e-01   4.5277525e-03
   1.2368463e-01   3.0190716e-03
   1.2497301e-01   3.0187881e-03
   1.2613466e-01   4.0207212e-03
   1.3089194e-01   5.0092214e-03
   1.3399083e-01   3.5195105e-03
   1.3629529e-01   4.5153092e-03
   1.4143720e-01   5.0149141e-03
   1.4472296e-01   5.5422986e-03
   1.4285756e-01   7.0269975e-03
   1.4143415e-01   6.0178969e-03
   1.5687246e-01   2.5040890e-03
   1.5733848e-01   3.0137210e-03
   1.6972464e-01   5.0020558e-03
   1.7168965e-01   5.0209450e-03
   1.7167365e-01   8.5356065e-03
   1.7760148e-01   8.0048333e-03
   1.8053557e-01   7.5171289e-03
   1.9029322e-01   5.9895745e-03
   1.8275938e-01   6.0003922e-03
   1.7556399e-01   4.5170843e-03
   1.7298490e-01   3.5142068e-03
   1.7263593e-01   5.5115687e-03
   1.7597577e-01   5.9927668e-03
   1.8789096e-01   8.9956088e-03
   1.8752597e-01   7.9806166e-03
   1.7814028e-01   6.0211814e-03
   1.6087776e-01   6.5146532e-03
   1.5862463e-01   4.5200445e-03
   1.6233608e-01   3.0093326e-03
   1.5346308e-01   5.5270936e-03
   1.6329216e-01   6.0062092e-03
   1.6909209e-01   8.5377914e-03
   1.6231312e-01   9.0279978e-03
   1.6152116e-01   5.5339843e-03
   1.5831683e-01   0.0000000e+00
   1.5301315e-01   3.5069473e-03
   1.4858714e-01   8.5625255e-03
   1.5073265e-01   6.0250405e-03
   1.4844431e-01   7.5477636e-03
   1.4271992e-01   6.0172541e-03
   1.5460663e-01   2.5095690e-03
   1.6878097e-01   0.0000000e+00
   1.6748961e-01   3.0078435e-03
   1.6893436e-01   6.5225299e-03
   1.6214643e-01   1.0021329e-02
   1.6488653e-01   9.5272130e-03
   1.7503715e-01   6.0052086e-03
   1.7504736e-01   2.5021703e-03
   1.7040581e-01   2.0086360e-03
   1.6249608e-01   3.5143175e-03
   1.5861339e-01   7.5334074e-03
   1.5907605e-01   9.5703809e-03
   1.6069729e-01   1.0513418e-02
   1.6183993e-01   7.5013700e-03
   1.5233299e-01   1.5090394e-03
   1.4930664e-01   1.0033054e-03
   1.4300944e-01   3.5169393e-03
   1.4687225e-01   4.5202987e-03
   1.5299766e-01   8.0158795e-03
   1.6215787e-01   8.0170633e-03
   1.6618817e-01   7.0191798e-03
   1.7169735e-01   1.5062835e-03
   1.7668225e-01   3.5094017e-03
   1.7778269e-01   7.0110435e-03
   1.8420917e-01   9.5085491e-03
   1.8638744e-01   1.2982878e-02
   1.8127363e-01   9.4926944e-03
   1.8129845e-01   4.4965395e-03
   1.7074593e-01   1.0062828e-03
   1.6844304e-01   3.5018820e-03
   1.6831033e-01   7.0526783e-03
   1.7409035e-01   7.0206490e-03
   1.8145945e-01   8.5017121e-03
   1.7760905e-01   6.5039270e-03
   1.7168965e-01   5.0209450e-03
   1.6345565e-01   5.5110581e-03
   1.5459364e-01   7.0267933e-03
   1.5975430e-01   5.0167675e-03
   1.5299766e-01   8.0158795e-03
   1.4816184e-01   4.0175972e-03
   1.4185810e-01   5.0296641e-03
   1.3656979e-01   2.0107385e-03
   1.3643023e-01   4.5197311e-03
   1.3127066e-01   8.0383205e-03
   1.4014839e-01   6.0185342e-03
   1.4001641e-01   3.5073822e-03
   1.3283495e-01   3.0199890e-03
   1.3643324e-01   3.0131541e-03
   1.2496909e-01   5.0313134e-03
   1.1981007e-01   7.0464453e-03
   1.2728171e-01   8.5348455e-03
   1.2600177e-01   7.0293673e-03
   1.2961096e-01   4.0077696e-03
   1.2884044e-01   0.0000000e+00
   8.9899708e-02   1.1060529e-02
   7.6993611e-02   6.0308915e-03
   7.2007913e-02   0.0000000e+00
   7.7148920e-02  -4.0285201e-03
   7.0792079e-02   0.0000000e+00
   7.3434685e-02   5.5511098e-03
   7.4427991e-02   5.5289508e-03
   8.0926325e-02   4.0238311e-03
   7.6765370e-02   6.5142412e-03
   7.6996612e-02   4.0205943e-03
   7.5788146e-02   4.0247864e-03
   7.0582394e-02   5.0271466e-04
   6.5708106e-02   2.0192260e-03
   7.1793615e-02   3.0131599e-03
   7.7072051e-02   4.5276225e-03
   7.6920047e-02   4.5187235e-03
   7.2006187e-02   3.5257527e-03
   6.3069029e-02   1.5130719e-03
   6.1659808e-02   1.5101600e-03
   6.6666148e-02   2.0091941e-03
   7.8203759e-02   3.0123057e-03
   8.6067026e-02   1.0057035e-03
   7.3002056e-02   4.5150536e-03
   7.4579040e-02   2.0144918e-03
   7.3438724e-02   1.5139390e-03
   6.6930168e-02   2.0171303e-03
   7.8204520e-02   2.0082038e-03
   7.4282109e-02   5.0164471e-03
   7.0580227e-02   4.0217173e-03
   7.0792079e-02   0.0000000e+00
   6.9230231e-02   2.0089876e-03
   6.7946042e-02   4.5204566e-03
   7.1790648e-02   5.5241265e-03
   6.5442911e-02   7.0394555e-03
   6.9228615e-02   4.0179751e-03
   6.6666667e-02   0.0000000e+00
   5.9032318e-02   1.5088104e-03
   5.6521629e-02   1.0069538e-03
   5.4004640e-02   3.5281141e-03
   6.0254975e-02   3.5169342e-03
   5.0046408e-02   5.5339062e-03
   5.0098203e-02   2.5178938e-03
   4.2433048e-02  -1.5125476e-03
   3.3399144e-02  -1.0075727e-03
   3.9861523e-02   0.0000000e+00
   4.3544241e-02   5.5239953e-03
   3.4543965e-02   7.0250789e-03
   3.2017467e-02   6.0277285e-03
   2.8204785e-02   2.5142012e-03
   1.9287494e-02  -3.0263732e-03
   1.5369339e-02  -2.0097118e-03
   1.5399795e-02  -5.0341976e-04
   1.7948500e-02   2.5145532e-03
   2.0532260e-02   4.5305307e-03
   1.6699401e-02   2.5195550e-03
   1.4102537e-02   1.0058580e-03
   1.1538462e-02   0.0000000e+00
   1.1572610e-02  -2.0177242e-03
   1.1515742e-02  -5.0194881e-04
   1.0235978e-02   3.5136706e-03
   8.9742499e-03   2.5147330e-03
   5.1079343e-03   3.5068492e-03
   0.0000000e+00   2.0078740e-03
   2.5691499e-03  -2.0158063e-03
   0.0000000e+00   0.0000000e+00
   2.5641013e-03   5.0295760e-04
  -3.5932803e-02  -1.0065257e-03
  -3.3267459e-02  -2.0072169e-03
  -2.6949444e-02  -2.0133878e-03
  -1.9174041e-02   0.0000000e+00
  -1.5354301e-02   1.0038670e-03
  -2.1773135e-02   2.5119630e-03
  -2.8176670e-02   3.5164155e-03
  -3.6003322e-02   3.0255461e-03
  -2.6922239e-02  -4.0228060e-03
  -2.8205005e-02  -1.5085207e-03
  -2.1815707e-02  -4.0270736e-03
  -2.5690684e-02   4.5346877e-03
  -2.5640913e-02   1.5085823e-03
  -2.5615565e-02   2.0094622e-03
  -2.5540164e-02   1.5026570e-03
  -2.4311024e-02   0.0000000e+00
  -2.8177285e-02  -1.0046901e-03
  -3.4512857e-02  -2.5064915e-03
  -4.3546777e-02  -5.0218139e-04
  -5.2512290e-02   5.0205363e-04
  -5.3846154e-02   0.0000000e+00
  -5.2460605e-02  -5.0156028e-04
  -5.6410256e-02   0.0000000e+00
  -5.6353695e-02  -3.0119496e-03
  -6.4102533e-02  -5.0234824e-04
  -6.6535433e-02   0.0000000e+00
  -7.4358830e-02   1.0042756e-03
  -8.0689499e-02  -1.0029959e-03
  -8.1886551e-02  -4.5087800e-03
  -8.3086066e-02  -3.0027228e-03
  -8.4363172e-02  -4.0033780e-03
  -8.3248646e-02  -4.0114872e-03
  -8.1970443e-02   0.0000000e+00
  -8.4615385e-02   0.0000000e+00
  -8.5981561e-02   2.0094300e-03
  -8.3168929e-02  -1.5028331e-03
  -7.5491980e-02  -1.0022485e-03
  -7.3004040e-02  -2.5083631e-03
  -6.7814829e-02  -1.0025738e-03
  -6.9299112e-02   0.0000000e+00
  -6.6600953e-02  -5.0180495e-04
  -6.4039285e-02   1.0037090e-03
  -6.4165844e-02   0.0000000e+00
  -6.2696364e-02   2.0055430e-03
  -5.1180706e-02  -2.0063197e-03
  -5.1228519e-02  -5.5228066e-03
  -5.0098594e-02  -1.5107363e-03
  -3.7142695e-02   1.5067743e-03
  -2.4407067e-02  -1.0077275e-03
  -2.1859449e-02   1.5131392e-03
  -1.4102393e-02   2.5146449e-03
  -8.9566886e-03   5.0195659e-04
   0.0000000e+00  -5.0295858e-04
   1.2845825e-03   1.0079046e-03
   2.5666325e-03   5.0345410e-04
   1.2820513e-02   0.0000000e+00
   1.9249716e-02  -1.0067998e-03
   1.9173114e-02   5.0142039e-03
   2.4358015e-02   4.5258328e-03
   2.4310918e-02   1.5056423e-03
   2.8177217e-02  -1.5070352e-03
   3.7326659e-02  -1.0094850e-03
   4.3675889e-02   0.0000000e+00
   5.1282051e-02   0.0000000e+00
   5.3896683e-02   5.0302292e-03
   4.6103989e-02   7.0300623e-03
   4.6196167e-02   6.0376496e-03
   4.1105736e-02   3.5259057e-03
   8.3415597e-02   0.0000000e+00
   7.5790366e-02   1.0061966e-03
   7.0721192e-02   2.5185311e-03
   8.1008545e-02   1.5104234e-03
   7.6845463e-02   3.5111121e-03
   8.2130320e-02   3.5171731e-03
   8.4860491e-02   6.0405546e-03
   8.1088473e-02   2.0158841e-03
   7.9644269e-02   0.0000000e+00
   7.5640879e-02   1.0042187e-03
   8.4866469e-02   0.0000000e+00
   8.5030512e-02   5.0437308e-03
   7.3357133e-02   8.0663725e-03
   6.9291515e-02   7.5411193e-03
   8.4698914e-02   0.0000000e+00
   9.5057618e-02  -3.0156639e-03
   9.7918539e-02  -1.0080464e-03
   9.5237022e-02   7.5540092e-03
   1.0038895e-01   6.0414169e-03
   1.0660884e-01   7.5339920e-03
   1.0265090e-01   8.5321711e-03
   1.1432354e-01   4.5181346e-03
   1.4115798e-01  -5.0051285e-03
   1.9029909e-01  -4.4921809e-03
   2.2351080e-01   3.9733182e-03
   2.3777153e-01   1.5382566e-02
   2.4172962e-01   2.2835494e-02
   2.3321047e-01   2.1911461e-02
   2.3139923e-01   1.0926102e-02
   2.2759544e-01   1.4906801e-03
   2.1368017e-01  -1.4859657e-03
   1.9782570e-01   9.9643401e-04
   1.6954403e-01   7.9955132e-03
   1.5314400e-01   9.0266709e-03
   1.4928323e-01   9.0297489e-03
   1.4841485e-01   5.9847412e-03
   1.4886476e-01   0.0000000e+00
   1.3643558e-01   5.0219234e-04
   1.2692302e-01  -5.0057842e-04
   8.8797781e-02   9.0679726e-03
   8.2028309e-02   1.2047034e-02
   8.0760395e-02   7.5298595e-03
   7.5640879e-02   1.0042187e-03
   6.9500829e-02  -5.5465336e-03
   5.9146464e-02  -5.0392969e-03
   5.0297396e-02   1.5167223e-03
   5.1583012e-02   6.5722083e-03
   5.5393526e-02   8.5848738e-03
   6.7946603e-02   4.0181836e-03
   7.4579588e-02   5.0362296e-04
   7.0651312e-02  -2.5160498e-03
   6.5643564e-02   0.0000000e+00
   6.3068194e-02   3.0261438e-03
   6.9423943e-02   9.5709270e-03
   7.5927160e-02   9.5777317e-03
   8.2126518e-02   6.0294396e-03
   8.4781119e-02  -3.0173055e-03
   8.8893614e-02  -6.0512786e-03
   8.6494368e-02  -1.0106751e-03
   9.0362973e-02   5.0523561e-03
   8.9044463e-02   1.3642292e-02
   1.0038344e-01   8.0552225e-03
   9.6334656e-02   7.0360401e-03
   1.0049534e-01  -1.0078948e-03
   8.8808355e-02  -4.5339863e-03
   9.1475586e-02  -2.5210210e-03
