  -2.6011187e-03  -2.8617177e-02
  -2.3146363e-02   2.2214294e-02
  -2.0594897e-02   2.2237046e-02
  -1.4107580e-02   1.8123315e-02
  -1.5355037e-02   2.2106829e-02
  -1.4102578e-02   2.2654143e-02
  -1.4098629e-02   2.5674696e-02
  -1.4115268e-02   3.2787377e-02
  -3.8545793e-03   3.7908653e-02
   0.0000000e+00   4.9990099e-02
   0.0000000e+00   4.8835143e-02
  -3.8354461e-03   4.9891085e-02
  -2.5494154e-03   5.4822379e-02
  -7.7107932e-03   5.3736619e-02
   0.0000000e+00   5.2828685e-02
   5.1137328e-03   5.9583691e-02
   6.4094679e-03   6.0773829e-02
   7.6689641e-03   6.4696577e-02
   3.8259094e-03   7.3290063e-02
   0.0000000e+00   7.2279485e-02
  -2.5491642e-03   7.5312042e-02
   1.2677016e-03   7.6952625e-02
   8.8588279e-03   7.9387275e-02
   5.0566578e-03   8.9110855e-02
  -1.2635248e-03   9.0621871e-02
  -1.2594794e-03   9.1358223e-02
  -1.2659476e-03   9.0801143e-02
  -1.1421616e-02   8.6343107e-02
  -1.2635827e-02   8.7510537e-02
  -1.7631148e-02   9.4454070e-02
  -1.5111165e-02   9.1853830e-02
  -1.2557790e-02   9.4180132e-02
  -8.7805693e-03   9.4590506e-02
  -1.2531781e-02   9.4495459e-02
  -1.9973417e-02   9.1540068e-02
  -2.1313130e-02   9.0398831e-02
  -2.3806657e-02   8.6231463e-02
  -2.7701684e-02   8.6148844e-02
  -2.3909012e-02   8.5068629e-02
  -2.5266092e-02   7.8716344e-02
  -2.7815274e-02   7.9292437e-02
  -2.8925581e-02   7.7328757e-02
  -2.7702438e-02   7.6407338e-02
  -2.1524794e-02   7.4280941e-02
  -1.6405942e-02   7.1994153e-02
  -1.3883829e-02   7.1495843e-02
  -1.3899062e-02   7.1065536e-02
  -1.8957170e-02   6.6492810e-02
  -2.4210916e-02   6.0907353e-02
  -2.0335747e-02   5.9224940e-02
  -1.6585334e-02   5.9965408e-02
  -1.4005171e-02   5.5770124e-02
  -1.5253465e-02   5.4155522e-02
  -1.0243596e-02   4.6912478e-02
  -1.2823800e-02   4.3928540e-02
  -6.4242988e-03   3.7908355e-02
  -2.5786089e-03   3.4473093e-02
   0.0000000e+00   3.2509960e-02
   3.8756100e-03   2.5880482e-02
   2.5837400e-03   2.5880546e-02
   1.2927032e-03   1.8268648e-02
   2.5909050e-03   1.6271154e-02
   9.0575965e-03   1.8794364e-02
   1.2970016e-02   1.2723917e-02
   1.5581306e-02   1.0189078e-02
   1.9419845e-02   8.1265831e-03
   1.1639711e-02   9.6414045e-03
   2.8428468e-02  -4.5797346e-02
   3.3539190e-02  -4.9813775e-02
   3.2174480e-02  -5.6366990e-02
   3.5963885e-02  -6.4994650e-02
   4.2402485e-02  -7.1218871e-02
   3.5877378e-02  -7.0509953e-02
   3.0820501e-02  -6.9641083e-02
   2.9466710e-02  -7.1026179e-02
   3.5937758e-02  -7.1666995e-02
   4.2396252e-02  -7.5363653e-02
   4.4682613e-02  -8.3173458e-02
   4.4639498e-02  -8.6216389e-02
   4.7272117e-02  -9.0028463e-02
   4.9447580e-02  -9.7672556e-02
   4.2089885e-02  -9.7769063e-02
   4.3136427e-02  -9.3042325e-02
   5.1704946e-02  -9.6081256e-02
   5.2998595e-02  -1.0504283e-01
   6.0505921e-02  -1.1017278e-01
   5.6815828e-02  -1.0614428e-01
   5.8122113e-02  -1.0675065e-01
   5.3089084e-02  -1.0575711e-01
   5.9370075e-02  -1.0989008e-01
   6.3103584e-02  -1.0713019e-01
   6.8297600e-02  -1.0418001e-01
   7.0922295e-02  -1.0325962e-01
   6.3489885e-02  -9.6203317e-02
   6.9858804e-02  -9.2543302e-02
   6.7531626e-02  -8.6063547e-02
   6.1189587e-02  -8.7691084e-02
   6.6138799e-02  -8.8511662e-02
   5.8637118e-02  -9.0831010e-02
   5.9846994e-02  -8.8114623e-02
   5.7719569e-02  -8.4064927e-02
   5.0400279e-02  -7.5801091e-02
   6.0714113e-02  -7.3652981e-02
   5.4251094e-02  -6.6374115e-02
   5.0494777e-02  -6.4980324e-02
   4.6622219e-02  -6.3964255e-02
   4.1418714e-02  -5.7715830e-02
   4.4143334e-02  -5.7373549e-02
   4.4240964e-02  -5.6462381e-02
   4.5631035e-02  -5.1893114e-02
   4.1824024e-02  -4.9428731e-02
   3.3954556e-02  -4.8358738e-02
   2.2165262e-02  -4.0014269e-02
   2.8543966e-02  -3.9299781e-02
   3.3832071e-02  -3.2727088e-02
   2.8531464e-02  -2.6996478e-02
   2.2054647e-02  -2.3433184e-02
   2.5923122e-02  -2.2390750e-02
   2.8499956e-02  -1.6267274e-02
   3.3581425e-02  -1.6217249e-02
   1.6827862e-02  -1.2190213e-02
   1.2931637e-02  -1.2178502e-02
   1.2973270e-03  -5.5987996e-03
   0.0000000e+00  -1.5300000e-03
   0.0000000e+00   0.0000000e+00
  -6.4804778e-03   2.5423413e-03
  -1.2735034e-03   6.3435310e-02
   2.5434786e-03   6.8973212e-02
   6.3238369e-03   7.4718861e-02
  -8.8948107e-03   8.2304954e-02
  -6.3563793e-03   8.0791089e-02
  -8.9402308e-03   7.8576627e-02
  -5.0885401e-03   8.4999331e-02
  -5.1000200e-03   8.4154404e-02
  -5.0967265e-03   8.6182221e-02
  -3.7978429e-03   9.0800787e-02
  -6.3028423e-03   9.4555063e-02
  -8.8439592e-03   9.3732936e-02
  -7.5425433e-03   1.0471682e-01
  -1.0075963e-02   1.0229918e-01
  -2.0128964e-02   1.0269203e-01
  -1.7629568e-02   1.0279649e-01
  -1.8892254e-02   9.9673180e-02
  -1.9017305e-02   9.5108518e-02
  -2.6549324e-02   9.7434387e-02
  -2.7882330e-02   9.0364704e-02
  -2.4111507e-02   8.9448959e-02
  -2.2739569e-02   9.1110988e-02
  -2.2678337e-02   9.0340154e-02
  -3.1483470e-02   8.8734256e-02
  -3.0234531e-02   8.4642492e-02
  -2.6538935e-02   8.0799671e-02
  -3.0554041e-02   7.9333359e-02
  -2.5491642e-02   7.5297400e-02
  -2.6696116e-02   7.4065083e-02
  -1.9134243e-02   6.8665695e-02
  -1.6553535e-02   6.3933531e-02
  -1.5219165e-02   6.4184323e-02
  -1.3878623e-02   6.5368034e-02
  -1.0144869e-02   6.4688264e-02
  -8.9114287e-03   5.6274524e-02
  -1.1474813e-02   4.8737000e-02
  -7.6342541e-03   4.3584705e-02
  -7.6404156e-03   4.4630492e-02
  -5.1061092e-03   4.1704110e-02
  -6.3732321e-03   4.4674656e-02
  -8.9384839e-03   3.9693637e-02
  -6.4004379e-03   3.6248324e-02
   1.2796615e-03   3.1183417e-02
   0.0000000e+00   2.9733202e-02
  -5.1337078e-03   2.1669791e-02
   1.2888146e-03   1.8720229e-02
   7.7184002e-03   1.7168014e-02
   7.7282403e-03   1.2130608e-02
   1.2960595e-02   4.5760438e-03
   1.8127454e-02   1.0158375e-03
   1.9518111e-02  -6.1254357e-03
   2.2096421e-02  -9.1786738e-03
   9.0985262e-03  -9.1797751e-03
   1.5590454e-02  -1.7848715e-02
   2.6091783e-02  -1.5870295e-02
   2.5959056e-02  -1.7319221e-02
   1.8183197e-02  -2.1927851e-02
   2.5911881e-02  -2.6970676e-02
   2.4609505e-02  -2.9515652e-02
   3.2465977e-02  -3.2662447e-02
   2.8532160e-02  -3.5181487e-02
   3.1110283e-02  -3.8748842e-02
   3.6328684e-02  -3.9293878e-02
   3.1033978e-02  -4.1724560e-02
   3.3588172e-02  -4.7319402e-02
   3.4917768e-02  -4.6856085e-02
   5.0769607e-02  -8.8889544e-02
   5.6870543e-02  -9.8367760e-02
   6.0802283e-02  -1.0279558e-01
   6.5906539e-02  -1.0389088e-01
   5.9637946e-02  -1.0351214e-01
   5.2173601e-02  -9.8561756e-02
   6.8306814e-02  -9.5803762e-02
   6.7072203e-02  -9.1684192e-02
   6.9603229e-02  -9.1674532e-02
   6.9918634e-02  -9.5767145e-02
   6.3573855e-02  -9.5285134e-02
   6.2253684e-02  -9.4688937e-02
   6.3208223e-02  -8.9003199e-02
   6.1847080e-02  -8.4734190e-02
   6.7056064e-02  -8.6475997e-02
   6.7271012e-02  -8.2616525e-02
   6.3768010e-02  -7.9921404e-02
   5.6103431e-02  -7.7337071e-02
   6.5291842e-02  -7.7111733e-02
   6.7949247e-02  -7.2031181e-02
   5.7780688e-02  -7.0098976e-02
   5.9032461e-02  -7.2127575e-02
   5.5460143e-02  -6.0064487e-02
   6.1682729e-02  -6.2916186e-02
   4.6626569e-02  -5.4643819e-02
   4.2797729e-02  -5.7829713e-02
   4.2859175e-02  -5.5838645e-02
   3.2473707e-02  -5.0164923e-02
   4.0168443e-02  -4.1290165e-02
   4.3904810e-02  -3.7568106e-02
   4.1316997e-02  -3.0939544e-02
   3.7592601e-02  -3.1065887e-02
   4.3863541e-02  -2.9386800e-02
   3.6078299e-02  -2.1747564e-02
   4.4845088e-02  -1.7593073e-02
   3.5845354e-02  -1.5570431e-02
   4.1922967e-02  -1.2456864e-02
   4.2123167e-02  -1.5021579e-02
   2.5709253e-02  -1.2608809e-02
   2.9536443e-02  -1.2595562e-02
   1.2933249e-02  -9.1338762e-03
   1.4271109e-02  -3.5626596e-03
   1.4342156e-02  -5.6265382e-03
   2.6183163e-03  -1.5407824e-03
   9.1733685e-03   1.0282002e-03
   9.1542625e-03   6.1567890e-03
   9.1079410e-03   8.1679677e-03
   1.0363286e-02   1.6779127e-02
   1.4178912e-02   1.6695434e-02
   1.1630650e-02   2.2327463e-02
   2.5813067e-03   2.5347862e-02
   5.1831716e-03   2.5448899e-02
   0.0000000e+00   3.4067797e-02
   3.8640898e-03   3.4438775e-02
   1.1557992e-02   3.4335271e-02
   2.4241505e-02   3.8644818e-02
   2.0303585e-02   4.1953713e-02
   1.7864020e-02   4.4212543e-02
   1.0210751e-02   4.8282521e-02
   8.9711313e-03   4.7464207e-02
   1.7880772e-02   5.4925574e-02
   1.5431890e-02   5.5309490e-02
   1.6672205e-02   5.4132403e-02
   1.4082848e-02   5.7617983e-02
   1.9172086e-02   6.0587378e-02
   8.7818448e-03   8.8411242e-02
   1.0065104e-02   8.8671132e-02
   1.2569395e-02   8.8582584e-02
   1.2563108e-02   9.0083984e-02
   0.0000000e+00   8.8739003e-02
   0.0000000e+00   8.9412341e-02
  -1.0070071e-02   8.7168232e-02
  -1.2639505e-02   8.0311071e-02
  -1.0170207e-02   8.0789545e-02
  -1.0174835e-02   7.9274741e-02
  -1.2712436e-02   7.4077411e-02
  -6.3685439e-03   7.4226813e-02
  -2.5358312e-03   7.2857001e-02
  -1.2677185e-03   6.9773588e-02
  -6.3491672e-03   7.0916298e-02
   0.0000000e+00   6.5952616e-02
   0.0000000e+00   6.7663366e-02
  -6.3759757e-03   6.6082278e-02
  -3.8349547e-03   6.4191986e-02
   1.2843116e-03   5.6779296e-02
  -1.2812204e-03   5.4083224e-02
   3.8395704e-03   4.9435984e-02
  -3.8384600e-03   5.0949331e-02
   2.5645416e-03   4.4435556e-02
   1.2821604e-03   4.4940572e-02
   5.1366825e-03   4.1446652e-02
   1.0266460e-02   3.9384903e-02
   1.1573102e-02   3.1842143e-02
   1.5424323e-02   2.6760488e-02
   1.4134431e-02   1.9168005e-02
   1.0333378e-02   1.5208267e-02
   1.5520168e-02   8.6262508e-03
   1.4270064e-02   7.1253192e-03
   2.7133303e-02   8.6164131e-03
   3.6146900e-02   1.0125183e-03
   3.2337524e-02  -3.5511403e-03
   3.2335603e-02  -6.5949748e-03
   4.0213073e-02  -9.1572952e-03
   4.1539790e-02  -1.5276911e-02
   5.2001638e-02  -2.2444478e-02
   5.3053555e-02  -1.8271624e-02
   5.5716300e-02  -2.5934214e-02
   5.4348998e-02  -2.8957674e-02
   5.3063729e-02  -2.7434716e-02
   5.5792869e-02  -3.1590808e-02
   5.8473576e-02  -3.5735234e-02
   5.9723454e-02  -4.1348886e-02
   5.3093286e-02  -5.0498030e-02
   5.5804711e-02  -4.9572772e-02
   5.9491327e-02  -5.1965050e-02
   6.7253794e-02  -5.6590056e-02
   6.7400118e-02  -6.0339507e-02
   5.9650702e-02  -5.8311337e-02
   6.3052311e-02  -6.1452135e-02
   7.0522561e-02  -6.3781488e-02
   7.2874005e-02  -7.1296005e-02
   7.1565930e-02  -7.2816985e-02
   6.9038531e-02  -7.1307676e-02
   6.9112032e-02  -7.8114188e-02
   6.1742546e-02  -7.8018103e-02
   6.9339835e-02  -8.0462771e-02
   6.3787290e-02  -7.8909741e-02
   5.9624031e-02  -9.0377722e-02
   6.7258959e-02  -9.5081904e-02
   7.3189777e-02  -1.0233635e-01
   7.2105938e-02  -1.0365731e-01
   7.7512403e-02  -1.0995562e-01
   7.5340431e-02  -9.9886012e-02
   7.1728176e-02  -9.7038622e-02
   7.3306356e-02  -9.6909960e-02
   6.9697171e-02  -9.2496485e-02
   7.1323443e-02  -9.3475378e-02
   7.3739375e-02  -9.1637618e-02
   6.4773012e-02  -8.7552490e-02
   6.4646030e-02  -8.7376244e-02
   6.2355587e-02  -8.1978209e-02
   6.1439097e-02  -7.4549156e-02
   6.6364804e-02  -7.6295182e-02
   7.3771855e-02  -6.6457525e-02
   7.4001016e-02  -6.1980672e-02
   6.9801282e-02  -5.9132894e-02
   5.4343829e-02  -5.4576413e-02
   5.2076243e-02  -5.3883793e-02
   4.9380128e-02  -5.7935547e-02
   5.3213545e-02  -5.4231180e-02
   5.5738453e-02  -5.0544288e-02
   5.7914632e-02  -4.6087116e-02
   5.8106843e-02  -4.4192833e-02
   5.6537944e-02  -3.7367857e-02
   4.6431085e-02  -3.9049582e-02
   4.0044985e-02  -3.5033105e-02
   3.6266639e-02  -2.9509439e-02
   3.5006221e-02  -2.9539706e-02
   2.6024475e-02  -2.3502295e-02
   2.2139777e-02  -2.5061553e-02
   2.4743227e-02  -2.5572087e-02
   2.5980250e-02  -1.9886023e-02
   2.8595368e-02  -9.1777792e-03
   2.3234761e-02  -7.5956089e-03
   1.6683119e-02   0.0000000e+00
   1.4144301e-02   2.0176847e-03
   2.0451510e-02   4.5127159e-03
   2.0552146e-02   5.5427856e-03
   2.6943301e-02   1.1073633e-02
   3.5774928e-02   1.5539834e-02
   2.6852279e-02   1.8568869e-02
   1.4032832e-02   2.3043841e-02
   1.4097924e-02   2.6178121e-02
   5.1337778e-03   3.1275720e-02
   2.5770467e-03   3.1400137e-02
   6.4452006e-03   3.5993591e-02
   6.4256076e-03   4.3005423e-02
   2.5705131e-03   4.8113113e-02
   0.0000000e+00   5.0089286e-02
   6.3964358e-03   5.6553762e-02
   0.0000000e+00   6.1159564e-02
  -3.8363516e-03   6.2675640e-02
   2.5442250e-03   6.3875615e-02
   0.0000000e+00   7.0049407e-02
   3.8146941e-03   7.6676220e-02
  -7.6278849e-03   8.3903373e-02
  -8.9393335e-03   8.2206961e-02
  -3.8249837e-03   8.7283193e-02
  -1.4033042e-02   9.1519920e-02
  -1.5309635e-02   8.8380142e-02
  -1.6559836e-02   9.2950376e-02
  -1.7808108e-02   9.7012481e-02
  -1.6569949e-02   9.4059896e-02
  -2.0333298e-02   9.9549113e-02
  -1.5160035e-02   1.0209387e-01
  -2.8998351e-02   1.0976310e-01
  -2.6429948e-02   1.1168047e-01
  -3.0363975e-02   8.0371624e-02
  -2.4163047e-02   6.8961217e-02
  -2.1709422e-02   6.8226194e-02
  -1.1486625e-02   6.2549450e-02
  -1.7907237e-02   6.1659080e-02
  -1.6652162e-02   5.9697416e-02
  -7.6821532e-03   5.2513925e-02
  -5.1259373e-03   5.3071932e-02
   0.0000000e+00   4.4612326e-02
   3.8757172e-03   4.1186256e-02
   9.0405281e-03   3.6572816e-02
   1.2925908e-02   2.9968633e-02
   9.0516127e-03   2.6413701e-02
   7.7572934e-03   2.7937748e-02
   1.4273746e-02   2.0887850e-02
   2.3386487e-02   1.7337192e-02
   2.4687363e-02   1.6317055e-02
   2.0736540e-02   5.5925088e-03
   2.4576676e-02   3.0442321e-03
   2.9720950e-02  -3.5477806e-03
   2.5817725e-02  -5.5699045e-03
   3.9965824e-02  -1.3654259e-02
   3.8834433e-02  -1.1678055e-02
   3.8749003e-02  -1.5708722e-02
   4.1599459e-02  -2.2961196e-02
   3.3770936e-02  -3.1130600e-02
   3.6336883e-02  -3.7762948e-02
   4.5157893e-02  -3.6515177e-02
   4.9950666e-02  -3.9279144e-02
   4.3796973e-02  -4.6659873e-02
   5.0406879e-02  -5.5038159e-02
   5.7917215e-02  -6.8711822e-02
   6.2688076e-02  -6.8796457e-02
   5.5120995e-02  -7.2572913e-02
   5.9872734e-02  -7.3643079e-02
   5.9737227e-02  -7.8105556e-02
   6.0934188e-02  -8.2133002e-02
   7.1978768e-02  -8.6287691e-02
   7.3347240e-02  -8.4861291e-02
   7.5581644e-02  -9.0698281e-02
   8.1490509e-02  -9.5899305e-02
   7.7628002e-02  -9.6821300e-02
   8.0377657e-02  -1.0440763e-01
   7.8158552e-02  -1.0745837e-01
   7.4316612e-02  -1.0949582e-01
   8.5430568e-02  -1.1335723e-01
   8.3566055e-02  -1.1376545e-01
   8.5871635e-02  -1.1290603e-01
   8.3689356e-02  -1.1500978e-01
   7.9868086e-02  -1.1554094e-01
   8.3641067e-02  -1.1869021e-01
   8.8508797e-02  -1.1463641e-01
   8.8579675e-02  -1.0782831e-01
   8.4962348e-02  -1.0755691e-01
   8.1442811e-02  -1.0372428e-01
   8.4261201e-02  -1.0565641e-01
   8.3077191e-02  -1.0792072e-01
   7.3976588e-02  -1.0560338e-01
   7.9324523e-02  -1.0272286e-01
   7.6763139e-02  -9.7429293e-02
   7.8141923e-02  -9.3852906e-02
   7.5731306e-02  -9.6704511e-02
   7.0748607e-02  -9.0585333e-02
   6.9542046e-02  -9.0168851e-02
   7.6142808e-02  -8.9811051e-02
   7.6080488e-02  -7.9739737e-02
   6.9473459e-02  -7.3842416e-02
   2.2073065e-02  -1.0697758e-02
   1.6881466e-02  -7.1322657e-03
   1.2973638e-02  -4.0716535e-03
   1.0368847e-02   1.5253752e-03
   0.0000000e+00   5.6100000e-03
   0.0000000e+00   5.6212425e-03
  -1.2931323e-03   1.2686561e-02
  -7.7895806e-03   1.3246515e-02
  -2.0771096e-02   1.4263912e-02
  -1.4234381e-02   1.7777817e-02
  -1.6783880e-02   2.1797385e-02
  -9.0354464e-03   2.4333407e-02
  -7.7129304e-03   3.4370056e-02
  -3.8362254e-03   3.6715816e-02
   1.2765778e-03   4.7278084e-02
  -2.5380824e-03   5.2551420e-02
  -1.2712528e-03   5.3657791e-02
  -8.9121680e-03   6.0353591e-02
  -7.6493788e-03   6.2992964e-02
  -1.2741155e-03   6.5513802e-02
  -1.2781403e-03   7.2423003e-02
  -6.3758285e-03   8.0525323e-02
  -3.8229544e-03   7.9434172e-02
   1.2758294e-03   8.5253689e-02
   2.5602050e-03   9.0269819e-02
  -2.5484465e-03   9.7724356e-02
  -2.5450878e-03   1.0393586e-01
  -2.5394864e-03   1.0954024e-01
   0.0000000e+00   1.1169000e-01
  -2.5373861e-03   1.1157820e-01
  -3.7968366e-03   1.1502942e-01
  -5.0532877e-03   1.1694822e-01
  -1.5063137e-02   1.2470286e-01
  -1.3804825e-02   1.2736551e-01
  -9.9837444e-03   1.2875834e-01
  -2.2498627e-02   1.3381556e-01
  -3.4983379e-02   1.3048538e-01
  -3.1155519e-02   1.2960430e-01
  -2.8803938e-02   1.2759334e-01
  -3.8995194e-02   1.2439291e-01
  -4.0234573e-02   1.2540445e-01
  -4.1375472e-02   1.2933328e-01
  -4.6509567e-02   1.2373707e-01
  -4.2638814e-02   1.1069778e-01
  -3.3595470e-02   1.0824990e-01
  -3.8665689e-02   1.0955677e-01
  -4.2449852e-02   1.0704544e-01
  -3.6277228e-02   1.0205878e-01
  -4.1327159e-02   9.9045230e-02
  -3.2621273e-02   9.6658067e-02
  -3.1533059e-02   9.5627349e-02
  -3.9145036e-02   8.9484819e-02
  -3.9190228e-02   8.5965753e-02
  -3.4275481e-02   8.2196212e-02
  -2.1743492e-02   7.3498453e-02
  -1.2788488e-02   7.4012248e-02
  -1.2805974e-02   6.8942916e-02
  -2.0558409e-02   6.3487955e-02
  -2.1920968e-02   6.1130046e-02
  -1.5453841e-02   5.7961954e-02
  -1.1688224e-02   5.1202729e-02
  -7.8170088e-03   5.0331408e-02
   2.5969413e-02  -3.3686943e-02
   2.7129083e-02  -3.4534279e-02
   3.4671660e-02  -3.4829141e-02
   4.4835420e-02  -4.4365114e-02
   4.4952048e-02  -4.6519585e-02
   4.6214520e-02  -5.4156069e-02
   4.7544943e-02  -5.4207881e-02
   5.3864257e-02  -5.8697727e-02
   5.6299594e-02  -6.0091554e-02
   4.2313536e-02  -6.3842400e-02
   4.3685403e-02  -6.7588297e-02
   4.2389442e-02  -6.8606944e-02
   4.2319630e-02  -7.1077154e-02
   5.1174435e-02  -7.6059183e-02
   4.4864967e-02  -7.6224792e-02
   5.0153839e-02  -8.5360996e-02
   5.5154254e-02  -8.4072311e-02
   5.1414635e-02  -8.3740381e-02
   4.7477173e-02  -9.2012888e-02
   5.3745521e-02  -1.0498189e-01
   6.0028915e-02  -1.0209126e-01
   6.3274224e-02  -1.1274136e-01
   5.6957381e-02  -1.1706459e-01
   6.0634213e-02  -1.1466982e-01
   5.6600203e-02  -1.1310858e-01
   5.7863646e-02  -1.1523721e-01
   6.6582636e-02  -1.1822954e-01
   6.5359175e-02  -1.1936430e-01
   6.2895474e-02  -1.2429815e-01
   6.2970189e-02  -1.2607068e-01
   6.9218601e-02  -1.2756247e-01
   7.2873511e-02  -1.2462845e-01
   8.0373457e-02  -1.2344825e-01
   8.1280516e-02  -1.1969407e-01
   7.9040505e-02  -1.2119210e-01
   8.3961334e-02  -1.2154601e-01
   7.8525659e-02  -1.1543314e-01
   7.8525659e-02  -1.1543314e-01
   7.3880606e-02  -1.1615459e-01
   7.0074537e-02  -1.1083449e-01
   6.5047972e-02  -1.1312787e-01
   6.2601770e-02  -1.0904373e-01
   7.0054891e-02  -1.0653536e-01
   6.1101783e-02  -1.0810352e-01
   6.5137759e-02  -1.0207122e-01
   6.5122769e-02  -9.7283565e-02
   6.0075410e-02  -9.1607369e-02
   5.7775812e-02  -8.4148906e-02
   6.0332623e-02  -8.1510022e-02
   6.4223229e-02  -7.9460736e-02
   5.2754129e-02  -7.7022248e-02
   4.9350575e-02  -7.6186322e-02
   5.3180134e-02  -7.3455433e-02
   4.5438926e-02  -6.6212660e-02
   4.1761659e-02  -6.5522322e-02
   4.3142059e-02  -6.2487879e-02
   4.0525278e-02  -5.8301268e-02
   4.1836416e-02  -5.3086476e-02
   3.5260501e-02  -4.8357434e-02
   3.7836972e-02  -4.2096855e-02
   3.7822897e-02  -3.7951658e-02
   3.3779941e-02  -3.6781107e-02
   2.7331038e-02  -3.1196691e-02
   2.3519156e-02  -3.1837670e-02
   2.6075074e-02  -3.3309855e-02
   3.1079444e-02  -2.1349821e-02
   2.7175657e-02  -1.7267140e-02
   1.5471433e-02  -1.2647913e-02
  -5.1650527e-03   4.4236936e-02
   1.2878706e-03   4.2077514e-02
   2.5904382e-03   4.3859912e-02
   1.2942597e-02   4.2285602e-02
   1.9364879e-02   5.0892501e-02
   1.0239787e-02   5.8630466e-02
   1.1466373e-02   6.9611485e-02
   1.9078719e-02   8.2379401e-02
   2.4158793e-02   8.3384623e-02
   2.1632179e-02   9.0225687e-02
   2.4193466e-02   8.8195007e-02
   2.1624763e-02   9.1239459e-02
   2.0324094e-02   9.5296099e-02
   2.0328860e-02   9.7420491e-02
   2.1468446e-02   1.0047092e-01
   1.8916871e-02   1.0663837e-01
   1.1292742e-02   1.1187305e-01
   1.5066277e-02   1.1035785e-01
   1.6332314e-02   1.1360445e-01
   1.8900318e-02   1.1129720e-01
   1.4995779e-02   1.1455357e-01
   1.6282814e-02   1.1377148e-01
   3.7630608e-03   1.1501433e-01
   8.7621195e-03   1.1528846e-01
   6.2455986e-03   1.1556510e-01
   1.2567093e-03   1.1047472e-01
  -1.2555231e-03   1.1036556e-01
  -1.3835689e-02   1.0582379e-01
  -1.2590133e-02   1.0330523e-01
  -1.0075963e-02   1.0229918e-01
  -1.7576085e-02   1.0038417e-01
  -1.8908527e-02   9.4545869e-02
  -1.7663369e-02   9.2032649e-02
  -1.3868261e-02   8.8341279e-02
  -1.2558862e-02   9.1084917e-02
  -1.1321636e-02   8.2996769e-02
  -1.8905505e-02   8.3154038e-02
  -1.8879817e-02   7.7915196e-02
  -8.8278772e-03   7.4498246e-02
  -5.0278921e-03   7.5776547e-02
   5.0345613e-03   6.7235815e-02
  -6.2939953e-03   6.6737486e-02
  -7.5873440e-03   5.9940199e-02
   5.1084371e-03   5.0345116e-02
   1.0198726e-02   5.4317836e-02
   3.8149131e-03   5.2153165e-02
   1.2728763e-02   5.2202196e-02
   7.6611622e-03   5.1351518e-02
   6.3953954e-03   4.7370963e-02
   1.5430056e-02   4.5577697e-02
   1.1609880e-02   4.4191452e-02
   1.5456936e-02   4.1060697e-02
   1.1635066e-02   3.6608696e-02
   1.4230934e-02   3.1015084e-02
   1.9464994e-02   3.0596558e-02
   1.1727799e-02   2.9185555e-02
   1.0452071e-02   2.3087783e-02
   1.1760623e-02   2.1035355e-02
   3.9356833e-03   2.2151413e-02
   1.3076559e-02   8.7218926e-03
   9.1628064e-03   8.7309009e-03
   1.1758200e-02   5.1254185e-03
   1.8254728e-02   1.0229684e-03
   1.3065267e-02   1.5376108e-03
   1.1782477e-02   0.0000000e+00
   2.3514916e-02  -7.6871844e-03
   2.6177430e-02  -1.0783312e-02
