   2.1809746e-02  -1.2584605e-02
   3.5967747e-02   3.0225587e-03
   3.4615115e-02   2.0111215e-03
   3.1987197e-02   4.0145329e-03
   2.7027795e-02   6.0580966e-03
   3.4614560e-02   3.5194626e-03
   3.7289520e-02   2.0169745e-03
   4.1188099e-02   5.0469725e-04
   3.7326275e-02   2.5237124e-03
   4.2224225e-02   1.5051118e-03
   3.9625413e-02   3.5086948e-03
   4.1147359e-02   5.0419854e-04
   4.2432902e-02   2.0167301e-03
   4.7388588e-02   2.5106477e-03
   4.4827238e-02   2.0086584e-03
   3.5686275e-02   0.0000000e+00
   2.8205005e-02   1.5085207e-03
   2.9312021e-02   5.4986023e-03
   2.9254344e-02   5.9867425e-03
   3.0556166e-02   5.9924681e-03
   3.3070824e-02   4.9886012e-03
   3.0554041e-02   8.4893298e-03
   3.4440742e-02   8.5053564e-03
   3.3297762e-02   6.5298777e-03
   3.7215537e-02   3.0194934e-03
   3.8573385e-02   5.5465200e-03
   4.2347786e-02   4.5286934e-03
   4.5047717e-02   4.5418282e-03
   4.6062434e-02   2.5082684e-03
   4.4827042e-02   2.5108230e-03
   4.6106137e-02   5.0214731e-03
   4.0944386e-02   2.5085986e-03
   4.3503600e-02   2.0067507e-03
   4.7292676e-02   6.0137205e-03
   3.9702873e-02   4.5200598e-03
   3.9740807e-02   6.0326844e-03
   4.7572096e-02   7.0575898e-03
   5.1328449e-02   6.5398196e-03
   4.8806510e-02   9.0647580e-03
   4.3629713e-02   6.0380610e-03
   4.2424934e-02   1.0083650e-02
   4.6140924e-02   1.2063406e-02
   4.5082442e-02   1.1618384e-02
   4.3711372e-02   9.5791543e-03
   3.7248873e-02   7.5561867e-03
   4.1059659e-02   9.0576734e-03
   4.4779214e-02   7.0233929e-03
   5.1128775e-02   4.5097875e-03
   5.1228519e-02   5.5228066e-03
   5.1227947e-02   6.0248800e-03
   4.4694705e-02   3.0041189e-03
   3.8382183e-02   7.0244975e-03
   3.8272798e-02  -5.0027392e-04
   3.8921981e-02  -1.5262622e-03
   3.1953708e-02   7.0185287e-03
   4.3460824e-02  -2.0047797e-03
   3.3318754e-02   1.5083800e-02
   2.1987916e-02   7.1034614e-03
   4.7202777e-02   2.0006443e-03
   4.2221935e-02   5.5187433e-03
   3.7216171e-02  -5.0324891e-04
   3.0707709e-02   4.0146281e-03
   4.2389628e-02   4.5331636e-03
   4.6016275e-02   4.0092883e-03
   4.7156840e-02  -4.9967136e-04
   4.6062992e-02   0.0000000e+00
   3.7141055e-02  -5.0225809e-03
   3.0768019e-02  -4.5253598e-03
   4.0861108e-02  -6.5095549e-03
   4.3289874e-02  -3.4946349e-03
   3.9587121e-02  -2.0030008e-03
   3.5859963e-02  -5.5249917e-03
   4.2261395e-02  -7.5329655e-03
  -2.2683515e-02  -3.6175224e-02
   1.0090527e-01  -4.8566039e-02
   3.9978565e-02   4.5514196e-03
   1.6740059e-02  -2.8330977e-02
   4.0577999e-02   5.2109983e-02
   4.5959385e-02   1.5444896e-03
   5.0376687e-02  -1.4690754e-02
   5.4843735e-02   1.1501050e-02
   2.9544113e-02  -2.3198745e-02
   5.4083269e-02  -2.8308770e-02
   4.3044181e-02  -1.8423625e-02
   4.7111037e-02   2.2485211e-02
   5.8379817e-02  -3.4397660e-02
   1.8055547e-02   5.0590359e-04
   6.4045004e-02  -2.1600974e-02
   2.1750451e-02  -6.0227790e-03
   4.6017499e-02  -1.5034831e-03
   2.8001964e-02  -1.3483648e-02
   4.2091992e-02  -1.0004569e-02
   4.5822559e-02  -1.2979202e-02
   4.2178895e-02  -7.0169559e-03
   4.3326588e-02  -8.9950042e-03
   3.4679460e-02  -8.0603729e-03
   3.9858716e-02  -6.0505688e-03
   4.3588027e-02  -4.5240847e-03
   3.5964938e-02  -7.0526370e-03
   3.9661032e-02  -7.5260251e-03
   3.2177965e-02  -2.0191835e-03
   3.6108108e-02  -6.5748449e-03
   3.2498960e-02  -4.0787256e-03
   4.1139330e-02  -1.0083971e-02
   3.7326733e-02   0.0000000e+00
   3.4855853e-02   1.5188186e-03
   3.7474686e-02  -2.5337387e-03
   4.4959684e-02  -3.0219087e-03
   4.6197967e-02  -4.0250997e-03
   3.0769231e-02   0.0000000e+00
   3.9704356e-02   1.0044577e-03
   4.2221935e-02  -5.5187433e-03
   3.9663433e-02  -5.0173501e-03
   3.4479305e-02  -1.0016124e-03
   3.4478772e-02  -3.0048372e-03
   4.5927291e-02  -1.0003573e-03
   4.4694942e-02   2.5034324e-03
   4.8862417e-02  -1.0081902e-03
   4.8862488e-02  -5.0409508e-04
   4.7576447e-02   1.5123407e-03
   5.1638505e-02  -5.0605574e-04
   5.2820843e-02   6.0604101e-03
   5.6410229e-02   5.0248573e-04
   5.2719667e-02   2.0161469e-03
   5.2512290e-02   5.0205363e-04
   4.1065160e-02   3.5224285e-03
   4.7529621e-02   5.0361608e-04
   4.8862130e-02   2.0163803e-03
   4.7341694e-02   3.0098158e-03
   4.8862512e-02   0.0000000e+00
   5.9090649e-02   1.5102983e-03
   6.1537713e-02   2.5119800e-03
   5.6298967e-02  -1.5044953e-03
   5.2409021e-02  -5.0106791e-04
   4.9753128e-02   4.0009961e-03
   5.1030029e-02   2.0004221e-03
   5.4963433e-02   4.5092455e-03
   5.6297004e-02   4.5134860e-03
   7.0028543e-02   2.4939355e-03
   6.7482342e-02   1.9953546e-03
   5.9951393e-02   8.9992648e-03
   5.6179824e-02   9.0092704e-03
   5.8905936e-02   9.5370089e-03
   5.9086034e-02   6.5446259e-03
   6.1536546e-02   4.0191680e-03
   5.5011985e-02   8.5258322e-03
   4.8657460e-02   1.1548560e-02
   4.8664637e-02   7.5316693e-03
   4.7476803e-02   8.0499135e-03
   4.8614418e-02   9.0291200e-03
   4.4687699e-02   9.5130432e-03
   4.4733180e-02   8.5200297e-03
   3.7101106e-02   8.5299905e-03
   3.7065782e-02   7.5190676e-03
   3.5812186e-02   1.4551562e-02
   3.1857785e-02   8.9972979e-03
   3.2075359e-02   1.1072640e-02
   4.0856556e-02   1.0014700e-02
   3.3262497e-02   9.0324760e-03
   3.7317058e-02   1.1609077e-02
   4.1103328e-02   6.5481106e-03
   3.8610663e-02   6.5614626e-03
   3.3426343e-02   9.5814018e-03
   3.3494303e-02   8.0845315e-03
   3.5686275e-02   0.0000000e+00
   3.9804648e-02   1.5111489e-02
   2.5766265e-02   6.0642201e-03
   3.5854396e-02   1.0547712e-02
   3.3332020e-02   4.5251399e-03
   2.0611190e-02   9.0969733e-03
   2.6894972e-02   5.5259110e-03
   1.9266057e-02   8.5662527e-03
   3.0830024e-02   5.0381091e-04
   2.4382724e-02   2.5168328e-03
   2.6923064e-02  -5.0285075e-04
   1.6665297e-02   6.5379243e-03
   1.6649955e-02   3.0145311e-03
   2.0533030e-02  -1.0067846e-03
   1.9249753e-02   0.0000000e+00
   2.0532910e-02  -2.0135692e-03
   1.5430260e-02  -5.0441551e-04
   1.8001837e-02  -2.0176107e-03
   1.4158388e-02  -1.0098411e-03
   1.5414651e-02  -3.5274200e-03
   7.6844904e-03  -4.0196342e-03
   8.9649908e-03  -5.5269622e-03
   1.0256390e-02  -1.0058859e-03
   1.6682989e-02  -2.0136545e-03
   1.4074803e-02   0.0000000e+00
   1.2731241e-02  -7.4922949e-03
   1.0215277e-02  -6.5125690e-03
   8.9743590e-03   0.0000000e+00
   1.1526892e-02  -3.0146598e-03
   1.2794061e-02  -7.0272187e-03
   8.9474534e-03  -5.0146305e-03
   8.9827805e-03  -5.0344306e-03
   1.1538411e-02  -1.5088163e-03
   1.1527043e-02  -1.5073299e-03
   3.4630056e-02  -1.7111396e-02
   2.9364460e-02  -1.1018799e-02
   3.1796967e-02  -7.4830844e-03
   2.9398477e-02  -5.5148141e-03
   2.0490373e-02  -7.5360096e-03
   3.3264559e-02  -7.0252591e-03
   1.7858446e-02  -8.0070952e-03
   2.3007949e-02  -4.5125676e-03
   2.3008749e-02  -1.5041892e-03
   2.8093435e-02  -4.0069230e-03
   2.6738286e-02  -1.9976186e-03
   2.5514609e-02  -3.5027601e-03
   2.6870066e-02  -5.0186131e-04
   2.9370409e-02  -4.0068360e-03
   3.2114060e-02  -3.0227932e-03
   2.7110215e-02  -5.0634473e-04
   3.9979667e-02  -2.5285664e-03
   3.7437270e-02  -3.0374696e-03
   3.6145189e-02  -5.0625915e-03
   3.8535273e-02  -5.5410441e-03
   3.4744234e-02  -1.1104944e-02
   3.0735098e-02  -8.0371624e-03
   3.4544416e-02  -6.5232875e-03
   2.9574317e-02   2.5216027e-03
   4.4827586e-02   0.0000000e+00
   3.9544845e-02  -7.0036293e-03
   2.5487440e-02  -7.4985587e-03
   1.7825524e-02  -1.9978533e-03
   2.4215675e-02  -4.9991328e-04
   3.5755764e-02  -3.0047575e-03
   3.4578445e-02  -6.5297099e-03
   2.9458128e-02   0.0000000e+00
   1.6782315e-02   2.5320631e-03
   2.7110108e-02  -1.5190342e-03
   2.7002954e-02  -5.0434225e-04
   3.2175553e-02  -6.5623464e-03
   2.8232848e-02  -1.5100092e-03
   2.0573689e-02   0.0000000e+00
   3.2144126e-02  -6.0515626e-03
   3.9742024e-02  -4.5245133e-03
   4.3544241e-02  -5.5239953e-03
   3.6003322e-02  -3.0255461e-03
   2.9544012e-02  -5.0382247e-03
   4.7622619e-02  -3.5322841e-03
   6.1531729e-02  -7.5359401e-03
   5.7744505e-02  -6.5384679e-03
   4.7619818e-02  -6.5599561e-03
   4.7712971e-02  -7.5841781e-03
   6.5570424e-02  -8.0609667e-03
   6.0553548e-02  -3.5343243e-03
   5.7976374e-02  -4.0395921e-03
   3.3245137e-02  -4.4958846e-04
   1.6064889e-01  -1.1072424e-01
  -1.4956415e-02   5.5078280e-02
   1.2185827e-01  -4.5797607e-02
  -4.0411934e-02   5.2413930e-02
   6.9204390e-02   1.4062913e-02
   7.0303153e-02   3.5052024e-03
   8.4917620e-02  -2.6731773e-02
   8.3567369e-02   9.0614101e-03
   5.3897378e-02  -8.8448583e-03
   8.3867722e-02  -4.4774948e-03
   6.3318953e-02   3.0381477e-03
   6.3367904e-02  -1.1150933e-02
   6.3953799e-02   1.3536767e-02
   6.3537124e-02   3.4855753e-03
   6.0078895e-02  -2.2564452e-02
   4.8621953e-02  -1.0032356e-03
   3.9664125e-02  -4.0138801e-03
   4.0742785e-02  -4.4933861e-03
   3.3169631e-02  -1.5009835e-03
   3.5967940e-02  -2.5187989e-03
   4.1024923e-02   3.0162499e-03
   4.6153824e-02  -5.0264190e-04
   4.6336270e-02  -2.0185202e-03
   4.4915741e-02   2.0126194e-03
   4.8717854e-02   1.0052115e-03
   4.4739084e-02   2.0047129e-03
   3.9626352e-02   0.0000000e+00
   4.2307178e-02   2.5134622e-03
   5.1180483e-02   2.5078996e-03
   5.1028849e-02   4.0008442e-03
   4.3329252e-02   6.9961143e-03
   4.7155752e-02   3.4976995e-03
   5.5127776e-02   2.0100278e-03
   5.8799683e-02   2.5048137e-03
   4.8619692e-02   5.0161778e-03
   4.9851640e-02   3.0066396e-03
   6.2450860e-02   9.9884811e-04
   6.3849579e-02   3.0022748e-03
   5.4963433e-02   4.5092455e-03
   5.2404765e-02   6.5138828e-03
   5.2508009e-02   6.5266971e-03
   6.9024914e-02   3.5053865e-03
   6.7948421e-02   1.5068189e-03
   4.9995891e-02   6.5336308e-03
   4.3413106e-02   8.0112501e-03
   4.0821016e-02   6.5031730e-03
   5.3579853e-02   4.5005948e-03
   4.9846339e-02   8.0177057e-03
   4.4692376e-02   6.0082378e-03
   3.9388501e-02   8.4711848e-03
   3.6739597e-02   8.4469189e-03
   2.9108943e-02   9.4328831e-03
   1.5172226e-02   9.9215030e-03
   2.0149591e-02   1.1859040e-02
   1.6340924e-02   1.0357015e-02
   1.5186699e-02   1.0427721e-02
   1.7747451e-02   1.5920466e-02
   2.0268246e-02   1.0934343e-02
   1.4043567e-02   1.1521921e-02
   1.9170696e-02   9.5269874e-03
   2.3073681e-02   8.5489490e-03
   2.1855686e-02   9.5832150e-03
   2.4500484e-02   8.5996629e-03
   3.6145528e-02   4.5563323e-03
   3.5133375e-02   5.1032416e-03
   3.3830970e-02   6.6343901e-03
   3.3832139e-02   5.1033770e-03
   3.6509363e-02   1.5339990e-03
   3.9078078e-02  -1.0215826e-03
   3.5099719e-02   2.0392568e-03
   4.0259740e-02   0.0000000e+00
   4.2814350e-02  -5.0870622e-04
   4.6659440e-02  -2.5407368e-03
   4.3935600e-02  -3.0400138e-03
   3.3698753e-02   1.5249115e-03
   2.9633286e-02   5.0531968e-04
   3.3365979e-02  -2.0131574e-03
   3.2050721e-02  -3.0168347e-03
   2.5615751e-02  -5.0236554e-04
   2.8149265e-02   2.5092543e-03
   2.9487050e-02   1.5084877e-03
   2.0512182e-02   4.0231678e-03
   1.5384548e-02   1.5087701e-03
   1.2845342e-02   4.5353517e-03
   2.0392069e-02   1.4998155e-03
   2.1794490e-02   3.0173275e-03
   1.1424556e-02   7.4704146e-03
   2.6650894e-02   1.3444439e-02
   1.6666594e-02   1.5087518e-03
   2.5633236e-03   1.2573940e-02
   2.5390032e-02   3.4856634e-03
   7.6759608e-03   9.0352755e-03
   2.4334550e-02   3.0142503e-03
   7.6988173e-03   8.5585863e-03
   3.8613180e-03   3.0296896e-03
   6.4351105e-03   6.5642760e-03
   6.4288974e-03   5.5488936e-03
   1.1504069e-02   4.0116423e-03
   2.5640714e-03   2.5147880e-03
   2.5640016e-03  -4.5266184e-03
   0.0000000e+00   5.0147493e-04
  -1.2757581e-03  -1.0009809e-03
  -5.1181078e-03   5.0196461e-04
  -5.1231527e-03   0.0000000e+00
  -5.1231502e-03  -5.0245915e-04
  -1.0286840e-02   5.0443525e-04
  -5.1179094e-03  -4.5176815e-03
  -1.2795052e-02  -3.0116651e-03
  -1.7966428e-02   5.0340701e-04
  -8.9919851e-03  -2.5197026e-03
  -9.0277067e-03  -2.0237607e-03
   0.0000000e+00   1.5118577e-03
  -5.1484745e-03   2.0197861e-03
  -7.7373490e-03   7.0832079e-03
  -5.1533112e-03   5.5599167e-03
  -2.5691248e-03   3.0237095e-03
  -7.7148920e-03   4.0355372e-03
  -6.4418668e-03   3.5381131e-03
   0.0000000e+00   5.5325444e-03
  -6.4152061e-03   1.0572428e-02
  -3.8572951e-03   6.0533858e-03
  -1.2794061e-03   7.0275557e-03
   6.3911494e-03   4.0117509e-03
   2.5587379e-03   8.0314805e-03
   6.4220189e-03   8.5670891e-03
   1.4128669e-02   8.0627648e-03
   2.0511614e-02   5.5318558e-03
   2.1834864e-02   8.5659852e-03
   1.2869868e-02   7.5738862e-03
   2.0491179e-02   6.0288076e-03
   2.5612967e-02   7.5354831e-03
   3.4680933e-02   6.5490530e-03
   3.2143308e-02   7.0601563e-03
   3.8496337e-02   6.5420479e-03
   3.9703200e-02   4.0178309e-03
   4.4827564e-02   5.0216459e-04
   5.1180879e-02   1.5047398e-03
   4.9701201e-02   6.9948888e-03
   4.7246226e-02   6.0078209e-03
   5.0976252e-02   6.4950077e-03
   4.8427439e-02   6.4954939e-03
   5.2049193e-02   3.9811851e-03
   5.9843176e-02   9.9796375e-04
   4.7389163e-02   0.0000000e+00
   3.8497631e-02   5.0323445e-03
   3.2078921e-02   8.0528294e-03
   2.6815426e-02   6.0105091e-03
   3.4478955e-02   2.5040310e-03
   2.8176232e-02   4.5211056e-03
   2.6869610e-02   3.0111679e-03
   2.3029890e-02   6.0226769e-03
   1.4115798e-02   5.0342540e-03
   1.4101577e-02   6.0351479e-03
   1.2781483e-02   7.0203096e-03
   7.6613581e-03   7.0136306e-03
   5.1118818e-03   1.1032363e-02
   8.9027289e-03   8.9821768e-03
   1.2705295e-03   9.9706697e-03
  -3.8263071e-03   1.1511236e-02
  -3.8263900e-03   1.1010747e-02
  -6.4078139e-03   1.4082669e-02
   5.1408478e-03   1.6142307e-02
   5.1362315e-03   1.4614510e-02
   0.0000000e+00   1.0614470e-02
  -1.2842533e-03   1.1590903e-02
   1.2841932e-03   1.2598808e-02
   2.5738487e-03   9.0890911e-03
   1.2870776e-03   4.5445522e-03
   0.0000000e+00   6.0594059e-03
   1.2894028e-03   1.0624995e-02
  -2.5709869e-03   1.2106801e-02
   2.5614757e-03   4.5221587e-03
   2.5613974e-03   6.0295449e-03
   3.8497237e-03   5.5379816e-03
   0.0000000e+00   1.3620178e-02
   2.5705797e-03   1.5133502e-02
   0.0000000e+00   6.5449161e-03
  -1.2882804e-03   7.0763097e-03
  -1.2880091e-03   1.2636267e-02
  -1.2919089e-03   1.1660034e-02
  -1.2918789e-03   1.2166992e-02
   0.0000000e+00   1.0109019e-02
   0.0000000e+00   1.0593472e-02
   1.2842815e-03   1.1086951e-02
  -1.2818493e-03   9.0532500e-03
  -6.3721785e-03   5.4999339e-03
  -7.6461182e-03   7.9998616e-03
  -1.2744706e-03   3.9999981e-03
   1.2744706e-03   3.9999981e-03
   1.2732517e-03   1.9980402e-03
   3.8234118e-03   3.9999827e-03
   6.3849917e-03   2.5048814e-03
   1.2807782e-03   2.0098512e-03
   1.2845844e-02  -5.0392797e-04
   1.2782694e-02   0.0000000e+00
   7.6696128e-03  -5.0146620e-04
   5.1231527e-03   0.0000000e+00
   5.1383374e-03  -5.0394863e-04
   1.1549492e-02  -4.0274817e-03
   1.2819615e-02  -6.0352095e-03
   2.5665887e-03  -3.0207246e-03
   7.7145901e-03  -6.0533059e-03
   2.5740102e-03  -7.0692931e-03
   6.4221223e-03  -8.0631427e-03
   5.1525016e-03  -1.0614386e-02
   9.0445818e-03  -8.1111357e-03
   1.4183716e-02  -1.0118445e-02
   1.2818493e-02  -9.0528142e-03
   1.6612075e-02  -1.3037283e-02
   7.6753662e-03  -1.1043115e-02
   5.1222553e-03  -9.5467239e-03
   2.5640913e-03  -1.5088728e-03
   2.5691587e-03  -1.5118548e-03
   5.1485149e-03   0.0000000e+00
   1.5384615e-02   0.0000000e+00
   3.8613388e-03  -2.5247413e-03
   9.0179625e-03  -7.0761429e-03
   1.1606680e-02  -4.5533899e-03
   1.5445355e-02  -2.5245743e-03
   1.4144405e-02  -5.0442118e-04
   1.2858550e-02  -5.0442636e-04
   1.5430146e-02  -2.0176620e-03
   1.4158388e-02  -1.0098411e-03
   6.4290232e-03  -4.5400038e-03
   5.1331075e-03  -4.0276093e-03
   1.2770138e-02   0.0000000e+00
   2.0573327e-02  -3.0263273e-03
   1.5444931e-02  -4.5442337e-03
   2.1880663e-02  -3.5341529e-03
   2.8513040e-02  -5.0835230e-03
   1.6519968e-02  -1.4954804e-03
   2.8148502e-02   4.5166578e-03
   2.8280178e-02  -1.2608291e-02
   1.1572497e-02   3.0265863e-03
   4.2138018e-02  -6.5093509e-03
   1.1481292e-02   5.0047116e-03
   3.5721295e-02   0.0000000e+00
   2.3099603e-02   1.5101269e-03
   3.3169375e-02  -2.5016392e-03
   4.2055913e-02  -5.9968623e-03
   2.4358963e-02   5.0287031e-04
   5.1230632e-02  -3.0124400e-03
   4.0943276e-02  -4.5154774e-03
   4.3461160e-02   0.0000000e+00
   5.2254676e-02  -1.4987897e-03
   4.0901774e-02  -6.0147224e-03
   5.8455272e-02  -1.4940915e-03
   5.5965447e-02  -5.4841566e-03
   5.9899082e-02  -4.9947004e-03
   5.2252868e-02  -4.4963690e-03
   5.3527328e-02  -4.4961900e-03
   5.5849762e-02  -9.4541670e-03
   4.9412858e-02  -4.9671730e-03
   5.4792310e-02  -1.0490682e-02
   5.7462264e-02  -5.5054293e-03
   6.6192805e-02  -1.1473865e-02
   6.9016907e-02  -8.5130816e-03
   6.2551677e-02  -1.3510880e-02
   6.2853103e-02  -1.5588881e-02
   5.6800591e-02  -4.0477764e-03
   6.7947528e-02  -3.0136377e-03
   6.2689077e-02  -8.0221718e-03
   5.2341783e-02  -1.2514412e-02
   4.3408332e-02  -1.1015469e-02
   3.9703740e-02  -3.0133732e-03
   4.0940420e-02  -7.5257957e-03
   4.3537481e-02  -1.0545809e-02
   3.9697479e-02  -9.5423485e-03
   3.5999449e-02  -8.0681230e-03
   3.5960638e-02  -1.0578956e-02
   3.2235719e-02  -1.0115937e-02
   2.5711025e-02  -1.1095752e-02
   2.1812136e-02  -1.0067684e-02
   1.9225385e-02  -1.2069685e-02
   1.5396495e-02  -1.0571815e-02
   1.4070878e-02  -1.2046538e-02
   1.0234431e-02  -9.5371059e-03
   8.9543988e-03  -1.1545002e-02
   1.0228687e-02  -1.9576165e-02
   2.4213708e-02  -2.3518974e-02
   3.1993613e-02  -2.0594739e-02
   3.0851103e-02  -1.2607724e-02
   1.9283674e-02  -1.0592306e-02
   2.7043731e-02  -1.5665587e-02
   2.8219761e-02  -1.5603428e-02
   3.4671457e-02  -1.3601879e-02
   3.2134932e-02  -1.3616016e-02
   3.5994643e-02  -1.1597927e-02
   3.2108966e-02  -9.5721785e-03
   2.5638582e-02  -7.0400509e-03
   3.0701465e-02  -1.1040227e-02
   2.8085835e-02  -1.2521634e-02
   3.9662108e-02  -6.5225551e-03
   3.9548501e-02  -1.0005185e-03
   4.0862843e-02  -4.5066149e-03
   4.3459816e-02  -4.0095593e-03
   3.3234603e-02  -2.5065556e-03
   3.0616779e-02  -5.0035192e-03
   2.9399841e-02   2.5067337e-03
   3.4513258e-02   5.0129829e-04
   4.2307178e-02  -2.5134622e-03
   4.4827499e-02   1.0043292e-03
   4.6290711e-02   1.0082631e-03
   4.2475164e-02   1.0093624e-03
   3.8652131e-02   0.0000000e+00
   3.7142406e-02   2.5112905e-03
   3.7326733e-02   0.0000000e+00
   4.2307178e-02   2.5134622e-03
   4.3459059e-02   5.0119492e-03
   4.7288562e-02   9.0205808e-03
   4.4782076e-02   4.0133674e-03
   3.6003798e-02   1.5127731e-03
   3.8498306e-02   4.0258756e-03
   3.9621449e-02   8.0198739e-03
   3.9660437e-02   8.0277601e-03
   4.0940420e-02   7.5257957e-03
   3.7213579e-02   6.0389869e-03
   3.5823371e-02   7.0248919e-03
   3.5858658e-02   7.0318077e-03
   3.7138243e-02   8.0361295e-03
   3.3229801e-02   9.0236003e-03
   3.1951160e-02   9.5251461e-03
   3.0700796e-02   1.1542056e-02
   3.1920354e-02   9.0149637e-03
   3.5919154e-02   1.4091360e-02
   3.2032206e-02   1.7598202e-02
   3.4500201e-02   1.4036352e-02
   3.3260613e-02   1.0537889e-02
   3.1985571e-02   6.5236159e-03
   3.4542961e-02   8.0286616e-03
   4.2296813e-02   1.1561926e-02
   3.8495286e-02   7.5485168e-03
   3.9860821e-02   3.0252844e-03
   3.8423179e-02   2.5112186e-03
   3.9822134e-02   0.0000000e+00
   3.9821959e-02   1.5111489e-03
   3.5932873e-02   0.0000000e+00
   3.4752475e-02   0.0000000e+00
   4.3805748e-02   0.0000000e+00
   3.9861523e-02   0.0000000e+00
   3.6074454e-02  -3.5367951e-03
   3.6074454e-02  -3.5367951e-03
   2.9455712e-02  -6.5303433e-03
   2.8144154e-02  -1.0037017e-02
   2.1725497e-02  -1.1030907e-02
   2.5633236e-02  -1.2571519e-02
   3.2008382e-02  -1.3562389e-02
   3.1942841e-02  -1.5039704e-02
   7.7410173e-02   4.8118925e-04
   1.2207034e-01  -8.1448076e-02
   4.7269560e-02  -1.7038875e-02
   4.9889880e-02  -1.1035180e-02
   3.3312653e-02   3.6776402e-02
   5.7458162e-02  -2.4047267e-02
  -1.6670769e-02  -1.9633132e-02
   1.9480276e-02   2.5471666e-03
   3.4821429e-02   0.0000000e+00
   5.6589301e-02  -2.0178881e-02
   2.9577167e-02  -2.1707244e-02
   3.3322381e-02  -1.3072626e-02
   4.4607757e-02   9.9941180e-04
   4.8168629e-02  -1.6905460e-02
   3.8384246e-02  -2.3103211e-02
   4.0939806e-02  -8.0275154e-03
   4.9556708e-02  -5.9780621e-03
   4.4604221e-02  -6.4961767e-03
   4.4773901e-02  -1.0535089e-02
   4.4730781e-02  -1.0023564e-02
   5.0928897e-02  -3.9930191e-03
   5.0924208e-02  -7.9860382e-03
   3.7252964e-02   0.0000000e+00
   4.7482354e-02  -2.0124784e-03
   5.3843536e-02  -5.0252769e-03
   5.6242876e-02  -3.0060375e-03
   5.0046408e-02  -5.5339062e-03
   5.4005935e-02   0.0000000e+00
   7.4060759e-02  -6.5022253e-03
   6.5123177e-02  -6.0042577e-03
   5.6410010e-02  -1.5074572e-03
   6.1599210e-02   0.0000000e+00
   6.1416847e-02  -2.0056370e-03
   6.8013674e-02  -4.0221394e-03
   6.8014171e-02  -3.5193720e-03
   7.4284416e-02  -3.0098683e-03
   7.4503601e-02  -4.0250155e-03
   6.3445428e-02  -2.5368212e-03
   6.7465036e-02   5.0829802e-04
   7.5024541e-02  -1.5198591e-03
   7.7142845e-02  -7.5534753e-03
   7.3291474e-02  -4.0292096e-03
   7.4431073e-02  -3.0157913e-03
   6.9230769e-02   0.0000000e+00
   6.6591646e-02  -8.5306841e-03
   6.1413039e-02  -6.0169109e-03
   6.6339517e-02  -4.9984028e-04
   8.1969807e-02  -2.0058687e-03
   7.9251325e-02   3.0032738e-03
   8.7177961e-02  -3.0109886e-03
   7.9484049e-02  -4.5181893e-03
   8.0848924e-02   5.0248427e-04
   7.1936197e-02  -2.0127311e-03
   6.6930398e-02   1.5128477e-03
   7.6922478e-02  -2.0083215e-03
   6.8082971e-02  -5.0326287e-04
   6.9299112e-02   0.0000000e+00
   6.4102564e-02   0.0000000e+00
   6.5320197e-02   0.0000000e+00
   6.6533854e-02   3.5091864e-03
   6.4035648e-02   5.5203996e-03
