  -8.9108135e-03   6.9039850e-02
  -1.0251421e-02   6.6409431e-02
   0.0000000e+00   6.9636542e-02
  -2.0158598e-02   7.0852374e-02
  -2.2720695e-02   5.9316332e-02
  -1.7644541e-02   6.1752041e-02
  -1.8855098e-02   6.4612978e-02
  -1.2625418e-02   5.8325659e-02
  -8.8854817e-03   5.6108693e-02
  -1.6485138e-02   6.0613918e-02
  -1.6524587e-02   5.4154868e-02
  -2.2902466e-02   5.4204092e-02
  -1.9055503e-02   4.7041027e-02
  -1.1405936e-02   4.3912192e-02
  -1.2674316e-03   4.3414852e-02
  -2.5315484e-03   4.5366482e-02
   5.0476564e-03   3.3239048e-02
   6.3484070e-03   3.0938964e-02
   7.6102161e-03   3.1407084e-02
   0.0000000e+00   2.7079646e-02
   0.0000000e+00   2.4669299e-02
   3.8427002e-03   2.1627124e-02
   9.0140109e-03   1.6679480e-02
   9.0064407e-03   1.4138274e-02
   1.6698227e-02   6.5508429e-03
   2.3168135e-02   2.0194813e-03
   2.4475789e-02   9.0965043e-03
   3.2273938e-02   1.5188964e-03
   2.9840260e-02  -1.0176960e-03
   2.9719189e-02  -6.5887355e-03
   2.9744751e-02  -1.0653927e-02
   3.7539952e-02  -1.1678396e-02
   3.1040843e-02  -8.1170888e-03
   4.3963040e-02  -1.4200831e-02
   4.5351986e-02  -1.1687801e-02
   5.6720916e-02  -1.5164131e-02
   5.8460115e-02  -2.9579615e-02
   3.4840499e-02  -2.7365891e-02
   4.2394078e-02  -3.8898924e-02
   4.2460162e-02  -3.4892021e-02
   6.7073527e-02  -4.4641360e-02
   4.0036625e-02  -3.6556284e-02
   3.2104266e-02  -4.1434261e-02
   4.3858941e-02  -4.9801903e-02
   2.8420761e-02  -4.7323924e-02
   2.3119640e-02  -6.5009473e-02
   1.4172107e-02  -6.4701388e-02
   2.3073411e-02  -7.6258907e-02
   1.1520766e-02  -7.0464377e-02
   2.4233570e-02  -7.6385241e-02
   2.9217726e-02  -7.6581015e-02
   2.7928169e-02  -8.2206058e-02
   2.4182123e-02  -8.6588362e-02
   1.6556180e-02  -8.7696455e-02
   2.1448003e-02  -1.0037157e-01
   2.6373919e-02  -1.0459296e-01
   3.6444569e-02  -1.1042936e-01
   4.5253567e-02  -1.0727404e-01
   4.1492389e-02  -1.0154387e-01
   4.0233388e-02  -1.0678457e-01
   4.3887118e-02  -1.0857439e-01
   5.1203013e-02  -1.1597439e-01
   5.2261942e-02  -1.1290433e-01
   5.2413692e-02  -1.1062298e-01
   4.8838174e-02  -1.1419970e-01
   4.2791345e-02  -1.1164129e-01
   5.0085161e-02  -1.1207260e-01
   5.3824448e-02  -1.1518749e-01
   5.7543802e-02  -1.1193437e-01
   6.6017220e-02  -1.1035113e-01
   6.1198730e-02  -1.0858745e-01
   6.1341121e-02  -1.0518771e-01
   6.8129144e-02  -1.0286299e-01
   6.4576557e-02  -9.8534677e-02
   5.8776644e-02  -9.2629518e-02
   5.7818859e-02  -9.1051694e-02
   4.7750574e-02  -8.9907242e-02
   6.0737567e-02  -8.2596355e-02
   6.3472919e-02  -7.8050003e-02
   5.9766898e-02  -8.1470450e-02
   5.5923885e-02  -7.4701924e-02
   4.3210503e-02  -6.8376194e-02
   4.4360833e-02  -6.2359521e-02
   4.9685895e-02  -5.2559802e-02
   5.8771327e-02  -4.2113949e-02
   5.3568705e-02  -3.9552925e-02
   4.5664759e-02  -3.5380488e-02
   4.4324706e-02  -3.3809413e-02
   3.3925314e-02  -2.6131784e-02
   3.2606799e-02  -1.9451705e-02
   3.0179796e-02  -1.9570477e-02
   1.3111649e-02  -1.5952770e-02
   1.5703275e-02  -1.4893172e-02
   9.1631037e-03  -7.7037361e-03
   6.5454192e-03  -5.6494752e-03
   2.6075664e-03  -7.1614700e-03
   1.2999682e-03  -3.5699982e-03
  -6.4999480e-03   2.0399745e-03
   0.0000000e+00   5.0898204e-04
  -1.0398669e-02   8.1597389e-03
  -1.0357081e-02   8.6351840e-03
  -6.4712153e-03   1.5238855e-02
  -7.7504777e-03   1.4194579e-02
  -1.5483743e-02   1.6205404e-02
  -2.5795758e-02   2.1773263e-02
  -2.7110068e-02   2.2808152e-02
  -2.0509091e-02   2.4666223e-02
  -2.4321912e-02   2.8160737e-02
  -1.6637566e-02   3.0175035e-02
  -1.0200624e-02   3.6105078e-02
  -1.6586293e-02   3.8648411e-02
  -2.0396921e-02   3.7605966e-02
  -2.2896939e-02   4.5081362e-02
  -1.9082418e-02   4.4582587e-02
  -1.6564608e-02   4.6679250e-02
  -1.4062915e-02   5.4981909e-02
  -1.6569185e-02   5.9906222e-02
  -1.4017452e-02   4.6178396e-02
  -2.0430278e-02   6.0526545e-02
  -2.1804650e-02   5.8234006e-02
  -2.2970493e-02   6.3046388e-02
  -1.2781607e-02   6.4694543e-02
  -7.6378840e-03   7.6246179e-02
  -1.0174835e-02   7.9274741e-02
  -1.2645190e-02   7.8805238e-02
  -2.3038717e-02   8.1342834e-02
   2.9352218e-02   7.4355646e-02
   0.0000000e+00   1.0412289e-01
  -1.8862612e-02   9.0167030e-02
  -2.8948036e-02   9.3342227e-02
  -1.5086321e-02   9.3769284e-02
  -6.2711258e-03   1.0551596e-01
  -1.1354515e-02   9.7762932e-02
  -2.0189941e-02   1.0512058e-01
  -1.8953651e-02   1.0158441e-01
  -2.2718404e-02   1.0198381e-01
  -2.5174683e-02   1.0641835e-01
  -2.5266391e-02   1.0471153e-01
  -2.0236211e-02   9.9055931e-02
  -1.8974959e-02   9.8552044e-02
  -1.7697173e-02   9.2214497e-02
  -1.2733837e-02   9.3969443e-02
  -2.7740528e-02   1.0187499e-01
  -1.0076573e-02   8.5164364e-02
  -3.0141622e-02   9.9362046e-02
  -2.0141266e-02   9.2852660e-02
  -1.8892192e-02   9.1348313e-02
  -2.9016274e-02   8.6316468e-02
  -2.7811105e-02   7.9794288e-02
  -2.9186195e-02   7.3413070e-02
  -2.1521803e-02   7.1199493e-02
  -1.5133475e-02   7.0925562e-02
  -1.7679730e-02   6.9493454e-02
  -1.8815129e-02   5.6935710e-02
  -2.3844987e-02   5.4456755e-02
  -1.5042443e-02   5.5398769e-02
  -6.3149639e-03   4.6770175e-02
  -7.6039574e-03   4.3913138e-02
  -7.6156407e-03   4.0459634e-02
  -5.0848481e-03   2.8971374e-02
  -1.0201767e-02   2.7052210e-02
  -3.8193028e-03   2.3999896e-02
  -5.1212144e-03   2.6656597e-02
  -3.8505961e-03   2.0661965e-02
  -7.7099720e-03   1.8664360e-02
   0.0000000e+00   1.5193644e-02
   5.1628349e-03   1.0129016e-02
   7.7602106e-03   8.1192583e-03
   6.5054506e-03   9.1890741e-03
   9.0727636e-03   1.0169244e-03
   0.0000000e+00   2.5525526e-03
   2.5999792e-03   2.0399959e-03
   5.2259617e-03  -4.1004694e-03
   1.3077174e-03  -7.1830950e-03
   1.0471593e-02  -9.2444130e-03
   1.7044034e-02  -1.6981385e-02
   2.3574867e-02  -1.7476962e-02
   2.7556519e-02  -1.9056319e-02
   2.4947751e-02  -2.3716554e-02
   1.9623099e-02  -1.9514390e-02
   2.0906001e-02  -2.2059517e-02
   2.9920458e-02  -3.4775101e-02
   2.9894619e-02  -3.3718502e-02
   3.2399297e-02  -3.3106560e-02
   3.3607560e-02  -3.7614483e-02
   2.0680052e-02  -3.8130742e-02
   3.0967502e-02  -4.2657137e-02
   2.9666407e-02  -5.0325753e-02
   3.3545351e-02  -5.3933942e-02
   3.4736304e-02  -5.3264363e-02
   3.2213337e-02  -6.4175792e-02
   3.2126421e-02  -6.2968530e-02
   3.4845821e-02  -6.5831816e-02
   2.9822606e-02  -6.7195294e-02
   2.8554207e-02  -6.7264460e-02
   2.5948091e-02  -6.8807797e-02
   6.7607809e-02  -8.2560270e-02
   1.2950648e-03  -7.1830950e-02
   4.3553880e-02  -8.5035877e-02
   1.5487993e-02  -7.6801655e-02
   1.9159524e-02  -9.3735730e-02
   2.4259633e-02  -8.8967090e-02
   4.1929795e-02  -1.0265632e-01
   3.5647561e-02  -8.8683350e-02
   4.4157778e-02  -1.0294811e-01
   4.0446685e-02  -9.5293524e-02
   5.1570547e-02  -1.0050959e-01
   4.5341153e-02  -1.0485936e-01
   4.6444845e-02  -1.1079554e-01
   4.8885918e-02  -1.0694571e-01
   5.9139218e-02  -1.1686384e-01
   5.2854497e-02  -1.1424611e-01
   6.0322525e-02  -1.1511263e-01
   5.5260104e-02  -1.1664831e-01
   6.8125166e-02  -1.1767852e-01
   6.4321477e-02  -1.1605961e-01
   6.3051192e-02  -1.1871742e-01
   6.4401326e-02  -1.1781390e-01
   6.9482706e-02  -1.1677372e-01
   7.6860826e-02  -1.1588060e-01
   8.4524873e-02  -1.0803542e-01
   7.9737764e-02  -1.0737133e-01
   7.4718832e-02  -1.1330674e-01
   7.1245975e-02  -1.0693246e-01
   7.4171330e-02  -1.0910014e-01
   7.2955655e-02  -1.0173113e-01
   7.5821837e-02  -9.8949363e-02
   7.4678799e-02  -9.6488445e-02
   7.4623186e-02  -9.8541390e-02
   7.3164143e-02  -9.6715804e-02
   7.7118484e-02  -8.9957403e-02
   7.2026272e-02  -8.7933410e-02
   6.8213141e-02  -8.5902561e-02
   7.7334044e-02  -8.1268336e-02
   6.5611252e-02  -7.7496677e-02
   6.7078216e-02  -7.5093518e-02
   6.8580270e-02  -7.1145372e-02
   5.8153133e-02  -6.8475923e-02
   5.5645255e-02  -6.7015888e-02
   4.6546799e-02  -6.6456189e-02
   3.8765538e-02  -6.4870497e-02
   3.7515038e-02  -6.4426111e-02
   4.2591372e-02  -5.7031954e-02
   4.0001167e-02  -5.8054085e-02
   2.9606906e-02  -5.5354003e-02
   1.0332919e-02  -5.3494795e-02
   1.1640777e-02  -5.1507914e-02
   7.7749081e-03  -4.6966120e-02
   7.7622700e-03  -4.4834359e-02
   1.0335766e-02  -4.6824855e-02
  -1.5382454e-02   5.1552350e-02
  -8.9588282e-03   5.4533344e-02
  -1.7938001e-02   6.2794329e-02
  -2.9534426e-02   6.1894241e-02
  -2.5600262e-02   6.6838854e-02
  -2.5605141e-02   6.9946417e-02
  -1.4031778e-02   6.8669195e-02
  -6.3500185e-03   7.0413345e-02
  -1.6546345e-02   7.6746118e-02
  -1.7813917e-02   7.7754907e-02
  -2.6900469e-02   8.1928117e-02
  -2.0408150e-02   9.2022191e-02
  -5.0691171e-03   9.3507689e-02
  -1.5125364e-02   1.0027951e-01
  -8.8080099e-03   9.9583426e-02
  -2.5237664e-02   9.9861767e-02
  -2.5402244e-02   1.0106561e-01
  -2.5285979e-02   1.0268812e-01
  -2.8006273e-02   1.0554446e-01
  -2.2788267e-02   1.1184640e-01
  -3.0243905e-02   1.1341367e-01
  -4.5375388e-02   1.1286732e-01
  -3.9110273e-02   1.1299805e-01
  -3.7772809e-02   1.1542049e-01
  -2.1407002e-02   1.1281134e-01
  -3.4055383e-02   1.0874076e-01
  -3.3999882e-02   1.0276975e-01
  -3.7748472e-02   1.0477611e-01
  -4.4165496e-02   1.0507060e-01
  -4.2904028e-02   9.9824872e-02
  -4.8243545e-02   9.6760021e-02
  -4.1976255e-02   9.6969546e-02
  -3.3029917e-02   9.2144068e-02
  -4.0552936e-02   9.3461434e-02
  -4.6823991e-02   9.1748667e-02
  -5.4675163e-02   8.3323775e-02
  -4.7159288e-02   8.1990354e-02
  -3.5598618e-02   7.7151426e-02
  -3.1847199e-02   7.3700198e-02
  -3.5629062e-02   7.0526370e-02
  -3.4409648e-02   6.4482983e-02
  -3.9420693e-02   6.1271922e-02
  -3.0503766e-02   5.4645553e-02
  -2.6673082e-02   5.3092830e-02
  -2.2824218e-02   4.6447239e-02
  -2.1648987e-02   3.8069348e-02
  -2.1690311e-02   3.1087103e-02
  -2.4312095e-02   3.1680829e-02
  -1.5386172e-02   3.1242863e-02
  -1.4102262e-02   3.2251059e-02
  -1.7971402e-02   2.9759758e-02
  -6.4751507e-03   2.0847199e-02
   1.2868878e-03   2.4767084e-02
   0.0000000e+00   1.9634748e-02
   2.7133249e-02  -2.4352893e-02
   3.4708255e-02  -2.5743278e-02
   2.8375334e-02  -2.1772362e-02
   2.7102372e-02  -2.5849239e-02
   2.3263874e-02  -3.0981077e-02
   2.3227308e-02  -3.5516692e-02
   9.0771498e-03  -3.6209113e-02
   1.5531117e-02  -4.2284674e-02
   1.6809722e-02  -3.5081799e-02
   1.5481158e-02  -4.3682139e-02
   9.0170239e-03  -4.6685435e-02
   1.1544582e-02  -4.8015929e-02
   1.6685063e-02  -5.5198975e-02
   1.4095074e-02  -5.8181060e-02
   1.7996055e-02  -5.7337721e-02
   2.3084681e-02  -5.8739375e-02
   7.7067085e-03  -5.6271365e-02
   1.5403135e-02  -5.9309896e-02
   2.5494852e-02  -6.3485627e-02
   1.9214033e-02  -5.9695772e-02
   2.4264373e-02  -6.4117369e-02
   1.4030286e-02  -7.2780611e-02
   2.0373552e-02  -7.5228185e-02
   2.1629019e-02  -7.4648201e-02
   1.9032372e-02  -8.0623555e-02
   1.8959258e-02  -8.0306209e-02
   1.3821736e-02  -8.9582612e-02
   1.5068919e-02  -8.8493876e-02
   2.2647025e-02  -8.5570557e-02
   2.1296479e-02  -8.9811451e-02
   2.5115580e-02  -9.4166504e-02
   3.0090091e-02  -9.8666101e-02
   2.7519382e-02  -9.6882507e-02
   3.1320664e-02  -1.0066709e-01
   2.5094222e-02  -9.9272841e-02
   2.2588956e-02  -9.8775091e-02
   2.4020817e-02  -9.7438206e-02
   2.7792085e-02  -9.6831676e-02
   3.0295189e-02  -9.6227884e-02
   3.0311440e-02  -9.4716451e-02
   3.2800233e-02  -9.5121685e-02
   3.4002929e-02  -9.4429650e-02
   3.5384511e-02  -9.5808960e-02
   3.2860477e-02  -9.2696685e-02
   2.7941828e-02  -8.6916904e-02
   3.9435487e-02  -8.8081411e-02
   3.3284068e-02  -8.7093503e-02
   2.8217673e-02  -8.0989433e-02
   3.2053885e-02  -7.8867672e-02
   3.4878320e-02  -7.3707862e-02
   2.9677540e-02  -7.0502322e-02
   2.2012334e-02  -6.8673395e-02
   2.0758473e-02  -6.8812820e-02
   2.0766696e-02  -6.7272235e-02
   2.5910762e-02  -6.2457289e-02
   3.1129106e-02  -5.7332755e-02
   3.5039347e-02  -5.4769036e-02
   1.6864537e-02  -5.1660604e-02
   2.0801810e-02  -5.0737159e-02
   1.5658610e-02  -4.7294927e-02
   1.9603416e-02  -4.4253256e-02
   2.3434509e-02  -3.6349486e-02
   1.5658634e-02  -3.4373753e-02
   0.0000000e+00  -2.9099099e-02
  -2.6011187e-03  -2.8617177e-02
  -2.3146363e-02   2.2214294e-02
  -2.0594897e-02   2.2237046e-02
  -1.4107580e-02   1.8123315e-02
  -1.5355037e-02   2.2106829e-02
  -1.4102578e-02   2.2654143e-02
  -1.4098629e-02   2.5674696e-02
  -1.4115268e-02   3.2787377e-02
  -3.8545793e-03   3.7908653e-02
   0.0000000e+00   4.9990099e-02
   0.0000000e+00   4.8835143e-02
  -3.8354461e-03   4.9891085e-02
  -2.5494154e-03   5.4822379e-02
  -7.7107932e-03   5.3736619e-02
   0.0000000e+00   5.2828685e-02
   5.1137328e-03   5.9583691e-02
   6.4094679e-03   6.0773829e-02
   7.6689641e-03   6.4696577e-02
   3.8259094e-03   7.3290063e-02
   0.0000000e+00   7.2279485e-02
  -2.5491642e-03   7.5312042e-02
   1.2677016e-03   7.6952625e-02
   8.8588279e-03   7.9387275e-02
   5.0566578e-03   8.9110855e-02
  -1.2635248e-03   9.0621871e-02
  -1.2594794e-03   9.1358223e-02
  -1.2659476e-03   9.0801143e-02
  -1.1421616e-02   8.6343107e-02
  -1.2635827e-02   8.7510537e-02
  -1.7631148e-02   9.4454070e-02
  -1.5111165e-02   9.1853830e-02
  -1.2557790e-02   9.4180132e-02
  -8.7805693e-03   9.4590506e-02
  -1.2531781e-02   9.4495459e-02
  -1.9973417e-02   9.1540068e-02
  -2.1313130e-02   9.0398831e-02
  -2.3806657e-02   8.6231463e-02
  -2.7701684e-02   8.6148844e-02
  -2.3909012e-02   8.5068629e-02
  -2.5266092e-02   7.8716344e-02
  -2.7815274e-02   7.9292437e-02
  -2.8925581e-02   7.7328757e-02
  -2.7702438e-02   7.6407338e-02
  -2.1524794e-02   7.4280941e-02
  -1.6405942e-02   7.1994153e-02
  -1.3883829e-02   7.1495843e-02
  -1.3899062e-02   7.1065536e-02
  -1.8957170e-02   6.6492810e-02
  -2.4210916e-02   6.0907353e-02
  -2.0335747e-02   5.9224940e-02
  -1.6585334e-02   5.9965408e-02
  -1.4005171e-02   5.5770124e-02
  -1.5253465e-02   5.4155522e-02
  -1.0243596e-02   4.6912478e-02
  -1.2823800e-02   4.3928540e-02
  -6.4242988e-03   3.7908355e-02
  -2.5786089e-03   3.4473093e-02
   0.0000000e+00   3.2509960e-02
   3.8756100e-03   2.5880482e-02
   2.5837400e-03   2.5880546e-02
   1.2927032e-03   1.8268648e-02
   2.5909050e-03   1.6271154e-02
   9.0575965e-03   1.8794364e-02
   1.2970016e-02   1.2723917e-02
   1.5581306e-02   1.0189078e-02
   1.9419845e-02   8.1265831e-03
   1.1639711e-02   9.6414045e-03
   2.8428468e-02  -4.5797346e-02
   3.3539190e-02  -4.9813775e-02
   3.2174480e-02  -5.6366990e-02
   3.5963885e-02  -6.4994650e-02
   4.2402485e-02  -7.1218871e-02
   3.5877378e-02  -7.0509953e-02
   3.0820501e-02  -6.9641083e-02
   2.9466710e-02  -7.1026179e-02
   3.5937758e-02  -7.1666995e-02
   4.2396252e-02  -7.5363653e-02
   4.4682613e-02  -8.3173458e-02
   4.4639498e-02  -8.6216389e-02
   4.7272117e-02  -9.0028463e-02
   4.9447580e-02  -9.7672556e-02
   4.2089885e-02  -9.7769063e-02
   4.3136427e-02  -9.3042325e-02
   5.1704946e-02  -9.6081256e-02
   5.2998595e-02  -1.0504283e-01
   6.0505921e-02  -1.1017278e-01
   5.6815828e-02  -1.0614428e-01
   5.8122113e-02  -1.0675065e-01
   5.3089084e-02  -1.0575711e-01
   5.9370075e-02  -1.0989008e-01
   6.3103584e-02  -1.0713019e-01
   6.8297600e-02  -1.0418001e-01
   7.0922295e-02  -1.0325962e-01
   6.3489885e-02  -9.6203317e-02
   6.9858804e-02  -9.2543302e-02
   6.7531626e-02  -8.6063547e-02
   6.1189587e-02  -8.7691084e-02
   6.6138799e-02  -8.8511662e-02
   5.8637118e-02  -9.0831010e-02
   5.9846994e-02  -8.8114623e-02
   5.7719569e-02  -8.4064927e-02
   5.0400279e-02  -7.5801091e-02
   6.0714113e-02  -7.3652981e-02
   5.4251094e-02  -6.6374115e-02
   5.0494777e-02  -6.4980324e-02
   4.6622219e-02  -6.3964255e-02
   4.1418714e-02  -5.7715830e-02
   4.4143334e-02  -5.7373549e-02
   4.4240964e-02  -5.6462381e-02
   4.5631035e-02  -5.1893114e-02
   4.1824024e-02  -4.9428731e-02
   3.3954556e-02  -4.8358738e-02
   2.2165262e-02  -4.0014269e-02
   2.8543966e-02  -3.9299781e-02
   3.3832071e-02  -3.2727088e-02
   2.8531464e-02  -2.6996478e-02
   2.2054647e-02  -2.3433184e-02
   2.5923122e-02  -2.2390750e-02
   2.8499956e-02  -1.6267274e-02
   3.3581425e-02  -1.6217249e-02
   1.6827862e-02  -1.2190213e-02
   1.2931637e-02  -1.2178502e-02
   1.2973270e-03  -5.5987996e-03
   0.0000000e+00  -1.5300000e-03
   0.0000000e+00   0.0000000e+00
  -6.4804778e-03   2.5423413e-03
  -1.2735034e-03   6.3435310e-02
   2.5434786e-03   6.8973212e-02
   6.3238369e-03   7.4718861e-02
  -8.8948107e-03   8.2304954e-02
  -6.3563793e-03   8.0791089e-02
  -8.9402308e-03   7.8576627e-02
  -5.0885401e-03   8.4999331e-02
  -5.1000200e-03   8.4154404e-02
  -5.0967265e-03   8.6182221e-02
  -3.7978429e-03   9.0800787e-02
  -6.3028423e-03   9.4555063e-02
  -8.8439592e-03   9.3732936e-02
  -7.5425433e-03   1.0471682e-01
  -1.0075963e-02   1.0229918e-01
  -2.0128964e-02   1.0269203e-01
  -1.7629568e-02   1.0279649e-01
  -1.8892254e-02   9.9673180e-02
  -1.9017305e-02   9.5108518e-02
  -2.6549324e-02   9.7434387e-02
  -2.7882330e-02   9.0364704e-02
  -2.4111507e-02   8.9448959e-02
  -2.2739569e-02   9.1110988e-02
  -2.2678337e-02   9.0340154e-02
  -3.1483470e-02   8.8734256e-02
  -3.0234531e-02   8.4642492e-02
  -2.6538935e-02   8.0799671e-02
  -3.0554041e-02   7.9333359e-02
  -2.5491642e-02   7.5297400e-02
  -2.6696116e-02   7.4065083e-02
  -1.9134243e-02   6.8665695e-02
  -1.6553535e-02   6.3933531e-02
  -1.5219165e-02   6.4184323e-02
  -1.3878623e-02   6.5368034e-02
  -1.0144869e-02   6.4688264e-02
  -8.9114287e-03   5.6274524e-02
  -1.1474813e-02   4.8737000e-02
  -7.6342541e-03   4.3584705e-02
  -7.6404156e-03   4.4630492e-02
  -5.1061092e-03   4.1704110e-02
  -6.3732321e-03   4.4674656e-02
  -8.9384839e-03   3.9693637e-02
  -6.4004379e-03   3.6248324e-02
   1.2796615e-03   3.1183417e-02
   0.0000000e+00   2.9733202e-02
  -5.1337078e-03   2.1669791e-02
   1.2888146e-03   1.8720229e-02
   7.7184002e-03   1.7168014e-02
   7.7282403e-03   1.2130608e-02
   1.2960595e-02   4.5760438e-03
   1.8127454e-02   1.0158375e-03
   1.9518111e-02  -6.1254357e-03
   2.2096421e-02  -9.1786738e-03
   9.0985262e-03  -9.1797751e-03
   1.5590454e-02  -1.7848715e-02
   2.6091783e-02  -1.5870295e-02
   2.5959056e-02  -1.7319221e-02
   1.8183197e-02  -2.1927851e-02
   2.5911881e-02  -2.6970676e-02
   2.4609505e-02  -2.9515652e-02
   3.2465977e-02  -3.2662447e-02
   2.8532160e-02  -3.5181487e-02
   3.1110283e-02  -3.8748842e-02
   3.6328684e-02  -3.9293878e-02
   3.1033978e-02  -4.1724560e-02
   3.3588172e-02  -4.7319402e-02
   3.4917768e-02  -4.6856085e-02
   5.0769607e-02  -8.8889544e-02
   5.6870543e-02  -9.8367760e-02
   6.0802283e-02  -1.0279558e-01
   6.5906539e-02  -1.0389088e-01
   5.9637946e-02  -1.0351214e-01
   5.2173601e-02  -9.8561756e-02
   6.8306814e-02  -9.5803762e-02
   6.7072203e-02  -9.1684192e-02
   6.9603229e-02  -9.1674532e-02
   6.9918634e-02  -9.5767145e-02
   6.3573855e-02  -9.5285134e-02
   6.2253684e-02  -9.4688937e-02
   6.3208223e-02  -8.9003199e-02
   6.1847080e-02  -8.4734190e-02
   6.7056064e-02  -8.6475997e-02
   6.7271012e-02  -8.2616525e-02
   6.3768010e-02  -7.9921404e-02
   5.6103431e-02  -7.7337071e-02
   6.5291842e-02  -7.7111733e-02
   6.7949247e-02  -7.2031181e-02
   5.7780688e-02  -7.0098976e-02
   5.9032461e-02  -7.2127575e-02
   5.5460143e-02  -6.0064487e-02
   6.1682729e-02  -6.2916186e-02
   4.6626569e-02  -5.4643819e-02
   4.2797729e-02  -5.7829713e-02
   4.2859175e-02  -5.5838645e-02
   3.2473707e-02  -5.0164923e-02
   4.0168443e-02  -4.1290165e-02
   4.3904810e-02  -3.7568106e-02
   4.1316997e-02  -3.0939544e-02
   3.7592601e-02  -3.1065887e-02
   4.3863541e-02  -2.9386800e-02
   3.6078299e-02  -2.1747564e-02
   4.4845088e-02  -1.7593073e-02
   3.5845354e-02  -1.5570431e-02
   4.1922967e-02  -1.2456864e-02
   4.2123167e-02  -1.5021579e-02
   2.5709253e-02  -1.2608809e-02
   2.9536443e-02  -1.2595562e-02
   1.2933249e-02  -9.1338762e-03
   1.4271109e-02  -3.5626596e-03
   1.4342156e-02  -5.6265382e-03
   2.6183163e-03  -1.5407824e-03
   9.1733685e-03   1.0282002e-03
   9.1542625e-03   6.1567890e-03
   9.1079410e-03   8.1679677e-03
   1.0363286e-02   1.6779127e-02
   1.4178912e-02   1.6695434e-02
   1.1630650e-02   2.2327463e-02
   2.5813067e-03   2.5347862e-02
   5.1831716e-03   2.5448899e-02
   0.0000000e+00   3.4067797e-02
   3.8640898e-03   3.4438775e-02
   1.1557992e-02   3.4335271e-02
   2.4241505e-02   3.8644818e-02
   2.0303585e-02   4.1953713e-02
   1.7864020e-02   4.4212543e-02
   1.0210751e-02   4.8282521e-02
   8.9711313e-03   4.7464207e-02
   1.7880772e-02   5.4925574e-02
   1.5431890e-02   5.5309490e-02
   1.6672205e-02   5.4132403e-02
   1.4082848e-02   5.7617983e-02
   1.9172086e-02   6.0587378e-02
   8.7818448e-03   8.8411242e-02
   1.0065104e-02   8.8671132e-02
   1.2569395e-02   8.8582584e-02
   1.2563108e-02   9.0083984e-02
   0.0000000e+00   8.8739003e-02
   0.0000000e+00   8.9412341e-02
  -1.0070071e-02   8.7168232e-02
  -1.2639505e-02   8.0311071e-02
  -1.0170207e-02   8.0789545e-02
  -1.0174835e-02   7.9274741e-02
  -1.2712436e-02   7.4077411e-02
  -6.3685439e-03   7.4226813e-02
  -2.5358312e-03   7.2857001e-02
  -1.2677185e-03   6.9773588e-02
  -6.3491672e-03   7.0916298e-02
   0.0000000e+00   6.5952616e-02
   0.0000000e+00   6.7663366e-02
  -6.3759757e-03   6.6082278e-02
  -3.8349547e-03   6.4191986e-02
   1.2843116e-03   5.6779296e-02
  -1.2812204e-03   5.4083224e-02
   3.8395704e-03   4.9435984e-02
  -3.8384600e-03   5.0949331e-02
   2.5645416e-03   4.4435556e-02
   1.2821604e-03   4.4940572e-02
   5.1366825e-03   4.1446652e-02
   1.0266460e-02   3.9384903e-02
   1.1573102e-02   3.1842143e-02
   1.5424323e-02   2.6760488e-02
   1.4134431e-02   1.9168005e-02
   1.0333378e-02   1.5208267e-02
   1.5520168e-02   8.6262508e-03
   1.4270064e-02   7.1253192e-03
   2.7133303e-02   8.6164131e-03
   3.6146900e-02   1.0125183e-03
   3.2337524e-02  -3.5511403e-03
   3.2335603e-02  -6.5949748e-03
   4.0213073e-02  -9.1572952e-03
   4.1539790e-02  -1.5276911e-02
   5.2001638e-02  -2.2444478e-02
   5.3053555e-02  -1.8271624e-02
   5.5716300e-02  -2.5934214e-02
   5.4348998e-02  -2.8957674e-02
   5.3063729e-02  -2.7434716e-02
   5.5792869e-02  -3.1590808e-02
   5.8473576e-02  -3.5735234e-02
   5.9723454e-02  -4.1348886e-02
   5.3093286e-02  -5.0498030e-02
   5.5804711e-02  -4.9572772e-02
   5.9491327e-02  -5.1965050e-02
   6.7253794e-02  -5.6590056e-02
   6.7400118e-02  -6.0339507e-02
   5.9650702e-02  -5.8311337e-02
   6.3052311e-02  -6.1452135e-02
   7.0522561e-02  -6.3781488e-02
   7.2874005e-02  -7.1296005e-02
   7.1565930e-02  -7.2816985e-02
   6.9038531e-02  -7.1307676e-02
   6.9112032e-02  -7.8114188e-02
   6.1742546e-02  -7.8018103e-02
   6.9339835e-02  -8.0462771e-02
   6.3787290e-02  -7.8909741e-02
   5.9624031e-02  -9.0377722e-02
   6.7258959e-02  -9.5081904e-02
   7.3189777e-02  -1.0233635e-01
   7.2105938e-02  -1.0365731e-01
