   1.3032138e-02  -4.8789067e-02
   1.5476160e-02   1.0118331e-03
   2.4650588e-02  -1.5266717e-03
   2.7163843e-02  -2.5367597e-03
   3.6075322e-02   0.0000000e+00
   3.2209856e-02   2.0211835e-03
   1.5489352e-02   8.6091206e-03
   3.0885625e-02   9.5913519e-03
   3.1007161e-02   1.0643095e-02
   3.6273805e-02   1.5756573e-02
   3.3643718e-02   1.8280724e-02
   2.7175657e-02   1.7267140e-02
   2.1977476e-02   1.7251263e-02
   2.0746543e-02   1.7303183e-02
   2.3285427e-02   2.1839120e-02
   3.8925141e-02   2.1898260e-02
   2.8582142e-02   2.9092046e-02
   3.3612412e-02   3.6597875e-02
   2.7181677e-02   4.1769031e-02
   3.8734551e-02   4.4725761e-02
   4.6092003e-02   4.7388364e-02
   4.9710063e-02   5.0209255e-02
   3.9439925e-02   4.9622970e-02
   3.4364218e-02   5.2688092e-02
   3.0682723e-02   5.4969677e-02
   3.8533543e-02   5.6247361e-02
   3.8749022e-02   5.8113855e-02
   3.3580264e-02   6.2771537e-02
   2.8417506e-02   6.2267185e-02
   3.2161434e-02   6.6655903e-02
   4.0951369e-02   7.5066435e-02
   4.9556803e-02   8.2245638e-02
   5.4377175e-02   8.8025371e-02
   5.5221077e-02   9.3004604e-02
   3.8798061e-02   9.5362518e-02
   4.0132665e-02   9.5046374e-02
   4.1437054e-02   9.9839083e-02
   5.1695825e-02   1.0706724e-01
   5.0406508e-02   1.1335649e-01
   3.2905263e-02   1.2197071e-01
   2.1698955e-02   1.2092066e-01
   1.7945324e-02   1.1819664e-01
   5.1538604e-03   1.1557831e-01
   0.0000000e+00   1.1241658e-01
  -5.1076090e-03   1.1773090e-01
   1.1508409e-02   1.1195915e-01
   3.8316458e-03   1.1236367e-01
   1.2665411e-03   1.1084740e-01
  -3.7744654e-03   1.1007872e-01
  -1.3796477e-02   1.0551105e-01
  -1.0083292e-02   9.7667241e-02
  -6.2766318e-03   8.9498925e-02
  -9.9967241e-03   8.8563156e-02
  -6.2468098e-03   7.9872596e-02
  -1.2509580e-02   6.8326877e-02
  -1.5038969e-02   6.4922699e-02
  -2.7614361e-02   6.2495418e-02
  -1.8941754e-02   5.2787306e-02
  -2.5358722e-02   5.1990007e-02
  -2.0363015e-02   4.2077318e-02
  -1.3969234e-02   3.6961616e-02
  -1.1365278e-02   3.5256679e-02
  -3.7690590e-03   2.9622334e-02
  -3.7658404e-03   2.8607230e-02
  -5.0255059e-03   3.7063675e-02
  -2.5201407e-03   2.9213537e-02
   8.8502769e-03   2.4829024e-02
   4.7946696e-02   2.4923134e-02
   5.9552980e-02   2.4381152e-02
   7.1549923e-02   2.6022637e-02
   6.7423246e-02   2.9001853e-02
   6.6222003e-02   3.3649873e-02
   5.9808224e-02   3.1139285e-02
   6.2537232e-02   3.0687276e-02
   5.7368884e-02   3.2771993e-02
   6.5347494e-02   3.7482660e-02
   6.4123264e-02   3.5466259e-02
   7.0690276e-02   3.2887639e-02
   8.1124050e-02   3.6467550e-02
   6.7507982e-02   4.1847042e-02
   6.0840099e-02   4.1223316e-02
   6.2253100e-02   4.1813624e-02
   6.3314887e-02   5.1396999e-02
   7.1215669e-02   5.0973857e-02
   6.5853447e-02   4.9815754e-02
   6.4292654e-02   5.5751940e-02
   6.1778363e-02   5.1195373e-02
   6.1887892e-02   5.2313011e-02
   5.9045352e-02   5.9252204e-02
   4.7690921e-02   5.8493069e-02
   4.6449193e-02   6.6833496e-02
   5.1387890e-02   6.8081475e-02
   4.3815540e-02   6.3649608e-02
   5.3739689e-02   6.8312010e-02
   4.4802978e-02   7.0424588e-02
   4.3466813e-02   6.7759084e-02
   4.1835425e-02   7.3320864e-02
   2.9215578e-02   8.0186967e-02
   3.3000874e-02   8.2702626e-02
   2.6607302e-02   8.8259894e-02
   2.7770969e-02   9.0511244e-02
   4.0223137e-02   9.4230651e-02
   2.5132553e-02   1.0308646e-01
   2.7562184e-02   1.0327967e-01
   2.1378897e-02   1.0108047e-01
   1.2544897e-02   1.0239662e-01
   1.6326117e-02   1.0722710e-01
   8.8058776e-03   1.0794993e-01
   1.0054341e-02   1.0784248e-01
   1.0065873e-02   1.0744471e-01
  -2.5207376e-03   1.0816629e-01
  -3.7805325e-03   1.0603914e-01
  -2.5455257e-03   9.8135398e-02
   2.5469286e-03   9.6609977e-02
   0.0000000e+00   9.4576271e-02
   0.0000000e+00   9.3466135e-02
   3.8058997e-03   9.8856419e-02
   6.3394333e-03   9.7744575e-02
   3.7955040e-03   9.5435223e-02
   1.1367777e-02   9.9976229e-02
   1.6469764e-02   9.7134779e-02
   1.9002473e-02   9.4508883e-02
   1.8931530e-02   9.1025544e-02
   1.2686526e-02   8.7352154e-02
   1.6505567e-02   8.1714313e-02
   2.2890880e-02   8.2880767e-02
   2.0376641e-02   8.1448073e-02
   2.1719904e-02   8.0675026e-02
   2.4259036e-02   7.9578254e-02
   3.4427105e-02   7.7382959e-02
   2.4291218e-02   7.5016443e-02
   2.0363503e-02   6.5944391e-02
   1.9193499e-02   6.4248839e-02
   2.3019580e-02   5.8060087e-02
   2.4583991e-02   1.9299333e-02
   2.4634804e-02   1.8320060e-02
   2.3414228e-02   1.4291975e-02
   2.7369759e-02   1.5342635e-02
   2.6044574e-02   1.2262067e-02
   2.4746704e-02   7.6639419e-03
   3.0019702e-02   2.5595586e-03
   3.0049280e-02   4.0994074e-03
   2.8797873e-02   8.2155066e-03
   2.8828536e-02   6.1678382e-03
   2.8628614e-02   5.1038676e-04
   3.2497660e-02  -6.1180884e-03
   4.2801051e-02  -1.2717656e-02
   5.0430888e-02  -1.3184107e-02
   4.9090212e-02  -1.2664924e-02
   3.8991403e-02  -1.0705184e-02
   5.1821291e-02  -1.5242121e-02
   3.8915877e-02  -9.1575731e-03
   5.1399813e-02  -1.8650097e-02
   6.0549296e-02  -2.3753954e-02
   6.0362381e-02  -3.3795112e-02
   7.6754033e-02  -4.0708518e-02
   5.3675173e-02  -4.0704743e-02
   6.0041956e-02  -3.6640542e-02
   5.9027630e-02  -3.9849780e-02
   6.4401496e-02  -3.4396554e-02
   7.3160720e-02  -3.0722723e-02
   6.5832375e-02  -4.0077809e-02
   6.4192843e-02  -4.2910677e-02
   6.1747322e-02  -4.8612688e-02
   6.0503176e-02  -5.0183958e-02
   6.5760349e-02  -4.6672891e-02
   5.6805717e-02  -4.5210756e-02
   6.6929512e-02  -4.5565411e-02
   7.0784551e-02  -4.6064408e-02
   7.3332198e-02  -5.3198088e-02
   7.3341716e-02  -5.7308116e-02
   6.4082717e-02  -5.7102413e-02
   6.5478136e-02  -5.8225425e-02
   6.1709628e-02  -6.9142268e-02
   5.7947440e-02  -6.6675916e-02
   7.1825300e-02  -7.4121849e-02
   6.1711137e-02  -7.2773523e-02
   6.0315776e-02  -7.2124248e-02
   6.6832361e-02  -7.7415405e-02
   7.2663648e-02  -8.4526456e-02
   7.9288896e-02  -9.5791673e-02
   6.7678692e-02  -9.9919541e-02
   6.2413798e-02  -9.8624659e-02
   5.9946199e-02  -9.7714527e-02
   7.3680539e-02  -1.0304819e-01
   7.7387955e-02  -1.0130610e-01
   8.7151972e-02  -1.0499240e-01
   8.5589348e-02  -1.0882294e-01
   8.0253829e-02  -1.1316326e-01
   7.7607812e-02  -1.2410686e-01
   7.7730240e-02  -1.2057536e-01
   7.3443629e-02  -1.1596933e-01
   6.4660252e-02  -1.1777456e-01
   6.4649860e-02  -1.2044404e-01
   7.4720108e-02  -1.2027091e-01
   8.2066959e-02  -1.2037573e-01
   7.3363453e-02  -1.1851252e-01
   6.9375702e-02  -1.2032770e-01
   6.4551699e-02  -1.1703102e-01
   6.9630817e-02  -1.1169660e-01
   5.8771416e-02  -6.2394829e-02
   5.6067782e-02  -6.0730620e-02
   6.2354062e-02  -5.4780515e-02
   5.5904864e-02  -5.0696400e-02
   5.1906316e-02  -5.0090094e-02
   5.7041360e-02  -4.4371398e-02
   5.5721974e-02  -4.0762333e-02
   5.1586159e-02  -3.9550775e-02
   4.9003066e-02  -4.0060926e-02
   4.3586225e-02  -3.9829115e-02
   3.3230074e-02  -4.0223466e-02
   2.6800523e-02  -4.3202577e-02
   2.6904453e-02  -3.7284464e-02
   2.1904122e-02  -3.9030213e-02
   1.6820459e-02  -3.7661501e-02
   2.4470923e-02  -3.4939164e-02
   2.4343152e-02  -2.9195260e-02
   2.6890901e-02  -3.3724245e-02
   2.8302879e-02  -2.7793196e-02
   2.3177259e-02  -2.8834689e-02
   1.6789875e-02  -2.8415533e-02
   2.4654174e-02  -3.1104386e-02
   1.8200246e-02  -3.2191222e-02
   1.9510646e-02  -3.5803370e-02
   2.0725676e-02  -3.6678631e-02
   1.6817960e-02  -3.8679379e-02
   2.0627968e-02  -4.1606668e-02
   2.8435929e-02  -4.4270768e-02
   2.9707099e-02  -4.8340560e-02
   3.7342459e-02  -4.8696149e-02
   3.7275883e-02  -4.7587024e-02
   3.8458004e-02  -5.6135858e-02
   4.0905175e-02  -6.0058972e-02
   4.6025087e-02  -6.3646321e-02
   4.8426323e-02  -6.8556931e-02
   4.7179065e-02  -7.0141069e-02
   4.0677229e-02  -6.6860206e-02
   4.2073182e-02  -7.4261582e-02
   4.6873300e-02  -7.5821561e-02
   4.4577925e-02  -7.7792657e-02
   5.4569811e-02  -8.3159239e-02
   4.8405674e-02  -9.2891657e-02
   5.0532877e-02  -9.9397327e-02
   5.5992254e-02  -1.0118991e-01
   5.3283104e-02  -1.0404247e-01
   5.5829726e-02  -1.0616908e-01
   5.5826801e-02  -1.0881729e-01
   6.0929801e-02  -1.1258038e-01
   6.9629727e-02  -1.1649761e-01
   7.0589544e-02  -1.2184414e-01
   7.5435168e-02  -1.2094810e-01
   7.9211816e-02  -1.2522184e-01
   9.0145721e-02  -1.2352140e-01
   9.3947335e-02  -1.2891658e-01
   9.3641452e-02  -1.2740170e-01
   9.7637128e-02  -1.2611109e-01
   9.4322548e-02  -1.2676474e-01
   9.5756711e-02  -1.2269911e-01
   9.5030504e-02  -1.2128126e-01
   9.1211522e-02  -1.2398004e-01
   9.2827242e-02  -1.2229639e-01
   9.6631890e-02  -1.1794028e-01
   1.0040175e-01  -1.1893370e-01
   9.7109238e-02  -1.1101401e-01
   1.0354122e-01  -1.0994743e-01
   9.6880160e-02  -1.0435311e-01
   9.4621629e-02  -9.8866866e-02
   5.0229247e-02  -5.2788874e-02
   4.7832480e-02  -4.8877710e-02
   4.1462366e-02  -4.7453139e-02
   3.7571780e-02  -4.7967781e-02
   3.6266135e-02  -4.3842817e-02
   4.5230818e-02  -3.9128726e-02
   4.5521628e-02  -3.6296598e-02
   3.8874058e-02  -3.4120544e-02
   2.9935810e-02  -3.0683913e-02
   2.9807354e-02  -3.3108145e-02
   3.6290766e-02  -2.2895254e-02
   3.4932447e-02  -2.0311382e-02
   2.5900603e-02  -2.0843314e-02
   1.9426233e-02  -2.0336709e-02
   2.9678987e-02  -1.5189683e-02
   3.5993816e-02  -1.2102184e-02
   3.5894015e-02  -7.0387371e-03
   3.3300089e-02  -2.5114914e-03
   2.7002848e-02  -1.5130267e-03
   2.3122530e-02   0.0000000e+00
   2.1837945e-02   0.0000000e+00
   2.1964675e-02   9.1239459e-03
   2.8424354e-02   9.6299043e-03
   2.5887055e-02   1.3712419e-02
   2.9858451e-02   1.4261970e-02
   2.8447447e-02   1.3698211e-02
   7.8350976e-03   2.8218802e-02
   9.1335820e-03   3.4888471e-02
   1.5584657e-02   3.2159842e-02
   1.6835927e-02   3.8208566e-02
   2.1872206e-02   4.2029761e-02
   2.8193970e-02   4.1859527e-02
   2.2869486e-02   5.1593114e-02
   3.1771431e-02   5.5145583e-02
   2.4164642e-02   5.6210644e-02
   2.8016067e-02   5.9335149e-02
   2.1636222e-02   6.5943331e-02
   2.2936933e-02   6.4999601e-02
   1.2772473e-02   7.1335775e-02
   1.5362243e-02   6.2227733e-02
   2.0495595e-02   6.3805253e-02
   2.5491862e-02   7.1688916e-02
   2.5385856e-02   7.6006905e-02
   2.6454656e-02   8.1562662e-02
   2.5142940e-02   8.8069398e-02
   3.1399266e-02   8.4891304e-02
   2.3969187e-02   8.9422758e-02
   2.7682148e-02   9.1247089e-02
   2.5141858e-02   9.9468377e-02
   1.2552000e-02   1.0089078e-01
   1.0062546e-02   1.0058859e-01
   5.0360533e-03   1.0069023e-01
   5.0579350e-03   9.6949735e-02
   5.0917176e-03   9.4989286e-02
   1.2693352e-03   9.7335936e-02
   6.3284659e-03   9.7045389e-02
   1.2654623e-03   9.7551984e-02
   0.0000000e+00   9.2772861e-02
  -5.0257406e-03   9.2681013e-02
  -8.8254357e-03   8.5248718e-02
  -6.2898301e-03   8.6083360e-02
   5.1242869e-03   3.7796147e-02
   1.4085710e-02   3.3729502e-02
   1.2876255e-02   2.8837867e-02
   1.1551788e-02   2.0661238e-02
   1.9391891e-02   1.7251810e-02
   1.6861020e-02   1.2723480e-02
   2.2048467e-02   1.3231629e-02
   2.8509866e-02   9.1503415e-03
   3.6394741e-02   8.6666034e-03
   4.0219561e-02   0.0000000e+00
   2.7354490e-02  -2.0436358e-03
   3.2522351e-02  -1.2758768e-02
   4.4305707e-02  -1.7893309e-02
   4.2959562e-02  -1.7876002e-02
   3.3677218e-02  -1.8298938e-02
   3.0956205e-02  -2.1265064e-02
   3.3596667e-02  -2.3335476e-02
   4.5198425e-02  -2.9415003e-02
   5.5413145e-02  -3.0359623e-02
   6.4291018e-02  -3.2309215e-02
   5.7922694e-02  -3.1843284e-02
   6.1521351e-02  -3.4230293e-02
   6.1444204e-02  -3.6208141e-02
   6.2976094e-02  -3.5844774e-02
   6.9635935e-02  -4.0031807e-02
   5.6969738e-02  -4.5855633e-02
   5.5910372e-02  -5.0184315e-02
   5.1972721e-02  -5.3775659e-02
   5.2100024e-02  -5.6506501e-02
   5.8586185e-02  -5.8548661e-02
   6.3702644e-02  -5.5857725e-02
   6.7767014e-02  -5.8587412e-02
   6.8570488e-02  -6.3851669e-02
   7.3617001e-02  -6.6834968e-02
   7.7181508e-02  -7.0692303e-02
   6.5694976e-02  -7.6553415e-02
   6.2929151e-02  -7.9974049e-02
   6.1556275e-02  -8.1424921e-02
   7.4285714e-02  -8.5451084e-02
   7.8165986e-02  -8.3910275e-02
   7.7660758e-02  -8.8555046e-02
   8.1140502e-02  -9.4927901e-02
   8.2616144e-02  -9.6216880e-02
   8.4885450e-02  -9.9551494e-02
   8.8551152e-02  -1.0357330e-01
   8.7397473e-02  -1.0794260e-01
   8.4672960e-02  -1.0612088e-01
   9.1055021e-02  -1.0933172e-01
   9.3626113e-02  -1.1308248e-01
   9.5657069e-02  -1.1829115e-01
   8.7282210e-02  -1.2058329e-01
   8.3468564e-02  -1.2111649e-01
   8.1037402e-02  -1.2290385e-01
   8.7282210e-02  -1.2058329e-01
   9.4534991e-02  -1.1954739e-01
   9.0753591e-02  -1.1957340e-01
   8.1480772e-02  -1.1628810e-01
   8.9240412e-02  -1.1922735e-01
   8.5290289e-02  -1.1952076e-01
   9.0688053e-02  -1.1894887e-01
   8.3194820e-02  -1.2177055e-01
   8.3178399e-02  -1.2443096e-01
   7.8491692e-02  -1.1645017e-01
   7.9967963e-02  -1.1730158e-01
   7.4835786e-02  -1.1670355e-01
   7.3815717e-02  -1.1820136e-01
   4.4427496e-02  -5.5659738e-02
   3.8017150e-02  -4.9583465e-02
   4.3016366e-02  -4.1536472e-02
   4.0330299e-02  -3.4256263e-02
   3.6325681e-02  -3.2627213e-02
   2.8556840e-02  -2.8043214e-02
   2.8618494e-02  -2.6566692e-02
   3.4994667e-02  -2.2895881e-02
   2.9822132e-02  -1.7809680e-02
   2.4546269e-02  -1.1657961e-02
   1.4268892e-02  -9.6700760e-03
   9.0622887e-03  -9.1432041e-03
   7.7761135e-03  -6.1015857e-03
  -5.2156233e-03  -1.5345915e-03
   0.0000000e+00   2.5500000e-03
   0.0000000e+00   5.5988024e-03
   0.0000000e+00   7.6119403e-03
  -9.0362973e-03   5.0644258e-03
  -7.7376345e-03   5.5653776e-03
  -3.8595686e-03   1.5653396e-02
   0.0000000e+00   1.6646884e-02
   1.2910123e-03   2.2306152e-02
  -2.5772024e-03   3.0893683e-02
  -1.2849382e-03   2.9792065e-02
  -6.4452006e-03   3.5993591e-02
  -1.5465175e-02   3.7512242e-02
  -1.9427506e-02   3.7698065e-02
  -1.5577421e-02   3.5733158e-02
  -1.4236857e-02   4.2285159e-02
   0.0000000e+00   5.2619048e-02
  -3.8349343e-03   5.5489370e-02
   3.8218804e-03   6.1924704e-02
   7.6122199e-03   6.6760647e-02
   6.3474474e-03   7.1922203e-02
  -1.1441193e-02   7.4078098e-02
  -1.0161208e-02   7.7102334e-02
  -2.5438645e-03   7.5667508e-02
   5.0704110e-03   8.0552185e-02
   0.0000000e+00   8.6432111e-02
  -6.3264723e-03   9.2313411e-02
  -2.5126110e-03   9.5781526e-02
  -6.3202784e-03   1.0321302e-01
  -5.0629935e-03   1.0230307e-01
   0.0000000e+00   1.0574405e-01
   0.0000000e+00   1.0675595e-01
  -1.0074772e-02   1.1018484e-01
  -1.5217941e-02   1.1258931e-01
  -1.8977484e-02   1.1818853e-01
  -1.2622162e-02   1.1897714e-01
  -1.3940178e-02   1.1894174e-01
  -1.2666445e-02   1.1780411e-01
  -1.5199734e-02   1.1780152e-01
  -2.4016865e-02   1.2021811e-01
  -2.6529760e-02   1.1692353e-01
  -2.2651864e-02   1.2126413e-01
  -2.7705479e-02   1.2188309e-01
  -3.1520555e-02   1.1453720e-01
  -3.1540542e-02   1.1301680e-01
  -3.6744831e-02   1.0978463e-01
  -3.4292898e-02   1.0369125e-01
  -3.3086142e-02   1.0390102e-01
  -2.9229116e-02   9.9535639e-02
  -3.5386852e-02   1.0105129e-01
  -3.7870557e-02   9.8828903e-02
  -3.9264786e-02   9.4979960e-02
  -3.5486602e-02   9.0351425e-02
  -3.1797499e-02   8.8602292e-02
   2.5898444e-03   2.1864363e-02
   2.5924243e-03   2.1886184e-02
   1.8134526e-02   1.7794877e-02
   1.8085412e-02   1.3179638e-02
   2.1989353e-02   4.0591208e-03
   2.3353293e-02   0.0000000e+00
   2.5894565e-02  -6.0944085e-03
   2.3353003e-02  -2.5444996e-03
   2.9899940e-02   1.0197303e-03
   3.2597793e-02   0.0000000e+00
   3.6290838e-02  -2.0331062e-03
   3.6359554e-02  -7.6393696e-03
   4.7961877e-02  -2.1362686e-02
   4.4010939e-02  -2.5917317e-02
   3.3514977e-02  -4.2612608e-02
   3.6080000e-02  -5.0269300e-02
   5.1593751e-02  -5.0299000e-02
   6.3393504e-02  -5.9717644e-02
   7.0187473e-02  -5.6867855e-02
   6.1041855e-02  -5.5807121e-02
   6.7543490e-02  -6.4111551e-02
   8.1485922e-02  -7.2638462e-02
   7.2636281e-02  -7.3401281e-02
   7.5982578e-02  -8.0681319e-02
   9.2321476e-02  -8.4950094e-02
   8.0547836e-02  -9.3654327e-02
   8.6613320e-02  -1.0645038e-01
   9.2100827e-02  -1.0316453e-01
   9.0768012e-02  -1.0470419e-01
   8.7017232e-02  -9.9518044e-02
   9.2204891e-02  -9.7449329e-02
   9.5882259e-02  -9.9369097e-02
   1.0979744e-01  -1.0019997e-01
   1.0839232e-01  -1.0590915e-01
   1.1417063e-01  -1.2074274e-01
   1.1071222e-01  -1.2496388e-01
   1.0631294e-01  -1.3024022e-01
   1.0422519e-01  -1.2975837e-01
   1.0170849e-01  -1.2708740e-01
   1.0317185e-01  -1.3170388e-01
   1.0586779e-01  -1.3297797e-01
   1.0547405e-01  -1.3850808e-01
   1.0737065e-01  -1.4035264e-01
   1.0622342e-01  -1.4218607e-01
   1.0502964e-01  -1.4285474e-01
   1.0256749e-01  -1.4743438e-01
   9.5971554e-02  -1.5265066e-01
   9.6060921e-02  -1.5280472e-01
   1.0562173e-01  -1.5296552e-01
   1.0809645e-01  -1.5176060e-01
   1.1203832e-01  -1.4696013e-01
   1.1504149e-01  -1.5194354e-01
   1.1046645e-01  -1.5040752e-01
   1.0337667e-01  -1.4229512e-01
   1.0046832e-01  -1.4393404e-01
   1.0086577e-01  -1.4013039e-01
   1.0341894e-01  -1.4346232e-01
   1.0214461e-01  -1.4566962e-01
   1.0206239e-01  -1.4720838e-01
   1.0025311e-01  -1.3724737e-01
   1.0004597e-01  -1.3529745e-01
   1.0173004e-01  -1.3093683e-01
   1.0038933e-01  -1.2812259e-01
   9.2984847e-02  -1.2523083e-01
   9.4009437e-02  -1.2216512e-01
   8.5174627e-02  -1.2069151e-01
   8.0563227e-02  -1.1875978e-01
   5.0395921e-02  -4.5773724e-02
   4.9262993e-02  -4.4382318e-02
   4.7847908e-02  -4.1199466e-02
   4.5282958e-02  -3.0489917e-02
   4.1469411e-02  -2.4418688e-02
   4.7713699e-02  -2.3787325e-02
   3.7378268e-02  -1.7701009e-02
   3.2234387e-02  -1.1127531e-02
   3.7391061e-02  -1.1632092e-02
   2.9686871e-02  -9.6201326e-03
   1.9362578e-02  -7.0895809e-03
   1.5520421e-02  -8.1188243e-03
   1.8090727e-02  -4.5621825e-03
   1.5568482e-02  -3.5626188e-03
   2.1924431e-02   2.0235218e-03
   1.6748434e-02   5.0540899e-03
   1.1594523e-02   7.0760317e-03
   5.1576110e-03   1.0624916e-02
   0.0000000e+00   1.4194831e-02
   1.2993349e-03   1.6319992e-02
   2.5923122e-03   2.2395165e-02
   0.0000000e+00   2.6036036e-02
  -9.1054057e-03   2.7083502e-02
  -1.4317126e-02   3.0690208e-02
  -9.1058843e-03   2.6572493e-02
  -3.9127253e-03   3.0241069e-02
   2.6000806e-03   3.9388085e-02
   7.7763144e-03   4.5945117e-02
   7.7536132e-03   5.0948136e-02
   7.7075400e-03   5.5764416e-02
   5.1238068e-03   5.5093720e-02
   0.0000000e+00   6.3056380e-02
  -2.5528872e-03   6.2047356e-02
  -1.2775365e-03   6.2613831e-02
   2.5522242e-03   6.7158284e-02
   3.8213850e-03   6.6521447e-02
   5.0997796e-03   7.4300705e-02
  -1.2755536e-03   7.9513367e-02
  -1.0199760e-02   8.1030214e-02
  -1.2737724e-02   8.4067354e-02
  -1.5364418e-02   8.6607164e-02
  -1.1538304e-02   8.5676530e-02
  -1.1530116e-02   9.0867183e-02
  -1.4037882e-02   9.0503032e-02
  -1.5280604e-02   9.3967392e-02
  -1.0176062e-02   9.7018832e-02
  -1.0125891e-02   9.9669480e-02
   2.5233016e-03   1.0300970e-01
  -5.0195365e-03   1.1400504e-01
  -1.1337103e-02   1.0704526e-01
  -7.5489307e-03   1.1007727e-01
  -5.0178372e-03   1.1714760e-01
  -6.3027682e-03   1.1507810e-01
  -1.2565954e-02   1.1310337e-01
  -1.4993867e-02   1.1718114e-01
  -1.3770564e-02   1.1265609e-01
  -1.6330362e-02   1.1624407e-01
  -1.6378660e-02   1.1394284e-01
  -1.8882437e-02   1.1118692e-01
  -1.8931075e-02   1.0725003e-01
  -1.3853695e-02   1.0754808e-01
  -2.1394239e-02   1.0692850e-01
  -2.5213859e-02   1.0238353e-01
  -2.6459290e-02   1.0389450e-01
  -2.3930413e-02   1.0228435e-01
  -2.7782118e-02   1.0571887e-01
  -2.3952963e-02   9.9765027e-02
  -2.1403227e-02   1.0329570e-01
  -6.4531365e-03   4.1144908e-02
  -5.1707695e-03   3.7118349e-02
   5.1773597e-03   3.5119481e-02
   1.2915996e-02   2.7909066e-02
   2.9776092e-02   9.1410280e-03
   3.8921671e-02  -2.5437703e-03
   3.1228587e-02  -6.6347223e-03
   3.8867107e-02  -1.4739171e-02
   3.8675558e-02  -1.4160397e-02
   3.8738296e-02  -1.9762586e-02
   4.4043046e-02  -2.8486599e-02
   4.1449953e-02  -2.8997192e-02
   5.1646247e-02  -3.0930735e-02
   5.8018701e-02  -3.4438724e-02
   5.5683893e-02  -3.8685602e-02
   6.2191263e-02  -4.1771906e-02
   5.0664421e-02  -4.3958357e-02
   4.4199448e-02  -5.1226383e-02
   5.4604751e-02  -5.0698572e-02
   5.9280023e-02  -4.9728709e-02
   6.4667110e-02  -5.6595825e-02
   5.1528001e-02  -6.1029235e-02
   5.2777969e-02  -6.4078116e-02
   6.4234863e-02  -6.8051090e-02
   7.4162575e-02  -7.0786358e-02
   6.2671447e-02  -6.9808170e-02
   7.9001310e-02  -7.6179411e-02
   7.1486390e-02  -7.3250142e-02
   6.8946735e-02  -7.9478027e-02
   6.5126193e-02  -7.8984055e-02
   6.6717526e-02  -8.9307711e-02
   6.5441509e-02  -9.1955998e-02
   6.8079481e-02  -9.4689884e-02
   6.9009070e-02  -1.0052430e-01
   7.6481469e-02  -9.6533674e-02
   7.2934131e-02  -9.4291086e-02
   7.0592645e-02  -9.4073545e-02
   7.7935111e-02  -8.9923339e-02
   7.6915297e-02  -9.1818182e-02
   7.2965169e-02  -9.5915831e-02
   6.1459819e-02  -1.0341742e-01
   6.2713226e-02  -1.0710334e-01
   7.0238264e-02  -1.1003303e-01
   6.4996096e-02  -1.0768514e-01
   6.7419412e-02  -1.1226665e-01
   5.9702311e-02  -1.0840205e-01
   6.5937069e-02  -1.1510448e-01
   6.5990802e-02  -1.1788618e-01
   6.2010737e-02  -1.1970638e-01
   6.4682065e-02  -1.2158626e-01
   6.2117259e-02  -1.2262030e-01
   6.6903768e-02  -1.2312424e-01
   6.4032990e-02  -1.2404547e-01
   5.9094944e-02  -1.2748723e-01
   6.5198108e-02  -1.2707687e-01
   6.9104998e-02  -1.2680191e-01
   6.3028423e-02  -1.2403728e-01
   6.4214468e-02  -1.2873412e-01
   5.5582884e-02  -1.3031448e-01
   6.1812332e-02  -1.2900407e-01
   6.2851383e-02  -1.3013748e-01
   6.4381040e-02  -1.2746164e-01
