   2.5807865e-01   9.4397359e-02
  -6.9731273e-02   1.0753396e-01
  -1.0800363e-01   9.7907075e-02
  -1.4753689e-01   1.0225749e-01
  -1.4732040e-01   9.4259588e-02
  -1.5537957e-01   8.2254855e-02
  -1.7980451e-01   8.2407932e-02
  -2.3655546e-01   1.0069418e-01
  -2.4877024e-01   8.5551390e-02
  -2.7578106e-01   8.0225982e-02
  -3.0719481e-01   7.4786475e-02
  -3.0201732e-01   7.8865686e-02
  -3.1847325e-01   6.3143395e-02
  -3.2147604e-01   5.8104530e-02
  -3.3399298e-01   5.6358361e-02
  -3.6404142e-01   5.5533811e-02
  -3.7373913e-01   4.3017357e-02
  -3.7165731e-01   3.0486494e-02
  -3.6541044e-01   1.6826983e-02
  -3.4595890e-01   1.1472943e-02
  -3.4320979e-01   4.0212328e-03
  -3.4799103e-01  -3.5370016e-03
  -3.5776382e-01  -1.5098349e-02
  -3.4892816e-01  -2.3742346e-02
  -3.3924528e-01  -2.7525787e-02
  -3.2186764e-01  -2.6080198e-02
  -2.8909383e-01  -5.6717867e-02
  -2.8079258e-01  -5.4918131e-02
  -2.7823395e-01  -4.2635375e-02
  -2.6993978e-01  -4.8925385e-02
  -2.4375463e-01  -5.6209483e-02
  -2.3153623e-01  -6.6198831e-02
  -2.2726723e-01  -6.1038062e-02
  -1.9710993e-01  -4.9490284e-02
  -1.7750388e-01  -5.9168547e-02
  -1.4076172e-01  -6.5701381e-02
  -1.3235874e-01  -5.7180157e-02
  -8.5561516e-02  -6.7573391e-02
  -5.5970090e-02  -8.8543547e-02
  -4.0965444e-02  -1.0133326e-01
  -2.5519291e-02  -1.0473849e-01
  -2.0477709e-02  -9.6570756e-02
   1.2875655e-03  -1.0736837e-01
   2.8269897e-02  -1.0981106e-01
   5.5266275e-02  -1.0921936e-01
   1.0117672e-01  -1.2207161e-01
   1.0930970e-01  -1.2637665e-01
   1.2193635e-01  -1.2521354e-01
   1.3468080e-01  -1.1500155e-01
   1.5195162e-01  -1.2229477e-01
   1.7619754e-01  -1.1058506e-01
   2.0289343e-01  -1.1664527e-01
   2.2308829e-01  -1.1661558e-01
   2.4135646e-01  -1.1428041e-01
   2.3687909e-01  -1.0140860e-01
   2.6310451e-01  -1.0214946e-01
   2.6325702e-01  -8.9936862e-02
   2.6336591e-01  -8.5302963e-02
   2.6245207e-01  -6.9940856e-02
   2.8056831e-01  -6.5902977e-02
   2.9282390e-01  -6.6811375e-02
   3.2597418e-01  -4.9453908e-02
   3.3001656e-01  -4.6085226e-02
   3.4758738e-01  -4.0848085e-02
   3.4148606e-01  -4.2861285e-02
   3.5333291e-01   4.0797655e-02
   3.4524737e-01   7.1287063e-02
   3.7105700e-01   6.4356043e-02
   3.6898341e-01   6.8283518e-02
   3.5449440e-01   7.1435806e-02
   3.2930261e-01   8.7862140e-02
   3.1782942e-01   7.8063659e-02
   3.0355910e-01   1.0289611e-01
   3.2161658e-01   9.5670121e-02
   3.3647424e-01   9.0609218e-02
   3.2723431e-01   9.3706226e-02
   3.1926936e-01   1.0665579e-01
   3.4851626e-01   9.1029907e-02
   3.5803359e-01   8.8065903e-02
   3.5067564e-01   1.0068629e-01
   3.2610740e-01   1.1734524e-01
   2.9131137e-01   1.3410379e-01
   2.2930687e-01   1.4213115e-01
   2.1549583e-01   1.4919224e-01
   2.0916658e-01   1.4393830e-01
   1.9385182e-01   1.4831222e-01
   1.7680567e-01   1.5683854e-01
   1.6228931e-01   1.5436382e-01
   1.2834701e-01   1.6648020e-01
   1.0537605e-01   1.7061830e-01
   7.0072114e-02   1.8173175e-01
   5.7255260e-02   1.7209720e-01
   3.9308974e-02   1.6921527e-01
   2.5345007e-03   1.7034907e-01
  -4.5516743e-02   1.7916531e-01
  -5.0317157e-02   1.6709158e-01
  -5.7863592e-02   1.6532265e-01
  -7.1730265e-02   1.6042392e-01
  -9.3655925e-02   1.7544388e-01
  -1.1024324e-01   1.6274395e-01
  -1.3958635e-01   1.5805250e-01
  -1.5658773e-01   1.6292907e-01
  -1.6260797e-01   1.6646407e-01
  -1.4297271e-01   1.6018408e-01
  -1.8287045e-01   1.5304475e-01
  -2.2015977e-01   1.6544056e-01
  -2.1264677e-01   1.4565986e-01
  -2.2260362e-01   1.3374030e-01
  -2.2217362e-01   1.3347209e-01
  -2.2641633e-01   1.3028611e-01
  -2.2122577e-01   1.1451118e-01
  -2.5083099e-01   1.1676543e-01
  -2.6862406e-01   1.0592475e-01
  -2.6458470e-01   1.0865255e-01
  -2.5471369e-01   9.1407750e-02
  -2.5784827e-01   7.9302350e-02
  -2.7940700e-01   6.9868778e-02
  -2.9585936e-01   8.9543199e-02
  -3.0075680e-01   7.6276952e-02
  -3.0279763e-01   6.4263879e-02
  -3.1866885e-01   7.4970906e-02
  -3.0225424e-01   5.6825522e-02
  -2.8237687e-01   4.2842185e-02
  -2.8549178e-01   3.6047843e-02
  -2.8300240e-01   2.2834747e-02
  -2.7283242e-01   1.6789778e-02
  -2.7319008e-01   1.1713402e-02
  -6.0292736e-02  -8.2738135e-02
  -3.4991519e-02  -9.2457813e-02
  -1.5445499e-02  -1.0034582e-01
  -2.1824896e-02  -9.6347748e-02
   3.8263531e-03  -9.7821739e-02
   1.7784389e-02  -1.1332221e-01
  -2.5677400e-03  -9.9023944e-02
  -9.0162670e-03  -9.5622619e-02
   6.4256045e-03  -1.0446890e-01
   2.6899163e-02  -1.0248974e-01
   6.1305238e-02  -1.0474327e-01
   8.4377204e-02  -1.0208349e-01
   9.3848683e-02  -9.7832670e-02
   1.1951885e-01  -1.0815323e-01
   1.0801166e-01  -1.0522796e-01
   9.7222952e-02  -1.1061306e-01
   1.2001903e-01  -1.1504460e-01
   1.3655327e-01  -1.2727200e-01
   1.3316998e-01  -1.1044310e-01
   1.4888992e-01  -1.2674836e-01
   1.3832297e-01  -1.2828451e-01
   1.6546805e-01  -1.3037497e-01
   1.7508940e-01  -1.2590536e-01
   1.9610560e-01  -1.3107918e-01
   2.1725004e-01  -1.3176751e-01
   2.3470785e-01  -1.3032070e-01
   2.3080598e-01  -1.1554930e-01
   2.3438755e-01  -1.2073846e-01
   2.3364554e-01  -1.1964981e-01
   2.6493382e-01  -1.1504400e-01
   2.8639771e-01  -1.1869240e-01
   3.1063374e-01  -1.2292502e-01
   3.1251902e-01  -1.1411179e-01
   3.1984804e-01  -1.0744869e-01
   3.4736526e-01  -1.1025146e-01
   3.4483208e-01  -1.1760461e-01
   3.4948233e-01  -8.7029738e-02
   3.8929528e-01  -9.2056456e-02
   3.7667081e-01  -6.8357900e-02
   4.1034034e-01  -7.4589858e-02
   4.0533355e-01  -6.9137191e-02
   4.2271236e-01  -7.0483740e-02
   4.2331855e-01  -5.7562801e-02
   4.3198032e-01  -6.9562210e-02
   4.4237268e-01  -5.1416885e-02
   4.4496955e-01  -4.2674335e-02
   4.3332230e-01  -3.1128665e-02
   4.1755183e-01  -2.8762319e-02
   4.2015141e-01  -2.9736360e-02
   4.1732088e-01  -2.5684161e-02
   4.2477161e-01  -2.7009914e-02
   4.3241003e-01  -2.2948771e-02
   4.1917806e-01  -7.4066941e-03
   4.2939306e-01  -9.7831701e-04
   4.2455365e-01   8.7701447e-03
   4.1882204e-01   1.3158779e-02
   4.1826531e-01   2.9153635e-02
   4.1952148e-01   3.1384813e-02
   4.1289621e-01   4.1497750e-02
   4.0707017e-01   5.0240746e-02
   3.9172382e-01   4.4115439e-02
   3.9179208e-01   4.3156408e-02
   3.6352406e-01   6.8316604e-02
   1.5200887e-01   1.2287509e-01
   1.7001509e-01   1.2329075e-01
   1.6036492e-01   1.2661016e-01
   9.2412505e-02   1.3065774e-01
   5.7689671e-02   1.2905101e-01
   5.5430687e-02   1.2594599e-01
   4.7844759e-02   1.2362683e-01
   1.4200379e-02   1.2958193e-01
   0.0000000e+00   1.2736733e-01
  -3.2308893e-02   1.3585013e-01
  -4.5444025e-02   1.3254515e-01
  -6.9035373e-02   1.2560174e-01
  -1.1463755e-01   1.1809724e-01
  -1.2135280e-01   1.0796381e-01
  -9.6692568e-02   9.4331512e-02
  -1.3681057e-01   1.1192185e-01
  -1.7064153e-01   9.7433802e-02
  -1.7524214e-01   9.8842997e-02
  -1.6835884e-01   8.6472676e-02
  -1.9675367e-01   7.5566731e-02
  -2.1066733e-01   5.9495517e-02
  -2.3007369e-01   7.2751323e-02
  -2.4925993e-01   6.1558151e-02
  -2.6966088e-01   3.8052457e-02
  -2.9931203e-01   4.4612977e-02
  -2.6832200e-01   3.9290951e-02
  -3.1505805e-01   4.5094962e-02
  -3.0044188e-01   3.3461013e-02
  -3.1388164e-01   3.5079306e-02
  -3.5812355e-01   3.9245410e-02
  -3.7289054e-01   4.5377004e-02
  -3.7951578e-01   3.7339698e-02
  -3.8494222e-01   2.8198761e-02
  -3.8252870e-01   3.0728732e-02
  -3.8995425e-01   2.3212516e-02
  -4.1706946e-01   9.8004235e-03
  -4.3328390e-01   7.3085873e-03
  -4.3592807e-01  -2.9041278e-03
  -4.2494514e-01  -1.3088023e-02
  -4.1943647e-01  -1.9589312e-02
  -4.0400459e-01  -1.5630943e-02
  -3.8826875e-01  -1.9114285e-02
  -3.9085624e-01  -1.5231263e-02
  -3.8871265e-01  -2.1242890e-02
  -3.7943205e-01  -2.3758683e-02
  -3.5269648e-01  -5.8024956e-02
  -3.3340970e-01  -6.7394592e-02
  -3.2703606e-01  -5.3981992e-02
  -3.0413530e-01  -4.6970757e-02
  -2.9474499e-01  -5.0079405e-02
  -2.6231638e-01  -6.0441012e-02
  -2.3097637e-01  -7.5931024e-02
  -2.3100797e-01  -7.3952760e-02
  -2.1795094e-01  -7.8723034e-02
  -2.1021326e-01  -6.6806994e-02
  -2.2229818e-01  -6.1479693e-02
  -1.9778320e-01  -7.0254288e-02
  -1.6912647e-01  -7.9917673e-02
  -1.6160476e-01  -7.7493047e-02
  -1.4437618e-01  -7.7458035e-02
  -1.3777892e-01  -6.9081222e-02
  -1.1670790e-01  -5.8136628e-02
  -1.1413404e-01  -6.1778953e-02
  -1.0881952e-01  -5.8109065e-02
   8.6719271e-02   1.4191543e-02
   1.0670478e-01  -3.0527963e-03
   1.4068108e-01   1.0161117e-03
   1.7107645e-01   5.5454035e-03
   2.1944547e-01  -6.4920520e-03
   2.2910172e-01  -3.9782941e-03
   2.0526154e-01   2.0010292e-03
   2.2435854e-01   9.9126301e-04
   2.5757197e-01  -1.5294134e-02
   3.0046769e-01  -1.9073217e-02
   3.3082490e-01  -2.0003086e-02
   3.5662171e-01  -1.9009269e-02
   3.7711688e-01  -3.8796506e-03
   3.7177524e-01   5.3562512e-03
   3.9192788e-01   3.8868885e-03
   3.9636923e-01   4.8929446e-03
   4.0913412e-01   5.8144231e-03
   4.2081600e-01   1.2893976e-02
   4.3160783e-01   2.8782162e-03
   4.4401233e-01   9.1059806e-03
   4.3200402e-01   7.1593414e-03
   4.2482233e-01   9.4311932e-03
   4.2485323e-01   0.0000000e+00
   4.0961446e-01   1.3938540e-02
   4.0881853e-01   1.3433750e-02
   3.7349271e-01   2.0341734e-02
   3.5253290e-01   2.2835884e-02
   3.3379253e-01   1.7083538e-02
   3.1188163e-01   1.8694967e-02
   2.9532582e-01   2.6561675e-02
   2.4658334e-01   2.1914679e-02
   2.0469721e-01   2.9986385e-02
   1.9509164e-01   2.4589669e-02
   1.7148891e-01   1.8202108e-02
   1.6448817e-01   1.9168980e-02
   1.1963781e-01   2.9514139e-02
   1.0131068e-01   2.1355136e-02
   7.2814528e-02   2.0388412e-02
   3.9106947e-02   1.1759973e-02
   2.8698143e-02   1.7405393e-02
  -7.7999025e-03   2.5499541e-03
  -5.6969286e-02   5.0748103e-03
  -8.6666667e-02   0.0000000e+00
  -1.1523899e-01   5.0598400e-04
  -1.4039972e-01   1.0141029e-03
  -1.6217173e-01  -2.0365286e-03
  -1.8170800e-01  -1.5244028e-02
  -2.0862252e-01  -2.2750489e-02
  -2.3379285e-01  -3.4370512e-02
  -2.6337388e-01  -2.3084246e-02
  -2.7029573e-01  -2.8128922e-02
  -2.8329304e-01  -3.3250595e-02
  -2.9373141e-01  -4.3619885e-02
  -3.1581984e-01  -3.9420266e-02
  -3.0344053e-01  -5.6826248e-02
  -3.0978437e-01  -5.7991417e-02
  -3.0119516e-01  -6.4516342e-02
  -3.0529162e-01  -7.0320407e-02
  -3.1661638e-01  -7.3457050e-02
  -3.1154776e-01  -6.5864769e-02
  -3.0236418e-01  -7.0783571e-02
  -2.9236525e-01  -7.5926441e-02
  -2.9116157e-01  -7.1347988e-02
   8.4272728e-02  -6.3422603e-02
   1.0497190e-01  -6.9036755e-02
   1.2136450e-01  -7.3123729e-02
   1.3564060e-01  -8.5130170e-02
   1.3827364e-01  -9.3647665e-02
   1.3955261e-01  -9.4154736e-02
   1.4020022e-01  -9.5826982e-02
   1.7489185e-01  -1.0943368e-01
   1.8376230e-01  -9.5641385e-02
   1.9872669e-01  -9.3721401e-02
   2.0705374e-01  -9.4938448e-02
   2.0647565e-01  -9.3693167e-02
   2.1415495e-01  -9.5586222e-02
   2.1585060e-01  -9.3050801e-02
   2.3187444e-01  -7.8388074e-02
   2.4951132e-01  -7.8940743e-02
   2.6301523e-01  -7.9554565e-02
   2.9107071e-01  -7.7843115e-02
   2.7731167e-01  -7.8473713e-02
   2.8901173e-01  -8.6823511e-02
   3.3235471e-01  -7.9662983e-02
   3.4072193e-01  -6.4928001e-02
   3.6667601e-01  -5.5806800e-02
   3.7853368e-01  -5.2162163e-02
   3.8028123e-01  -5.5661753e-02
   3.6632902e-01  -3.6390752e-02
   4.0006233e-01  -2.5192832e-02
   4.0746701e-01  -1.9445361e-02
   4.0925519e-01  -1.4149353e-02
   4.1424520e-01  -6.7961115e-03
   3.9547874e-01   1.9595240e-03
   3.9772822e-01   9.2658951e-03
   4.0855621e-01   7.7923174e-03
   4.1209258e-01   2.9169472e-03
   3.9546063e-01   1.9181229e-02
   4.0944002e-01   2.1487590e-02
   4.1413233e-01   1.5487357e-02
   3.8049596e-01   1.5112402e-02
   3.6556236e-01   2.0087873e-02
   3.5718074e-01   2.4685348e-02
   3.6362387e-01   3.4546960e-02
   3.7864908e-01   4.6593690e-02
   3.8012096e-01   5.4911964e-02
   3.5965897e-01   6.5595196e-02
   3.4790247e-01   6.4735049e-02
   3.2148517e-01   6.2410256e-02
   3.0617032e-01   6.4138132e-02
   2.7501369e-01   8.9559123e-02
   2.6948093e-01   9.8887836e-02
   2.3978311e-01   1.1269038e-01
   2.6191357e-01   9.9611524e-02
   2.2726594e-01   1.1709380e-01
   2.0597550e-01   1.1643998e-01
   1.7760314e-01   1.2638205e-01
   1.6375641e-01   1.3383827e-01
   1.5248062e-01   1.4057197e-01
   1.4965683e-01   1.2409156e-01
   1.1530539e-01   1.3159654e-01
  -2.1933042e-01   1.0477122e-01
  -2.2368446e-01   1.0364243e-01
  -2.4033332e-01   9.3751932e-02
  -2.5287277e-01   8.8594966e-02
  -2.6673953e-01   7.5691419e-02
  -2.8271511e-01   6.7951709e-02
  -2.9839916e-01   7.3449108e-02
  -3.0463975e-01   6.1661430e-02
  -3.1011665e-01   4.8982709e-02
  -3.1823100e-01   4.1903867e-02
  -3.2921290e-01   4.5756038e-02
  -3.2995457e-01   4.3299490e-02
  -3.1333682e-01   2.0843500e-02
  -3.1896395e-01   1.6377447e-02
  -3.1776568e-01   7.9744215e-03
  -3.1474490e-01   3.0255047e-03
  -3.1147208e-01   0.0000000e+00
  -3.2134306e-01  -5.5402496e-03
  -3.2904254e-01  -2.0789418e-02
  -3.1512030e-01  -2.9451504e-02
  -3.1210623e-01  -2.9048440e-02
  -2.8882797e-01  -2.9343029e-02
  -2.8436325e-01  -4.9912439e-02
  -2.8892884e-01  -4.9520964e-02
  -2.4873791e-01  -5.7976238e-02
  -2.3351748e-01  -7.3482927e-02
  -2.1095163e-01  -7.6484208e-02
  -2.0849242e-01  -6.6686046e-02
  -1.9881087e-01  -7.1710461e-02
  -1.9482446e-01  -7.6431134e-02
  -1.8719348e-01  -7.6061314e-02
  -1.6859960e-01  -6.7186051e-02
  -1.4778754e-01  -5.5900750e-02
  -1.1297596e-01  -6.0823807e-02
  -7.5990185e-02  -6.9748708e-02
  -5.1556536e-02  -8.7665466e-02
  -4.7757729e-02  -6.5300573e-02
  -2.3224974e-02  -6.2719840e-02
   0.0000000e+00  -6.1771772e-02
   3.4992493e-02  -6.5071524e-02
   3.1439970e-02  -4.7991916e-02
   5.4881024e-02  -5.5642467e-02
   7.9253334e-02  -6.3053347e-02
   1.0234014e-01  -8.1054668e-02
   1.1305518e-01  -8.0730125e-02
   1.2253368e-01  -8.0406267e-02
   1.6835467e-01  -8.1641607e-02
   1.9547735e-01  -9.3016776e-02
   2.0214778e-01  -9.5465009e-02
   2.1370408e-01  -9.8378685e-02
   2.3426954e-01  -1.0233385e-01
   2.3960626e-01  -9.8211721e-02
   2.6516063e-01  -9.0842702e-02
   2.9238819e-01  -8.0936411e-02
   3.1227834e-01  -8.3847184e-02
   3.1467927e-01  -7.9615722e-02
   3.0692189e-01  -7.5617366e-02
   3.1553220e-01  -7.4345231e-02
   3.2591433e-01  -7.4705067e-02
   3.3796212e-01  -5.8393344e-02
   3.5253893e-01  -5.0986137e-02
   3.7246115e-01  -5.0340351e-02
   3.7363946e-01  -4.1079943e-02
   3.8892167e-01   5.5504674e-02
   3.9211326e-01   6.6221655e-02
   3.9882912e-01   7.0633884e-02
   3.8300084e-01   7.4291463e-02
   3.6778636e-01   8.5143628e-02
   3.4040919e-01   8.9427652e-02
   3.3111846e-01   8.9001046e-02
   3.1714316e-01   9.0318746e-02
   3.1375275e-01   9.4880340e-02
   3.1392891e-01   1.0094511e-01
   3.0720469e-01   1.0105820e-01
   2.9334132e-01   1.0566997e-01
   2.7153079e-01   1.0127089e-01
   2.3960521e-01   1.1237647e-01
   2.2380545e-01   1.0828297e-01
   2.0935863e-01   1.2118397e-01
   1.9247875e-01   1.1999713e-01
   1.6949537e-01   1.1669232e-01
   1.5704884e-01   1.1667847e-01
   1.1845155e-01   1.3031426e-01
   9.8183332e-02   1.2763616e-01
   7.8834360e-02   1.1300012e-01
   6.4499713e-02   1.1502932e-01
   3.6336014e-02   1.2025811e-01
   6.4858374e-03   1.2357127e-01
  -1.1595776e-02   1.2268597e-01
  -3.5994362e-02   1.1852065e-01
  -6.1390536e-02   1.1617057e-01
  -8.9738790e-02   1.2446782e-01
  -1.0478765e-01   1.1311950e-01
  -1.1179590e-01   1.3231819e-01
  -1.4580726e-01   1.0637269e-01
  -1.5812908e-01   1.1269321e-01
  -1.5657751e-01   8.9789441e-02
  -1.9072895e-01   1.1218681e-01
  -1.7520312e-01   8.8451587e-02
  -2.1807217e-01   9.7594480e-02
  -2.2821396e-01   8.5367394e-02
  -2.6209604e-01   1.1076552e-01
  -2.4936357e-01   8.0368561e-02
  -2.8243219e-01   9.8063486e-02
  -2.8721737e-01   7.3776129e-02
  -2.9131489e-01   8.0348608e-02
  -3.0461074e-01   7.0680495e-02
  -3.0280795e-01   7.6992066e-02
  -2.8414583e-01   5.8597670e-02
  -2.8093193e-01   5.2644612e-02
  -2.7561729e-01   4.0229077e-02
  -2.7954228e-01   3.5826681e-02
  -2.5752447e-01   2.6835345e-02
  -2.5778547e-01   2.6488907e-02
  -2.6153986e-01   2.4413041e-02
  -2.5813326e-01   5.0940206e-03
  -2.5681629e-01   3.5665065e-03
  -2.3995635e-01   2.5432439e-03
  -2.1595923e-01  -1.0704301e-02
  -2.0029353e-01  -1.6869690e-02
  -2.0445824e-01  -2.1351603e-02
  -1.9158303e-01  -3.7277372e-02
  -1.6109846e-01  -5.3914600e-02
  -1.3949098e-01  -5.6794027e-02
  -1.5437655e-01  -4.1256069e-02
  -1.4078672e-01  -4.4721099e-02
  -1.2311571e-01  -5.1446057e-02
   1.4655019e-01  -1.0809116e-01
   1.4379624e-01  -1.1603345e-01
   1.6391344e-01  -1.0747933e-01
   1.7880707e-01  -1.0090929e-01
   1.8846948e-01  -9.9576543e-02
   1.8316259e-01  -9.9024950e-02
   1.8830542e-01  -9.3681018e-02
   2.2516036e-01  -9.9837733e-02
   2.3785728e-01  -8.6523265e-02
   2.6486410e-01  -8.7249762e-02
   2.9782860e-01  -7.8312909e-02
   2.9935812e-01  -7.2242396e-02
   2.9109691e-01  -7.8323849e-02
   3.1414442e-01  -7.9676175e-02
   3.4440701e-01  -7.7596720e-02
   3.7092901e-01  -8.1897184e-02
   4.0156227e-01  -8.0793907e-02
   4.2513690e-01  -7.9009870e-02
   4.4356571e-01  -7.7776580e-02
   4.4983320e-01  -7.3167900e-02
   4.4535111e-01  -6.3002388e-02
   4.6310699e-01  -6.1036288e-02
   4.6138230e-01  -5.9043633e-02
   4.6556216e-01  -4.8084641e-02
   4.6423424e-01  -3.8331082e-02
   4.7873955e-01  -4.8415581e-02
   4.8506091e-01  -4.7948496e-02
   4.8866906e-01  -4.7163700e-02
   4.7250050e-01  -5.0575679e-02
   4.8344380e-01  -4.7675454e-02
   4.7387121e-01  -5.4497044e-02
   4.8826870e-01  -3.5855706e-02
   5.1306693e-01  -3.4427168e-02
   5.1106869e-01  -2.3898638e-02
   5.1015260e-01  -2.2281051e-02
   4.7268807e-01  -2.2540818e-02
   4.5483010e-01  -1.0283706e-02
   4.2715092e-01  -3.4502530e-03
   4.2795507e-01  -1.1743332e-02
   4.3202329e-01   9.7477240e-04
   4.1827458e-01   1.4696315e-02
   4.2746585e-01   1.4176940e-02
   4.1775119e-01   1.6691258e-02
   4.0206052e-01   2.9895501e-02
   3.8689717e-01   2.4926741e-02
   3.6359811e-01   3.5040488e-02
   3.6760603e-01   1.9629100e-02
   3.7112775e-01   3.6809539e-02
   3.4733078e-01   5.7621629e-02
   3.3090978e-01   5.7365643e-02
   2.8677329e-01   8.0294472e-02
   2.7371711e-01   6.1616680e-02
   2.2403640e-01   9.5199847e-02
   1.9618279e-01   1.0757449e-01
   1.8973612e-01   8.7869785e-02
   2.0699154e-01   8.3249564e-02
   1.5700886e-01   1.2012080e-01
   1.5454685e-01   8.1115694e-02
   1.2065836e-01   1.1209873e-01
   1.0428552e-01   9.7206211e-02
   7.9653097e-02   1.1013769e-01
   7.2273170e-02   1.0638029e-01
   5.0699975e-02   1.0347932e-01
   2.9878674e-02   1.1052159e-01
  -2.4674690e-01   3.8972492e-02
  -2.5067352e-01   3.1907294e-02
  -2.5214035e-01   3.0048412e-02
  -2.6821423e-01   2.9855290e-02
  -2.8581326e-01   2.0186565e-03
  -2.9615431e-01   5.0126875e-03
  -3.0100128e-01  -4.0190471e-03
  -2.9722602e-01  -7.0735346e-03
  -2.8911083e-01  -1.1175809e-02
  -2.9591968e-01  -5.0536383e-03
  -2.8785711e-01  -4.0278114e-03
  -2.8960973e-01  -3.5126755e-03
  -2.8752824e-01  -9.0538488e-03
  -2.9734999e-01  -5.5351721e-03
  -2.7877917e-01  -2.5132815e-02
  -2.6054760e-01  -3.8190899e-02
  -2.3403511e-01  -5.4525674e-02
  -2.1651798e-01  -5.8229136e-02
  -1.8675847e-01  -7.2751179e-02
  -1.5580871e-01  -7.9859194e-02
  -1.2651107e-01  -7.5154441e-02
  -1.1028625e-01  -9.1728749e-02
  -9.1795184e-02  -1.0431818e-01
  -8.1438090e-02  -1.1383791e-01
  -6.8246587e-02  -1.3140340e-01
  -6.5366309e-02  -1.2732909e-01
  -4.5491949e-02  -1.1657107e-01
  -1.1748664e-02  -1.2551680e-01
   2.2333295e-02  -1.2973978e-01
   2.3695999e-02  -1.1820176e-01
   4.7817256e-02  -1.4200178e-01
   6.6087671e-02  -1.3441228e-01
   7.2996479e-02  -1.2623522e-01
   8.2459113e-02  -1.1449511e-01
   1.0307297e-01  -1.0959902e-01
   1.4153697e-01  -1.1580668e-01
   1.5416871e-01  -1.1438565e-01
   1.5448043e-01  -1.1953608e-01
   1.5823614e-01  -1.0873884e-01
   1.7674411e-01  -9.7111580e-02
   1.8376967e-01  -9.4992745e-02
   1.9682412e-01  -9.6383584e-02
   1.8526181e-01  -9.0618791e-02
   1.8126419e-01  -9.2517698e-02
   1.7029452e-01  -8.4665513e-02
   1.5085006e-01  -7.6848475e-02
   1.5800977e-01  -6.4409932e-02
   1.6427717e-01  -5.5261514e-02
   1.7751114e-01  -4.5071406e-02
   1.6741019e-01  -4.1675998e-02
   1.4452214e-01  -3.4170561e-02
   1.5678376e-01  -4.1796389e-02
   1.2623735e-01  -3.4389031e-02
   1.0799283e-01  -2.5266483e-02
   9.0919196e-02  -2.9783047e-02
   9.1240509e-02  -2.0846195e-02
   1.0008943e-01  -6.4429175e-03
   9.1939623e-02  -5.4970737e-03
   9.4684306e-02   2.0025693e-03
   9.9196282e-02   1.0449064e-02
   8.8343133e-02   1.3535263e-02
   5.1055332e-02   1.6019073e-02
  -3.8803646e-03   5.5820647e-03
