   1.5203933e-01  -8.0126816e-02
   7.7836537e-02   8.1470642e-02
   5.3592680e-02   8.7801694e-02
   1.6615125e-02   8.2791865e-02
   2.5600858e-03   7.7718969e-02
  -3.8579367e-03   8.2274177e-02
  -3.8758033e-03   7.6884073e-02
  -2.4750642e-02   7.9640388e-02
  -5.2242023e-02   7.7679748e-02
  -1.0472363e-01   7.6609743e-02
  -9.9481899e-02   7.3005051e-02
  -8.9840806e-02   6.7902890e-02
  -1.0414880e-01   6.8489157e-02
  -1.0627489e-01   7.6442420e-02
  -1.2526866e-01   8.1193791e-02
  -1.3389397e-01   8.2742166e-02
  -1.4634196e-01   6.3598023e-02
  -1.6107849e-01   5.9025266e-02
  -1.7110654e-01   6.3454341e-02
  -1.6605498e-01   7.4108353e-02
  -1.7034724e-01   6.8921777e-02
  -1.7486928e-01   7.2779252e-02
  -1.8529757e-01   5.1961706e-02
  -2.1425963e-01   3.9830050e-02
  -2.1199505e-01   4.3197673e-02
  -2.1221201e-01   3.6667793e-02
  -2.0589488e-01   3.3479669e-02
  -1.9592437e-01   2.0250859e-02
  -1.9221781e-01  -4.9077318e-04
  -1.7240844e-01  -2.4471110e-03
  -1.5930997e-01  -3.4740104e-03
  -1.5667300e-01  -1.0086376e-03
  -1.6774185e-01   5.0988580e-04
  -1.7563051e-01  -5.1730603e-03
  -1.7842529e-01  -4.1714172e-03
  -1.6332429e-01  -6.2536131e-03
  -1.2314195e-01  -2.5647786e-02
  -1.0434109e-01  -4.5163534e-02
  -9.5011457e-02  -4.8916927e-02
  -7.5680202e-02  -5.2271963e-02
  -5.5031767e-02  -5.2141263e-02
  -3.2209666e-02  -5.5914837e-02
  -3.9860977e-02  -4.5559351e-02
  -2.5332204e-03  -4.1378220e-02
   1.2808827e-03  -3.8804329e-02
  -1.2918043e-03  -2.6388047e-02
   1.5666971e-02  -1.9475971e-02
   3.1560265e-02  -1.7545431e-02
   4.0786465e-02   6.1912851e-03
   7.5777517e-02   3.0701653e-03
   1.1698684e-01  -7.6192045e-03
   1.4527437e-01  -1.1128302e-02
   1.6714520e-01   7.0046437e-03
   3.3301899e-01  -3.0721889e-02
   3.2677665e-01  -2.6260449e-02
   3.4027171e-01  -4.4179067e-02
   3.3638510e-01  -4.0445871e-02
   3.3902355e-01  -4.6681912e-02
   3.2917691e-01  -5.5467355e-02
   3.1935413e-01  -5.9992942e-02
   3.0246647e-01  -6.9477141e-02
   2.8790299e-01  -7.6017903e-02
   3.0791146e-01  -7.6224152e-02
   3.1503400e-01  -1.0251355e-01
   2.9663954e-01  -8.6560382e-02
   2.6806592e-01  -1.0834812e-01
   2.5319231e-01  -1.0199037e-01
   2.4393115e-01  -1.0850092e-01
   2.0720622e-01  -1.0856625e-01
   2.1190446e-01  -1.1919712e-01
   1.7802271e-01  -1.2547482e-01
   1.3577144e-01  -1.1372352e-01
   1.3460626e-01  -1.5314756e-01
   1.0601439e-01  -1.5218802e-01
   9.3602808e-02  -1.4500951e-01
   7.7899718e-02  -1.3281155e-01
   4.9601969e-02  -1.1377111e-01
   4.0213053e-02  -1.2573271e-01
   2.5917197e-02  -1.2120406e-01
  -1.0356711e-02  -1.3445476e-01
  -3.4746651e-02  -1.2966469e-01
  -3.0519012e-02  -1.3132505e-01
  -3.3916067e-02  -1.2529807e-01
  -2.0059641e-02  -1.3371180e-01
  -6.4361610e-02  -1.2681464e-01
  -7.4207063e-02  -1.1994558e-01
  -1.0577333e-01  -1.2628423e-01
  -1.2242818e-01  -1.2160239e-01
  -1.2471719e-01  -1.3742632e-01
  -1.5124161e-01  -1.1520916e-01
  -1.3367086e-01  -1.1356582e-01
  -1.4468244e-01  -1.1352066e-01
  -1.2420101e-01  -1.2238910e-01
  -1.3919141e-01  -1.1919038e-01
  -1.9160898e-01  -8.7609426e-02
  -2.0216434e-01  -8.3457464e-02
  -2.0410276e-01  -7.2824324e-02
  -2.0049307e-01  -6.1739255e-02
  -1.9498904e-01  -5.5203528e-02
  -1.7898717e-01  -5.1700173e-02
  -1.8549113e-01  -4.0036833e-02
  -1.6548637e-01  -5.7994086e-02
  -1.8188406e-01  -5.2677534e-02
  -1.8568766e-01  -3.9319664e-02
  -2.1432233e-01  -8.7853487e-03
  -1.8331089e-01  -1.0386918e-02
  -1.7512283e-01  -4.9698586e-04
  -1.3240491e-01  -7.4540836e-03
  -1.1518938e-01   1.4839619e-03
  -9.0770233e-02  -9.3758073e-03
  -7.9558032e-02   1.4841015e-02
  -4.7792864e-02   1.7761462e-02
  -1.8738777e-02   1.7652010e-02
   2.5031402e-03   1.8670486e-02
   2.5751557e-01  -9.8309509e-02
   2.7858345e-01  -9.7881079e-02
   2.9955818e-01  -9.8574134e-02
   2.9349006e-01  -8.9672738e-02
   2.8782343e-01  -9.1355120e-02
   2.9408126e-01  -1.0194590e-01
   2.8367023e-01  -8.7328804e-02
   2.7654276e-01  -7.1084092e-02
   2.9407784e-01  -6.1966505e-02
   2.9546685e-01  -4.6707511e-02
   2.8508670e-01  -5.7732838e-02
   2.8748308e-01  -6.0670542e-02
   2.7946150e-01  -5.4891670e-02
   2.9413194e-01  -5.1192502e-02
   3.0934959e-01  -4.6941104e-02
   2.8881641e-01  -3.6638704e-02
   2.7685394e-01  -2.8306440e-02
   2.6274862e-01  -2.3942911e-02
   2.5580834e-01  -2.8176425e-02
   2.3424317e-01  -2.4827147e-02
   2.2797274e-01  -1.4687956e-02
   2.4470294e-01  -2.4568526e-03
   2.3482456e-01   6.9361001e-03
   2.1854610e-01   7.8661318e-03
   2.0289197e-01   9.3405455e-03
   2.1406383e-01   1.2752140e-02
   2.2006921e-01   2.0563811e-02
   2.1845043e-01   2.7396859e-02
   2.1326348e-01   3.2799036e-02
   2.0223266e-01   4.1786651e-02
   1.7171447e-01   5.5233054e-02
   1.5163436e-01   5.3970136e-02
   1.4596780e-01   4.5310667e-02
   1.3712337e-01   4.6822588e-02
   1.0574517e-01   7.0057478e-02
   1.1965037e-01   5.1982715e-02
   1.0903037e-01   6.5459588e-02
   1.0406098e-01   8.0916271e-02
   1.0391827e-01   7.2196969e-02
   9.3220687e-02   7.4730518e-02
   5.5312088e-02   9.9394338e-02
   5.6590483e-02   8.3918372e-02
   4.2984620e-02   7.2601954e-02
   2.4193779e-02   7.1619401e-02
   1.1467128e-02   7.9937290e-02
   1.5363084e-02   6.9955262e-02
   1.2863818e-02   8.1248426e-02
   1.1661974e-02   6.9775812e-02
  -1.9368651e-02   7.1606741e-02
  -3.7445764e-02   7.5239198e-02
  -3.6082198e-02   5.9527661e-02
  -4.0131699e-02   5.2047019e-02
  -4.7618698e-02   4.6102030e-02
  -5.5770401e-02   4.7480998e-02
  -8.2663233e-02   4.8254962e-02
  -9.4354791e-02   4.5819789e-02
  -1.0793964e-01   2.8865867e-02
  -1.3262538e-01   3.2351640e-02
  -1.4223880e-01   2.3651645e-02
  -1.3789975e-01   2.1024411e-02
  -1.5493867e-01   2.3553873e-02
  -1.8628749e-01   3.1647149e-02
  -2.0465914e-01  -2.8657882e-02
  -2.1056210e-01  -3.3291700e-02
  -1.8375429e-01  -4.2877415e-02
  -1.6595839e-01  -3.6928709e-02
  -1.5359273e-01  -3.7628409e-02
  -1.5929533e-01  -4.3372820e-02
  -1.5147404e-01  -4.2893221e-02
  -1.1687052e-01  -5.1507013e-02
  -1.1659113e-01  -4.8302876e-02
  -1.1076059e-01  -5.4297008e-02
  -9.0603436e-02  -5.7603969e-02
  -6.8536012e-02  -6.5894922e-02
  -4.3847092e-02  -6.0594427e-02
  -1.6802011e-02  -6.8028320e-02
   1.3014630e-03  -7.5880528e-02
   1.1719112e-02  -6.6451800e-02
   1.3038521e-02  -6.9166498e-02
   3.2480112e-02  -7.8357174e-02
   4.1508037e-02  -8.0321688e-02
   6.1969047e-02  -8.2509488e-02
   8.3683508e-02  -8.7973288e-02
   9.1783383e-02  -8.4612187e-02
   1.1338760e-01  -8.2119855e-02
   1.2353106e-01  -8.9283890e-02
   1.3229014e-01  -8.3611103e-02
   1.5189410e-01  -8.3555841e-02
   1.5646042e-01  -7.3269262e-02
   1.6562782e-01  -7.0663919e-02
   1.8132489e-01  -7.4740697e-02
   1.9493536e-01  -7.8547877e-02
   2.1076065e-01  -8.0099018e-02
   2.1946825e-01  -6.7101432e-02
   2.3184888e-01  -6.6858868e-02
   2.4526331e-01  -6.4872395e-02
   2.5167470e-01  -6.1455753e-02
   2.6242029e-01  -5.6682358e-02
   2.4893331e-01  -5.7820150e-02
   2.4290489e-01  -5.4039147e-02
   2.6904560e-01  -4.7226797e-02
   2.7624832e-01  -4.1360428e-02
   2.7748160e-01  -4.2336657e-02
   2.7699407e-01  -4.2959269e-02
   2.9680260e-01  -3.6952779e-02
   3.0094506e-01  -2.3518672e-02
   2.9986684e-01  -1.9525787e-02
   2.9730318e-01  -2.0022518e-02
   3.0022558e-01  -1.6612412e-02
   2.8775365e-01  -2.4385261e-03
   2.9272356e-01   4.8922580e-04
   3.0048265e-01   3.4067476e-03
   2.9391189e-01   8.7270401e-03
   2.8787053e-01   1.7420068e-02
   2.7153872e-01   1.6087984e-02
   2.7447749e-01   2.2458863e-02
   2.7335490e-01   2.6883483e-02
   2.6984564e-01   2.5455980e-02
   2.6240625e-01   2.8100128e-02
   2.4615494e-01   2.5102938e-02
   2.3927907e-01   3.4452896e-02
   2.4438851e-01   2.5551267e-02
   2.2351559e-01   4.9114554e-02
  -2.9814777e-02   6.8221176e-02
  -5.4385141e-02   7.2279571e-02
  -6.5463963e-02   6.7472767e-02
  -6.9817160e-02   5.8113361e-02
  -8.4033522e-02   6.2722819e-02
  -9.5397974e-02   6.1988687e-02
  -1.2395594e-01   5.4773659e-02
  -1.6279138e-01   4.6092486e-02
  -1.7746008e-01   4.2948820e-02
  -1.8123361e-01   3.9634472e-02
  -1.8242426e-01   3.7052114e-02
  -1.7776567e-01   2.1200960e-02
  -1.5978468e-01   1.9235043e-02
  -1.9428842e-01   2.2282166e-02
  -2.0781144e-01   1.8238958e-02
  -2.1510458e-01   8.6313448e-03
  -1.9707405e-01  -6.0751577e-03
  -2.0845125e-01  -6.0187234e-03
  -2.0029516e-01  -3.5893293e-02
  -2.1037754e-01  -2.3158088e-02
  -2.1110037e-01  -2.8808171e-02
  -2.2063295e-01  -3.6739120e-02
  -2.2145719e-01  -3.7666142e-02
  -2.3072152e-01  -5.4889336e-02
  -1.9692751e-01  -6.3900075e-02
  -1.8746616e-01  -6.9925527e-02
  -1.8332750e-01  -7.1400678e-02
  -1.7221654e-01  -7.5339322e-02
  -1.7520028e-01  -7.9067168e-02
  -1.6514464e-01  -8.3964643e-02
  -1.4535345e-01  -9.5936715e-02
  -1.3466075e-01  -9.4552538e-02
  -1.1911352e-01  -9.2000784e-02
  -1.0088868e-01  -9.2019617e-02
  -9.0291819e-02  -9.1285109e-02
  -6.9895015e-02  -9.0108452e-02
  -6.1288569e-02  -8.2832395e-02
  -4.8121852e-02  -8.4767924e-02
  -4.1557260e-02  -8.6246476e-02
  -2.8673023e-02  -7.0701098e-02
  -9.0973758e-03  -6.9988163e-02
   2.4498604e-02  -7.6716261e-02
   4.8739617e-02  -8.0950682e-02
   5.4351179e-02  -6.7018753e-02
   8.4864144e-02  -6.0318020e-02
   8.4902568e-02  -4.8563591e-02
   9.8224713e-02  -4.4662134e-02
   1.1852179e-01  -3.9883270e-02
   1.3212173e-01  -2.8862816e-02
   1.5998197e-01  -2.8679575e-02
   1.5547752e-01  -2.9580558e-02
   1.4997842e-01  -1.5627589e-02
   1.6752043e-01  -6.0637409e-03
   1.8028322e-01  -1.2603855e-02
   2.1192696e-01  -2.2537714e-02
   2.2099184e-01  -2.1511727e-02
   2.3794149e-01  -1.9370799e-02
   2.7765206e-01  -2.5676804e-02
   3.2174731e-01  -3.2282739e-02
   3.4032895e-01  -3.8468814e-02
   3.5014069e-01  -3.2367524e-02
   3.6912216e-01  -2.8594542e-02
   3.8391978e-01  -2.7060469e-02
   2.3594545e-01   4.5964142e-02
   2.4088692e-01   3.9316957e-02
   2.2425429e-01   3.0250632e-02
   2.0850483e-01   1.1895134e-02
   1.9599376e-01   2.1815378e-02
   1.7385983e-01   1.0243148e-03
   1.6675265e-01  -1.2363006e-02
   1.6984474e-01  -2.9989637e-02
   1.2869464e-01  -3.1135577e-02
   1.0215323e-01  -3.1711681e-02
   8.5776432e-02  -5.1679215e-02
   7.6913914e-02  -5.4204765e-02
   8.1714851e-02  -6.3424287e-02
   8.6569690e-02  -7.3746283e-02
   9.1359355e-02  -7.9716097e-02
   7.9901120e-02  -8.4748824e-02
   9.3010335e-02  -1.0465943e-01
   9.5903167e-02  -1.1044066e-01
   8.1429156e-02  -9.2974551e-02
   8.6532370e-02  -1.1372319e-01
   7.6080675e-02  -1.0737370e-01
   7.9231887e-02  -1.2738235e-01
   6.6932659e-02  -1.3170128e-01
   8.8015485e-02  -1.2873502e-01
   1.2318238e-01  -1.5888438e-01
   1.2036031e-01  -1.4621943e-01
   1.5104896e-01  -1.6346814e-01
   1.3482017e-01  -1.5397555e-01
   1.2805179e-01  -1.6036556e-01
   1.0823393e-01  -1.5961921e-01
   1.1591612e-01  -1.5332815e-01
   1.2594613e-01  -1.4012650e-01
   1.3894494e-01  -1.5164543e-01
   1.4543999e-01  -1.3955793e-01
   1.5144710e-01  -1.2937871e-01
   1.3475936e-01  -1.2244458e-01
   1.4144859e-01  -1.2783717e-01
   1.4557190e-01  -1.2591017e-01
   1.5313275e-01  -1.2009752e-01
   1.6239643e-01  -1.0734049e-01
   1.8186232e-01  -9.9411682e-02
   1.6550055e-01  -9.0807265e-02
   1.4765397e-01  -8.2809298e-02
   1.1850652e-01  -7.1355283e-02
   1.2447108e-01  -7.3421582e-02
   1.3848381e-01  -7.4265299e-02
   1.3239480e-01  -5.9453885e-02
   1.2490246e-01  -4.3568386e-02
   1.1504707e-01  -4.0640152e-02
   9.2963296e-02  -3.7977138e-02
   5.5893580e-02  -2.6423663e-02
   3.3207918e-02  -3.0610057e-02
   3.2257989e-02  -2.7874098e-02
   3.3406452e-02  -3.0286996e-02
   2.3311537e-02  -3.0533996e-02
   9.0542468e-03  -2.3365966e-02
  -3.3613725e-02  -1.6740667e-02
  -4.4971497e-02  -1.9661812e-02
  -5.2025264e-02  -2.8083664e-02
  -6.4176124e-02  -2.8784210e-02
  -6.7659770e-02  -3.3204617e-02
  -8.2166983e-02  -3.7891776e-02
  -2.5657093e-01  -5.5524824e-02
  -2.9564313e-01  -1.3576251e-02
  -2.4663127e-01  -4.3456373e-02
  -2.4750203e-01  -1.5407513e-02
  -2.1952445e-01  -2.0114773e-02
  -2.2665046e-01  -2.5171393e-03
  -1.9763943e-01  -2.0188078e-02
  -2.1443570e-01  -1.3505245e-02
  -1.9236908e-01  -2.1563964e-02
  -1.8793582e-01  -1.0064861e-03
  -1.6606580e-01  -2.5243961e-03
  -1.6667600e-01   8.5482966e-03
  -1.5033329e-01   1.9543158e-02
  -1.2281317e-01   9.4951095e-03
  -1.2828613e-01   1.3527534e-02
  -1.4371910e-01   3.2589947e-02
  -1.4531752e-01   3.7874885e-02
  -1.1599815e-01   3.2087750e-02
  -1.2126934e-01   3.9593144e-02
  -1.4875729e-01   5.5855480e-02
  -1.6337045e-01   6.1089931e-02
  -1.7497371e-01   7.1141955e-02
  -1.8464508e-01   7.3936566e-02
  -1.8000011e-01   8.4093306e-02
  -1.4897818e-01   6.7354864e-02
  -1.6472724e-01   6.2620292e-02
  -1.8125406e-01   7.3626946e-02
  -1.8035318e-01   6.5685427e-02
  -1.8740158e-01   5.3757568e-02
  -1.8744548e-01   4.8069818e-02
  -2.0404937e-01   5.5028304e-02
  -2.2601097e-01   4.8133682e-02
  -2.4403009e-01   4.7754204e-02
  -2.0915461e-01   3.1061728e-02
  -1.6067561e-01   1.1606553e-02
  -1.4637750e-01   1.8864530e-02
  -1.0512578e-01   1.2335846e-02
  -1.1016929e-01   1.0255857e-02
  -9.5176174e-02   7.1423645e-03
  -7.9600783e-02  -1.0732902e-02
  -6.8544293e-02  -1.0846995e-02
  -3.9710832e-02  -7.2674852e-03
   1.3131313e-03   0.0000000e+00
   2.5095912e-02  -1.0882118e-02
   2.3828723e-02  -2.0770442e-03
   1.9767109e-02   1.6032628e-02
   3.1478174e-02   2.4720010e-02
   7.9203352e-02   1.0679490e-02
   9.7613053e-02   2.0892990e-02
   1.2330944e-01   3.9751110e-02
   1.3005996e-01   4.7994718e-02
   1.3511252e-01   4.4434021e-02
   1.2052343e-01   4.8788846e-02
   1.0372860e-01   5.8255125e-02
   1.1711634e-01   7.2276400e-02
   1.4058092e-01   8.0564988e-02
   1.6005854e-01   7.6307639e-02
   1.7685707e-01   9.2341609e-02
   1.9328137e-01   9.4245969e-02
   2.0695361e-01   1.0272452e-01
   2.0416862e-01   9.8666846e-02
   2.0224438e-01   9.3899431e-02
   1.9525281e-01   9.8271323e-02
   1.3464557e-03  -1.6383411e-02
  -4.6235878e-02   2.2948811e-02
  -4.6438359e-02  -2.0901473e-02
  -1.3052052e-01   1.0728281e-02
  -1.4413942e-01  -3.1813407e-03
  -1.4589511e-01  -3.5370624e-02
  -1.7600538e-01  -3.5066297e-02
  -1.7177658e-01  -3.5273308e-02
  -1.3609206e-01  -5.0821700e-02
  -1.8253935e-01  -3.4035267e-02
  -1.9838801e-01  -4.6053753e-02
  -1.7034542e-01  -2.0967988e-02
  -1.6625000e-01   0.0000000e+00
  -1.7694605e-01   1.6713426e-02
  -1.6327999e-01   5.9126433e-03
  -1.7392722e-01   1.5199078e-02
  -1.3999156e-01   1.9691808e-02
  -1.3315299e-01   4.5713844e-02
  -1.1123243e-01   5.2650136e-02
  -7.0129727e-02   2.8014153e-02
  -3.7435661e-02   2.9901024e-02
  -4.0462313e-02   3.9785494e-02
   5.0763002e-03   4.1459035e-02
   6.3357160e-03   7.8460585e-02
   3.6153389e-02   5.9646623e-02
   4.4973299e-02   8.4777541e-02
   3.1039383e-02   8.9610036e-02
   5.7951108e-02   9.6040348e-02
   8.3321624e-02   1.0557466e-01
   9.8167737e-02   1.1396078e-01
   1.1242506e-01   1.1841397e-01
   1.3169339e-01   1.3196196e-01
   1.3721498e-01   1.4304065e-01
   1.5302936e-01   1.3174088e-01
   1.5288174e-01   1.4051248e-01
   1.5321941e-01   1.4229698e-01
   1.5609935e-01   1.5543212e-01
   1.7125288e-01   1.5679141e-01
   1.6264152e-01   1.6705175e-01
   1.7487374e-01   1.5722560e-01
   1.6255103e-01   1.6084791e-01
   1.6158894e-01   1.6256681e-01
   1.7240933e-01   1.5355166e-01
   1.6925552e-01   1.5854077e-01
   1.7050382e-01   1.5303836e-01
   1.7698937e-01   1.4780097e-01
   1.9243096e-01   1.3587745e-01
   1.8006363e-01   1.3781823e-01
   1.7129597e-01   1.2544492e-01
   1.7551697e-01   1.1595044e-01
   1.6584765e-01   1.0073665e-01
   1.4879747e-01   1.0450216e-01
   1.3361723e-01   1.1086919e-01
   1.0534326e-01   1.0186347e-01
   5.9285977e-02   9.5062707e-02
   2.1317720e-02   8.3134944e-02
   1.3534135e-02   7.2393474e-02
   0.0000000e+00   7.4084211e-02
  -8.1054547e-03   5.3823394e-02
   5.1235389e-02   1.7003973e-02
   3.8274112e-02   0.0000000e+00
  -1.3104732e-03  -2.0564506e-03
  -1.3024581e-02  -7.6649459e-03
   1.7284434e-01  -9.0688451e-02
   1.8585097e-01  -1.0277215e-01
   1.5721387e-01  -8.7276312e-02
   1.5654683e-01  -7.7608930e-02
   1.6404012e-01  -8.6691635e-02
   1.9028184e-01  -1.0898579e-01
   1.7936432e-01  -1.1108667e-01
   1.9012507e-01  -9.9056880e-02
   2.0259095e-01  -1.0043019e-01
   2.1940005e-01  -1.1659138e-01
   2.2984161e-01  -1.2367063e-01
   2.3451821e-01  -1.3140382e-01
   2.6152294e-01  -1.2785697e-01
   3.1522676e-01  -8.1636838e-02
   3.1911595e-01  -6.3974059e-02
   3.2816720e-01  -6.2637648e-02
   3.4319793e-01  -6.1911252e-02
   3.4139818e-01  -6.2352487e-02
   3.1982958e-01  -5.5488643e-02
   3.1843392e-01  -4.7280629e-02
   2.9858433e-01  -4.3086556e-02
   2.7985637e-01  -2.8600810e-02
   2.6675593e-01  -2.8630764e-02
   2.7165807e-01  -2.9217930e-02
   2.5785075e-01  -1.2903229e-02
   2.5481969e-01  -3.4858993e-03
   2.6179345e-01   2.4677336e-03
   2.4481418e-01   1.0873865e-02
   2.3270298e-01   8.9380080e-03
   2.2418178e-01   1.7245161e-02
   2.2584779e-01   3.0136946e-02
   2.5456816e-01   2.4653785e-02
   2.5687787e-01   3.2691940e-02
   2.5177620e-01   4.4698558e-02
   2.3719326e-01   5.1943994e-02
   2.2483373e-01   5.3125499e-02
   2.1388789e-01   6.7515414e-02
   2.0793065e-01   5.9704817e-02
   2.0681716e-01   8.5251933e-02
   2.2908414e-01   6.9697375e-02
   2.4465462e-01   7.1433605e-02
   2.1181939e-01   8.9760046e-02
   1.5962117e-01   9.9216507e-02
   1.4446501e-01   9.2593769e-02
   1.6155829e-01   8.1242041e-02
   1.6373503e-01   9.3939393e-02
   1.3241442e-01   1.1344933e-01
   1.1984788e-01   9.8408212e-02
   1.1981763e-01   1.2347203e-01
   1.1650093e-01   1.1130626e-01
   8.2590989e-02   1.1879944e-01
   6.4552715e-02   1.0807405e-01
   3.8823021e-02   1.0734575e-01
   3.8818290e-02   1.1988226e-01
   2.0605536e-02   1.2592199e-01
  -1.2915722e-02   1.2631887e-01
  -1.1614358e-02   1.1904698e-01
  -2.2635679e-01   2.3559133e-02
  -2.3762264e-01   3.1320893e-02
  -2.3928336e-01   3.2742972e-02
  -2.2776535e-01   1.2429118e-02
  -2.1619951e-01  -6.7563601e-03
  -2.2649184e-01   2.5898524e-03
  -2.0048050e-01  -8.7524781e-03
  -2.2329316e-01  -6.6812819e-03
  -2.2602042e-01  -1.2193116e-02
  -2.3387783e-01  -3.5706448e-02
  -2.4095576e-01  -6.3104107e-02
  -2.6887314e-01  -6.1227251e-02
  -2.5471855e-01  -6.5411788e-02
  -2.3208972e-01  -7.4244382e-02
  -2.3024270e-01  -8.5163707e-02
  -2.2191133e-01  -1.1828357e-01
  -2.5498959e-01  -1.0472147e-01
  -2.3219868e-01  -1.3998621e-01
  -2.3519878e-01  -1.3041139e-01
  -1.9193546e-01  -1.6336819e-01
  -1.9068405e-01  -1.4603122e-01
  -1.6333220e-01  -1.5869926e-01
  -1.5022146e-01  -1.5771807e-01
  -1.3812553e-01  -1.5140961e-01
  -1.3184197e-01  -1.5522033e-01
  -1.1272285e-01  -1.5072620e-01
  -1.0378621e-01  -1.4031712e-01
  -8.8514584e-02  -1.3393374e-01
  -6.7798379e-02  -1.3978552e-01
  -3.7302204e-02  -1.3069854e-01
  -1.2895277e-03  -1.1841134e-01
   3.6192130e-02  -1.0776126e-01
   7.4699173e-02  -1.1153134e-01
   1.0826676e-01  -1.1194899e-01
   1.3156335e-01  -9.6850945e-02
   1.5218517e-01  -9.0066781e-02
   1.7637773e-01  -8.9579136e-02
   2.1100473e-01  -8.5891613e-02
   2.3580893e-01  -7.9096611e-02
   2.6832425e-01  -7.2745757e-02
   2.9221046e-01  -6.4854142e-02
   3.0084702e-01  -5.6851562e-02
   3.0828954e-01  -4.7674732e-02
   3.1789499e-01  -4.9178815e-02
   3.2198732e-01  -4.0171067e-02
   3.2970170e-01  -2.7186717e-02
   3.3981745e-01  -1.7869631e-02
   3.5914397e-01  -1.4327185e-02
   3.6256693e-01  -3.4875839e-03
   3.5370485e-01  -9.9920846e-04
   3.6103339e-01   2.4344356e-02
   3.5285145e-01   3.1846070e-02
   3.7221840e-01   4.0518215e-02
   3.7907686e-01   3.3810525e-02
   3.6925366e-01   3.3811133e-02
   3.6166083e-01   4.9360597e-02
   3.6982238e-01   5.9514952e-02
   3.6891711e-01   5.7316817e-02
   3.5081271e-01   6.3529387e-02
   3.4442732e-01   6.9822858e-02
   3.5359716e-01   7.2959623e-02
   3.6722581e-01   7.4402060e-02
   3.5157098e-01   7.6799546e-02
   3.4264477e-01   8.1223441e-02
