   7.4778592e-02  -1.2627922e-02
   4.2535334e-02  -1.7193170e-02
   5.1213411e-02  -1.3555980e-02
   5.3433918e-02  -2.0462616e-02
   3.0724590e-02  -1.5572002e-02
   4.8795556e-02  -1.4100735e-02
   6.0603152e-02  -1.0108066e-02
   5.3058996e-02  -1.6748988e-02
   6.4573257e-02  -1.7721664e-02
   5.3028106e-02  -8.1126548e-03
   4.7803675e-02  -1.0132314e-02
   5.8086903e-02  -7.5892484e-03
   7.4626805e-02  -1.3611239e-02
   5.5443146e-02  -1.1120838e-02
   4.8796865e-02  -1.3597137e-02
   5.0181395e-02  -1.3118936e-02
   5.3995370e-02  -1.0080326e-02
   7.7451342e-02  -6.5722568e-03
   9.7008010e-02  -6.0726659e-03
   1.0097794e-01  -9.6223995e-03
   9.6725762e-02  -1.5136730e-03
   8.7436640e-02   3.0198831e-03
   8.3498024e-02   0.0000000e+00
   9.7940517e-02  -4.9761118e-03
   1.2055374e-01  -1.4877519e-02
   1.2690902e-01  -1.3383599e-02
   1.3313114e-01  -1.2374268e-02
   1.3508343e-01  -7.4598263e-03
   1.2142972e-01  -4.9930126e-03
   1.0737209e-01  -3.4984115e-03
   9.6853622e-02   6.9806495e-03
   8.3074501e-02   9.0081685e-03
   7.9086149e-02   8.4926362e-03
   8.2105241e-02   1.3063786e-02
   6.7047525e-02   1.1116171e-02
   4.1635614e-02   8.6742297e-03
   2.7532671e-02   1.6979034e-02
   1.1869343e-02   1.9674306e-02
   1.0627527e-02   1.7729468e-02
   1.0600634e-02   6.2383247e-03
   3.9109484e-03   1.0230646e-02
   1.6682721e-02   3.5238954e-03
   4.0886836e-02  -1.5036806e-02
  -2.8128890e-02  -1.9572184e-02
  -2.6824939e-02  -1.9051986e-02
  -1.6724281e-02  -1.6157078e-02
  -2.5966564e-02  -1.2225332e-02
  -2.4787194e-02  -1.5870607e-02
  -2.2229756e-02  -9.2340621e-03
  -2.2097172e-02  -8.1588211e-03
  -1.0358473e-02  -2.2880628e-02
   1.2945677e-03  -2.4915242e-02
   1.2881614e-02  -2.4790447e-02
   1.9259149e-02  -1.6124711e-02
   3.4646450e-02  -2.3677345e-02
   4.9686210e-02  -3.5043056e-02
   6.3482799e-02  -3.8416254e-02
   8.3539512e-02  -3.2274626e-02
   8.8948235e-02  -3.2392128e-02
   1.2429605e-01  -3.8745953e-02
   1.4856059e-01  -3.7715952e-02
   1.5004923e-01  -3.4271430e-02
   1.6262769e-01  -3.3207248e-02
   1.7816306e-01  -2.7739924e-02
   1.9267037e-01  -3.7735126e-02
   2.0745557e-01  -3.9809368e-02
   2.1411777e-01  -3.8323413e-02
   2.0505266e-01  -3.2047518e-02
   2.0567907e-01  -2.2075486e-02
   2.0405919e-01  -1.0076567e-02
   2.0355537e-01  -1.2141137e-02
   2.0521893e-01  -1.6724261e-02
   2.0477788e-01  -1.3230687e-02
   2.0964291e-01  -9.1359612e-03
   2.5115583e-01  -2.0170229e-02
   2.4714673e-01  -2.6606290e-02
   2.5258865e-01  -2.7114325e-02
   2.4538833e-01  -2.2160664e-02
   2.4816283e-01  -2.9935617e-02
   2.6994339e-01  -3.5308820e-02
   2.6832213e-01  -3.2091867e-02
   2.6420356e-01  -2.1641357e-02
   2.6493617e-01  -9.5809897e-03
   2.6775588e-01  -1.5136530e-02
   2.6041264e-01  -1.4603891e-02
   2.4752178e-01  -8.4914753e-03
   2.4109546e-01  -2.1518623e-02
   2.6065893e-01  -1.4896885e-02
   2.5381454e-01  -1.4882522e-03
   2.4524384e-01  -8.9581271e-03
   2.4956824e-01  -1.2957266e-02
   2.5201537e-01  -4.9523036e-03
   2.4477478e-01  -3.4227795e-03
   2.3705882e-01   0.0000000e+00
   2.1772120e-01   5.4511640e-03
   2.1492528e-01   1.0339047e-02
   2.1559734e-01   5.3994125e-03
   2.0556708e-01   8.9069771e-03
   1.9187617e-01   2.5350287e-02
   1.6424097e-01   3.9263617e-02
   1.7103817e-01   2.7344780e-02
   1.7469563e-01   2.2997602e-02
   1.5924361e-01   2.5535651e-02
   1.3992197e-01   3.7150618e-02
   1.3402354e-01   3.5450950e-02
   1.1805892e-01   3.2302930e-02
   9.5880540e-02   3.5127868e-02
   5.5246003e-02   3.4528228e-02
   3.6416827e-02   3.3558898e-02
   4.1655826e-02   3.0742919e-02
   3.9326357e-02   2.9898299e-02
   2.2782143e-02   3.9837596e-02
   3.5567827e-02   3.4952579e-02
   5.0903513e-03   3.6035051e-02
  -1.2592313e-02   3.4658561e-02
  -1.6517230e-02   2.4450077e-02
  -2.6902154e-02   2.0114030e-02
  -2.4265884e-02   3.1116607e-02
  -1.6440529e-02   4.4820607e-02
  -1.9128783e-02   3.5099427e-02
  -1.2770199e-02   2.2565281e-02
  -1.6504079e-02   2.2432206e-02
  -3.8099165e-02   2.8930787e-02
  -3.8398774e-02   2.9158839e-02
  -3.5821636e-02   3.3182618e-02
  -5.3024537e-02   2.4869710e-02
  -6.3385375e-02   2.2324027e-02
  -7.1962551e-02   3.6841221e-02
  -9.4242874e-02   3.1886143e-02
  -7.9758325e-02   2.8251967e-02
  -7.5832286e-02   2.7220922e-02
  -9.3933604e-02   2.5710796e-02
  -1.0036741e-01   2.5701318e-02
  -8.7426078e-02   2.4182877e-02
  -8.5970545e-02   2.4136883e-02
  -8.3274878e-02   1.9073279e-02
  -8.4552869e-02   1.9573965e-02
  -1.0332805e-01   2.3471985e-02
  -9.8172316e-02   1.7966444e-02
  -9.7314920e-02   1.1524389e-02
  -1.1876862e-01   0.0000000e+00
  -1.2074951e-01  -2.5089628e-03
  -1.3423874e-01  -9.0679549e-03
  -1.5443387e-01  -2.4091863e-02
  -1.5903309e-01  -2.7226721e-02
  -1.6644212e-01  -2.8159095e-02
  -1.5289831e-01  -3.7647893e-02
  -1.3997050e-01  -5.2365427e-02
  -1.5944836e-01  -5.4830051e-02
  -1.7210146e-01  -5.6113890e-02
  -1.6816309e-01  -6.1299970e-02
  -1.7123986e-01  -6.2491490e-02
  -1.5742095e-01  -6.1239666e-02
  -1.4224455e-01  -6.5589961e-02
  -1.3125925e-01  -7.6950634e-02
  -1.3707742e-01  -6.7823973e-02
  -1.2804169e-01  -5.5934357e-02
  -1.2279671e-01  -6.1150981e-02
  -9.9085281e-02  -6.5297880e-02
  -8.9990418e-02  -5.9612961e-02
  -8.7131635e-02  -5.8929458e-02
  -5.8205699e-02  -6.4898822e-02
  -6.5930962e-02  -5.8632354e-02
  -5.6769447e-02  -5.8534887e-02
  -2.5804294e-02  -5.8579717e-02
  -1.2934837e-02  -5.6153343e-02
   0.0000000e+00  -5.4386318e-02
   2.2128287e-02  -4.9761335e-02
   4.6925152e-02  -5.2918794e-02
   5.3451751e-02  -4.6697373e-02
   5.3207579e-02  -3.7746002e-02
   6.0756542e-02  -3.7077958e-02
   7.3605123e-02  -3.7529209e-02
   9.4037125e-02  -4.0450302e-02
   1.0470808e-01  -3.6998193e-02
   1.2674484e-01  -3.3400271e-02
   1.5002784e-01  -2.4221341e-02
   1.4641871e-01  -1.2126672e-02
   1.6307939e-01  -1.4616423e-02
   1.7630864e-01  -9.0066293e-03
   1.9373922e-01  -1.0457020e-02
   2.1560353e-01   0.0000000e+00
   2.2179218e-01   2.4789724e-03
   2.1877317e-01   9.4609780e-03
   2.1760188e-01   1.7946245e-02
   2.1949329e-01   2.9172745e-02
   2.3140514e-01   3.0174233e-02
   2.4577076e-01   3.3803273e-02
   2.7224263e-01   3.0339454e-02
   2.7639825e-01   3.3121632e-02
   2.8184615e-01   4.3970601e-02
   2.8770807e-01   4.7785215e-02
   2.7576393e-01   5.2708544e-02
   2.8483281e-01   5.8103165e-02
   3.0302647e-01   5.8752389e-02
   3.1493638e-01   4.8732697e-02
   3.0718383e-01   5.0928957e-02
   3.1048002e-01   6.6043456e-02
   3.1109111e-01   6.9636121e-02
   3.1497809e-01   6.8831597e-02
   3.1653268e-01   6.5876732e-02
   3.0114210e-01   6.5051796e-02
   2.8915326e-01   6.6611064e-02
   2.8555672e-01   7.1197293e-02
   2.8692694e-01   8.1398052e-02
   2.8911625e-01   8.3655737e-02
   2.8385419e-01   8.1279422e-02
   2.4987277e-01   8.3758929e-02
   2.2712057e-01   8.4520417e-02
   2.2397834e-01   8.4805986e-02
   2.2127343e-01   8.7834474e-02
   2.1692275e-01   8.6645197e-02
   2.0963672e-01   9.0036045e-02
   1.8623630e-01   8.8702930e-02
   1.6548606e-01   8.9918215e-02
   1.4384002e-01   9.4738387e-02
   1.2643064e-01   9.0557159e-02
   9.9214981e-02   9.4313082e-02
   9.9630354e-02   9.0998631e-02
   8.7649946e-02   9.3349486e-02
   6.7018622e-02   9.6617838e-02
   3.4671541e-02   1.0381236e-01
   1.5364955e-02   1.0353016e-01
  -1.2843837e-03   1.0066460e-01
  -1.2871249e-02   1.0034807e-01
  -3.1922926e-02   9.7379574e-02
  -4.8767087e-02   9.7315990e-02
  -7.5676215e-02   1.0141105e-01
  -8.8365764e-02   1.0277829e-01
  -1.0667989e-01   9.5612926e-02
  -1.2686559e-01   9.2551757e-02
  -1.2651058e-01   8.2904704e-02
  -1.6353510e-01   9.5104073e-02
  -1.7782496e-01   9.4048939e-02
  -1.8071923e-01   9.1585449e-02
  -2.0295610e-01   8.4795615e-02
  -2.2552227e-01   8.0691643e-02
  -2.2081538e-01   8.8690389e-02
  -2.2935895e-01   6.9444421e-02
  -2.4357083e-01   5.2227700e-02
  -2.4383763e-01   5.1775611e-02
  -2.3787312e-01   5.0914872e-02
  -2.4916247e-01   4.7959837e-02
  -2.5150320e-01   3.6229265e-02
  -2.7021024e-01   4.3064766e-02
  -2.9080113e-01   3.8048213e-02
  -2.9183722e-01   2.6082951e-02
  -2.9607640e-01   2.5589228e-02
  -3.0133214e-01   2.5065363e-02
  -3.0552893e-01   1.4027194e-02
  -3.0100558e-01   3.0142854e-03
  -2.9236005e-01  -3.9965596e-03
  -2.8219680e-01  -5.0089605e-03
  -2.8276512e-01  -5.0185937e-03
  -2.6676302e-01  -2.2525682e-02
  -2.6086583e-01  -2.9292858e-02
  -2.7470683e-01  -2.5886646e-02
  -2.7974275e-01  -2.8008550e-02
  -2.7685031e-01  -1.8909372e-02
  -2.5805300e-01  -3.4707343e-02
  -2.5661507e-01  -3.7457799e-02
  -2.3260229e-01  -3.7952331e-02
  -1.9443646e-01  -5.0029251e-02
  -1.7871800e-01  -5.8172906e-02
  -1.6056216e-01  -6.4030007e-02
  -1.4926750e-01  -5.0253622e-02
  -1.3539863e-01  -6.4629451e-02
  -1.2432717e-01  -7.3847192e-02
  -1.2179520e-01  -6.3403304e-02
  -1.1021412e-01  -7.1999530e-02
  -6.4235710e-02  -8.8384410e-02
  -3.1791246e-02  -1.1557049e-01
  -1.2732811e-02  -1.1253195e-01
  -6.3944391e-03  -1.0661172e-01
  -3.8621415e-03  -1.0251468e-01
   2.3326347e-02  -9.8359213e-02
   5.9053902e-02  -1.1447114e-01
   7.2575036e-02  -1.1718476e-01
   8.9087934e-02  -1.1811009e-01
   1.0845923e-01  -1.1184389e-01
   1.2638534e-01  -1.1766148e-01
   1.4054870e-01  -1.1064440e-01
   1.3981997e-01  -1.0572192e-01
   1.4545738e-01  -1.0278793e-01
   1.5662196e-01  -9.8057503e-02
   1.7636187e-01  -9.7730578e-02
   1.8066291e-01  -8.8813453e-02
   1.9716926e-01  -9.3188149e-02
   2.1059052e-01  -8.2093050e-02
   2.2597369e-01  -7.5091431e-02
   2.2461604e-01  -7.2495961e-02
   2.4206333e-01  -6.6152973e-02
   2.4220506e-01  -5.1996013e-02
   2.4611252e-01  -4.2588100e-02
   2.5809030e-01  -4.1434358e-02
   2.7832683e-01  -4.7438609e-02
   2.7939640e-01  -4.4204435e-02
   3.0657104e-01  -3.2474592e-02
   3.1803345e-01  -2.0862632e-02
   3.1904278e-01  -1.8001464e-02
   3.1641235e-01  -8.2025332e-03
   3.0947106e-01  -9.1608282e-03
   3.1153211e-01  -5.2507425e-03
   3.1591341e-01   7.1408373e-03
   3.0615956e-01   1.9740387e-02
   3.2135405e-01   2.7020557e-02
   3.5064813e-01   2.9618204e-02
   3.5005634e-01   3.4927089e-02
   3.4458303e-01   3.7015060e-02
   3.2837161e-01   4.6359540e-02
   3.4093920e-01   4.3118267e-02
   3.2594988e-01   4.9356450e-02
   3.4360896e-01   4.8851269e-02
   3.2714763e-01   6.7450098e-02
   3.5390360e-01   7.0603947e-02
   3.9090914e-01   3.5824170e-02
   3.3683895e-01   8.5821529e-02
   3.3171403e-01   9.0781732e-02
   3.3685904e-01   5.5216840e-02
   3.1167738e-01   7.5871770e-02
   3.2369698e-01   7.6722402e-02
   2.7361027e-01   1.0061932e-01
   2.8868160e-01   8.7239234e-02
   2.8627230e-01   9.1440913e-02
   2.4753980e-01   8.8805549e-02
   2.4518665e-01   8.3237072e-02
   2.1657665e-01   1.0468133e-01
   1.7938719e-01   1.0605099e-01
   1.6778362e-01   1.0082552e-01
   1.6038000e-01   9.4499651e-02
   1.5543493e-01   9.1775123e-02
   1.5921199e-01   9.5363968e-02
   1.3428816e-01   1.0072679e-01
   1.0776706e-01   9.2260884e-02
   8.7719740e-02   9.3956667e-02
   3.2214523e-02   9.7234453e-02
   2.6869805e-02   8.8631847e-02
   3.0987825e-02   7.8911721e-02
   2.5788715e-02   7.3061483e-02
   9.0539913e-03   7.2782118e-02
  -1.2936085e-02   7.2267707e-02
  -3.4702368e-02   7.0214035e-02
  -5.1711991e-02   6.6957166e-02
  -7.1891436e-02   5.8755185e-02
  -7.9795270e-02   5.9825063e-02
  -7.5986408e-02   6.2024546e-02
  -8.6720923e-02   4.8044553e-02
  -9.1850571e-02   4.4326351e-02
  -1.1028378e-01   4.5316895e-02
  -1.3520419e-01   3.9175603e-02
  -1.4477084e-01   3.0054766e-02
  -1.5256833e-01   2.7242768e-02
  -1.2729746e-01  -3.0122984e-03
  -1.1794407e-01  -4.5081101e-03
  -1.2232484e-01  -1.7612889e-02
  -1.2997502e-01  -9.9503719e-03
  -1.0421732e-01  -2.0891765e-02
  -8.7335810e-02  -5.9457000e-03
  -9.3303520e-02   7.5028202e-03
  -1.0801102e-01   2.0108753e-03
  -9.0545067e-02  -3.5436534e-03
  -6.2026331e-02  -3.5446751e-03
  -5.6503690e-02  -1.2879642e-02
  -5.8070946e-02   1.0345014e-03
  -5.7274320e-02  -1.5661037e-03
  -4.2275353e-02  -3.6261318e-03
  -1.1786596e-02  -1.8507303e-02
   9.1291457e-03  -3.0753008e-02
   2.0837437e-02  -2.5061969e-02
   3.6440672e-02  -4.5087679e-02
   5.3193480e-02  -5.1110262e-02
   4.5238978e-02  -4.4254448e-02
   4.1376406e-02  -4.7867655e-02
   7.6248384e-02  -5.5493497e-02
   8.3281823e-02  -5.1201826e-02
   9.1905196e-02  -5.2450284e-02
   9.7126104e-02  -6.7978013e-02
   8.0699968e-02  -6.7867041e-02
   8.1738766e-02  -6.0361539e-02
   8.2951353e-02  -5.0997450e-02
   9.8454734e-02  -4.8358761e-02
   1.1323369e-01  -5.0090194e-02
   1.1780369e-01  -4.6733084e-02
   1.2420067e-01  -4.7690023e-02
   1.4082523e-01  -4.5441993e-02
   1.5423054e-01  -3.2379391e-02
   1.7784012e-01  -3.2389407e-02
   2.0146802e-01  -3.8424292e-02
   2.1184269e-01  -3.0013274e-02
   2.7009994e-01  -9.2559221e-03
   2.9255464e-01  -3.8947613e-03
   3.1096977e-01  -1.0171894e-02
   3.0007314e-01  -6.2658662e-03
   3.1044346e-01  -1.2473048e-02
   3.2782718e-01  -3.8371888e-03
   3.4153844e-01  -1.8250327e-02
   3.3941626e-01  -1.4909124e-02
   3.3577099e-01  -7.7305871e-03
   3.2086128e-01  -9.6991440e-04
   3.1855742e-01  -1.2093177e-02
   3.3359196e-01  -3.1022398e-02
   2.9177002e-01  -2.0590358e-02
   2.8720435e-01  -2.1137951e-02
   2.8017895e-01  -2.7147116e-02
   2.5640672e-01  -3.0109915e-02
   2.2188878e-01  -3.1861331e-02
   2.0759458e-01  -2.9384987e-02
   1.7733670e-01  -2.9152194e-02
   1.5909802e-01  -3.7477475e-02
   1.4084951e-01  -4.3281450e-02
   9.4527276e-02  -4.6943973e-02
   7.3177693e-02  -5.0404274e-02
   5.2331100e-02  -6.7771553e-02
   3.5481254e-02  -7.0228453e-02
   0.0000000e+00  -7.7256909e-02
   1.3065993e-03  -8.3095680e-02
  -3.6404915e-02  -7.5773481e-02
  -5.3325336e-02  -9.3824833e-02
  -2.9927171e-02  -8.9640150e-02
  -1.9499444e-02  -1.0625923e-01
  -9.0861995e-03  -8.4653746e-02
  -1.5496259e-02  -7.8416408e-02
  -1.2901639e-03  -8.1497446e-02
   3.3358422e-02  -7.9963041e-02
   4.0968225e-02  -6.9924872e-02
   5.5588851e-02  -5.8654399e-02
   8.3998970e-02  -6.8400424e-02
   9.3099999e-02  -5.7538443e-02
   1.2429132e-01  -5.1325126e-02
   1.7101846e-01  -5.5338416e-02
   2.2083558e-01  -6.0303694e-02
   2.1938603e-01  -6.0116168e-02
   2.1255133e-01  -5.1126918e-02
   2.1666112e-01  -4.5090236e-02
   2.2141588e-01  -4.9518828e-02
   2.4448642e-01  -6.1641262e-02
   2.7273694e-01  -7.1486718e-02
   2.8427297e-01  -7.6264256e-02
   2.8587631e-01  -8.0791535e-02
   2.9256882e-01  -8.8620269e-02
   2.9842212e-01  -9.6003997e-02
   3.1249287e-01  -1.1199383e-01
   3.2914451e-01  -1.1851037e-01
   3.4120855e-01  -1.2220938e-01
   3.5631981e-01  -1.3871437e-01
   3.4421892e-01  -1.4205964e-01
   3.4101187e-01  -1.3807927e-01
   3.3674859e-01  -1.4673818e-01
   3.1722179e-01  -1.5122230e-01
   3.0964349e-01  -1.5418706e-01
   2.9382716e-01  -1.4647949e-01
   2.6776778e-01  -1.4371975e-01
   2.5664856e-01  -1.4070366e-01
   2.4911290e-01  -1.3798976e-01
   2.3537425e-01  -1.2940342e-01
   2.3231896e-01  -1.2666475e-01
   2.3243018e-01  -1.2222471e-01
   2.3986044e-01  -1.1125045e-01
   2.3972941e-01  -9.7714612e-02
   2.3364454e-01  -1.0429183e-01
   2.2951008e-01  -9.9473521e-02
   1.9668304e-01  -7.0429175e-02
   1.9252605e-01  -4.9543734e-02
   1.8128710e-01  -4.5642140e-02
   1.9895476e-01  -6.0764500e-02
   2.0158833e-01  -5.2542995e-02
   1.8674711e-01  -4.7212627e-02
   1.9310998e-01  -2.3158528e-02
   1.7809805e-01  -1.2544128e-02
   1.6587018e-01  -4.0031525e-03
   1.5512451e-01   3.4959080e-03
   1.4258719e-01  -2.5047412e-03
   1.2961091e-01   1.0119322e-03
   1.3801644e-01  -2.5639525e-03
   1.2920088e-01   5.6617586e-03
   1.2644215e-01   2.5714518e-03
   1.1519879e-01   2.3556687e-02
   1.3725943e-01   2.7580380e-02
   1.2804874e-01   3.1688951e-02
   1.6752285e-01   2.3267204e-02
   1.5648591e-01   2.8728121e-02
   1.4640662e-01   3.7982362e-02
   1.3251756e-01   6.0942478e-02
   1.4108136e-01   6.4797394e-02
   1.3337202e-01   6.2827916e-02
   1.2688062e-01   7.9075448e-02
   1.5533123e-01   8.2409529e-02
   1.5617103e-01   9.0864183e-02
   1.5915314e-01   1.0692007e-01
   1.7695832e-01   1.1099234e-01
   1.9627166e-01   1.1262388e-01
   1.9001139e-01   1.2162987e-01
   1.8710618e-01   1.3006756e-01
   2.0788929e-01   1.2592710e-01
   2.2330904e-01   1.1747248e-01
   2.2290317e-01   1.2006089e-01
   2.1652705e-01   1.2780473e-01
   2.0868451e-01   1.3239891e-01
   2.1802767e-01   1.3985004e-01
   2.4020970e-01   1.2322422e-01
   2.2224488e-01   1.3539896e-01
   2.2553427e-01   1.3771884e-01
   2.3033561e-01   1.3370268e-01
   2.3994415e-01   1.2399576e-01
   2.1800948e-01   1.3951241e-01
   2.3931358e-01   1.2100554e-01
   2.4480414e-01   1.1435503e-01
   2.1491006e-01   1.2518227e-01
   2.1434038e-01   1.2069805e-01
   2.2728474e-01   1.1082165e-01
   2.1515423e-01   1.0433981e-01
   2.1749566e-01   9.1647527e-02
   1.9972346e-01   8.6828122e-02
   1.8151639e-01   9.0168951e-02
   1.9621619e-01   8.1710869e-02
   2.0391026e-01   5.8126051e-02
   1.7638013e-01   6.4505784e-02
   1.8690446e-01   6.2456663e-02
   1.9186708e-01   6.4332318e-02
   1.6052065e-01   6.0895872e-02
   1.3057988e-01   7.0302113e-02
   1.2781248e-01   5.9466928e-02
   1.1865507e-01   6.0532692e-02
   1.1028246e-01   6.0262919e-02
   9.9516511e-02   5.9822555e-02
   1.0009319e-01   5.6270052e-02
   1.0053747e-01   4.8618440e-02
   9.8258127e-02   4.2632037e-02
   8.1863252e-02   4.2372861e-02
   6.6158407e-02   4.6442405e-02
   8.2814444e-02   3.7080128e-02
   8.0215526e-02   3.0450354e-02
   7.6299865e-02   2.5354665e-02
   8.2659317e-02   1.6695870e-02
   7.2837813e-02   1.5801020e-02
   6.5430311e-02   1.4875414e-02
   8.9948014e-02   1.1226907e-02
   9.8894886e-02   4.5813563e-03
   9.2197824e-02  -2.0616907e-03
   7.8787839e-02   5.1420801e-04
   7.4246112e-02   4.0815247e-03
   6.6656499e-02  -1.8446561e-02
   9.1443976e-02  -1.3613514e-02
   8.6809328e-02  -2.6408095e-02
   8.0317698e-02  -3.6104638e-02
   1.1918163e-01  -3.5128659e-02
   5.6732521e-02  -5.6951106e-02
   5.4910320e-02  -7.9013341e-02
   3.9626735e-02  -4.5289756e-02
   5.0809920e-02  -8.9483144e-02
   6.3352608e-02  -5.8128317e-02
   6.7111391e-02  -6.6540529e-02
   8.8620577e-02  -8.7478726e-02
   9.8181263e-02  -1.0612380e-01
   4.9470007e-02  -8.4684789e-02
   8.2631113e-02  -9.5710475e-02
   9.3743395e-02  -1.1003990e-01
   9.4205764e-02  -9.1602763e-02
   1.0560923e-01  -1.2074284e-01
   7.4690024e-02  -1.0689059e-01
   8.0054605e-02  -1.2346525e-01
   3.6940676e-02  -1.1146740e-01
   8.2393865e-02  -1.3557146e-01
   4.5410576e-02  -1.3342358e-01
   6.3772999e-02  -1.5239071e-01
   7.2431664e-02  -1.3050076e-01
   7.6493693e-02  -1.8387863e-01
   6.0689680e-02  -1.4084397e-01
   6.8084142e-02  -1.5939431e-01
   5.4065006e-02  -1.5899812e-01
   7.4527865e-02  -1.4061845e-01
   4.7927611e-02  -1.3777895e-01
   5.3056990e-02  -1.2598480e-01
   4.5429743e-02  -1.1941463e-01
   3.1594075e-02  -1.2071161e-01
   4.2790803e-02  -1.1641827e-01
   2.8964969e-02  -1.1015969e-01
   2.8853034e-02  -9.1476747e-02
   3.3793003e-02  -8.3561258e-02
   1.8792608e-02  -7.7038551e-02
   2.3940538e-02  -6.2743107e-02
   2.6518456e-02  -5.2781871e-02
   2.6454718e-02  -3.8650844e-02
   2.7754357e-02  -2.7253247e-02
   3.5115870e-02  -2.8076684e-02
   5.1437598e-02  -2.4618373e-02
   6.3978974e-02  -1.1800382e-02
   6.5056655e-02  -6.8634019e-03
   7.1447620e-02  -7.8569923e-03
   7.6468313e-02  -3.9276369e-03
   8.6662622e-02   4.9166225e-03
   9.0046681e-02   3.4746011e-03
   9.0837833e-02   7.0104622e-03
   1.0214047e-01   1.5682965e-02
   9.6799644e-02   2.0486998e-02
   1.0804554e-01   1.8041167e-02
   1.2768064e-01   1.7998397e-02
   1.2915307e-01   1.4926454e-02
   1.5409947e-01   3.5918729e-03
   1.6166966e-01   2.5795173e-03
   1.6014528e-01   7.7952699e-03
   1.7368962e-01   0.0000000e+00
   1.7475387e-01  -6.2724247e-03
   1.8223667e-01  -9.3722471e-03
   2.1430138e-01  -1.7637952e-02
   2.5230487e-01  -2.0581401e-02
   2.7524520e-01  -2.2071490e-02
   2.8472381e-01  -2.2152272e-02
   2.8649599e-01  -2.3104204e-02
   3.0252985e-01  -2.7027230e-02
   3.0137611e-01  -1.5667502e-02
   3.3549393e-01  -2.4613762e-02
   3.8014129e-01  -2.5290718e-02
   3.9813316e-01  -2.5662411e-02
   4.1330590e-01  -2.8092635e-02
   4.1506902e-01  -2.0078379e-02
   4.3413648e-01  -2.3451235e-02
   4.3914912e-01  -1.8038587e-02
   4.5124267e-01  -1.9347734e-02
   4.5259081e-01  -1.6391310e-02
   4.5371429e-01  -2.1205681e-02
   4.2375767e-01  -3.8907747e-03
   4.2022038e-01  -4.8869544e-03
   4.2238420e-01   4.4049884e-03
   4.2721687e-01   9.7683047e-04
   4.0402580e-01   1.0778914e-02
   3.9095829e-01   9.7287683e-03
   3.7936943e-01   9.3298670e-03
   3.6002062e-01   1.0321344e-02
   3.4360071e-01   1.1443358e-02
   3.1654927e-01   1.6163313e-02
   2.8189650e-01   3.0863748e-02
   2.7209578e-01   1.6505673e-02
   2.4157572e-01   1.6629574e-02
   2.2351114e-01   1.7192122e-02
   2.2338821e-01   8.0825126e-03
   2.2384789e-01   6.5798876e-03
   2.0489324e-01   8.0928450e-03
   1.9879276e-01   0.0000000e+00
   1.8737482e-01   8.1416491e-03
   1.8249509e-01   9.1826588e-03
   1.7053169e-01  -3.0615603e-03
   1.4415139e-01   2.5549050e-03
   1.2249225e-01   1.7824662e-02
   1.2238199e-01   1.6280648e-02
   9.4841596e-02   4.9025124e-02
   9.1905196e-02   5.2450284e-02
   6.8215481e-02   6.0424175e-02
   7.1725670e-02   5.5514169e-02
   9.4592852e-02   4.5190542e-02
   7.0783739e-02   8.3282208e-02
   1.0798490e-01   6.5092348e-02
   7.7227492e-02   8.4427521e-02
   6.7747711e-02   9.3960407e-02
   6.0202136e-02   9.7583137e-02
   7.6176507e-02   9.8630731e-02
   8.5491948e-02   1.0137584e-01
   9.5792105e-02   8.9952588e-02
   8.2700537e-02   1.1336842e-01
   6.2367889e-02   1.3006396e-01
   3.7837040e-02   1.4586091e-01
   5.2689539e-02   1.3409281e-01
   5.2969009e-02   1.3325112e-01
   6.4295224e-02   1.2945863e-01
   3.9486502e-02   1.3783739e-01
   2.6261985e-02   1.3063694e-01
   1.8803605e-02   1.3805643e-01
   1.5096419e-02   1.3694401e-01
   1.2528242e-02   1.4126294e-01
   2.0164460e-02   1.2468470e-01
   0.0000000e+00   1.2289157e-01
  -1.1474554e-02   1.2350651e-01
  -1.7913690e-02   1.2671137e-01
  -2.4343483e-02   1.1921885e-01
  -3.4637744e-02   1.2318216e-01
  -2.9678461e-02   9.8982337e-02
  -5.4132341e-02   1.0469290e-01
  -4.9303337e-02   1.0057595e-01
  -5.5206733e-02   1.0426701e-01
  -4.2728363e-02   8.9161704e-02
  -3.1044715e-02   8.9095036e-02
  -2.3364513e-02   8.4641825e-02
  -3.1311590e-02   8.7743656e-02
  -3.9313477e-02   8.0105332e-02
  -5.3882466e-02   8.4054966e-02
  -5.3933447e-02   7.3984096e-02
  -3.9219518e-02   6.6693275e-02
  -4.7587621e-02   7.1162907e-02
  -6.9764256e-02   7.8787608e-02
  -9.0147312e-02   7.1780942e-02
  -9.2020718e-02   5.5648569e-02
  -6.5673588e-02   4.4425675e-02
  -8.3767864e-02   4.4414375e-02
  -1.0166033e-01   4.8129692e-02
  -9.8397443e-02   3.1365955e-02
  -1.0290023e-01   3.2668483e-02
  -1.2881994e-01   3.3262412e-02
  -1.3999091e-01   2.1760193e-02
  -1.2681540e-01   1.7694790e-02
  -1.2603981e-01   2.0103606e-02
  -1.1351859e-01   1.0470444e-02
  -1.0347639e-01   5.5644878e-03
  -1.7463656e-01   2.6497237e-02
  -1.5398115e-01  -7.4993909e-03
  -1.7446495e-01  -1.5700788e-02
  -1.5145429e-01  -1.1604736e-02
  -1.8261168e-01  -1.8254285e-02
  -1.8868633e-01  -2.5260826e-03
  -1.8484972e-01  -1.8213354e-02
  -1.7558131e-01  -4.4843876e-02
  -2.0032945e-01  -2.6262318e-02
  -2.1764283e-01  -1.5546144e-02
  -2.0516594e-01  -2.0271831e-02
  -1.9411030e-01  -3.6242851e-02
  -1.9231873e-01  -4.0197200e-02
  -1.7984751e-01  -6.4450399e-02
  -2.0024271e-01  -6.6758707e-02
  -1.5584579e-01  -7.2187502e-02
  -1.3516345e-01  -7.1676587e-02
  -1.2584264e-01  -8.6457911e-02
  -1.2966428e-01  -7.7828776e-02
  -1.1632667e-01  -9.3979719e-02
  -9.0718754e-02  -9.2260660e-02
  -1.0956243e-01  -9.3226938e-02
  -1.0600628e-01  -1.0960913e-01
  -1.1679357e-01  -9.9715185e-02
  -9.2710310e-02  -1.1194332e-01
  -6.3345215e-02  -1.0985343e-01
  -3.8579367e-02  -1.1529148e-01
  -4.7596125e-02  -1.0182613e-01
  -2.5506075e-02  -1.1109206e-01
  -3.5837657e-02  -1.1689265e-01
  -2.8122797e-02  -1.2437200e-01
  -1.0248439e-02  -1.2413385e-01
   2.9116864e-02  -1.2797793e-01
   1.1155577e-01  -1.0970922e-01
   1.2428424e-01  -1.0898626e-01
   1.4297106e-01  -1.1052812e-01
   1.3310841e-01  -1.2209308e-01
   1.4927880e-01  -1.1048456e-01
   1.5439141e-01  -1.1623990e-01
   1.8736460e-01  -1.0332127e-01
   2.0132348e-01  -1.0525800e-01
   2.0558999e-01  -9.8785411e-02
   2.2513012e-01  -9.6625201e-02
   2.0143561e-01  -8.8342395e-02
   2.2605694e-01  -9.0762524e-02
   2.2032818e-01  -7.4099779e-02
   2.2881598e-01  -7.4368698e-02
   2.4893650e-01  -6.4453283e-02
   2.3265392e-01  -6.3172809e-02
   2.3099775e-01  -5.5727400e-02
   2.4564229e-01  -5.2998865e-02
   2.6751658e-01  -5.5870745e-02
   2.8678097e-01  -7.3506767e-02
   2.5310420e-01  -8.3806375e-02
   2.7271734e-01  -4.7622043e-02
   2.6508726e-01  -5.0456153e-02
   2.4701889e-01  -4.4333343e-02
   2.5539313e-01  -4.9637182e-02
   2.4489680e-01  -4.2383548e-02
   2.6038648e-01  -2.7176035e-02
   2.4887334e-01  -2.3875281e-02
   2.6451842e-01  -1.6957513e-02
   2.7164568e-01  -9.9842692e-03
   2.5946737e-01  -4.0333459e-03
   2.6337115e-01  -1.9953899e-03
   2.7381265e-01   4.0044114e-03
   2.7265939e-01   2.4955664e-02
   2.9286157e-01   1.7786072e-02
   2.5674896e-01   2.8701935e-02
   2.5663508e-01   3.1487821e-02
   2.6556829e-01   2.7425907e-02
   2.5814550e-01   3.3180997e-02
   2.4207449e-01   6.3215972e-02
   2.5158454e-01   5.8219428e-02
   2.3431153e-01   6.2598512e-02
   2.1832381e-01   6.0542932e-02
   2.1335759e-01   7.2880775e-02
   2.2222859e-01   7.7428885e-02
   2.2267436e-01   7.0435308e-02
   2.0869035e-01   6.4377164e-02
   1.8832442e-01   7.8021630e-02
   1.5228674e-01   7.9912368e-02
   1.2070144e-01   8.9632588e-02
   1.2589664e-01   7.8673114e-02
   1.2327277e-01   7.5305632e-02
   8.1703419e-02   9.5080587e-02
   6.3016758e-02   1.0764350e-01
   3.2053184e-02   1.0525366e-01
   1.9145777e-02   9.5773463e-02
   5.1221584e-03   8.9249286e-02
   1.2742232e-03   9.7724502e-02
   7.6736091e-03   1.0128202e-01
  -6.0929308e-02   1.0513392e-01
  -7.7563962e-02   9.7857399e-02
  -9.1650918e-02   9.4746722e-02
  -1.0557973e-01   9.0943481e-02
  -1.3769756e-01   9.8270843e-02
  -1.4918874e-01   7.8093913e-02
  -1.8581459e-01   7.6492940e-02
  -2.1593871e-01   7.5992806e-02
  -2.4934294e-01   6.8958918e-02
  -2.6193900e-01   5.2378984e-02
  -2.5489844e-01   5.3592543e-02
  -2.5115807e-01   4.4783397e-02
  -2.7280842e-01   4.3047422e-02
  -2.8776252e-01   1.3970189e-02
  -3.1683743e-01   8.4149498e-03
  -3.0774128e-01  -1.3826535e-02
  -3.2452961e-01  -3.4666714e-02
  -3.1988267e-01  -3.7443963e-02
  -3.2265440e-01  -3.9571189e-02
  -2.9863887e-01  -5.0889673e-02
  -3.1149423e-01  -5.7301381e-02
  -3.2059913e-01  -6.5055143e-02
  -3.0135266e-01  -7.6117577e-02
  -3.1176159e-01  -7.6672604e-02
  -2.8336425e-01  -8.9115328e-02
  -2.9229838e-01  -9.1955949e-02
  -2.9490607e-01  -9.2762042e-02
  -2.6280507e-01  -8.2088150e-02
  -2.2879569e-01  -1.0344965e-01
  -2.1166465e-01  -9.9808406e-02
  -2.0493350e-01  -1.1091952e-01
  -2.0318106e-01  -1.1573269e-01
  -1.8222756e-01  -9.9235667e-02
  -1.5263656e-01  -1.1582282e-01
  -1.3915423e-01  -1.1488934e-01
  -1.1638772e-01  -1.1119386e-01
  -7.3696511e-02  -1.1199073e-01
  -5.4196412e-02  -1.1674663e-01
  -4.9433899e-02  -1.0953847e-01
  -3.7453617e-02  -1.0983036e-01
  -1.2745000e-02  -1.1264492e-01
   0.0000000e+00  -1.1469880e-01
   6.4455587e-03  -9.8907829e-02
   6.1471657e-02  -1.0024510e-01
   8.7287624e-02  -1.0196664e-01
   1.0885638e-01  -1.0265124e-01
   1.1251943e-01  -1.0670910e-01
   1.0248768e-01  -9.6370294e-02
   1.2041264e-01  -9.2593471e-02
   1.4219509e-01  -9.0514412e-02
   1.5203933e-01  -8.0126816e-02
