   8.3250585e-02   2.0057436e-03
   6.2819016e-02   3.5166065e-03
   6.1476371e-02   3.5133150e-03
   6.4101785e-02   2.5117412e-03
   6.5513546e-02   1.5099415e-03
   6.6732185e-02   1.5083792e-03
   6.5318168e-02   4.0146398e-03
   6.6731665e-02   2.5139654e-03
   7.3076354e-02   2.0086632e-03
   7.8127927e-02   1.0031162e-03
   7.9718328e-02   5.5385565e-03
   7.5636575e-02   5.5232028e-03
   7.8358727e-02   2.5151978e-03
   7.6846358e-02   2.5079372e-03
   8.0769191e-02   5.0199063e-04
   8.1969011e-02   3.0088030e-03
   8.0767817e-02   3.0119438e-03
   8.4531650e-02   1.5042125e-03
   8.5980178e-02   3.5165025e-03
   8.8546104e-02   4.0183298e-03
   8.6064505e-02   4.0228138e-03
   8.8283938e-02   4.5073341e-03
   8.8286332e-02   2.5040745e-03
   8.0766717e-02   4.0159251e-03
   8.2294597e-02   1.0068866e-03
   7.9408713e-02   1.0030565e-03
   8.3332320e-02   2.5096420e-03
   8.9743546e-02   5.0176439e-04
   8.8721909e-02   3.5229619e-03
   8.8540409e-02   7.0320771e-03
   8.8544551e-02   5.0229122e-03
   8.4615220e-02   1.0037931e-03
   7.6996612e-02   4.0205943e-03
   7.4358830e-02   1.0042756e-03
   7.3149027e-02  -5.0265997e-04
   6.9160917e-02   3.5122742e-03
   6.6730397e-02   4.0223446e-03
   6.1535469e-02   5.0239601e-03
   6.0137329e-02   2.0057291e-03
   6.4101785e-02   2.5117412e-03
   6.2820391e-02   1.0047447e-03
   6.5448013e-02   3.0169095e-03
   6.0434148e-02   3.0234409e-03
   6.4037886e-02   3.5129816e-03
   6.4287465e-02   6.5498583e-03
   6.9295735e-02   5.0274129e-03
   7.1864030e-02   3.5188129e-03
   6.9298976e-02   1.0054826e-03
   6.4165563e-02   1.5085288e-03
   6.6666667e-02   0.0000000e+00
   6.6599401e-02   3.5126346e-03
   6.6864360e-02   1.0075702e-03
   6.8014602e-02   3.0166045e-03
   7.1582949e-02   1.0014328e-03
   7.0511963e-02   2.5111017e-03
   7.4577289e-02   4.0289837e-03
   7.8048119e-02   4.5095959e-03
   8.2213278e-02   1.0058956e-03
   7.7071336e-02   5.0306917e-03
   7.5713335e-02   4.0208267e-03
   7.9721643e-02   3.0210308e-03
   8.2132120e-02   1.0049066e-03
   7.5789182e-02   3.0185898e-03
   7.8355858e-02   5.0303956e-03
   9.1023472e-02   3.5121111e-03
   9.2030949e-02   5.0022290e-03
   8.8545370e-02   4.5206210e-03
   6.2944541e-02   1.0067257e-03
   7.0512683e-02   1.0044407e-03
   6.5445303e-02   5.5310007e-03
   6.8012481e-02   5.0276742e-03
   6.7811676e-02   5.0128691e-03
   6.9230635e-02   1.0044938e-03
   6.7947528e-02   3.0136377e-03
   7.3221201e-02   1.0063102e-03
   7.4358396e-02   2.0085513e-03
   7.5640106e-02   2.5105467e-03
   7.2073238e-02   6.5542895e-03
   7.4577289e-02   4.0289837e-03
   8.0769191e-02   5.0199063e-04
   7.6922740e-02   1.5062412e-03
   7.5863105e-02   4.0287539e-03
   7.7149977e-02   3.0213901e-03
   8.0847545e-02   3.0149056e-03
   7.8359072e-02   2.0121582e-03
   8.4697882e-02   2.5119496e-03
   8.4615220e-02   1.0037931e-03
   8.1887820e-02   3.5068289e-03
   7.9486213e-02   2.5101052e-03
   7.8358727e-02   2.5151978e-03
   8.0843291e-02   6.0298113e-03
   8.0689616e-02   5.0149796e-04
   8.3333171e-02   1.0038568e-03
   8.0848609e-02   1.5074528e-03
   8.7263464e-02   3.5162722e-03
   8.7002775e-02   5.5093278e-03
   9.1294139e-02   3.0192700e-03
   9.3484426e-02   8.5198652e-03
   8.8632037e-02   5.0278526e-03
   8.8460463e-02   2.5089907e-03
   8.2051242e-02   5.0195975e-04
   8.2294758e-02   0.0000000e+00
   7.7150392e-02   2.5178251e-03
   8.2048050e-02   4.5176378e-03
   8.4778470e-02   5.0288424e-03
   8.5896392e-02   2.5093211e-03
   9.0009187e-02   2.0129848e-03
   8.3496556e-02   3.0174976e-03
   7.9642364e-02   3.5210662e-03
   7.6617129e-02   5.0011442e-03
   8.2210870e-02   4.0235825e-03
   7.8050236e-02   2.5053311e-03
   7.8127927e-02   1.0031162e-03
   7.9487179e-02   0.0000000e+00
   7.8436232e-02   2.5176766e-03
   7.8357236e-02   4.0243165e-03
   8.0845024e-02   5.0248427e-03
   8.0686483e-02   4.5134816e-03
   7.6922142e-02   2.5104019e-03
   8.2051242e-02   5.0195975e-04
   7.8435810e-02   3.0212119e-03
   7.8513466e-02   3.0241923e-03
   8.3493948e-02   5.0291627e-03
   8.3408729e-02   6.5314840e-03
   8.2049327e-02   3.5137183e-03
   7.8511734e-02   4.5362885e-03
   7.5640989e-02   5.0210934e-04
   7.3221201e-02  -1.0063102e-03
   7.9565647e-02   0.0000000e+00
   7.8514236e-02   2.0161282e-03
   7.4205554e-02   7.0161360e-03
   8.4613368e-02   3.5132758e-03
   8.6066521e-02   2.0114069e-03
   8.4696892e-02   3.5167294e-03
   7.7072051e-02   4.5276225e-03
   7.5640106e-02   2.5105467e-03
   7.6922142e-02   2.5104019e-03
   7.4726132e-02   3.0277076e-03
   7.4503601e-02   4.0250155e-03
   7.1935881e-02   2.5159138e-03
   7.1721910e-02   4.0136004e-03
   6.9298571e-02   2.0109651e-03
   6.5448013e-02   3.0169095e-03
   6.5513706e-02   1.0066277e-03
   6.8082173e-02   2.5163144e-03
   7.1794732e-02   1.0043866e-03
   6.4164312e-02   3.5199005e-03
   6.6862397e-02   4.0302808e-03
   7.0442495e-02   2.5086350e-03
   6.3006431e-02   2.0154384e-03
   7.0652174e-02   0.0000000e+00
   7.2150502e-02   1.0093485e-03
   7.5565916e-02   2.0064653e-03
   7.7073744e-02   3.0184150e-03
   7.3000639e-02   5.5183988e-03
   7.3004040e-02   2.5083631e-03
   7.6998675e-02   1.5077229e-03
   7.5640989e-02  -5.0210934e-04
   7.5640989e-02   5.0210934e-04
   7.6846694e-02   2.0063498e-03
   7.9643297e-02   2.5150473e-03
   7.8123491e-02   5.5171391e-03
   7.8511003e-02   5.0403206e-03
   7.5633817e-02   7.0295308e-03
   7.4432053e-02   1.5078957e-03
   6.9299112e-02   0.0000000e+00
   6.6732445e-02   5.0279308e-04
   7.1794732e-02   1.0043866e-03
   7.1865745e-02   0.0000000e+00
   6.6731307e-02   3.0167585e-03
   7.0577477e-02   6.0325760e-03
   7.9564251e-02   3.0150886e-03
   7.9798812e-02   4.5360161e-03
   8.2212797e-02   2.0117913e-03
   7.9564677e-02   2.5125738e-03
   7.9485286e-02   3.5141472e-03
   8.3497657e-02   1.5087488e-03
   7.9643647e-02   2.0120378e-03
   7.9405013e-02   5.0152827e-03
   8.3332320e-02   2.5096420e-03
   8.7092074e-02   3.0080353e-03
   8.3580245e-02   1.5102350e-03
   8.2049846e-02   3.0117585e-03
   8.0927431e-02   3.0178733e-03
   8.2213278e-02   1.0058956e-03
   8.0927431e-02   3.0178733e-03
   8.3329281e-02   5.0192839e-03
   8.4698873e-02   5.0238991e-04
   8.3331875e-02   3.0115703e-03
   8.4947123e-02   4.5348824e-03
   8.4695571e-02   4.5215092e-03
   8.9920246e-02   2.0110052e-03
   9.3680991e-02   2.5107645e-03
   9.3677568e-02   5.0215291e-03
   8.3329281e-02   5.0192839e-03
   8.8459990e-02   3.0107889e-03
   9.0008306e-02   3.0194773e-03
   9.2579972e-02   3.0190599e-03
   9.1113323e-02   3.5155612e-03
   9.3589334e-02   1.5049807e-03
   7.4282794e-02   4.5148024e-03
   6.7947892e-02   2.5113648e-03
   6.6532823e-02   4.5118110e-03
   6.8015264e-02   2.0110697e-03
   6.6600177e-02   2.5090247e-03
   6.4100039e-02   4.5211341e-03
   6.4101037e-02   3.5164376e-03
   6.2819016e-02   3.5166065e-03
   6.1477355e-02   2.0076086e-03
   6.2944387e-02   1.5100886e-03
   6.5383057e-02   3.5162654e-03
   6.9229557e-02   3.0134813e-03
   7.0857229e-02   6.0564203e-03
   7.7071336e-02   5.0306917e-03
   7.4504619e-02   3.0187616e-03
   7.5491541e-02   2.0044971e-03
   7.7074948e-02   1.0061383e-03
   7.4505347e-02   2.0125077e-03
   7.1793999e-02   2.5109666e-03
   6.9298267e-02   2.5137064e-03
   7.0650932e-02   3.0192597e-03
   6.9229928e-02   2.5112344e-03
   7.4431472e-02   2.5131595e-03
   7.8127472e-02   2.0062324e-03
   8.2129039e-02   4.5220797e-03
   8.5981184e-02   2.5117875e-03
   8.2129039e-02   4.5220797e-03
   8.2045537e-02   6.0235170e-03
   8.1967897e-02   4.0117374e-03
   8.1008268e-02   2.0138979e-03
   7.8282177e-02   1.0050895e-03
   7.8280957e-02   3.0152686e-03
   7.9643919e-02   1.5090284e-03
   8.4696892e-02   3.5167294e-03
   8.3577302e-02   4.5307050e-03
   9.2301229e-02   6.0203452e-03
   8.9653040e-02   3.5089067e-03
   8.9915637e-02   5.5302643e-03
   8.7092539e-02   2.5066961e-03
   8.3412996e-02   4.0193748e-03
   7.9643647e-02   2.0120378e-03
   8.0688245e-02   3.0089877e-03
   8.0928498e-02   1.5089366e-03
   8.4698749e-02   1.0047798e-03
   8.7437795e-02   1.5099415e-03
   8.8370095e-02   5.0130604e-03
   8.9913530e-02   6.5357669e-03
   9.2395169e-02   4.5196938e-03
   8.7264485e-02   2.5116230e-03
   8.8459431e-02   3.5125870e-03
   8.3580450e-02   1.0068233e-03
   8.2130840e-02   3.0147198e-03
   8.0608323e-02   3.5070437e-03
   8.3167317e-02   3.5066106e-03
   8.5895389e-02   3.5130496e-03
   9.2216570e-02   1.0024073e-03
   8.8547786e-02   2.5114561e-03
   8.9829380e-02   4.0180589e-03
   8.4530010e-02   3.5098291e-03
   8.2292181e-02   4.0275465e-03
   7.9559096e-02   6.5326919e-03
   8.3249777e-02   3.0086154e-03
   8.0848609e-02   1.5074528e-03
   7.5790477e-02   5.0309829e-04
   7.4652551e-02   2.5205998e-03
   7.0648001e-02   5.5353095e-03
   7.6770724e-02  -2.5054774e-03
   7.3149027e-02   5.0265997e-04
   7.6998413e-02   2.0102972e-03
   7.8123491e-02   5.5171391e-03
   8.4775614e-02   6.5374952e-03
   8.3493948e-02   5.0291627e-03
   8.5897394e-02  -5.0186423e-04
   8.5981854e-02  -1.5070725e-03
   8.7351395e-02   1.5084562e-03
   8.8631128e-02   5.5306379e-03
   9.1196807e-02   7.0380361e-03
   8.9999986e-02   7.5486932e-03
   9.5152895e-02   1.5093154e-03
   9.2580470e-02   2.5158832e-03
   9.4778325e-02   0.0000000e+00
   8.8459431e-02   3.5125870e-03
   9.1292889e-02   4.0256934e-03
   8.4523980e-02   7.0196581e-03
   8.7177410e-02   3.5128200e-03
   8.5812142e-02   2.0054877e-03
   8.8548865e-02   0.0000000e+00
   9.1025243e-02   1.5051905e-03
   9.0097906e-02   2.5187105e-03
   8.8454269e-02   6.5233759e-03
   8.3411533e-02   5.0242185e-03
   8.7093427e-02   1.0026784e-03
   8.7176774e-02   4.0146514e-03
   9.0009847e-02   5.0324621e-04
   8.8635974e-02   1.5083558e-03
   8.4694787e-02   5.0238991e-03
   8.7171179e-02   7.0256400e-03
   8.8719696e-02   5.0328027e-03
   8.7178427e-02   2.5091571e-03
   9.1386139e-02   0.0000000e+00
   9.0098966e-02   5.0374209e-04
   8.9654781e-02   1.5038171e-03
   8.8544551e-02   5.0229122e-03
   8.8627883e-02   7.0389936e-03
   9.2578704e-02   4.0254132e-03
   9.2397690e-02   2.5109410e-03
   9.4871749e-02   5.0162457e-04
   8.3496556e-02   3.0174976e-03
   8.2130840e-02   3.0147198e-03
   7.9562507e-02   4.5226328e-03
   8.4446815e-02   3.5063890e-03
   9.3589562e-02   1.0033205e-03
   9.3589015e-02   2.0066410e-03
   8.7436084e-02   3.5231969e-03
   8.8543645e-02   5.5252034e-03
   9.1381660e-02   5.0370745e-03
   9.1292130e-02   4.5289050e-03
   9.1024534e-02   2.5086508e-03
   8.3579959e-02   2.0136467e-03
   8.3251191e-02   5.0143590e-04
   8.3412305e-02   4.5217966e-03
   8.7261296e-02   5.0232460e-03
   9.5146611e-02   6.0372618e-03
   9.4869534e-02   3.5113720e-03
   8.9918139e-02   4.0220104e-03
   9.1114389e-02   2.5111151e-03
   8.9743197e-02   1.5052932e-03
   8.7350713e-02   2.5140937e-03
   8.8720520e-02   4.5295224e-03
   9.6437471e-02   3.0184121e-03
   9.3404788e-02   2.0027112e-03
   9.1112657e-02   4.0177842e-03
   8.5812433e-02   1.5041158e-03
   8.0689303e-02   1.5044939e-03
   8.1008545e-02   1.5104234e-03
   8.2293751e-02   2.5172165e-03
   8.3328430e-02   5.5212123e-03
   8.0764479e-02   5.5218969e-03
   8.4530010e-02   3.5098291e-03
   8.2051242e-02   5.0195975e-04
   8.7265548e-02   0.0000000e+00
   9.2482488e-02   6.5348652e-03
   8.8543645e-02   5.5252034e-03
   8.3322961e-02   8.0308542e-03
   8.7262104e-02   4.5209214e-03
   7.8051181e-02   0.0000000e+00
   7.6923077e-02   0.0000000e+00
   7.8359684e-02   0.0000000e+00
   7.3004040e-02   2.5083631e-03
   7.0789269e-02   4.5378312e-03
   7.3141044e-02   7.5398995e-03
   7.6922927e-02   1.0041608e-03
   7.7073744e-02   3.0184150e-03
   7.5790514e-02   0.0000000e+00
   6.8082705e-02   1.5097886e-03
   6.9298267e-02   2.5137064e-03
   6.5380768e-02   5.5255599e-03
   7.8279240e-02   4.5229029e-03
   7.8281376e-02   2.5127238e-03
   7.5640879e-02   1.0042187e-03
   7.0443316e-02   5.0172700e-04
   6.9299078e-02   5.0274129e-04
   7.8125008e-02   4.5140229e-03
   7.9559096e-02   6.5326919e-03
   8.0925654e-02   4.5268099e-03
   7.9407480e-02   3.0091696e-03
   7.3221344e-02   0.0000000e+00
   6.9230231e-02   2.0089876e-03
   7.4358396e-02   2.0085513e-03
   6.6661188e-02   6.5298809e-03
   7.4431073e-02   3.0157913e-03
   8.1088950e-02   1.0079420e-03
   7.4358938e-02   5.0213782e-04
   7.9486213e-02   2.5101052e-03
   8.5726312e-02   3.5061641e-03
   8.5976199e-02   6.0282899e-03
   8.0679632e-02   8.0239673e-03
   8.2291497e-02   4.5309898e-03
   7.8359646e-02   5.0303956e-04
   7.5790477e-02  -5.0309829e-04
   7.5641026e-02   0.0000000e+00
   7.7075099e-02   0.0000000e+00
   7.3218448e-02   4.5283959e-03
   7.1789845e-02   6.0263198e-03
   7.3000639e-02   5.5183988e-03
   6.7947528e-02   3.0136377e-03
   7.0791767e-02   1.5126104e-03
   6.9094354e-02   1.0025220e-03
   7.0442803e-02   2.0069080e-03
   6.6729844e-02   4.5251377e-03
   6.7946042e-02   4.5204566e-03
   7.4505601e-02   1.5093808e-03
   7.0442495e-02   2.5086350e-03
   7.3366337e-02   0.0000000e+00
   7.0582291e-02   1.0054293e-03
   6.9434028e-02   4.0298640e-03
   6.9363491e-02   5.5356032e-03
   7.0580227e-02   4.0217173e-03
   7.4356660e-02   4.0171025e-03
   7.8199652e-02   6.0246114e-03
   7.9480648e-02   6.5262734e-03
   8.7263464e-02   3.5162722e-03
   8.1888336e-02   3.0058533e-03
   7.8359339e-02   1.5091187e-03
   8.4615343e-02   5.0189655e-04
   8.8548174e-02   2.0091649e-03
   8.5889250e-02   7.0260992e-03
   8.5890377e-02   6.5242350e-03
   8.5895389e-02   3.5130496e-03
   8.7178809e-02   2.0073257e-03
   8.2051242e-02  -5.0195975e-04
   8.2293308e-02   3.0206599e-03
   7.9485286e-02   3.5141472e-03
   8.6063790e-02   4.5256656e-03
   7.9641119e-02   4.5270851e-03
   7.4431073e-02   3.0157913e-03
   7.3221344e-02   0.0000000e+00
   7.8204786e-02  -1.5061528e-03
   7.7069681e-02   6.0368300e-03
   8.4691940e-02   6.5310689e-03
   8.4775614e-02   6.5374952e-03
   8.3411533e-02   5.0242185e-03
   9.1295747e-02   0.0000000e+00
   8.7437111e-02   2.5165692e-03
   8.0530000e-02   2.5025775e-03
   8.4613368e-02   3.5132758e-03
   8.1888336e-02   3.0058533e-03
   7.6842778e-02   5.5174619e-03
   7.9481614e-02   6.0242524e-03
   7.5564705e-02   3.5113142e-03
   7.4505347e-02   2.0125077e-03
   7.1724103e-02  -5.0170005e-04
   7.1793161e-02   3.5153532e-03
   7.0717076e-02   6.0444747e-03
   6.5445972e-02   5.0281825e-03
   6.5448651e-02   2.0112730e-03
   6.0435094e-02   1.0078136e-03
   6.1659597e-02   2.0135466e-03
   6.6732478e-02   0.0000000e+00
   6.2881761e-02   2.5143357e-03
   7.0578267e-02   5.5298613e-03
   6.5508429e-02   6.5430800e-03
   6.3003842e-02   5.0385959e-03
   6.6533371e-02   4.0104987e-03
   6.7814665e-02   1.5038607e-03
   6.6666634e-02   5.0229853e-04
   6.7881740e-02   5.0177945e-04
   6.4102284e-02   1.5070447e-03
   6.4289635e-02   5.0383525e-03
   7.0650932e-02   3.0192597e-03
   7.3148171e-02   2.5132998e-03
   7.4578712e-02   2.5181148e-03
   8.0766717e-02   4.0159251e-03
   7.6920683e-02   4.0166431e-03
   7.3287710e-02   6.5474656e-03
   7.3074045e-02   4.5194923e-03
   7.8359646e-02   5.0303956e-04
   8.0769231e-02   0.0000000e+00
   8.3415435e-02  -1.0048437e-03
   8.2292785e-02   3.5241032e-03
   8.0761534e-02   7.0278688e-03
   8.1884053e-02   6.0117066e-03
   8.2128279e-02   5.0245330e-03
   8.4529394e-02   4.0112332e-03
   7.4431073e-02   3.0157913e-03
   7.5715364e-02   1.5078100e-03
   7.5640106e-02   2.5105467e-03
   7.3217769e-02   5.0315510e-03
   7.1721910e-02   4.0136004e-03
   7.4505020e-02   2.5156347e-03
   7.3004359e-02   2.0066905e-03
   7.4652551e-02   2.5205998e-03
   7.4431073e-02   3.0157913e-03
   7.1864030e-02   3.5188129e-03
   7.0302065e-02   4.5066888e-03
   7.6996612e-02   4.0205943e-03
   7.4211700e-02   2.5057628e-03
   7.1864870e-02   2.5134378e-03
   7.3146781e-02   4.0212797e-03
   7.3364035e-02   4.0331863e-03
   7.3220057e-02   3.0189306e-03
   7.4578311e-02   3.0217378e-03
   7.5714368e-02   3.0156200e-03
   7.8281376e-02   2.5127238e-03
   7.4653465e-02   0.0000000e+00
   7.1793999e-02   2.5109666e-03
   7.1863504e-02   4.0215005e-03
   7.5709462e-02   6.5338433e-03
   7.5638672e-02   4.0168747e-03
   7.1936618e-02   1.0063655e-03
   7.1933914e-02   4.5286449e-03
   7.3220450e-02   2.5157755e-03
   7.4577837e-02   3.5253607e-03
   7.5788701e-02   3.5216881e-03
   7.1933247e-02   5.0318277e-03
   7.4357673e-02   3.0128269e-03
   7.5714368e-02   3.0156200e-03
   7.1583088e-02   0.0000000e+00
   7.4504619e-02   3.0187616e-03
   7.1863504e-02   4.0215005e-03
   8.0847979e-02   2.5124214e-03
   8.3086066e-02   3.0027228e-03
   8.4697428e-02   3.0143395e-03
   7.9638670e-02   6.0361135e-03
   8.5897269e-02   1.0037285e-03
   7.9565298e-02   1.5075443e-03
   8.3580245e-02   1.5102350e-03
   8.3415435e-02   1.0048437e-03
   8.4614356e-02   2.5094827e-03
   8.9652388e-02   4.0101791e-03
   9.3861902e-02   5.5345525e-03
   9.2030949e-02   5.0022290e-03
   9.3773055e-02   3.0158792e-03
   9.3773559e-02   2.5132327e-03
   9.4773726e-02   5.0113297e-03
   8.7264868e-02   2.0092984e-03
   8.5979550e-02   4.0188600e-03
   7.9562507e-02   4.5226328e-03
   8.4365129e-02   2.0016890e-03
   8.4613368e-02   3.5132758e-03
   8.4614726e-02   2.0075862e-03
   8.4779960e-02   4.0230739e-03
   8.6151271e-02   2.5167347e-03
   8.6063790e-02   4.5256656e-03
   8.6064505e-02   4.0228138e-03
   8.3329281e-02   5.0192839e-03
   8.6065681e-02   3.0171104e-03
   8.0847545e-02   3.0149056e-03
   8.4530994e-02   2.5070208e-03
   7.8125652e-02   4.0124648e-03
   8.4947123e-02   4.5348824e-03
   8.7175248e-02   5.0183143e-03
   8.5896392e-02   2.5093211e-03
   8.3495415e-02   4.0233302e-03
   8.7178809e-02   2.0073257e-03
   8.6067026e-02   1.0057035e-03
   8.2132120e-02   1.0049066e-03
   8.7264868e-02   2.0092984e-03
   9.0003551e-02   6.0389545e-03
   8.9827805e-02   5.0225736e-03
   8.3330051e-02   4.5173555e-03
   7.7072691e-02   4.0245533e-03
   7.8282177e-02   1.0050895e-03
   7.9644230e-02  -5.0300946e-04
   8.0767817e-02   3.0119438e-03
   8.1007911e-02   2.5173723e-03
   7.8280461e-02   3.5178134e-03
   7.5864886e-02   2.0143769e-03
   7.4503601e-02   4.0250155e-03
   7.4356046e-02   4.5192403e-03
   7.5640695e-02   1.5063280e-03
   7.4505929e-02   0.0000000e+00
   7.4431472e-02   2.5131595e-03
   7.8202048e-02   4.5184585e-03
   7.8355858e-02   5.0303956e-03
   7.8205128e-02   0.0000000e+00
   7.8359072e-02   2.0121582e-03
   7.6998075e-02   2.5128715e-03
   7.3074649e-02   4.0173265e-03
   7.2932188e-02   2.5059020e-03
   7.4358070e-02   2.5106891e-03
   7.1864870e-02   2.5134378e-03
   7.1865430e-02   1.5080627e-03
   6.9366742e-02   2.5161833e-03
   7.3076888e-02   5.0216581e-04
   7.3076035e-02   2.5108290e-03
   7.4284813e-02   2.5082235e-03
   7.5788701e-02   3.5216881e-03
   8.1807819e-02   3.0029094e-03
   8.0687736e-02   3.5104857e-03
   8.4613368e-02   3.5132758e-03
   8.3331875e-02   3.0115703e-03
   8.7347514e-02   5.0281874e-03
   8.9559598e-02   6.5101574e-03
   9.2577934e-02   4.5285898e-03
   9.7723830e-02   2.5151586e-03
   9.6343121e-02   2.0102972e-03
   1.0128028e-01   3.0086343e-03
   1.0619564e-01   5.0030184e-03
   1.1131237e-01   5.5015205e-03
   1.0619071e-01   7.0042258e-03
   9.7524053e-02   6.5265738e-03
   9.5058546e-02   2.0104426e-03
   9.3405467e-02   5.0067780e-04
   8.6151271e-02   2.5167347e-03
   8.3493948e-02   5.0291627e-03
   8.1886551e-02   4.5087800e-03
   7.5564705e-02   3.5113142e-03
   7.4426251e-02   6.5342146e-03
   7.2077936e-02   3.0250567e-03
   7.3148492e-02   2.0106399e-03
   7.4432234e-02  -1.0052638e-03
   7.3148171e-02   2.5132998e-03
   7.5785186e-02   6.0371795e-03
   6.9296951e-02   4.0219303e-03
   7.4355359e-02   5.0213782e-03
   8.2047292e-02   5.0195975e-03
   8.3327498e-02   6.0231407e-03
   7.9565298e-02   1.5075443e-03
   8.4782609e-02   0.0000000e+00
   8.6150807e-02   3.0200816e-03
   8.4531650e-02   1.5042125e-03
   7.9484049e-02   4.5181893e-03
   7.8278516e-02   5.0254477e-03
   7.8202048e-02   4.5184585e-03
   7.9485286e-02   3.5141472e-03
   7.8358727e-02   2.5151978e-03
   8.0769074e-02   1.0039813e-03
   7.8281719e-02   2.0101791e-03
   7.9405013e-02   5.0152827e-03
   8.4694787e-02   5.0238991e-03
   7.4282794e-02   4.5148024e-03
   7.9564251e-02   3.0150886e-03
   8.2132120e-02   1.0049066e-03
   7.8281986e-02   1.5076343e-03
   7.8202694e-02   4.0164076e-03
   7.8357809e-02   3.5212769e-03
   7.6996612e-02   4.0205943e-03
   8.4860491e-02   6.0405546e-03
   8.2212797e-02   2.0117913e-03
   8.2131640e-02   2.0098132e-03
   8.3414134e-02   3.0145311e-03
   8.8634806e-02   3.0167116e-03
   8.7522650e-02   3.5266695e-03
   9.2302261e-02   5.5186498e-03
   9.0931548e-02   5.0123824e-03
   9.6058367e-02   2.0043877e-03
   9.7434713e-02   2.5077590e-03
   9.4867182e-02   5.0162457e-03
   9.6340064e-02   4.5231686e-03
   9.3681950e-02   1.0043058e-03
   9.3865805e-02   3.0188468e-03
   9.3680489e-02   3.0129174e-03
   8.9831087e-02   2.5112868e-03
   8.5982063e-02   1.0047150e-03
   8.5811309e-02   3.0082316e-03
   8.8634806e-02   3.0167116e-03
   8.7173383e-02   6.0219771e-03
   8.5980723e-02   3.0141450e-03
   8.7178427e-02   2.5091571e-03
   8.3415557e-02   5.0242185e-04
   8.2210870e-02   4.0235825e-03
   8.0928696e-02   1.0059578e-03
   8.1085890e-02   4.5357392e-03
   8.1969449e-02   2.5073358e-03
   8.1004940e-02   5.0347446e-03
   8.2130320e-02   3.5171731e-03
   8.7351608e-02   1.0056375e-03
   8.4781119e-02   3.0173055e-03
   7.9558049e-02   7.0352066e-03
   8.4864974e-02   3.0202773e-03
   8.7263464e-02   3.5162722e-03
   8.4865431e-02   2.5168977e-03
   9.1023472e-02   3.5121111e-03
   9.1024048e-02   3.0103809e-03
   8.2129719e-02   4.0196264e-03
   8.2048050e-02   4.5176378e-03
   8.3411533e-02   5.0242185e-03
   8.7176053e-02   4.5164829e-03
   8.6061144e-02   6.0342208e-03
   8.2213399e-02   5.0294782e-04
   8.2213399e-02   5.0294782e-04
