   1.1589443e-02   1.6679218e-02
   6.4131137e-03   2.8220999e-02
   9.0029271e-03   3.0326327e-02
   1.5356853e-02   3.0678325e-02
   1.5440361e-02   2.6281590e-02
   1.5490062e-02   2.3825343e-02
   1.4115860e-02   2.3180449e-02
   1.1553957e-02   1.8141575e-02
   5.1231627e-03   2.2632960e-02
   5.1429494e-03   2.3732487e-02
   1.0282902e-02   1.4124187e-02
   1.4085362e-02   1.1053538e-02
   1.2883411e-02   5.0542612e-03
   1.5428788e-02   7.0618171e-03
   1.7963601e-02   9.0613262e-03
   1.5399683e-02  -2.0136791e-03
   1.2820288e-02  -3.0176047e-03
   5.1274846e-03  -8.5502293e-03
   8.9632163e-03  -1.1556375e-02
   2.1806179e-02  -1.5604910e-02
   1.4138223e-02  -2.7265710e-02
   1.4110361e-02  -2.7211831e-02
   1.5316851e-02  -2.7579201e-02
   8.8671890e-03  -3.3866396e-02
   2.0240005e-02  -3.6815027e-02
   2.1503488e-02  -3.7311942e-02
   2.8918370e-02  -5.0045809e-02
   2.1461106e-02  -4.9251763e-02
   1.6427056e-02  -5.4335789e-02
   2.5250574e-02  -5.3778806e-02
   2.7850583e-02  -5.4933380e-02
   3.0301003e-02  -5.8312401e-02
   3.6784112e-02  -6.3661439e-02
   3.1718051e-02  -6.2665435e-02
   3.0638339e-02  -6.5625039e-02
   3.3260484e-02  -6.5246156e-02
   3.4602985e-02  -6.1765290e-02
   4.2400206e-02  -5.9341152e-02
   4.3760875e-02  -6.0473740e-02
   5.1458974e-02  -6.2492697e-02
   5.2816201e-02  -6.1026777e-02
   5.2840697e-02  -5.8992551e-02
   5.9548522e-02  -4.6870437e-02
   6.3432121e-02  -4.6863774e-02
   4.5334154e-02  -3.7170093e-02
   7.2470824e-02  -1.6736934e-02
   6.9667511e-02  -1.8206215e-02
   5.8060262e-02  -1.7202296e-02
   5.8126947e-02  -1.4687103e-02
   4.7860673e-02  -5.0711913e-04
   5.0441369e-02  -8.1132964e-03
   4.1101583e-02  -8.0592131e-03
   4.9298427e-02  -5.5947805e-03
   4.6286364e-02  -7.0578415e-03
   3.8461464e-02  -1.0054772e-03
   4.3546460e-02   2.0087256e-03
   3.4614560e-02   3.5194626e-03
   2.8229450e-02   8.0533823e-03
   2.8228007e-02   9.5633915e-03
   2.9593388e-02   1.3630130e-02
   3.7357104e-02   9.5996038e-03
   3.8593267e-02   1.6656020e-02
   2.8340902e-02   2.4279932e-02
   2.3119358e-02   2.4209813e-02
   2.4301867e-02   2.6625877e-02
   3.0819253e-02   3.4831752e-02
   2.6776638e-02   3.6098500e-02
   2.6726175e-02   3.5527295e-02
   2.8007952e-02   4.0069230e-02
   1.5282129e-02   4.4126722e-02
   1.6531448e-02   4.1036896e-02
   1.2698989e-02   4.3497910e-02
   1.0157485e-02   4.4498631e-02
   1.2674316e-02   4.3412795e-02
   7.5866836e-03   3.9804196e-02
   8.8497747e-03   4.0799049e-02
   1.0110190e-02   3.6782508e-02
   8.9035086e-03   3.2499235e-02
   3.8103311e-03   2.7945085e-02
   7.6314875e-03   2.3476578e-02
   1.1449670e-02   2.0978617e-02
   6.3616682e-03   1.9480667e-02
   2.5505584e-03   1.4013712e-02
   2.5482543e-03   1.2499976e-02
  -3.8418872e-03   8.0393738e-03
   7.7075099e-03   0.0000000e+00
   7.7303654e-03   2.0217680e-03
   1.6781331e-02  -6.0769514e-03
   2.6920865e-02  -6.5370598e-03
   2.4286368e-02  -4.0110995e-03
   2.3005247e-02  -9.0251352e-03
   3.1909583e-02  -1.6026602e-02
   3.3224149e-02  -1.3034089e-02
   3.6066768e-02  -2.5287865e-02
   2.7089039e-02  -3.0410870e-02
   2.9703508e-02  -2.8917801e-02
   3.6031604e-02  -3.3885739e-02
   3.6029222e-02  -3.4391496e-02
   4.1263182e-02  -3.3442330e-02
   4.5097143e-02  -4.5136816e-02
   3.6214962e-02  -4.0193891e-02
   3.3700243e-02  -3.9256733e-02
   4.1196601e-02  -5.4832714e-02
   4.3574130e-02  -6.1752299e-02
   3.9459015e-02  -6.1332291e-02
   5.0760898e-02  -6.5706971e-02
   4.5867961e-02  -6.1382771e-02
   4.7011004e-02  -6.4774711e-02
   4.1829160e-02  -7.0238551e-02
   3.5481796e-02  -7.4838524e-02
   4.2055165e-02  -7.5777124e-02
   4.7006088e-02  -7.9649942e-02
   5.2141710e-02  -7.6109547e-02
   5.2103454e-02  -7.8629731e-02
   4.3284892e-02  -7.9310783e-02
   4.8594327e-02  -7.7586350e-02
   4.6070558e-02  -7.1435388e-02
   5.5019205e-02  -6.8309152e-02
   5.6346285e-02  -6.8880470e-02
   6.2749272e-02  -6.8864682e-02
   6.7733481e-02  -6.1015061e-02
   6.7775545e-02  -6.2589630e-02
   6.9141592e-02  -5.7034336e-02
   7.6984910e-02  -4.6419488e-02
   8.0995313e-02  -4.0397366e-02
   7.7178825e-02  -3.6869266e-02
   7.0384619e-02  -3.8206314e-02
   6.4134821e-02  -3.5772303e-02
   6.6878887e-02  -3.0286863e-02
   6.0663668e-02  -2.4813888e-02
   5.6521684e-02  -2.2678829e-02
   3.4746958e-02  -9.0858629e-03
   3.0981270e-02  -5.5694214e-03
   3.4855578e-02  -2.5313643e-03
   3.6146098e-02  -3.5438140e-03
   3.7252073e-02  -3.5262205e-03
   3.0860474e-02   1.0086179e-03
   3.8458845e-02   6.0328632e-03
   2.8168797e-02   1.2558627e-02
   2.1802624e-02   1.8121831e-02
   2.4327007e-02   2.6149256e-02
   2.1797077e-02   3.1240652e-02
   1.6672246e-02   2.9226838e-02
   2.4331433e-02   3.3222192e-02
   1.2861274e-02   3.7944561e-02
   1.0293373e-02   3.4909615e-02
   5.1667862e-03   4.2203054e-02
   0.0000000e+00   4.7749004e-02
   6.4307913e-03   4.9681295e-02
  -3.8577272e-03   5.0695600e-02
  -5.1264579e-03   5.2566485e-02
   2.5613563e-03   5.6104944e-02
   0.0000000e+00   5.3552502e-02
   0.0000000e+00   5.5053974e-02
   1.2770630e-03   5.5434756e-02
   0.0000000e+00   5.4480712e-02
  -2.5467490e-03   5.0196753e-02
  -6.3712203e-03   5.1753067e-02
  -3.8372372e-03   4.7371333e-02
   0.0000000e+00   4.6317868e-02
   1.2794228e-03   4.5859661e-02
  -1.5313485e-02   2.9584961e-02
  -2.0366714e-02   2.5496863e-02
  -5.0715901e-03   2.5898240e-02
   5.0570595e-03   2.5326001e-02
   8.8347141e-03   2.2798306e-02
   7.5620528e-03   1.5334367e-02
   3.7965164e-03   1.1421568e-02
   1.2694126e-03   6.9726529e-03
  -3.8234394e-03  -3.4999849e-03
   0.0000000e+00  -7.5369458e-03
   1.7961396e-02  -1.2081768e-02
   1.5426615e-02  -1.1097141e-02
   1.5450468e-02  -1.8700362e-02
   1.1560740e-02  -2.3203828e-02
   2.4108578e-02  -1.6432718e-02
   2.7801012e-02  -1.9343820e-02
   2.6612865e-02  -2.0395720e-02
   3.2971609e-02  -2.3898548e-02
   2.8062895e-02  -3.3089604e-02
   3.9597955e-02  -4.9315512e-02
   3.9946657e-02  -4.4635487e-02
   4.7625513e-02  -5.0711913e-02
   4.2712117e-02  -5.3064150e-02
   3.8940971e-02  -4.8573802e-02
   4.4192112e-02  -5.6918423e-02
   4.1844881e-02  -6.1457070e-02
   4.4366219e-02  -6.1844153e-02
   5.5718320e-02  -6.9713472e-02
   5.5659790e-02  -6.1838200e-02
   4.8669951e-02  -6.0165596e-02
   5.8644082e-02  -6.7022649e-02
   5.8367719e-02  -6.6192034e-02
   6.3116851e-02  -7.4483500e-02
   6.0658961e-02  -7.4063099e-02
   6.8429179e-02  -7.4761266e-02
   7.3352967e-02  -7.8179801e-02
   6.3439396e-02  -7.3845191e-02
   6.5847387e-02  -7.7277962e-02
   6.0714840e-02  -7.7718433e-02
   7.0535417e-02  -7.5312855e-02
   6.6611506e-02  -7.2617642e-02
   7.1785982e-02  -7.2245844e-02
   7.0875594e-02  -6.0409025e-02
   6.5955740e-02  -6.7677166e-02
   7.0058725e-02  -6.6423714e-02
   6.4054084e-02  -5.9123737e-02
   6.5027507e-02  -6.2410917e-02
   6.2488079e-02  -5.7326853e-02
   6.6702584e-02  -5.3054451e-02
   6.8059051e-02  -5.2598500e-02
   6.5878410e-02  -4.7782458e-02
   5.6970162e-02  -3.9701924e-02
   6.1072402e-02  -3.5731941e-02
   5.6592486e-02  -3.0488263e-02
   7.1078085e-02  -2.9438643e-02
   7.5080766e-02  -2.2204308e-02
   7.5604978e-02  -1.2256109e-02
   5.4220430e-02   5.0601489e-04
   5.7635468e-02   0.0000000e+00
   6.2141344e-02   6.4609143e-03
   6.0871531e-02   7.4552445e-03
   5.3151230e-02   1.1412077e-02
   6.3850564e-02  -1.0007583e-03
   5.7742930e-02   7.5443860e-03
   5.6460551e-02   7.0417317e-03
   4.3656711e-02   1.5110052e-02
   3.7378268e-02   1.7701009e-02
   2.4459498e-02   2.0719815e-02
   1.5425891e-02   2.5750658e-02
   1.2868430e-02   3.3897142e-02
   6.4433890e-03   3.0386914e-02
   3.8686726e-03   3.2952140e-02
   3.8753211e-03   3.5049644e-02
  -2.5835474e-03   3.5049731e-02
  -1.2880780e-03   4.1063598e-02
  -2.5758222e-03   4.7701398e-02
  -2.5612296e-03   5.1504850e-02
  -5.1159053e-03   5.2966944e-02
  -6.3998298e-03   5.4029041e-02
  -1.2759406e-03   5.9466374e-02
   0.0000000e+00   6.3498024e-02
  -8.9108135e-03   6.9039850e-02
  -1.0251421e-02   6.6409431e-02
   0.0000000e+00   6.9636542e-02
  -2.0158598e-02   7.0852374e-02
  -2.2720695e-02   5.9316332e-02
  -1.7644541e-02   6.1752041e-02
  -1.8855098e-02   6.4612978e-02
  -1.2625418e-02   5.8325659e-02
  -8.8854817e-03   5.6108693e-02
  -1.6485138e-02   6.0613918e-02
  -1.6524587e-02   5.4154868e-02
  -2.2902466e-02   5.4204092e-02
  -1.9055503e-02   4.7041027e-02
  -1.1405936e-02   4.3912192e-02
  -1.2674316e-03   4.3414852e-02
  -2.5315484e-03   4.5366482e-02
   5.0476564e-03   3.3239048e-02
   6.3484070e-03   3.0938964e-02
   7.6102161e-03   3.1407084e-02
   0.0000000e+00   2.7079646e-02
   0.0000000e+00   2.4669299e-02
   3.8427002e-03   2.1627124e-02
   9.0140109e-03   1.6679480e-02
   9.0064407e-03   1.4138274e-02
   1.6698227e-02   6.5508429e-03
   2.3168135e-02   2.0194813e-03
   2.4475789e-02   9.0965043e-03
   3.2273938e-02   1.5188964e-03
   2.9840260e-02  -1.0176960e-03
   2.9719189e-02  -6.5887355e-03
   2.9744751e-02  -1.0653927e-02
   3.7539952e-02  -1.1678396e-02
   3.1040843e-02  -8.1170888e-03
   4.3963040e-02  -1.4200831e-02
   4.5351986e-02  -1.1687801e-02
   5.6720916e-02  -1.5164131e-02
   5.8460115e-02  -2.9579615e-02
   3.4840499e-02  -2.7365891e-02
   4.2394078e-02  -3.8898924e-02
   4.2460162e-02  -3.4892021e-02
   6.7073527e-02  -4.4641360e-02
   4.0036625e-02  -3.6556284e-02
   3.2104266e-02  -4.1434261e-02
   4.3858941e-02  -4.9801903e-02
   2.8420761e-02  -4.7323924e-02
   2.3119640e-02  -6.5009473e-02
   1.4172107e-02  -6.4701388e-02
   2.3073411e-02  -7.6258907e-02
   1.1520766e-02  -7.0464377e-02
   2.4233570e-02  -7.6385241e-02
   2.9217726e-02  -7.6581015e-02
   2.7928169e-02  -8.2206058e-02
   2.4182123e-02  -8.6588362e-02
   1.6556180e-02  -8.7696455e-02
   2.1448003e-02  -1.0037157e-01
   2.6373919e-02  -1.0459296e-01
   3.6444569e-02  -1.1042936e-01
   4.5253567e-02  -1.0727404e-01
   4.1492389e-02  -1.0154387e-01
   4.0233388e-02  -1.0678457e-01
   4.3887118e-02  -1.0857439e-01
   5.1203013e-02  -1.1597439e-01
   5.2261942e-02  -1.1290433e-01
   5.2413692e-02  -1.1062298e-01
   4.8838174e-02  -1.1419970e-01
   4.2791345e-02  -1.1164129e-01
   5.0085161e-02  -1.1207260e-01
   5.3824448e-02  -1.1518749e-01
   5.7543802e-02  -1.1193437e-01
   6.6017220e-02  -1.1035113e-01
   6.1198730e-02  -1.0858745e-01
   6.1341121e-02  -1.0518771e-01
   6.8129144e-02  -1.0286299e-01
   6.4576557e-02  -9.8534677e-02
   5.8776644e-02  -9.2629518e-02
   5.7818859e-02  -9.1051694e-02
   4.7750574e-02  -8.9907242e-02
   6.0737567e-02  -8.2596355e-02
   6.3472919e-02  -7.8050003e-02
   5.9766898e-02  -8.1470450e-02
   5.5923885e-02  -7.4701924e-02
   4.3210503e-02  -6.8376194e-02
   4.4360833e-02  -6.2359521e-02
   4.9685895e-02  -5.2559802e-02
   5.8771327e-02  -4.2113949e-02
   5.3568705e-02  -3.9552925e-02
   4.5664759e-02  -3.5380488e-02
   4.4324706e-02  -3.3809413e-02
   3.3925314e-02  -2.6131784e-02
   3.2606799e-02  -1.9451705e-02
   3.0179796e-02  -1.9570477e-02
   1.3111649e-02  -1.5952770e-02
   1.5703275e-02  -1.4893172e-02
   9.1631037e-03  -7.7037361e-03
   6.5454192e-03  -5.6494752e-03
   2.6075664e-03  -7.1614700e-03
   1.2999682e-03  -3.5699982e-03
  -6.4999480e-03   2.0399745e-03
   0.0000000e+00   5.0898204e-04
  -1.0398669e-02   8.1597389e-03
  -1.0357081e-02   8.6351840e-03
  -6.4712153e-03   1.5238855e-02
  -7.7504777e-03   1.4194579e-02
  -1.5483743e-02   1.6205404e-02
  -2.5795758e-02   2.1773263e-02
  -2.7110068e-02   2.2808152e-02
  -2.0509091e-02   2.4666223e-02
  -2.4321912e-02   2.8160737e-02
  -1.6637566e-02   3.0175035e-02
  -1.0200624e-02   3.6105078e-02
  -1.6586293e-02   3.8648411e-02
  -2.0396921e-02   3.7605966e-02
  -2.2896939e-02   4.5081362e-02
  -1.9082418e-02   4.4582587e-02
  -1.6564608e-02   4.6679250e-02
  -1.4062915e-02   5.4981909e-02
  -1.6569185e-02   5.9906222e-02
  -1.4017452e-02   4.6178396e-02
  -2.0430278e-02   6.0526545e-02
  -2.1804650e-02   5.8234006e-02
  -2.2970493e-02   6.3046388e-02
  -1.2781607e-02   6.4694543e-02
  -7.6378840e-03   7.6246179e-02
  -1.0174835e-02   7.9274741e-02
  -1.2645190e-02   7.8805238e-02
  -2.3038717e-02   8.1342834e-02
   2.9352218e-02   7.4355646e-02
   0.0000000e+00   1.0412289e-01
  -1.8862612e-02   9.0167030e-02
  -2.8948036e-02   9.3342227e-02
  -1.5086321e-02   9.3769284e-02
  -6.2711258e-03   1.0551596e-01
  -1.1354515e-02   9.7762932e-02
  -2.0189941e-02   1.0512058e-01
  -1.8953651e-02   1.0158441e-01
  -2.2718404e-02   1.0198381e-01
  -2.5174683e-02   1.0641835e-01
  -2.5266391e-02   1.0471153e-01
  -2.0236211e-02   9.9055931e-02
  -1.8974959e-02   9.8552044e-02
  -1.7697173e-02   9.2214497e-02
  -1.2733837e-02   9.3969443e-02
  -2.7740528e-02   1.0187499e-01
  -1.0076573e-02   8.5164364e-02
  -3.0141622e-02   9.9362046e-02
  -2.0141266e-02   9.2852660e-02
  -1.8892192e-02   9.1348313e-02
  -2.9016274e-02   8.6316468e-02
  -2.7811105e-02   7.9794288e-02
  -2.9186195e-02   7.3413070e-02
  -2.1521803e-02   7.1199493e-02
  -1.5133475e-02   7.0925562e-02
  -1.7679730e-02   6.9493454e-02
  -1.8815129e-02   5.6935710e-02
  -2.3844987e-02   5.4456755e-02
  -1.5042443e-02   5.5398769e-02
  -6.3149639e-03   4.6770175e-02
  -7.6039574e-03   4.3913138e-02
  -7.6156407e-03   4.0459634e-02
  -5.0848481e-03   2.8971374e-02
  -1.0201767e-02   2.7052210e-02
  -3.8193028e-03   2.3999896e-02
  -5.1212144e-03   2.6656597e-02
  -3.8505961e-03   2.0661965e-02
  -7.7099720e-03   1.8664360e-02
   0.0000000e+00   1.5193644e-02
   5.1628349e-03   1.0129016e-02
   7.7602106e-03   8.1192583e-03
   6.5054506e-03   9.1890741e-03
   9.0727636e-03   1.0169244e-03
   0.0000000e+00   2.5525526e-03
   2.5999792e-03   2.0399959e-03
   5.2259617e-03  -4.1004694e-03
   1.3077174e-03  -7.1830950e-03
   1.0471593e-02  -9.2444130e-03
   1.7044034e-02  -1.6981385e-02
   2.3574867e-02  -1.7476962e-02
   2.7556519e-02  -1.9056319e-02
   2.4947751e-02  -2.3716554e-02
   1.9623099e-02  -1.9514390e-02
   2.0906001e-02  -2.2059517e-02
   2.9920458e-02  -3.4775101e-02
   2.9894619e-02  -3.3718502e-02
   3.2399297e-02  -3.3106560e-02
   3.3607560e-02  -3.7614483e-02
   2.0680052e-02  -3.8130742e-02
   3.0967502e-02  -4.2657137e-02
   2.9666407e-02  -5.0325753e-02
   3.3545351e-02  -5.3933942e-02
   3.4736304e-02  -5.3264363e-02
   3.2213337e-02  -6.4175792e-02
   3.2126421e-02  -6.2968530e-02
   3.4845821e-02  -6.5831816e-02
   2.9822606e-02  -6.7195294e-02
   2.8554207e-02  -6.7264460e-02
   2.5948091e-02  -6.8807797e-02
   6.7607809e-02  -8.2560270e-02
   1.2950648e-03  -7.1830950e-02
   4.3553880e-02  -8.5035877e-02
   1.5487993e-02  -7.6801655e-02
   1.9159524e-02  -9.3735730e-02
   2.4259633e-02  -8.8967090e-02
   4.1929795e-02  -1.0265632e-01
   3.5647561e-02  -8.8683350e-02
   4.4157778e-02  -1.0294811e-01
   4.0446685e-02  -9.5293524e-02
   5.1570547e-02  -1.0050959e-01
   4.5341153e-02  -1.0485936e-01
   4.6444845e-02  -1.1079554e-01
   4.8885918e-02  -1.0694571e-01
   5.9139218e-02  -1.1686384e-01
   5.2854497e-02  -1.1424611e-01
   6.0322525e-02  -1.1511263e-01
   5.5260104e-02  -1.1664831e-01
   6.8125166e-02  -1.1767852e-01
   6.4321477e-02  -1.1605961e-01
   6.3051192e-02  -1.1871742e-01
   6.4401326e-02  -1.1781390e-01
   6.9482706e-02  -1.1677372e-01
   7.6860826e-02  -1.1588060e-01
   8.4524873e-02  -1.0803542e-01
   7.9737764e-02  -1.0737133e-01
   7.4718832e-02  -1.1330674e-01
   7.1245975e-02  -1.0693246e-01
   7.4171330e-02  -1.0910014e-01
   7.2955655e-02  -1.0173113e-01
   7.5821837e-02  -9.8949363e-02
   7.4678799e-02  -9.6488445e-02
   7.4623186e-02  -9.8541390e-02
   7.3164143e-02  -9.6715804e-02
   7.7118484e-02  -8.9957403e-02
   7.2026272e-02  -8.7933410e-02
   6.8213141e-02  -8.5902561e-02
   7.7334044e-02  -8.1268336e-02
   6.5611252e-02  -7.7496677e-02
   6.7078216e-02  -7.5093518e-02
   6.8580270e-02  -7.1145372e-02
   5.8153133e-02  -6.8475923e-02
   5.5645255e-02  -6.7015888e-02
   4.6546799e-02  -6.6456189e-02
   3.8765538e-02  -6.4870497e-02
   3.7515038e-02  -6.4426111e-02
   4.2591372e-02  -5.7031954e-02
   4.0001167e-02  -5.8054085e-02
   2.9606906e-02  -5.5354003e-02
   1.0332919e-02  -5.3494795e-02
   1.1640777e-02  -5.1507914e-02
   7.7749081e-03  -4.6966120e-02
   7.7622700e-03  -4.4834359e-02
   1.0335766e-02  -4.6824855e-02
  -1.5382454e-02   5.1552350e-02
  -8.9588282e-03   5.4533344e-02
  -1.7938001e-02   6.2794329e-02
  -2.9534426e-02   6.1894241e-02
  -2.5600262e-02   6.6838854e-02
  -2.5605141e-02   6.9946417e-02
  -1.4031778e-02   6.8669195e-02
  -6.3500185e-03   7.0413345e-02
  -1.6546345e-02   7.6746118e-02
  -1.7813917e-02   7.7754907e-02
  -2.6900469e-02   8.1928117e-02
  -2.0408150e-02   9.2022191e-02
  -5.0691171e-03   9.3507689e-02
  -1.5125364e-02   1.0027951e-01
  -8.8080099e-03   9.9583426e-02
  -2.5237664e-02   9.9861767e-02
  -2.5402244e-02   1.0106561e-01
  -2.5285979e-02   1.0268812e-01
  -2.8006273e-02   1.0554446e-01
  -2.2788267e-02   1.1184640e-01
  -3.0243905e-02   1.1341367e-01
  -4.5375388e-02   1.1286732e-01
  -3.9110273e-02   1.1299805e-01
  -3.7772809e-02   1.1542049e-01
  -2.1407002e-02   1.1281134e-01
  -3.4055383e-02   1.0874076e-01
  -3.3999882e-02   1.0276975e-01
  -3.7748472e-02   1.0477611e-01
  -4.4165496e-02   1.0507060e-01
  -4.2904028e-02   9.9824872e-02
  -4.8243545e-02   9.6760021e-02
  -4.1976255e-02   9.6969546e-02
  -3.3029917e-02   9.2144068e-02
  -4.0552936e-02   9.3461434e-02
  -4.6823991e-02   9.1748667e-02
  -5.4675163e-02   8.3323775e-02
  -4.7159288e-02   8.1990354e-02
  -3.5598618e-02   7.7151426e-02
  -3.1847199e-02   7.3700198e-02
  -3.5629062e-02   7.0526370e-02
  -3.4409648e-02   6.4482983e-02
  -3.9420693e-02   6.1271922e-02
  -3.0503766e-02   5.4645553e-02
  -2.6673082e-02   5.3092830e-02
  -2.2824218e-02   4.6447239e-02
  -2.1648987e-02   3.8069348e-02
  -2.1690311e-02   3.1087103e-02
  -2.4312095e-02   3.1680829e-02
  -1.5386172e-02   3.1242863e-02
  -1.4102262e-02   3.2251059e-02
  -1.7971402e-02   2.9759758e-02
  -6.4751507e-03   2.0847199e-02
   1.2868878e-03   2.4767084e-02
   0.0000000e+00   1.9634748e-02
   2.7133249e-02  -2.4352893e-02
   3.4708255e-02  -2.5743278e-02
   2.8375334e-02  -2.1772362e-02
   2.7102372e-02  -2.5849239e-02
   2.3263874e-02  -3.0981077e-02
   2.3227308e-02  -3.5516692e-02
   9.0771498e-03  -3.6209113e-02
   1.5531117e-02  -4.2284674e-02
   1.6809722e-02  -3.5081799e-02
   1.5481158e-02  -4.3682139e-02
   9.0170239e-03  -4.6685435e-02
   1.1544582e-02  -4.8015929e-02
   1.6685063e-02  -5.5198975e-02
   1.4095074e-02  -5.8181060e-02
   1.7996055e-02  -5.7337721e-02
   2.3084681e-02  -5.8739375e-02
   7.7067085e-03  -5.6271365e-02
   1.5403135e-02  -5.9309896e-02
   2.5494852e-02  -6.3485627e-02
   1.9214033e-02  -5.9695772e-02
   2.4264373e-02  -6.4117369e-02
   1.4030286e-02  -7.2780611e-02
   2.0373552e-02  -7.5228185e-02
   2.1629019e-02  -7.4648201e-02
   1.9032372e-02  -8.0623555e-02
   1.8959258e-02  -8.0306209e-02
   1.3821736e-02  -8.9582612e-02
   1.5068919e-02  -8.8493876e-02
   2.2647025e-02  -8.5570557e-02
   2.1296479e-02  -8.9811451e-02
   2.5115580e-02  -9.4166504e-02
   3.0090091e-02  -9.8666101e-02
   2.7519382e-02  -9.6882507e-02
   3.1320664e-02  -1.0066709e-01
   2.5094222e-02  -9.9272841e-02
   2.2588956e-02  -9.8775091e-02
   2.4020817e-02  -9.7438206e-02
   2.7792085e-02  -9.6831676e-02
   3.0295189e-02  -9.6227884e-02
   3.0311440e-02  -9.4716451e-02
   3.2800233e-02  -9.5121685e-02
   3.4002929e-02  -9.4429650e-02
   3.5384511e-02  -9.5808960e-02
   3.2860477e-02  -9.2696685e-02
   2.7941828e-02  -8.6916904e-02
   3.9435487e-02  -8.8081411e-02
   3.3284068e-02  -8.7093503e-02
   2.8217673e-02  -8.0989433e-02
   3.2053885e-02  -7.8867672e-02
   3.4878320e-02  -7.3707862e-02
   2.9677540e-02  -7.0502322e-02
   2.2012334e-02  -6.8673395e-02
   2.0758473e-02  -6.8812820e-02
   2.0766696e-02  -6.7272235e-02
   2.5910762e-02  -6.2457289e-02
   3.1129106e-02  -5.7332755e-02
   3.5039347e-02  -5.4769036e-02
   1.6864537e-02  -5.1660604e-02
   2.0801810e-02  -5.0737159e-02
   1.5658610e-02  -4.7294927e-02
   1.9603416e-02  -4.4253256e-02
   2.3434509e-02  -3.6349486e-02
   1.5658634e-02  -3.4373753e-02
   0.0000000e+00  -2.9099099e-02
  -2.6011187e-03  -2.8617177e-02
  -2.3146363e-02   2.2214294e-02
  -2.0594897e-02   2.2237046e-02
  -1.4107580e-02   1.8123315e-02
  -1.5355037e-02   2.2106829e-02
  -1.4102578e-02   2.2654143e-02
  -1.4098629e-02   2.5674696e-02
  -1.4115268e-02   3.2787377e-02
  -3.8545793e-03   3.7908653e-02
   0.0000000e+00   4.9990099e-02
   0.0000000e+00   4.8835143e-02
  -3.8354461e-03   4.9891085e-02
  -2.5494154e-03   5.4822379e-02
  -7.7107932e-03   5.3736619e-02
   0.0000000e+00   5.2828685e-02
   5.1137328e-03   5.9583691e-02
   6.4094679e-03   6.0773829e-02
   7.6689641e-03   6.4696577e-02
   3.8259094e-03   7.3290063e-02
   0.0000000e+00   7.2279485e-02
  -2.5491642e-03   7.5312042e-02
   1.2677016e-03   7.6952625e-02
   8.8588279e-03   7.9387275e-02
   5.0566578e-03   8.9110855e-02
  -1.2635248e-03   9.0621871e-02
  -1.2594794e-03   9.1358223e-02
  -1.2659476e-03   9.0801143e-02
  -1.1421616e-02   8.6343107e-02
  -1.2635827e-02   8.7510537e-02
  -1.7631148e-02   9.4454070e-02
  -1.5111165e-02   9.1853830e-02
  -1.2557790e-02   9.4180132e-02
  -8.7805693e-03   9.4590506e-02
  -1.2531781e-02   9.4495459e-02
  -1.9973417e-02   9.1540068e-02
  -2.1313130e-02   9.0398831e-02
  -2.3806657e-02   8.6231463e-02
  -2.7701684e-02   8.6148844e-02
  -2.3909012e-02   8.5068629e-02
  -2.5266092e-02   7.8716344e-02
  -2.7815274e-02   7.9292437e-02
  -2.8925581e-02   7.7328757e-02
  -2.7702438e-02   7.6407338e-02
  -2.1524794e-02   7.4280941e-02
  -1.6405942e-02   7.1994153e-02
  -1.3883829e-02   7.1495843e-02
  -1.3899062e-02   7.1065536e-02
  -1.8957170e-02   6.6492810e-02
  -2.4210916e-02   6.0907353e-02
  -2.0335747e-02   5.9224940e-02
  -1.6585334e-02   5.9965408e-02
  -1.4005171e-02   5.5770124e-02
  -1.5253465e-02   5.4155522e-02
  -1.0243596e-02   4.6912478e-02
  -1.2823800e-02   4.3928540e-02
  -6.4242988e-03   3.7908355e-02
  -2.5786089e-03   3.4473093e-02
   0.0000000e+00   3.2509960e-02
   3.8756100e-03   2.5880482e-02
   2.5837400e-03   2.5880546e-02
   1.2927032e-03   1.8268648e-02
   2.5909050e-03   1.6271154e-02
   9.0575965e-03   1.8794364e-02
   1.2970016e-02   1.2723917e-02
   1.5581306e-02   1.0189078e-02
   1.9419845e-02   8.1265831e-03
   1.1639711e-02   9.6414045e-03
   2.8428468e-02  -4.5797346e-02
   3.3539190e-02  -4.9813775e-02
   3.2174480e-02  -5.6366990e-02
   3.5963885e-02  -6.4994650e-02
   4.2402485e-02  -7.1218871e-02
   3.5877378e-02  -7.0509953e-02
   3.0820501e-02  -6.9641083e-02
   2.9466710e-02  -7.1026179e-02
   3.5937758e-02  -7.1666995e-02
   4.2396252e-02  -7.5363653e-02
   4.4682613e-02  -8.3173458e-02
   4.4639498e-02  -8.6216389e-02
   4.7272117e-02  -9.0028463e-02
   4.9447580e-02  -9.7672556e-02
   4.2089885e-02  -9.7769063e-02
   4.3136427e-02  -9.3042325e-02
   5.1704946e-02  -9.6081256e-02
   5.2998595e-02  -1.0504283e-01
   6.0505921e-02  -1.1017278e-01
   5.6815828e-02  -1.0614428e-01
   5.8122113e-02  -1.0675065e-01
   5.3089084e-02  -1.0575711e-01
   5.9370075e-02  -1.0989008e-01
   6.3103584e-02  -1.0713019e-01
   6.8297600e-02  -1.0418001e-01
   7.0922295e-02  -1.0325962e-01
   6.3489885e-02  -9.6203317e-02
   6.9858804e-02  -9.2543302e-02
   6.7531626e-02  -8.6063547e-02
   6.1189587e-02  -8.7691084e-02
   6.6138799e-02  -8.8511662e-02
   5.8637118e-02  -9.0831010e-02
   5.9846994e-02  -8.8114623e-02
   5.7719569e-02  -8.4064927e-02
   5.0400279e-02  -7.5801091e-02
   6.0714113e-02  -7.3652981e-02
   5.4251094e-02  -6.6374115e-02
   5.0494777e-02  -6.4980324e-02
   4.6622219e-02  -6.3964255e-02
   4.1418714e-02  -5.7715830e-02
   4.4143334e-02  -5.7373549e-02
   4.4240964e-02  -5.6462381e-02
   4.5631035e-02  -5.1893114e-02
   4.1824024e-02  -4.9428731e-02
   3.3954556e-02  -4.8358738e-02
   2.2165262e-02  -4.0014269e-02
   2.8543966e-02  -3.9299781e-02
   3.3832071e-02  -3.2727088e-02
   2.8531464e-02  -2.6996478e-02
   2.2054647e-02  -2.3433184e-02
   2.5923122e-02  -2.2390750e-02
   2.8499956e-02  -1.6267274e-02
   3.3581425e-02  -1.6217249e-02
   1.6827862e-02  -1.2190213e-02
   1.2931637e-02  -1.2178502e-02
   1.2973270e-03  -5.5987996e-03
   0.0000000e+00  -1.5300000e-03
   0.0000000e+00   0.0000000e+00
  -6.4804778e-03   2.5423413e-03
