  -3.5862069e-02   0.0000000e+00
   2.9574548e-02   1.5129616e-03
   3.9821435e-02   3.0222978e-03
   4.6107569e-02   3.0128839e-03
   5.1281154e-02   3.0154062e-03
   4.7388588e-02   2.5106477e-03
   4.7575516e-02   3.5287949e-03
   5.0098423e-02   2.0143151e-03
   5.2615761e-02   1.5091297e-03
   5.9032116e-02   2.0117473e-03
   6.0314013e-02   4.0233126e-03
   6.5448013e-02   3.0169095e-03
   6.8216618e-02   3.0255402e-03
   7.2079067e-02   1.0083522e-03
   7.4503601e-02   4.0250155e-03
   7.1863504e-02   4.0215005e-03
   6.9365930e-02   3.5226566e-03
   7.8281719e-02   2.0101791e-03
   8.1007476e-02   3.0208468e-03
   8.3495415e-02   4.0233302e-03
   8.7436640e-02   3.0198831e-03
   9.0096184e-02   4.0299368e-03
   9.2575081e-02   6.0381197e-03
   9.6434452e-02   5.0306868e-03
   9.9108134e-02   2.0139577e-03
   9.5153267e-02   5.0310515e-04
   9.5247105e-02   1.5108018e-03
   1.0019587e-01   3.0147739e-03
   1.0800659e-01   5.0271882e-03
   1.0928228e-01   8.5455183e-03
   1.0928725e-01   7.0374856e-03
   1.1337869e-01   2.0141580e-03
   1.0425615e-01   2.5166722e-03
   1.0178075e-01   4.0312702e-03
   1.0951303e-01   2.5183346e-03
   1.2191219e-01   3.5087897e-03
   1.2729746e-01   3.0122984e-03
   1.2085712e-01   7.5342696e-03
   1.2625860e-01   4.5277525e-03
   1.2368463e-01   3.0190716e-03
   1.2497301e-01   3.0187881e-03
   1.2613466e-01   4.0207212e-03
   1.3089194e-01   5.0092214e-03
   1.3399083e-01   3.5195105e-03
   1.3629529e-01   4.5153092e-03
   1.4143720e-01   5.0149141e-03
   1.4472296e-01   5.5422986e-03
   1.4285756e-01   7.0269975e-03
   1.4143415e-01   6.0178969e-03
   1.5687246e-01   2.5040890e-03
   1.5733848e-01   3.0137210e-03
   1.6972464e-01   5.0020558e-03
   1.7168965e-01   5.0209450e-03
   1.7167365e-01   8.5356065e-03
   1.7760148e-01   8.0048333e-03
   1.8053557e-01   7.5171289e-03
   1.9029322e-01   5.9895745e-03
   1.8275938e-01   6.0003922e-03
   1.7556399e-01   4.5170843e-03
   1.7298490e-01   3.5142068e-03
   1.7263593e-01   5.5115687e-03
   1.7597577e-01   5.9927668e-03
   1.8789096e-01   8.9956088e-03
   1.8752597e-01   7.9806166e-03
   1.7814028e-01   6.0211814e-03
   1.6087776e-01   6.5146532e-03
   1.5862463e-01   4.5200445e-03
   1.6233608e-01   3.0093326e-03
   1.5346308e-01   5.5270936e-03
   1.6329216e-01   6.0062092e-03
   1.6909209e-01   8.5377914e-03
   1.6231312e-01   9.0279978e-03
   1.6152116e-01   5.5339843e-03
   1.5831683e-01   0.0000000e+00
   1.5301315e-01   3.5069473e-03
   1.4858714e-01   8.5625255e-03
   1.5073265e-01   6.0250405e-03
   1.4844431e-01   7.5477636e-03
   1.4271992e-01   6.0172541e-03
   1.5460663e-01   2.5095690e-03
   1.6878097e-01   0.0000000e+00
   1.6748961e-01   3.0078435e-03
   1.6893436e-01   6.5225299e-03
   1.6214643e-01   1.0021329e-02
   1.6488653e-01   9.5272130e-03
   1.7503715e-01   6.0052086e-03
   1.7504736e-01   2.5021703e-03
   1.7040581e-01   2.0086360e-03
   1.6249608e-01   3.5143175e-03
   1.5861339e-01   7.5334074e-03
   1.5907605e-01   9.5703809e-03
   1.6069729e-01   1.0513418e-02
   1.6183993e-01   7.5013700e-03
   1.5233299e-01   1.5090394e-03
   1.4930664e-01   1.0033054e-03
   1.4300944e-01   3.5169393e-03
   1.4687225e-01   4.5202987e-03
   1.5299766e-01   8.0158795e-03
   1.6215787e-01   8.0170633e-03
   1.6618817e-01   7.0191798e-03
   1.7169735e-01   1.5062835e-03
   1.7668225e-01   3.5094017e-03
   1.7778269e-01   7.0110435e-03
   1.8420917e-01   9.5085491e-03
   1.8638744e-01   1.2982878e-02
   1.8127363e-01   9.4926944e-03
   1.8129845e-01   4.4965395e-03
   1.7074593e-01   1.0062828e-03
   1.6844304e-01   3.5018820e-03
   1.6831033e-01   7.0526783e-03
   1.7409035e-01   7.0206490e-03
   1.8145945e-01   8.5017121e-03
   1.7760905e-01   6.5039270e-03
   1.7168965e-01   5.0209450e-03
   1.6345565e-01   5.5110581e-03
   1.5459364e-01   7.0267933e-03
   1.5975430e-01   5.0167675e-03
   1.5299766e-01   8.0158795e-03
   1.4816184e-01   4.0175972e-03
   1.4185810e-01   5.0296641e-03
   1.3656979e-01   2.0107385e-03
   1.3643023e-01   4.5197311e-03
   1.3127066e-01   8.0383205e-03
   1.4014839e-01   6.0185342e-03
   1.4001641e-01   3.5073822e-03
   1.3283495e-01   3.0199890e-03
   1.3643324e-01   3.0131541e-03
   1.2496909e-01   5.0313134e-03
   1.1981007e-01   7.0464453e-03
   1.2728171e-01   8.5348455e-03
   1.2600177e-01   7.0293673e-03
   1.2961096e-01   4.0077696e-03
   1.2884044e-01   0.0000000e+00
   8.9899708e-02   1.1060529e-02
   7.6993611e-02   6.0308915e-03
   7.2007913e-02   0.0000000e+00
   7.7148920e-02  -4.0285201e-03
   7.0792079e-02   0.0000000e+00
   7.3434685e-02   5.5511098e-03
   7.4427991e-02   5.5289508e-03
   8.0926325e-02   4.0238311e-03
   7.6765370e-02   6.5142412e-03
   7.6996612e-02   4.0205943e-03
   7.5788146e-02   4.0247864e-03
   7.0582394e-02   5.0271466e-04
   6.5708106e-02   2.0192260e-03
   7.1793615e-02   3.0131599e-03
   7.7072051e-02   4.5276225e-03
   7.6920047e-02   4.5187235e-03
   7.2006187e-02   3.5257527e-03
   6.3069029e-02   1.5130719e-03
   6.1659808e-02   1.5101600e-03
   6.6666148e-02   2.0091941e-03
   7.8203759e-02   3.0123057e-03
   8.6067026e-02   1.0057035e-03
   7.3002056e-02   4.5150536e-03
   7.4579040e-02   2.0144918e-03
   7.3438724e-02   1.5139390e-03
   6.6930168e-02   2.0171303e-03
   7.8204520e-02   2.0082038e-03
   7.4282109e-02   5.0164471e-03
   7.0580227e-02   4.0217173e-03
   7.0792079e-02   0.0000000e+00
   6.9230231e-02   2.0089876e-03
   6.7946042e-02   4.5204566e-03
   7.1790648e-02   5.5241265e-03
   6.5442911e-02   7.0394555e-03
   6.9228615e-02   4.0179751e-03
   6.6666667e-02   0.0000000e+00
   5.9032318e-02   1.5088104e-03
   5.6521629e-02   1.0069538e-03
   5.4004640e-02   3.5281141e-03
   6.0254975e-02   3.5169342e-03
   5.0046408e-02   5.5339062e-03
   5.0098203e-02   2.5178938e-03
   4.2433048e-02  -1.5125476e-03
   3.3399144e-02  -1.0075727e-03
   3.9861523e-02   0.0000000e+00
   4.3544241e-02   5.5239953e-03
   3.4543965e-02   7.0250789e-03
   3.2017467e-02   6.0277285e-03
   2.8204785e-02   2.5142012e-03
   1.9287494e-02  -3.0263732e-03
   1.5369339e-02  -2.0097118e-03
   1.5399795e-02  -5.0341976e-04
   1.7948500e-02   2.5145532e-03
   2.0532260e-02   4.5305307e-03
   1.6699401e-02   2.5195550e-03
   1.4102537e-02   1.0058580e-03
   1.1538462e-02   0.0000000e+00
   1.1572610e-02  -2.0177242e-03
   1.1515742e-02  -5.0194881e-04
   1.0235978e-02   3.5136706e-03
   8.9742499e-03   2.5147330e-03
   5.1079343e-03   3.5068492e-03
   0.0000000e+00   2.0078740e-03
   2.5691499e-03  -2.0158063e-03
   0.0000000e+00   0.0000000e+00
   2.5641013e-03   5.0295760e-04
  -3.5932803e-02  -1.0065257e-03
  -3.3267459e-02  -2.0072169e-03
  -2.6949444e-02  -2.0133878e-03
  -1.9174041e-02   0.0000000e+00
  -1.5354301e-02   1.0038670e-03
  -2.1773135e-02   2.5119630e-03
  -2.8176670e-02   3.5164155e-03
  -3.6003322e-02   3.0255461e-03
  -2.6922239e-02  -4.0228060e-03
  -2.8205005e-02  -1.5085207e-03
  -2.1815707e-02  -4.0270736e-03
  -2.5690684e-02   4.5346877e-03
  -2.5640913e-02   1.5085823e-03
  -2.5615565e-02   2.0094622e-03
  -2.5540164e-02   1.5026570e-03
  -2.4311024e-02   0.0000000e+00
  -2.8177285e-02  -1.0046901e-03
  -3.4512857e-02  -2.5064915e-03
  -4.3546777e-02  -5.0218139e-04
  -5.2512290e-02   5.0205363e-04
  -5.3846154e-02   0.0000000e+00
  -5.2460605e-02  -5.0156028e-04
  -5.6410256e-02   0.0000000e+00
  -5.6353695e-02  -3.0119496e-03
  -6.4102533e-02  -5.0234824e-04
  -6.6535433e-02   0.0000000e+00
  -7.4358830e-02   1.0042756e-03
  -8.0689499e-02  -1.0029959e-03
  -8.1886551e-02  -4.5087800e-03
  -8.3086066e-02  -3.0027228e-03
  -8.4363172e-02  -4.0033780e-03
  -8.3248646e-02  -4.0114872e-03
  -8.1970443e-02   0.0000000e+00
  -8.4615385e-02   0.0000000e+00
  -8.5981561e-02   2.0094300e-03
  -8.3168929e-02  -1.5028331e-03
  -7.5491980e-02  -1.0022485e-03
  -7.3004040e-02  -2.5083631e-03
  -6.7814829e-02  -1.0025738e-03
  -6.9299112e-02   0.0000000e+00
  -6.6600953e-02  -5.0180495e-04
  -6.4039285e-02   1.0037090e-03
  -6.4165844e-02   0.0000000e+00
  -6.2696364e-02   2.0055430e-03
  -5.1180706e-02  -2.0063197e-03
  -5.1228519e-02  -5.5228066e-03
  -5.0098594e-02  -1.5107363e-03
  -3.7142695e-02   1.5067743e-03
  -2.4407067e-02  -1.0077275e-03
  -2.1859449e-02   1.5131392e-03
  -1.4102393e-02   2.5146449e-03
  -8.9566886e-03   5.0195659e-04
   0.0000000e+00  -5.0295858e-04
   1.2845825e-03   1.0079046e-03
   2.5666325e-03   5.0345410e-04
   1.2820513e-02   0.0000000e+00
   1.9249716e-02  -1.0067998e-03
   1.9173114e-02   5.0142039e-03
   2.4358015e-02   4.5258328e-03
   2.4310918e-02   1.5056423e-03
   2.8177217e-02  -1.5070352e-03
   3.7326659e-02  -1.0094850e-03
   4.3675889e-02   0.0000000e+00
   5.1282051e-02   0.0000000e+00
   5.3896683e-02   5.0302292e-03
   4.6103989e-02   7.0300623e-03
   4.6196167e-02   6.0376496e-03
   4.1105736e-02   3.5259057e-03
   8.3415597e-02   0.0000000e+00
   7.5790366e-02   1.0061966e-03
   7.0721192e-02   2.5185311e-03
   8.1008545e-02   1.5104234e-03
   7.6845463e-02   3.5111121e-03
   8.2130320e-02   3.5171731e-03
   8.4860491e-02   6.0405546e-03
   8.1088473e-02   2.0158841e-03
   7.9644269e-02   0.0000000e+00
   7.5640879e-02   1.0042187e-03
   8.4866469e-02   0.0000000e+00
   8.5030512e-02   5.0437308e-03
   7.3357133e-02   8.0663725e-03
   6.9291515e-02   7.5411193e-03
   8.4698914e-02   0.0000000e+00
   9.5057618e-02  -3.0156639e-03
   9.7918539e-02  -1.0080464e-03
   9.5237022e-02   7.5540092e-03
   1.0038895e-01   6.0414169e-03
   1.0660884e-01   7.5339920e-03
   1.0265090e-01   8.5321711e-03
   1.1432354e-01   4.5181346e-03
   1.4115798e-01  -5.0051285e-03
   1.9029909e-01  -4.4921809e-03
   2.2351080e-01   3.9733182e-03
   2.3777153e-01   1.5382566e-02
   2.4172962e-01   2.2835494e-02
   2.3321047e-01   2.1911461e-02
   2.3139923e-01   1.0926102e-02
   2.2759544e-01   1.4906801e-03
   2.1368017e-01  -1.4859657e-03
   1.9782570e-01   9.9643401e-04
   1.6954403e-01   7.9955132e-03
   1.5314400e-01   9.0266709e-03
   1.4928323e-01   9.0297489e-03
   1.4841485e-01   5.9847412e-03
   1.4886476e-01   0.0000000e+00
   1.3643558e-01   5.0219234e-04
   1.2692302e-01  -5.0057842e-04
   8.8797781e-02   9.0679726e-03
   8.2028309e-02   1.2047034e-02
   8.0760395e-02   7.5298595e-03
   7.5640879e-02   1.0042187e-03
   6.9500829e-02  -5.5465336e-03
   5.9146464e-02  -5.0392969e-03
   5.0297396e-02   1.5167223e-03
   5.1583012e-02   6.5722083e-03
   5.5393526e-02   8.5848738e-03
   6.7946603e-02   4.0181836e-03
   7.4579588e-02   5.0362296e-04
   7.0651312e-02  -2.5160498e-03
   6.5643564e-02   0.0000000e+00
   6.3068194e-02   3.0261438e-03
   6.9423943e-02   9.5709270e-03
   7.5927160e-02   9.5777317e-03
   8.2126518e-02   6.0294396e-03
   8.4781119e-02  -3.0173055e-03
   8.8893614e-02  -6.0512786e-03
   8.6494368e-02  -1.0106751e-03
   9.0362973e-02   5.0523561e-03
   8.9044463e-02   1.3642292e-02
   1.0038344e-01   8.0552225e-03
   9.6334656e-02   7.0360401e-03
   1.0049534e-01  -1.0078948e-03
   8.8808355e-02  -4.5339863e-03
   9.1475586e-02  -2.5210210e-03
   1.3655369e-01   8.0429540e-03
   1.3784600e-01   7.0368567e-03
   1.4458724e-01   1.5100533e-03
   1.4043359e-01   3.0151632e-03
   1.4816534e-01   2.0087986e-03
   1.5541991e-01   7.0054393e-03
   1.5443357e-01   8.5242043e-03
   1.4556110e-01   1.0046214e-02
   1.4658402e-01   3.5089202e-03
   1.4702381e-01   0.0000000e+00
   1.6007913e-01   1.0053165e-03
   1.6765667e-01   2.5089822e-03
   1.7261228e-01   1.0021034e-02
   1.6599275e-01   1.2021157e-02
   1.6891176e-01   1.0536394e-02
   1.6522497e-01   7.5361851e-03
   1.6749125e-01   2.0052290e-03
   1.6540682e-01   1.5087114e-03
   1.6378767e-01   2.5099191e-03
   1.6989566e-01   4.0055401e-03
   1.7280522e-01   6.0184818e-03
   1.7458115e-01   1.1567744e-02
   1.7906569e-01   8.0115513e-03
   1.8478678e-01   3.5133898e-03
   1.8442424e-01   1.0018733e-03
   1.7943823e-01   4.0135829e-03
   1.8976028e-01   5.5125771e-03
   1.9986529e-01   9.5014202e-03
   2.0650922e-01   1.0503792e-02
   2.1642802e-01   7.4788063e-03
   2.1014940e-01   8.5417766e-03
   2.0414913e-01   8.0131040e-03
   2.0933359e-01   5.0051020e-03
   2.2704184e-01   3.0083551e-03
   2.2158716e-01   6.4774238e-03
   2.1982118e-01   1.3509580e-02
   2.2246278e-01   7.5028527e-03
   2.1685446e-01   7.9928086e-03
   2.1837413e-01   5.9994320e-03
   2.2158422e-01   6.9756871e-03
   2.2908994e-01   6.4647279e-03
   2.2716910e-01   9.4789545e-03
   2.1964675e-01   8.9976826e-03
   2.0950205e-01   1.1021903e-02
   2.0952227e-01   8.5169254e-03
   2.0395520e-01   6.5043370e-03
   2.0246332e-01   6.4990225e-03
   1.9563580e-01   4.4939482e-03
   2.0029020e-01   4.5094131e-03
   1.8662049e-01   5.9979105e-03
   1.8864973e-01   7.0238313e-03
   1.8494208e-01   9.5456445e-03
   1.9157899e-01   5.9887228e-03
   1.9085949e-01   6.0070250e-03
   1.8938419e-01   5.5018776e-03
   1.8864973e-01   7.0238313e-03
   1.8441154e-01   6.0112397e-03
   1.8071980e-01   6.5211920e-03
   1.8532328e-01   7.9983242e-03
   1.8642746e-01   8.5479850e-03
   1.8790523e-01   6.4968285e-03
   1.8001547e-01   3.4977801e-03
   1.7961153e-01   5.5240595e-03
   1.7866789e-01   7.0453132e-03
   1.7813317e-01   7.5264768e-03
   1.8053281e-01   8.0182708e-03
   1.8183235e-01   6.0128874e-03
   7.9960278e-02   5.0499802e-04
   7.9801824e-02   1.0080036e-03
   8.0926918e-02   3.5208522e-03
   8.5115655e-02   4.5438418e-03
   8.0924073e-02   5.5327677e-03
   8.0039682e-02   5.0549762e-04
   8.7698024e-02  -1.5144151e-03
   8.6578421e-02   3.5408635e-03
   9.2479960e-02   7.5402291e-03
   9.4040172e-02   8.5702654e-03
   9.0096184e-02   4.0299368e-03
   8.3496026e-02   3.5204139e-03
   7.9801980e-02   0.0000000e+00
   7.7227571e-02  -1.0081237e-03
   8.2457231e-02  -2.0177489e-03
   8.3577997e-02   4.0272934e-03
   8.8804525e-02   6.5490913e-03
   7.8586144e-02   6.5588871e-03
   8.0039367e-02   1.5164928e-03
   8.4950495e-02   0.0000000e+00
   9.1295747e-02   0.0000000e+00
   9.8813041e-02   3.5140485e-03
   1.0167913e-01   4.5307161e-03
   1.0424879e-01   6.5433477e-03
   1.1571744e-01   6.5320324e-03
   1.1993198e-01   6.0457516e-03
   1.2122419e-01   5.0376667e-03
   1.1360275e-01   3.0271920e-03
   1.1058272e-01   2.0105432e-03
   1.1068867e-01   4.5281689e-03
   1.1489114e-01   4.5403947e-03
   1.1677364e-01   6.0172308e-03
   1.2497424e-01   2.0125254e-03
   1.2755103e-01   2.0121416e-03
   1.4329579e-01   2.0136231e-03
   1.5475574e-01   4.5216430e-03
   1.5715446e-01   1.0035924e-02
   1.5427822e-01   9.0168247e-03
   1.6860981e-01   3.5052919e-03
   1.6989691e-01   3.5048476e-03
   1.8497699e-01   2.9935617e-03
   1.9711967e-01   3.9979063e-03
   2.0414913e-01   8.0131040e-03
   2.0184369e-01   9.4710503e-03
   1.9857203e-01   1.0002981e-02
   1.9878325e-01   8.0101500e-03
   2.0830208e-01   3.9847759e-03
   2.1838578e-01   2.9997160e-03
   2.1686087e-01   6.9937076e-03
   2.2180400e-01   6.9824118e-03
   2.2222249e-01   9.9941420e-03
   2.2410214e-01   1.3448670e-02
   2.1940653e-01   1.1485938e-02
   2.1814171e-01   8.4909866e-03
   2.1881145e-01   9.9589242e-04
   2.0850463e-01   4.9857779e-03
   2.0524332e-01   7.0036024e-03
   1.9856382e-01   1.1003279e-02
   1.9193069e-01   1.0500595e-02
   1.9473967e-01   2.5018463e-03
   1.9197140e-01   1.5000851e-03
   1.8533918e-01   4.4990574e-03
   1.8128001e-01   8.4934634e-03
   1.7758895e-01   1.0006042e-02
   1.7149731e-01   9.5304934e-03
   1.6713760e-01   8.5056388e-03
   9.1386139e-02   0.0000000e+00
   9.5243743e-02   4.5324055e-03
   1.0029360e-01   4.0236510e-03
   9.6621027e-02   7.0568451e-03
   8.6316988e-02   6.0520833e-03
   8.1004940e-02   5.0347446e-03
   6.8014171e-02   3.5193720e-03
   5.6577535e-02   1.0079480e-03
   3.8575649e-02   5.0422910e-04
   1.5445476e-02   1.5147446e-03
   1.2858556e-03   0.0000000e+00
  -1.1561214e-02   1.5117979e-03
  -1.5414990e-02  -1.0078343e-03
  -1.9249716e-02  -1.0067998e-03
  -2.1837934e-02   5.0388148e-04
  -3.0830040e-02   0.0000000e+00
  -3.3431836e-02  -2.5214215e-03
  -2.3076643e-02  -2.5143968e-03
  -2.0573689e-02   0.0000000e+00
  -1.0266535e-02   0.0000000e+00
   1.2807826e-03   1.5073884e-03
   1.1549801e-02   1.5103056e-03
   2.0553199e-02   2.0155584e-03
   2.6975639e-02   3.5269087e-03
   2.9515584e-02   3.5232776e-03
   3.0830024e-02  -5.0381091e-04
   3.6003886e-02  -1.0085154e-03
   3.3399144e-02   1.0075727e-03
   4.2475060e-02   1.5140435e-03
   4.6289986e-02   3.0247892e-03
   5.1433595e-02   2.5202834e-03
   6.1719589e-02   3.5271841e-03
   6.9230466e-02   1.5067407e-03
   8.3579959e-02   2.0136467e-03
   9.3774520e-02   1.0052931e-03
   9.6437471e-02   3.0184121e-03
   9.5239636e-02   6.5468080e-03
   9.5138236e-02   9.0558927e-03
   1.0435824e-01   3.5268106e-03
   1.0661800e-01   3.5158629e-03
   1.0682980e-01   3.0195243e-03
   1.0682833e-01   4.0260324e-03
   1.0543598e-01   4.5251993e-03
   1.1069041e-01   3.5219091e-03
   1.1572497e-01   3.0147842e-03
   1.2110787e-01   3.0196302e-03
   1.2792609e-01   5.0452113e-03
   1.2909117e-01   4.5357835e-03
   1.3372663e-01   3.0108180e-03
   1.4157417e-01   6.0237854e-03
   1.4299708e-01   7.5362984e-03
   1.4942842e-01   9.5407249e-03
   1.4014284e-01   7.5231678e-03
   1.4287101e-01   1.0038568e-03
   1.4945491e-01   0.0000000e+00
   1.5573883e-01   3.5095577e-03
   1.6185265e-01   4.0007307e-03
   1.6602365e-01   7.0123418e-03
   1.5860567e-01   9.0400889e-03
   1.5988256e-01   1.1047675e-02
   1.6602365e-01   7.0123418e-03
   1.8295333e-01  -5.0051864e-04
   1.7762237e-01   2.0012083e-03
   1.7486943e-01   4.4995308e-03
   1.7150044e-01   9.0288885e-03
   1.7408521e-01   8.0235988e-03
   2.2695900e-01   7.4761809e-03
   2.2158716e-01   6.4774238e-03
   2.2589975e-01   6.4866899e-03
   2.2438610e-01   6.4815237e-03
   2.1899390e-01   8.9716698e-03
   2.0848532e-01   8.4758225e-03
   2.0396003e-01   5.5036698e-03
   2.0376342e-01   3.9987933e-03
   1.9619507e-01   9.0140771e-03
   1.9561902e-01   7.9892413e-03
   1.9728998e-01   9.0040122e-03
   1.9195632e-01   6.5003686e-03
   1.9215126e-01   5.5056520e-03
   1.8846939e-01   5.5133571e-03
   1.7409858e-01   5.0147493e-03
   1.6215787e-01   8.0170633e-03
   1.6232747e-01   6.0186652e-03
   1.5846595e-01   5.0173671e-03
   1.4514790e-01   6.0100801e-03
   1.5104151e-01   2.0122825e-03
   1.5089018e-01   3.0154692e-03
   1.4929808e-01   5.5181799e-03
   1.4974111e-01   6.0375321e-03
   1.4929259e-01   7.0231381e-03
   1.4156640e-01   8.0317139e-03
   1.4329346e-01   3.5238405e-03
   1.4057367e-01   2.5150999e-03
   1.3813062e-01   3.0217186e-03
   1.3900009e-01   6.0250581e-03
   1.4300439e-01   5.5266189e-03
   1.4028541e-01   6.5264600e-03
   1.3527289e-01   6.0328339e-03
   1.2857927e-01   5.0200133e-03
   1.3141666e-01   1.5086637e-03
   1.2986913e-01   3.0117147e-03
   1.3656979e-01   2.0107385e-03
   1.4143720e-01   5.0149141e-03
   1.3152426e-01   9.5642533e-03
   1.2857323e-01   7.0280186e-03
   1.2368293e-01   4.0254288e-03
   1.2368074e-01   5.0317860e-03
   1.1853035e-01   3.5235401e-03
   1.1853035e-01   3.5235401e-03
   1.1175229e-01   5.5231064e-03
   1.1079619e-01   5.5398742e-03
   9.9005020e-02   5.5329372e-03
   9.6335925e-02   6.5334658e-03
   8.2457231e-02   2.0177489e-03
   8.0928696e-02   1.0059578e-03
   7.8437153e-02   5.0353532e-04
   7.1723999e-02   1.0034001e-03
   6.4224734e-02   6.0400632e-03
   5.9148315e-02   3.0235781e-03
   6.2882405e-02   1.0057343e-03
   6.1538462e-02   0.0000000e+00
   6.2943896e-02   2.5168144e-03
   5.1382170e-02   3.5249156e-03
   4.7529551e-02   1.0072322e-03
   2.9603249e-02   3.5337373e-03
   3.4683371e-02   2.5188665e-03
   3.7252073e-02   3.5262205e-03
   1.1561214e-02  -1.5117979e-03
   9.0009495e-03  -1.5133168e-03
   6.4102564e-03   0.0000000e+00
   8.9390790e-03   1.0019409e-03
   6.4164312e-03   3.5241427e-03
   0.0000000e+00   1.0069102e-03
   0.0000000e+00   1.5073892e-03
  -1.1561175e-02   2.0157306e-03
  -6.4102533e-03  -5.0295247e-04
  -8.9742019e-03  -3.0176796e-03
  -1.1527088e-02  -5.0244330e-04
  -1.5354331e-02   0.0000000e+00
  -2.1794490e-02   3.0173275e-03
  -6.4229249e-03   0.0000000e+00
  -1.5369458e-02   0.0000000e+00
  -7.6846694e-03   2.0098171e-03
  -1.4060957e-02   5.0144560e-04
  -2.3031094e-02   3.0113385e-03
  -2.6922959e-02  -1.5085523e-03
  -3.9704260e-02   1.5066866e-03
  -3.9704414e-02  -5.0222887e-04
  -4.4915303e-02  -3.0189291e-03
  -5.1231129e-02  -2.0082933e-03
  -5.6297876e-02  -3.5104891e-03
  -6.6666375e-02   1.5068956e-03
  -6.0196781e-02   1.5057757e-03
  -6.2819016e-02   3.5166065e-03
  -7.0650932e-02  -3.0192597e-03
  -6.6662744e-02  -5.5252838e-03
  -6.9157728e-02  -6.0210415e-03
  -6.4039129e-02  -1.5055635e-03
  -6.0375229e-02  -1.5102299e-03
  -4.3589722e-02  -5.0267608e-04
  -2.5590502e-02  -1.0037426e-03
  -1.0236097e-02   2.5097647e-03
   0.0000000e+00   4.0157480e-03
   2.3076923e-02   0.0000000e+00
   3.1988050e-02   1.5054498e-03
   3.3364272e-02   5.5361827e-03
   4.2304730e-02   6.0323093e-03
   5.5019685e-02   0.0000000e+00
   6.5384584e-02  -5.0232362e-04
   7.6771319e-02   1.5032864e-03
   7.9484049e-02   4.5181893e-03
   8.4695571e-02   4.5215092e-03
   8.9736215e-02   6.5229371e-03
   1.0116970e-01   8.0151680e-03
   1.0896244e-01   7.5180109e-03
   1.0897007e-01   4.5108065e-03
   1.0908061e-01   2.5084602e-03
   1.0384595e-01   1.0027230e-03
   9.4679490e-02   5.5070657e-03
   9.6147114e-02   6.0190610e-03
   8.6998393e-02   7.5127197e-03
   8.7090172e-02   4.5120530e-03
   8.0927866e-02   2.5148944e-03
   6.5320070e-02  -1.0036599e-03
   6.2819749e-02   2.5118618e-03
   6.2510341e-02   3.9993043e-03
   5.8798091e-02   4.5086647e-03
   6.0135931e-02   4.0114581e-03
   5.6354242e-02   2.0079664e-03
   5.1281652e-02   2.0102708e-03
   4.8766018e-02  -5.0310123e-04
   4.7389071e-02   1.0042591e-03
   4.7435067e-02   3.0157445e-03
