   9.3589334e-02   1.5049807e-03
   7.4282794e-02   4.5148024e-03
   6.7947892e-02   2.5113648e-03
   6.6532823e-02   4.5118110e-03
   6.8015264e-02   2.0110697e-03
   6.6600177e-02   2.5090247e-03
   6.4100039e-02   4.5211341e-03
   6.4101037e-02   3.5164376e-03
   6.2819016e-02   3.5166065e-03
   6.1477355e-02   2.0076086e-03
   6.2944387e-02   1.5100886e-03
   6.5383057e-02   3.5162654e-03
   6.9229557e-02   3.0134813e-03
   7.0857229e-02   6.0564203e-03
   7.7071336e-02   5.0306917e-03
   7.4504619e-02   3.0187616e-03
   7.5491541e-02   2.0044971e-03
   7.7074948e-02   1.0061383e-03
   7.4505347e-02   2.0125077e-03
   7.1793999e-02   2.5109666e-03
   6.9298267e-02   2.5137064e-03
   7.0650932e-02   3.0192597e-03
   6.9229928e-02   2.5112344e-03
   7.4431472e-02   2.5131595e-03
   7.8127472e-02   2.0062324e-03
   8.2129039e-02   4.5220797e-03
   8.5981184e-02   2.5117875e-03
   8.2129039e-02   4.5220797e-03
   8.2045537e-02   6.0235170e-03
   8.1967897e-02   4.0117374e-03
   8.1008268e-02   2.0138979e-03
   7.8282177e-02   1.0050895e-03
   7.8280957e-02   3.0152686e-03
   7.9643919e-02   1.5090284e-03
   8.4696892e-02   3.5167294e-03
   8.3577302e-02   4.5307050e-03
   9.2301229e-02   6.0203452e-03
   8.9653040e-02   3.5089067e-03
   8.9915637e-02   5.5302643e-03
   8.7092539e-02   2.5066961e-03
   8.3412996e-02   4.0193748e-03
   7.9643647e-02   2.0120378e-03
   8.0688245e-02   3.0089877e-03
   8.0928498e-02   1.5089366e-03
   8.4698749e-02   1.0047798e-03
   8.7437795e-02   1.5099415e-03
   8.8370095e-02   5.0130604e-03
   8.9913530e-02   6.5357669e-03
   9.2395169e-02   4.5196938e-03
   8.7264485e-02   2.5116230e-03
   8.8459431e-02   3.5125870e-03
   8.3580450e-02   1.0068233e-03
   8.2130840e-02   3.0147198e-03
   8.0608323e-02   3.5070437e-03
   8.3167317e-02   3.5066106e-03
   8.5895389e-02   3.5130496e-03
   9.2216570e-02   1.0024073e-03
   8.8547786e-02   2.5114561e-03
   8.9829380e-02   4.0180589e-03
   8.4530010e-02   3.5098291e-03
   8.2292181e-02   4.0275465e-03
   7.9559096e-02   6.5326919e-03
   8.3249777e-02   3.0086154e-03
   8.0848609e-02   1.5074528e-03
   7.5790477e-02   5.0309829e-04
   7.4652551e-02   2.5205998e-03
   7.0648001e-02   5.5353095e-03
   7.6770724e-02  -2.5054774e-03
   7.3149027e-02   5.0265997e-04
   7.6998413e-02   2.0102972e-03
   7.8123491e-02   5.5171391e-03
   8.4775614e-02   6.5374952e-03
   8.3493948e-02   5.0291627e-03
   8.5897394e-02  -5.0186423e-04
   8.5981854e-02  -1.5070725e-03
   8.7351395e-02   1.5084562e-03
   8.8631128e-02   5.5306379e-03
   9.1196807e-02   7.0380361e-03
   8.9999986e-02   7.5486932e-03
   9.5152895e-02   1.5093154e-03
   9.2580470e-02   2.5158832e-03
   9.4778325e-02   0.0000000e+00
   8.8459431e-02   3.5125870e-03
   9.1292889e-02   4.0256934e-03
   8.4523980e-02   7.0196581e-03
   8.7177410e-02   3.5128200e-03
   8.5812142e-02   2.0054877e-03
   8.8548865e-02   0.0000000e+00
   9.1025243e-02   1.5051905e-03
   9.0097906e-02   2.5187105e-03
   8.8454269e-02   6.5233759e-03
   8.3411533e-02   5.0242185e-03
   8.7093427e-02   1.0026784e-03
   8.7176774e-02   4.0146514e-03
   9.0009847e-02   5.0324621e-04
   8.8635974e-02   1.5083558e-03
   8.4694787e-02   5.0238991e-03
   8.7171179e-02   7.0256400e-03
   8.8719696e-02   5.0328027e-03
   8.7178427e-02   2.5091571e-03
   9.1386139e-02   0.0000000e+00
   9.0098966e-02   5.0374209e-04
   8.9654781e-02   1.5038171e-03
   8.8544551e-02   5.0229122e-03
   8.8627883e-02   7.0389936e-03
   9.2578704e-02   4.0254132e-03
   9.2397690e-02   2.5109410e-03
   9.4871749e-02   5.0162457e-04
   8.3496556e-02   3.0174976e-03
   8.2130840e-02   3.0147198e-03
   7.9562507e-02   4.5226328e-03
   8.4446815e-02   3.5063890e-03
   9.3589562e-02   1.0033205e-03
   9.3589015e-02   2.0066410e-03
   8.7436084e-02   3.5231969e-03
   8.8543645e-02   5.5252034e-03
   9.1381660e-02   5.0370745e-03
   9.1292130e-02   4.5289050e-03
   9.1024534e-02   2.5086508e-03
   8.3579959e-02   2.0136467e-03
   8.3251191e-02   5.0143590e-04
   8.3412305e-02   4.5217966e-03
   8.7261296e-02   5.0232460e-03
   9.5146611e-02   6.0372618e-03
   9.4869534e-02   3.5113720e-03
   8.9918139e-02   4.0220104e-03
   9.1114389e-02   2.5111151e-03
   8.9743197e-02   1.5052932e-03
   8.7350713e-02   2.5140937e-03
   8.8720520e-02   4.5295224e-03
   9.6437471e-02   3.0184121e-03
   9.3404788e-02   2.0027112e-03
   9.1112657e-02   4.0177842e-03
   8.5812433e-02   1.5041158e-03
   8.0689303e-02   1.5044939e-03
   8.1008545e-02   1.5104234e-03
   8.2293751e-02   2.5172165e-03
   8.3328430e-02   5.5212123e-03
   8.0764479e-02   5.5218969e-03
   8.4530010e-02   3.5098291e-03
   8.2051242e-02   5.0195975e-04
   8.7265548e-02   0.0000000e+00
   9.2482488e-02   6.5348652e-03
   8.8543645e-02   5.5252034e-03
   8.3322961e-02   8.0308542e-03
   8.7262104e-02   4.5209214e-03
   7.8051181e-02   0.0000000e+00
   7.6923077e-02   0.0000000e+00
   7.8359684e-02   0.0000000e+00
   7.3004040e-02   2.5083631e-03
   7.0789269e-02   4.5378312e-03
   7.3141044e-02   7.5398995e-03
   7.6922927e-02   1.0041608e-03
   7.7073744e-02   3.0184150e-03
   7.5790514e-02   0.0000000e+00
   6.8082705e-02   1.5097886e-03
   6.9298267e-02   2.5137064e-03
   6.5380768e-02   5.5255599e-03
   7.8279240e-02   4.5229029e-03
   7.8281376e-02   2.5127238e-03
   7.5640879e-02   1.0042187e-03
   7.0443316e-02   5.0172700e-04
   6.9299078e-02   5.0274129e-04
   7.8125008e-02   4.5140229e-03
   7.9559096e-02   6.5326919e-03
   8.0925654e-02   4.5268099e-03
   7.9407480e-02   3.0091696e-03
   7.3221344e-02   0.0000000e+00
   6.9230231e-02   2.0089876e-03
   7.4358396e-02   2.0085513e-03
   6.6661188e-02   6.5298809e-03
   7.4431073e-02   3.0157913e-03
   8.1088950e-02   1.0079420e-03
   7.4358938e-02   5.0213782e-04
   7.9486213e-02   2.5101052e-03
   8.5726312e-02   3.5061641e-03
   8.5976199e-02   6.0282899e-03
   8.0679632e-02   8.0239673e-03
   8.2291497e-02   4.5309898e-03
   7.8359646e-02   5.0303956e-04
   7.5790477e-02  -5.0309829e-04
   7.5641026e-02   0.0000000e+00
   7.7075099e-02   0.0000000e+00
   7.3218448e-02   4.5283959e-03
   7.1789845e-02   6.0263198e-03
   7.3000639e-02   5.5183988e-03
   6.7947528e-02   3.0136377e-03
   7.0791767e-02   1.5126104e-03
   6.9094354e-02   1.0025220e-03
   7.0442803e-02   2.0069080e-03
   6.6729844e-02   4.5251377e-03
   6.7946042e-02   4.5204566e-03
   7.4505601e-02   1.5093808e-03
   7.0442495e-02   2.5086350e-03
   7.3366337e-02   0.0000000e+00
   7.0582291e-02   1.0054293e-03
   6.9434028e-02   4.0298640e-03
   6.9363491e-02   5.5356032e-03
   7.0580227e-02   4.0217173e-03
   7.4356660e-02   4.0171025e-03
   7.8199652e-02   6.0246114e-03
   7.9480648e-02   6.5262734e-03
   8.7263464e-02   3.5162722e-03
   8.1888336e-02   3.0058533e-03
   7.8359339e-02   1.5091187e-03
   8.4615343e-02   5.0189655e-04
   8.8548174e-02   2.0091649e-03
   8.5889250e-02   7.0260992e-03
   8.5890377e-02   6.5242350e-03
   8.5895389e-02   3.5130496e-03
   8.7178809e-02   2.0073257e-03
   8.2051242e-02  -5.0195975e-04
   8.2293308e-02   3.0206599e-03
   7.9485286e-02   3.5141472e-03
   8.6063790e-02   4.5256656e-03
   7.9641119e-02   4.5270851e-03
   7.4431073e-02   3.0157913e-03
   7.3221344e-02   0.0000000e+00
   7.8204786e-02  -1.5061528e-03
   7.7069681e-02   6.0368300e-03
   8.4691940e-02   6.5310689e-03
   8.4775614e-02   6.5374952e-03
   8.3411533e-02   5.0242185e-03
   9.1295747e-02   0.0000000e+00
   8.7437111e-02   2.5165692e-03
   8.0530000e-02   2.5025775e-03
   8.4613368e-02   3.5132758e-03
   8.1888336e-02   3.0058533e-03
   7.6842778e-02   5.5174619e-03
   7.9481614e-02   6.0242524e-03
   7.5564705e-02   3.5113142e-03
   7.4505347e-02   2.0125077e-03
   7.1724103e-02  -5.0170005e-04
   7.1793161e-02   3.5153532e-03
   7.0717076e-02   6.0444747e-03
   6.5445972e-02   5.0281825e-03
   6.5448651e-02   2.0112730e-03
   6.0435094e-02   1.0078136e-03
   6.1659597e-02   2.0135466e-03
   6.6732478e-02   0.0000000e+00
   6.2881761e-02   2.5143357e-03
   7.0578267e-02   5.5298613e-03
   6.5508429e-02   6.5430800e-03
   6.3003842e-02   5.0385959e-03
   6.6533371e-02   4.0104987e-03
   6.7814665e-02   1.5038607e-03
   6.6666634e-02   5.0229853e-04
   6.7881740e-02   5.0177945e-04
   6.4102284e-02   1.5070447e-03
   6.4289635e-02   5.0383525e-03
   7.0650932e-02   3.0192597e-03
   7.3148171e-02   2.5132998e-03
   7.4578712e-02   2.5181148e-03
   8.0766717e-02   4.0159251e-03
   7.6920683e-02   4.0166431e-03
   7.3287710e-02   6.5474656e-03
   7.3074045e-02   4.5194923e-03
   7.8359646e-02   5.0303956e-04
   8.0769231e-02   0.0000000e+00
   8.3415435e-02  -1.0048437e-03
   8.2292785e-02   3.5241032e-03
   8.0761534e-02   7.0278688e-03
   8.1884053e-02   6.0117066e-03
   8.2128279e-02   5.0245330e-03
   8.4529394e-02   4.0112332e-03
   7.4431073e-02   3.0157913e-03
   7.5715364e-02   1.5078100e-03
   7.5640106e-02   2.5105467e-03
   7.3217769e-02   5.0315510e-03
   7.1721910e-02   4.0136004e-03
   7.4505020e-02   2.5156347e-03
   7.3004359e-02   2.0066905e-03
   7.4652551e-02   2.5205998e-03
   7.4431073e-02   3.0157913e-03
   7.1864030e-02   3.5188129e-03
   7.0302065e-02   4.5066888e-03
   7.6996612e-02   4.0205943e-03
   7.4211700e-02   2.5057628e-03
   7.1864870e-02   2.5134378e-03
   7.3146781e-02   4.0212797e-03
   7.3364035e-02   4.0331863e-03
   7.3220057e-02   3.0189306e-03
   7.4578311e-02   3.0217378e-03
   7.5714368e-02   3.0156200e-03
   7.8281376e-02   2.5127238e-03
   7.4653465e-02   0.0000000e+00
   7.1793999e-02   2.5109666e-03
   7.1863504e-02   4.0215005e-03
   7.5709462e-02   6.5338433e-03
   7.5638672e-02   4.0168747e-03
   7.1936618e-02   1.0063655e-03
   7.1933914e-02   4.5286449e-03
   7.3220450e-02   2.5157755e-03
   7.4577837e-02   3.5253607e-03
   7.5788701e-02   3.5216881e-03
   7.1933247e-02   5.0318277e-03
   7.4357673e-02   3.0128269e-03
   7.5714368e-02   3.0156200e-03
   7.1583088e-02   0.0000000e+00
   7.4504619e-02   3.0187616e-03
   7.1863504e-02   4.0215005e-03
   8.0847979e-02   2.5124214e-03
   8.3086066e-02   3.0027228e-03
   8.4697428e-02   3.0143395e-03
   7.9638670e-02   6.0361135e-03
   8.5897269e-02   1.0037285e-03
   7.9565298e-02   1.5075443e-03
   8.3580245e-02   1.5102350e-03
   8.3415435e-02   1.0048437e-03
   8.4614356e-02   2.5094827e-03
   8.9652388e-02   4.0101791e-03
   9.3861902e-02   5.5345525e-03
   9.2030949e-02   5.0022290e-03
   9.3773055e-02   3.0158792e-03
   9.3773559e-02   2.5132327e-03
   9.4773726e-02   5.0113297e-03
   8.7264868e-02   2.0092984e-03
   8.5979550e-02   4.0188600e-03
   7.9562507e-02   4.5226328e-03
   8.4365129e-02   2.0016890e-03
   8.4613368e-02   3.5132758e-03
   8.4614726e-02   2.0075862e-03
   8.4779960e-02   4.0230739e-03
   8.6151271e-02   2.5167347e-03
   8.6063790e-02   4.5256656e-03
   8.6064505e-02   4.0228138e-03
   8.3329281e-02   5.0192839e-03
   8.6065681e-02   3.0171104e-03
   8.0847545e-02   3.0149056e-03
   8.4530994e-02   2.5070208e-03
   7.8125652e-02   4.0124648e-03
   8.4947123e-02   4.5348824e-03
   8.7175248e-02   5.0183143e-03
   8.5896392e-02   2.5093211e-03
   8.3495415e-02   4.0233302e-03
   8.7178809e-02   2.0073257e-03
   8.6067026e-02   1.0057035e-03
   8.2132120e-02   1.0049066e-03
   8.7264868e-02   2.0092984e-03
   9.0003551e-02   6.0389545e-03
   8.9827805e-02   5.0225736e-03
   8.3330051e-02   4.5173555e-03
   7.7072691e-02   4.0245533e-03
   7.8282177e-02   1.0050895e-03
   7.9644230e-02  -5.0300946e-04
   8.0767817e-02   3.0119438e-03
   8.1007911e-02   2.5173723e-03
   7.8280461e-02   3.5178134e-03
   7.5864886e-02   2.0143769e-03
   7.4503601e-02   4.0250155e-03
   7.4356046e-02   4.5192403e-03
   7.5640695e-02   1.5063280e-03
   7.4505929e-02   0.0000000e+00
   7.4431472e-02   2.5131595e-03
   7.8202048e-02   4.5184585e-03
   7.8355858e-02   5.0303956e-03
   7.8205128e-02   0.0000000e+00
   7.8359072e-02   2.0121582e-03
   7.6998075e-02   2.5128715e-03
   7.3074649e-02   4.0173265e-03
   7.2932188e-02   2.5059020e-03
   7.4358070e-02   2.5106891e-03
   7.1864870e-02   2.5134378e-03
   7.1865430e-02   1.5080627e-03
   6.9366742e-02   2.5161833e-03
   7.3076888e-02   5.0216581e-04
   7.3076035e-02   2.5108290e-03
   7.4284813e-02   2.5082235e-03
   7.5788701e-02   3.5216881e-03
   8.1807819e-02   3.0029094e-03
   8.0687736e-02   3.5104857e-03
   8.4613368e-02   3.5132758e-03
   8.3331875e-02   3.0115703e-03
   8.7347514e-02   5.0281874e-03
   8.9559598e-02   6.5101574e-03
   9.2577934e-02   4.5285898e-03
   9.7723830e-02   2.5151586e-03
   9.6343121e-02   2.0102972e-03
   1.0128028e-01   3.0086343e-03
   1.0619564e-01   5.0030184e-03
   1.1131237e-01   5.5015205e-03
   1.0619071e-01   7.0042258e-03
   9.7524053e-02   6.5265738e-03
   9.5058546e-02   2.0104426e-03
   9.3405467e-02   5.0067780e-04
   8.6151271e-02   2.5167347e-03
   8.3493948e-02   5.0291627e-03
   8.1886551e-02   4.5087800e-03
   7.5564705e-02   3.5113142e-03
   7.4426251e-02   6.5342146e-03
   7.2077936e-02   3.0250567e-03
   7.3148492e-02   2.0106399e-03
   7.4432234e-02  -1.0052638e-03
   7.3148171e-02   2.5132998e-03
   7.5785186e-02   6.0371795e-03
   6.9296951e-02   4.0219303e-03
   7.4355359e-02   5.0213782e-03
   8.2047292e-02   5.0195975e-03
   8.3327498e-02   6.0231407e-03
   7.9565298e-02   1.5075443e-03
   8.4782609e-02   0.0000000e+00
   8.6150807e-02   3.0200816e-03
   8.4531650e-02   1.5042125e-03
   7.9484049e-02   4.5181893e-03
   7.8278516e-02   5.0254477e-03
   7.8202048e-02   4.5184585e-03
   7.9485286e-02   3.5141472e-03
   7.8358727e-02   2.5151978e-03
   8.0769074e-02   1.0039813e-03
   7.8281719e-02   2.0101791e-03
   7.9405013e-02   5.0152827e-03
   8.4694787e-02   5.0238991e-03
   7.4282794e-02   4.5148024e-03
   7.9564251e-02   3.0150886e-03
   8.2132120e-02   1.0049066e-03
   7.8281986e-02   1.5076343e-03
   7.8202694e-02   4.0164076e-03
   7.8357809e-02   3.5212769e-03
   7.6996612e-02   4.0205943e-03
   8.4860491e-02   6.0405546e-03
   8.2212797e-02   2.0117913e-03
   8.2131640e-02   2.0098132e-03
   8.3414134e-02   3.0145311e-03
   8.8634806e-02   3.0167116e-03
   8.7522650e-02   3.5266695e-03
   9.2302261e-02   5.5186498e-03
   9.0931548e-02   5.0123824e-03
   9.6058367e-02   2.0043877e-03
   9.7434713e-02   2.5077590e-03
   9.4867182e-02   5.0162457e-03
   9.6340064e-02   4.5231686e-03
   9.3681950e-02   1.0043058e-03
   9.3865805e-02   3.0188468e-03
   9.3680489e-02   3.0129174e-03
   8.9831087e-02   2.5112868e-03
   8.5982063e-02   1.0047150e-03
   8.5811309e-02   3.0082316e-03
   8.8634806e-02   3.0167116e-03
   8.7173383e-02   6.0219771e-03
   8.5980723e-02   3.0141450e-03
   8.7178427e-02   2.5091571e-03
   8.3415557e-02   5.0242185e-04
   8.2210870e-02   4.0235825e-03
   8.0928696e-02   1.0059578e-03
   8.1085890e-02   4.5357392e-03
   8.1969449e-02   2.5073358e-03
   8.1004940e-02   5.0347446e-03
   8.2130320e-02   3.5171731e-03
   8.7351608e-02   1.0056375e-03
   8.4781119e-02   3.0173055e-03
   7.9558049e-02   7.0352066e-03
   8.4864974e-02   3.0202773e-03
   8.7263464e-02   3.5162722e-03
   8.4865431e-02   2.5168977e-03
   9.1023472e-02   3.5121111e-03
   9.1024048e-02   3.0103809e-03
   8.2129719e-02   4.0196264e-03
   8.2048050e-02   4.5176378e-03
   8.3411533e-02   5.0242185e-03
   8.7176053e-02   4.5164829e-03
   8.6061144e-02   6.0342208e-03
   8.2213399e-02   5.0294782e-04
   8.2213399e-02   5.0294782e-04
   7.1861509e-02   5.5295631e-03
   6.9295735e-02   5.0274129e-03
   7.1865605e-02   1.0053751e-03
   6.7948685e-02   5.0227295e-04
   7.0791767e-02   1.5126104e-03
   6.9432805e-02   5.0373300e-03
   7.8203265e-02   3.5143566e-03
   6.9093283e-02   3.0075660e-03
   7.3221308e-02   5.0315510e-04
   7.5640695e-02   1.5063280e-03
   7.5789922e-02   2.0123932e-03
   7.5863661e-02   3.5251596e-03
   7.9407480e-02   3.0091696e-03
   7.8277715e-02   5.5279924e-03
   7.8281986e-02   1.5076343e-03
   7.3508975e-02   4.5463085e-03
   7.7074948e-02  -1.0061383e-03
   8.1008902e-02   0.0000000e+00
   8.2129719e-02   4.0196264e-03
   8.5807769e-02   5.5150912e-03
   9.1019268e-02   6.0207618e-03
   8.8718784e-02   5.5360830e-03
   9.1295702e-02   5.0321167e-04
   9.2307692e-02   0.0000000e+00
   9.4871749e-02   5.0162457e-04
   9.4865152e-02   6.0194948e-03
   1.0107778e-01   5.0045790e-03
   1.0029276e-01   4.5266074e-03
   1.0009750e-01   2.5098462e-03
   1.0266130e-01   4.5170318e-03
   1.0651011e-01   5.0177362e-03
   1.0651509e-01   1.0035472e-03
   1.0651198e-01   4.0141889e-03
   1.0768974e-01   3.5086914e-03
   1.0137803e-01   4.5173796e-03
   1.0286598e-01   3.5201538e-03
   9.7527331e-02   5.0204414e-03
   1.0138026e-01   3.0115864e-03
   9.9998784e-02   2.5073855e-03
   1.0009384e-01   5.0196923e-03
   9.4770552e-02   6.5147286e-03
   9.6056130e-02   4.0087754e-03
   9.5341501e-02   1.5122912e-03
   9.0187907e-02   1.5127169e-03
   9.2575081e-02   6.0381197e-03
   9.7337587e-02   3.5074229e-03
   9.4771702e-02   6.0135957e-03
   8.8547786e-02   2.5114561e-03
   8.7436640e-02   3.0198831e-03
   8.4950453e-02   5.0387582e-04
   8.6151271e-02   2.5167347e-03
   8.2049327e-02   3.5137183e-03
   8.0685739e-02   5.0149796e-03
   7.8278516e-02   5.0254477e-03
   7.8280461e-02   3.5178134e-03
   7.3147779e-02   3.0159598e-03
   7.2933071e-02   0.0000000e+00
   8.0769191e-02   5.0199063e-04
   8.3497657e-02   1.5087488e-03
   8.3496026e-02   3.5204139e-03
   8.4691940e-02   6.5310689e-03
   7.8278516e-02   5.0254477e-03
   8.5896768e-02   2.0074569e-03
   8.4615343e-02   5.0189655e-04
   8.0848333e-02   2.0099371e-03
   7.9486213e-02   2.5101052e-03
   7.9485286e-02   3.5141472e-03
   8.0768249e-02   2.5099532e-03
   7.8280957e-02   3.0152686e-03
   7.9408520e-02   1.5045848e-03
   8.0768249e-02   2.5099532e-03
   8.0926325e-02   4.0238311e-03
   7.9717431e-02   6.0420616e-03
   8.0688245e-02   3.0089877e-03
   8.5895932e-02   3.0111854e-03
   8.8460463e-02   2.5089907e-03
   8.3412305e-02   4.5217966e-03
   8.3332685e-02   2.0077136e-03
   8.2130320e-02   3.5171731e-03
   8.0927866e-02   2.5148944e-03
   8.7350713e-02   2.5140937e-03
   9.1024933e-02   2.0069206e-03
   9.5148659e-02   5.0310515e-03
   8.9917393e-02   4.5247617e-03
   8.3412996e-02   4.0193748e-03
   7.8357809e-02   3.5212769e-03
   8.3579959e-02   2.0136467e-03
   8.4698543e-02   1.5071697e-03
   8.2050644e-02   2.0078390e-03
   8.7092920e-02   2.0053569e-03
   8.6066521e-02   2.0114069e-03
   8.3330051e-02   4.5173555e-03
   8.8460463e-02   2.5089907e-03
   8.3576525e-02   5.0341167e-03
   8.0928222e-02   2.0119155e-03
   7.8282330e-02   0.0000000e+00
   6.9435658e-02   2.0149320e-03
   7.3219056e-02   4.0252408e-03
   7.2005659e-02   4.0294316e-03
   7.3076035e-02   2.5108290e-03
   7.5714774e-02   2.5130167e-03
   7.3003651e-02   3.0100357e-03
   7.0581878e-02   2.0108587e-03
   7.3366013e-02   1.5124448e-03
   7.1653404e-02   1.0024155e-03
   6.7944720e-02   5.5250025e-03
   7.4577289e-02   4.0289837e-03
   7.7074760e-02   1.5092075e-03
   7.5862474e-02   4.5323481e-03
   7.0511586e-02   3.0133221e-03
   7.9487025e-02   1.0040421e-03
   8.1969449e-02   2.5073358e-03
   7.6768642e-02   4.5098593e-03
   7.4354599e-02   5.5235160e-03
   8.3496556e-02   3.0174976e-03
   7.5713888e-02   3.5182233e-03
   7.9565647e-02   0.0000000e+00
   7.5714774e-02   2.5130167e-03
   7.6921244e-02   3.5145627e-03
   7.5565182e-02   3.0096979e-03
   7.3073370e-02   5.0216581e-03
   7.1791381e-02   5.0219332e-03
   7.0508672e-02   5.5244238e-03
   7.2007913e-02   0.0000000e+00
   6.4039285e-02   1.0037090e-03
   6.8150213e-02  -1.0075186e-03
   7.2006187e-02   3.5257527e-03
   7.8359339e-02   1.5091187e-03
   7.9397731e-02   8.5259806e-03
   8.3327498e-02   6.0231407e-03
   8.0924903e-02   5.0297888e-03
   7.5640695e-02   1.5063280e-03
   7.8359684e-02   0.0000000e+00
   7.4432379e-02   0.0000000e+00
   7.8507310e-02   7.0564488e-03
   7.6841921e-02   6.0190494e-03
   8.1968494e-02   3.5102702e-03
   9.4778325e-02   0.0000000e+00
   9.6437990e-02   2.5153434e-03
   9.8912850e-02   1.0050003e-03
   1.0117736e-01   5.0094800e-03
   1.0779730e-01   2.5086653e-03
   1.0927634e-01   1.0053551e-02
   1.1291599e-01   8.5266237e-03
   1.1549289e-01   5.0147977e-03
   1.1164835e-01   1.0032171e-03
   1.0769231e-01   0.0000000e+00
   1.0801182e-01   5.0271882e-04
   1.0779226e-01   5.5190637e-03
   1.0768597e-01   5.5136580e-03
   1.0374203e-01   3.0052241e-03
   1.0651400e-01   2.5088681e-03
   1.0266215e-01   4.0151393e-03
   1.0019587e-01   3.0147739e-03
   9.0932386e-02   4.5111442e-03
   8.3167317e-02   3.5066106e-03
   8.6921648e-02   2.0014308e-03
   8.7006357e-02   3.0050879e-03
   8.4365741e-02  -5.0042225e-04
   8.4448655e-02   1.0018254e-03
   8.1008545e-02   1.5104234e-03
   7.4575976e-02   5.0362296e-03
   7.6916756e-02   6.5270450e-03
   7.6994474e-02   5.5283172e-03
   7.9326866e-02   5.0103647e-03
   7.4432234e-02   1.0052638e-03
   7.1865430e-02  -1.5080627e-03
   7.4505929e-02   0.0000000e+00
   6.9364846e-02   4.5291299e-03
   7.6769831e-02   3.5076683e-03
   8.6919631e-02   4.0028616e-03
   9.1020285e-02   5.5190317e-03
   8.8546104e-02   4.0183298e-03
   8.9653606e-02   3.0076343e-03
   8.8635974e-02   1.5083558e-03
   9.2490119e-02   0.0000000e+00
   9.1201927e-02   4.5244518e-03
   9.7427891e-02   6.5201733e-03
   9.3587514e-02   3.5116217e-03
   8.8810314e-02   3.0226575e-03
   8.4696273e-02   4.0191193e-03
   8.9740797e-02   4.0141151e-03
   9.1024534e-02   2.5086508e-03
   9.3589015e-02   2.0066410e-03
   8.5896768e-02   2.0074569e-03
   8.2129719e-02   4.0196264e-03
   7.4574371e-02   6.0434755e-03
   7.1933914e-02   4.5286449e-03
   7.1864030e-02   3.5188129e-03
   6.8082871e-02   1.0065257e-03
   6.6798125e-02   1.5098658e-03
   6.9299078e-02  -5.0274129e-04
   6.1537983e-02   2.0095840e-03
   5.5232597e-02   6.5454774e-03
   5.9090794e-02   1.0068655e-03
   5.6298231e-02   3.0089907e-03
   5.5182599e-02   5.0300212e-04
   5.7522096e-02   5.0098474e-04
   6.1721068e-02   0.0000000e+00
   5.2715721e-02   6.5524775e-03
