   1.7108130e-01   4.0330207e-03
   2.4023625e-01   7.0140841e-03
   2.4268386e-01   5.9742355e-03
   2.5480771e-01   5.9758274e-03
   2.6203247e-01   7.9434805e-03
   2.5967369e-01   1.1434047e-02
   2.6019650e-01   1.0957862e-02
   2.6021237e-01   9.4636082e-03
   2.5919335e-01   7.4798644e-03
   2.5011773e-01   7.9890345e-03
   2.5170607e-01   7.9554915e-03
   2.6153809e-01   5.4778783e-03
   2.6202366e-01   9.9788829e-03
   2.6127167e-01   6.4676648e-03
   2.6201831e-01   1.0477827e-02
   2.6201831e-01   1.0477827e-02
   2.5738427e-01   7.4669655e-03
   2.5893525e-01   7.4726988e-03
   2.4809062e-01   6.4736093e-03
   2.5139057e-01   1.0483663e-02
   2.3775351e-01   6.4829117e-03
   2.3646698e-01   5.4865034e-03
   2.2761201e-01   1.0496969e-02
   2.3195788e-01   1.0011313e-02
   2.3257496e-01   7.9845279e-03
   2.2893301e-01   6.9967929e-03
   2.1966064e-01   6.9981975e-03
   2.1471351e-01   5.5074664e-03
   2.1406120e-01   5.0221840e-03
   2.1773118e-01   6.0178620e-03
   2.0693557e-01   8.5195731e-03
   2.0931043e-01   9.0091836e-03
   2.1232996e-01   7.0185355e-03
   2.1102898e-01   8.0224509e-03
   2.0606445e-01   6.5286461e-03
   2.0545258e-01   6.0089097e-03
   2.0306196e-01   7.5207243e-03
   2.0565169e-01   7.0171999e-03
   2.0845125e-01   6.0187234e-03
   2.0286577e-01   6.5116361e-03
   1.9958919e-01   5.5284353e-03
   2.0347497e-01   6.0282899e-03
   2.0715118e-01   7.0229342e-03
   2.0653416e-01   7.0025278e-03
   2.0196308e-01   8.5330678e-03
   1.9858610e-01   8.0023848e-03
   1.9750949e-01   4.5063760e-03
   2.0247767e-01   2.4996240e-03
   1.9840453e-01   4.9966465e-03
   2.0565932e-01   5.5135142e-03
   2.0305201e-01   9.0248691e-03
   1.9399144e-01   1.0038062e-02
   1.9343097e-01   7.5066264e-03
   1.9085949e-01   6.0070250e-03
   1.8977010e-01   2.0045735e-03
   1.9143511e-01   4.5184323e-03
   1.8995085e-01   5.0163112e-03
   1.8585436e-01   1.1029804e-02
   1.8475830e-01   9.5363438e-03
   1.8089164e-01   8.0339091e-03
   1.8588551e-01   6.0162567e-03
   1.8920755e-01   9.9937151e-04
   1.3167591e-01   3.0232594e-03
   1.2613466e-01   4.0207212e-03
   1.1876575e-01   3.5304803e-03
   1.1337402e-01   5.0353949e-03
   1.0714736e-01   3.5332025e-03
   1.0316953e-01   5.0436642e-03
   1.0725386e-01   3.5366909e-03
   1.0682833e-01   4.0260324e-03
   1.0435747e-01   4.0306407e-03
   8.7436640e-02   3.0198831e-03
   8.6065681e-02   3.0171104e-03
   8.2453830e-02   5.0443722e-03
   8.6065135e-02   3.5199621e-03
   8.7609388e-02   3.5301489e-03
   8.6494368e-02   1.0106751e-03
   7.8588806e-02   5.0452978e-03
   7.0721504e-02   2.0148249e-03
   7.2076947e-02   4.0334089e-03
   7.3147316e-02   3.5186198e-03
   6.6863673e-02   2.5189255e-03
   6.5513706e-02   1.0066277e-03
   5.9266571e-02   5.0492649e-04
   5.4005512e-02   2.0160652e-03
   5.2771346e-02   3.0272098e-03
   5.7746446e-02   5.0295907e-03
   6.1721038e-02   5.0388345e-04
   5.9031167e-02   3.5205577e-03
   5.1485048e-02   1.0091099e-03
   4.7670376e-02   2.5255572e-03
   4.3718320e-02   3.0249961e-03
   4.2307363e-02   2.0107698e-03
   4.9999781e-02   1.5077609e-03
   4.8814015e-02   1.5107930e-03
   3.2145824e-02   3.0257813e-03
   3.0828820e-02   4.5342982e-03
   3.6003516e-02  -2.5212884e-03
   3.0890847e-02   2.0192320e-03
   3.4717948e-02   1.5128137e-03
   2.6870066e-02   5.0186131e-04
   1.9268436e-02   3.0233833e-03
   1.6666537e-02   2.0116690e-03
   1.4144411e-02   0.0000000e+00
   8.9743197e-03   1.5088398e-03
   1.6683087e-02   1.0068273e-03
   8.9832138e-03   5.0344306e-04
   1.2845850e-03   0.0000000e+00
  -3.8423347e-03  -2.0098434e-03
  -7.7075061e-03   5.0394371e-04
  -1.0286437e-02   4.5399172e-03
  -7.7073744e-03   3.0236623e-03
  -6.4102564e-03   0.0000000e+00
  -1.7984155e-02   1.0078087e-03
  -2.3122530e-02   0.0000000e+00
  -2.6949444e-02  -2.0133878e-03
  -2.3122484e-02  -1.0077457e-03
  -2.3099603e-02  -1.5101269e-03
  -2.5717112e-02   0.0000000e+00
  -3.8497987e-02   4.5291101e-03
  -4.1066140e-02   0.0000000e+00
  -4.8766018e-02  -5.0310123e-04
  -5.0047798e-02  -4.0246591e-03
  -5.2460630e-02   0.0000000e+00
  -5.9032548e-02  -5.0293681e-04
  -6.9230635e-02   1.0044938e-03
  -6.9297896e-02  -3.0164477e-03
  -7.7150731e-02   2.0142601e-03
  -1.2679803e-01   0.0000000e+00
  -1.2564103e-01   0.0000000e+00
  -1.2142972e-01  -4.9930126e-03
  -1.1783045e-01  -3.0024699e-03
  -1.1806233e-01  -3.5097409e-03
  -1.1025593e-01  -1.5034780e-03
  -1.1549762e-01  -2.0059191e-03
  -1.1549762e-01   2.0059191e-03
  -1.1175889e-01   0.0000000e+00
  -1.1248423e-01  -3.9968645e-03
  -1.0245903e-01  -4.5081862e-03
  -1.0373659e-01  -6.0104482e-03
  -1.0128161e-01  -1.5043172e-03
  -8.4781946e-02  -2.0115370e-03
  -7.5714774e-02   2.5130167e-03
  -7.1793161e-02   3.5153532e-03
  -6.6600468e-02   2.0072198e-03
  -6.5384329e-02  -1.5069709e-03
  -6.9297457e-02  -3.5191890e-03
  -7.8127738e-02  -1.5046743e-03
  -7.1722885e-02  -3.0102003e-03
  -6.7948586e-02  -1.0045459e-03
  -6.1477803e-02  -5.0190214e-04
  -6.9504405e-02   2.0169213e-03
  -6.5320070e-02   1.0036599e-03
  -6.7814829e-02  -1.0025738e-03
  -6.2819016e-02  -3.5166065e-03
  -5.9090448e-02  -2.0137310e-03
  -5.3951621e-02  -3.0211147e-03
  -4.9950739e-02   0.0000000e+00
  -4.2224409e-02   0.0000000e+00
  -4.2348941e-02   2.5159408e-03
  -4.2349375e-02   1.0063763e-03
  -3.7179198e-02   2.0110120e-03
  -3.3398949e-02  -2.0151453e-03
  -3.9742024e-02  -4.5245133e-03
  -4.3632009e-02  -3.0190305e-03
  -3.9822057e-02  -1.0074326e-03
  -4.1146654e-02   3.0251912e-03
  -3.9821648e-02   2.5185815e-03
  -3.2082359e-02   3.0198110e-03
  -3.3431984e-02  -2.0171372e-03
  -2.8288477e-02  -2.5216582e-03
  -1.9228937e-02  -7.0406498e-03
  -1.9211813e-02  -5.0240819e-04
  -2.1815707e-02   4.0270736e-03
  -1.1538321e-02   2.5146938e-03
  -6.4229218e-03   5.0394642e-04
  -2.5691499e-03   2.0158063e-03
  -1.2833169e-03   0.0000000e+00
  -2.5640913e-03  -1.5088728e-03
  -2.5691687e-03  -5.0395159e-04
  -1.2871230e-03   1.5148507e-03
  -3.8574743e-03   3.5311417e-03
   8.9920905e-03   5.0394051e-04
   1.5399773e-02   1.0068395e-03
   1.5369391e-02  -1.5072838e-03
   5.1383173e-03   1.5118459e-03
   1.2871230e-02   1.5147772e-03
   2.1881092e-02   1.5146369e-03
   2.8260525e-02   2.5191676e-03
   3.5967747e-02   3.0225587e-03
   3.9861211e-02   2.0168563e-03
   4.2475060e-02  -1.5140435e-03
   4.7623179e-02   2.5230600e-03
   4.5003867e-02   3.5290431e-03
   1.2227699e-01   1.0054630e-03
   1.1572649e-01   1.5073921e-03
   1.1477717e-01   4.5359252e-03
   1.1759072e-01   4.0391744e-03
   1.2085334e-01   8.5388389e-03
   1.3088754e-01   6.5119879e-03
   1.2741950e-01   5.0254208e-03
   1.2767801e-01   1.5105890e-03
   1.2909575e-01   1.5119278e-03
   1.3128301e-01   4.0191602e-03
   1.3152173e-01   1.0067635e-02
   1.4014071e-01   8.0247123e-03
   1.4528114e-01   8.5225980e-03
   1.4458724e-01   1.5100533e-03
   1.4702026e-01   3.5192318e-03
   1.4084791e-01   5.0400843e-03
   1.4429420e-01   5.0236554e-03
   1.4686396e-01   7.0315758e-03
   1.5686510e-01   5.5089957e-03
   1.5475269e-01   5.5264526e-03
   1.6120960e-01   1.5063193e-03
   1.5635905e-01   3.0199831e-03
   1.7040505e-01   2.5107950e-03
   1.8237037e-01   7.0355721e-03
   2.1255290e-01   8.9788550e-03
   2.2307117e-01   9.9732288e-03
   2.2413382e-01   1.0460077e-02
   2.1707929e-01   6.5004374e-03
   2.2461864e-01   4.4915356e-03
   2.3857706e-01   5.4740461e-03
   2.4195352e-01   7.4463567e-03
   2.4007182e-01   9.9606098e-03
   2.4085167e-01   1.2921681e-02
   2.4994259e-01   3.9708767e-03
   2.5920119e-01   6.9465738e-03
   2.7520446e-01   8.9273385e-03
   2.8497441e-01   8.8958458e-03
   2.8003080e-01   1.3862523e-02
   2.8058764e-01   1.3888882e-02
   2.6764979e-01   1.4413849e-02
   2.6304851e-01   9.4220766e-03
   2.5458932e-01   4.4554183e-03
   2.4374412e-01   3.4810057e-03
   2.3190720e-01   3.4831655e-03
   2.1794337e-01   5.4888663e-03
   2.1920709e-01   9.4792311e-03
   2.1619090e-01   1.0460241e-02
   2.0563093e-01   1.0024571e-02
   2.0721543e-01   5.4852024e-03
   1.9919599e-01   4.5144705e-03
   1.9105653e-01   4.0085761e-03
   1.8182511e-01   7.5161093e-03
   1.8182233e-01   8.0171832e-03
   1.8128294e-01   7.9938479e-03
   1.8532873e-01   6.9985337e-03
   1.8423449e-01   4.5040496e-03
   1.8442016e-01   3.5065565e-03
   1.8810251e-01   3.5016883e-03
   1.8809373e-01   6.0028942e-03
   1.9304509e-01   7.9915551e-03
   1.9452460e-01   7.9981475e-03
   1.9029297e-01   1.1057408e-02
   1.7683965e-01   8.0293106e-03
   1.6346246e-01   3.0060317e-03
   1.3771137e-01   6.5278264e-03
   1.6748961e-02   3.0324540e-03
   2.7029226e-02   3.0290483e-03
   2.9573970e-02   3.5302438e-03
   2.9573753e-02   4.0345644e-03
   3.3399193e-02   5.0378633e-04
   3.8690305e-02  -1.5171854e-03
   3.8575649e-02   5.0422910e-04
   3.4751641e-02   3.5333911e-03
   4.7623179e-02   2.5230600e-03
   5.9148894e-02   2.0157188e-03
   6.8082705e-02   1.5097886e-03
   6.9435896e-02   1.5111990e-03
   7.6014513e-02   3.0275342e-03
   7.5938770e-02   3.5286380e-03
   8.3742171e-02   5.0440539e-03
   9.1382511e-02   4.5333671e-03
   1.0918711e-01   3.5152902e-03
   1.1466343e-01   4.5314645e-03
   1.1595275e-01   4.0276171e-03
   1.2263933e-01   3.0252962e-03
   1.3412639e-01   1.5098423e-03
   1.4028871e-01   5.5223892e-03
   1.4284601e-01   9.5366394e-03
   1.4813442e-01   1.0546193e-02
   1.5702478e-01   4.0104522e-03
   1.5862463e-01   4.5200445e-03
   1.7169507e-01   3.0125670e-03
   1.8072407e-01   5.5179317e-03
   1.8570844e-01   4.0069384e-03
   1.7811780e-01   1.0035302e-02
   1.7813317e-01   7.5264768e-03
   1.7889607e-01   6.5030604e-03
   1.8773409e-01   1.4978155e-03
   1.8847469e-01   4.0097142e-03
   1.8329645e-01   7.5224003e-03
   1.8199989e-01   8.5265537e-03
   1.8329365e-01   8.0238936e-03
   1.8570323e-01   5.5095403e-03
   1.8570515e-01   5.0086730e-03
   1.8312915e-01   4.0080442e-03
   1.8829133e-01   2.5036363e-03
   1.9215504e-01   4.5046243e-03
   1.9381247e-01   8.0226409e-03
   1.9596146e-01   1.3508000e-02
   2.1128991e-01   4.4901342e-03
   2.1665131e-01   5.9888203e-03
   2.1860004e-01   4.0034917e-03
   2.1901501e-01   8.0225091e-03
   2.1835471e-01   8.9991480e-03
   2.2330097e-01   8.9845640e-03
   2.2801521e-01   8.4634318e-03
   2.3576133e-01   5.9680483e-03
   2.3386704e-01   7.9831484e-03
   2.3541718e-01   3.4953852e-03
   2.4317433e-01   4.4892922e-03
   2.4087945e-01   1.0436743e-02
   2.4495821e-01   1.2927121e-02
   2.4989633e-01   1.0423551e-02
   2.5042600e-01   6.4650321e-03
   2.4729309e-01   5.9882211e-03
   2.4680689e-01   4.9806089e-03
   2.4525932e-01   6.9674322e-03
   2.4396126e-01   7.9642169e-03
   2.4475789e-01   8.9409793e-03
   2.4030550e-01   1.0468693e-02
   2.3773942e-01   8.4776538e-03
   1.5784305e-01   3.9982749e-03
   1.5846876e-01   4.0138937e-03
   1.6669684e-01   3.0170459e-03
   1.6426486e-01   6.5449639e-03
   1.6021831e-01   8.0504071e-03
   1.5716797e-01   7.5269431e-03
   1.5557567e-01   6.5113943e-03
   1.5830907e-01   5.0124720e-03
   1.4401132e-01   4.0110704e-03
   1.4043166e-01   4.0202176e-03
   1.3914658e-01   2.0103206e-03
   1.3758413e-01   3.0098959e-03
   1.3641398e-01   9.0394622e-03
   1.3987173e-01   6.0067877e-03
   1.3886418e-01   5.5175687e-03
   1.3140795e-01   6.0346549e-03
   1.2509865e-01   1.5108777e-03
   1.1958363e-01   2.0093208e-03
   1.1583954e-01   3.0177456e-03
   1.1090042e-01   7.5618141e-03
   1.0939688e-01   6.5412327e-03
   1.0316846e-01   5.5480306e-03
   1.0029595e-01   2.0118255e-03
   9.9010880e-02   0.0000000e+00
   9.5528973e-02   3.5356501e-03
   1.0029433e-01   3.5206947e-03
   9.8814196e-02   2.5100346e-03
   1.0039481e-01   2.5172570e-03
   9.2205293e-02   8.0192581e-03
   9.1290343e-02   5.5353284e-03
   8.3663366e-02   0.0000000e+00
   7.9801824e-02   1.0080036e-03
   7.3510603e-02   3.0308723e-03
   7.7147562e-02   5.0356502e-03
   7.4579296e-02   1.5108689e-03
   6.5705396e-02   5.0480651e-03
   6.2026331e-02   3.5446751e-03
   6.3193667e-02   2.5267782e-03
   5.5290465e-02   3.5279677e-03
   5.5127776e-02   2.0100278e-03
   5.3793103e-02   0.0000000e+00
   4.3761840e-02   2.5233231e-03
   4.4960123e-02   2.0146058e-03
   3.4752049e-02   2.5238508e-03
   3.4717948e-02   1.5128137e-03
   3.2050020e-02   4.5252521e-03
   3.2082859e-02   1.0066037e-03
   2.4455338e-02   1.5145835e-03
   2.3099693e-02   5.0337562e-04
   1.7913169e-02   2.5096043e-03
   1.1526954e-02   2.5122165e-03
   8.9654781e-03   1.5073533e-03
   6.3913471e-03   0.0000000e+00
   5.1281428e-03  -2.5147733e-03
  -1.2820413e-03   2.0118333e-03
  -2.5641013e-03  -5.0295760e-04
  -1.4130373e-02   1.5117684e-03
  -1.4102564e-02   0.0000000e+00
  -7.6771505e-03   1.0039195e-03
  -1.1527088e-02   5.0244330e-04
  -1.0236216e-02  -5.0195294e-04
  -1.5399795e-02  -5.0341976e-04
  -2.4382831e-02  -2.0134662e-03
  -3.0830040e-02   0.0000000e+00
  -1.9211813e-02   5.0240819e-04
  -1.9192913e-02   0.0000000e+00
  -1.9230620e-02   2.0116142e-03
  -4.2389235e-02  -5.0368485e-03
  -4.9901575e-02   0.0000000e+00
  -5.6410147e-02   1.0049715e-03
  -5.7635468e-02   0.0000000e+00
  -6.4292779e-02   0.0000000e+00
  -6.0315629e-02  -1.5087422e-03
  -7.0512272e-02  -2.0088814e-03
  -7.0582291e-02  -1.0054293e-03
  -7.3004926e-02   0.0000000e+00
  -7.6999013e-02   0.0000000e+00
  -8.5897394e-02   5.0186423e-04
  -8.2290732e-02  -5.0344331e-03
  -8.3168647e-02  -2.0037775e-03
  -8.0927866e-02  -2.5148944e-03
  -8.3169251e-02   5.0094437e-04
  -8.0768877e-02  -1.5059719e-03
  -7.9330670e-02   5.0103647e-04
  -7.5565916e-02  -2.0064653e-03
  -7.5640695e-02  -1.5063280e-03
  -7.0582119e-02  -1.5081440e-03
  -7.0512683e-02  -1.0044407e-03
  -6.6732185e-02  -1.5083792e-03
  -6.3976254e-02   1.0027235e-03
  -5.6410256e-02   0.0000000e+00
  -4.3503916e-02  -5.0168767e-04
  -3.4581130e-02  -1.5068561e-03
  -2.9545455e-02   0.0000000e+00
  -3.3299184e-02   4.5206846e-03
  -3.8535668e-02   5.0373128e-03
  -3.7142569e-02   2.0090324e-03
  -3.9703489e-02  -3.5156021e-03
  -4.2388324e-02  -6.0442182e-03
  -4.6105152e-02  -6.0257677e-03
  -4.3675868e-02  -5.0366839e-04
  -3.9822115e-02   5.0371629e-04
  -3.2082156e-02   3.5231129e-03
  -2.1815324e-02   5.0338420e-03
  -1.5338870e-02   3.5100801e-03
  -1.2820357e-02  -2.5146706e-03
  -1.2845844e-02  -5.0392797e-04
  -1.9249744e-02   5.0339990e-04
  -2.1794829e-02  -1.0057758e-03
  -1.4102502e-02   1.5087870e-03
  -3.8537531e-03   5.0395035e-04
   0.0000000e+00   1.0079051e-03
   1.2820457e-03   1.5088750e-03
   7.7227685e-03   5.0494159e-04
   8.9743197e-03   1.5088398e-03
   1.2832862e-02   3.5240139e-03
   2.1816387e-02   0.0000000e+00
   3.0799230e-02  -2.5165692e-03
   2.7002915e-02  -1.0086845e-03
   3.4718033e-02   1.0085425e-03
   3.5930754e-02   5.5358916e-03
   3.5894015e-02   7.0387371e-03
   4.2349375e-02   1.0063763e-03
   4.7435321e-02   2.5131204e-03
   4.5004395e-02  -2.5207451e-03
   4.3675868e-02  -5.0366839e-04
   3.9900990e-02   0.0000000e+00
   4.3631052e-02   4.5285457e-03
   4.7385276e-02   6.5276840e-03
   4.6105667e-02   5.5236204e-03
   5.0048749e-02   2.5154119e-03
   5.2667881e-02  -1.0070790e-03
   4.8813633e-02  -2.5179883e-03
   5.1433318e-02   3.0243400e-03
   1.0188086e-01   4.5396508e-03
   1.0533551e-01   1.5069190e-03
   1.1466776e-01  -1.0069921e-03
   1.0918839e-01   2.5109215e-03
   1.1852738e-01   5.0336287e-03
   1.1981007e-01   7.0464453e-03
   1.2367655e-01   6.5413219e-03
   1.2612817e-01   6.5336720e-03
   1.2742268e-01   3.5177946e-03
   1.2754301e-01   6.0364248e-03
   1.4144384e-01  -1.0029828e-03
   1.3900656e-01   3.5146172e-03
   1.4069252e-01   9.0632470e-03
   1.3810849e-01   9.5687756e-03
   1.4528967e-01   6.5172808e-03
   1.4271992e-01   6.0172541e-03
   1.4158166e-01   3.0118927e-03
   1.4144238e-01   2.5074571e-03
   1.4787274e-01   1.5036566e-03
   1.4672915e-01   3.5123507e-03
   1.5331643e-01   3.5138034e-03
   1.5170692e-01   9.0188958e-03
   1.5443092e-01   9.0256281e-03
   1.4929456e-01   6.5214853e-03
   1.4915742e-01   2.5058149e-03
   1.4915896e-01   1.0023259e-03
   1.5059406e-01   0.0000000e+00
   1.4442625e-01   8.0457255e-03
   1.4284328e-01   1.0038568e-02
   1.4198069e-01   9.5657398e-03
   1.4429108e-01   6.0283865e-03
   1.5316712e-01   2.0059269e-03
   1.6105047e-01  -5.0161632e-04
   1.5847179e-01   2.5086835e-03
   1.5717761e-01   5.0179621e-03
   1.5374058e-01   1.1075861e-02
   1.6118169e-01   9.5400220e-03
   1.6456344e-01   9.0082076e-03
   1.7229782e-01   4.5006987e-03
   1.7926508e-01  -1.5036283e-03
   1.8442016e-01  -3.5065565e-03
   1.7168592e-01   6.0251340e-03
   1.7067523e-01   1.4591100e-02
   1.7792148e-01   1.2531912e-02
   1.7632203e-01   6.5047878e-03
   1.7375207e-01   5.5054929e-03
   1.7118803e-01   5.0062859e-04
   1.6716049e-01   1.5009951e-03
   1.7023273e-01   4.0133538e-03
   1.6759862e-01   1.3548504e-02
   1.7162696e-01   1.4560740e-02
   1.8052349e-01   9.5216966e-03
   1.8331100e-01   4.0119468e-03
   1.9622167e-01  -3.5054744e-03
   1.9880746e-01  -1.5019031e-03
   1.9510754e-01   7.5201320e-03
   1.9852897e-01   1.4504322e-02
   2.0900253e-01   1.8000926e-02
   2.1982443e-01   1.1439891e-02
   2.2075080e-01   2.9958420e-03
   2.1213930e-01   0.0000000e+00
   2.0267873e-01   2.5020474e-03
   1.9879648e-01   5.5069781e-03
   1.9044129e-01   1.1990760e-02
   1.8693692e-01   1.3521533e-02
   1.8291749e-01   1.0010373e-02
   1.8073343e-01   2.0065206e-03
   1.0028256e-01   8.5502584e-03
   1.0187043e-01   8.5748959e-03
   9.6719337e-02   6.0546921e-03
   9.8210542e-02   1.0110355e-03
   8.9076421e-02  -5.0527007e-04
   9.9403387e-02   2.0199228e-03
   1.1712779e-01  -2.0116534e-03
   1.1572338e-01   4.0197122e-03
   1.8091912e-01   8.9756614e-03
   1.8441154e-01   6.0112397e-03
   1.8054667e-01   5.0114192e-03
   1.9363676e-01   4.5083515e-03
   2.1817279e-01   0.0000000e+00
   2.1665377e-01   5.4897519e-03
   2.1123349e-01   1.2472595e-02
   2.0738381e-01   1.0981008e-02
   2.0135443e-01   9.5092130e-03
   2.0286827e-01   6.0107410e-03
   1.9492382e-01   5.5094075e-03
   2.0287268e-01   5.0089508e-03
   2.0335826e-01   4.4899473e-03
   2.0912357e-01   5.5002828e-03
   1.9856802e-01   1.0503130e-02
   1.8955311e-01   9.0118182e-03
   1.8403631e-01   7.9994272e-03
   1.7684941e-01   6.0219830e-03
   1.6911210e-01   3.5155612e-03
   1.7556053e-01   5.5208808e-03
   1.7039505e-01   6.0259079e-03
   1.6165625e-01   1.0575231e-02
   1.6490410e-01   6.0171872e-03
   1.7961792e-01   3.5153106e-03
   1.8958184e-01   2.0026263e-03
   2.0613245e-01   5.4913481e-03
   1.9658179e-01   9.5333711e-03
   1.9361690e-01   8.5157750e-03
   1.9562477e-01   6.9905861e-03
   1.9897756e-01   8.5190508e-03
   2.0699683e-01   7.9707799e-03
   2.2933046e-01   3.4843532e-03
   2.2804208e-01   3.4849425e-03
   2.2374521e-01   9.0019297e-03
   2.2327841e-01   1.1480276e-02
   2.2282557e-01   1.2454534e-02
   2.0887883e-01   1.0989927e-02
   2.0869845e-01   7.4858927e-03
   2.1258662e-01   4.9882528e-04
   1.9402370e-01   4.0152249e-03
   1.8773075e-01   7.0385285e-03
   1.8329645e-01   7.5224003e-03
   1.6359835e-01   9.5283875e-03
   1.5185432e-01   9.5292444e-03
   1.4286877e-01   3.0115703e-03
   1.3541607e-01   1.5096887e-03
   1.3270506e-01   1.5085134e-03
   1.2767757e-01   2.0141187e-03
   1.2496780e-01   5.5344448e-03
   1.2458917e-01   8.0264551e-03
   1.2857927e-01   5.0200133e-03
   1.2742268e-01   3.5177946e-03
   1.1208766e-01   4.0286596e-03
   6.2940239e-02   6.0403545e-03
   6.2877350e-02   6.5372727e-03
   6.5448874e-02   1.5084547e-03
   6.5578346e-02  -1.5114313e-03
   6.3068534e-02  -2.5217865e-03
   6.4356436e-02   0.0000000e+00
   6.3066803e-02   4.5392156e-03
   6.9362713e-02   6.0388399e-03
   7.0432275e-02   9.0310859e-03
   6.6929512e-02   3.0256955e-03
   6.5577480e-02   3.0228625e-03
   7.3148492e-02  -2.0106399e-03
   6.4292654e-02   1.0076705e-03
   6.1534841e-02   5.5263561e-03
   5.8970230e-02   6.0293021e-03
   5.5013690e-02   7.5227931e-03
   5.6410147e-02   1.0049715e-03
   6.0315423e-02  -2.0116563e-03
   5.2772251e-02   5.0453496e-04
   5.0148147e-02   1.5122284e-03
   4.3588387e-02   4.0214086e-03
   4.4911802e-02   7.0441679e-03
   5.0095293e-02   6.0429452e-03
   4.4869613e-02   5.0265923e-03
   4.9999125e-02  -3.0155219e-03
   3.4683778e-02   5.0377330e-04
   2.5717112e-02   0.0000000e+00
   1.9267420e-02   6.0467666e-03
   2.0532580e-02   3.5237461e-03
   2.1794829e-02   1.0057758e-03
   1.4158076e-02   3.5344439e-03
   2.5691700e-03   0.0000000e+00
  -1.2871281e-03   5.0495025e-04
  -9.0009495e-03  -1.5133168e-03
  -2.5717061e-03   1.0089001e-03
   0.0000000e+00   0.0000000e+00
  -6.4290767e-03   4.0355590e-03
  -1.1572649e-02   1.5132932e-03
  -2.0553360e-02   0.0000000e+00
  -2.8316818e-02  -5.0483075e-04
  -3.5931752e-02   4.0261030e-03
  -3.0891074e-02   5.0480800e-04
  -3.3431836e-02   2.5214215e-03
  -3.3398411e-02  -3.5265043e-03
  -4.7342520e-02   0.0000000e+00
  -6.0375229e-02   1.5102299e-03
  -6.5448364e-02   2.5140912e-03
  -6.9298571e-02  -2.0109651e-03
  -7.1794872e-02   0.0000000e+00
  -7.3146781e-02  -4.0212797e-03
  -7.8590775e-02  -3.5317084e-03
  -8.0926918e-02  -3.5208522e-03
  -9.3681402e-02   2.0086116e-03
  -9.2215630e-02   2.5060182e-03
  -8.7179445e-02  -5.0183143e-04
  -8.4448164e-02  -2.0036509e-03
  -7.9717431e-02  -6.0420616e-03
  -8.7093554e-02  -5.0133922e-04
  -8.6321566e-02  -3.0260417e-03
  -8.9832182e-02   0.0000000e+00
  -9.3773055e-02   3.0158792e-03
  -8.9654085e-02   2.5063619e-03
  -8.7175248e-02  -5.0183143e-03
  -1.0118050e-01  -3.0056880e-03
  -1.0651509e-01  -1.0035472e-03
  -1.0147979e-01  -3.5169683e-03
