   6.9630817e-02  -1.1169660e-01
   5.8771416e-02  -6.2394829e-02
   5.6067782e-02  -6.0730620e-02
   6.2354062e-02  -5.4780515e-02
   5.5904864e-02  -5.0696400e-02
   5.1906316e-02  -5.0090094e-02
   5.7041360e-02  -4.4371398e-02
   5.5721974e-02  -4.0762333e-02
   5.1586159e-02  -3.9550775e-02
   4.9003066e-02  -4.0060926e-02
   4.3586225e-02  -3.9829115e-02
   3.3230074e-02  -4.0223466e-02
   2.6800523e-02  -4.3202577e-02
   2.6904453e-02  -3.7284464e-02
   2.1904122e-02  -3.9030213e-02
   1.6820459e-02  -3.7661501e-02
   2.4470923e-02  -3.4939164e-02
   2.4343152e-02  -2.9195260e-02
   2.6890901e-02  -3.3724245e-02
   2.8302879e-02  -2.7793196e-02
   2.3177259e-02  -2.8834689e-02
   1.6789875e-02  -2.8415533e-02
   2.4654174e-02  -3.1104386e-02
   1.8200246e-02  -3.2191222e-02
   1.9510646e-02  -3.5803370e-02
   2.0725676e-02  -3.6678631e-02
   1.6817960e-02  -3.8679379e-02
   2.0627968e-02  -4.1606668e-02
   2.8435929e-02  -4.4270768e-02
   2.9707099e-02  -4.8340560e-02
   3.7342459e-02  -4.8696149e-02
   3.7275883e-02  -4.7587024e-02
   3.8458004e-02  -5.6135858e-02
   4.0905175e-02  -6.0058972e-02
   4.6025087e-02  -6.3646321e-02
   4.8426323e-02  -6.8556931e-02
   4.7179065e-02  -7.0141069e-02
   4.0677229e-02  -6.6860206e-02
   4.2073182e-02  -7.4261582e-02
   4.6873300e-02  -7.5821561e-02
   4.4577925e-02  -7.7792657e-02
   5.4569811e-02  -8.3159239e-02
   4.8405674e-02  -9.2891657e-02
   5.0532877e-02  -9.9397327e-02
   5.5992254e-02  -1.0118991e-01
   5.3283104e-02  -1.0404247e-01
   5.5829726e-02  -1.0616908e-01
   5.5826801e-02  -1.0881729e-01
   6.0929801e-02  -1.1258038e-01
   6.9629727e-02  -1.1649761e-01
   7.0589544e-02  -1.2184414e-01
   7.5435168e-02  -1.2094810e-01
   7.9211816e-02  -1.2522184e-01
   9.0145721e-02  -1.2352140e-01
   9.3947335e-02  -1.2891658e-01
   9.3641452e-02  -1.2740170e-01
   9.7637128e-02  -1.2611109e-01
   9.4322548e-02  -1.2676474e-01
   9.5756711e-02  -1.2269911e-01
   9.5030504e-02  -1.2128126e-01
   9.1211522e-02  -1.2398004e-01
   9.2827242e-02  -1.2229639e-01
   9.6631890e-02  -1.1794028e-01
   1.0040175e-01  -1.1893370e-01
   9.7109238e-02  -1.1101401e-01
   1.0354122e-01  -1.0994743e-01
   9.6880160e-02  -1.0435311e-01
   9.4621629e-02  -9.8866866e-02
   5.0229247e-02  -5.2788874e-02
   4.7832480e-02  -4.8877710e-02
   4.1462366e-02  -4.7453139e-02
   3.7571780e-02  -4.7967781e-02
   3.6266135e-02  -4.3842817e-02
   4.5230818e-02  -3.9128726e-02
   4.5521628e-02  -3.6296598e-02
   3.8874058e-02  -3.4120544e-02
   2.9935810e-02  -3.0683913e-02
   2.9807354e-02  -3.3108145e-02
   3.6290766e-02  -2.2895254e-02
   3.4932447e-02  -2.0311382e-02
   2.5900603e-02  -2.0843314e-02
   1.9426233e-02  -2.0336709e-02
   2.9678987e-02  -1.5189683e-02
   3.5993816e-02  -1.2102184e-02
   3.5894015e-02  -7.0387371e-03
   3.3300089e-02  -2.5114914e-03
   2.7002848e-02  -1.5130267e-03
   2.3122530e-02   0.0000000e+00
   2.1837945e-02   0.0000000e+00
   2.1964675e-02   9.1239459e-03
   2.8424354e-02   9.6299043e-03
   2.5887055e-02   1.3712419e-02
   2.9858451e-02   1.4261970e-02
   2.8447447e-02   1.3698211e-02
   7.8350976e-03   2.8218802e-02
   9.1335820e-03   3.4888471e-02
   1.5584657e-02   3.2159842e-02
   1.6835927e-02   3.8208566e-02
   2.1872206e-02   4.2029761e-02
   2.8193970e-02   4.1859527e-02
   2.2869486e-02   5.1593114e-02
   3.1771431e-02   5.5145583e-02
   2.4164642e-02   5.6210644e-02
   2.8016067e-02   5.9335149e-02
   2.1636222e-02   6.5943331e-02
   2.2936933e-02   6.4999601e-02
   1.2772473e-02   7.1335775e-02
   1.5362243e-02   6.2227733e-02
   2.0495595e-02   6.3805253e-02
   2.5491862e-02   7.1688916e-02
   2.5385856e-02   7.6006905e-02
   2.6454656e-02   8.1562662e-02
   2.5142940e-02   8.8069398e-02
   3.1399266e-02   8.4891304e-02
   2.3969187e-02   8.9422758e-02
   2.7682148e-02   9.1247089e-02
   2.5141858e-02   9.9468377e-02
   1.2552000e-02   1.0089078e-01
   1.0062546e-02   1.0058859e-01
   5.0360533e-03   1.0069023e-01
   5.0579350e-03   9.6949735e-02
   5.0917176e-03   9.4989286e-02
   1.2693352e-03   9.7335936e-02
   6.3284659e-03   9.7045389e-02
   1.2654623e-03   9.7551984e-02
   0.0000000e+00   9.2772861e-02
  -5.0257406e-03   9.2681013e-02
  -8.8254357e-03   8.5248718e-02
  -6.2898301e-03   8.6083360e-02
   5.1242869e-03   3.7796147e-02
   1.4085710e-02   3.3729502e-02
   1.2876255e-02   2.8837867e-02
   1.1551788e-02   2.0661238e-02
   1.9391891e-02   1.7251810e-02
   1.6861020e-02   1.2723480e-02
   2.2048467e-02   1.3231629e-02
   2.8509866e-02   9.1503415e-03
   3.6394741e-02   8.6666034e-03
   4.0219561e-02   0.0000000e+00
   2.7354490e-02  -2.0436358e-03
   3.2522351e-02  -1.2758768e-02
   4.4305707e-02  -1.7893309e-02
   4.2959562e-02  -1.7876002e-02
   3.3677218e-02  -1.8298938e-02
   3.0956205e-02  -2.1265064e-02
   3.3596667e-02  -2.3335476e-02
   4.5198425e-02  -2.9415003e-02
   5.5413145e-02  -3.0359623e-02
   6.4291018e-02  -3.2309215e-02
   5.7922694e-02  -3.1843284e-02
   6.1521351e-02  -3.4230293e-02
   6.1444204e-02  -3.6208141e-02
   6.2976094e-02  -3.5844774e-02
   6.9635935e-02  -4.0031807e-02
   5.6969738e-02  -4.5855633e-02
   5.5910372e-02  -5.0184315e-02
   5.1972721e-02  -5.3775659e-02
   5.2100024e-02  -5.6506501e-02
   5.8586185e-02  -5.8548661e-02
   6.3702644e-02  -5.5857725e-02
   6.7767014e-02  -5.8587412e-02
   6.8570488e-02  -6.3851669e-02
   7.3617001e-02  -6.6834968e-02
   7.7181508e-02  -7.0692303e-02
   6.5694976e-02  -7.6553415e-02
   6.2929151e-02  -7.9974049e-02
   6.1556275e-02  -8.1424921e-02
   7.4285714e-02  -8.5451084e-02
   7.8165986e-02  -8.3910275e-02
   7.7660758e-02  -8.8555046e-02
   8.1140502e-02  -9.4927901e-02
   8.2616144e-02  -9.6216880e-02
   8.4885450e-02  -9.9551494e-02
   8.8551152e-02  -1.0357330e-01
   8.7397473e-02  -1.0794260e-01
   8.4672960e-02  -1.0612088e-01
   9.1055021e-02  -1.0933172e-01
   9.3626113e-02  -1.1308248e-01
   9.5657069e-02  -1.1829115e-01
   8.7282210e-02  -1.2058329e-01
   8.3468564e-02  -1.2111649e-01
   8.1037402e-02  -1.2290385e-01
   8.7282210e-02  -1.2058329e-01
   9.4534991e-02  -1.1954739e-01
   9.0753591e-02  -1.1957340e-01
   8.1480772e-02  -1.1628810e-01
   8.9240412e-02  -1.1922735e-01
   8.5290289e-02  -1.1952076e-01
   9.0688053e-02  -1.1894887e-01
   8.3194820e-02  -1.2177055e-01
   8.3178399e-02  -1.2443096e-01
   7.8491692e-02  -1.1645017e-01
   7.9967963e-02  -1.1730158e-01
   7.4835786e-02  -1.1670355e-01
   7.3815717e-02  -1.1820136e-01
   4.4427496e-02  -5.5659738e-02
   3.8017150e-02  -4.9583465e-02
   4.3016366e-02  -4.1536472e-02
   4.0330299e-02  -3.4256263e-02
   3.6325681e-02  -3.2627213e-02
   2.8556840e-02  -2.8043214e-02
   2.8618494e-02  -2.6566692e-02
   3.4994667e-02  -2.2895881e-02
   2.9822132e-02  -1.7809680e-02
   2.4546269e-02  -1.1657961e-02
   1.4268892e-02  -9.6700760e-03
   9.0622887e-03  -9.1432041e-03
   7.7761135e-03  -6.1015857e-03
  -5.2156233e-03  -1.5345915e-03
   0.0000000e+00   2.5500000e-03
   0.0000000e+00   5.5988024e-03
   0.0000000e+00   7.6119403e-03
  -9.0362973e-03   5.0644258e-03
  -7.7376345e-03   5.5653776e-03
  -3.8595686e-03   1.5653396e-02
   0.0000000e+00   1.6646884e-02
   1.2910123e-03   2.2306152e-02
  -2.5772024e-03   3.0893683e-02
  -1.2849382e-03   2.9792065e-02
  -6.4452006e-03   3.5993591e-02
  -1.5465175e-02   3.7512242e-02
  -1.9427506e-02   3.7698065e-02
  -1.5577421e-02   3.5733158e-02
  -1.4236857e-02   4.2285159e-02
   0.0000000e+00   5.2619048e-02
  -3.8349343e-03   5.5489370e-02
   3.8218804e-03   6.1924704e-02
   7.6122199e-03   6.6760647e-02
   6.3474474e-03   7.1922203e-02
  -1.1441193e-02   7.4078098e-02
  -1.0161208e-02   7.7102334e-02
  -2.5438645e-03   7.5667508e-02
   5.0704110e-03   8.0552185e-02
   0.0000000e+00   8.6432111e-02
  -6.3264723e-03   9.2313411e-02
  -2.5126110e-03   9.5781526e-02
  -6.3202784e-03   1.0321302e-01
  -5.0629935e-03   1.0230307e-01
   0.0000000e+00   1.0574405e-01
   0.0000000e+00   1.0675595e-01
  -1.0074772e-02   1.1018484e-01
  -1.5217941e-02   1.1258931e-01
  -1.8977484e-02   1.1818853e-01
  -1.2622162e-02   1.1897714e-01
  -1.3940178e-02   1.1894174e-01
  -1.2666445e-02   1.1780411e-01
  -1.5199734e-02   1.1780152e-01
  -2.4016865e-02   1.2021811e-01
  -2.6529760e-02   1.1692353e-01
  -2.2651864e-02   1.2126413e-01
  -2.7705479e-02   1.2188309e-01
  -3.1520555e-02   1.1453720e-01
  -3.1540542e-02   1.1301680e-01
  -3.6744831e-02   1.0978463e-01
  -3.4292898e-02   1.0369125e-01
  -3.3086142e-02   1.0390102e-01
  -2.9229116e-02   9.9535639e-02
  -3.5386852e-02   1.0105129e-01
  -3.7870557e-02   9.8828903e-02
  -3.9264786e-02   9.4979960e-02
  -3.5486602e-02   9.0351425e-02
  -3.1797499e-02   8.8602292e-02
   2.5898444e-03   2.1864363e-02
   2.5924243e-03   2.1886184e-02
   1.8134526e-02   1.7794877e-02
   1.8085412e-02   1.3179638e-02
   2.1989353e-02   4.0591208e-03
   2.3353293e-02   0.0000000e+00
   2.5894565e-02  -6.0944085e-03
   2.3353003e-02  -2.5444996e-03
   2.9899940e-02   1.0197303e-03
   3.2597793e-02   0.0000000e+00
   3.6290838e-02  -2.0331062e-03
   3.6359554e-02  -7.6393696e-03
   4.7961877e-02  -2.1362686e-02
   4.4010939e-02  -2.5917317e-02
   3.3514977e-02  -4.2612608e-02
   3.6080000e-02  -5.0269300e-02
   5.1593751e-02  -5.0299000e-02
   6.3393504e-02  -5.9717644e-02
   7.0187473e-02  -5.6867855e-02
   6.1041855e-02  -5.5807121e-02
   6.7543490e-02  -6.4111551e-02
   8.1485922e-02  -7.2638462e-02
   7.2636281e-02  -7.3401281e-02
   7.5982578e-02  -8.0681319e-02
   9.2321476e-02  -8.4950094e-02
   8.0547836e-02  -9.3654327e-02
   8.6613320e-02  -1.0645038e-01
   9.2100827e-02  -1.0316453e-01
   9.0768012e-02  -1.0470419e-01
   8.7017232e-02  -9.9518044e-02
   9.2204891e-02  -9.7449329e-02
   9.5882259e-02  -9.9369097e-02
   1.0979744e-01  -1.0019997e-01
   1.0839232e-01  -1.0590915e-01
   1.1417063e-01  -1.2074274e-01
   1.1071222e-01  -1.2496388e-01
   1.0631294e-01  -1.3024022e-01
   1.0422519e-01  -1.2975837e-01
   1.0170849e-01  -1.2708740e-01
   1.0317185e-01  -1.3170388e-01
   1.0586779e-01  -1.3297797e-01
   1.0547405e-01  -1.3850808e-01
   1.0737065e-01  -1.4035264e-01
   1.0622342e-01  -1.4218607e-01
   1.0502964e-01  -1.4285474e-01
   1.0256749e-01  -1.4743438e-01
   9.5971554e-02  -1.5265066e-01
   9.6060921e-02  -1.5280472e-01
   1.0562173e-01  -1.5296552e-01
   1.0809645e-01  -1.5176060e-01
   1.1203832e-01  -1.4696013e-01
   1.1504149e-01  -1.5194354e-01
   1.1046645e-01  -1.5040752e-01
   1.0337667e-01  -1.4229512e-01
   1.0046832e-01  -1.4393404e-01
   1.0086577e-01  -1.4013039e-01
   1.0341894e-01  -1.4346232e-01
   1.0214461e-01  -1.4566962e-01
   1.0206239e-01  -1.4720838e-01
   1.0025311e-01  -1.3724737e-01
   1.0004597e-01  -1.3529745e-01
   1.0173004e-01  -1.3093683e-01
   1.0038933e-01  -1.2812259e-01
   9.2984847e-02  -1.2523083e-01
   9.4009437e-02  -1.2216512e-01
   8.5174627e-02  -1.2069151e-01
   8.0563227e-02  -1.1875978e-01
   5.0395921e-02  -4.5773724e-02
   4.9262993e-02  -4.4382318e-02
   4.7847908e-02  -4.1199466e-02
   4.5282958e-02  -3.0489917e-02
   4.1469411e-02  -2.4418688e-02
   4.7713699e-02  -2.3787325e-02
   3.7378268e-02  -1.7701009e-02
   3.2234387e-02  -1.1127531e-02
   3.7391061e-02  -1.1632092e-02
   2.9686871e-02  -9.6201326e-03
   1.9362578e-02  -7.0895809e-03
   1.5520421e-02  -8.1188243e-03
   1.8090727e-02  -4.5621825e-03
   1.5568482e-02  -3.5626188e-03
   2.1924431e-02   2.0235218e-03
   1.6748434e-02   5.0540899e-03
   1.1594523e-02   7.0760317e-03
   5.1576110e-03   1.0624916e-02
   0.0000000e+00   1.4194831e-02
   1.2993349e-03   1.6319992e-02
   2.5923122e-03   2.2395165e-02
   0.0000000e+00   2.6036036e-02
  -9.1054057e-03   2.7083502e-02
  -1.4317126e-02   3.0690208e-02
  -9.1058843e-03   2.6572493e-02
  -3.9127253e-03   3.0241069e-02
   2.6000806e-03   3.9388085e-02
   7.7763144e-03   4.5945117e-02
   7.7536132e-03   5.0948136e-02
   7.7075400e-03   5.5764416e-02
   5.1238068e-03   5.5093720e-02
   0.0000000e+00   6.3056380e-02
  -2.5528872e-03   6.2047356e-02
  -1.2775365e-03   6.2613831e-02
   2.5522242e-03   6.7158284e-02
   3.8213850e-03   6.6521447e-02
   5.0997796e-03   7.4300705e-02
  -1.2755536e-03   7.9513367e-02
  -1.0199760e-02   8.1030214e-02
  -1.2737724e-02   8.4067354e-02
  -1.5364418e-02   8.6607164e-02
  -1.1538304e-02   8.5676530e-02
  -1.1530116e-02   9.0867183e-02
  -1.4037882e-02   9.0503032e-02
  -1.5280604e-02   9.3967392e-02
  -1.0176062e-02   9.7018832e-02
  -1.0125891e-02   9.9669480e-02
   2.5233016e-03   1.0300970e-01
  -5.0195365e-03   1.1400504e-01
  -1.1337103e-02   1.0704526e-01
  -7.5489307e-03   1.1007727e-01
  -5.0178372e-03   1.1714760e-01
  -6.3027682e-03   1.1507810e-01
  -1.2565954e-02   1.1310337e-01
  -1.4993867e-02   1.1718114e-01
  -1.3770564e-02   1.1265609e-01
  -1.6330362e-02   1.1624407e-01
  -1.6378660e-02   1.1394284e-01
  -1.8882437e-02   1.1118692e-01
  -1.8931075e-02   1.0725003e-01
  -1.3853695e-02   1.0754808e-01
  -2.1394239e-02   1.0692850e-01
  -2.5213859e-02   1.0238353e-01
  -2.6459290e-02   1.0389450e-01
  -2.3930413e-02   1.0228435e-01
  -2.7782118e-02   1.0571887e-01
  -2.3952963e-02   9.9765027e-02
  -2.1403227e-02   1.0329570e-01
  -6.4531365e-03   4.1144908e-02
  -5.1707695e-03   3.7118349e-02
   5.1773597e-03   3.5119481e-02
   1.2915996e-02   2.7909066e-02
   2.9776092e-02   9.1410280e-03
   3.8921671e-02  -2.5437703e-03
   3.1228587e-02  -6.6347223e-03
   3.8867107e-02  -1.4739171e-02
   3.8675558e-02  -1.4160397e-02
   3.8738296e-02  -1.9762586e-02
   4.4043046e-02  -2.8486599e-02
   4.1449953e-02  -2.8997192e-02
   5.1646247e-02  -3.0930735e-02
   5.8018701e-02  -3.4438724e-02
   5.5683893e-02  -3.8685602e-02
   6.2191263e-02  -4.1771906e-02
   5.0664421e-02  -4.3958357e-02
   4.4199448e-02  -5.1226383e-02
   5.4604751e-02  -5.0698572e-02
   5.9280023e-02  -4.9728709e-02
   6.4667110e-02  -5.6595825e-02
   5.1528001e-02  -6.1029235e-02
   5.2777969e-02  -6.4078116e-02
   6.4234863e-02  -6.8051090e-02
   7.4162575e-02  -7.0786358e-02
   6.2671447e-02  -6.9808170e-02
   7.9001310e-02  -7.6179411e-02
   7.1486390e-02  -7.3250142e-02
   6.8946735e-02  -7.9478027e-02
   6.5126193e-02  -7.8984055e-02
   6.6717526e-02  -8.9307711e-02
   6.5441509e-02  -9.1955998e-02
   6.8079481e-02  -9.4689884e-02
   6.9009070e-02  -1.0052430e-01
   7.6481469e-02  -9.6533674e-02
   7.2934131e-02  -9.4291086e-02
   7.0592645e-02  -9.4073545e-02
   7.7935111e-02  -8.9923339e-02
   7.6915297e-02  -9.1818182e-02
   7.2965169e-02  -9.5915831e-02
   6.1459819e-02  -1.0341742e-01
   6.2713226e-02  -1.0710334e-01
   7.0238264e-02  -1.1003303e-01
   6.4996096e-02  -1.0768514e-01
   6.7419412e-02  -1.1226665e-01
   5.9702311e-02  -1.0840205e-01
   6.5937069e-02  -1.1510448e-01
   6.5990802e-02  -1.1788618e-01
   6.2010737e-02  -1.1970638e-01
   6.4682065e-02  -1.2158626e-01
   6.2117259e-02  -1.2262030e-01
   6.6903768e-02  -1.2312424e-01
   6.4032990e-02  -1.2404547e-01
   5.9094944e-02  -1.2748723e-01
   6.5198108e-02  -1.2707687e-01
   6.9104998e-02  -1.2680191e-01
   6.3028423e-02  -1.2403728e-01
   6.4214468e-02  -1.2873412e-01
   5.5582884e-02  -1.3031448e-01
   6.1812332e-02  -1.2900407e-01
   6.2851383e-02  -1.3013748e-01
   6.4381040e-02  -1.2746164e-01
   7.3203012e-02  -6.5422540e-02
   6.0552507e-02  -6.0502341e-02
   5.0444939e-02  -6.4915248e-02
   5.4302236e-02  -5.8146833e-02
   4.6563107e-02  -5.1476654e-02
   4.7742576e-02  -5.3406715e-02
   5.0687836e-02  -4.7072361e-02
   4.1484626e-02  -4.4391646e-02
   4.5209379e-02  -4.2177718e-02
   5.1677888e-02  -3.4006886e-02
   5.0458153e-02  -3.0485438e-02
   5.1510680e-02  -2.7805497e-02
   3.8879408e-02  -2.3911441e-02
   2.5892600e-02  -2.4401929e-02
   1.9535097e-02  -2.5062359e-02
   2.0849001e-02  -1.8412875e-02
   3.0094162e-02  -1.6944096e-02
   1.4352909e-02  -1.2800424e-02
   7.7836714e-03  -7.1256208e-03
   7.8074167e-03  -5.1050130e-03
   7.7999961e-03  -5.0999082e-04
   5.1894554e-03   4.0718238e-03
   1.0357410e-02   7.6192800e-03
   6.4791384e-03   1.0677833e-02
   3.8836127e-03   1.0667283e-02
   1.1602981e-02   1.3660170e-02
   1.4109880e-02   1.5606188e-02
   8.9832182e-03   2.2677323e-02
   7.6860273e-03   2.0620941e-02
   5.1265177e-03   2.6179460e-02
   1.7977293e-02   2.6733342e-02
   2.0340511e-02   2.8468591e-02
   6.3920269e-03   3.1152331e-02
   6.4011858e-03   2.7159433e-02
   5.1725727e-03   3.4575996e-02
   1.0340026e-02   3.8134380e-02
   2.5831801e-03   4.2711779e-02
   2.5904202e-03   4.9519420e-02
   6.4466554e-03   5.2372231e-02
   1.0287927e-02   5.5311680e-02
   1.0189255e-02   6.2929923e-02
   6.3737131e-03   6.3497249e-02
   7.6613544e-03   6.0533059e-02
   2.1648987e-02   6.7520118e-02
   1.6580832e-02   6.9172488e-02
   1.2774206e-02   7.0829848e-02
   1.1477386e-02   7.6901697e-02
   1.2717235e-02   8.6007672e-02
   1.5282826e-02   8.4571950e-02
   5.1032118e-03   8.8385753e-02
   8.9221689e-03   8.5166924e-02
   1.0172128e-02   8.6515132e-02
   1.5272927e-02   8.3476228e-02
   1.5257660e-02   8.9636138e-02
   1.7745021e-02   9.2994022e-02
   2.2818281e-02   1.0086855e-01
   1.6320696e-02   1.0299648e-01
   1.5119594e-02   1.0390959e-01
   8.8804327e-03   9.8854466e-02
   1.1402144e-02   9.7138985e-02
   1.1426648e-02   1.0209749e-01
   8.8366133e-03   1.0149261e-01
   1.2563900e-02   1.0099017e-01
   1.0079786e-02   1.0129130e-01
   1.0062291e-02   9.7977252e-02
   1.2595894e-02   9.3956031e-02
   7.5610864e-03   9.8172019e-02
   7.5490156e-03   9.4368433e-02
   1.4020787e-02   5.0243355e-02
   1.6672343e-02   4.3422146e-02
   1.5306952e-02   4.0154680e-02
   1.7854725e-02   3.4598492e-02
   2.2936624e-02   3.3560569e-02
   2.5525329e-02   2.8578545e-02
   3.1913428e-02   2.6570144e-02
   2.4345848e-02   2.8188527e-02
   2.1839800e-02   2.1688329e-02
   2.1909848e-02   1.8717576e-02
   3.6508041e-02   4.6019969e-03
   4.5774439e-02  -1.5382821e-03
   3.8961039e-02   0.0000000e+00
   4.2766903e-02  -7.6229938e-03
   4.9053121e-02  -6.0731353e-03
   5.8031602e-02  -6.0653875e-03
   5.6899201e-02  -1.2167449e-02
   5.8067584e-02  -1.5178497e-02
   6.4714046e-02  -1.4712842e-02
   6.3496976e-02  -2.4910352e-02
   6.1017560e-02  -2.6490757e-02
   6.6453686e-02  -2.9659937e-02
   6.1505988e-02  -3.5469718e-02
   6.7698879e-02  -4.2996599e-02
   6.3887176e-02  -4.6167391e-02
   7.5556944e-02  -5.0759410e-02
   7.3066705e-02  -4.7736498e-02
   7.0269038e-02  -5.1232302e-02
   7.4172874e-02  -5.1223696e-02
   7.4431737e-02  -4.8809339e-02
   6.5187193e-02  -5.1859571e-02
   7.5484855e-02  -6.0048660e-02
   7.5577589e-02  -5.9081542e-02
   7.6226390e-02  -7.3094759e-02
   7.7791023e-02  -7.4923563e-02
   8.5397107e-02  -7.8407065e-02
   8.5263757e-02  -8.3531709e-02
   6.9816608e-02  -8.1028314e-02
   7.1061763e-02  -7.9917995e-02
   6.8580304e-02  -8.1627532e-02
   7.7509942e-02  -8.0406968e-02
   8.6147605e-02  -8.5744418e-02
   8.0121799e-02  -9.7338437e-02
   8.0030170e-02  -9.7748430e-02
   7.8476400e-02  -1.0211052e-01
   8.0635413e-02  -1.0633129e-01
   7.9772101e-02  -1.0372325e-01
   7.4793113e-02  -1.0334446e-01
   6.7547819e-02  -1.0501748e-01
   7.4163185e-02  -1.0428117e-01
   8.1502029e-02  -1.0698788e-01
   7.8901087e-02  -1.1118845e-01
   6.7148606e-02  -1.1232800e-01
   6.4716661e-02  -1.1573517e-01
   7.5943175e-02  -1.1697287e-01
   8.2381608e-02  -1.2301867e-01
   7.9526820e-02  -1.3171323e-01
   8.0673954e-02  -1.3259337e-01
   7.9209593e-02  -1.3988149e-01
   8.6711320e-02  -1.3266222e-01
   9.4270200e-02  -1.3426292e-01
   8.4152076e-02  -1.3586539e-01
   9.5140845e-02  -1.4238937e-01
   9.7333660e-02  -1.4079090e-01
   1.0078877e-01  -1.3653795e-01
   7.8460069e-02  -9.3717054e-02
   7.4658808e-02  -8.8523098e-02
   6.8624341e-02  -8.9083500e-02
   6.8568790e-02  -8.8479359e-02
   6.7131943e-02  -8.8819587e-02
   6.1046790e-02  -8.2497800e-02
   5.8637962e-02  -7.8538937e-02
   5.2229267e-02  -7.1320646e-02
   5.7206579e-02  -6.8378649e-02
   4.6929115e-02  -6.5962381e-02
   4.5574758e-02  -6.2231634e-02
   4.2968094e-02  -5.8062640e-02
   4.6847152e-02  -6.0625414e-02
   4.4392728e-02  -5.4573886e-02
   3.7793200e-02  -4.8770747e-02
   3.5193422e-02  -4.7746704e-02
   3.7974870e-02  -3.8104867e-02
   4.1616796e-02  -3.6811535e-02
   2.8558606e-02  -3.5727074e-02
   2.4657122e-02  -3.0084570e-02
   2.4649569e-02  -3.2634110e-02
   3.2269452e-02  -2.4326486e-02
   3.8663013e-02  -1.9217681e-02
   2.9523539e-02  -1.9649076e-02
   2.0607093e-02  -1.3645460e-02
   2.1834864e-02  -8.5659852e-03
   2.4404065e-02  -8.0618204e-03
   2.0694786e-02  -6.5961790e-03
   1.5474477e-02  -7.5887480e-03
   1.5520882e-02  -7.1039712e-03
   1.5537656e-02  -2.5396592e-03
   2.4601289e-02   2.5393860e-03
   1.4226820e-02   8.6263490e-03
   1.1663127e-02   9.1521739e-03
   1.1613854e-02   1.4686603e-02
   2.4464969e-02   1.7687647e-02
   2.6948460e-02   2.3176829e-02
   3.8348231e-02   2.2578742e-02
   2.0580496e-02   2.9312469e-02
   2.3178544e-02   2.8328817e-02
   2.1883248e-02   3.1364587e-02
   1.5529924e-02   3.6135133e-02
   1.2914116e-02   3.7079834e-02
   1.5519477e-02   4.0715643e-02
   1.9357855e-02   4.1648738e-02
   2.3141790e-02   5.1701466e-02
   1.9334005e-02   5.3892279e-02
   2.6844021e-02   6.0076125e-02
   2.8009080e-02   6.8521360e-02
   3.1855245e-02   6.9088673e-02
   3.0488062e-02   7.6579259e-02
   2.5409776e-02   8.2795650e-02
   2.4165232e-02   7.9263204e-02
   2.0419299e-02   8.1103063e-02
   2.3001923e-02   8.3293388e-02
   1.1493429e-02   8.2205659e-02
   1.0256166e-02   8.2534827e-02
   1.7866396e-02   9.0499659e-02
   2.7958058e-02   9.1140119e-02
   3.0204480e-02   9.9055099e-02
   2.6558971e-02   9.6424704e-02
   1.3867048e-02   9.7161103e-02
   1.8873653e-02   9.6964782e-02
   1.6373440e-02   1.0229393e-01
   1.5085284e-02   1.0209344e-01
   8.8380177e-03   1.0624744e-01
   1.2649793e-02   1.0645597e-01
