   1.9495322e-02  -4.7103092e-02
   3.0582210e-02  -1.0034079e-01
   1.6597287e-02  -1.0056206e-01
   2.0317597e-02  -9.8942686e-02
   2.4201268e-02  -9.8724768e-02
   3.0400507e-02  -1.0552215e-01
   2.5312244e-02  -1.1500703e-01
   2.8976174e-02  -1.1871518e-01
   2.5003456e-02  -1.1353461e-01
   2.7388078e-02  -1.1882176e-01
   2.7470909e-02  -1.1867030e-01
   2.9978804e-02  -1.2456431e-01
   2.9957653e-02  -1.2393748e-01
   2.8810356e-02  -1.2493772e-01
   2.7639714e-02  -1.2050749e-01
   3.0197293e-02  -1.2606561e-01
   2.5158190e-02  -1.2442751e-01
   3.5180579e-02  -1.2910225e-01
   3.0133214e-02  -1.3064057e-01
   3.1411231e-02  -1.2911244e-01
   3.2667817e-02  -1.2694947e-01
   4.0319619e-02  -1.2514578e-01
   4.1768746e-02  -1.1711919e-01
   4.6857572e-02  -1.1342569e-01
   4.4220799e-02  -1.0943677e-01
   4.1761680e-02  -1.0275517e-01
   4.4172509e-02  -1.0719730e-01
   4.3232372e-02  -9.7981682e-02
   4.6958037e-02  -1.0040959e-01
   3.9600555e-02  -9.8991390e-02
   3.5814388e-02  -9.5427990e-02
   3.9759757e-02  -9.6218466e-02
   3.8682863e-02  -9.2498034e-02
   4.0066987e-02  -8.8473373e-02
   3.1193450e-02  -8.6870821e-02
   2.7415802e-02  -8.2473553e-02
   2.3492638e-02  -7.6616650e-02
   2.9993048e-02  -7.6013805e-02
   3.5129433e-02  -6.9519605e-02
   2.5910440e-02  -6.6619709e-02
   3.1065821e-02  -6.6035048e-02
   2.8450389e-02  -5.7163318e-02
   2.4619466e-02  -5.7281475e-02
   2.2022737e-02  -5.3649532e-02
   2.0828638e-02  -4.9249153e-02
   1.6839278e-02  -4.3346337e-02
   1.2977840e-02  -4.9616361e-02
   2.6076398e-03  -4.6223471e-02
  -1.3064297e-03  -4.6316828e-02
  -1.3133558e-03  -4.4999977e-02
   9.1642420e-03  -3.9665675e-02
   1.3017860e-02  -2.9156006e-02
   9.0511426e-03  -2.6921656e-02
   7.7216937e-03  -2.4261216e-02
   1.4131035e-02  -2.2194532e-02
   3.8592001e-03  -1.7168241e-02
   3.8776784e-03  -1.9790957e-02
   0.0000000e+00  -1.1186441e-02
   2.5943918e-03  -9.1616584e-03
   7.7680574e-03  -7.6193859e-03
   1.4200421e-02  -2.5321230e-03
   6.4356152e-03   1.5148329e-03
   1.4101405e-02   6.5380768e-03
   1.1512536e-02   1.2046771e-02
   1.0162896e-02   1.2961481e-02
   8.8889485e-03   1.9442360e-02
   8.9216287e-03   2.2521549e-02
   8.9216287e-03   2.2521549e-02
  -2.3124551e-02   6.8124624e-02
  -1.9238807e-02   7.0599691e-02
  -1.9203856e-02   6.9952463e-02
  -1.2754805e-02   7.2781361e-02
  -7.5909937e-03   8.0392684e-02
  -1.5178710e-02   7.7799692e-02
  -1.3868340e-02   8.2156304e-02
  -1.1325322e-02   8.5080097e-02
  -1.1352030e-02   8.0655001e-02
  -1.2629809e-02   8.2820792e-02
  -1.5071648e-02   8.4910884e-02
  -2.2740697e-02   8.1808028e-02
  -2.2761343e-02   7.8796690e-02
  -2.0284720e-02   8.0039375e-02
  -2.0245709e-02   7.9881701e-02
  -1.3892789e-02   8.2819949e-02
  -2.2657193e-02   8.0987390e-02
  -3.0272079e-02   8.0635747e-02
  -3.0406916e-02   7.8942388e-02
  -3.4295190e-02   7.3478347e-02
  -3.5743195e-02   7.3334808e-02
  -3.4470624e-02   6.9222000e-02
  -3.9682638e-02   7.0433764e-02
  -4.5922184e-02   6.8629685e-02
  -3.9540943e-02   6.5043614e-02
  -2.5522242e-02   6.7145253e-02
  -2.0385848e-02   6.5505647e-02
  -2.5515899e-02   5.9958648e-02
  -2.6829952e-02   5.7999359e-02
  -2.0481570e-02   5.3518038e-02
  -2.1736266e-02   4.9380385e-02
  -2.1821715e-02   4.9576283e-02
  -8.9429934e-03   4.2750461e-02
  -5.1094332e-03   4.3757056e-02
  -2.5559606e-03   4.0739566e-02
   0.0000000e+00   3.2756917e-02
   3.8556736e-03   2.7772155e-02
  -3.8507481e-03   2.0158014e-02
  -1.2786335e-03   1.9074794e-02
   6.3936254e-03   1.8070647e-02
   5.1259622e-03   1.5088640e-02
   1.4166994e-02   1.4151785e-02
   6.4581671e-03   1.5715512e-02
   1.1605492e-02   8.6008477e-03
   1.9325458e-02   4.0431608e-03
   1.6765741e-02  -2.0236412e-03
   1.9381821e-02  -7.0966267e-03
   2.7075007e-02  -1.2646065e-02
   2.1981520e-02  -1.4206923e-02
   1.9391229e-02  -1.7759216e-02
   2.4484698e-02  -2.0234501e-02
   2.3238221e-02  -2.2302593e-02
   2.0653416e-02  -2.3824025e-02
   2.2023929e-02  -2.7481075e-02
   1.9484409e-02  -3.0627178e-02
   3.1053155e-02  -3.7653871e-02
   3.2312581e-02  -3.8123753e-02
   3.1069764e-02  -4.0747531e-02
   2.5921048e-02  -4.5936741e-02
   2.5991359e-02  -4.7610884e-02
   2.8706266e-02  -4.1591002e-02
   2.9873827e-02  -4.5003072e-02
   3.2518525e-02  -4.8165703e-02
   3.3730654e-02  -5.6306120e-02
   3.6248076e-02  -6.5516285e-02
   4.9074005e-02  -7.1051720e-02
   6.0980871e-02  -1.2453295e-01
   7.1024289e-02  -1.3243028e-01
   7.0360894e-02  -1.3928991e-01
   7.3625400e-02  -1.4866148e-01
   7.2412583e-02  -1.5151789e-01
   7.3681228e-02  -1.5099889e-01
   7.5240170e-02  -1.4888533e-01
   8.1309222e-02  -1.5344178e-01
   7.9040468e-02  -1.5171913e-01
   8.2777936e-02  -1.5780123e-01
   7.3570645e-02  -1.5743486e-01
   7.8491461e-02  -1.5892937e-01
   8.2102293e-02  -1.5807155e-01
   8.1172699e-02  -1.5651062e-01
   8.3794481e-02  -1.5562273e-01
   8.3680012e-02  -1.5260465e-01
   8.2687628e-02  -1.4867995e-01
   8.0033860e-02  -1.4840258e-01
   7.7729084e-02  -1.4550628e-01
   8.0364120e-02  -1.4629066e-01
   8.2732207e-02  -1.4765810e-01
   7.4233377e-02  -1.4443392e-01
   6.1947397e-02  -1.4303703e-01
   5.8136449e-02  -1.3968861e-01
   5.5935576e-02  -1.3394233e-01
   5.7333051e-02  -1.2930000e-01
   5.7456305e-02  -1.2685230e-01
   6.0224848e-02  -1.2567427e-01
   5.6353258e-02  -1.2453124e-01
   4.7442912e-02  -1.2198311e-01
   4.3633114e-02  -1.1774171e-01
   4.7632635e-02  -1.1267931e-01
   4.0156237e-02  -1.0745156e-01
   4.0048781e-02  -1.0122668e-01
   3.6151767e-02  -1.0010151e-01
   4.0203207e-02  -9.6256909e-02
   2.7273979e-02  -9.2141498e-02
   2.0812637e-02  -8.7490996e-02
   2.1997881e-02  -8.4901737e-02
   2.0791758e-02  -8.1031885e-02
   3.0957439e-02  -7.8832539e-02
   1.9412251e-02  -7.4387909e-02
   1.8110215e-02  -7.5928083e-02
   9.1129267e-03  -7.1161008e-02
   1.2984214e-03  -6.5740148e-02
  -1.3019773e-03  -6.2785034e-02
   1.3032118e-03  -5.8667982e-02
   1.3028348e-03  -5.0332301e-02
   5.1659651e-03  -4.8861886e-02
   1.2964958e-03  -4.9569113e-02
   7.7734717e-03  -4.7987122e-02
   7.7719743e-03  -4.3349220e-02
  -1.2930824e-03  -4.1736506e-02
  -7.7598881e-03  -3.3558722e-02
  -5.1616240e-03  -3.5522107e-02
  -1.2928113e-03  -2.8446201e-02
   5.1812442e-03  -2.9011745e-02
   0.0000000e+00  -2.1799205e-02
   1.2907781e-03  -2.4333984e-02
   0.0000000e+00  -1.7219464e-02
   5.1526053e-03  -1.0108939e-02
   0.0000000e+00  -5.0495050e-03
  -3.8497237e-03  -5.5379816e-03
   2.5819151e-03  -1.5193615e-03
   7.7379582e-03   3.0356605e-03
   2.5869609e-03   4.5671551e-03
   0.0000000e+00   7.1186441e-03
  -5.1119608e-03   6.1098531e-02
  -5.1343784e-03   5.9313646e-02
  -2.5647699e-03   6.3369656e-02
  -1.2825403e-02   6.2859718e-02
  -6.4119248e-03   6.3368999e-02
  -8.9864107e-03   6.7050163e-02
  -1.0282183e-02   7.0237282e-02
  -7.6913016e-03   7.2638145e-02
  -1.2817048e-02   7.3143782e-02
   0.0000000e+00   7.2929494e-02
  -1.2740660e-03   7.3217786e-02
  -2.5481319e-03   7.3217678e-02
   0.0000000e+00   7.9734513e-02
  -2.5296186e-03   8.4496877e-02
   2.5203337e-03   8.6754994e-02
   8.7929272e-03   9.8885448e-02
   1.2549642e-03   1.0139759e-01
   2.4999480e-03   9.8902846e-02
  -5.0168446e-03   9.7690798e-02
  -1.8992276e-02   9.6025069e-02
  -1.5176821e-02   9.0705086e-02
  -1.7711044e-02   9.2810093e-02
  -2.4097160e-02   9.4090430e-02
  -1.7674118e-02   9.3130297e-02
  -2.2737604e-02   9.4224227e-02
  -2.9131592e-02   8.9264737e-02
  -3.0447662e-02   8.7331783e-02
  -3.0669231e-02   8.3282982e-02
  -2.6790662e-02   7.8989777e-02
  -2.9291155e-02   7.4713303e-02
  -2.5438986e-02   7.2051148e-02
  -2.1498166e-02   7.1630484e-02
  -2.7744705e-02   7.0914000e-02
  -2.0198964e-02   6.6926161e-02
  -2.0204033e-02   6.5927263e-02
  -1.7736357e-02   6.4620608e-02
  -2.1638815e-02   6.1352325e-02
  -2.5552335e-02   5.8000521e-02
  -1.7894448e-02   5.5988697e-02
  -1.2789621e-02   4.7873157e-02
  -1.7872089e-02   4.7273601e-02
  -1.2744259e-02   4.5676921e-02
  -1.9124689e-02   4.8733595e-02
  -1.2766929e-02   4.6772873e-02
  -1.2845724e-02   4.5533474e-02
  -9.0035484e-03   3.7439573e-02
  -9.0212721e-03   2.9880112e-02
  -6.4381275e-03   2.8838931e-02
   1.2808460e-03   2.2130167e-02
  -3.8456359e-03   2.4165738e-02
  -1.1597080e-02   2.1249153e-02
  -1.1636608e-02   1.5223270e-02
  -1.2984156e-03   1.0699295e-02
  -1.2920161e-03   9.6322020e-03
   5.1741191e-03   1.0149173e-03
   6.4480288e-03  -5.5654077e-03
   1.1615640e-02  -1.1647996e-02
   1.4237492e-02  -1.4222254e-02
   1.6843793e-02  -1.3219229e-02
   6.4782115e-03  -1.3728643e-02
   7.7863004e-03  -1.9869773e-02
   1.0367842e-02  -2.3921393e-02
   1.9372933e-02  -2.8414746e-02
   1.9432878e-02  -2.7481951e-02
   2.0805358e-02  -3.0146427e-02
   2.0761409e-02  -3.1106019e-02
   4.8907535e-02  -8.5961555e-02
   5.1422930e-02  -8.6379856e-02
   5.5359859e-02  -8.8078593e-02
   5.7905184e-02  -8.9606898e-02
   5.6334233e-02  -9.5468383e-02
   6.1128751e-02  -1.0442977e-01
   5.7207906e-02  -1.0637608e-01
   6.3675782e-02  -1.0441956e-01
   6.3490854e-02  -1.0675340e-01
   5.8467480e-02  -1.0688021e-01
   5.8451976e-02  -1.1004364e-01
   4.4672619e-02  -1.0899899e-01
   4.9641677e-02  -1.1080721e-01
   4.8149292e-02  -1.1455285e-01
   4.4394110e-02  -1.1683522e-01
   5.2060488e-02  -1.2125273e-01
   4.7034058e-02  -1.1871330e-01
   4.9498479e-02  -1.2228581e-01
   5.0685728e-02  -1.2586240e-01
   5.1842632e-02  -1.2611606e-01
   5.6474285e-02  -1.2724564e-01
   5.8997836e-02  -1.2888276e-01
   4.9081981e-02  -1.2549838e-01
   5.0058117e-02  -1.2474839e-01
   5.2634630e-02  -1.3030417e-01
   5.6513721e-02  -1.2572478e-01
   5.7755246e-02  -1.2407513e-01
   4.4068256e-02  -1.2450049e-01
   5.0340494e-02  -1.2549346e-01
   4.9151496e-02  -1.2676696e-01
   5.4409466e-02  -1.2457380e-01
   5.4381034e-02  -1.2126794e-01
   5.2024988e-02  -1.2278758e-01
   4.9449203e-02  -1.1999859e-01
   4.8538889e-02  -1.2148630e-01
   4.7484738e-02  -1.1285331e-01
   4.4750161e-02  -1.1457589e-01
   3.9865053e-02  -1.1041125e-01
   5.1378333e-02  -1.1077900e-01
   4.9002342e-02  -1.0854011e-01
   5.0353452e-02  -1.0543480e-01
   4.5154802e-02  -1.0214241e-01
   4.3958170e-02  -9.9150915e-02
   4.2554456e-02  -9.5154120e-02
   3.8803339e-02  -9.2262922e-02
   3.0785523e-02  -7.7343087e-02
   2.9698599e-02  -7.1595796e-02
   2.1960424e-02  -7.3724202e-02
   2.3288194e-02  -7.1747055e-02
   2.4539000e-02  -6.6931759e-02
   2.3293363e-02  -6.7067362e-02
   2.0685175e-02  -6.2847635e-02
   1.8074600e-02  -6.0174103e-02
   7.7651352e-03  -5.8255460e-02
   1.9342754e-02  -5.6490676e-02
   1.8145608e-02  -5.1097177e-02
   1.6789246e-02  -5.4001440e-02
   1.2933678e-02  -4.6361323e-02
   1.1628989e-02  -4.0167874e-02
   1.4106674e-02  -3.7327168e-02
   8.9929730e-03  -3.1306179e-02
  -9.0237822e-03   1.5178205e-02
  -1.0317861e-02   2.2283309e-02
  -1.1600745e-02   2.8360337e-02
  -9.0143647e-03   3.5957423e-02
  -5.1316300e-03   4.1405616e-02
  -6.4014311e-03   4.1827553e-02
   1.2799715e-03   4.3339900e-02
   0.0000000e+00   5.1352419e-02
  -5.0939843e-03   4.9694497e-02
  -3.8260825e-03   5.2307463e-02
  -5.1287613e-03   5.9761197e-02
  -2.5600672e-03   6.2737972e-02
  -9.0130823e-03   6.3112232e-02
  -6.4331089e-03   6.6166841e-02
  -1.2867850e-02   6.5655413e-02
  -1.7999583e-02   6.5078406e-02
  -1.7953782e-02   7.1108625e-02
  -1.8001591e-02   7.2340577e-02
  -2.1849874e-02   7.3865472e-02
  -1.1501378e-02   7.6547633e-02
  -1.9118933e-02   8.5159520e-02
  -2.1584625e-02   8.4819669e-02
  -2.2843231e-02   8.6332825e-02
  -2.1506268e-02   9.2805872e-02
  -1.1403503e-02   9.4010135e-02
  -1.1358645e-02   9.6755067e-02
  -7.5480930e-03   9.7476129e-02
  -1.2568209e-02   9.7377173e-02
  -1.8849380e-02   1.0048164e-01
  -2.0106043e-02   1.0309368e-01
  -2.2726953e-02   1.0360096e-01
  -2.2800856e-02   1.0289606e-01
  -2.1579377e-02   9.9955850e-02
  -2.4112943e-02   9.7825496e-02
  -3.0400160e-02   9.7621143e-02
  -3.0422234e-02   9.5597907e-02
  -3.4139027e-02   9.4298722e-02
  -3.0143971e-02   9.3657669e-02
  -3.1639706e-02   8.8668601e-02
  -3.8029239e-02   8.6727404e-02
  -4.4467427e-02   8.5875011e-02
  -4.2118416e-02   7.7446013e-02
  -3.9319319e-02   7.8502243e-02
  -3.9342395e-02   7.6489365e-02
  -3.9392264e-02   7.1960390e-02
  -3.6759344e-02   7.3831940e-02
  -3.5540842e-02   7.2398439e-02
  -3.0537528e-02   6.6940742e-02
  -3.0523218e-02   6.4863491e-02
  -2.9222624e-02   6.0722632e-02
  -2.6826752e-02   5.3911319e-02
  -3.0584869e-02   5.1236910e-02
  -2.9314345e-02   4.5165594e-02
  -2.6774332e-02   4.3160073e-02
  -2.4355125e-02   4.0348958e-02
  -2.0539005e-02   3.7361649e-02
  -2.4319955e-02   3.6745758e-02
  -1.1536010e-02   3.3763487e-02
  -8.9675021e-03   3.0206584e-02
  -8.9663006e-03   2.1626704e-02
  -1.0229801e-02   1.8070306e-02
  -7.6912269e-03   8.5501462e-03
  -1.4143969e-02   4.0353695e-03
  -1.1629851e-02   4.0555037e-03
  -5.1896208e-03   0.0000000e+00
  -5.2104104e-03   1.0220359e-03
   0.0000000e+00   2.0440882e-03
   3.6353334e-02  -5.7384318e-02
   4.2745668e-02  -5.8794282e-02
   4.0141911e-02  -6.4486845e-02
   4.2614838e-02  -6.7418063e-02
   4.7595263e-02  -7.0770851e-02
   2.8394878e-02  -6.9482118e-02
   4.4820017e-02  -8.2913505e-02
   3.4816495e-02  -7.9850184e-02
   4.8891604e-02  -8.3830806e-02
   5.0014863e-02  -8.7740973e-02
   5.4054081e-02  -8.9106581e-02
   4.7649180e-02  -9.0239316e-02
   4.0900806e-02  -9.7457522e-02
   4.3557263e-02  -9.6623871e-02
   4.9696091e-02  -1.0029354e-01
   5.3219888e-02  -1.0708762e-01
   5.8015914e-02  -1.1130399e-01
   6.6072486e-02  -1.1965631e-01
   5.8260558e-02  -1.2468181e-01
   5.9414634e-02  -1.2442694e-01
   6.0822874e-02  -1.2581783e-01
   6.0722630e-02  -1.2722476e-01
   6.0578841e-02  -1.3016016e-01
   6.0703376e-02  -1.3427010e-01
   6.8188771e-02  -1.3730257e-01
   6.0871357e-02  -1.3686952e-01
   5.9435207e-02  -1.3646354e-01
   5.8275633e-02  -1.3894101e-01
   6.0975426e-02  -1.4155650e-01
   7.1114370e-02  -1.3811840e-01
   7.0956042e-02  -1.4055343e-01
   6.4499474e-02  -1.4030877e-01
   6.6666581e-02  -1.4499524e-01
   7.2714304e-02  -1.4554129e-01
   7.2750071e-02  -1.4066403e-01
   6.0375387e-02  -1.4116147e-01
   5.9292311e-02  -1.4327678e-01
   5.9445896e-02  -1.3814141e-01
   6.2096271e-02  -1.4229474e-01
   5.8520425e-02  -1.4067916e-01
   5.4788626e-02  -1.3759484e-01
   5.6013513e-02  -1.3524562e-01
   5.6034043e-02  -1.3862318e-01
   5.0966163e-02  -1.3761247e-01
   5.2217474e-02  -1.3643382e-01
   4.8571397e-02  -1.3531094e-01
   4.4718660e-02  -1.3194719e-01
   4.7275656e-02  -1.2753960e-01
   5.3750989e-02  -1.2171194e-01
   6.2462388e-02  -1.1684001e-01
   6.2383830e-02  -1.1507167e-01
   5.6030199e-02  -1.1458704e-01
   5.1163163e-02  -1.0868467e-01
   4.8740613e-02  -1.0151538e-01
   5.0109751e-02  -1.0490366e-01
   5.0205772e-02  -9.7092333e-02
   4.7826072e-02  -9.6976556e-02
   5.2709534e-02  -9.8013167e-02
   4.6388914e-02  -9.7201274e-02
   4.2430329e-02  -9.4867251e-02
   4.3755171e-02  -9.2300145e-02
   3.4892087e-02  -8.5825071e-02
   3.3758553e-02  -8.0417110e-02
   3.6118915e-02  -8.1977598e-02
   3.2463580e-02  -7.3054457e-02
  -1.2869464e-03  -8.5841542e-03
  -7.8068066e-03  -8.1680209e-03
  -3.9152759e-03  -7.1686422e-03
  -1.4371504e-02  -3.5877205e-03
  -9.1364725e-03  -2.0481422e-03
   1.0348074e-02   3.0446797e-03
   1.1503001e-02   8.0232847e-03
   8.8927506e-03   1.2463051e-02
   1.0171447e-02   1.5469193e-02
   7.6233369e-03   2.4451633e-02
  -8.9563242e-03   2.3112751e-02
  -3.8409108e-03   2.6656688e-02
  -9.0291419e-03   3.0923705e-02
  -1.5509249e-02   3.0983843e-02
  -1.6779776e-02   3.3489736e-02
  -2.5780752e-02   4.2618427e-02
  -1.8079227e-02   4.3724554e-02
  -1.7977556e-02   4.7554937e-02
  -2.0463621e-02   5.2960727e-02
  -1.1446996e-02   5.1148440e-02
  -1.0184021e-02   5.1701153e-02
  -7.6665484e-03   5.7506406e-02
  -1.6659296e-02   5.3067944e-02
  -1.8032667e-02   6.1580816e-02
  -2.3193021e-02   6.0050192e-02
  -3.8753364e-02   5.7604084e-02
  -4.0075683e-02   5.8680463e-02
  -4.1616796e-02   6.3203012e-02
  -4.0466049e-02   6.0304053e-02
  -3.2561453e-02   6.5403392e-02
  -2.4581983e-02   7.1745715e-02
  -2.0570379e-02   7.2847838e-02
  -2.2963425e-02   7.8994333e-02
  -2.2808578e-02   7.8449179e-02
  -2.1527030e-02   7.7368459e-02
  -1.1373093e-02   7.7725570e-02
  -1.0098834e-02   8.1236425e-02
  -1.3934419e-02   7.9462780e-02
  -1.0074961e-02   8.5665331e-02
  -1.7678971e-02   8.3318862e-02
  -2.5339097e-02   7.8949142e-02
  -3.0638339e-02   8.0076619e-02
  -3.8286185e-02   8.1077277e-02
  -3.5776828e-02   7.7027824e-02
  -3.4528918e-02   7.3989261e-02
  -3.0539401e-02   7.4133417e-02
  -3.0459383e-02   7.2908575e-02
  -2.7940081e-02   7.0397634e-02
  -3.4327895e-02   6.9955413e-02
  -2.7882383e-02   7.0760972e-02
  -2.9121642e-02   7.0689889e-02
  -3.4213159e-02   6.7675269e-02
  -3.6899513e-02   6.6932105e-02
  -3.8242279e-02   6.3470142e-02
  -4.1053160e-02   5.7200521e-02
  -3.3228966e-02   5.6479842e-02
  -3.6811281e-02   5.6087266e-02
  -3.1719637e-02   4.8485439e-02
  -3.1801305e-02   4.5074819e-02
  -2.1628574e-02   4.4080298e-02
  -1.9106145e-02   3.6567740e-02
  -2.4194150e-02   3.8568921e-02
  -2.1632490e-02   3.6530736e-02
  -2.1623045e-02   3.9533262e-02
  -2.0414410e-02   3.1087598e-02
  -3.0720732e-02   2.8660612e-02
  -1.2732713e-02   2.2498919e-02
  -1.5332564e-02   1.5043201e-02
   3.3210627e-02  -5.4408924e-02
   3.7163876e-02  -5.7654716e-02
   3.4786439e-02  -5.5911949e-02
   4.8903006e-02  -5.1724233e-02
   5.7914065e-02  -5.6327912e-02
   4.7596685e-02  -5.3754627e-02
   4.5053193e-02  -5.9963503e-02
   4.3797812e-02  -7.2960759e-02
   5.2706442e-02  -8.0082734e-02
   5.2645243e-02  -7.3740689e-02
   4.7464319e-02  -8.0444565e-02
   3.8409704e-02  -8.0303071e-02
   4.3753777e-02  -7.6532265e-02
   4.3702247e-02  -8.6910360e-02
   4.6242779e-02  -8.2649056e-02
   4.8449794e-02  -8.7221256e-02
   5.0929263e-02  -9.7041505e-02
   5.7220739e-02  -1.0057679e-01
   5.2234597e-02  -1.0344309e-01
   4.1953909e-02  -1.0113172e-01
   4.7024594e-02  -9.3723907e-02
   4.5943422e-02  -9.8875949e-02
   5.4530357e-02  -1.0505310e-01
   6.1035455e-02  -1.0056288e-01
   6.4874258e-02  -1.0481909e-01
   6.7276656e-02  -1.1255203e-01
   5.8122113e-02  -1.0675065e-01
   5.1709836e-02  -1.1132782e-01
   5.7724670e-02  -1.1388811e-01
   5.7006119e-02  -1.1022810e-01
   5.3183696e-02  -1.1125843e-01
   5.7968574e-02  -1.2026229e-01
   5.0619379e-02  -1.1279170e-01
   6.2128485e-02  -1.1994569e-01
   5.4489513e-02  -1.1668218e-01
   5.5875043e-02  -1.1639995e-01
   5.1816461e-02  -1.2280682e-01
   5.3068166e-02  -1.2331129e-01
   5.8007097e-02  -1.1873998e-01
   5.3082661e-02  -1.1103741e-01
   5.7929937e-02  -1.1007397e-01
   5.4206738e-02  -1.0756342e-01
   5.9281593e-02  -1.0866171e-01
   5.1846458e-02  -1.1216747e-01
   4.6900499e-02  -1.0873960e-01
   5.4666953e-02  -1.0373686e-01
   5.1088438e-02  -1.0212242e-01
   4.3542424e-02  -1.0030302e-01
   3.6080266e-02  -9.7226588e-02
   3.8671717e-02  -9.6192059e-02
   3.4987869e-02  -8.9784294e-02
   3.4993902e-02  -8.9268292e-02
   3.3671352e-02  -8.5485676e-02
   4.1522819e-02  -8.2464428e-02
   4.1404658e-02  -7.8539290e-02
   4.1558379e-02  -7.6202627e-02
   4.7815649e-02  -7.5806902e-02
   3.7550453e-02  -6.8654263e-02
   3.0989582e-02  -6.3795407e-02
   3.6003657e-02  -6.4551123e-02
   3.7411970e-02  -5.9076112e-02
   3.2380253e-02  -4.9504021e-02
   3.4998564e-02  -5.0572678e-02
   2.4689485e-02  -4.8123775e-02
   1.8294922e-02  -4.4768489e-02
   2.6108774e-02  -5.0423637e-02
   1.4304206e-02  -4.4033459e-02
  -2.5565487e-03   2.2588539e-02
  -6.3779828e-03   2.4046861e-02
  -7.6524853e-03   2.5549654e-02
  -5.0842745e-03   2.9970387e-02
   1.2659038e-03   3.1346327e-02
  -5.0824382e-03   3.2967426e-02
  -8.8949297e-03   3.9499070e-02
  -8.9417844e-03   3.7181382e-02
  -2.0477828e-02   4.3838395e-02
  -1.9278848e-02   4.8107871e-02
  -1.0237168e-02   4.4850377e-02
  -7.6580894e-03   5.3365303e-02
  -7.6513954e-03   5.2809726e-02
  -8.9142630e-03   5.4767170e-02
  -1.4009613e-02   5.8842692e-02
  -2.1607547e-02   6.3301467e-02
  -2.6815219e-02   6.4619697e-02
  -2.3025742e-02   7.2990305e-02
  -1.7946371e-02   7.2632381e-02
  -1.9087574e-02   8.0863216e-02
  -2.5471046e-02   8.7686450e-02
  -3.0778811e-02   8.4635628e-02
  -2.6774886e-02   8.7264533e-02
  -2.7926372e-02   9.1555577e-02
  -3.6805667e-02   9.2045248e-02
  -3.6886035e-02   9.4348788e-02
  -3.8240734e-02   9.6663272e-02
  -3.4296909e-02   9.5273843e-02
  -3.6753579e-02   9.6091193e-02
  -3.4161219e-02   9.8022394e-02
  -4.1569065e-02   9.6516949e-02
  -5.4385641e-02   1.0160402e-01
  -5.7143241e-02   9.8856175e-02
  -5.8344101e-02   9.6632102e-02
  -5.3304759e-02   9.2003504e-02
  -4.9429904e-02   8.7205170e-02
  -5.5857111e-02   8.5255771e-02
  -6.1129924e-02   8.1366134e-02
  -6.3402113e-02   8.2547531e-02
  -5.5864996e-02   8.1643784e-02
  -4.8315853e-02   8.0230364e-02
  -5.4669306e-02   7.7111294e-02
  -5.0611898e-02   7.3158774e-02
  -4.4212343e-02   7.2028183e-02
  -4.3000137e-02   6.7528662e-02
  -4.5596409e-02   6.1521972e-02
  -4.5700663e-02   6.0139325e-02
  -4.4422644e-02   5.6577573e-02
  -4.3284082e-02   5.6244315e-02
  -3.9627655e-02   5.5463547e-02
  -2.6815465e-02   5.5926695e-02
  -2.6961336e-02   4.8560891e-02
  -2.8382040e-02   4.9310174e-02
  -2.8194984e-02   4.7454090e-02
  -3.9942811e-02   3.9017265e-02
  -3.8507913e-02   3.0253746e-02
  -3.8696837e-02   2.0755439e-02
  -2.5784403e-02   1.3658026e-02
  -1.9187106e-02   1.2547845e-02
  -8.9466361e-03   8.5248718e-03
  -5.0975591e-03   6.9999462e-03
  -8.9469128e-03   7.5219457e-03
  -9.0004564e-03   5.5488284e-03
   1.2845825e-03   1.0079046e-03
  -7.7453976e-03   5.0644583e-03
   1.2973819e-03   3.0538907e-03
   3.9149504e-03   9.7288715e-03
