   8.9566886e-03   5.0195659e-04
   1.9191575e-02  -6.0229657e-03
   1.7929564e-02  -6.5313984e-03
   2.9457428e-02  -3.5163387e-03
   2.6923025e-02   1.0057015e-03
   2.1813316e-02   8.5575315e-03
   3.2112728e-02   5.5417875e-03
   4.4871446e-02   2.0106369e-03
   5.3846049e-02  -1.0050554e-03
   6.6468853e-02  -3.0049242e-03
   7.4357673e-02  -3.0128269e-03
   7.0443316e-02  -5.0172700e-04
   6.9359970e-02   7.5485498e-03
   5.8886998e-02   1.6062331e-02
   5.8834306e-02   1.4542189e-02
   5.5068653e-02   7.0281787e-03
   5.5127776e-02  -2.0100278e-03
   4.1064139e-02  -5.0320408e-03
   4.2344176e-02  -8.0510105e-03
   3.5860955e-02  -4.0181758e-03
   3.9743281e-02   2.0108948e-03
   3.8494086e-02   8.5549857e-03
   4.8665959e-02   6.5274468e-03
   5.1077568e-02   5.5065563e-03
   5.3842986e-02   5.5278046e-03
   4.6108352e-02   5.0214731e-04
   3.4649539e-02  -5.0327635e-04
   3.7106299e-02   0.0000000e+00
   4.2265497e-02  -2.5109885e-03
   4.9901575e-02   0.0000000e+00
   5.7635356e-02   1.0039399e-03
   6.0254535e-02   4.0193533e-03
   5.5122951e-02   7.0350974e-03
   4.7382517e-02   8.5362022e-03
   3.5929442e-02   7.0456802e-03
   2.8285281e-02   8.0693063e-03
   2.0531860e-02   5.5373153e-03
   2.1772881e-02  -3.5167482e-03
   2.9451825e-02  -1.0549016e-02
   3.0734606e-02  -8.5394850e-03
   3.1922325e-02  -7.0116384e-03
   3.5932593e-02  -2.0130515e-03
   4.2266010e-02   0.0000000e+00
   4.4914318e-02   4.5283937e-03
   3.8409033e-02   1.4062824e-02
   2.9523539e-02   1.9649076e-02
   3.1978509e-02   1.2545415e-02
   3.3234941e-02  -1.0026223e-03
   3.0766298e-02  -7.0394486e-03
   2.6945860e-02  -8.5568979e-03
   3.1951160e-02  -9.5251461e-03
   4.4862175e-02  -1.0555844e-02
   3.8537531e-02  -5.0373128e-04
   2.0498432e-02   1.9110047e-02
   2.5600548e-02   1.7582794e-02
   2.0428662e-02   9.5174886e-03
   1.9154753e-02   3.5064956e-03
   1.2820008e-02  -4.5264071e-03
   0.0000000e+00  -8.5502959e-03
  -5.1319449e-03  -1.1579377e-02
  -1.8016270e-02  -1.0098040e-02
  -2.9487122e-02  -1.0056585e-03
  -2.8175029e-02   6.5304859e-03
  -2.4307621e-02   8.5319728e-03
  -1.7859409e-02   6.0053214e-03
  -7.6696165e-03   0.0000000e+00
  -5.1129887e-03  -3.0088263e-03
   2.5613327e-03  -7.0344691e-03
   7.7149977e-03  -3.0266529e-03
   2.1859534e-02  -5.0437974e-04
   4.3587624e-02   5.0267608e-03
   5.8731299e-02   1.0009433e-02
   6.0130340e-02   8.0229162e-03
   6.5187927e-02   5.5093012e-03
   5.5019445e-02   1.5045586e-03
   5.6299213e-02   0.0000000e+00
   6.0315864e-02   5.0291407e-04
   6.1414348e-02   5.0140924e-03
   6.6462781e-02   7.5123104e-03
   6.9020009e-02   7.0107731e-03
   7.0373879e-02   1.0024692e-03
   5.8915799e-02   2.0077914e-03
   4.8717736e-02   1.5078173e-03
   4.6199318e-02   1.0062749e-03
   4.6199048e-02  -2.0125499e-03
   4.8621835e-02  -1.5048533e-03
   5.5072929e-02   3.0120766e-03
   5.7688268e-02   6.0295684e-03
   5.4960378e-02   7.0143820e-03
   5.0049261e-02   1.0061648e-03
   3.8499037e-02   2.5161723e-03
   3.5932715e-02   1.5097886e-03
   4.1025561e-02   1.0054166e-03
   4.3461076e-02   1.0023898e-03
   4.2266010e-02   0.0000000e+00
   4.0944882e-02   0.0000000e+00
   3.3300493e-02   0.0000000e+00
   2.8177326e-02   5.0234507e-04
   3.2146327e-02   1.0085938e-03
   3.8461239e-02   2.0109544e-03
   3.8385529e-02   2.0069993e-03
   3.9703489e-02   3.5156021e-03
   3.9626352e-02   0.0000000e+00
   3.7033327e-02   1.0015583e-03
   3.0769171e-02   1.0056355e-03
   3.0769216e-02   5.0281776e-04
   2.9458071e-02   1.0046682e-03
   3.3300089e-02   2.5114914e-03
   3.1987941e-02   2.0072664e-03
   3.8423179e-02   2.5112186e-03
   3.0738379e-02   3.0139359e-03
   2.9486950e-02   2.0113170e-03
   2.1773388e-02   5.0239259e-04
   2.1837934e-02   5.0388148e-04
   2.4431244e-02  -5.0436198e-04
   3.0830040e-02   0.0000000e+00
   3.3333074e-02   2.0111733e-03
   2.8149484e-02   1.5055526e-03
   2.5615565e-02   2.0094622e-03
   2.1773304e-02   1.5071778e-03
   1.9249603e-02   2.0135996e-03
   2.5615714e-02   1.0047311e-03
   2.6949641e-02  -5.0334694e-04
   2.5691687e-02   5.0385418e-04
   2.6922867e-02   2.0114030e-03
   2.2986148e-02   1.5027121e-03
   2.5641013e-02  -5.0286078e-04
   2.3031496e-02   0.0000000e+00
   2.8288809e-02  -5.0433165e-04
   2.5615316e-02   3.0141932e-03
   2.6895912e-02   3.5164888e-03
   2.6949011e-02   3.5234286e-03
   2.3030381e-02   5.0188974e-03
   2.0492253e-02   3.0144038e-03
   1.5414952e-02  -1.5117514e-03
   6.4290767e-03  -4.0355590e-03
   7.6922478e-03  -2.0117991e-03
   1.2833144e-03  -1.0069097e-03
   6.4102564e-03   0.0000000e+00
   6.4101037e-03   3.5206673e-03
   6.3912977e-03   2.0058755e-03
   8.9653040e-03   3.5171577e-03
   8.9742499e-03   2.5147330e-03
   1.1515726e-02   1.0038976e-03
   1.5354301e-02  -1.0038670e-03
   1.5324165e-02   0.0000000e+00
   1.5399532e-02   3.0205186e-03
   2.1773357e-02   1.0047852e-03
   2.5666288e-02   1.0067140e-03
   2.4358785e-02   2.0114812e-03
   2.6843645e-02   5.0136805e-04
   2.9458114e-02   5.0233410e-04
   2.9545094e-02   2.5191123e-03
   2.5665725e-02   3.5234989e-03
   2.9457428e-02   3.5163387e-03
   3.3399144e-02   1.0075727e-03
   3.7179035e-02  -2.5137651e-03
   3.9743512e-02  -1.0054474e-03
   3.9743512e-02   1.0054474e-03
   4.0864420e-02   5.0073499e-04
   4.2223673e-02   3.0102236e-03
   4.3675356e-02   2.5183420e-03
   4.4783117e-02   2.0066837e-03
   5.2408134e-02   3.0064074e-03
   5.7747881e-02   3.5207135e-03
   5.5073223e-02   2.5100638e-03
   5.6298776e-02   2.0059938e-03
   5.3739923e-02   1.5046205e-03
   5.5127240e-02   3.0150417e-03
   5.7692195e-02   1.0049281e-03
   5.5181658e-02   3.0180127e-03
   6.1599090e-02   1.0057817e-03
   6.0137067e-02   2.5071613e-03
   5.6464952e-02   3.0178850e-03
   5.5126034e-02   4.5225626e-03
   6.1476371e-02   3.5133150e-03
   6.0137679e-02   1.0028645e-03
   5.6409269e-02   3.0149144e-03
   5.1433318e-02   3.0243400e-03
   5.1130554e-02   1.5032625e-03
   5.1282051e-02   0.0000000e+00
   5.2564000e-02  -1.0050959e-03
   4.8812704e-02   4.0287813e-03
   5.2511067e-02   3.5143754e-03
   5.2512213e-02   1.0041073e-03
   4.7387300e-02   4.5191659e-03
   4.4869155e-02   5.5292516e-03
   4.6062189e-02   3.0099221e-03
   4.2266010e-02   0.0000000e+00
   4.3632689e-02   1.0063435e-03
   4.2307672e-02  -5.0269244e-04
   4.1025461e-02   1.5081249e-03
   4.8669573e-02   2.0084452e-03
   5.1280031e-02   4.5231093e-03
   5.3738882e-02   3.5107811e-03
   4.9997569e-02   5.0258698e-03
   4.6198305e-02   3.5219623e-03
   4.8717096e-02   3.0156346e-03
   4.6199205e-02   1.5094124e-03
   5.1282026e-02  -5.0256770e-04
   4.3589744e-02   0.0000000e+00
   4.3632774e-02   0.0000000e+00
   4.3546270e-02   2.5109069e-03
   4.9950133e-02   2.5104628e-03
   4.9851905e-02   2.5055330e-03
   4.7481244e-02   4.0249567e-03
   4.4825824e-02   4.5194813e-03
   4.4826803e-02   3.0129875e-03
   4.4783117e-02   2.0066837e-03
   4.2223898e-02   2.5085197e-03
   3.8499488e-02   5.0323445e-04
   3.8461520e-02  -5.0273860e-04
   3.5968379e-02   0.0000000e+00
   3.0708602e-02   1.0036570e-03
   2.8204909e-02   2.0113610e-03
   3.0769096e-02   1.5084533e-03
   3.0678451e-02   5.0133535e-04
   3.4614779e-02   3.0166822e-03
   3.4513208e-02   1.0025966e-03
   3.5826147e-02   3.0106679e-03
   2.9428906e-02   2.0073597e-03
   3.3333268e-02  -1.0055866e-03
   3.0738916e-02   0.0000000e+00
   2.6843541e-02   1.5041042e-03
   2.5615565e-02   2.0094622e-03
   2.6922867e-02   2.0114030e-03
   1.5368854e-02   4.5218515e-03
   1.2807378e-02   4.5219480e-03
   1.4074796e-02   5.0193909e-04
   6.4102284e-03  -1.5088574e-03
   7.6922478e-03  -2.0117991e-03
   1.2807658e-03  -3.0147769e-03
   0.0000000e+00  -2.0118343e-03
   1.2820513e-03   0.0000000e+00
   3.8461239e-03   2.0118255e-03
   8.9743197e-03   1.5088398e-03
   3.8422732e-03   3.5172260e-03
   5.1231502e-03   5.0245915e-04
   3.8348064e-03  -5.0147274e-04
   2.5590551e-03   0.0000000e+00
   5.1281952e-03  -1.0059093e-03
   6.4102284e-03  -1.5088574e-03
   5.1332050e-03  -2.5172558e-03
   6.4039129e-03  -1.5073709e-03
   3.8499338e-03   1.5103586e-03
   6.4163843e-03   4.0275916e-03
   6.4165344e-03   2.0137958e-03
   1.5384615e-02   0.0000000e+00
   1.7948578e-02   2.0116426e-03
   4.1066060e-02   1.0064082e-03
   4.3503600e-02   2.0067507e-03
   4.6153285e-02   2.5132095e-03
   4.7388335e-02   3.0127772e-03
   4.6107569e-02   3.0128839e-03
   4.7480411e-02   5.0311959e-03
   4.3545086e-02   4.5196325e-03
   4.2307610e-02   1.0053849e-03
   4.2307692e-02   0.0000000e+00
   3.9782823e-02   0.0000000e+00
   3.9782823e-02   0.0000000e+00
   4.3719090e-02   0.0000000e+00
   4.1024923e-02   3.0162499e-03
   4.4914690e-02   4.0252388e-03
   4.9998809e-02   3.5181089e-03
   4.7434767e-02   3.5183686e-03
   4.6108352e-02   5.0214731e-04
   5.1332575e-02  -1.0061261e-03
   5.0000000e-02   0.0000000e+00
   5.5291114e-02   2.5199769e-03
   5.2667059e-02   3.0212369e-03
   5.8857241e-02   3.0087288e-03
   5.9029700e-02   5.0293681e-03
   5.6297876e-02   3.5104891e-03
   6.0255678e-02   2.5120958e-03
   5.5018726e-02   3.0091172e-03
   5.4965160e-02   2.0041091e-03
   5.1281827e-02   1.5077031e-03
   5.6299213e-02   0.0000000e+00
   5.1228519e-02   5.5228066e-03
   5.3845211e-02   3.0151661e-03
   5.1280829e-02   3.5179739e-03
   5.3899073e-02   1.5090688e-03
   5.3634578e-02   0.0000000e+00
   5.3739741e-02   2.0061606e-03
   5.3793103e-02   0.0000000e+00
   6.0197044e-02   0.0000000e+00
   6.1660049e-02   5.0338666e-04
   6.0313513e-02   4.5262266e-03
   6.0249818e-02   7.5362875e-03
   6.3973868e-02   4.5122558e-03
   5.6464595e-02   3.5208659e-03
   5.5181308e-02   3.5210148e-03
   5.2667958e-02  -5.0353949e-04
   4.4783269e-02  -1.5050128e-03
   3.9900677e-02  -2.0188513e-03
   4.2349375e-02   1.0063763e-03
   4.8669951e-02   0.0000000e+00
   5.1229513e-02   4.5186600e-03
   4.9997569e-02   5.0258698e-03
   5.5181658e-02   3.0180127e-03
   5.8915999e-02   1.5058435e-03
   6.0434947e-02   1.5117204e-03
   7.1865430e-02   1.5080627e-03
   6.7879105e-02   4.5160150e-03
   6.9295026e-02   5.5301542e-03
   6.7880587e-02   3.0106767e-03
   6.0137533e-02   1.5042968e-03
   6.0078198e-02   2.0037611e-03
   6.1660049e-02   5.0338666e-04
   6.6600468e-02   2.0072198e-03
   6.5577480e-02   3.0228625e-03
   6.4038632e-02   2.5092725e-03
   6.3913440e-02   5.0086996e-04
   6.6797245e-02   3.0197316e-03
   6.9229557e-02   3.0134813e-03
   6.8081807e-02   3.0195772e-03
   6.4291238e-02   3.5268468e-03
   6.7813778e-02   3.0077215e-03
   6.4165563e-02   1.5085288e-03
   6.6665078e-02   3.5160897e-03
   6.8014966e-02   2.5138371e-03
   6.5319912e-02   1.5054899e-03
   6.8014171e-02   3.5193720e-03
   6.5382581e-02   4.0185890e-03
   6.1476371e-02   3.5133150e-03
   6.2820482e-02   5.0237236e-04
   6.2882251e-02  -1.5086014e-03
   6.4165719e-02   1.0056859e-03
   6.1475416e-02   4.5171193e-03
   6.0310927e-02   6.5378829e-03
   5.6242522e-02   3.5070437e-03
   5.3792686e-02   2.0081337e-03
   4.9999611e-02   2.0103479e-03
   5.2615966e-02   5.0304323e-04
   5.1080550e-02   0.0000000e+00
   4.2307363e-02   2.0107698e-03
   4.2224082e-02   2.0068157e-03
   4.0943613e-02   4.0137577e-03
   4.0904127e-02   2.5061343e-03
   3.8423347e-02   2.0089749e-03
   3.8537079e-02   2.5186564e-03
   2.9427409e-02   5.5202392e-03
   2.8176848e-02   3.0140704e-03
   1.7966358e-02   1.5102210e-03
   1.4088663e-02  -5.0243355e-04
   1.0246226e-02  -2.0097898e-03
   1.0256231e-02  -3.0176576e-03
   2.5615453e-03   2.5123104e-03
   1.2820513e-03   0.0000000e+00
   5.1231502e-03   5.0245915e-04
   2.5666225e-03   1.5103623e-03
   0.0000000e+00   3.5241856e-03
  -1.2782669e-03   1.0029494e-03
   0.0000000e+00  -2.5098425e-03
  -2.5666338e-03   0.0000000e+00
   0.0000000e+00   0.0000000e+00
  -3.8385827e-03   0.0000000e+00
   0.0000000e+00  -2.5147929e-03
   1.2795269e-03   5.0196826e-04
   6.4039378e-03  -5.0245696e-04
   1.0276600e-02   2.0157473e-03
   1.4130186e-02   3.0235368e-03
   1.9249669e-02   1.5101997e-03
   1.9211813e-02  -5.0240819e-04
   2.6949654e-02   0.0000000e+00
   2.3075307e-02   6.0345522e-03
   2.4430491e-02   4.0348958e-03
   2.4334786e-02   2.0095002e-03
   2.5691700e-02   0.0000000e+00
   2.9458128e-02   0.0000000e+00
   3.0738901e-02   5.0232265e-04
   2.9457771e-02   2.5116705e-03
   2.9456970e-02   4.5210069e-03
   3.0768498e-02   3.5197243e-03
   2.9399045e-02   4.5121206e-03
   3.7179469e-02  -5.0275301e-04
   3.0860519e-02   5.0430896e-04
   3.3366239e-02   0.0000000e+00
   3.4615317e-02   1.0055607e-03
   3.4579603e-02   5.0228537e-03
   3.7141974e-02   3.5158066e-03
   3.7142569e-02   2.0090324e-03
   3.4547177e-02   1.0035827e-03
   3.4615385e-02   0.0000000e+00
   3.0799590e-02   5.0331385e-04
   3.1956735e-02   0.0000000e+00
   3.5897436e-02   0.0000000e+00
   3.8309507e-02   3.5053544e-03
   3.4580677e-02   3.0137122e-03
   3.5968098e-02   2.0150392e-03
   3.7142695e-02   1.5067743e-03
   3.4615115e-02   2.0111215e-03
   3.7106227e-02   1.0035283e-03
   3.7033327e-02   1.0015583e-03
   3.9743590e-02   0.0000000e+00
   3.9626352e-02   0.0000000e+00
   4.1106539e-02   1.5111025e-03
   3.8384637e-02   4.0139986e-03
   4.8669360e-02   2.5105564e-03
   4.9949551e-02   3.5146479e-03
   4.8621953e-02   1.0032356e-03
   4.7482516e-02   1.5093588e-03
   4.7482632e-02   1.0062392e-03
   4.3546037e-02   3.0130883e-03
   4.3546037e-02   3.0130883e-03
   4.7435067e-02   3.0157445e-03
   4.3632434e-02   2.0126870e-03
   4.4739343e-02   1.0023564e-03
   4.2349436e-02   5.0318816e-04
   4.1025641e-02   0.0000000e+00
   3.9743281e-02   2.0108948e-03
   4.3588981e-02   3.0160565e-03
   4.2307507e-02   1.5080773e-03
   4.4827238e-02   2.0086584e-03
   4.3546037e-02   3.0130883e-03
   4.3588705e-02   3.5187326e-03
   3.9742353e-02   4.0217896e-03
   3.7142406e-02   2.5112905e-03
   3.7069813e-02   0.0000000e+00
   4.2349457e-02   0.0000000e+00
   4.2182870e-02   5.0121113e-04
   4.1065960e-02   1.5096122e-03
   3.8385659e-02   1.5052495e-03
   4.2348446e-02   3.5223171e-03
   4.4826520e-02   3.5151521e-03
   4.6062791e-02   1.5049611e-03
   4.3546460e-02   2.0087256e-03
   4.3589744e-02   0.0000000e+00
   4.2141454e-02   0.0000000e+00
   3.8423627e-02   5.0224372e-04
   4.4827499e-02   1.0043292e-03
   3.9781583e-02   4.0257561e-03
   3.9703489e-02   3.5156021e-03
   4.3589722e-02   5.0267608e-04
   4.2349375e-02  -1.0063763e-03
   4.6153756e-02   1.0052838e-03
   4.3503916e-02   5.0168767e-04
   4.7434767e-02   3.5183686e-03
   4.4958279e-02   5.0365145e-03
   4.7341396e-02   3.5114518e-03
   4.3503410e-02   2.5084383e-03
   4.2349271e-02   1.5095645e-03
   3.8423347e-02  -2.0089749e-03
   3.4615317e-02  -1.0055607e-03
   3.5932593e-02  -2.0130515e-03
   2.4330713e-02   9.5451258e-03
   3.8499338e-02  -1.5097034e-03
   2.1771877e-02   6.0287111e-03
   1.5399803e-02   0.0000000e+00
   1.0265930e-02   5.5378332e-03
   1.0256286e-02  -2.5147146e-03
   1.7912518e-02  -5.0192085e-03
   1.7930478e-02  -4.0193221e-03
   2.5641013e-02  -5.0286078e-04
   3.3333074e-02  -2.0111733e-03
   3.8499037e-02   2.5161723e-03
   4.4866886e-02   7.5398885e-03
   5.7630741e-02   6.5256095e-03
   6.4164312e-02   3.5199005e-03
   6.8014602e-02   3.0166045e-03
   7.1652676e-02   2.5060387e-03
   7.0512683e-02   1.0044407e-03
   7.4284813e-02   2.5082235e-03
   7.9565298e-02   1.5075443e-03
   8.1966465e-02   5.0146717e-03
   8.7001806e-02   6.0101758e-03
   8.8720520e-02   4.5295224e-03
   8.4696273e-02   4.0191193e-03
   8.3328430e-02   5.5212123e-03
   8.3414581e-02   2.5121092e-03
   8.7093216e-02   1.5040177e-03
   8.4696273e-02   4.0191193e-03
   8.3249777e-02   3.0086154e-03
   8.3579141e-02   3.0204700e-03
   8.5722368e-02   6.0105671e-03
   8.1966465e-02   5.0146717e-03
   8.0766050e-02   4.5179157e-03
   8.0769191e-02   5.0199063e-04
   8.3087352e-02   1.0009076e-03
   7.9564251e-02   3.0150886e-03
   7.6922740e-02   1.5062412e-03
   7.4357203e-02   3.5149647e-03
   6.6729226e-02   5.0279308e-03
   6.6600177e-02   2.5090247e-03
   6.4038632e-02   2.5092725e-03
   5.5127776e-02   2.0100278e-03
   5.2667984e-02   0.0000000e+00
   5.1282051e-02   0.0000000e+00
   4.3503178e-02   3.0101260e-03
   3.6003322e-02   3.0255461e-03
   3.2018943e-02   3.5161750e-03
   2.6923025e-02   1.0057015e-03
   1.7948718e-02   0.0000000e+00
   1.6666659e-02  -5.0291725e-04
   1.5369093e-02  -3.5169956e-03
   1.2833169e-02   0.0000000e+00
   7.6999013e-03   0.0000000e+00
   7.6771505e-03   1.0039195e-03
   1.1560904e-02   4.0314611e-03
   1.1538321e-02   2.5146938e-03
   1.1515742e-02  -5.0194881e-04
   1.2795176e-02  -2.0077768e-03
   1.2832769e-02  -4.0274444e-03
   1.1549801e-02  -1.5103056e-03
   1.6650174e-02   1.5072655e-03
   2.1772342e-02   5.0239259e-03
   2.8232476e-02   3.0200184e-03
   2.6817082e-02   2.0035030e-03
   3.0799590e-02  -5.0331385e-04
   3.4581214e-02  -1.0045707e-03
   4.1106398e-02   2.0148033e-03
   4.1103328e-02   6.5481106e-03
   4.4870028e-02   4.5239331e-03
   4.8573651e-02   2.5056262e-03
   4.8717736e-02   1.5078173e-03
   5.3686667e-02   2.5052392e-03
   5.6299213e-02   0.0000000e+00
   6.0315893e-02   0.0000000e+00
   6.5319405e-02   2.5091499e-03
   7.0302643e-02   4.0059456e-03
   7.5636575e-02   5.5232028e-03
   7.8047401e-02   5.0106621e-03
   7.6841921e-02   6.0190494e-03
   7.4282794e-02   4.5148024e-03
   7.5714774e-02   2.5130167e-03
   7.3076603e-02   1.5064974e-03
   6.9160413e-02   4.0140277e-03
   6.5319690e-02   2.0073199e-03
   5.7747459e-02   4.0236726e-03
   5.4965160e-02   2.0041091e-03
   5.3739220e-02   3.0092409e-03
   4.8669100e-02   3.0126677e-03
   4.2349127e-02   2.0127526e-03
   4.0985043e-02   1.5066406e-03
   4.1024663e-02   3.5189582e-03
   3.8423477e-02   1.5067312e-03
   3.5897279e-02   1.5083008e-03
   3.8423477e-02   1.5067312e-03
   3.8461370e-02   1.5082158e-03
   3.5862069e-02   0.0000000e+00
   3.0708661e-02   0.0000000e+00
   3.2114609e-02   5.0379887e-04
   3.8423571e-02   1.0044874e-03
   4.4827564e-02  -5.0216459e-04
   4.6199048e-02   2.0125499e-03
   4.7435874e-02  -5.0262408e-04
   5.3740157e-02   0.0000000e+00
   5.5127240e-02   3.0150417e-03
   6.2818558e-02   4.0189789e-03
   6.8081807e-02   3.0195772e-03
   6.9025714e-02   2.5038475e-03
   6.3130698e-02   3.0291359e-03
   5.7632671e-02   5.0196996e-03
   5.8972524e-02   4.0195347e-03
   5.8858268e-02   0.0000000e+00
   5.3793103e-02   0.0000000e+00
   5.7749231e-02  -5.0295907e-04
   6.1537983e-02  -2.0095840e-03
   6.9299112e-02   0.0000000e+00
   8.2049327e-02   3.5137183e-03
   8.9827805e-02   5.0225736e-03
   9.8803076e-02   8.0321108e-03
   9.7798584e-02   1.1077593e-02
   1.0266035e-01   5.0189242e-03
   9.9987553e-02   8.0236337e-03
   9.6145945e-02   6.5206495e-03
   8.7260403e-02   5.5255706e-03
   8.0768602e-02  -2.0079625e-03
   6.6470010e-02   0.0000000e+00
   6.4165844e-02   0.0000000e+00
   6.4229218e-02   5.0333860e-04
   6.5384107e-02   2.0092945e-03
   6.1475923e-02   4.0152171e-03
   6.1476371e-02   3.5133150e-03
   5.2613429e-02   5.0304323e-03
   5.0098203e-02   2.5178938e-03
   4.6153487e-02   2.0105676e-03
   4.2265825e-02   1.5065931e-03
   2.9429006e-02   1.5055198e-03
   3.0768991e-02  -2.0112710e-03
   3.3234218e-02  -3.5091779e-03
   3.5861790e-02  -2.0090879e-03
   4.9950521e-02   1.5062777e-03
   6.7681598e-02   1.0006095e-03
   7.8123491e-02   5.5171391e-03
   8.5886745e-02   8.0298277e-03
   8.9998621e-02   8.0519394e-03
   9.6053473e-02   5.5120662e-03
   9.2211334e-02   5.5132399e-03
   7.5632751e-02   7.5316401e-03
   6.8010195e-02   6.5359765e-03
   6.2944541e-02   1.0067257e-03
   5.1281428e-02   2.5128385e-03
   3.8461239e-02  -2.0109544e-03
   2.6976271e-02   5.0384410e-04
   1.8001415e-02   4.0352214e-03
   1.4116149e-02   3.5239778e-03
   1.0246286e-02   1.0048949e-03
   6.4102065e-03  -2.0118099e-03
   7.6921244e-03  -3.5206484e-03
   6.4163312e-03  -4.5310406e-03
   8.9832138e-03  -5.0344306e-04
   1.0235903e-02   4.0156235e-03
   1.0256006e-02   4.5264863e-03
   1.5354145e-02   2.5096675e-03
   1.5354301e-02   1.0038670e-03
   2.0512781e-02   1.0057920e-03
   2.6896539e-02  -5.0235555e-04
   2.3054008e-02   2.0095362e-03
   2.3076205e-02   4.0230348e-03
   2.1816121e-02   2.5169210e-03
   2.8260870e-02   0.0000000e+00
   2.6896225e-02   2.5117777e-03
   2.5640976e-02  -1.0057216e-03
   3.2019456e-02  -2.0092428e-03
   3.3300428e-02   1.0045966e-03
   4.6153846e-02   0.0000000e+00
   5.3791433e-02   4.0162675e-03
   6.2815351e-02   6.5308407e-03
   6.4223950e-02   6.5434018e-03
   6.4039285e-02   1.0037090e-03
   6.2758133e-02   2.0075143e-03
   6.1475923e-02   4.0152171e-03
   6.8082173e-02   2.5163144e-03
   6.6798125e-02  -1.5098658e-03
   6.6600953e-02   5.0180495e-04
   6.6535401e-02  -5.0131234e-04
   7.6998675e-02  -1.5077229e-03
   6.9144812e-02   1.1540330e-02
   7.3148171e-02   2.5132998e-03
   6.7809410e-02   6.5167298e-03
   5.3990724e-02   1.2096391e-02
   6.3976347e-02   5.0136175e-04
   5.6353695e-02   3.0119496e-03
   7.3092102e-02  -2.0106399e-02
   6.4289635e-02   5.0383525e-03
   7.1794313e-02  -2.0087733e-03
   6.7939171e-02   8.5386402e-03
   7.4285137e-02   2.0065788e-03
   7.4428753e-02   5.0263189e-03
   7.5193151e-02   4.4924907e-03
   6.5187203e-02   6.0101468e-03
   8.8347590e-02  -1.2532651e-02
   7.3146175e-02   4.5239397e-03
   7.1719926e-02   5.5187005e-03
   5.8720425e-02   1.4013206e-02
   6.4038290e-02  -3.0111271e-03
   6.2634445e-02  -2.5044694e-03
   6.9367453e-02  -1.0064733e-03
   5.8916228e-02   5.0194784e-04
   5.6465833e-02   1.0059617e-03
   5.1426954e-02   8.5689635e-03
   4.2219175e-02   8.0272629e-03
   4.6332796e-02   6.5601905e-03
   5.2563464e-02  -2.5127397e-03
   5.3842384e-02  -6.0303323e-03
   4.2349436e-02  -5.0318816e-04
   3.8498831e-02   3.0194067e-03
   3.0767420e-02   5.5309954e-03
   3.4510455e-02   6.5168778e-03
   4.4739084e-02   2.0047129e-03
   5.2460401e-02  -1.5046808e-03
   6.6657299e-02  -8.5390750e-03
   7.0509392e-02  -5.0222034e-03
   7.0581878e-02   2.0108587e-03
   7.1850308e-02   1.0556439e-02
   8.4357789e-02   7.0059115e-03
   8.2992921e-02   8.9993556e-03
   8.5812433e-02   1.5041158e-03
   8.5981854e-02   1.5070725e-03
   7.8359531e-02  -1.0060791e-03
   6.9092848e-02   3.5088270e-03
   7.5788701e-02   3.5216881e-03
   7.7140431e-02   8.5606053e-03
   7.9251746e-02   2.5027282e-03
   2.1751969e-02   0.0000000e+00
   2.5640577e-02   3.0171647e-03
   3.5859963e-02   5.5249917e-03
   2.1748166e-02   9.5360668e-03
   1.7929982e-02   5.5265679e-03
   1.1561062e-02  -3.0235958e-03
   1.4087132e-02  -7.5365032e-03
   1.2832268e-03  -6.0414581e-03
  -1.6698790e-02  -5.0391099e-03
  -1.6649729e-02  -4.0193748e-03
  -7.6998863e-03  -1.0068925e-03
  -5.1174757e-03   8.0314338e-03
   8.9645384e-03   7.5367666e-03
   1.6664843e-02   7.5437588e-03
   1.9268540e-02   2.5194861e-03
   2.3008850e-02   0.0000000e+00
   2.6842827e-02  -4.0109444e-03
   2.3053639e-02  -3.5166884e-03
   2.4358974e-02   0.0000000e+00
   2.4404434e-02   7.5579566e-03
   3.7176884e-02   6.0330361e-03
   5.0096833e-02   4.5322089e-03
   6.0313513e-02   4.5262266e-03
   7.0365291e-02   8.0197538e-03
   6.7877030e-02   6.0213534e-03
   6.9367555e-02  -5.0323666e-04
   5.7635020e-02  -2.0078799e-03
   4.3589744e-02   0.0000000e+00
   5.0097249e-02  -4.0286301e-03
   5.6519973e-02  -4.0278153e-03
   5.7458522e-02   8.0078971e-03
   5.7625373e-02   9.5374293e-03
   6.2694391e-02   4.5124716e-03
   6.0194678e-02   4.5173271e-03
   5.7633202e-02   4.5177297e-03
   5.1282051e-02   0.0000000e+00
   4.6150054e-02  -6.5343447e-03
   4.1025641e-02   0.0000000e+00
   2.7000379e-02   7.0607915e-03
   3.2018446e-02   4.5207964e-03
   2.8204250e-02   4.0227219e-03
   2.4334220e-02  -4.0190003e-03
   2.5590241e-02  -2.5093564e-03
   2.5895592e-02   4.0629390e-03
   4.1106398e-02  -2.0148033e-03
   1.2815628e-02   1.4082155e-02
   4.8573651e-02   2.5056262e-03
   5.8117910e-02   1.7219362e-02
   6.1356814e-02  -1.0018346e-03
   3.3169631e-02   1.5009835e-03
   4.9705405e-02  -3.2039365e-02
   1.0973101e-01  -2.0186407e-03
   7.8358307e-02  -3.0182373e-03
   7.9396383e-02  -9.0275088e-03
   5.6464182e-02  -4.0238467e-03
   6.1654180e-02   7.0474132e-03
   6.6697097e-02   1.6592172e-02
   8.1862963e-02   1.3025364e-02
   1.1526819e-01  -3.5034955e-03
   1.2191457e-01  -1.5037670e-03
   1.3319673e-01   4.4986144e-03
   1.3178055e-01   6.4923135e-03
   1.2844245e-01   8.0241613e-03
   1.2793689e-01   7.9928738e-03
   1.1410168e-01   2.0041294e-03
   7.8204786e-02  -1.5061528e-03
   5.5067050e-02  -8.0322042e-03
   3.4614021e-02  -4.5250234e-03
   5.0049261e-02   1.0061648e-03
   6.7859513e-02   1.3046266e-02
   8.2028309e-02   1.2047034e-02
   8.8171781e-02   1.3008442e-02
   8.5812808e-02   0.0000000e+00
   7.1794837e-02  -5.0219332e-04
   5.6350742e-02  -6.0238992e-03
   3.4683371e-02  -2.5188665e-03
   3.4718101e-02   0.0000000e+00
   3.8421389e-02   5.5246810e-03
   3.8344450e-02   7.0175964e-03
   4.8668439e-02   4.0168903e-03
   4.8717949e-02   0.0000000e+00
   3.5968221e-02   1.5112794e-03
   4.3589659e-02   1.0053522e-03
   1.5368198e-02   6.5315632e-03
   1.5354323e-02   5.0193350e-04
   1.1527088e-02  -5.0244330e-04
  -2.1924506e-02  -1.5176413e-03
  -1.9306467e-02  -3.5342637e-03
  -3.0799605e-02   0.0000000e+00
  -3.8728592e-02  -2.0249209e-03
  -1.7964957e-02   6.5442911e-03
  -5.1532530e-03   6.0653636e-03
   1.9287598e-02   2.5219776e-03
   5.7238485e-02  -4.4868464e-03
   3.7031237e-02  -5.5085708e-03
   3.4546642e-02  -3.0107481e-03
   2.8258166e-02   7.0536694e-03
   3.2175947e-02   6.0575505e-03
   3.8379804e-02   9.0314968e-03
   4.2140722e-02   3.0043158e-03
   4.7295969e-02   0.0000000e+00
   5.7690035e-02  -4.5221763e-03
   4.7482701e-02   5.0311959e-04
   5.3842986e-02   5.5278046e-03
   5.8902422e-02   1.1042852e-02
   7.0574692e-02   7.5407200e-03
   9.2125984e-02   0.0000000e+00
   8.7092074e-02  -3.0080353e-03
   7.4212455e-02  -1.0023051e-03
   6.6732445e-02  -5.0279308e-04
   4.7481244e-02   4.0249567e-03
   4.6059222e-02   6.5214980e-03
   3.7141055e-02   5.0225809e-03
   3.8498306e-02   4.0258756e-03
   4.0944168e-02   3.0103183e-03
   3.3365654e-02  -3.0197360e-03
   2.4454247e-02  -5.0486117e-03
   2.1794872e-02   0.0000000e+00
   2.5690445e-03   5.0395159e-03
