   8.7519562e-02  -5.5419092e-03
   8.5788829e-02   1.2032926e-02
   7.8494501e-02   1.1592737e-02
   8.4521519e-02   8.0224665e-03
   8.9741451e-02  -3.5123507e-03
   8.6314784e-02  -7.0607639e-03
   9.3679896e-02  -3.5150703e-03
   8.9742499e-02   2.5088219e-03
   8.8623860e-02   8.5473494e-03
   9.6319001e-02   1.1559209e-02
   9.3379463e-02   1.2016267e-02
   8.7608743e-02   4.0344559e-03
   9.2398410e-02  -1.5065646e-03
   9.2489396e-02  -2.0107278e-03
   8.5033184e-02  -3.0262385e-03
   9.1205534e-02   0.0000000e+00
   1.0009384e-01   5.0196923e-03
   9.1106798e-02   7.0311223e-03
   8.7071244e-02   1.1530802e-02
   8.4853021e-02   9.0608318e-03
   7.3293625e-02   1.0073024e-03
   7.5714368e-02  -3.0156200e-03
   7.7072691e-02  -4.0245533e-03
   7.3076781e-02   1.0043316e-03
   7.0647207e-02   6.0385195e-03
   7.0505107e-02   7.5333052e-03
   6.1594138e-02   6.5375810e-03
   5.2665902e-02   4.5318554e-03
   5.1382170e-02   3.5249156e-03
   5.1281652e-02  -2.0102708e-03
   5.7748556e-02  -2.5147953e-03
   7.0304274e-02  -2.0029728e-03
   7.7074948e-02  -1.0061383e-03
   7.0441162e-02   4.0138160e-03
   7.7067725e-02   7.0429684e-03
   5.7854333e-02   9.0711374e-03
   6.0430956e-02   6.0468818e-03
   6.3975882e-02   2.0054470e-03
   7.0512821e-02   0.0000000e+00
   7.4136723e-02  -4.5059525e-03
   7.7075061e-02   5.0306917e-04
   7.5640695e-02   1.5063280e-03
   7.4575210e-02   5.5398525e-03
   7.4570286e-02   8.0579673e-03
   6.4091314e-02   9.5446165e-03
   7.5708466e-02   7.0364467e-03
   8.6921942e-02   1.5010731e-03
   9.2306974e-02  -2.0067817e-03
   9.2398095e-02  -2.0087528e-03
   9.2307692e-02   0.0000000e+00
   8.8722473e-02   3.0196816e-03
   8.3737031e-02   7.5660809e-03
   8.4762582e-02   1.1063453e-02
   8.8450528e-02   8.0287704e-03
   8.8545370e-02   4.5206210e-03
   9.2397195e-02   3.0131292e-03
   9.4777589e-02  -2.0045319e-03
   9.2216346e-02  -1.5036109e-03
   8.6066143e-02   2.5142587e-03
   8.2452979e-02   5.5488094e-03
   8.1160507e-02   7.5670284e-03
   8.5970126e-02   8.5400774e-03
   9.2210305e-02   6.0144436e-03
   9.2306570e-02   2.5084772e-03
   9.1115454e-02  -5.0222302e-04
   7.8359531e-02  -1.0060791e-03
   6.8080877e-02   4.0261030e-03
   6.1719589e-02   3.5271841e-03
   6.2813640e-02   7.5355854e-03
   6.7940261e-02   8.0363672e-03
   7.0301420e-02   5.0074320e-03
   7.0581878e-02  -2.0108587e-03
   6.1720585e-02  -2.0155338e-03
   5.6577646e-02   0.0000000e+00
   5.6577535e-02   1.0079480e-03
   6.0194123e-02   5.0192523e-03
   6.7744317e-02   5.5087487e-03
   6.7874362e-02   7.5266917e-03
   7.1863504e-02   4.0215005e-03
   8.0926918e-02   3.5208522e-03
   8.0848806e-02  -1.0049685e-03
   7.8514505e-02  -1.5120962e-03
   7.8281986e-02   1.5076343e-03
   8.3493092e-02   5.5320790e-03
   8.3161397e-02   7.0132212e-03
   8.4690826e-02   7.0334588e-03
   9.1021215e-02   5.0173015e-03
   9.2398815e-02   0.0000000e+00
   9.4871795e-02   0.0000000e+00
   8.7178809e-02   2.0073257e-03
   9.4053334e-02   1.0082665e-03
   9.0091547e-02   6.5486472e-03
   8.9644035e-02   8.0203581e-03
   8.7001806e-02   6.0101758e-03
   9.3496811e-02   2.0046742e-03
   9.1205355e-02  -1.0054337e-03
   8.7265548e-02   0.0000000e+00
   8.0847033e-02   3.5173899e-03
   8.4526113e-02   6.0168498e-03
   8.9822335e-02   7.5338604e-03
   8.7171179e-02   7.0256400e-03
   8.2048729e-02   4.0156780e-03
   7.9643647e-02   2.0120378e-03
   7.9563747e-02  -3.5176033e-03
   8.2293751e-02  -2.5172165e-03
   8.4698914e-02   0.0000000e+00
   9.2303204e-02   5.0169544e-03
   9.5949510e-02   9.0109152e-03
   1.0254610e-01   9.5266098e-03
   9.7522770e-02   7.0286179e-03
   9.2489396e-02   2.0107278e-03
   9.1386139e-02   0.0000000e+00
   8.3497983e-02   5.0291627e-04
   8.5982063e-02   1.0047150e-03
   8.9742019e-02   3.0105863e-03
   9.1021215e-02   5.0173015e-03
   8.9823604e-02   7.0316031e-03
   8.4520166e-02   8.5238706e-03
   8.3495415e-02   4.0233302e-03
   7.6923077e-02   0.0000000e+00
   8.4866427e-02  -5.0337955e-04
   8.4615343e-02  -5.0189655e-04
   8.8286332e-02   2.5040745e-03
   8.9648907e-02   6.0152686e-03
   8.6133745e-02   1.0570286e-02
   9.0002451e-02   6.5422007e-03
   8.2127438e-02   5.5269863e-03
   7.8436232e-02   2.5176766e-03
   8.0928498e-02   1.5089366e-03
   8.3169291e-02   0.0000000e+00
   8.8636320e-02   5.0278526e-04
   8.8459990e-02   3.0107889e-03
   8.8458785e-02   4.0143852e-03
   8.3329281e-02   5.0192839e-03
   8.2205573e-02   7.0412695e-03
   7.8588806e-02   5.0452978e-03
   8.4782443e-02   1.0057685e-03
   8.4614726e-02   2.0075862e-03
   8.8458785e-02   4.0143852e-03
   8.9739226e-02   5.0176439e-03
   9.2212274e-02   5.0120363e-03
   9.6244968e-02   4.5187279e-03
   8.3414581e-02   2.5121092e-03
   8.4781119e-02   3.0173055e-03
   9.3772460e-02   3.5185258e-03
   9.6246468e-02   3.5145661e-03
   9.4868058e-02   4.5146211e-03
   1.0107675e-01   5.5050369e-03
   1.0157544e-01   6.0350158e-03
   9.3677568e-02   5.0215291e-03
   9.1111903e-02   4.5200072e-03
   8.9831087e-02   2.5112868e-03
   1.0000000e-01   0.0000000e+00
   1.0502458e-01   5.0083132e-04
   1.0394360e-01   5.0185329e-03
   1.0028845e-01   6.5384329e-03
   9.9991783e-02   6.5192024e-03
   9.5149543e-02   4.5279463e-03
   9.7723830e-02   2.5151586e-03
   9.3773559e-02   2.5132327e-03
   9.1294630e-02   2.5160583e-03
   9.8911836e-02   2.5125006e-03
   1.0394862e-01   5.0185329e-04
   9.6343685e-02   1.0051486e-03
   8.5891422e-02   6.0223707e-03
   8.0925654e-02   4.5268099e-03
   8.0765303e-02   5.0199063e-03
   8.5811309e-02   3.0082316e-03
   8.5982189e-02   5.0235750e-04
   9.0935961e-02   0.0000000e+00
   9.7532083e-02   0.0000000e+00
   9.2397690e-02   2.5109410e-03
   9.7334186e-02   5.5116645e-03
   1.0136603e-01   9.0347592e-03
   1.0542696e-01   8.0447987e-03
   1.0875347e-01   5.5024307e-03
   1.1047345e-01   2.0085707e-03
   1.0138203e-01   0.0000000e+00
   9.9999562e-02   1.5044313e-03
   9.2489712e-02   1.5080458e-03
   8.8281244e-02   6.0097788e-03
   7.7068740e-02   6.5398992e-03
   8.4526113e-02   6.0168498e-03
   8.0848806e-02   1.0049685e-03
   8.2051242e-02   5.0195975e-04
   8.8548174e-02  -2.0091649e-03
   7.2007032e-02   2.5183948e-03
   7.0580743e-02   3.5190026e-03
   6.8005060e-02   9.0498136e-03
   7.1791381e-02   5.0219332e-03
   6.4038632e-02   2.5092725e-03
   6.3975603e-02  -2.5068088e-03
   7.0720362e-02  -3.5259436e-03
   6.7948685e-02  -5.0227295e-04
   4.8801627e-02   1.1582746e-02
   5.3890802e-02   9.0544125e-03
   6.1534153e-02   6.0287521e-03
   5.3896132e-02   5.5332521e-03
   4.2307672e-02   5.0269244e-04
   4.8621835e-02  -1.5048533e-03
   4.7434029e-02  -4.5236167e-03
   4.8669360e-02  -2.5105564e-03
   4.4871598e-02   1.5079777e-03
   3.8490430e-02   1.1071158e-02
   3.7137018e-02   9.0406457e-03
   4.4782684e-02   3.0100255e-03
   4.4827499e-02   1.0043292e-03
   4.3718555e-02  -2.5208301e-03
   4.4871773e-02  -5.0265923e-04
   4.1105736e-02  -3.5259057e-03
   3.0798390e-02   4.5298246e-03
   3.4543480e-02   7.5268702e-03
   3.7139324e-02   7.0316133e-03
   3.7139811e-02   6.5293552e-03
   2.5590539e-02   5.0187128e-04
   2.3076643e-02  -2.5143968e-03
   2.3145219e-02  -2.0174844e-03
   3.2051220e-02  -1.0056116e-03
   2.5563609e-02   6.0165358e-03
   3.0647384e-02   4.0067452e-03
   3.8347786e-02   2.0050275e-03
   3.5861999e-02   1.0045440e-03
   3.4649488e-02   1.0065527e-03
   3.5932873e-02   0.0000000e+00
   3.0830024e-02  -5.0381091e-04
   2.6896225e-02   2.5117777e-03
   2.9486950e-02   2.0113170e-03
   2.3028641e-02   8.0302359e-03
   2.5614259e-02   5.5260209e-03
   2.5590502e-02   1.0037426e-03
   2.6949602e-02  -1.0066939e-03
   1.5399773e-02  -1.0068395e-03
   8.9742019e-03   3.0176796e-03
   1.0256365e-02   1.5088288e-03
   1.4088670e-02   0.0000000e+00
   2.0472431e-02  -5.0190627e-04
   2.4334869e-02   1.5071251e-03
   1.6666375e-02   3.0175035e-03
   1.4102228e-02   3.5205029e-03
   1.2820488e-02   1.0058682e-03
   1.2820513e-02   0.0000000e+00
   1.1561214e-02   1.5117979e-03
   1.9192904e-02   5.0191381e-04
   1.7930895e-02   2.0096611e-03
   2.1751958e-02   5.0189825e-04
   1.9211823e-02   0.0000000e+00
   1.5384548e-02   1.5087701e-03
   1.8001943e-02   1.0088054e-03
   2.0512821e-02   0.0000000e+00
   2.6922239e-02   4.0228060e-03
   2.5563300e-02   6.5179138e-03
   2.1751800e-02   2.0075930e-03
   2.3122530e-02   0.0000000e+00
   2.0492601e-02  -5.0240064e-04
   1.6633850e-02   5.0192742e-04
   1.7983874e-02   3.0234261e-03
   1.7948011e-02   4.5261958e-03
   1.6649592e-02   4.5217966e-03
   5.1280829e-03   3.5206827e-03
   0.0000000e+00   2.5049116e-03
  -8.9832007e-03   1.0068861e-03
  -1.2845825e-02   1.0078559e-03
  -1.1515073e-02  -5.5214369e-03
  -1.5399532e-02  -3.0205186e-03
  -1.7966296e-02  -2.0136280e-03
  -1.9211673e-02   2.0096328e-03
  -2.1751705e-02   2.5094913e-03
  -2.0472193e-02   2.5095314e-03
  -1.7878193e-02   0.0000000e+00
  -1.9211590e-02  -2.5120410e-03
  -2.0512731e-02  -1.5086879e-03
  -1.4116486e-02   0.0000000e+00
  -1.1527088e-02   5.0244330e-04
  -7.6847291e-03   0.0000000e+00
  -1.2795052e-02   3.0116651e-03
  -1.7912683e-02   4.5172877e-03
  -1.6617302e-02   2.5071698e-03
  -1.7913377e-02  -5.0192085e-04
  -1.9192318e-02  -4.0153104e-03
  -1.9211487e-02  -3.0144492e-03
  -1.7966436e-02   0.0000000e+00
  -1.7966401e-02   1.0068140e-03
  -2.0431974e-02   2.5046023e-03
  -2.4334680e-02   2.5118752e-03
  -2.3031318e-02   2.0075590e-03
  -1.7948500e-02  -2.5145532e-03
  -1.0266455e-02  -2.0137575e-03
  -1.0246300e-02   5.0244745e-04
  -7.7074760e-03   1.5118311e-03
   0.0000000e+00   5.0345508e-04
   0.0000000e+00   3.0177515e-03
   1.0246261e-02   1.5073423e-03
   1.6666634e-02  -1.0058345e-03
   1.8001969e-02   5.0440268e-04
   2.0512661e-02   2.0115839e-03
   2.3008449e-02   3.0083784e-03
   2.4382724e-02   2.5168328e-03
   3.0798870e-02   3.5231969e-03
   3.4612540e-02   6.5361449e-03
   4.2307507e-02   1.5080773e-03
   4.6062903e-02   1.0033074e-03
   5.0049334e-02  -5.0308238e-04
   5.4005829e-02   1.0080326e-03
   6.0373608e-02   4.0272796e-03
   5.7745208e-02   6.0355088e-03
   6.0187581e-02   9.0346541e-03
   7.1794313e-02   2.0087733e-03
   6.8149813e-02   2.0150372e-03
   6.1477564e-02   1.5057064e-03
   6.4039409e-02   0.0000000e+00
   6.2820238e-02   1.5071171e-03
   6.9299078e-02   5.0274129e-04
   7.5490334e-02   3.5078698e-03
   7.3291474e-02   4.0292096e-03
   6.7875317e-02   7.0249123e-03
   6.8012481e-02   5.0276742e-03
   6.4228465e-02   2.5166930e-03
   6.8083004e-02   0.0000000e+00
   6.3130294e-02   3.5339918e-03
   6.5449129e-02   5.0281825e-04
   6.4223950e-02   6.5434018e-03
   6.5320070e-02   1.0036599e-03
   7.1936618e-02   1.0063655e-03
   7.0303153e-02   3.5052024e-03
   7.0580743e-02   3.5190026e-03
   5.9031541e-02   3.0176209e-03
   5.0096833e-02   4.5322089e-03
   6.1476758e-02   3.0114128e-03
   6.4226709e-02  -4.5300474e-03
   5.5073464e-02   2.0080510e-03
   6.3005814e-02   3.0231576e-03
   6.3004951e-02   4.0308767e-03
   6.4290232e-02   4.5345173e-03
   6.4418193e-02   4.0386519e-03
   7.3149027e-02   5.0265997e-04
   7.6922740e-02   1.5062412e-03
   7.7073744e-02   3.0184150e-03
   7.8203265e-02   3.5143566e-03
   8.5028675e-02   6.0524769e-03
   7.7072691e-02   4.0245533e-03
   8.1168040e-02   3.0268114e-03
   7.9642364e-02   3.5210662e-03
   9.6248344e-02  -1.5062426e-03
   9.9010880e-02   0.0000000e+00
   1.0405011e-01   2.5117302e-03
   1.1036262e-01   3.5115537e-03
   1.1443840e-01   3.5175538e-03
   1.1430998e-01   9.0362691e-03
   1.1980837e-01   7.5497628e-03
   1.2460322e-01   2.5082672e-03
   1.2742068e-01   4.5228788e-03
   1.3115701e-01   1.0038062e-03
   1.3359658e-01   1.0026247e-03
   1.3643136e-01   4.0175387e-03
   1.3114803e-01   6.0228373e-03
   1.3383771e-01   9.5435980e-03
   1.3126140e-01   1.0047901e-02
   1.3101513e-01   7.0197701e-03
   1.3872841e-01   5.0110709e-03
   1.3474591e-01   3.0046330e-03
   1.3102709e-01   1.5042364e-03
   1.3642755e-01   5.5241158e-03
   1.3512461e-01   9.5426307e-03
   1.3627663e-01   9.5323194e-03
   1.4129441e-01   6.0120199e-03
   1.3257107e-01   3.5164155e-03
   1.4015798e-01  -1.0030890e-03
   1.4015798e-01   1.0030890e-03
   1.4129600e-01   5.5110182e-03
   1.4242812e-01   8.5078130e-03
   1.4769548e-01   1.0515328e-02
   1.5171426e-01   7.5157465e-03
   1.5800118e-01   3.0016262e-03
   1.5702478e-01   4.0104522e-03
   1.5430199e-01   1.5028041e-03
   1.5331643e-01   3.5138034e-03
   1.5072880e-01   7.0292140e-03
   1.5942083e-01   9.0125826e-03
   1.6297164e-01   5.4949900e-03
   1.6297735e-01   3.4968118e-03
   1.6749183e-01   1.5039218e-03
   1.6973086e-01   2.5010279e-03
   1.6988900e-01   6.0083102e-03
   1.7210078e-01   9.9918401e-03
   1.7981653e-01   8.4863727e-03
   1.7946484e-01   7.9717155e-03
   1.7907554e-01   6.0086635e-03
   1.7761506e-01   5.0030208e-03
   1.7667781e-01   5.0134310e-03
   1.7485164e-01   8.4991137e-03
   1.7519194e-01   9.5175024e-03
   1.7356597e-01   8.5002206e-03
   1.7469938e-01   3.4962383e-03
   1.7230254e-01   2.5003882e-03
   1.6491179e-01   3.5100259e-03
   1.5670437e-01   7.0046201e-03
   1.5459569e-01   6.5248795e-03
   1.5187516e-01   4.5138526e-03
   1.4514790e-01   6.0100801e-03
   1.3758325e-01   3.5115452e-03
   1.3372793e-01   2.0072120e-03
   1.3412375e-01   3.5229653e-03
   1.3128398e-01   3.5167652e-03
   1.3357799e-01   8.5223097e-03
   1.3486852e-01   7.0176642e-03
   1.2753393e-01   8.5516017e-03
   1.2472500e-01   3.5150158e-03
   1.1853111e-01   3.0201772e-03
   1.1922984e-01   2.0034257e-03
   1.2447786e-01   4.0093019e-03
   1.2214618e-01   6.5291019e-03
   1.1689033e-01   5.5212016e-03
   1.1068244e-01   7.0438183e-03
   1.0768896e-01   4.0099331e-03
   1.0662055e-01   0.0000000e+00
   1.0661925e-01   2.5113307e-03
   1.0897351e-01   2.0048029e-03
   9.7812386e-02   7.0493776e-03
   9.6337101e-02   6.0308915e-03
   9.9105802e-02   4.0279154e-03
   9.6248766e-02   0.0000000e+00
   8.8721909e-02   3.5229619e-03
   8.8809748e-02   3.5264338e-03
   8.4697882e-02   2.5119496e-03
   8.2131280e-02   2.5122665e-03
   7.3219056e-02   4.0252408e-03
   7.2007032e-02   2.5183948e-03
   6.8150046e-02   1.5112779e-03
   7.0512821e-02   0.0000000e+00
   7.0581569e-02   2.5135733e-03
   6.5384107e-02   2.0092945e-03
   7.1788972e-02   6.5285131e-03
   6.9364203e-02   5.0323666e-03
   6.0431636e-02   5.5429749e-03
   7.3293733e-02   5.0365120e-04
   7.5865146e-02  -1.5107827e-03
   7.0581190e-02   3.0162880e-03
   6.9295026e-02   5.5301542e-03
   6.5640958e-02   4.5387718e-03
   5.7919770e-02   3.0267003e-03
   5.6632969e-02   2.5223601e-03
   5.5128098e-02   1.0050139e-03
   6.2820391e-02  -1.0047447e-03
   6.9435353e-02  -2.5186650e-03
   6.7948189e-02   2.0090918e-03
   6.9225922e-02   6.0269627e-03
   6.4221223e-02   8.0534176e-03
   6.4227242e-02   4.0267088e-03
   6.4228967e-02   1.5100158e-03
   6.1538192e-02  -1.5071880e-03
   6.4039285e-02   1.0037090e-03
   5.6464182e-02   4.0238467e-03
   5.3894871e-02   6.5392979e-03
   5.5235428e-02   4.0279861e-03
   5.3845211e-02   3.0151661e-03
   5.8974359e-02   0.0000000e+00
   5.1332675e-02   0.0000000e+00
   5.0098594e-02  -1.5107363e-03
   5.1331775e-02   3.0183783e-03
   4.7429993e-02   8.0419853e-03
   4.9998809e-02   3.5181089e-03
   5.3899204e-02  -1.0060458e-03
   4.1025461e-02   1.5081249e-03
   4.0984247e-02   3.5154947e-03
   4.4960452e-02   5.0365145e-04
   3.4614307e-02   4.0222430e-03
   3.5931752e-02   4.0261030e-03
   4.1147359e-02  -5.0419854e-04
   3.9704356e-02   1.0044577e-03
   4.2265989e-02   5.0219770e-04
   3.4649404e-02   1.5098290e-03
   3.2018446e-02   4.5207964e-03
   3.7178023e-02   4.5247771e-03
   3.5896319e-02   4.0221355e-03
   4.2266010e-02   0.0000000e+00
   5.3846049e-02  -1.0050554e-03
   5.5073785e-02  -1.0040255e-03
   5.8914426e-02   4.0155827e-03
   5.6515531e-02   7.5521538e-03
   5.1326273e-02   8.0490088e-03
   5.0097249e-02   4.0286301e-03
   4.7529644e-02   0.0000000e+00
   4.3418279e-02  -1.5021094e-03
   4.8573651e-02  -2.5056262e-03
   5.1433997e-02  -1.5121700e-03
   4.7341052e-02   4.0130878e-03
   4.8758345e-02   9.0558222e-03
   5.3733495e-02   8.0246424e-03
   5.8742633e-02   0.0000000e+00
   5.1282051e-02   0.0000000e+00
   5.5018726e-02  -3.0091172e-03
   5.2562850e-02  -3.5178356e-03
   5.7578294e-02   2.0059075e-03
   5.7517425e-02   6.5128016e-03
   6.6588060e-02   1.0036099e-02
   6.6659374e-02   7.5344779e-03
   6.2820513e-02   0.0000000e+00
   4.7576657e-02   0.0000000e+00
   4.7386863e-02  -5.0212954e-03
   5.0097616e-02  -3.5250514e-03
   4.2303064e-02   7.5403866e-03
   4.6008803e-02   1.0023221e-02
   3.9780478e-02   5.5354146e-03
   3.5932873e-02   0.0000000e+00
   3.3300493e-02   0.0000000e+00
   3.0708602e-02  -1.0036570e-03
   3.0768991e-02  -2.0112710e-03
   3.7216026e-02   1.5097467e-03
   3.1985958e-02   6.0217993e-03
   2.4377783e-02   1.0570698e-02
   2.3075307e-02   6.0345522e-03
   2.5640228e-02  -4.0228862e-03
   6.4101785e-03  -2.5147623e-03
   2.5666338e-03   0.0000000e+00
  -5.1229041e-03   5.0245915e-03
  -1.1515296e-02   4.5175393e-03
  -1.2845693e-02   2.5196398e-03
  -1.7966296e-02  -2.0136280e-03
  -2.0492521e-02  -1.5072019e-03
  -2.1771877e-02  -6.0287111e-03
  -1.7930721e-02  -3.0144916e-03
  -2.0431027e-02   5.5101250e-03
  -2.4333794e-02   5.0237504e-03
  -3.4578864e-02   6.0274245e-03
  -3.5861912e-02   1.5068159e-03
  -3.7141055e-02  -5.0225809e-03
  -4.1024364e-02  -4.0216665e-03
  -5.1181078e-02  -5.0157993e-04
  -5.7635216e-02   1.5059099e-03
  -5.8856443e-02  -4.0116384e-03
  -6.9094187e-02   1.5037830e-03
  -6.6665856e-02  -2.5114926e-03
  -5.6353340e-02  -3.5139412e-03
  -5.5127535e-02  -2.5125348e-03
  -5.3845735e-02  -2.0101108e-03
  -5.3898889e-02   2.0120917e-03
  -4.9950642e-02   1.0041851e-03
  -5.1434123e-02   1.0081133e-03
  -3.9703489e-02  -3.5156021e-03
  -4.1025322e-02  -2.0108333e-03
  -3.2019689e-02   5.0231071e-04
  -3.0799470e-02   1.5099415e-03
  -3.4648188e-02   4.5294871e-03
  -3.4547227e-02  -5.0179135e-04
  -2.6949602e-02  -1.0066939e-03
  -2.5640714e-02  -2.5143039e-03
  -2.9429134e-02   0.0000000e+00
  -3.0799470e-02  -1.5099415e-03
  -2.5666288e-02  -1.0067140e-03
  -2.0472352e-02   1.5057188e-03
  -1.5338492e-02   5.0144002e-03
  -1.0246261e-02   1.5073423e-03
  -3.8423627e-03  -5.0246086e-04
   3.8422974e-03  -3.0147652e-03
   0.0000000e+00   2.0098522e-03
   3.8537380e-03   1.5118511e-03
   1.0256231e-02   3.0176576e-03
   1.2833012e-02   2.5171528e-03
   1.4102125e-02   4.0234319e-03
   1.7948290e-02   3.5203745e-03
   1.9211813e-02   5.0240819e-04
   2.1773357e-02  -1.0047852e-03
   2.3144846e-02  -3.5305977e-03
   2.5590440e-02   1.5056138e-03
   2.5589051e-02   5.5205840e-03
   2.8176465e-02   4.0187605e-03
   2.8205073e-02   1.0056805e-03
   2.1837902e-02   1.0077630e-03
   1.9230433e-02   3.0174213e-03
   2.6896225e-02   2.5117777e-03
   3.2051266e-02   5.0280579e-04
   3.3333317e-02   5.0279332e-04
   3.3432098e-02   1.5128529e-03
   3.4683185e-02   3.0226398e-03
   3.8537474e-02   1.0074626e-03
   4.1065820e-02   2.0128163e-03
   4.3632689e-02   1.0063435e-03
   4.4870726e-02   3.5186146e-03
   5.1332275e-02   2.0122522e-03
   5.3896132e-02   5.5332521e-03
   5.9090880e-02   5.0343276e-04
   5.8856443e-02   4.0116384e-03
   5.6521298e-02   2.0139077e-03
   5.6519973e-02   4.0278153e-03
   5.7863501e-02   0.0000000e+00
   5.7749006e-02   1.5088772e-03
   6.9435658e-02   2.0149320e-03
   7.1936197e-02   2.0127311e-03
   7.6014513e-02   3.0275342e-03
   7.1933247e-02   5.0318277e-03
   7.1935038e-02   3.5222794e-03
   7.9641119e-02   4.5270851e-03
   9.1114788e-02   2.0088921e-03
   8.7524066e-02   2.0152397e-03
   8.3579591e-02   2.5170583e-03
   8.6232510e-02   5.5422743e-03
   8.4698543e-02   1.5071697e-03
   8.2048050e-02   4.5176378e-03
   8.7351096e-02   2.0112749e-03
   9.2490073e-02   5.0268194e-04
   9.7531655e-02   1.5061324e-03
   1.0029276e-01   4.5266074e-03
   1.0147979e-01   3.5169683e-03
   9.7913923e-02   5.0402320e-03
   9.7720245e-02   5.0303173e-03
   9.7625408e-02   4.0202996e-03
   1.0276660e-01   1.0047706e-03
   1.0266535e-01   0.0000000e+00
   1.0009633e-01   3.5137846e-03
   1.0532856e-01   6.0276759e-03
   1.0768346e-01   6.5161412e-03
   1.1046217e-01   7.5321403e-03
   1.1293051e-01   2.5078305e-03
   1.1304077e-01   3.5144060e-03
   1.1326644e-01   2.0121788e-03
   1.0800659e-01   5.0271882e-03
   1.1091002e-01   3.5288466e-03
   1.2051136e-01   2.5040564e-03
   1.2742175e-01   4.0203367e-03
   1.2471604e-01   7.0300316e-03
   1.2331631e-01   4.0136023e-03
   1.1970150e-01   2.5141169e-03
   1.2343610e-01   5.0219210e-03
   1.3141408e-01   3.5202154e-03
   1.3102249e-01   4.5127093e-03
   1.3101846e-01   6.0169458e-03
   1.2471427e-01   7.5321768e-03
   1.3011804e-01   6.5381881e-03
   1.3514050e-01   5.5246810e-03
   1.4258552e-01   3.5066377e-03
   1.4673152e-01   2.0070576e-03
   1.4357969e-01   5.9990198e-03
   1.3912553e-01   9.0464427e-03
   1.4014284e-01   7.5231678e-03
   1.4672397e-01   5.5194083e-03
   1.4272152e-01   5.5158162e-03
   1.4501135e-01   3.5024617e-03
   1.4415495e-01   3.5131193e-03
   1.4401132e-01   4.0110704e-03
   1.4101220e-01   7.0003499e-03
   1.4184937e-01   7.5444961e-03
   1.4686187e-01   7.5338312e-03
   1.5702940e-01   1.0026131e-03
   1.5188089e-01   1.0030784e-03
   1.5285658e-01   5.5055459e-03
   1.5444061e-01   7.0199330e-03
   1.5428569e-01   7.5140206e-03
   1.5269061e-01   9.0003028e-03
   1.5444061e-01   7.0199330e-03
   1.5415012e-01   5.0044658e-04
   1.5188119e-01   0.0000000e+00
   1.4529990e-01   2.5066465e-03
   1.4786298e-01   6.0146266e-03
   1.5557567e-01   6.5113943e-03
   1.6056184e-01   6.0018203e-03
   1.6135481e-01   7.0363647e-03
   1.6120238e-01   5.0210642e-03
   1.5847304e-01   1.5052101e-03
   1.5671562e-01   3.5023101e-03
   1.6072063e-01   6.0076675e-03
   1.6843522e-01   6.0032264e-03
   1.5896130e-01   6.4901139e-03
   1.5170417e-01   9.5199456e-03
   1.8351288e-01   1.9940501e-03
   1.5412010e-01   1.0008932e-02
   1.5314662e-01   8.5251891e-03
   1.5172027e-01   6.0125972e-03
   1.5271106e-01   3.5001177e-03
   1.4742873e-01   4.9975484e-03
   1.4543350e-01   6.5236538e-03
   1.3757686e-01   6.0197918e-03
   1.4272934e-01   1.5043135e-03
   1.3229959e-01   7.0190747e-03
   1.3372578e-01   3.5126210e-03
   1.2960080e-01   7.5145680e-03
   1.3231199e-01  -1.0027250e-03
   1.2086327e-01   5.5251311e-03
   1.2343725e-01   4.5197289e-03
   1.2109835e-01   7.0458037e-03
   1.2098008e-01   6.5361099e-03
   1.1549492e-01   4.0118382e-03
   1.2191029e-01   4.5113011e-03
   1.2380459e-01   4.5330597e-03
   1.2600990e-01   4.0167813e-03
   1.2343918e-01   3.5153447e-03
   1.1722614e-01   9.0613394e-03
   1.1583880e-01   3.5207032e-03
   1.1281914e-01   2.5053758e-03
   1.1595548e-01   2.0138086e-03
   1.0929430e-01   4.0214204e-03
   1.1047167e-01   3.5149988e-03
   1.1186938e-01  -5.0259357e-04
   1.1664999e-01  -5.0643983e-04
   1.2496485e-01   6.5407075e-03
   1.3371956e-01   6.0216361e-03
   1.3501319e-01   2.5087612e-03
   1.2201836e-01   8.5296933e-03
   1.0264115e-01   1.1041633e-02
   1.0523070e-01   2.5090685e-03
   9.8523622e-02   0.0000000e+00
   9.8714877e-02  -4.0121175e-03
   9.1379689e-02   6.0444894e-03
   1.0158080e-01   3.0175079e-03
   9.3769164e-02   5.5291119e-03
   8.9820978e-02   8.0361178e-03
   8.7522650e-02   3.5266695e-03
   8.3415435e-02   1.0048437e-03
   6.7948586e-02   1.0045459e-03
   6.4165344e-02  -2.0113717e-03
   5.5126034e-02   4.5225626e-03
   5.7690512e-02   4.0197122e-03
   6.0374757e-02   2.5170498e-03
   6.6798125e-02   1.5098658e-03
   6.5383057e-02   3.5162654e-03
   4.1025641e-02   0.0000000e+00
   4.7435874e-02   5.0262408e-04
   5.3952464e-02   1.0070382e-03
   5.2561547e-02   5.0254794e-03
   5.2718815e-02   3.5282571e-03
   5.5128178e-02   5.0250695e-04
   5.5128205e-02   0.0000000e+00
   5.9031167e-02   3.5205577e-03
   6.4102533e-02   5.0234824e-04
   4.6057973e-02   7.5248053e-03
   4.2140458e-02   3.5050351e-03
   4.2391222e-02  -1.0073697e-03
   3.4717014e-02   4.0341699e-03
   3.1956674e-02   1.0026470e-03
   4.6244969e-02  -1.0072680e-03
   5.5182626e-02   0.0000000e+00
   4.6197584e-02   4.5282372e-03
   6.0137067e-02   2.5071613e-03
   5.4004244e-02   4.0321304e-03
   3.4714773e-02   7.0597974e-03
   3.3267314e-02   2.5090211e-03
   2.8205073e-02   1.0056805e-03
   3.5859563e-02  -6.0272637e-03
   4.4782922e-02  -2.5083546e-03
   4.2349457e-02   0.0000000e+00
   3.9856532e-02   8.0674250e-03
   3.2112367e-02   6.0455864e-03
   2.5638221e-02   7.5429116e-03
   3.7289794e-02  -5.0424364e-04
   1.9211673e-02   2.0096328e-03
   2.0512332e-02  -3.5202718e-03
   3.5931455e-02  -4.5293659e-03
   2.5717061e-02  -1.0087047e-03
   8.9903394e-03   1.0078810e-02
   2.3075801e-02   5.0287935e-03
   3.0678466e-02   0.0000000e+00
   4.7295877e-02  -1.0022868e-03
   3.9743590e-02   0.0000000e+00
   3.4717676e-02  -2.5213562e-03
   3.4683371e-02   2.5188665e-03
   2.5640016e-02   4.5257470e-03
   4.3588981e-02   3.0160565e-03
   5.8858239e-02  -5.0145481e-04
   4.2346486e-02   6.0382579e-03
   4.6104593e-02   6.5279150e-03
   3.4682965e-02   3.5264131e-03
   4.6199385e-02  -5.0313747e-04
   6.9230635e-02  -1.0044938e-03
   6.7874362e-02   7.5266917e-03
   4.8611664e-02   1.0533973e-02
   2.1816004e-02   3.0203052e-03
   8.9654998e-03  -1.0049022e-03
   1.0276660e-02  -1.0078736e-03
   1.6649438e-02  -5.0242185e-03
   2.1772723e-02  -4.0191407e-03
   2.0432062e-02  -2.0036818e-03
   0.0000000e+00   8.0394089e-03
  -1.5409123e-02   1.4109680e-02
  -2.1853388e-02   1.2105114e-02
  -1.6650117e-02   2.0096874e-03
  -1.5316600e-02  -1.6030320e-02
  -3.8480312e-02  -1.6103502e-02
  -5.2615069e-02  -3.0182594e-03
  -6.9425199e-02   9.0671940e-03
  -7.9394958e-02   9.5290371e-03
  -7.8272567e-02   8.0407163e-03
  -6.2881026e-02  -3.5200699e-03
  -4.9899158e-02  -5.0159909e-03
  -5.5069375e-02  -6.5261659e-03
  -7.0582428e-02   0.0000000e+00
  -8.3333333e-02   0.0000000e+00
  -8.5719005e-02   7.5132088e-03
  -8.3004893e-02   2.4998210e-03
  -9.3481160e-02  -9.5222023e-03
  -9.7408617e-02  -1.2037243e-02
  -1.0351335e-01  -1.1497514e-02
  -1.1035987e-01  -5.0165053e-03
  -1.0608769e-01   6.4975710e-03
  -7.2789784e-02   0.0000000e+00
  -7.2929538e-02  -5.0118040e-03
  -7.4131563e-02  -7.5099209e-03
  -7.8430707e-02  -6.5459591e-03
  -7.7150996e-02   1.5106951e-03
  -6.9023212e-02   5.0076951e-03
  -6.5311037e-02   8.5311095e-03
  -5.2460630e-02   0.0000000e+00
  -6.5248795e-02  -7.5200593e-03
  -6.9156889e-02  -6.5227950e-03
  -6.4221223e-02  -8.0534176e-03
  -6.7881740e-02   5.0177945e-04
  -5.8908937e-02   8.0311654e-03
  -5.1273051e-02   9.5487864e-03
  -4.3461139e-02   5.0119492e-04
  -4.9997569e-02  -5.0258698e-03
  -6.4096455e-02  -7.0328753e-03
  -4.8713945e-02  -6.5338751e-03
  -4.9950715e-02   5.0209255e-04
  -4.6288537e-02   5.0413153e-03
  -3.9663798e-02   4.5156151e-03
  -4.3589214e-02   2.5133804e-03
  -4.4871249e-02  -2.5132962e-03
  -4.6103340e-02  -7.5322096e-03
  -4.2432715e-02  -2.5209126e-03
  -3.8461464e-02   1.0054772e-03
  -2.6842607e-02   4.5123125e-03
  -2.1793589e-02   5.5317670e-03
  -1.6683046e-02   1.5102409e-03
  -1.5414832e-02  -2.5195857e-03
   0.0000000e+00  -4.0356083e-03
  -5.1383399e-03   0.0000000e+00
  -2.5666225e-03  -1.5103623e-03
   1.2807882e-02   0.0000000e+00
   1.0266290e-02   3.5240757e-03
   3.8456751e-03   8.0473021e-03
   6.4158811e-03   7.5517343e-03
   1.6666270e-02  -3.5204208e-03
   2.1794776e-02  -1.5086637e-03
   3.4547244e-02   0.0000000e+00
   4.3589214e-02   2.5133804e-03
   4.4870398e-02   4.0212739e-03
   4.1024364e-02   4.0216665e-03
   4.2388800e-02   5.5405333e-03
   4.8860983e-02   4.0327607e-03
   5.4853900e-02   6.0005479e-03
   5.9996956e-02   1.4012578e-02
   7.1371314e-02  -2.9954889e-03
   4.5837392e-02   4.9920007e-04
   3.5922792e-02   1.2078309e-02
   5.0197626e-02   2.0182979e-03
   5.3740053e-02   1.0030803e-03
   4.6093254e-02  -1.3055830e-02
   4.7511462e-02  -1.4101250e-02
   4.0983233e-02   5.0221353e-03
   5.1584230e-02   5.5610994e-03
   6.2940946e-02   5.5369916e-03
   7.0512683e-02   1.0044407e-03
   6.4164719e-02   3.0170576e-03
   6.8142846e-02   7.5563894e-03
   8.7265378e-02   1.0046492e-03
   9.2125806e-02   1.0014256e-03
   1.0523193e-01  -5.0181369e-04
   9.3857128e-02   7.5471171e-03
   9.1192668e-02   8.5461866e-03
   8.9634120e-02   1.1027992e-02
   9.1205534e-02   0.0000000e+00
   9.4591205e-02   2.0006106e-03
   1.0394740e-01  -2.5092665e-03
   9.3774658e-02   5.0264654e-04
   1.0236042e-01   3.0025176e-03
   9.8707149e-02   7.5227203e-03
   1.0522332e-01   6.5235780e-03
   1.1120035e-01   6.4954503e-03
   1.1689153e-01   5.0192742e-03
   1.1677979e-01   3.0086154e-03
