   6.9473459e-02  -7.3842416e-02
   2.2073065e-02  -1.0697758e-02
   1.6881466e-02  -7.1322657e-03
   1.2973638e-02  -4.0716535e-03
   1.0368847e-02   1.5253752e-03
   0.0000000e+00   5.6100000e-03
   0.0000000e+00   5.6212425e-03
  -1.2931323e-03   1.2686561e-02
  -7.7895806e-03   1.3246515e-02
  -2.0771096e-02   1.4263912e-02
  -1.4234381e-02   1.7777817e-02
  -1.6783880e-02   2.1797385e-02
  -9.0354464e-03   2.4333407e-02
  -7.7129304e-03   3.4370056e-02
  -3.8362254e-03   3.6715816e-02
   1.2765778e-03   4.7278084e-02
  -2.5380824e-03   5.2551420e-02
  -1.2712528e-03   5.3657791e-02
  -8.9121680e-03   6.0353591e-02
  -7.6493788e-03   6.2992964e-02
  -1.2741155e-03   6.5513802e-02
  -1.2781403e-03   7.2423003e-02
  -6.3758285e-03   8.0525323e-02
  -3.8229544e-03   7.9434172e-02
   1.2758294e-03   8.5253689e-02
   2.5602050e-03   9.0269819e-02
  -2.5484465e-03   9.7724356e-02
  -2.5450878e-03   1.0393586e-01
  -2.5394864e-03   1.0954024e-01
   0.0000000e+00   1.1169000e-01
  -2.5373861e-03   1.1157820e-01
  -3.7968366e-03   1.1502942e-01
  -5.0532877e-03   1.1694822e-01
  -1.5063137e-02   1.2470286e-01
  -1.3804825e-02   1.2736551e-01
  -9.9837444e-03   1.2875834e-01
  -2.2498627e-02   1.3381556e-01
  -3.4983379e-02   1.3048538e-01
  -3.1155519e-02   1.2960430e-01
  -2.8803938e-02   1.2759334e-01
  -3.8995194e-02   1.2439291e-01
  -4.0234573e-02   1.2540445e-01
  -4.1375472e-02   1.2933328e-01
  -4.6509567e-02   1.2373707e-01
  -4.2638814e-02   1.1069778e-01
  -3.3595470e-02   1.0824990e-01
  -3.8665689e-02   1.0955677e-01
  -4.2449852e-02   1.0704544e-01
  -3.6277228e-02   1.0205878e-01
  -4.1327159e-02   9.9045230e-02
  -3.2621273e-02   9.6658067e-02
  -3.1533059e-02   9.5627349e-02
  -3.9145036e-02   8.9484819e-02
  -3.9190228e-02   8.5965753e-02
  -3.4275481e-02   8.2196212e-02
  -2.1743492e-02   7.3498453e-02
  -1.2788488e-02   7.4012248e-02
  -1.2805974e-02   6.8942916e-02
  -2.0558409e-02   6.3487955e-02
  -2.1920968e-02   6.1130046e-02
  -1.5453841e-02   5.7961954e-02
  -1.1688224e-02   5.1202729e-02
  -7.8170088e-03   5.0331408e-02
   2.5969413e-02  -3.3686943e-02
   2.7129083e-02  -3.4534279e-02
   3.4671660e-02  -3.4829141e-02
   4.4835420e-02  -4.4365114e-02
   4.4952048e-02  -4.6519585e-02
   4.6214520e-02  -5.4156069e-02
   4.7544943e-02  -5.4207881e-02
   5.3864257e-02  -5.8697727e-02
   5.6299594e-02  -6.0091554e-02
   4.2313536e-02  -6.3842400e-02
   4.3685403e-02  -6.7588297e-02
   4.2389442e-02  -6.8606944e-02
   4.2319630e-02  -7.1077154e-02
   5.1174435e-02  -7.6059183e-02
   4.4864967e-02  -7.6224792e-02
   5.0153839e-02  -8.5360996e-02
   5.5154254e-02  -8.4072311e-02
   5.1414635e-02  -8.3740381e-02
   4.7477173e-02  -9.2012888e-02
   5.3745521e-02  -1.0498189e-01
   6.0028915e-02  -1.0209126e-01
   6.3274224e-02  -1.1274136e-01
   5.6957381e-02  -1.1706459e-01
   6.0634213e-02  -1.1466982e-01
   5.6600203e-02  -1.1310858e-01
   5.7863646e-02  -1.1523721e-01
   6.6582636e-02  -1.1822954e-01
   6.5359175e-02  -1.1936430e-01
   6.2895474e-02  -1.2429815e-01
   6.2970189e-02  -1.2607068e-01
   6.9218601e-02  -1.2756247e-01
   7.2873511e-02  -1.2462845e-01
   8.0373457e-02  -1.2344825e-01
   8.1280516e-02  -1.1969407e-01
   7.9040505e-02  -1.2119210e-01
   8.3961334e-02  -1.2154601e-01
   7.8525659e-02  -1.1543314e-01
   7.8525659e-02  -1.1543314e-01
   7.3880606e-02  -1.1615459e-01
   7.0074537e-02  -1.1083449e-01
   6.5047972e-02  -1.1312787e-01
   6.2601770e-02  -1.0904373e-01
   7.0054891e-02  -1.0653536e-01
   6.1101783e-02  -1.0810352e-01
   6.5137759e-02  -1.0207122e-01
   6.5122769e-02  -9.7283565e-02
   6.0075410e-02  -9.1607369e-02
   5.7775812e-02  -8.4148906e-02
   6.0332623e-02  -8.1510022e-02
   6.4223229e-02  -7.9460736e-02
   5.2754129e-02  -7.7022248e-02
   4.9350575e-02  -7.6186322e-02
   5.3180134e-02  -7.3455433e-02
   4.5438926e-02  -6.6212660e-02
   4.1761659e-02  -6.5522322e-02
   4.3142059e-02  -6.2487879e-02
   4.0525278e-02  -5.8301268e-02
   4.1836416e-02  -5.3086476e-02
   3.5260501e-02  -4.8357434e-02
   3.7836972e-02  -4.2096855e-02
   3.7822897e-02  -3.7951658e-02
   3.3779941e-02  -3.6781107e-02
   2.7331038e-02  -3.1196691e-02
   2.3519156e-02  -3.1837670e-02
   2.6075074e-02  -3.3309855e-02
   3.1079444e-02  -2.1349821e-02
   2.7175657e-02  -1.7267140e-02
   1.5471433e-02  -1.2647913e-02
  -5.1650527e-03   4.4236936e-02
   1.2878706e-03   4.2077514e-02
   2.5904382e-03   4.3859912e-02
   1.2942597e-02   4.2285602e-02
   1.9364879e-02   5.0892501e-02
   1.0239787e-02   5.8630466e-02
   1.1466373e-02   6.9611485e-02
   1.9078719e-02   8.2379401e-02
   2.4158793e-02   8.3384623e-02
   2.1632179e-02   9.0225687e-02
   2.4193466e-02   8.8195007e-02
   2.1624763e-02   9.1239459e-02
   2.0324094e-02   9.5296099e-02
   2.0328860e-02   9.7420491e-02
   2.1468446e-02   1.0047092e-01
   1.8916871e-02   1.0663837e-01
   1.1292742e-02   1.1187305e-01
   1.5066277e-02   1.1035785e-01
   1.6332314e-02   1.1360445e-01
   1.8900318e-02   1.1129720e-01
   1.4995779e-02   1.1455357e-01
   1.6282814e-02   1.1377148e-01
   3.7630608e-03   1.1501433e-01
   8.7621195e-03   1.1528846e-01
   6.2455986e-03   1.1556510e-01
   1.2567093e-03   1.1047472e-01
  -1.2555231e-03   1.1036556e-01
  -1.3835689e-02   1.0582379e-01
  -1.2590133e-02   1.0330523e-01
  -1.0075963e-02   1.0229918e-01
  -1.7576085e-02   1.0038417e-01
  -1.8908527e-02   9.4545869e-02
  -1.7663369e-02   9.2032649e-02
  -1.3868261e-02   8.8341279e-02
  -1.2558862e-02   9.1084917e-02
  -1.1321636e-02   8.2996769e-02
  -1.8905505e-02   8.3154038e-02
  -1.8879817e-02   7.7915196e-02
  -8.8278772e-03   7.4498246e-02
  -5.0278921e-03   7.5776547e-02
   5.0345613e-03   6.7235815e-02
  -6.2939953e-03   6.6737486e-02
  -7.5873440e-03   5.9940199e-02
   5.1084371e-03   5.0345116e-02
   1.0198726e-02   5.4317836e-02
   3.8149131e-03   5.2153165e-02
   1.2728763e-02   5.2202196e-02
   7.6611622e-03   5.1351518e-02
   6.3953954e-03   4.7370963e-02
   1.5430056e-02   4.5577697e-02
   1.1609880e-02   4.4191452e-02
   1.5456936e-02   4.1060697e-02
   1.1635066e-02   3.6608696e-02
   1.4230934e-02   3.1015084e-02
   1.9464994e-02   3.0596558e-02
   1.1727799e-02   2.9185555e-02
   1.0452071e-02   2.3087783e-02
   1.1760623e-02   2.1035355e-02
   3.9356833e-03   2.2151413e-02
   1.3076559e-02   8.7218926e-03
   9.1628064e-03   8.7309009e-03
   1.1758200e-02   5.1254185e-03
   1.8254728e-02   1.0229684e-03
   1.3065267e-02   1.5376108e-03
   1.1782477e-02   0.0000000e+00
   2.3514916e-02  -7.6871844e-03
   2.6177430e-02  -1.0783312e-02
   6.2600228e-02  -7.7472767e-02
   5.8573766e-02  -8.1879072e-02
   5.7420396e-02  -8.1538743e-02
   6.1358593e-02  -8.5326076e-02
   5.5261846e-02  -8.4240481e-02
   5.6555849e-02  -8.6876321e-02
   4.7335435e-02  -8.5959379e-02
   4.4826477e-02  -8.8685697e-02
   4.4943801e-02  -8.6820373e-02
   5.5132254e-02  -9.1388158e-02
   5.5088331e-02  -9.0786809e-02
   6.4016173e-02  -9.5441417e-02
   6.4219186e-02  -1.0053728e-01
   5.6622646e-02  -1.0076854e-01
   6.2801032e-02  -1.0085265e-01
   6.0196927e-02  -9.4434415e-02
   6.2799078e-02  -1.0618500e-01
   5.8897393e-02  -1.0609370e-01
   5.8885542e-02  -1.0660623e-01
   5.6205611e-02  -1.0691380e-01
   6.4920645e-02  -1.0808747e-01
   6.3761966e-02  -1.0350408e-01
   6.2374737e-02  -1.0809827e-01
   5.7200248e-02  -1.1168855e-01
   6.1039047e-02  -1.1065313e-01
   5.2103628e-02  -1.1704250e-01
   5.8570928e-02  -1.1241802e-01
   4.9810506e-02  -1.0478446e-01
   5.2309205e-02  -1.0999720e-01
   5.0879725e-02  -1.0752402e-01
   5.9408792e-02  -1.1315298e-01
   5.2679296e-02  -1.1968823e-01
   4.2855863e-02  -1.1981180e-01
   4.1541187e-02  -1.1591593e-01
   4.2715284e-02  -1.1354954e-01
   4.2710557e-02  -1.1142069e-01
   4.5142779e-02  -1.1331765e-01
   3.8872948e-02  -1.1333617e-01
   3.4013528e-02  -1.1177539e-01
   3.6602339e-02  -1.1199125e-01
   4.7890683e-02  -1.1072492e-01
   4.7731964e-02  -1.0665746e-01
   4.7719603e-02  -1.0978429e-01
   4.6486298e-02  -1.0354056e-01
   4.1658006e-02  -1.0406725e-01
   4.0403586e-02  -1.0093945e-01
   4.3095051e-02  -9.2950217e-02
   4.4466174e-02  -8.8993988e-02
   4.0581175e-02  -9.1440646e-02
   3.5582983e-02  -9.1126647e-02
   3.4480020e-02  -8.8442537e-02
   3.7112160e-02  -8.8104892e-02
   4.3730151e-02  -8.1716119e-02
   4.3750519e-02  -8.0183942e-02
   3.3445320e-02  -7.0795304e-02
   3.8550933e-02  -6.7088641e-02
   3.9924460e-02  -6.6202027e-02
   4.7576261e-02  -6.4532378e-02
   4.3505265e-02  -6.4219431e-02
   5.4548528e-02  -6.3129438e-02
   6.5813051e-02  -6.0421533e-02
   5.7765835e-02  -6.0464788e-02
   4.9165545e-02  -5.6183736e-02
   4.0417085e-02  -5.1771602e-02
   3.6958351e-02  -4.5660537e-02
   2.4311165e-02  -4.5347740e-02
   1.4309490e-02  -4.7665429e-02
   1.3032138e-02  -4.8789067e-02
   1.5476160e-02   1.0118331e-03
   2.4650588e-02  -1.5266717e-03
   2.7163843e-02  -2.5367597e-03
   3.6075322e-02   0.0000000e+00
   3.2209856e-02   2.0211835e-03
   1.5489352e-02   8.6091206e-03
   3.0885625e-02   9.5913519e-03
   3.1007161e-02   1.0643095e-02
   3.6273805e-02   1.5756573e-02
   3.3643718e-02   1.8280724e-02
   2.7175657e-02   1.7267140e-02
   2.1977476e-02   1.7251263e-02
   2.0746543e-02   1.7303183e-02
   2.3285427e-02   2.1839120e-02
   3.8925141e-02   2.1898260e-02
   2.8582142e-02   2.9092046e-02
   3.3612412e-02   3.6597875e-02
   2.7181677e-02   4.1769031e-02
   3.8734551e-02   4.4725761e-02
   4.6092003e-02   4.7388364e-02
   4.9710063e-02   5.0209255e-02
   3.9439925e-02   4.9622970e-02
   3.4364218e-02   5.2688092e-02
   3.0682723e-02   5.4969677e-02
   3.8533543e-02   5.6247361e-02
   3.8749022e-02   5.8113855e-02
   3.3580264e-02   6.2771537e-02
   2.8417506e-02   6.2267185e-02
   3.2161434e-02   6.6655903e-02
   4.0951369e-02   7.5066435e-02
   4.9556803e-02   8.2245638e-02
   5.4377175e-02   8.8025371e-02
   5.5221077e-02   9.3004604e-02
   3.8798061e-02   9.5362518e-02
   4.0132665e-02   9.5046374e-02
   4.1437054e-02   9.9839083e-02
   5.1695825e-02   1.0706724e-01
   5.0406508e-02   1.1335649e-01
   3.2905263e-02   1.2197071e-01
   2.1698955e-02   1.2092066e-01
   1.7945324e-02   1.1819664e-01
   5.1538604e-03   1.1557831e-01
   0.0000000e+00   1.1241658e-01
  -5.1076090e-03   1.1773090e-01
   1.1508409e-02   1.1195915e-01
   3.8316458e-03   1.1236367e-01
   1.2665411e-03   1.1084740e-01
  -3.7744654e-03   1.1007872e-01
  -1.3796477e-02   1.0551105e-01
  -1.0083292e-02   9.7667241e-02
  -6.2766318e-03   8.9498925e-02
  -9.9967241e-03   8.8563156e-02
  -6.2468098e-03   7.9872596e-02
  -1.2509580e-02   6.8326877e-02
  -1.5038969e-02   6.4922699e-02
  -2.7614361e-02   6.2495418e-02
  -1.8941754e-02   5.2787306e-02
  -2.5358722e-02   5.1990007e-02
  -2.0363015e-02   4.2077318e-02
  -1.3969234e-02   3.6961616e-02
  -1.1365278e-02   3.5256679e-02
  -3.7690590e-03   2.9622334e-02
  -3.7658404e-03   2.8607230e-02
  -5.0255059e-03   3.7063675e-02
  -2.5201407e-03   2.9213537e-02
   8.8502769e-03   2.4829024e-02
   4.7946696e-02   2.4923134e-02
   5.9552980e-02   2.4381152e-02
   7.1549923e-02   2.6022637e-02
   6.7423246e-02   2.9001853e-02
   6.6222003e-02   3.3649873e-02
   5.9808224e-02   3.1139285e-02
   6.2537232e-02   3.0687276e-02
   5.7368884e-02   3.2771993e-02
   6.5347494e-02   3.7482660e-02
   6.4123264e-02   3.5466259e-02
   7.0690276e-02   3.2887639e-02
   8.1124050e-02   3.6467550e-02
   6.7507982e-02   4.1847042e-02
   6.0840099e-02   4.1223316e-02
   6.2253100e-02   4.1813624e-02
   6.3314887e-02   5.1396999e-02
   7.1215669e-02   5.0973857e-02
   6.5853447e-02   4.9815754e-02
   6.4292654e-02   5.5751940e-02
   6.1778363e-02   5.1195373e-02
   6.1887892e-02   5.2313011e-02
   5.9045352e-02   5.9252204e-02
   4.7690921e-02   5.8493069e-02
   4.6449193e-02   6.6833496e-02
   5.1387890e-02   6.8081475e-02
   4.3815540e-02   6.3649608e-02
   5.3739689e-02   6.8312010e-02
   4.4802978e-02   7.0424588e-02
   4.3466813e-02   6.7759084e-02
   4.1835425e-02   7.3320864e-02
   2.9215578e-02   8.0186967e-02
   3.3000874e-02   8.2702626e-02
   2.6607302e-02   8.8259894e-02
   2.7770969e-02   9.0511244e-02
   4.0223137e-02   9.4230651e-02
   2.5132553e-02   1.0308646e-01
   2.7562184e-02   1.0327967e-01
   2.1378897e-02   1.0108047e-01
   1.2544897e-02   1.0239662e-01
   1.6326117e-02   1.0722710e-01
   8.8058776e-03   1.0794993e-01
   1.0054341e-02   1.0784248e-01
   1.0065873e-02   1.0744471e-01
  -2.5207376e-03   1.0816629e-01
  -3.7805325e-03   1.0603914e-01
  -2.5455257e-03   9.8135398e-02
   2.5469286e-03   9.6609977e-02
   0.0000000e+00   9.4576271e-02
   0.0000000e+00   9.3466135e-02
   3.8058997e-03   9.8856419e-02
   6.3394333e-03   9.7744575e-02
   3.7955040e-03   9.5435223e-02
   1.1367777e-02   9.9976229e-02
   1.6469764e-02   9.7134779e-02
   1.9002473e-02   9.4508883e-02
   1.8931530e-02   9.1025544e-02
   1.2686526e-02   8.7352154e-02
   1.6505567e-02   8.1714313e-02
   2.2890880e-02   8.2880767e-02
   2.0376641e-02   8.1448073e-02
   2.1719904e-02   8.0675026e-02
   2.4259036e-02   7.9578254e-02
   3.4427105e-02   7.7382959e-02
   2.4291218e-02   7.5016443e-02
   2.0363503e-02   6.5944391e-02
   1.9193499e-02   6.4248839e-02
   2.3019580e-02   5.8060087e-02
   2.4583991e-02   1.9299333e-02
   2.4634804e-02   1.8320060e-02
   2.3414228e-02   1.4291975e-02
   2.7369759e-02   1.5342635e-02
   2.6044574e-02   1.2262067e-02
   2.4746704e-02   7.6639419e-03
   3.0019702e-02   2.5595586e-03
   3.0049280e-02   4.0994074e-03
   2.8797873e-02   8.2155066e-03
   2.8828536e-02   6.1678382e-03
   2.8628614e-02   5.1038676e-04
   3.2497660e-02  -6.1180884e-03
   4.2801051e-02  -1.2717656e-02
   5.0430888e-02  -1.3184107e-02
   4.9090212e-02  -1.2664924e-02
   3.8991403e-02  -1.0705184e-02
   5.1821291e-02  -1.5242121e-02
   3.8915877e-02  -9.1575731e-03
   5.1399813e-02  -1.8650097e-02
   6.0549296e-02  -2.3753954e-02
   6.0362381e-02  -3.3795112e-02
   7.6754033e-02  -4.0708518e-02
   5.3675173e-02  -4.0704743e-02
   6.0041956e-02  -3.6640542e-02
   5.9027630e-02  -3.9849780e-02
   6.4401496e-02  -3.4396554e-02
   7.3160720e-02  -3.0722723e-02
   6.5832375e-02  -4.0077809e-02
   6.4192843e-02  -4.2910677e-02
   6.1747322e-02  -4.8612688e-02
   6.0503176e-02  -5.0183958e-02
   6.5760349e-02  -4.6672891e-02
   5.6805717e-02  -4.5210756e-02
   6.6929512e-02  -4.5565411e-02
   7.0784551e-02  -4.6064408e-02
   7.3332198e-02  -5.3198088e-02
   7.3341716e-02  -5.7308116e-02
   6.4082717e-02  -5.7102413e-02
   6.5478136e-02  -5.8225425e-02
   6.1709628e-02  -6.9142268e-02
   5.7947440e-02  -6.6675916e-02
   7.1825300e-02  -7.4121849e-02
   6.1711137e-02  -7.2773523e-02
   6.0315776e-02  -7.2124248e-02
   6.6832361e-02  -7.7415405e-02
   7.2663648e-02  -8.4526456e-02
   7.9288896e-02  -9.5791673e-02
   6.7678692e-02  -9.9919541e-02
   6.2413798e-02  -9.8624659e-02
   5.9946199e-02  -9.7714527e-02
   7.3680539e-02  -1.0304819e-01
   7.7387955e-02  -1.0130610e-01
   8.7151972e-02  -1.0499240e-01
   8.5589348e-02  -1.0882294e-01
   8.0253829e-02  -1.1316326e-01
   7.7607812e-02  -1.2410686e-01
   7.7730240e-02  -1.2057536e-01
   7.3443629e-02  -1.1596933e-01
   6.4660252e-02  -1.1777456e-01
   6.4649860e-02  -1.2044404e-01
   7.4720108e-02  -1.2027091e-01
   8.2066959e-02  -1.2037573e-01
   7.3363453e-02  -1.1851252e-01
   6.9375702e-02  -1.2032770e-01
   6.4551699e-02  -1.1703102e-01
   6.9630817e-02  -1.1169660e-01
   5.8771416e-02  -6.2394829e-02
   5.6067782e-02  -6.0730620e-02
   6.2354062e-02  -5.4780515e-02
   5.5904864e-02  -5.0696400e-02
   5.1906316e-02  -5.0090094e-02
   5.7041360e-02  -4.4371398e-02
   5.5721974e-02  -4.0762333e-02
   5.1586159e-02  -3.9550775e-02
   4.9003066e-02  -4.0060926e-02
   4.3586225e-02  -3.9829115e-02
   3.3230074e-02  -4.0223466e-02
   2.6800523e-02  -4.3202577e-02
   2.6904453e-02  -3.7284464e-02
   2.1904122e-02  -3.9030213e-02
   1.6820459e-02  -3.7661501e-02
   2.4470923e-02  -3.4939164e-02
   2.4343152e-02  -2.9195260e-02
   2.6890901e-02  -3.3724245e-02
   2.8302879e-02  -2.7793196e-02
   2.3177259e-02  -2.8834689e-02
   1.6789875e-02  -2.8415533e-02
   2.4654174e-02  -3.1104386e-02
   1.8200246e-02  -3.2191222e-02
   1.9510646e-02  -3.5803370e-02
   2.0725676e-02  -3.6678631e-02
   1.6817960e-02  -3.8679379e-02
   2.0627968e-02  -4.1606668e-02
   2.8435929e-02  -4.4270768e-02
   2.9707099e-02  -4.8340560e-02
   3.7342459e-02  -4.8696149e-02
   3.7275883e-02  -4.7587024e-02
   3.8458004e-02  -5.6135858e-02
   4.0905175e-02  -6.0058972e-02
   4.6025087e-02  -6.3646321e-02
   4.8426323e-02  -6.8556931e-02
   4.7179065e-02  -7.0141069e-02
   4.0677229e-02  -6.6860206e-02
   4.2073182e-02  -7.4261582e-02
   4.6873300e-02  -7.5821561e-02
   4.4577925e-02  -7.7792657e-02
   5.4569811e-02  -8.3159239e-02
   4.8405674e-02  -9.2891657e-02
   5.0532877e-02  -9.9397327e-02
   5.5992254e-02  -1.0118991e-01
   5.3283104e-02  -1.0404247e-01
   5.5829726e-02  -1.0616908e-01
   5.5826801e-02  -1.0881729e-01
   6.0929801e-02  -1.1258038e-01
   6.9629727e-02  -1.1649761e-01
   7.0589544e-02  -1.2184414e-01
   7.5435168e-02  -1.2094810e-01
   7.9211816e-02  -1.2522184e-01
   9.0145721e-02  -1.2352140e-01
   9.3947335e-02  -1.2891658e-01
   9.3641452e-02  -1.2740170e-01
   9.7637128e-02  -1.2611109e-01
   9.4322548e-02  -1.2676474e-01
   9.5756711e-02  -1.2269911e-01
   9.5030504e-02  -1.2128126e-01
   9.1211522e-02  -1.2398004e-01
   9.2827242e-02  -1.2229639e-01
   9.6631890e-02  -1.1794028e-01
   1.0040175e-01  -1.1893370e-01
   9.7109238e-02  -1.1101401e-01
   1.0354122e-01  -1.0994743e-01
   9.6880160e-02  -1.0435311e-01
   9.4621629e-02  -9.8866866e-02
   5.0229247e-02  -5.2788874e-02
   4.7832480e-02  -4.8877710e-02
   4.1462366e-02  -4.7453139e-02
   3.7571780e-02  -4.7967781e-02
   3.6266135e-02  -4.3842817e-02
   4.5230818e-02  -3.9128726e-02
   4.5521628e-02  -3.6296598e-02
   3.8874058e-02  -3.4120544e-02
   2.9935810e-02  -3.0683913e-02
   2.9807354e-02  -3.3108145e-02
   3.6290766e-02  -2.2895254e-02
   3.4932447e-02  -2.0311382e-02
   2.5900603e-02  -2.0843314e-02
   1.9426233e-02  -2.0336709e-02
   2.9678987e-02  -1.5189683e-02
   3.5993816e-02  -1.2102184e-02
   3.5894015e-02  -7.0387371e-03
   3.3300089e-02  -2.5114914e-03
   2.7002848e-02  -1.5130267e-03
   2.3122530e-02   0.0000000e+00
   2.1837945e-02   0.0000000e+00
   2.1964675e-02   9.1239459e-03
   2.8424354e-02   9.6299043e-03
   2.5887055e-02   1.3712419e-02
   2.9858451e-02   1.4261970e-02
   2.8447447e-02   1.3698211e-02
   7.8350976e-03   2.8218802e-02
   9.1335820e-03   3.4888471e-02
   1.5584657e-02   3.2159842e-02
   1.6835927e-02   3.8208566e-02
   2.1872206e-02   4.2029761e-02
   2.8193970e-02   4.1859527e-02
   2.2869486e-02   5.1593114e-02
   3.1771431e-02   5.5145583e-02
   2.4164642e-02   5.6210644e-02
   2.8016067e-02   5.9335149e-02
   2.1636222e-02   6.5943331e-02
   2.2936933e-02   6.4999601e-02
   1.2772473e-02   7.1335775e-02
   1.5362243e-02   6.2227733e-02
   2.0495595e-02   6.3805253e-02
   2.5491862e-02   7.1688916e-02
   2.5385856e-02   7.6006905e-02
   2.6454656e-02   8.1562662e-02
   2.5142940e-02   8.8069398e-02
   3.1399266e-02   8.4891304e-02
   2.3969187e-02   8.9422758e-02
   2.7682148e-02   9.1247089e-02
   2.5141858e-02   9.9468377e-02
   1.2552000e-02   1.0089078e-01
   1.0062546e-02   1.0058859e-01
   5.0360533e-03   1.0069023e-01
   5.0579350e-03   9.6949735e-02
   5.0917176e-03   9.4989286e-02
   1.2693352e-03   9.7335936e-02
   6.3284659e-03   9.7045389e-02
   1.2654623e-03   9.7551984e-02
   0.0000000e+00   9.2772861e-02
  -5.0257406e-03   9.2681013e-02
  -8.8254357e-03   8.5248718e-02
  -6.2898301e-03   8.6083360e-02
   5.1242869e-03   3.7796147e-02
   1.4085710e-02   3.3729502e-02
   1.2876255e-02   2.8837867e-02
   1.1551788e-02   2.0661238e-02
   1.9391891e-02   1.7251810e-02
   1.6861020e-02   1.2723480e-02
   2.2048467e-02   1.3231629e-02
   2.8509866e-02   9.1503415e-03
   3.6394741e-02   8.6666034e-03
   4.0219561e-02   0.0000000e+00
   2.7354490e-02  -2.0436358e-03
   3.2522351e-02  -1.2758768e-02
   4.4305707e-02  -1.7893309e-02
   4.2959562e-02  -1.7876002e-02
   3.3677218e-02  -1.8298938e-02
   3.0956205e-02  -2.1265064e-02
   3.3596667e-02  -2.3335476e-02
   4.5198425e-02  -2.9415003e-02
   5.5413145e-02  -3.0359623e-02
   6.4291018e-02  -3.2309215e-02
   5.7922694e-02  -3.1843284e-02
   6.1521351e-02  -3.4230293e-02
   6.1444204e-02  -3.6208141e-02
   6.2976094e-02  -3.5844774e-02
   6.9635935e-02  -4.0031807e-02
   5.6969738e-02  -4.5855633e-02
   5.5910372e-02  -5.0184315e-02
   5.1972721e-02  -5.3775659e-02
   5.2100024e-02  -5.6506501e-02
   5.8586185e-02  -5.8548661e-02
   6.3702644e-02  -5.5857725e-02
   6.7767014e-02  -5.8587412e-02
   6.8570488e-02  -6.3851669e-02
   7.3617001e-02  -6.6834968e-02
   7.7181508e-02  -7.0692303e-02
   6.5694976e-02  -7.6553415e-02
   6.2929151e-02  -7.9974049e-02
   6.1556275e-02  -8.1424921e-02
   7.4285714e-02  -8.5451084e-02
   7.8165986e-02  -8.3910275e-02
   7.7660758e-02  -8.8555046e-02
   8.1140502e-02  -9.4927901e-02
   8.2616144e-02  -9.6216880e-02
   8.4885450e-02  -9.9551494e-02
   8.8551152e-02  -1.0357330e-01
   8.7397473e-02  -1.0794260e-01
   8.4672960e-02  -1.0612088e-01
   9.1055021e-02  -1.0933172e-01
   9.3626113e-02  -1.1308248e-01
   9.5657069e-02  -1.1829115e-01
   8.7282210e-02  -1.2058329e-01
   8.3468564e-02  -1.2111649e-01
   8.1037402e-02  -1.2290385e-01
   8.7282210e-02  -1.2058329e-01
   9.4534991e-02  -1.1954739e-01
   9.0753591e-02  -1.1957340e-01
   8.1480772e-02  -1.1628810e-01
   8.9240412e-02  -1.1922735e-01
   8.5290289e-02  -1.1952076e-01
   9.0688053e-02  -1.1894887e-01
   8.3194820e-02  -1.2177055e-01
   8.3178399e-02  -1.2443096e-01
   7.8491692e-02  -1.1645017e-01
   7.9967963e-02  -1.1730158e-01
   7.4835786e-02  -1.1670355e-01
   7.3815717e-02  -1.1820136e-01
