   4.7434767e-02  -3.5183686e-03
   3.4649488e-02   1.0065527e-03
   2.9427708e-02  -5.0183993e-03
   2.3030381e-02  -5.0188974e-03
   2.4382058e-02  -4.5302990e-03
   2.4431244e-02  -5.0436198e-04
   2.5664224e-02   6.5436409e-03
   2.8115350e-02   1.1029868e-02
   3.2015214e-02   8.5392821e-03
   3.3266685e-02   4.0144338e-03
   3.8423571e-02  -1.0044874e-03
   3.6002530e-02  -4.5383192e-03
   3.5932855e-02   5.0326287e-04
   3.0738916e-02   0.0000000e+00
   3.2050721e-02   3.0168347e-03
   3.0675960e-02   6.5173595e-03
   3.3294660e-02   9.5436674e-03
   3.5859563e-02   6.0272637e-03
   3.9704414e-02   5.0222887e-04
   5.0148368e-02   0.0000000e+00
   6.6468853e-02  -3.0049242e-03
   7.5491212e-02  -2.5056213e-03
   8.0529066e-02   3.5036085e-03
   7.6614578e-02   6.5014874e-03
   6.5187927e-02   5.5093012e-03
   4.3629181e-02   6.5412327e-03
   3.4614779e-02   3.0166822e-03
   2.9515123e-02  -4.5299283e-03
   2.8232751e-02  -2.0133456e-03
   3.2051220e-02  -1.0056116e-03
   3.5896319e-02   4.0221355e-03
   3.7139324e-02   7.0316133e-03
   2.0479733e-02   1.8086423e-02
  -1.2842533e-03   1.1590903e-02
  -2.4166377e-02   2.3472919e-02
   8.9784553e-03  -1.6613621e-02
   5.1569820e-03  -2.6335443e-02
   6.5145764e-03  -1.9949599e-02
   1.6677197e-02  -1.3592168e-02
   3.9937221e-02  -6.5677632e-03
   3.7090134e-02   1.5052924e-02
   4.1988558e-02   1.8971484e-02
   3.5715036e-02   2.4538853e-02
   3.3489814e-02   1.1621514e-02
   2.9514217e-02   6.0399044e-03
   2.3076923e-02   0.0000000e+00
   5.6107291e-02  -3.5571444e-02
   2.8155485e-02   2.0093803e-02
   4.3492794e-02   1.1538816e-02
   2.5709818e-02   2.5747428e-02
   3.4535052e-02   1.3548366e-02
   5.6298531e-02   2.5074922e-03
   5.5211257e-02  -1.5608446e-02
   5.2647837e-02  -1.4099106e-02
   4.5972140e-02  -2.0026774e-03
   3.9626046e-02   2.0049685e-03
   2.8080433e-02   1.6027692e-02
   3.4578445e-02   6.5297099e-03
  -2.5558853e-03   1.1533901e-02
  -3.8385752e-03   1.0039326e-03
   3.8379116e-03  -9.5373600e-03
  -6.4212667e-03  -1.1590768e-02
   1.2865613e-03  -1.5148507e-02
  -5.1329649e-03   5.5379627e-03
   5.1157295e-03   1.5560903e-02
   6.3802530e-03   3.0088132e-02
   2.4236335e-02   2.4042964e-02
   2.9513053e-02   7.5498805e-03
   2.6968057e-02  -1.2596103e-02
   3.8395313e-02  -1.9587505e-02
   3.9693339e-02  -1.2053493e-02
   3.0737708e-02   4.5209038e-03
   2.6879650e-02   1.8084800e-02
   3.9615323e-02   1.2029811e-02
   3.9650300e-02   1.4048580e-02
   5.0146798e-02  -4.0326090e-03
   5.5070043e-02  -6.0241531e-03
   5.9014607e-02  -1.2573420e-02
   5.2457556e-02  -5.5171631e-03
   6.0252191e-02   6.0290300e-03
   6.5177028e-02   2.5066864e-02
   7.0391407e-02   1.9567353e-02
   6.6708787e-02   1.3575413e-02
   7.4569083e-02  -8.5615903e-03
   8.0951740e-02  -1.9132030e-02
   7.4343033e-02  -1.0544894e-02
   8.1970284e-02  -1.0029343e-03
   6.6650981e-02   1.1050568e-02
   6.4009562e-02   1.5557490e-02
   6.7779218e-02   1.6542468e-02
   8.0668947e-02   1.1534453e-02
   9.8814196e-02   2.5100346e-03
   9.7427891e-02  -6.5201733e-03
   7.6921244e-02  -3.5145627e-03
   6.9162427e-02   1.0035069e-03
   6.7855959e-02   1.4049825e-02
   7.0515941e-02   2.2119445e-02
   9.1014311e-02   8.0276824e-03
   9.6058694e-02  -1.5032908e-03
   1.0106501e-01  -9.5087002e-03
   9.9980554e-02  -1.0029542e-02
   9.1385959e-02  -1.0074149e-03
   8.2122037e-02   8.0392528e-03
   8.5958110e-02   1.2056580e-02
   9.0806879e-02   1.5022419e-02
   9.7327810e-02   8.0169665e-03
   9.1115499e-02   0.0000000e+00
   8.0833211e-02  -1.0049685e-02
   8.9878790e-02  -1.5585290e-02
   8.2131280e-02  -2.5122665e-03
   8.4591694e-02   1.2045517e-02
   8.8408889e-02   1.7562935e-02
   8.7329228e-02   1.1564831e-02
   6.9160917e-02   3.5122742e-03
   5.1534934e-02  -3.5353796e-03
   4.3716011e-02  -6.0499922e-03
   3.7216190e-02   0.0000000e+00
   5.3845918e-02   1.5075831e-03
   6.7879105e-02   4.5160150e-03
   6.9011838e-02   1.0516160e-02
   7.6992673e-02   6.5334658e-03
   7.0510043e-02   4.5199831e-03
   7.9801980e-02   0.0000000e+00
   8.0927866e-02   2.5148944e-03
   9.5058871e-02   1.5078320e-03
   1.0117632e-01   5.5104280e-03
   1.0608323e-01   7.9970105e-03
   9.0380588e-02   1.0962752e-02
   6.9150447e-02   9.5333158e-03
   7.3220772e-02   2.0126204e-03
   8.0928696e-02  -1.0059578e-03
   8.5025293e-02  -7.5655962e-03
   8.4615343e-02  -5.0189655e-04
   9.0661678e-02   5.9972194e-03
   8.2258550e-02   1.5103299e-02
   7.3470122e-02   1.7174943e-02
   7.5565586e-02   2.5080816e-03
   5.7860671e-02   5.0395208e-03
   7.0932226e-02   1.5156027e-03
   6.5578346e-02   1.5114313e-03
   8.1411531e-02   0.0000000e+00
   8.9341034e-02   3.0406365e-03
   7.1561469e-02   1.2517910e-02
   6.0010266e-02   9.0080861e-03
   5.9319676e-02   7.0759691e-03
   3.3426343e-02   9.5814018e-03
   4.6105152e-02  -6.0257677e-03
   4.4958279e-02  -5.0365145e-03
   5.5566353e-02  -1.5194873e-03
   5.8142792e-02   8.6096809e-03
   5.5434966e-02   1.4153794e-02
   4.3494647e-02   1.0535441e-02
   4.8910508e-02   2.0183739e-03
   4.3333250e-02   9.9944491e-04
   4.1147379e-02   0.0000000e+00
   4.3886497e-02  -8.6048286e-03
   6.9425199e-02  -9.0671940e-03
   8.7006357e-02  -3.0050879e-03
   8.2213399e-02  -5.0294782e-04
   5.9013142e-02   1.3076357e-02
   6.0152657e-02   1.9575084e-02
   6.4086080e-02   1.1554009e-02
   6.9162259e-02  -1.5052604e-03
   7.5491797e-02  -1.5033728e-03
   7.0635485e-02  -1.1070619e-02
   6.6598917e-02  -4.0144396e-03
   6.7813351e-02   3.5090084e-03
   8.3503460e-02   1.3796847e-02
   9.6130619e-02   1.9327154e-02
   1.0015065e-01   1.5576332e-02
   8.6836935e-02   0.0000000e+00
   1.1150181e-01  -1.3029055e-02
   9.7715656e-02  -7.0424442e-03
   7.4498800e-02  -7.0437771e-03
   5.2821440e-02   5.5553759e-03
   6.0019183e-02   2.0017969e-03
   5.1129566e-02  -3.5076125e-03
   2.4295777e-02   1.8067707e-02
   5.1155735e-02   1.6050558e-02
   5.6159106e-02   1.6516996e-02
   6.1416579e-02   2.5070462e-03
   8.2367154e-02  -7.5590966e-03
   8.9829380e-02  -4.0180589e-03
   8.3655330e-02  -7.0547126e-03
   6.8015662e-02   1.0055348e-03
   6.5376477e-02   8.0371780e-03
   4.3671092e-02   7.5550259e-03
   2.8008314e-02   7.9903098e-03
   2.3099524e-02   2.0135025e-03
   1.2782688e-02  -5.0145069e-04
   2.0452271e-02   1.0028258e-03
   3.3266105e-02   5.0180422e-03
   3.2111975e-02   6.5493853e-03
   2.1794490e-02   3.0173275e-03
   1.4129745e-02  -5.0392280e-03
   2.5713477e-03  -8.5756509e-03
   0.0000000e+00  -5.0345508e-03
   1.1515659e-02   2.0077952e-03
   1.7929077e-02   7.5362290e-03
   2.4303667e-02   1.2547019e-02
   3.7129723e-02   1.3560969e-02
   2.9393931e-02   1.0528281e-02
   1.6732673e-02   0.0000000e+00
   2.5690182e-02  -5.5423960e-03
   3.7105149e-02  -4.0141132e-03
   3.4614307e-02  -4.0222430e-03
   4.4827586e-02   0.0000000e+00
   4.7294117e-02   4.5102904e-03
   2.1792159e-02   8.0462066e-03
   1.7964957e-02   6.5442911e-03
   2.0488634e-02   1.0048013e-02
   2.4429237e-02   6.5567057e-03
   3.5861790e-02   2.0090879e-03
   4.4957314e-02  -6.0438173e-03
   4.2223101e-02  -4.0136315e-03
   3.2050285e-02   4.0224463e-03
   3.0703843e-02   9.0329132e-03
   2.6999996e-02   7.5651337e-03
   1.9229834e-02   5.0290356e-03
   2.9429134e-02   0.0000000e+00
   3.5968309e-02  -1.0075196e-03
   4.8716433e-02  -4.0208462e-03
   4.8813848e-02   2.0143907e-03
   5.2458572e-02   4.5140425e-03
   5.1171189e-02   1.0031599e-02
   5.0043872e-02   7.5462358e-03
   4.6104593e-02   6.5279150e-03
   5.6521049e-02   2.5173846e-03
   5.6465255e-02  -2.5149042e-03
   6.7814139e-02  -2.5064346e-03
   7.4431472e-02  -2.5131595e-03
   8.2131280e-02   2.5122665e-03
   8.7173383e-02   6.0219771e-03
   8.5802148e-02   8.0219508e-03
   8.3162484e-02   6.5122769e-03
   7.8279240e-02   4.5229029e-03
   7.3076781e-02  -1.0043316e-03
   6.6798289e-02   1.0065772e-03
   6.0195613e-02   3.5134766e-03
   6.6533371e-02   4.0104987e-03
   6.0252191e-02   6.0290300e-03
   6.1536038e-02   4.5215641e-03
   5.7691606e-02   2.5123201e-03
   5.0048968e-02   2.0123295e-03
   4.4960474e-02   0.0000000e+00
   5.8974359e-02   0.0000000e+00
   6.7614495e-02   2.4990754e-03
   7.8127472e-02   2.0062324e-03
   7.2929538e-02   5.0118040e-03
   5.9022196e-02   9.5557995e-03
   4.8808129e-02   8.0575627e-03
   2.0927946e-02   1.4486759e-03
   4.9409571e-02  -1.4533224e-02
   6.7174388e-02   1.3163341e-02
   7.4687866e-02   8.2122608e-03
   7.5836558e-02   1.1268559e-02
   6.1468688e-02  -1.0250117e-03
   3.0921705e-02   0.0000000e+00
   2.4404779e-02  -7.0540928e-03
   3.7105652e-02   3.0105849e-03
   2.8111275e-02   1.4038014e-02
   6.1597289e-02  -4.0231268e-03
   4.7124172e-02   1.8987512e-02
   6.2506368e-02   6.9987825e-03
   5.0095293e-02   6.0429452e-03
   5.3845918e-02  -1.5075831e-03
   5.1229936e-02  -4.0165866e-03
   5.1228519e-02   5.5228066e-03
   4.7527324e-02   5.0361608e-03
   4.7342520e-02   0.0000000e+00
   4.0977267e-02   1.0044271e-02
   5.6688010e-02   4.0397683e-03
   8.5475298e-02   1.9976493e-03
   8.4272500e-02   7.9989237e-03
   7.1439804e-02   4.4976295e-03
   4.2306026e-02   4.5242320e-03
   2.5714646e-02   7.0609331e-03
   2.1880116e-02   5.0487898e-03
   2.5602236e-02   1.6578063e-02
   4.1933060e-02   5.4810200e-03
   8.9390963e-03   0.0000000e+00
   8.9125570e-03   3.9959884e-03
   0.0000000e+00   1.1941463e-02
   2.5266820e-02   2.9731994e-03
   3.6459922e-02   2.4651815e-03
   2.5239281e-02   8.4158893e-03
   2.2664196e-02   1.5317438e-02
   2.3921881e-02   1.6305376e-02
   1.1270975e-02   2.3113884e-02
   7.5004958e-03   2.1597330e-02
   8.7225233e-03   1.1735114e-02
   1.9903568e-02   4.3918297e-03
   2.9941302e-02   4.4038224e-03
   2.9827902e-02   4.8744341e-04
   2.2370436e-02   3.4124967e-03
   1.4939507e-02   1.0257943e-02
   1.2461520e-02   1.0267984e-02
   1.1347773e-02   4.4518187e-03
   7.6394774e-03   2.4975083e-03
  -1.2807658e-03   3.0147769e-03
   3.8575366e-03  -2.0177953e-03
   6.4483334e-03  -2.5297308e-03
   3.8650916e-03   4.0435897e-03
   5.1689631e-03   1.5208627e-03
   1.9499990e-02   5.0994263e-04
   3.5029940e-02   0.0000000e+00
   3.1230230e-02   4.0829060e-03
   3.6582896e-02  -5.1235999e-04
   4.9696152e-02   4.6143356e-03
   5.4929550e-02  -5.1262107e-04
   5.7257143e-02  -1.0200321e-03
   5.2981872e-02   1.5196132e-03
   5.5126489e-02   4.0200556e-03
   6.5448364e-02  -2.5140912e-03
   7.6671299e-02  -5.2319193e-02
   7.9367998e-02  -9.6818861e-02
   1.2863138e-03   3.6934506e-02
   1.4093677e-01  -8.7863125e-02
   1.9918274e-02   5.2087860e-04
   4.4999895e-02   1.0899782e-02
   4.6615534e-02  -3.9205423e-02
   1.9319652e-02  -1.3140273e-02
   4.8812013e-02  -2.3188374e-02
   2.6026013e-03   5.1050949e-04
   3.3949144e-02  -3.6966183e-02
   4.3001064e-02  -1.8405166e-02
   4.5737859e-02  -2.4935611e-02
   8.3666152e-02  -5.5073134e-02
   4.7512257e-02  -1.9130617e-02
   3.7775573e-02  -2.6700629e-02
   5.2914902e-02  -6.3198816e-02
   2.3935682e-02  -4.4642181e-02
   3.7613873e-02  -5.4390170e-02
   4.0178762e-02  -6.9059986e-02
   3.1675932e-02  -6.4106409e-02
   3.9524528e-02  -5.8373463e-02
   6.4083931e-02  -6.9436507e-02
   6.1768253e-02  -5.6827523e-02
   6.6585346e-02  -5.1941106e-02
   6.3965473e-02  -4.6307151e-02
   6.5513194e-02  -4.5477543e-02
   6.6086719e-02  -4.6905883e-02
   7.8980773e-02  -4.5814841e-02
   7.0017283e-02  -4.3330138e-02
   5.9661359e-02  -4.7474647e-02
   5.7237961e-02  -4.7621802e-02
   6.4030967e-02  -3.8511515e-02
   6.0142281e-02  -2.6165294e-02
   7.4296402e-02  -2.6583010e-02
   7.9072283e-02  -2.1337742e-02
   7.7411052e-02  -1.7694537e-02
   7.5682515e-02  -1.5078100e-02
   6.7035755e-02  -1.4653134e-02
   7.0932191e-02  -2.2756550e-02
   7.3101384e-02  -2.9182996e-02
   7.5347410e-02  -3.1570829e-02
   7.0652105e-02  -2.2666780e-02
   5.7667075e-02  -1.5073921e-02
   5.5434966e-02  -1.4153794e-02
   3.9822115e-02   5.0371629e-04
   3.8423627e-02   5.0224372e-04
   4.2098801e-02  -4.0018275e-03
   3.7325251e-02  -4.5426823e-03
   2.9602509e-02   5.0481962e-03
   2.4309034e-02   6.5244498e-03
   2.4283727e-02   8.5235864e-03
   2.9304925e-02   1.2496823e-02
   2.3117553e-02   1.0581330e-02
   1.9244353e-02   1.2081598e-02
   1.0210417e-02   1.7032873e-02
   1.1539938e-02   2.1144279e-02
   7.7064527e-03   2.4213223e-02
   1.5463404e-02   2.0742578e-02
   1.5413620e-02   2.3707529e-02
   1.5480541e-02   1.9243917e-02
   2.0651462e-02   2.4837813e-02
   1.0354986e-02   2.6439837e-02
   1.1589443e-02   1.6679218e-02
   6.4131137e-03   2.8220999e-02
   9.0029271e-03   3.0326327e-02
   1.5356853e-02   3.0678325e-02
   1.5440361e-02   2.6281590e-02
   1.5490062e-02   2.3825343e-02
   1.4115860e-02   2.3180449e-02
   1.1553957e-02   1.8141575e-02
   5.1231627e-03   2.2632960e-02
   5.1429494e-03   2.3732487e-02
   1.0282902e-02   1.4124187e-02
   1.4085362e-02   1.1053538e-02
   1.2883411e-02   5.0542612e-03
   1.5428788e-02   7.0618171e-03
   1.7963601e-02   9.0613262e-03
   1.5399683e-02  -2.0136791e-03
   1.2820288e-02  -3.0176047e-03
   5.1274846e-03  -8.5502293e-03
   8.9632163e-03  -1.1556375e-02
   2.1806179e-02  -1.5604910e-02
   1.4138223e-02  -2.7265710e-02
   1.4110361e-02  -2.7211831e-02
   1.5316851e-02  -2.7579201e-02
   8.8671890e-03  -3.3866396e-02
   2.0240005e-02  -3.6815027e-02
   2.1503488e-02  -3.7311942e-02
   2.8918370e-02  -5.0045809e-02
   2.1461106e-02  -4.9251763e-02
   1.6427056e-02  -5.4335789e-02
   2.5250574e-02  -5.3778806e-02
   2.7850583e-02  -5.4933380e-02
   3.0301003e-02  -5.8312401e-02
   3.6784112e-02  -6.3661439e-02
   3.1718051e-02  -6.2665435e-02
   3.0638339e-02  -6.5625039e-02
   3.3260484e-02  -6.5246156e-02
   3.4602985e-02  -6.1765290e-02
   4.2400206e-02  -5.9341152e-02
   4.3760875e-02  -6.0473740e-02
   5.1458974e-02  -6.2492697e-02
   5.2816201e-02  -6.1026777e-02
   5.2840697e-02  -5.8992551e-02
   5.9548522e-02  -4.6870437e-02
   6.3432121e-02  -4.6863774e-02
   4.5334154e-02  -3.7170093e-02
   7.2470824e-02  -1.6736934e-02
   6.9667511e-02  -1.8206215e-02
   5.8060262e-02  -1.7202296e-02
   5.8126947e-02  -1.4687103e-02
   4.7860673e-02  -5.0711913e-04
   5.0441369e-02  -8.1132964e-03
   4.1101583e-02  -8.0592131e-03
   4.9298427e-02  -5.5947805e-03
   4.6286364e-02  -7.0578415e-03
   3.8461464e-02  -1.0054772e-03
   4.3546460e-02   2.0087256e-03
   3.4614560e-02   3.5194626e-03
   2.8229450e-02   8.0533823e-03
   2.8228007e-02   9.5633915e-03
   2.9593388e-02   1.3630130e-02
   3.7357104e-02   9.5996038e-03
   3.8593267e-02   1.6656020e-02
   2.8340902e-02   2.4279932e-02
   2.3119358e-02   2.4209813e-02
   2.4301867e-02   2.6625877e-02
   3.0819253e-02   3.4831752e-02
   2.6776638e-02   3.6098500e-02
   2.6726175e-02   3.5527295e-02
   2.8007952e-02   4.0069230e-02
   1.5282129e-02   4.4126722e-02
   1.6531448e-02   4.1036896e-02
   1.2698989e-02   4.3497910e-02
   1.0157485e-02   4.4498631e-02
   1.2674316e-02   4.3412795e-02
   7.5866836e-03   3.9804196e-02
   8.8497747e-03   4.0799049e-02
   1.0110190e-02   3.6782508e-02
   8.9035086e-03   3.2499235e-02
   3.8103311e-03   2.7945085e-02
   7.6314875e-03   2.3476578e-02
   1.1449670e-02   2.0978617e-02
   6.3616682e-03   1.9480667e-02
   2.5505584e-03   1.4013712e-02
   2.5482543e-03   1.2499976e-02
  -3.8418872e-03   8.0393738e-03
   7.7075099e-03   0.0000000e+00
   7.7303654e-03   2.0217680e-03
   1.6781331e-02  -6.0769514e-03
   2.6920865e-02  -6.5370598e-03
   2.4286368e-02  -4.0110995e-03
   2.3005247e-02  -9.0251352e-03
   3.1909583e-02  -1.6026602e-02
   3.3224149e-02  -1.3034089e-02
   3.6066768e-02  -2.5287865e-02
   2.7089039e-02  -3.0410870e-02
   2.9703508e-02  -2.8917801e-02
   3.6031604e-02  -3.3885739e-02
   3.6029222e-02  -3.4391496e-02
   4.1263182e-02  -3.3442330e-02
   4.5097143e-02  -4.5136816e-02
   3.6214962e-02  -4.0193891e-02
   3.3700243e-02  -3.9256733e-02
   4.1196601e-02  -5.4832714e-02
   4.3574130e-02  -6.1752299e-02
   3.9459015e-02  -6.1332291e-02
   5.0760898e-02  -6.5706971e-02
   4.5867961e-02  -6.1382771e-02
   4.7011004e-02  -6.4774711e-02
   4.1829160e-02  -7.0238551e-02
   3.5481796e-02  -7.4838524e-02
   4.2055165e-02  -7.5777124e-02
   4.7006088e-02  -7.9649942e-02
   5.2141710e-02  -7.6109547e-02
   5.2103454e-02  -7.8629731e-02
   4.3284892e-02  -7.9310783e-02
   4.8594327e-02  -7.7586350e-02
   4.6070558e-02  -7.1435388e-02
   5.5019205e-02  -6.8309152e-02
   5.6346285e-02  -6.8880470e-02
   6.2749272e-02  -6.8864682e-02
   6.7733481e-02  -6.1015061e-02
   6.7775545e-02  -6.2589630e-02
   6.9141592e-02  -5.7034336e-02
   7.6984910e-02  -4.6419488e-02
   8.0995313e-02  -4.0397366e-02
   7.7178825e-02  -3.6869266e-02
   7.0384619e-02  -3.8206314e-02
   6.4134821e-02  -3.5772303e-02
   6.6878887e-02  -3.0286863e-02
   6.0663668e-02  -2.4813888e-02
   5.6521684e-02  -2.2678829e-02
   3.4746958e-02  -9.0858629e-03
   3.0981270e-02  -5.5694214e-03
   3.4855578e-02  -2.5313643e-03
   3.6146098e-02  -3.5438140e-03
   3.7252073e-02  -3.5262205e-03
   3.0860474e-02   1.0086179e-03
   3.8458845e-02   6.0328632e-03
   2.8168797e-02   1.2558627e-02
   2.1802624e-02   1.8121831e-02
   2.4327007e-02   2.6149256e-02
   2.1797077e-02   3.1240652e-02
   1.6672246e-02   2.9226838e-02
   2.4331433e-02   3.3222192e-02
   1.2861274e-02   3.7944561e-02
   1.0293373e-02   3.4909615e-02
   5.1667862e-03   4.2203054e-02
   0.0000000e+00   4.7749004e-02
   6.4307913e-03   4.9681295e-02
  -3.8577272e-03   5.0695600e-02
  -5.1264579e-03   5.2566485e-02
   2.5613563e-03   5.6104944e-02
   0.0000000e+00   5.3552502e-02
   0.0000000e+00   5.5053974e-02
   1.2770630e-03   5.5434756e-02
   0.0000000e+00   5.4480712e-02
  -2.5467490e-03   5.0196753e-02
  -6.3712203e-03   5.1753067e-02
  -3.8372372e-03   4.7371333e-02
   0.0000000e+00   4.6317868e-02
   1.2794228e-03   4.5859661e-02
  -1.5313485e-02   2.9584961e-02
  -2.0366714e-02   2.5496863e-02
  -5.0715901e-03   2.5898240e-02
   5.0570595e-03   2.5326001e-02
   8.8347141e-03   2.2798306e-02
   7.5620528e-03   1.5334367e-02
   3.7965164e-03   1.1421568e-02
   1.2694126e-03   6.9726529e-03
  -3.8234394e-03  -3.4999849e-03
   0.0000000e+00  -7.5369458e-03
   1.7961396e-02  -1.2081768e-02
   1.5426615e-02  -1.1097141e-02
   1.5450468e-02  -1.8700362e-02
   1.1560740e-02  -2.3203828e-02
   2.4108578e-02  -1.6432718e-02
   2.7801012e-02  -1.9343820e-02
   2.6612865e-02  -2.0395720e-02
   3.2971609e-02  -2.3898548e-02
   2.8062895e-02  -3.3089604e-02
   3.9597955e-02  -4.9315512e-02
   3.9946657e-02  -4.4635487e-02
   4.7625513e-02  -5.0711913e-02
   4.2712117e-02  -5.3064150e-02
   3.8940971e-02  -4.8573802e-02
   4.4192112e-02  -5.6918423e-02
   4.1844881e-02  -6.1457070e-02
   4.4366219e-02  -6.1844153e-02
   5.5718320e-02  -6.9713472e-02
   5.5659790e-02  -6.1838200e-02
   4.8669951e-02  -6.0165596e-02
   5.8644082e-02  -6.7022649e-02
   5.8367719e-02  -6.6192034e-02
   6.3116851e-02  -7.4483500e-02
   6.0658961e-02  -7.4063099e-02
   6.8429179e-02  -7.4761266e-02
   7.3352967e-02  -7.8179801e-02
   6.3439396e-02  -7.3845191e-02
   6.5847387e-02  -7.7277962e-02
   6.0714840e-02  -7.7718433e-02
   7.0535417e-02  -7.5312855e-02
   6.6611506e-02  -7.2617642e-02
   7.1785982e-02  -7.2245844e-02
   7.0875594e-02  -6.0409025e-02
   6.5955740e-02  -6.7677166e-02
   7.0058725e-02  -6.6423714e-02
   6.4054084e-02  -5.9123737e-02
   6.5027507e-02  -6.2410917e-02
   6.2488079e-02  -5.7326853e-02
   6.6702584e-02  -5.3054451e-02
   6.8059051e-02  -5.2598500e-02
   6.5878410e-02  -4.7782458e-02
   5.6970162e-02  -3.9701924e-02
   6.1072402e-02  -3.5731941e-02
   5.6592486e-02  -3.0488263e-02
   7.1078085e-02  -2.9438643e-02
   7.5080766e-02  -2.2204308e-02
   7.5604978e-02  -1.2256109e-02
   5.4220430e-02   5.0601489e-04
   5.7635468e-02   0.0000000e+00
   6.2141344e-02   6.4609143e-03
   6.0871531e-02   7.4552445e-03
   5.3151230e-02   1.1412077e-02
   6.3850564e-02  -1.0007583e-03
   5.7742930e-02   7.5443860e-03
   5.6460551e-02   7.0417317e-03
   4.3656711e-02   1.5110052e-02
   3.7378268e-02   1.7701009e-02
   2.4459498e-02   2.0719815e-02
   1.5425891e-02   2.5750658e-02
   1.2868430e-02   3.3897142e-02
   6.4433890e-03   3.0386914e-02
   3.8686726e-03   3.2952140e-02
   3.8753211e-03   3.5049644e-02
  -2.5835474e-03   3.5049731e-02
  -1.2880780e-03   4.1063598e-02
  -2.5758222e-03   4.7701398e-02
  -2.5612296e-03   5.1504850e-02
  -5.1159053e-03   5.2966944e-02
  -6.3998298e-03   5.4029041e-02
  -1.2759406e-03   5.9466374e-02
   0.0000000e+00   6.3498024e-02
  -8.9108135e-03   6.9039850e-02
  -1.0251421e-02   6.6409431e-02
   0.0000000e+00   6.9636542e-02
  -2.0158598e-02   7.0852374e-02
  -2.2720695e-02   5.9316332e-02
  -1.7644541e-02   6.1752041e-02
  -1.8855098e-02   6.4612978e-02
  -1.2625418e-02   5.8325659e-02
  -8.8854817e-03   5.6108693e-02
  -1.6485138e-02   6.0613918e-02
  -1.6524587e-02   5.4154868e-02
  -2.2902466e-02   5.4204092e-02
  -1.9055503e-02   4.7041027e-02
  -1.1405936e-02   4.3912192e-02
  -1.2674316e-03   4.3414852e-02
  -2.5315484e-03   4.5366482e-02
   5.0476564e-03   3.3239048e-02
   6.3484070e-03   3.0938964e-02
   7.6102161e-03   3.1407084e-02
   0.0000000e+00   2.7079646e-02
   0.0000000e+00   2.4669299e-02
   3.8427002e-03   2.1627124e-02
   9.0140109e-03   1.6679480e-02
   9.0064407e-03   1.4138274e-02
   1.6698227e-02   6.5508429e-03
   2.3168135e-02   2.0194813e-03
   2.4475789e-02   9.0965043e-03
   3.2273938e-02   1.5188964e-03
   2.9840260e-02  -1.0176960e-03
   2.9719189e-02  -6.5887355e-03
   2.9744751e-02  -1.0653927e-02
   3.7539952e-02  -1.1678396e-02
   3.1040843e-02  -8.1170888e-03
   4.3963040e-02  -1.4200831e-02
   4.5351986e-02  -1.1687801e-02
   5.6720916e-02  -1.5164131e-02
   5.8460115e-02  -2.9579615e-02
   3.4840499e-02  -2.7365891e-02
   4.2394078e-02  -3.8898924e-02
   4.2460162e-02  -3.4892021e-02
   6.7073527e-02  -4.4641360e-02
   4.0036625e-02  -3.6556284e-02
   3.2104266e-02  -4.1434261e-02
   4.3858941e-02  -4.9801903e-02
   2.8420761e-02  -4.7323924e-02
   2.3119640e-02  -6.5009473e-02
   1.4172107e-02  -6.4701388e-02
   2.3073411e-02  -7.6258907e-02
   1.1520766e-02  -7.0464377e-02
   2.4233570e-02  -7.6385241e-02
   2.9217726e-02  -7.6581015e-02
   2.7928169e-02  -8.2206058e-02
   2.4182123e-02  -8.6588362e-02
   1.6556180e-02  -8.7696455e-02
   2.1448003e-02  -1.0037157e-01
   2.6373919e-02  -1.0459296e-01
   3.6444569e-02  -1.1042936e-01
   4.5253567e-02  -1.0727404e-01
   4.1492389e-02  -1.0154387e-01
   4.0233388e-02  -1.0678457e-01
   4.3887118e-02  -1.0857439e-01
   5.1203013e-02  -1.1597439e-01
   5.2261942e-02  -1.1290433e-01
   5.2413692e-02  -1.1062298e-01
   4.8838174e-02  -1.1419970e-01
   4.2791345e-02  -1.1164129e-01
   5.0085161e-02  -1.1207260e-01
   5.3824448e-02  -1.1518749e-01
   5.7543802e-02  -1.1193437e-01
   6.6017220e-02  -1.1035113e-01
   6.1198730e-02  -1.0858745e-01
   6.1341121e-02  -1.0518771e-01
   6.8129144e-02  -1.0286299e-01
   6.4576557e-02  -9.8534677e-02
   5.8776644e-02  -9.2629518e-02
   5.7818859e-02  -9.1051694e-02
   4.7750574e-02  -8.9907242e-02
   6.0737567e-02  -8.2596355e-02
   6.3472919e-02  -7.8050003e-02
   5.9766898e-02  -8.1470450e-02
   5.5923885e-02  -7.4701924e-02
   4.3210503e-02  -6.8376194e-02
   4.4360833e-02  -6.2359521e-02
   4.9685895e-02  -5.2559802e-02
   5.8771327e-02  -4.2113949e-02
   5.3568705e-02  -3.9552925e-02
   4.5664759e-02  -3.5380488e-02
   4.4324706e-02  -3.3809413e-02
   3.3925314e-02  -2.6131784e-02
   3.2606799e-02  -1.9451705e-02
   3.0179796e-02  -1.9570477e-02
   1.3111649e-02  -1.5952770e-02
   1.5703275e-02  -1.4893172e-02
   9.1631037e-03  -7.7037361e-03
   6.5454192e-03  -5.6494752e-03
   2.6075664e-03  -7.1614700e-03
   1.2999682e-03  -3.5699982e-03
  -6.4999480e-03   2.0399745e-03
   0.0000000e+00   5.0898204e-04
  -1.0398669e-02   8.1597389e-03
  -1.0357081e-02   8.6351840e-03
  -6.4712153e-03   1.5238855e-02
  -7.7504777e-03   1.4194579e-02
  -1.5483743e-02   1.6205404e-02
  -2.5795758e-02   2.1773263e-02
  -2.7110068e-02   2.2808152e-02
  -2.0509091e-02   2.4666223e-02
  -2.4321912e-02   2.8160737e-02
  -1.6637566e-02   3.0175035e-02
  -1.0200624e-02   3.6105078e-02
  -1.6586293e-02   3.8648411e-02
  -2.0396921e-02   3.7605966e-02
  -2.2896939e-02   4.5081362e-02
  -1.9082418e-02   4.4582587e-02
  -1.6564608e-02   4.6679250e-02
  -1.4062915e-02   5.4981909e-02
  -1.6569185e-02   5.9906222e-02
  -1.4017452e-02   4.6178396e-02
  -2.0430278e-02   6.0526545e-02
  -2.1804650e-02   5.8234006e-02
  -2.2970493e-02   6.3046388e-02
  -1.2781607e-02   6.4694543e-02
  -7.6378840e-03   7.6246179e-02
  -1.0174835e-02   7.9274741e-02
  -1.2645190e-02   7.8805238e-02
  -2.3038717e-02   8.1342834e-02
   2.9352218e-02   7.4355646e-02
   0.0000000e+00   1.0412289e-01
  -1.8862612e-02   9.0167030e-02
  -2.8948036e-02   9.3342227e-02
  -1.5086321e-02   9.3769284e-02
  -6.2711258e-03   1.0551596e-01
  -1.1354515e-02   9.7762932e-02
  -2.0189941e-02   1.0512058e-01
  -1.8953651e-02   1.0158441e-01
  -2.2718404e-02   1.0198381e-01
  -2.5174683e-02   1.0641835e-01
  -2.5266391e-02   1.0471153e-01
  -2.0236211e-02   9.9055931e-02
  -1.8974959e-02   9.8552044e-02
  -1.7697173e-02   9.2214497e-02
  -1.2733837e-02   9.3969443e-02
  -2.7740528e-02   1.0187499e-01
  -1.0076573e-02   8.5164364e-02
  -3.0141622e-02   9.9362046e-02
  -2.0141266e-02   9.2852660e-02
  -1.8892192e-02   9.1348313e-02
  -2.9016274e-02   8.6316468e-02
  -2.7811105e-02   7.9794288e-02
  -2.9186195e-02   7.3413070e-02
  -2.1521803e-02   7.1199493e-02
  -1.5133475e-02   7.0925562e-02
  -1.7679730e-02   6.9493454e-02
  -1.8815129e-02   5.6935710e-02
  -2.3844987e-02   5.4456755e-02
  -1.5042443e-02   5.5398769e-02
  -6.3149639e-03   4.6770175e-02
  -7.6039574e-03   4.3913138e-02
  -7.6156407e-03   4.0459634e-02
  -5.0848481e-03   2.8971374e-02
  -1.0201767e-02   2.7052210e-02
  -3.8193028e-03   2.3999896e-02
  -5.1212144e-03   2.6656597e-02
  -3.8505961e-03   2.0661965e-02
  -7.7099720e-03   1.8664360e-02
   0.0000000e+00   1.5193644e-02
   5.1628349e-03   1.0129016e-02
   7.7602106e-03   8.1192583e-03
   6.5054506e-03   9.1890741e-03
   9.0727636e-03   1.0169244e-03
   0.0000000e+00   2.5525526e-03
   2.5999792e-03   2.0399959e-03
   5.2259617e-03  -4.1004694e-03
   1.3077174e-03  -7.1830950e-03
   1.0471593e-02  -9.2444130e-03
   1.7044034e-02  -1.6981385e-02
   2.3574867e-02  -1.7476962e-02
   2.7556519e-02  -1.9056319e-02
   2.4947751e-02  -2.3716554e-02
   1.9623099e-02  -1.9514390e-02
   2.0906001e-02  -2.2059517e-02
   2.9920458e-02  -3.4775101e-02
   2.9894619e-02  -3.3718502e-02
   3.2399297e-02  -3.3106560e-02
   3.3607560e-02  -3.7614483e-02
   2.0680052e-02  -3.8130742e-02
   3.0967502e-02  -4.2657137e-02
   2.9666407e-02  -5.0325753e-02
   3.3545351e-02  -5.3933942e-02
   3.4736304e-02  -5.3264363e-02
   3.2213337e-02  -6.4175792e-02
   3.2126421e-02  -6.2968530e-02
   3.4845821e-02  -6.5831816e-02
   2.9822606e-02  -6.7195294e-02
   2.8554207e-02  -6.7264460e-02
   2.5948091e-02  -6.8807797e-02
   6.7607809e-02  -8.2560270e-02
   1.2950648e-03  -7.1830950e-02
   4.3553880e-02  -8.5035877e-02
   1.5487993e-02  -7.6801655e-02
   1.9159524e-02  -9.3735730e-02
   2.4259633e-02  -8.8967090e-02
   4.1929795e-02  -1.0265632e-01
   3.5647561e-02  -8.8683350e-02
   4.4157778e-02  -1.0294811e-01
   4.0446685e-02  -9.5293524e-02
   5.1570547e-02  -1.0050959e-01
   4.5341153e-02  -1.0485936e-01
   4.6444845e-02  -1.1079554e-01
   4.8885918e-02  -1.0694571e-01
   5.9139218e-02  -1.1686384e-01
   5.2854497e-02  -1.1424611e-01
   6.0322525e-02  -1.1511263e-01
   5.5260104e-02  -1.1664831e-01
   6.8125166e-02  -1.1767852e-01
   6.4321477e-02  -1.1605961e-01
   6.3051192e-02  -1.1871742e-01
   6.4401326e-02  -1.1781390e-01
   6.9482706e-02  -1.1677372e-01
   7.6860826e-02  -1.1588060e-01
   8.4524873e-02  -1.0803542e-01
   7.9737764e-02  -1.0737133e-01
   7.4718832e-02  -1.1330674e-01
   7.1245975e-02  -1.0693246e-01
   7.4171330e-02  -1.0910014e-01
   7.2955655e-02  -1.0173113e-01
   7.5821837e-02  -9.8949363e-02
   7.4678799e-02  -9.6488445e-02
   7.4623186e-02  -9.8541390e-02
   7.3164143e-02  -9.6715804e-02
   7.7118484e-02  -8.9957403e-02
   7.2026272e-02  -8.7933410e-02
   6.8213141e-02  -8.5902561e-02
   7.7334044e-02  -8.1268336e-02
   6.5611252e-02  -7.7496677e-02
   6.7078216e-02  -7.5093518e-02
   6.8580270e-02  -7.1145372e-02
   5.8153133e-02  -6.8475923e-02
   5.5645255e-02  -6.7015888e-02
   4.6546799e-02  -6.6456189e-02
   3.8765538e-02  -6.4870497e-02
   3.7515038e-02  -6.4426111e-02
   4.2591372e-02  -5.7031954e-02
   4.0001167e-02  -5.8054085e-02
   2.9606906e-02  -5.5354003e-02
   1.0332919e-02  -5.3494795e-02
   1.1640777e-02  -5.1507914e-02
   7.7749081e-03  -4.6966120e-02
   7.7622700e-03  -4.4834359e-02
   1.0335766e-02  -4.6824855e-02
