   2.1860426e-01   2.5021823e-03
   2.6124181e-01   9.9502535e-03
   2.5171351e-01   6.9610550e-03
   2.4680921e-01   4.4825480e-03
   2.4197439e-01   3.4749665e-03
   2.2566602e-01   7.9759299e-03
   2.3256290e-01   9.4816269e-03
   2.2071946e-01   8.9875260e-03
   2.0583147e-01   1.0536027e-02
   2.0845952e-01   4.0124823e-03
   2.0634880e-01   9.9939309e-04
   2.0933142e-01   5.5056122e-03
   2.0263717e-01   1.0508599e-02
   1.9727008e-01   1.1505127e-02
   1.9579900e-01   9.9962295e-03
   1.8955311e-01   9.0118182e-03
   1.8607899e-01   3.5129016e-03
   1.6849443e-01   5.0425670e-04
   1.6265744e-01   3.5177536e-03
   1.6377389e-01   7.0277735e-03
   1.6134463e-01   9.0467546e-03
   1.5231196e-01   8.5512232e-03
   1.4356816e-01   7.0615374e-03
   1.4530161e-01  -5.0132929e-04
   1.4144301e-01  -2.0059656e-03
   1.4071055e-01   4.0281098e-03
   1.3912793e-01   8.5438625e-03
   1.3797865e-01   8.0500114e-03
   1.2895912e-01   6.0417701e-03
   1.2638267e-01   5.0357803e-03
   1.1982155e-01   5.0331752e-04
   1.2239745e-01  -2.0129016e-03
   1.0811833e-01   1.5096394e-03
   1.1348849e-01   4.0322821e-03
   1.0832134e-01   7.5630705e-03
   1.1500307e-01   5.5548448e-03
   1.0961649e-01   5.5457937e-03
   1.1090484e-01   6.0494513e-03
   1.1337908e-01   1.5106185e-03
   1.0446382e-01   1.5129801e-03
   9.1562009e-02   5.5517213e-03
   8.5197526e-02   6.0644464e-03
   8.0115326e-02   5.0599820e-03
   8.2455287e-02   4.0354978e-03
   7.5939999e-02   2.0163646e-03
   7.3365042e-02   3.0248897e-03
   7.4800667e-02   2.5255845e-03
   6.5772644e-02   3.0318362e-03
   5.4219147e-02   3.5421042e-03
   4.7575819e-02   3.0246813e-03
   5.1536174e-02   0.0000000e+00
   4.2517156e-02   1.5155425e-03
   3.3463706e-02   5.0478327e-03
   3.2210093e-02  -5.0529586e-04
   1.9287598e-02   2.5219776e-03
   1.5430146e-02   2.0176620e-03
   7.7226360e-03   3.0296495e-03
   5.1281952e-03   1.0059093e-03
   3.8537549e-03   0.0000000e+00
  -3.8537380e-03  -1.5118511e-03
  -1.4130373e-02   1.5117684e-03
  -1.9364363e-02   1.5191959e-03
  -1.7966401e-02  -1.0068140e-03
  -1.2845793e-02  -1.5117839e-03
  -2.4431244e-02   5.0436198e-04
  -3.2208195e-02   5.5582545e-03
  -1.2283250e-01  -2.9984556e-03
  -1.2039263e-01  -2.5016103e-03
  -1.1783160e-01  -2.0016466e-03
  -1.0748026e-01  -5.0026164e-04
  -1.0908188e-01   5.0169204e-04
  -1.0758621e-01   0.0000000e+00
  -1.0363852e-01  -4.0030465e-03
  -1.0117736e-01  -5.0094800e-03
  -9.3771774e-02  -4.0211723e-03
  -9.2035354e-02  -5.0022290e-04
  -1.0009828e-01   1.5059077e-03
  -1.1794505e-01   4.0072090e-03
  -1.3988154e-01   0.0000000e+00
  -1.4983586e-01  -7.4873662e-03
  -1.4569166e-01  -1.0465429e-02
  -1.4841111e-01  -6.9821981e-03
  -1.4358946e-01  -9.9983664e-04
  -1.3974250e-01  -2.0003105e-03
  -1.3832506e-01  -4.9964259e-04
  -1.3461538e-01   0.0000000e+00
  -1.2295274e-01  -3.5016142e-03
  -1.0747011e-01  -7.0036630e-03
  -1.0769184e-01  -1.5037249e-03
  -1.0266410e-01  -2.5094621e-03
  -9.7243341e-02   2.0022799e-03
  -9.5153314e-02   0.0000000e+00
  -8.9920773e-02   1.0055026e-03
  -8.0767817e-02  -3.0119438e-03
  -8.4612052e-02  -4.5170689e-03
  -7.5637348e-02  -5.0210934e-03
  -7.0576617e-02  -6.5352906e-03
  -7.0652036e-02  -1.0064199e-03
  -5.7860077e-02   5.5434728e-03
  -4.7623739e-02   5.0461201e-04
  -4.2307363e-02  -2.0107698e-03
  -4.1066140e-02   0.0000000e+00
  -3.8537549e-02   0.0000000e+00
  -3.2114233e-02   2.5189943e-03
  -2.9487165e-02   5.0282925e-04
  -1.4158416e-02   0.0000000e+00
  -1.2807782e-02   2.0097547e-03
  -1.5399615e-02   2.5170988e-03
  -1.7966296e-02   2.0136280e-03
  -1.6683119e-02   0.0000000e+00
  -1.2845844e-02   5.0392797e-04
  -3.8499488e-03  -5.0345288e-04
  -9.0367250e-03  -1.0128852e-03
  -1.2807782e-02   2.0097547e-03
  -7.7227117e-03  -2.0197663e-03
  -5.1332575e-03  -1.0069023e-03
   0.0000000e+00   4.5266272e-03
   6.4355300e-03   3.0296658e-03
   2.0573679e-02  -5.0438788e-04
   2.3145299e-02  -1.5131133e-03
   2.8260649e-02   2.0153341e-03
   3.6002530e-02   4.5383192e-03
   4.2389628e-02   4.5331636e-03
   5.1432991e-02   3.5283967e-03
   5.0148147e-02   1.5122284e-03
   6.1660079e-02   0.0000000e+00
   6.1780240e-02   4.0350497e-03
   6.5641505e-02   4.0344638e-03
   7.0720812e-02   3.0222373e-03
   7.7072051e-02   4.5276225e-03
   7.8434735e-02   4.0282826e-03
   8.3663202e-02   1.0078161e-03
   8.2375874e-02   1.5118193e-03
   1.1500307e-01   5.5548448e-03
   1.1724198e-01   3.5238542e-03
   1.2626307e-01   1.5092508e-03
   1.2380215e-01   5.5404064e-03
   1.2368074e-01   5.0317860e-03
   1.2625966e-01   4.0246689e-03
   1.2896724e-01   2.0139234e-03
   1.3012571e-01   3.5205628e-03
   1.3785595e-01   3.5184284e-03
   1.4800936e-01   6.0205054e-03
   1.4700963e-01   7.0384635e-03
   1.5474904e-01   6.5312622e-03
   1.6507417e-01   4.0153746e-03
   1.6457140e-01   7.5068397e-03
   1.6858998e-01   8.5128518e-03
   1.6843316e-01   6.5034952e-03
   1.7668225e-01   3.5094017e-03
   1.7908108e-01   4.5064976e-03
   1.9292360e-01   3.5172550e-03
   2.0545004e-01   6.5096521e-03
   2.1921842e-01   7.9825104e-03
   2.2589975e-01   6.4866899e-03
   2.2867782e-01   1.0485070e-02
   2.3492184e-01   8.4724669e-03
   2.3468054e-01   9.4601303e-03
   2.3516273e-01   7.4829018e-03
   2.2975872e-01   8.4782983e-03
   2.3669345e-01   6.9895477e-03
   2.3361828e-01   9.9693362e-03
   2.4008081e-01   8.9645488e-03
   2.3857143e-01   6.4693272e-03
   2.2911225e-01   1.2506343e-02
   2.5301370e-01   5.4683843e-03
   2.5109050e-01   1.4463540e-02
   2.5638932e-01   2.4794915e-03
   2.5629506e-01   1.2459231e-02
   2.5789341e-01   7.9800442e-03
   2.5298377e-01   9.4453911e-03
   2.5219836e-01   8.9670931e-03
   2.5453622e-01   8.4576511e-03
   2.5661450e-01   7.9419491e-03
   2.6305783e-01   8.4302791e-03
   2.6745684e-01   8.4414400e-03
   2.6125616e-01   8.4577155e-03
   2.6460096e-01   1.1471259e-02
   2.5945483e-01   7.4498656e-03
   2.5452717e-01   9.4526689e-03
   2.5039749e-01   9.9462033e-03
   2.4241726e-01   9.4501377e-03
   2.4268386e-01   5.9742355e-03
   2.3021582e-01   8.4946578e-03
   2.2612125e-01   6.9924062e-03
   2.2567845e-01   5.9819474e-03
   2.2697296e-01   4.9841206e-03
   2.1642472e-01   7.9773934e-03
   2.0394645e-01   8.0053379e-03
   1.9878325e-01   8.0101500e-03
   2.0176548e-01   8.0233196e-03
   2.0564874e-01   7.5184284e-03
   1.9102856e-01   9.5203683e-03
   1.8440682e-01   7.0131130e-03
   1.7375386e-01   5.0049935e-03
   1.6765469e-01   3.5125751e-03
   1.6345886e-01   4.5090475e-03
   1.5748975e-01   5.0277842e-03
   1.5862713e-01   3.5155901e-03
   1.5619885e-01   5.0283780e-03
   6.0434148e-02   3.0234409e-03
   5.1485123e-02   5.0455496e-04
   1.6765576e-02   3.0354619e-03
  -7.7227685e-03  -5.0494159e-04
  -4.1188119e-02   0.0000000e+00
  -6.1843409e-02   0.0000000e+00
  -6.2881761e-02  -2.5143357e-03
  -4.1025621e-02  -5.0270831e-04
  -2.6949326e-02  -2.5167347e-03
  -1.5384496e-02  -2.0116935e-03
  -2.5716910e-03  -2.0178002e-03
   1.9230760e-02  -5.0290356e-04
   3.0889863e-02   4.5432720e-03
   4.6288061e-02   5.5454469e-03
   6.2938642e-02   7.0470802e-03
   7.4502292e-02   5.0312694e-03
   6.9435353e-02   2.5186650e-03
   7.8514698e-02   1.0080641e-03
   7.0791524e-02   2.0168139e-03
   7.2007349e-02   2.0147158e-03
   7.9959963e-02   1.5149941e-03
   8.6321566e-02   3.0260417e-03
   8.2534768e-02   5.5542921e-03
   8.7610421e-02   2.5215349e-03
   9.2855498e-02   3.0279996e-03
   1.0069469e-01   1.5148270e-03
   1.1689358e-01   4.0154193e-03
   1.1723184e-01   7.5511162e-03
   1.2496319e-01   7.0438388e-03
   1.2999898e-01   2.0097781e-03
   1.2883639e-01   4.0238937e-03
   1.2497129e-01   4.0250508e-03
   1.2908716e-01   6.0477113e-03
   1.2534172e-01   5.0461794e-03
   1.3012366e-01   4.5264379e-03
   1.3309192e-01   6.0518614e-03
   1.3308850e-01   7.0605050e-03
   1.3038086e-01   5.0392649e-03
   1.3309344e-01   5.5475396e-03
   1.4616850e-01   1.5128551e-03
   1.5133422e-01   5.5446424e-03
   1.5795685e-01   6.0511070e-03
   1.6669774e-01   2.5142049e-03
   1.6394069e-01   6.0296942e-03
   1.6166561e-01   9.0644840e-03
   1.7330854e-01   8.5511899e-03
   1.7942894e-01   6.5220722e-03
   1.8125971e-01   6.5403065e-03
   1.9124786e-01   3.5109169e-03
   2.0417404e-01   1.5024570e-03
   2.1730042e-01   5.5056944e-03
   2.3761491e-01   1.0023681e-02
   2.3710878e-01   1.3005639e-02
   2.4836216e-01   1.0415504e-02
   2.5737612e-01   8.4625609e-03
   2.5245798e-01   7.9784000e-03
   2.5271352e-01   7.4869359e-03
   2.6985813e-01   1.9934312e-03
   2.6800183e-01   6.9650582e-03
   2.6277354e-01   1.1949428e-02
   2.6868323e-01   1.3900814e-02
   2.8269363e-01   6.9284152e-03
   2.5191030e-01   1.2442365e-02
   2.4850194e-01   1.4468882e-02
   2.5399699e-01   8.9826412e-03
   2.4550937e-01   5.9778168e-03
   2.4163565e-01   5.4826243e-03
   2.3130287e-01   4.4920690e-03
   2.2246895e-01   6.5024723e-03
   2.2331187e-01   7.4871367e-03
   2.2135627e-01   1.1517410e-02
   2.2006179e-01   1.1519304e-02
   2.1749493e-01   9.0180472e-03
   2.1129738e-01   1.4967114e-03
   2.0417132e-01   3.0049140e-03
   1.9959128e-01   5.0258503e-03
   1.8992637e-01   9.5309913e-03
   1.8698327e-01   7.5119627e-03
   1.8698593e-01   7.0111652e-03
   1.7943319e-01   5.5186765e-03
   1.7367473e-01   3.5279763e-03
   1.7057115e-01   4.0211977e-03
   1.5603861e-01   6.5304985e-03
   1.5489841e-01   7.5434507e-03
   1.6572883e-01   5.0388960e-03
   1.6377993e-01   5.5218220e-03
   1.4744159e-01   8.5718946e-03
   1.4401018e-01   2.5294371e-03
   1.3322433e-01   6.0578206e-03
   1.2520763e-01   8.0659430e-03
   1.2367947e-01   5.5349646e-03
   1.2251598e-01   4.0297618e-03
   1.1618646e-01   1.0088883e-03
   1.0596338e-01   2.0211299e-03
   9.5719071e-02   3.5426483e-03
   8.7609388e-02   3.5301489e-03
   8.1082393e-02   6.5516233e-03
   8.2457231e-02   2.0177489e-03
   8.7524710e-02   5.0380993e-04
   7.9960278e-02   5.0499802e-04
   7.6015260e-02   2.0183562e-03
   7.4651672e-02   3.5288397e-03
   7.3433855e-02   6.0557561e-03
   7.8586144e-02   6.5588871e-03
   7.7065468e-02   8.0491067e-03
   6.9434979e-02   3.0223980e-03
   5.9207892e-02  -5.0442760e-04
   6.4356152e-02  -1.5129986e-03
   5.9149328e-02   5.0392969e-04
   5.1431179e-02   5.5446234e-03
   4.5090964e-02   6.0617655e-03
   3.9861036e-02   2.5210703e-03
   3.4649134e-02   2.5163817e-03
   2.5793333e-02  -2.5292641e-03
   6.4292276e-03   2.0177795e-03
  -1.2896597e-03   3.0357128e-03
  -1.2858046e-02   4.5398373e-03
  -2.0533030e-02   1.0067846e-03
  -2.8288768e-02  -1.0086633e-03
  -4.3761840e-02  -2.5233231e-03
  -6.6797897e-02  -2.0131544e-03
  -7.7149977e-02  -3.0213901e-03
  -8.5897269e-02  -1.0037285e-03
  -9.0846457e-02   0.0000000e+00
  -9.6153425e-02   1.5047653e-03
  -9.7242399e-02  -3.0034199e-03
  -1.0424879e-01  -6.5433477e-03
  -1.0245331e-01  -7.0127341e-03
   0.0000000e+00   4.5266272e-03
   6.4229249e-03   0.0000000e+00
   1.0266130e-02  -4.5309545e-03
   1.0256365e-02  -1.5088288e-03
   6.4291993e-03   2.5222243e-03
   7.6843561e-03   5.0245428e-03
   8.9478470e-03   1.5043891e-03
   9.0186711e-03   3.0326327e-03
   1.4102557e-02  -5.0292899e-04
   1.6633786e-02  -1.5057823e-03
   2.3076912e-02   5.0287935e-04
   2.9545094e-02   2.5191123e-03
   3.3397237e-02   5.5416496e-03
   4.7576284e-02   2.0164542e-03
   5.1534555e-02   4.0404338e-03
   5.2667881e-02   1.0070790e-03
   5.5237154e-02   0.0000000e+00
   5.9090909e-02   0.0000000e+00
   6.2879463e-02   5.0286713e-03
   6.9434979e-02   3.0223980e-03
   6.8147646e-02   4.5338337e-03
   6.1658604e-02   3.5237066e-03
   6.1782057e-02   1.0087624e-03
   6.4292779e-02   0.0000000e+00
   7.3292872e-02   2.5182560e-03
   7.8513466e-02   3.0241923e-03
   8.2130320e-02   3.5171731e-03
   9.2761424e-02   4.5375208e-03
   9.2577934e-02   4.5285898e-03
   1.0049060e-01   5.0394740e-03
   1.1069112e-01   3.0187793e-03
   1.1069171e-01   2.5156494e-03
   1.0136939e-01   8.0308970e-03
   1.0167475e-01   6.5443677e-03
   1.0049431e-01   2.5197370e-03
   1.0168317e-01   0.0000000e+00
   1.1080272e-01   5.0362492e-04
   1.1829663e-01   3.0142517e-03
   1.2482940e-01   9.5501172e-03
   1.2625148e-01   7.0431705e-03
   1.2508536e-01   7.5543886e-03
   1.2613243e-01   5.0259015e-03
   1.2999771e-01   3.0146671e-03
   1.3439364e-01   0.0000000e+00
   1.4043435e-01   2.5126360e-03
   1.5102811e-01   7.0429889e-03
   1.4325624e-01   1.2081739e-02
   1.3911461e-01   1.1056763e-02
   1.4214599e-01   2.0158181e-03
   1.4573233e-01   2.5140143e-03
   1.4702316e-01   1.5082422e-03
   1.4701918e-01   4.0219791e-03
   1.4716103e-01   5.5356436e-03
   1.5216090e-01   8.5428546e-03
   1.5246581e-01   8.0561018e-03
   1.5490268e-01   6.5376573e-03
   1.5765213e-01   2.5163548e-03
   1.5506682e-01   3.0203376e-03
   1.5347033e-01   2.5123153e-03
   1.5604230e-01   5.5258065e-03
   1.6376639e-01   8.5337250e-03
   1.7037993e-01   9.0388619e-03
   1.7830747e-01   8.0360749e-03
   1.7185215e-01   7.0361904e-03
   1.7186463e-01   3.5180952e-03
   1.7108130e-01   4.0330207e-03
   2.4023625e-01   7.0140841e-03
   2.4268386e-01   5.9742355e-03
   2.5480771e-01   5.9758274e-03
   2.6203247e-01   7.9434805e-03
   2.5967369e-01   1.1434047e-02
   2.6019650e-01   1.0957862e-02
   2.6021237e-01   9.4636082e-03
   2.5919335e-01   7.4798644e-03
   2.5011773e-01   7.9890345e-03
   2.5170607e-01   7.9554915e-03
   2.6153809e-01   5.4778783e-03
   2.6202366e-01   9.9788829e-03
   2.6127167e-01   6.4676648e-03
   2.6201831e-01   1.0477827e-02
   2.6201831e-01   1.0477827e-02
   2.5738427e-01   7.4669655e-03
   2.5893525e-01   7.4726988e-03
   2.4809062e-01   6.4736093e-03
   2.5139057e-01   1.0483663e-02
   2.3775351e-01   6.4829117e-03
   2.3646698e-01   5.4865034e-03
   2.2761201e-01   1.0496969e-02
   2.3195788e-01   1.0011313e-02
   2.3257496e-01   7.9845279e-03
   2.2893301e-01   6.9967929e-03
   2.1966064e-01   6.9981975e-03
   2.1471351e-01   5.5074664e-03
   2.1406120e-01   5.0221840e-03
   2.1773118e-01   6.0178620e-03
   2.0693557e-01   8.5195731e-03
   2.0931043e-01   9.0091836e-03
   2.1232996e-01   7.0185355e-03
   2.1102898e-01   8.0224509e-03
   2.0606445e-01   6.5286461e-03
   2.0545258e-01   6.0089097e-03
   2.0306196e-01   7.5207243e-03
   2.0565169e-01   7.0171999e-03
   2.0845125e-01   6.0187234e-03
   2.0286577e-01   6.5116361e-03
   1.9958919e-01   5.5284353e-03
   2.0347497e-01   6.0282899e-03
   2.0715118e-01   7.0229342e-03
   2.0653416e-01   7.0025278e-03
   2.0196308e-01   8.5330678e-03
   1.9858610e-01   8.0023848e-03
   1.9750949e-01   4.5063760e-03
   2.0247767e-01   2.4996240e-03
   1.9840453e-01   4.9966465e-03
   2.0565932e-01   5.5135142e-03
   2.0305201e-01   9.0248691e-03
   1.9399144e-01   1.0038062e-02
   1.9343097e-01   7.5066264e-03
   1.9085949e-01   6.0070250e-03
   1.8977010e-01   2.0045735e-03
   1.9143511e-01   4.5184323e-03
   1.8995085e-01   5.0163112e-03
   1.8585436e-01   1.1029804e-02
   1.8475830e-01   9.5363438e-03
   1.8089164e-01   8.0339091e-03
   1.8588551e-01   6.0162567e-03
   1.8920755e-01   9.9937151e-04
   1.3167591e-01   3.0232594e-03
   1.2613466e-01   4.0207212e-03
   1.1876575e-01   3.5304803e-03
   1.1337402e-01   5.0353949e-03
   1.0714736e-01   3.5332025e-03
   1.0316953e-01   5.0436642e-03
   1.0725386e-01   3.5366909e-03
   1.0682833e-01   4.0260324e-03
   1.0435747e-01   4.0306407e-03
   8.7436640e-02   3.0198831e-03
   8.6065681e-02   3.0171104e-03
   8.2453830e-02   5.0443722e-03
   8.6065135e-02   3.5199621e-03
   8.7609388e-02   3.5301489e-03
   8.6494368e-02   1.0106751e-03
   7.8588806e-02   5.0452978e-03
   7.0721504e-02   2.0148249e-03
   7.2076947e-02   4.0334089e-03
   7.3147316e-02   3.5186198e-03
   6.6863673e-02   2.5189255e-03
   6.5513706e-02   1.0066277e-03
   5.9266571e-02   5.0492649e-04
   5.4005512e-02   2.0160652e-03
   5.2771346e-02   3.0272098e-03
   5.7746446e-02   5.0295907e-03
   6.1721038e-02   5.0388345e-04
   5.9031167e-02   3.5205577e-03
   5.1485048e-02   1.0091099e-03
   4.7670376e-02   2.5255572e-03
   4.3718320e-02   3.0249961e-03
   4.2307363e-02   2.0107698e-03
   4.9999781e-02   1.5077609e-03
   4.8814015e-02   1.5107930e-03
   3.2145824e-02   3.0257813e-03
   3.0828820e-02   4.5342982e-03
   3.6003516e-02  -2.5212884e-03
   3.0890847e-02   2.0192320e-03
   3.4717948e-02   1.5128137e-03
   2.6870066e-02   5.0186131e-04
   1.9268436e-02   3.0233833e-03
   1.6666537e-02   2.0116690e-03
   1.4144411e-02   0.0000000e+00
   8.9743197e-03   1.5088398e-03
   1.6683087e-02   1.0068273e-03
   8.9832138e-03   5.0344306e-04
   1.2845850e-03   0.0000000e+00
  -3.8423347e-03  -2.0098434e-03
  -7.7075061e-03   5.0394371e-04
  -1.0286437e-02   4.5399172e-03
  -7.7073744e-03   3.0236623e-03
  -6.4102564e-03   0.0000000e+00
  -1.7984155e-02   1.0078087e-03
  -2.3122530e-02   0.0000000e+00
  -2.6949444e-02  -2.0133878e-03
  -2.3122484e-02  -1.0077457e-03
  -2.3099603e-02  -1.5101269e-03
  -2.5717112e-02   0.0000000e+00
  -3.8497987e-02   4.5291101e-03
  -4.1066140e-02   0.0000000e+00
  -4.8766018e-02  -5.0310123e-04
  -5.0047798e-02  -4.0246591e-03
  -5.2460630e-02   0.0000000e+00
  -5.9032548e-02  -5.0293681e-04
  -6.9230635e-02   1.0044938e-03
  -6.9297896e-02  -3.0164477e-03
  -7.7150731e-02   2.0142601e-03
  -1.2679803e-01   0.0000000e+00
  -1.2564103e-01   0.0000000e+00
  -1.2142972e-01  -4.9930126e-03
  -1.1783045e-01  -3.0024699e-03
  -1.1806233e-01  -3.5097409e-03
  -1.1025593e-01  -1.5034780e-03
  -1.1549762e-01  -2.0059191e-03
  -1.1549762e-01   2.0059191e-03
  -1.1175889e-01   0.0000000e+00
  -1.1248423e-01  -3.9968645e-03
  -1.0245903e-01  -4.5081862e-03
  -1.0373659e-01  -6.0104482e-03
  -1.0128161e-01  -1.5043172e-03
  -8.4781946e-02  -2.0115370e-03
  -7.5714774e-02   2.5130167e-03
  -7.1793161e-02   3.5153532e-03
  -6.6600468e-02   2.0072198e-03
  -6.5384329e-02  -1.5069709e-03
  -6.9297457e-02  -3.5191890e-03
  -7.8127738e-02  -1.5046743e-03
  -7.1722885e-02  -3.0102003e-03
  -6.7948586e-02  -1.0045459e-03
  -6.1477803e-02  -5.0190214e-04
  -6.9504405e-02   2.0169213e-03
  -6.5320070e-02   1.0036599e-03
  -6.7814829e-02  -1.0025738e-03
  -6.2819016e-02  -3.5166065e-03
  -5.9090448e-02  -2.0137310e-03
  -5.3951621e-02  -3.0211147e-03
  -4.9950739e-02   0.0000000e+00
  -4.2224409e-02   0.0000000e+00
  -4.2348941e-02   2.5159408e-03
  -4.2349375e-02   1.0063763e-03
  -3.7179198e-02   2.0110120e-03
  -3.3398949e-02  -2.0151453e-03
  -3.9742024e-02  -4.5245133e-03
  -4.3632009e-02  -3.0190305e-03
  -3.9822057e-02  -1.0074326e-03
  -4.1146654e-02   3.0251912e-03
  -3.9821648e-02   2.5185815e-03
  -3.2082359e-02   3.0198110e-03
  -3.3431984e-02  -2.0171372e-03
  -2.8288477e-02  -2.5216582e-03
  -1.9228937e-02  -7.0406498e-03
  -1.9211813e-02  -5.0240819e-04
  -2.1815707e-02   4.0270736e-03
  -1.1538321e-02   2.5146938e-03
  -6.4229218e-03   5.0394642e-04
  -2.5691499e-03   2.0158063e-03
  -1.2833169e-03   0.0000000e+00
  -2.5640913e-03  -1.5088728e-03
  -2.5691687e-03  -5.0395159e-04
  -1.2871230e-03   1.5148507e-03
  -3.8574743e-03   3.5311417e-03
   8.9920905e-03   5.0394051e-04
   1.5399773e-02   1.0068395e-03
   1.5369391e-02  -1.5072838e-03
   5.1383173e-03   1.5118459e-03
   1.2871230e-02   1.5147772e-03
   2.1881092e-02   1.5146369e-03
   2.8260525e-02   2.5191676e-03
   3.5967747e-02   3.0225587e-03
   3.9861211e-02   2.0168563e-03
   4.2475060e-02  -1.5140435e-03
   4.7623179e-02   2.5230600e-03
   4.5003867e-02   3.5290431e-03
   1.2227699e-01   1.0054630e-03
   1.1572649e-01   1.5073921e-03
   1.1477717e-01   4.5359252e-03
   1.1759072e-01   4.0391744e-03
   1.2085334e-01   8.5388389e-03
   1.3088754e-01   6.5119879e-03
   1.2741950e-01   5.0254208e-03
   1.2767801e-01   1.5105890e-03
   1.2909575e-01   1.5119278e-03
   1.3128301e-01   4.0191602e-03
   1.3152173e-01   1.0067635e-02
   1.4014071e-01   8.0247123e-03
   1.4528114e-01   8.5225980e-03
   1.4458724e-01   1.5100533e-03
   1.4702026e-01   3.5192318e-03
   1.4084791e-01   5.0400843e-03
   1.4429420e-01   5.0236554e-03
   1.4686396e-01   7.0315758e-03
   1.5686510e-01   5.5089957e-03
   1.5475269e-01   5.5264526e-03
   1.6120960e-01   1.5063193e-03
   1.5635905e-01   3.0199831e-03
   1.7040505e-01   2.5107950e-03
   1.8237037e-01   7.0355721e-03
   2.1255290e-01   8.9788550e-03
   2.2307117e-01   9.9732288e-03
   2.2413382e-01   1.0460077e-02
   2.1707929e-01   6.5004374e-03
   2.2461864e-01   4.4915356e-03
   2.3857706e-01   5.4740461e-03
   2.4195352e-01   7.4463567e-03
   2.4007182e-01   9.9606098e-03
   2.4085167e-01   1.2921681e-02
   2.4994259e-01   3.9708767e-03
   2.5920119e-01   6.9465738e-03
   2.7520446e-01   8.9273385e-03
   2.8497441e-01   8.8958458e-03
   2.8003080e-01   1.3862523e-02
   2.8058764e-01   1.3888882e-02
   2.6764979e-01   1.4413849e-02
   2.6304851e-01   9.4220766e-03
   2.5458932e-01   4.4554183e-03
   2.4374412e-01   3.4810057e-03
   2.3190720e-01   3.4831655e-03
   2.1794337e-01   5.4888663e-03
   2.1920709e-01   9.4792311e-03
   2.1619090e-01   1.0460241e-02
   2.0563093e-01   1.0024571e-02
   2.0721543e-01   5.4852024e-03
   1.9919599e-01   4.5144705e-03
   1.9105653e-01   4.0085761e-03
   1.8182511e-01   7.5161093e-03
   1.8182233e-01   8.0171832e-03
   1.8128294e-01   7.9938479e-03
   1.8532873e-01   6.9985337e-03
   1.8423449e-01   4.5040496e-03
   1.8442016e-01   3.5065565e-03
   1.8810251e-01   3.5016883e-03
   1.8809373e-01   6.0028942e-03
   1.9304509e-01   7.9915551e-03
   1.9452460e-01   7.9981475e-03
   1.9029297e-01   1.1057408e-02
   1.7683965e-01   8.0293106e-03
   1.6346246e-01   3.0060317e-03
   1.3771137e-01   6.5278264e-03
