  -2.0529071e-01   4.7640842e-02
  -1.3332492e-01   1.1260136e-01
  -1.1279171e-01   1.0889418e-01
  -9.7880962e-02   1.1366814e-01
  -4.4163665e-02   1.0770295e-01
  -1.8731928e-02   9.8795622e-02
   4.2741638e-02   1.0204324e-01
   4.6155642e-02   9.7225668e-02
  -1.2966267e-03   1.0761462e-01
   3.8650460e-03   1.0581935e-01
  -5.2122816e-03   1.0272920e-01
   2.4788679e-02   8.4551857e-02
   4.2942190e-02   1.0090199e-01
   1.1477266e-01   8.7886862e-02
   1.4057061e-01   8.7872431e-02
   1.4694300e-01   7.7426866e-02
   1.3167951e-01   8.7978683e-02
   1.4195888e-01   7.9597839e-02
   1.1934042e-01   7.8084974e-02
   1.1779370e-01   7.7767701e-02
   1.2504199e-01   7.7769317e-02
   1.8578114e-01   6.2971010e-02
   2.3339384e-01   6.0163236e-02
   2.4765188e-01   5.7831772e-02
   2.6001079e-01   5.4826751e-02
   2.8002681e-01   3.2533774e-02
   3.0328711e-01   2.2304060e-02
   3.0688627e-01   1.5463998e-02
   2.9315230e-01   1.3026162e-02
   3.0578727e-01   5.4664084e-03
   3.2303815e-01  -3.4715737e-03
   3.3413234e-01  -2.4796439e-03
   3.6891954e-01  -1.9133351e-02
   3.9175488e-01  -2.7015701e-02
   4.3182792e-01  -3.4075855e-02
   4.3947643e-01  -3.7040878e-02
   4.3555253e-01  -3.7074871e-02
   4.2800266e-01  -2.4339763e-02
   4.3030040e-01  -3.7494732e-02
   4.3258707e-01  -2.8431664e-02
   4.5261939e-01  -1.7818945e-02
   4.7252703e-01  -1.7678372e-02
   5.0446351e-01  -1.5667918e-02
   5.0275190e-01  -1.0765791e-02
   4.9654003e-01  -1.6107623e-02
   4.8174798e-01  -4.8158812e-03
   4.7522635e-01  -4.8237482e-04
   4.6381535e-01   1.9310270e-03
   4.7131577e-01   1.4892262e-02
   4.4914161e-01   2.7070981e-02
   4.2803034e-01   3.9511794e-02
   4.1973176e-01   4.1115748e-02
   4.0804840e-01   4.3033364e-02
   4.3024051e-01   5.8117535e-02
   4.2066927e-01   6.6175925e-02
   4.1444072e-01   5.9837325e-02
   3.9708125e-01   7.9623967e-02
   3.8649191e-01   8.8403060e-02
   4.0995797e-01   9.6907067e-02
   3.8976464e-01   9.4199519e-02
   3.9998699e-01   9.7713008e-02
   4.0057092e-01   8.8669723e-02
   3.6797011e-01   9.6594309e-02
   3.6667571e-01   1.1870662e-01
   3.2262163e-01   1.1964051e-01
   2.5344622e-02   1.6682644e-01
  -2.5645017e-03   1.7318712e-01
  -3.8659365e-03   1.6468670e-01
  -3.8444119e-02   1.7062391e-01
  -4.5175339e-02   1.6899766e-01
  -7.1851498e-02   1.7183289e-01
  -1.0082685e-01   1.7171570e-01
  -1.3474748e-01   1.6008196e-01
  -1.4892086e-01   1.6282952e-01
  -1.7546021e-01   1.5921480e-01
  -1.8373071e-01   1.6130605e-01
  -1.7794899e-01   1.5456841e-01
  -1.9393550e-01   1.4161562e-01
  -2.2387410e-01   1.3730262e-01
  -2.3362242e-01   1.3483242e-01
  -2.2580425e-01   1.2858462e-01
  -2.3366078e-01   1.2741761e-01
  -2.3637449e-01   1.2763868e-01
  -2.3637673e-01   1.2544673e-01
  -2.2488876e-01   1.1216550e-01
  -2.3541105e-01   1.0731127e-01
  -2.3226377e-01   1.0281234e-01
  -2.4833269e-01   1.0551587e-01
  -2.3423345e-01   8.9749859e-02
  -2.5529288e-01   8.7580222e-02
  -2.4731859e-01   9.3228594e-02
  -2.3053950e-01   7.4389172e-02
  -2.2841908e-01   3.1360106e-02
  -2.2570688e-01   6.2859845e-02
  -2.0209387e-01   5.1983914e-02
  -2.2472790e-01   4.9059927e-02
  -2.0900106e-01   2.8403348e-02
  -2.1990603e-01   2.8050683e-02
  -2.2635716e-01   2.4124710e-02
  -2.4853629e-01   2.5150058e-02
  -2.5066687e-01   2.9119142e-02
  -2.3999513e-01   3.6820196e-02
  -1.9814187e-01   1.1630902e-02
  -1.8022940e-01  -1.7645397e-02
  -2.1322936e-01  -1.9765689e-02
  -2.0505160e-01  -2.6353380e-02
  -2.0168099e-01  -3.3801161e-02
  -1.9163605e-01  -2.7037612e-02
  -1.8121538e-01  -2.4342404e-02
  -1.9306552e-01  -6.6714754e-03
  -1.8769916e-01  -1.5918190e-02
  -1.5358281e-01  -4.9091601e-02
  -1.4960607e-01  -8.5679511e-02
  -1.9239397e-01  -9.7819313e-02
  -1.8740219e-01  -1.0021440e-01
  -1.8908847e-01  -1.1277245e-01
  -1.6218709e-01  -1.1370949e-01
  -1.5030259e-01  -1.1663956e-01
  -1.5332082e-01  -1.2342229e-01
  -1.3122574e-01  -1.3741788e-01
  -1.2158178e-01  -1.3361391e-01
  -7.5792187e-02  -1.4740037e-01
  -5.9971812e-02  -1.5394783e-01
  -3.2477532e-02  -1.6702015e-01
  -1.7606455e-02  -1.5690732e-01
   0.0000000e+00  -1.5305136e-01
   1.1287254e-02  -1.5083889e-01
   2.5758089e-01  -6.8700076e-02
   2.9890814e-01  -5.6220892e-02
   3.0774534e-01  -4.7397743e-02
   3.1512001e-01  -4.5231093e-02
   3.0681288e-01  -4.0347715e-02
   3.2451938e-01  -3.4946550e-02
   3.2979634e-01  -1.2943190e-02
   3.4725853e-01  -1.1789779e-02
   3.7800589e-01   1.2770626e-02
   3.6534959e-01   1.6041264e-02
   4.3112030e-01   8.1719573e-03
   4.1131601e-01   3.7698270e-02
   4.5028515e-01   4.6102390e-02
   4.2926408e-01   3.3508071e-02
   4.4267731e-01   4.9599596e-02
   4.3050454e-01   4.6203958e-02
   3.9834112e-01   5.2026847e-02
   4.2162956e-01   5.3870889e-02
   4.0170542e-01   5.7867257e-02
   4.3152582e-01   7.2668581e-02
   4.2773981e-01   6.1299466e-02
   4.2551034e-01   5.7928637e-02
   4.2586587e-01   6.6470427e-02
   4.0164926e-01   5.7551822e-02
   3.9751866e-01   7.1857859e-02
   3.7077726e-01   7.7443944e-02
   3.4269520e-01   9.1003704e-02
   3.3568968e-01   1.0202962e-01
   3.3634501e-01   9.2224675e-02
   3.5049719e-01   7.8227280e-02
   2.9090179e-01   1.1046816e-01
   2.9590649e-01   9.3565268e-02
   2.4602598e-01   9.7038734e-02
   2.2256055e-01   9.6081256e-02
   1.8190521e-01   1.1128822e-01
   1.5520214e-01   1.2008105e-01
   1.4833060e-01   1.1120753e-01
   8.2379861e-02   1.5921682e-01
   7.5771414e-02   1.4112315e-01
   3.0335028e-02   1.5321341e-01
   2.3939358e-02   1.5157971e-01
   0.0000000e+00   1.5811550e-01
  -6.2775187e-03   1.6173045e-01
  -3.4584389e-02   1.7745476e-01
  -4.7246581e-02   1.6101649e-01
  -7.5386531e-02   1.5647671e-01
  -1.0093406e-01   1.4078253e-01
  -1.1818574e-01   1.3954164e-01
  -1.5167635e-01   1.4306058e-01
  -1.6042439e-01   1.3972652e-01
  -1.5880550e-01   1.4215324e-01
  -1.6471244e-01   1.1284620e-01
  -1.6395209e-01   1.1000222e-01
  -1.6603628e-01   1.0567914e-01
  -1.9099430e-01   1.0470653e-01
  -1.8242877e-01   8.7427238e-02
  -1.9751528e-01   7.3266390e-02
  -2.2191591e-01   8.2298803e-02
  -2.1427061e-01   5.9796635e-02
  -2.0429046e-01   6.5925640e-02
  -1.9836532e-01   5.8459773e-02
  -1.9668874e-01   4.0855073e-02
  -1.7279819e-01   2.3442565e-02
  -1.8415149e-01   2.6091415e-02
  -2.7998206e-02  -5.7769683e-02
  -2.4231751e-02  -6.5567057e-02
  -4.0984506e-02  -6.8404766e-02
  -4.7916329e-02  -8.2283739e-02
  -4.5050013e-02  -9.1784165e-02
  -3.4914710e-02  -8.6940493e-02
  -1.1502284e-02  -7.9668447e-02
   1.2789219e-03  -8.3898263e-02
   8.9152640e-03  -9.3463864e-02
   1.2683500e-03  -9.6732822e-02
  -6.3804897e-03  -1.0957693e-01
  -2.8272549e-02  -9.9099549e-02
   7.0739637e-01  -1.0031968e-01
  -2.2038405e-01   5.2073964e-02
  -4.7728921e-02   1.1037758e-02
  -7.1366381e-01   4.5340097e-02
   2.7212307e-01  -1.3806087e-01
   2.6611873e-01  -1.8838001e-01
  -1.0834573e-01   2.1453128e-02
   2.0614730e-02  -1.8464636e-01
   2.4116598e-01  -2.1493694e-01
   7.6465297e-02  -2.0508074e-01
  -9.6054452e-02   5.0109693e-03
   2.9649791e-01  -1.4448511e-01
   1.9487567e-01  -1.9464513e-01
   1.4447327e-01  -1.0291767e-01
   4.8502566e-02   1.6020277e-02
   2.3995015e-01  -7.9906567e-02
   2.7455715e-01  -1.6962213e-01
   5.0832838e-02  -4.5275045e-02
   2.0400616e-01  -3.8679328e-02
   2.3850521e-01  -7.1637283e-02
   2.4805276e-01  -1.0947754e-01
   1.5584601e-01  -2.9354332e-02
   1.5159110e-01  -1.8074099e-02
   2.8484388e-01  -8.4199733e-02
   2.5192016e-01  -6.3140537e-02
   1.7491171e-01  -1.3606122e-02
   2.2225304e-01  -8.6922894e-03
   3.1275737e-01  -6.5882007e-02
   2.2730311e-01  -1.9151845e-02
   2.3150477e-01  -3.3114027e-02
   3.5304274e-01  -1.2110321e-02
   3.8582802e-01  -8.3815669e-02
   2.6950792e-01  -4.0415788e-02
   3.3617999e-01  -2.9860935e-02
   3.4172508e-01  -1.5783270e-02
   2.9908340e-01  -4.8576473e-02
   2.4263878e-01  -3.0567737e-02
   3.1026190e-01  -5.3345227e-02
   3.0444716e-01  -5.0705408e-02
   3.0789006e-01  -5.2169917e-02
   2.7632538e-01  -4.1788848e-03
   3.1146753e-01  -2.5996152e-02
   2.9143691e-01  -1.3189225e-02
   2.6696264e-01  -1.5185958e-02
   2.2709193e-01  -5.2551494e-04
   3.0501649e-01  -2.2285055e-02
   2.7347456e-01  -5.2774441e-02
   1.9236881e-01  -4.9653063e-02
   1.7388348e-01  -6.8215826e-02
   2.2414050e-01  -4.0635034e-02
   2.1602363e-01  -8.5823445e-02
  -1.6911786e-01  -8.1821640e-02
  -1.7324419e-01  -7.7456353e-02
  -2.0877358e-01  -9.1109132e-02
  -2.0645581e-01  -7.1296625e-02
  -1.5969358e-01  -8.0436435e-02
  -1.6324611e-01  -7.9381150e-02
  -1.8567363e-01  -7.5942165e-02
  -1.6424934e-01  -7.9473500e-02
  -1.1935475e-01  -9.9615249e-02
  -1.2937834e-01  -9.3983388e-02
  -1.1709137e-01  -8.3446202e-02
  -8.3427190e-02  -8.0601615e-02
  -5.7652562e-02  -8.3786718e-02
  -6.3029274e-02  -8.6637092e-02
  -5.7592039e-02  -9.6049985e-02
  -3.1291222e-02  -8.6617118e-02
  -1.3214521e-02  -8.6222222e-02
  -1.6083218e-02  -8.4194008e-02
   1.0538144e-02  -8.6482175e-02
   6.5063924e-02  -1.0082804e-01
   3.1536556e-02  -9.3794699e-02
   6.0142677e-02  -1.1227367e-01
   4.6141394e-02  -8.0584539e-02
   1.0021506e-01  -9.7437314e-02
   1.1609410e-01  -8.4653772e-02
   1.1382274e-01  -8.8212125e-02
   1.3288915e-01  -9.1432737e-02
   1.2378687e-01  -9.5844757e-02
   1.5165517e-01  -9.5897567e-02
   1.9557061e-01  -9.0317655e-02
   1.6375506e-01  -7.3077179e-02
   1.8898499e-01  -8.0422622e-02
   1.6009197e-01  -8.1758962e-02
   1.8604433e-01  -8.6082342e-02
   2.2091064e-01  -8.2501667e-02
   1.9891479e-01  -8.6364692e-02
   1.9873978e-01  -8.5665993e-02
   2.0070714e-01  -1.0631773e-01
   2.1391283e-01  -1.1049218e-01
   2.0329013e-01  -1.1435574e-01
   1.9098394e-01  -1.1525550e-01
   2.1487781e-01  -1.1152183e-01
   2.0330500e-01  -1.0702212e-01
   1.9175973e-01  -1.1652083e-01
   1.8737563e-01  -1.3216100e-01
   1.9449133e-01  -1.4699685e-01
   1.6316001e-01  -1.3714167e-01
   1.5541861e-01  -1.4314187e-01
   1.5885990e-01  -1.4701085e-01
   1.7910850e-01  -1.4416940e-01
   1.7473118e-01  -1.4745922e-01
   1.5157533e-01  -1.4241264e-01
   1.5423076e-01  -1.5386162e-01
   1.6423279e-01  -1.6297181e-01
   1.6254907e-01  -1.6499465e-01
   1.3615036e-01  -1.5527819e-01
   1.1722774e-01  -1.6115221e-01
   1.0858643e-01  -1.5644631e-01
   8.0224903e-02  -1.4853014e-01
   7.7908404e-02  -1.5254736e-01
   7.1888608e-02  -1.4760404e-01
   7.3928604e-02  -1.4479303e-01
   5.7604276e-02  -1.4050538e-01
  -1.2273878e-01  -7.1057132e-02
  -1.3280734e-01  -7.3938998e-02
  -1.7778682e-01  -6.9220939e-02
  -1.8783595e-01  -8.1607459e-02
  -2.0106773e-01  -7.9936700e-02
  -2.2213115e-01  -7.6519775e-02
  -2.6321200e-01  -7.2120114e-02
  -2.6911201e-01  -7.9115140e-02
  -3.0306446e-01  -7.5241952e-02
  -3.0943605e-01  -7.0398244e-02
  -3.2009324e-01  -7.0484324e-02
  -3.4158417e-01  -6.5593333e-02
  -3.4361508e-01  -7.1409998e-02
  -3.5452572e-01  -6.8715723e-02
  -3.2856299e-01  -6.0383427e-02
  -3.3622972e-01  -5.4392871e-02
  -3.2785346e-01  -6.4887675e-02
  -3.3169751e-01  -5.3540894e-02
  -3.7012043e-01  -4.6915163e-02
  -3.8327461e-01  -4.4275658e-02
  -3.6508031e-01  -4.3809245e-02
  -3.5270478e-01  -6.2050680e-02
  -3.6741008e-01  -5.0457219e-02
  -3.4275525e-01  -4.4001755e-02
  -3.2461766e-01  -3.2685759e-02
  -2.8219921e-01  -1.7959566e-02
  -2.7398646e-01  -8.4751017e-03
  -2.7808247e-01   6.9472808e-03
  -2.4358974e-01   0.0000000e+00
  -2.2437285e-01  -2.3954857e-02
  -2.7687029e-01  -2.6595006e-02
  -2.7819650e-01  -1.3031389e-02
  -2.4251538e-01  -5.0285858e-03
  -2.2407043e-01   7.0929699e-03
  -1.8466332e-01   1.7814895e-02
  -1.9788380e-01   1.4844094e-02
  -1.9961849e-01   2.6692389e-02
  -1.9513557e-01   1.2879116e-02
  -2.0098204e-01   2.4635348e-02
  -1.8390914e-01   1.7870375e-02
  -1.5381455e-01   2.5933093e-02
  -1.4029614e-01   3.5887645e-02
  -1.4510828e-01   3.6425594e-02
  -1.1967314e-01   2.9659004e-02
  -1.1709657e-01   5.1670645e-02
  -1.3003219e-01   5.9277218e-02
  -8.3831634e-02   5.0741019e-02
  -5.5152322e-02   4.8479287e-02
  -6.1765681e-02   6.5583475e-02
  -7.3684049e-02   8.7856811e-02
  -6.1985769e-02   9.0983146e-02
  -3.4536389e-02   8.3359633e-02
  -7.6311259e-03   7.9275829e-02
   1.2758029e-02   8.8382070e-02
   2.3019357e-02   9.5960401e-02
   3.1881075e-02   1.0094846e-01
   5.0784519e-02   9.9384000e-02
   8.2064211e-02   9.5554092e-02
   1.1647425e-01   8.4233781e-02
   1.1929630e-01   1.0530128e-01
   1.4127286e-01   9.7806328e-02
   1.9036159e-01   1.0387522e-01
   1.8242313e-01   9.6334646e-02
   1.8903142e-01   1.0229270e-01
   2.1723271e-01   8.1662859e-02
   3.9645366e-01   5.7221932e-03
   3.9140860e-01   1.9283128e-03
   3.4508074e-01   6.3952538e-03
   3.3990645e-01   4.4318400e-03
   3.2854071e-01  -1.0498885e-02
   3.3795905e-01  -4.5469063e-03
   3.3998229e-01   1.0670819e-02
   3.5560837e-01  -6.0482547e-03
   3.2797063e-01   5.0511145e-03
   3.0101685e-01   3.5634990e-03
   2.9121430e-01  -9.2064930e-03
   2.9820905e-01  -2.4059548e-02
   2.9611839e-01  -2.8617105e-02
   2.5847887e-01  -2.9990119e-02
   2.3628859e-01  -2.0396971e-02
   2.1520460e-01  -2.8838585e-02
   1.9760375e-01  -3.7384916e-02
   1.7450813e-01  -4.5239137e-02
   1.3951993e-01  -5.6865608e-02
   1.3293733e-01  -6.0606325e-02
   9.5890241e-02  -6.3704060e-02
   7.4047593e-02  -7.5087767e-02
   4.9216445e-02  -7.8601626e-02
   1.9483359e-02  -7.5718582e-02
  -1.2920857e-02  -8.6366580e-02
  -2.1779457e-02  -9.9322883e-02
  -3.8187882e-02  -9.4947663e-02
  -5.6593396e-02  -9.2682176e-02
  -7.6331555e-02  -9.0074613e-02
  -9.8765981e-02  -9.8110276e-02
  -1.3997710e-01  -8.7547206e-02
  -1.6363153e-01  -7.0227025e-02
  -1.7307993e-01  -5.4847596e-02
  -1.7899802e-01  -5.5083185e-02
  -2.0481796e-01  -4.4040053e-02
  -2.0329900e-01  -4.3270819e-02
  -2.3284063e-01  -3.2673145e-02
  -2.2588298e-01  -2.6522329e-02
  -2.1579716e-01  -7.3698328e-03
  -2.0769231e-01   0.0000000e+00
  -2.0523725e-01   8.0041170e-03
  -2.0695042e-01   6.0138163e-03
  -2.1817300e-01   4.5221675e-03
  -2.0508832e-01   9.9362360e-03
  -1.9558366e-01   1.2483189e-02
  -1.8918150e-01   2.4008193e-02
  -1.6533244e-01   4.1032313e-02
  -1.6465775e-01   4.2705049e-02
  -1.5400416e-01   4.2497951e-02
  -1.5417385e-01   4.7651109e-02
  -1.3302360e-01   4.8606147e-02
  -1.3193116e-01   6.0496479e-02
  -1.1767504e-01   6.5714800e-02
  -8.4501141e-02   6.0474808e-02
  -7.3027139e-02   6.0176532e-02
  -6.4283972e-02   6.4772071e-02
  -7.7663529e-02   6.7599518e-02
  -8.2668883e-02   6.7895044e-02
  -6.7883496e-02   7.9188285e-02
  -5.4606307e-02   8.2600021e-02
  -2.0754752e-02   8.3527998e-02
   7.8035436e-03   8.4826016e-02
   2.2270940e-02   8.7594130e-02
   3.6735831e-02   9.5258388e-02
   2.8405100e-01   1.0036376e-01
   2.7427737e-01   1.0653648e-01
   2.8133264e-01   9.3419762e-02
   2.9138670e-01   8.3388634e-02
   2.8779948e-01   7.8736124e-02
   3.0034506e-01   7.0234608e-02
   3.2018604e-01   6.2429408e-02
   3.5629406e-01   5.7866644e-02
   3.6565830e-01   6.1333467e-02
   3.7935988e-01   5.8388721e-02
   3.8586206e-01   5.9505738e-02
   3.9079898e-01   6.2773260e-02
   4.1642220e-01   5.4741096e-02
   4.4080035e-01   5.0862460e-02
   4.5673019e-01   4.2646704e-02
   4.7866781e-01   4.5974894e-02
   4.8255345e-01   3.5301630e-02
   5.0028753e-01   1.3452678e-02
   5.2496038e-01   1.8044181e-02
   5.1887388e-01   1.7661953e-02
   5.3779992e-01   1.9090478e-02
   5.9228051e-01   1.1802556e-02
   5.4405595e-01   2.0594385e-02
   5.4549800e-01  -1.4265178e-03
   4.9046688e-01   1.8013961e-02
   4.7344250e-01   2.4374832e-03
   4.5554115e-01   1.3653449e-02
   4.5777119e-01   1.4162133e-02
   4.6680143e-01   5.8594837e-03
   4.7130839e-01  -1.4245594e-02
   4.1402357e-01   1.3484268e-02
   4.0394056e-01  -1.8614637e-02
   3.7836643e-01  -1.5222667e-02
   3.8445154e-01  -1.8789435e-02
   3.4233171e-01  -2.2181636e-02
   3.1871992e-01  -1.7505866e-02
   2.8717569e-01  -1.1771544e-02
   2.8329163e-01  -2.7057816e-02
   2.4123083e-01  -3.6186356e-03
   2.1946274e-01  -1.5536903e-02
   2.2592626e-01  -4.0708913e-02
   2.0360843e-01  -4.1127946e-02
   1.7461084e-01  -3.3764273e-02
   1.5509475e-01  -3.2836075e-02
   1.4638911e-01  -3.6782436e-02
   1.2819042e-01  -3.8410023e-02
   1.1110691e-01  -3.6368751e-02
   1.0159647e-01  -4.6035544e-02
   9.3942907e-02  -4.7687058e-02
   7.8946964e-02  -3.9794261e-02
   6.5742985e-02  -3.7710166e-02
   6.2156792e-02  -5.1566255e-02
   5.6683043e-02  -5.2457276e-02
   5.3473267e-02  -5.5018524e-02
   3.7699529e-02  -5.1234525e-02
   5.4004455e-02  -6.0395385e-02
   4.5158938e-02  -6.6835870e-02
   3.5257797e-02  -6.7148132e-02
   1.9773937e-02  -6.9940580e-02
   1.8549761e-02  -8.7539947e-02
   0.0000000e+00  -8.1304348e-02
  -2.5143391e-02  -7.8244548e-02
  -2.7513200e-02  -7.7444031e-02
   1.8092846e-02  -6.4382443e-02
   4.1161335e-02  -6.7151393e-02
   7.8700843e-02  -4.6418869e-02
   9.7077815e-02  -5.1063289e-02
   9.9125418e-02  -4.4040384e-02
   1.0540356e-01  -5.1138337e-02
   1.3780434e-01  -4.5316375e-02
   1.7612602e-01  -5.4684961e-02
   1.8637727e-01  -4.7784998e-02
   2.1223973e-01  -4.6864078e-02
   2.3093858e-01  -4.3747604e-02
   2.5532149e-01  -4.9373200e-02
   2.5005163e-01  -2.8587429e-02
   2.6070606e-01  -1.3307024e-02
   2.7937539e-01  -1.6414948e-02
   3.0735903e-01  -3.2066156e-02
   3.2036700e-01  -2.0440081e-02
   3.4274035e-01  -2.2368135e-02
   3.5995740e-01  -7.5615740e-03
   4.0548352e-01  -4.9629378e-03
   4.2193790e-01   1.9619358e-03
   4.2635729e-01   9.7505607e-04
   4.1586586e-01   1.4528336e-02
   4.3330226e-01   5.7943531e-03
   4.3741009e-01   1.6417260e-02
   4.3312977e-01   1.4835493e-02
   4.5301135e-01   1.9926306e-02
   4.7464196e-01   2.2652436e-02
   4.7406572e-01   3.4931086e-02
   4.7036449e-01   3.7281837e-02
   4.8094374e-01   3.4526345e-02
   4.7466932e-01   3.7347043e-02
   4.6671728e-01   5.6202629e-02
   4.7646171e-01   6.1465664e-02
   4.6119237e-01   5.3156148e-02
   4.5869628e-01   5.1598803e-02
   4.4580736e-01   6.7815093e-02
   4.4107839e-01   6.9269188e-02
   4.5384114e-01   7.6363411e-02
   4.6784110e-01   7.7008218e-02
   4.0644322e-01   8.6192250e-02
   3.7096580e-01   7.7810998e-02
   3.5005616e-01   8.9933818e-02
   3.6587763e-01   7.8097303e-02
   3.3701516e-01   8.8941503e-02
   3.2822125e-01   8.6944339e-02
   3.0648353e-01   8.8838520e-02
   2.7698020e-01   8.3420548e-02
   2.2824024e-01   9.3239355e-02
   2.2144400e-01   1.0975947e-01
   1.7154559e-01   1.1682544e-01
   1.6795048e-01   1.1544336e-01
   1.1751180e-01   1.3417095e-01
   8.8246505e-02   1.4408969e-01
   7.9731120e-02   1.3938002e-01
   7.3022471e-02   1.3885576e-01
   1.0116655e-02   1.4659438e-01
  -1.6388469e-02   1.5619332e-01
  -4.6261079e-02   1.2678297e-01
  -8.7200005e-02   1.6301873e-01
  -5.8110037e-02   1.2596263e-01
  -1.0712405e-01   1.5360605e-01
  -2.2548295e-01   6.3255056e-02
  -2.2492264e-01   7.2664899e-02
  -2.0252520e-01   5.7552236e-02
  -1.7343399e-01   5.6279808e-02
  -1.5733628e-01   5.5314758e-02
  -1.4325498e-01   4.6130039e-02
  -1.1984881e-01   3.2996540e-02
  -1.1144176e-01   1.6920718e-02
  -1.2129792e-01  -1.0300088e-03
  -1.2512433e-01   3.0860419e-03
  -1.0321366e-01  -1.5013813e-02
  -1.0074869e-01  -2.9604494e-02
  -1.1104605e-01  -2.6907846e-02
  -9.3413158e-02  -4.0281278e-02
  -9.1512986e-02  -4.1136024e-02
  -1.0820514e-01  -5.2502461e-02
  -9.0349875e-02  -8.5742360e-02
  -8.0111105e-02  -9.5208764e-02
  -6.1850818e-02  -9.8204375e-02
  -6.7300662e-02  -9.0308253e-02
  -3.2795290e-02  -9.8508086e-02
  -1.1686283e-02  -1.0126866e-01
   2.5593527e-03  -1.0240943e-01
   2.7862330e-02  -1.0339476e-01
   2.8990731e-02  -1.1984903e-01
   4.3337478e-02  -1.1474710e-01
   7.3556250e-02  -1.1937773e-01
   9.0959178e-02  -1.1664899e-01
   1.1635012e-01  -1.2086956e-01
   1.2373382e-01  -1.3300231e-01
   1.3792780e-01  -1.3673929e-01
   1.6700645e-01  -1.3548694e-01
   1.8720718e-01  -1.2988913e-01
   2.0876441e-01  -1.3775261e-01
   2.1158226e-01  -1.3498875e-01
   2.2125943e-01  -1.3289575e-01
   2.4408624e-01  -1.3790354e-01
   2.6095466e-01  -1.3470556e-01
   2.6367870e-01  -1.1935487e-01
   2.5888310e-01  -1.1223986e-01
   2.8462080e-01  -1.1058614e-01
   3.0238864e-01  -1.0743832e-01
   3.2142491e-01  -1.0759083e-01
   3.3717824e-01  -9.5323105e-02
   3.4949170e-01  -8.0934830e-02
   3.7098922e-01  -8.1406782e-02
   3.7003630e-01  -7.2499135e-02
   3.7043841e-01  -5.6945612e-02
   4.0822405e-01  -6.6029353e-02
   4.2239015e-01  -5.3970433e-02
   4.1948190e-01  -4.1009280e-02
   4.2409166e-01  -2.3039026e-02
   4.3545373e-01  -3.1584595e-02
   4.0973731e-01  -1.4119526e-02
   4.0269298e-01  -1.0159110e-02
   4.1291263e-01  -1.4962785e-02
   4.0842097e-01  -1.9288506e-03
   4.1175217e-01   9.6851642e-04
