   9.5059103e-02  -1.0052213e-03
   6.5449129e-02  -5.0281825e-04
   7.1936759e-02   0.0000000e+00
   8.2132120e-02  -1.0049066e-03
   7.5714368e-02   3.0156200e-03
   7.6991660e-02   7.0360401e-03
   8.2122037e-02   8.0392528e-03
   8.5981561e-02   2.0094300e-03
   8.8548865e-02   0.0000000e+00
   8.7093216e-02   1.5040177e-03
   9.0756427e-02   2.0010292e-03
   8.8545370e-02   4.5206210e-03
   1.0543598e-01   4.5251993e-03
   1.1688439e-01   7.5289113e-03
   1.2691691e-01   5.0057842e-03
   1.2539072e-01   3.4975468e-03
   1.2447955e-01   3.0069764e-03
   1.1654895e-01   3.5031902e-03
   1.1025207e-01   4.5104341e-03
   1.1186282e-01   5.5285293e-03
   1.1058336e-01   1.0052716e-03
   1.1036477e-01   1.5049516e-03
   1.0256006e-01   4.5126047e-03
   8.9905105e-02   9.5522747e-03
   8.1965630e-02   5.5161389e-03
   7.3146781e-02   4.0212797e-03
   6.4292779e-02   0.0000000e+00
   6.2820238e-02  -1.5071171e-03
   5.9032577e-02   0.0000000e+00
   5.5182518e-02   1.0060042e-03
   6.3975262e-02   3.0081705e-03
   5.0095855e-02   5.5393664e-03
   5.2717500e-02   5.0403673e-03
   5.5128178e-02   5.0250695e-04
   5.8916256e-02   0.0000000e+00
   6.5449161e-02   0.0000000e+00
   7.0581569e-02   2.5135733e-03
   8.2117837e-02   9.5466127e-03
   8.8620746e-02   9.5529199e-03
   9.2384232e-02   9.0393877e-03
   9.7724260e-02   2.0121269e-03
   9.6152677e-02  -2.5079421e-03
   9.4871380e-02   1.5048737e-03
   9.3864519e-02   4.0251291e-03
   9.9990470e-02   7.0206795e-03
   1.0522783e-01   4.5163233e-03
   9.8804568e-02   7.5301039e-03
   9.7430165e-02   5.5170697e-03
   9.7628411e-02   5.0253745e-04
   1.0128161e-01  -1.5043172e-03
   1.0000000e-01   0.0000000e+00
   8.7084087e-02   7.5200884e-03
   8.4691940e-02   6.5310689e-03
   8.0924903e-02   5.0297888e-03
   6.6663425e-02   5.0229853e-03
   6.2943896e-02   2.5168144e-03
   4.9999903e-02   1.0051740e-03
   4.8814015e-02  -1.5107930e-03
   5.2615890e-02  -1.0060865e-03
   5.3899073e-02   1.5090688e-03
   7.0579643e-02   4.5244320e-03
   8.2207660e-02   6.0353738e-03
   9.7433576e-02   3.5108625e-03
   9.2397195e-02   3.0131292e-03
   8.4950120e-02   1.5116275e-03
   8.5981854e-02   1.5070725e-03
   8.4782609e-02   0.0000000e+00
   8.0925654e-02   4.5268099e-03
   7.5859209e-02   6.5467250e-03
   7.4426251e-02   6.5342146e-03
   8.1007476e-02   3.0208468e-03
   7.8204786e-02   1.5061528e-03
   6.6798289e-02   1.0065772e-03
   5.6519973e-02   4.0278153e-03
   5.5237154e-02   0.0000000e+00
   4.4871009e-02   3.0159554e-03
   4.4871446e-02   2.0106369e-03
   4.4916003e-02   1.0063097e-03
   4.1066120e-02  -5.0320408e-04
   3.4615385e-02   0.0000000e+00
   3.5967519e-02   3.5263185e-03
   5.0049334e-02   5.0308238e-04
   5.2563464e-02   2.5127397e-03
   5.3843536e-02   5.0252769e-03
   5.9031857e-02   2.5146841e-03
   6.5513802e-02   5.0331385e-04
   6.0254037e-02   4.5217725e-03
   6.1596209e-02   5.0289084e-03
   6.1596779e-02   4.5260176e-03
   7.0374016e-02   0.0000000e+00
   7.4505347e-02  -2.0125077e-03
   6.9159843e-02   4.5157812e-03
   7.0717076e-02   6.0444747e-03
   7.3144750e-02   5.5292596e-03
   7.4356046e-02   4.5192403e-03
   8.2213399e-02   5.0294782e-04
   8.2048729e-02   4.0156780e-03
   8.0769074e-02   1.0039813e-03
   7.8281376e-02   2.5127238e-03
   8.9655172e-02   0.0000000e+00
   8.8454269e-02   6.5233759e-03
   9.3660047e-02   1.1047364e-02
   1.0235978e-01   3.5029372e-03
   1.0886678e-01   1.0014207e-03
   9.8717517e-02   1.5045441e-03
   8.9913530e-02   6.5357669e-03
   9.4868058e-02   4.5146211e-03
   9.7435850e-02  -5.0155179e-04
   9.7626123e-02   3.5177621e-03
   9.8813041e-02   3.5140485e-03
   9.2391208e-02   6.5284467e-03
   8.1247441e-02   4.0397366e-03
   7.1792044e-02   4.5197399e-03
   6.6930398e-02   1.5128477e-03
   6.5512683e-02   3.0198831e-03
   6.7948718e-02   0.0000000e+00
   5.7635468e-02   0.0000000e+00
   5.6410256e-02   0.0000000e+00
   5.3898022e-02   3.5211604e-03
   4.8665959e-02   6.5274468e-03
   5.6408035e-02   4.5223716e-03
   5.9032461e-02  -1.0058736e-03
   5.7692308e-02   0.0000000e+00
   5.9032577e-02   0.0000000e+00
   6.4228465e-02   2.5166930e-03
   6.5576037e-02   4.5342938e-03
   6.5574754e-02   5.5419146e-03
   6.2753474e-02   6.5244214e-03
   1.0158180e-01   2.0116719e-03
   9.9997617e-02   3.5103398e-03
   1.0256091e-01   4.0112041e-03
   1.0353377e-01   5.4988109e-03
   1.0118050e-01   3.0056880e-03
   1.0107871e-01   4.5041211e-03
   9.6248016e-02   2.0083235e-03
   8.7438009e-02   1.0066277e-03
   7.9800572e-02   3.0240107e-03
   7.6922142e-02   2.5104019e-03
   7.0581190e-02   3.0162880e-03
   7.4431799e-02   2.0105276e-03
   7.0651312e-02   2.5160498e-03
   7.4430602e-02   3.5184232e-03
   7.8048762e-02   4.0085297e-03
   7.7301187e-02   4.5410369e-03
   8.1006366e-02   4.0277957e-03
   8.7351779e-02   0.0000000e+00
   7.8202694e-02   4.0164076e-03
   7.4283948e-02   3.5115130e-03
   7.4505020e-02   2.5156347e-03
   6.9298808e-02   1.5082239e-03
   7.6922740e-02   1.5062412e-03
   8.5811309e-02   3.0082316e-03
   8.2044540e-02   6.5254768e-03
   7.0369892e-02   5.5135807e-03
   5.6464182e-02   4.0238467e-03
   4.8668793e-02   3.5147790e-03
   4.7481892e-02  -3.0187176e-03
   4.2265989e-02  -5.0219770e-04
   3.9822115e-02   5.0371629e-04
   3.3366093e-02   1.5098680e-03
   3.4648729e-02   3.5229344e-03
   3.0737708e-02   4.5209038e-03
   3.5896807e-02   3.0166016e-03
   3.7252964e-02   0.0000000e+00
   4.3502905e-02  -3.5118137e-03
   3.5897279e-02   1.5083008e-03
   3.8536345e-02   4.0298503e-03
   4.1023227e-02   5.5297915e-03
   3.8383577e-02   5.5192480e-03
   5.1180879e-02   1.5047398e-03
   5.5182626e-02   0.0000000e+00
   6.0375494e-02   0.0000000e+00
   6.3976254e-02   1.0027235e-03
   6.9501544e-02   5.0423033e-03
   8.2205573e-02   7.0412695e-03
   9.3308210e-02   5.5020682e-03
   1.0661426e-01   5.5249274e-03
   1.0235903e-01   4.0033568e-03
   9.6245765e-02   4.0166470e-03
   9.6151555e-02   3.5111189e-03
   8.5895932e-02   3.0111854e-03
   7.4426251e-02   6.5342146e-03
   7.6998413e-02   2.0102972e-03
   6.9572605e-02   3.0283718e-03
   6.2882037e-02   2.0114685e-03
   6.0375022e-02   2.0136398e-03
   5.2562467e-02   4.0203835e-03
   4.6153285e-02   2.5132095e-03
   3.9821182e-02   3.5260141e-03
   3.0738782e-02   1.5069679e-03
   2.9487179e-02   0.0000000e+00
   2.9545397e-02  -1.0076449e-03
   3.3399144e-02  -1.0075727e-03
   4.2347786e-02   4.5286934e-03
   8.6148110e-02   5.0334694e-03
   9.1025597e-02   5.0173015e-04
   8.8373312e-02   2.5065302e-03
   8.7177410e-02   3.5128200e-03
   9.2304820e-02   4.0135635e-03
   8.9918139e-02   4.0220104e-03
   8.9737306e-02   6.0211727e-03
   8.8459990e-02   3.0107889e-03
   8.2050285e-02   2.5097988e-03
   7.9565647e-02   0.0000000e+00
   7.6922142e-02   2.5104019e-03
   7.5564705e-02   3.5113142e-03
   7.5789589e-02   2.5154915e-03
   7.8203759e-02   3.0123057e-03
   8.0847979e-02   2.5124214e-03
   8.8461151e-02   1.5053944e-03
   8.4614356e-02   2.5094827e-03
   7.4501528e-02   5.5343963e-03
   7.6768642e-02   4.5098593e-03
   8.0768249e-02   2.5099532e-03
   7.8279889e-02   4.0203581e-03
   7.8203759e-02   3.0123057e-03
   8.0767817e-02   3.0119438e-03
   7.5640106e-02   2.5105467e-03
   6.6663425e-02   5.0229853e-03
   6.6662744e-02   5.5252838e-03
   7.6923077e-02   0.0000000e+00
   7.5715696e-02   0.0000000e+00
   7.0510043e-02   4.5199831e-03
   7.0372346e-02   3.5086423e-03
   6.8080312e-02   4.5293659e-03
   6.4101442e-02   3.0140894e-03
   6.7881477e-02   1.5053383e-03
   6.0314835e-02   3.0174844e-03
   5.6297004e-02   4.5134860e-03
   5.3792999e-02   1.0040669e-03
   4.4826803e-02   3.0129875e-03
   4.9901357e-02   1.5047973e-03
   5.3845735e-02   2.0101108e-03
   5.4005829e-02   1.0080326e-03
   4.7670376e-02   2.5255572e-03
   5.2563464e-02   2.5127397e-03
   5.8974359e-02   0.0000000e+00
   5.9089496e-02   3.5240293e-03
   5.9089496e-02   3.5240293e-03
   5.7748556e-02   2.5147953e-03
   6.2882527e-02   0.0000000e+00
   6.2882037e-02   2.0114685e-03
   7.6921244e-02   3.5145627e-03
   7.4353768e-02   6.0256538e-03
   7.3073370e-02   5.0216581e-03
   7.4358396e-02   2.0085513e-03
   7.5715696e-02   0.0000000e+00
   7.8202694e-02   4.0164076e-03
   8.1888336e-02   3.0058533e-03
   8.0928222e-02   2.0119155e-03
   8.1970284e-02   1.0029343e-03
   8.4781119e-02   3.0173055e-03
   8.7176774e-02   4.0146514e-03
   8.8457237e-02   5.0179815e-03
   9.2396609e-02   3.5153174e-03
   8.5811767e-02   2.5068596e-03
   8.1969449e-02   2.5073358e-03
   8.5897436e-02   0.0000000e+00
   7.9407480e-02   3.0091696e-03
   7.4281352e-02   5.5180918e-03
   7.4356046e-02   4.5192403e-03
   8.3579591e-02   2.5170583e-03
   9.1376062e-02   7.5556118e-03
   9.7712789e-02   8.0485076e-03
   8.7177410e-02   3.5128200e-03
   7.9487025e-02   1.0040421e-03
   7.3221308e-02  -5.0315510e-04
   6.5255779e-02  -1.0026746e-03
   6.8083004e-02   0.0000000e+00
   7.5564155e-02   4.0129306e-03
   7.0505107e-02   7.5333052e-03
   6.7872254e-02   8.5302506e-03
   6.8014966e-02   2.5138371e-03
   7.1723999e-02  -1.0034001e-03
   7.3221308e-02  -5.0315510e-04
   6.4164312e-02   3.5199005e-03
   6.9296951e-02   4.0219303e-03
   7.6998675e-02   1.5077229e-03
   8.4528697e-02   4.5126374e-03
   8.8544551e-02   5.0229122e-03
   8.3738223e-02   7.0616755e-03
   8.0928222e-02   2.0119155e-03
   7.5641026e-02   0.0000000e+00
   7.0651863e-02   1.5096299e-03
   6.5511787e-02   4.0265108e-03
   6.6665500e-02   3.0137912e-03
   6.8082871e-02  -1.0065257e-03
   6.5384488e-02   1.0046472e-03
   6.5448364e-02   2.5140912e-03
   7.1864485e-02   3.0161253e-03
   7.6993611e-02   6.0308915e-03
   7.4431799e-02   2.0105276e-03
   7.5564705e-02   3.5113142e-03
   7.8436232e-02   2.5176766e-03
   7.5789182e-02   3.0185898e-03
   6.9365422e-02   4.0258933e-03
   7.3075182e-02   3.5151607e-03
   7.1865430e-02   1.5080627e-03
   6.9230635e-02   1.0044938e-03
   6.4229124e-02   1.0066772e-03
   6.7948586e-02   1.0045459e-03
   6.8015264e-02   2.0110697e-03
   7.0580743e-02   3.5190026e-03
   7.4280523e-02   6.0197365e-03
   7.3074649e-02   4.0173265e-03
   6.7811676e-02   5.0128691e-03
   6.7881773e-02   0.0000000e+00
   6.4356436e-02   0.0000000e+00
   6.2943896e-02   2.5168144e-03
   7.8281376e-02   2.5127238e-03
   8.5980178e-02   3.5165025e-03
   8.4442929e-02   6.0109526e-03
   7.6910960e-02   9.0374470e-03
   8.0848609e-02   1.5074528e-03
   7.6771654e-02   0.0000000e+00
   7.3221022e-02   1.5094653e-03
   7.0510626e-02   4.0177628e-03
   7.5714774e-02   2.5130167e-03
   6.9159843e-02   4.5157812e-03
   6.1596779e-02   4.5260176e-03
   6.0136368e-02   3.5100259e-03
   6.4039129e-02   1.5055635e-03
   6.9230736e-02   5.0224689e-04
   7.6922740e-02  -1.5062412e-03
   7.5635729e-02   6.0253121e-03
   7.1785936e-02   8.0350931e-03
   7.6764366e-02   7.0153367e-03
   8.4697428e-02   3.0143395e-03
   8.3245414e-02   6.0172308e-03
   8.8365979e-02   7.0182846e-03
   8.3321624e-02   8.5327826e-03
   9.2398770e-02   5.0218820e-04
   9.5151638e-02  -3.0186309e-03
   9.3589562e-02  -1.0033205e-03
   9.6244077e-02   5.0208087e-03
   9.3578095e-02   8.0265639e-03
   9.0823188e-02   1.1517188e-02
   9.3580825e-02   7.0232434e-03
   8.5728305e-02   5.0088059e-04
   8.0769191e-02  -5.0199063e-04
   7.8128079e-02   0.0000000e+00
   7.8358727e-02   2.5151978e-03
   7.0507026e-02   6.5288645e-03
   6.8074496e-02   8.0522060e-03
   6.2818558e-02   4.0189789e-03
   7.4358938e-02  -5.0213782e-04
   6.8015496e-02  -1.5083023e-03
   6.5384615e-02   0.0000000e+00
   6.8015662e-02   1.0055348e-03
   6.9227403e-02   5.0224689e-03
   7.5709462e-02   6.5338433e-03
   7.4352864e-02   6.5277916e-03
   7.2006645e-02   3.0220737e-03
   6.9504644e-02  -1.5126910e-03
   6.7948718e-02   0.0000000e+00
   6.2882497e-02   5.0286713e-04
   6.0314835e-02   3.0174844e-03
   5.6409818e-02   2.0099429e-03
   6.0315423e-02   2.0116563e-03
   6.2944541e-02  -1.0067257e-03
   6.0197044e-02   0.0000000e+00
   7.0443213e-02   1.0034540e-03
   6.5316361e-02   5.5201297e-03
   6.4158811e-02   7.5426440e-03
   6.6862888e-02   3.5264957e-03
   7.0443213e-02   1.0034540e-03
   6.9436066e-02   1.0074660e-03
   6.7881740e-02   5.0177945e-04
   6.8014602e-02   3.0166045e-03
   6.7880159e-02   3.5124561e-03
   6.8078982e-02   5.5358916e-03
   6.5574754e-02   5.5419146e-03
   7.0720362e-02   3.5259436e-03
   7.4432343e-02  -5.0263189e-04
   7.4653319e-02   1.0082399e-03
   7.0581878e-02   2.0108587e-03
   7.0580227e-02   4.0217173e-03
   7.4357673e-02   3.0128269e-03
   6.9227403e-02   5.0224689e-03
   7.9408713e-02   1.0030565e-03
   7.5790366e-02   1.0061966e-03
   7.1864870e-02   2.5134378e-03
   7.0579643e-02   4.5244320e-03
   7.3004607e-02   1.5050179e-03
   8.3580572e-02   5.0341167e-04
   8.3330051e-02   4.5173555e-03
   8.2047292e-02   5.0195975e-03
   8.5980178e-02   3.5165025e-03
   8.6151271e-02   2.5167347e-03
   8.0767817e-02   3.0119438e-03
   8.7092074e-02   3.0080353e-03
   8.8460850e-02   2.0071926e-03
   8.6067152e-02   5.0285173e-04
   8.9561680e-02   5.5085947e-03
   7.5633817e-02   7.0295308e-03
   7.9565647e-02   0.0000000e+00
   7.8128041e-02   5.0155810e-04
   7.3221344e-02   0.0000000e+00
   6.6793723e-02   6.0394632e-03
   6.9229120e-02   3.5157282e-03
   7.0651312e-02   2.5160498e-03
   7.1864485e-02   3.0161253e-03
   6.9159843e-02   4.5157812e-03
   7.4285570e-02   1.0032894e-03
   7.0652139e-02   5.0320995e-04
   6.9435353e-02   2.5186650e-03
   7.0510626e-02   4.0177628e-03
   7.4357203e-02   3.5149647e-03
   7.3074045e-02   4.5194923e-03
   7.3148920e-02   1.0053199e-03
   7.5641026e-02   0.0000000e+00
   8.0847979e-02   2.5124214e-03
   8.3495415e-02   4.0233302e-03
   8.2042306e-02   7.5293963e-03
   8.0683038e-02   6.5194735e-03
   7.8279889e-02   4.0203581e-03
   7.6923040e-02   5.0208039e-04
   7.9408713e-02  -1.0030565e-03
   7.9487179e-02   0.0000000e+00
   8.2209425e-02   5.0294782e-03
   8.2207660e-02   6.0353738e-03
   8.0759178e-02   8.0318501e-03
   7.6765370e-02   6.5142412e-03
   7.9407904e-02   2.5076413e-03
   7.8359531e-02  -1.0060791e-03
   7.5713888e-02  -3.5182233e-03
   6.9367284e-02   1.5097100e-03
   7.4430058e-02   4.0210551e-03
   6.8076490e-02   7.0456802e-03
   7.2076346e-02   4.5375851e-03
   7.1865605e-02   1.0053751e-03
   7.4358938e-02  -5.0213782e-04
   8.3415597e-02   0.0000000e+00
   8.4782236e-02   1.5086527e-03
   8.3488853e-02   7.5437441e-03
   8.7172323e-02   6.5238086e-03
   8.7343421e-02   7.0394623e-03
   8.9566235e-02   2.0031253e-03
   8.8635974e-02   1.5083558e-03
   8.7437496e-02  -2.0132554e-03
   8.3413606e-02   3.5169529e-03
   8.3326486e-02   6.5250691e-03
   8.4943459e-02   6.5503857e-03
   8.7264017e-02   3.0139476e-03
   8.3414581e-02   2.5121092e-03
   8.5897436e-02   0.0000000e+00
   8.4865431e-02   2.5168977e-03
   7.9486832e-02   1.5060631e-03
   7.8352187e-02   7.0425538e-03
   8.1968494e-02   3.5102702e-03
   7.9482503e-02   5.5222313e-03
   8.0926325e-02   4.0238311e-03
   7.8128079e-02   0.0000000e+00
   8.3415435e-02  -1.0048437e-03
   7.6998675e-02   1.5077229e-03
   8.0762594e-02   6.5258782e-03
   8.7001806e-02   6.0101758e-03
   8.5895932e-02   3.0111854e-03
   7.9406401e-02   4.0122261e-03
   8.0928498e-02   1.5089366e-03
   8.3250585e-02   2.0057436e-03
   6.2819016e-02   3.5166065e-03
   6.1476371e-02   3.5133150e-03
   6.4101785e-02   2.5117412e-03
   6.5513546e-02   1.5099415e-03
   6.6732185e-02   1.5083792e-03
   6.5318168e-02   4.0146398e-03
   6.6731665e-02   2.5139654e-03
   7.3076354e-02   2.0086632e-03
   7.8127927e-02   1.0031162e-03
   7.9718328e-02   5.5385565e-03
   7.5636575e-02   5.5232028e-03
   7.8358727e-02   2.5151978e-03
   7.6846358e-02   2.5079372e-03
   8.0769191e-02   5.0199063e-04
   8.1969011e-02   3.0088030e-03
   8.0767817e-02   3.0119438e-03
   8.4531650e-02   1.5042125e-03
   8.5980178e-02   3.5165025e-03
   8.8546104e-02   4.0183298e-03
   8.6064505e-02   4.0228138e-03
   8.8283938e-02   4.5073341e-03
   8.8286332e-02   2.5040745e-03
   8.0766717e-02   4.0159251e-03
   8.2294597e-02   1.0068866e-03
   7.9408713e-02   1.0030565e-03
   8.3332320e-02   2.5096420e-03
   8.9743546e-02   5.0176439e-04
   8.8721909e-02   3.5229619e-03
   8.8540409e-02   7.0320771e-03
   8.8544551e-02   5.0229122e-03
   8.4615220e-02   1.0037931e-03
   7.6996612e-02   4.0205943e-03
   7.4358830e-02   1.0042756e-03
   7.3149027e-02  -5.0265997e-04
   6.9160917e-02   3.5122742e-03
   6.6730397e-02   4.0223446e-03
   6.1535469e-02   5.0239601e-03
   6.0137329e-02   2.0057291e-03
   6.4101785e-02   2.5117412e-03
   6.2820391e-02   1.0047447e-03
   6.5448013e-02   3.0169095e-03
   6.0434148e-02   3.0234409e-03
   6.4037886e-02   3.5129816e-03
   6.4287465e-02   6.5498583e-03
   6.9295735e-02   5.0274129e-03
   7.1864030e-02   3.5188129e-03
   6.9298976e-02   1.0054826e-03
   6.4165563e-02   1.5085288e-03
   6.6666667e-02   0.0000000e+00
   6.6599401e-02   3.5126346e-03
   6.6864360e-02   1.0075702e-03
   6.8014602e-02   3.0166045e-03
   7.1582949e-02   1.0014328e-03
   7.0511963e-02   2.5111017e-03
   7.4577289e-02   4.0289837e-03
   7.8048119e-02   4.5095959e-03
   8.2213278e-02   1.0058956e-03
   7.7071336e-02   5.0306917e-03
   7.5713335e-02   4.0208267e-03
   7.9721643e-02   3.0210308e-03
   8.2132120e-02   1.0049066e-03
   7.5789182e-02   3.0185898e-03
   7.8355858e-02   5.0303956e-03
   9.1023472e-02   3.5121111e-03
   9.2030949e-02   5.0022290e-03
   8.8545370e-02   4.5206210e-03
   6.2944541e-02   1.0067257e-03
   7.0512683e-02   1.0044407e-03
   6.5445303e-02   5.5310007e-03
   6.8012481e-02   5.0276742e-03
   6.7811676e-02   5.0128691e-03
   6.9230635e-02   1.0044938e-03
   6.7947528e-02   3.0136377e-03
   7.3221201e-02   1.0063102e-03
   7.4358396e-02   2.0085513e-03
   7.5640106e-02   2.5105467e-03
   7.2073238e-02   6.5542895e-03
   7.4577289e-02   4.0289837e-03
   8.0769191e-02   5.0199063e-04
   7.6922740e-02   1.5062412e-03
   7.5863105e-02   4.0287539e-03
   7.7149977e-02   3.0213901e-03
   8.0847545e-02   3.0149056e-03
   7.8359072e-02   2.0121582e-03
   8.4697882e-02   2.5119496e-03
   8.4615220e-02   1.0037931e-03
   8.1887820e-02   3.5068289e-03
   7.9486213e-02   2.5101052e-03
   7.8358727e-02   2.5151978e-03
   8.0843291e-02   6.0298113e-03
   8.0689616e-02   5.0149796e-04
   8.3333171e-02   1.0038568e-03
   8.0848609e-02   1.5074528e-03
   8.7263464e-02   3.5162722e-03
   8.7002775e-02   5.5093278e-03
   9.1294139e-02   3.0192700e-03
   9.3484426e-02   8.5198652e-03
   8.8632037e-02   5.0278526e-03
   8.8460463e-02   2.5089907e-03
   8.2051242e-02   5.0195975e-04
   8.2294758e-02   0.0000000e+00
   7.7150392e-02   2.5178251e-03
   8.2048050e-02   4.5176378e-03
   8.4778470e-02   5.0288424e-03
   8.5896392e-02   2.5093211e-03
   9.0009187e-02   2.0129848e-03
   8.3496556e-02   3.0174976e-03
   7.9642364e-02   3.5210662e-03
   7.6617129e-02   5.0011442e-03
   8.2210870e-02   4.0235825e-03
   7.8050236e-02   2.5053311e-03
   7.8127927e-02   1.0031162e-03
   7.9487179e-02   0.0000000e+00
   7.8436232e-02   2.5176766e-03
   7.8357236e-02   4.0243165e-03
   8.0845024e-02   5.0248427e-03
   8.0686483e-02   4.5134816e-03
   7.6922142e-02   2.5104019e-03
   8.2051242e-02   5.0195975e-04
   7.8435810e-02   3.0212119e-03
   7.8513466e-02   3.0241923e-03
   8.3493948e-02   5.0291627e-03
   8.3408729e-02   6.5314840e-03
   8.2049327e-02   3.5137183e-03
   7.8511734e-02   4.5362885e-03
   7.5640989e-02   5.0210934e-04
   7.3221201e-02  -1.0063102e-03
   7.9565647e-02   0.0000000e+00
   7.8514236e-02   2.0161282e-03
   7.4205554e-02   7.0161360e-03
   8.4613368e-02   3.5132758e-03
   8.6066521e-02   2.0114069e-03
   8.4696892e-02   3.5167294e-03
   7.7072051e-02   4.5276225e-03
   7.5640106e-02   2.5105467e-03
   7.6922142e-02   2.5104019e-03
   7.4726132e-02   3.0277076e-03
   7.4503601e-02   4.0250155e-03
   7.1935881e-02   2.5159138e-03
   7.1721910e-02   4.0136004e-03
   6.9298571e-02   2.0109651e-03
   6.5448013e-02   3.0169095e-03
   6.5513706e-02   1.0066277e-03
   6.8082173e-02   2.5163144e-03
   7.1794732e-02   1.0043866e-03
   6.4164312e-02   3.5199005e-03
   6.6862397e-02   4.0302808e-03
   7.0442495e-02   2.5086350e-03
   6.3006431e-02   2.0154384e-03
   7.0652174e-02   0.0000000e+00
   7.2150502e-02   1.0093485e-03
   7.5565916e-02   2.0064653e-03
   7.7073744e-02   3.0184150e-03
   7.3000639e-02   5.5183988e-03
   7.3004040e-02   2.5083631e-03
   7.6998675e-02   1.5077229e-03
   7.5640989e-02  -5.0210934e-04
   7.5640989e-02   5.0210934e-04
   7.6846694e-02   2.0063498e-03
   7.9643297e-02   2.5150473e-03
   7.8123491e-02   5.5171391e-03
   7.8511003e-02   5.0403206e-03
   7.5633817e-02   7.0295308e-03
   7.4432053e-02   1.5078957e-03
   6.9299112e-02   0.0000000e+00
   6.6732445e-02   5.0279308e-04
   7.1794732e-02   1.0043866e-03
   7.1865745e-02   0.0000000e+00
   6.6731307e-02   3.0167585e-03
   7.0577477e-02   6.0325760e-03
   7.9564251e-02   3.0150886e-03
   7.9798812e-02   4.5360161e-03
   8.2212797e-02   2.0117913e-03
   7.9564677e-02   2.5125738e-03
   7.9485286e-02   3.5141472e-03
   8.3497657e-02   1.5087488e-03
   7.9643647e-02   2.0120378e-03
   7.9405013e-02   5.0152827e-03
   8.3332320e-02   2.5096420e-03
   8.7092074e-02   3.0080353e-03
   8.3580245e-02   1.5102350e-03
   8.2049846e-02   3.0117585e-03
   8.0927431e-02   3.0178733e-03
   8.2213278e-02   1.0058956e-03
   8.0927431e-02   3.0178733e-03
   8.3329281e-02   5.0192839e-03
   8.4698873e-02   5.0238991e-04
   8.3331875e-02   3.0115703e-03
   8.4947123e-02   4.5348824e-03
   8.4695571e-02   4.5215092e-03
   8.9920246e-02   2.0110052e-03
   9.3680991e-02   2.5107645e-03
   9.3677568e-02   5.0215291e-03
   8.3329281e-02   5.0192839e-03
   8.8459990e-02   3.0107889e-03
   9.0008306e-02   3.0194773e-03
   9.2579972e-02   3.0190599e-03
   9.1113323e-02   3.5155612e-03
   9.3589334e-02   1.5049807e-03
