  -1.2311571e-01  -5.1446057e-02
   1.4655019e-01  -1.0809116e-01
   1.4379624e-01  -1.1603345e-01
   1.6391344e-01  -1.0747933e-01
   1.7880707e-01  -1.0090929e-01
   1.8846948e-01  -9.9576543e-02
   1.8316259e-01  -9.9024950e-02
   1.8830542e-01  -9.3681018e-02
   2.2516036e-01  -9.9837733e-02
   2.3785728e-01  -8.6523265e-02
   2.6486410e-01  -8.7249762e-02
   2.9782860e-01  -7.8312909e-02
   2.9935812e-01  -7.2242396e-02
   2.9109691e-01  -7.8323849e-02
   3.1414442e-01  -7.9676175e-02
   3.4440701e-01  -7.7596720e-02
   3.7092901e-01  -8.1897184e-02
   4.0156227e-01  -8.0793907e-02
   4.2513690e-01  -7.9009870e-02
   4.4356571e-01  -7.7776580e-02
   4.4983320e-01  -7.3167900e-02
   4.4535111e-01  -6.3002388e-02
   4.6310699e-01  -6.1036288e-02
   4.6138230e-01  -5.9043633e-02
   4.6556216e-01  -4.8084641e-02
   4.6423424e-01  -3.8331082e-02
   4.7873955e-01  -4.8415581e-02
   4.8506091e-01  -4.7948496e-02
   4.8866906e-01  -4.7163700e-02
   4.7250050e-01  -5.0575679e-02
   4.8344380e-01  -4.7675454e-02
   4.7387121e-01  -5.4497044e-02
   4.8826870e-01  -3.5855706e-02
   5.1306693e-01  -3.4427168e-02
   5.1106869e-01  -2.3898638e-02
   5.1015260e-01  -2.2281051e-02
   4.7268807e-01  -2.2540818e-02
   4.5483010e-01  -1.0283706e-02
   4.2715092e-01  -3.4502530e-03
   4.2795507e-01  -1.1743332e-02
   4.3202329e-01   9.7477240e-04
   4.1827458e-01   1.4696315e-02
   4.2746585e-01   1.4176940e-02
   4.1775119e-01   1.6691258e-02
   4.0206052e-01   2.9895501e-02
   3.8689717e-01   2.4926741e-02
   3.6359811e-01   3.5040488e-02
   3.6760603e-01   1.9629100e-02
   3.7112775e-01   3.6809539e-02
   3.4733078e-01   5.7621629e-02
   3.3090978e-01   5.7365643e-02
   2.8677329e-01   8.0294472e-02
   2.7371711e-01   6.1616680e-02
   2.2403640e-01   9.5199847e-02
   1.9618279e-01   1.0757449e-01
   1.8973612e-01   8.7869785e-02
   2.0699154e-01   8.3249564e-02
   1.5700886e-01   1.2012080e-01
   1.5454685e-01   8.1115694e-02
   1.2065836e-01   1.1209873e-01
   1.0428552e-01   9.7206211e-02
   7.9653097e-02   1.1013769e-01
   7.2273170e-02   1.0638029e-01
   5.0699975e-02   1.0347932e-01
   2.9878674e-02   1.1052159e-01
  -2.4674690e-01   3.8972492e-02
  -2.5067352e-01   3.1907294e-02
  -2.5214035e-01   3.0048412e-02
  -2.6821423e-01   2.9855290e-02
  -2.8581326e-01   2.0186565e-03
  -2.9615431e-01   5.0126875e-03
  -3.0100128e-01  -4.0190471e-03
  -2.9722602e-01  -7.0735346e-03
  -2.8911083e-01  -1.1175809e-02
  -2.9591968e-01  -5.0536383e-03
  -2.8785711e-01  -4.0278114e-03
  -2.8960973e-01  -3.5126755e-03
  -2.8752824e-01  -9.0538488e-03
  -2.9734999e-01  -5.5351721e-03
  -2.7877917e-01  -2.5132815e-02
  -2.6054760e-01  -3.8190899e-02
  -2.3403511e-01  -5.4525674e-02
  -2.1651798e-01  -5.8229136e-02
  -1.8675847e-01  -7.2751179e-02
  -1.5580871e-01  -7.9859194e-02
  -1.2651107e-01  -7.5154441e-02
  -1.1028625e-01  -9.1728749e-02
  -9.1795184e-02  -1.0431818e-01
  -8.1438090e-02  -1.1383791e-01
  -6.8246587e-02  -1.3140340e-01
  -6.5366309e-02  -1.2732909e-01
  -4.5491949e-02  -1.1657107e-01
  -1.1748664e-02  -1.2551680e-01
   2.2333295e-02  -1.2973978e-01
   2.3695999e-02  -1.1820176e-01
   4.7817256e-02  -1.4200178e-01
   6.6087671e-02  -1.3441228e-01
   7.2996479e-02  -1.2623522e-01
   8.2459113e-02  -1.1449511e-01
   1.0307297e-01  -1.0959902e-01
   1.4153697e-01  -1.1580668e-01
   1.5416871e-01  -1.1438565e-01
   1.5448043e-01  -1.1953608e-01
   1.5823614e-01  -1.0873884e-01
   1.7674411e-01  -9.7111580e-02
   1.8376967e-01  -9.4992745e-02
   1.9682412e-01  -9.6383584e-02
   1.8526181e-01  -9.0618791e-02
   1.8126419e-01  -9.2517698e-02
   1.7029452e-01  -8.4665513e-02
   1.5085006e-01  -7.6848475e-02
   1.5800977e-01  -6.4409932e-02
   1.6427717e-01  -5.5261514e-02
   1.7751114e-01  -4.5071406e-02
   1.6741019e-01  -4.1675998e-02
   1.4452214e-01  -3.4170561e-02
   1.5678376e-01  -4.1796389e-02
   1.2623735e-01  -3.4389031e-02
   1.0799283e-01  -2.5266483e-02
   9.0919196e-02  -2.9783047e-02
   9.1240509e-02  -2.0846195e-02
   1.0008943e-01  -6.4429175e-03
   9.1939623e-02  -5.4970737e-03
   9.4684306e-02   2.0025693e-03
   9.9196282e-02   1.0449064e-02
   8.8343133e-02   1.3535263e-02
   5.1055332e-02   1.6019073e-02
  -3.8803646e-03   5.5820647e-03
  -2.3885193e-01   5.9833668e-02
  -2.7503756e-01   9.2163720e-02
  -2.5253489e-01   9.2766119e-02
  -2.5333946e-01   1.1995299e-01
  -1.9649828e-01   9.2763200e-02
  -2.3595780e-01   1.2775770e-01
  -2.0720828e-01   1.3250366e-01
  -2.2717022e-01   1.4321906e-01
  -2.1089218e-01   1.2297500e-01
  -1.5423747e-01   1.4600646e-01
  -1.6829346e-01   1.2243031e-01
  -1.2281223e-01   1.4552989e-01
  -1.0076472e-01   1.4441828e-01
  -1.2709984e-01   1.6489418e-01
  -4.5732749e-02   1.6604261e-01
  -7.1308438e-02   1.5731924e-01
  -6.9699095e-02   1.7061751e-01
  -8.2840507e-02   1.6926198e-01
  -8.7354082e-02   1.7488822e-01
  -6.4651889e-02   1.8313303e-01
   1.0184641e-02   1.5503063e-01
   4.3363749e-02   1.6272211e-01
   4.2127716e-02   1.7696452e-01
   8.6045142e-02   1.6659229e-01
   1.1539748e-01   1.5865707e-01
   1.3053663e-01   1.5675371e-01
   1.1390536e-01   1.7070084e-01
   1.2441034e-01   1.6312553e-01
   1.1645573e-01   1.6588280e-01
   1.4524407e-01   1.6078709e-01
   1.7607387e-01   1.6039474e-01
   2.1002486e-01   1.5214725e-01
   2.2903870e-01   1.4737839e-01
   2.6500403e-01   1.3851316e-01
   2.9359382e-01   1.2379710e-01
   3.1254216e-01   1.1553141e-01
   3.4979366e-01   1.2082267e-01
   3.4147808e-01   1.1924546e-01
   3.3608116e-01   1.1293745e-01
   3.4221265e-01   1.1151117e-01
   3.6629043e-01   1.0174950e-01
   3.9451879e-01   9.0963898e-02
   4.1563937e-01   7.1784557e-02
   4.2328772e-01   7.2859315e-02
   4.0619137e-01   9.1935967e-02
   4.0408216e-01   8.3251079e-02
   3.7839030e-01   6.7423462e-02
   4.1538908e-01   4.5433932e-02
   3.9927143e-01   4.9169167e-02
   4.3274218e-01   4.4917119e-02
   4.3362936e-01   3.9033754e-02
   4.2828305e-01   2.9495807e-02
   4.3397729e-01   2.5928633e-02
   3.9227603e-01   3.8142790e-02
   4.1654676e-01   2.2183686e-02
   4.0532774e-01   2.0386340e-02
   4.3763182e-01   4.3327731e-03
   3.9374908e-01   2.4668528e-02
   3.7585549e-01   2.6809216e-02
   3.7667773e-01   4.9630130e-03
   3.5101372e-01  -8.4976276e-03
   3.3211763e-01  -1.4031730e-02
   3.3023525e-01  -3.9135160e-02
   2.9824399e-01  -7.0651491e-03
   1.6896545e-02  -4.0919290e-02
   1.2990430e-03  -5.4844193e-02
  -2.0840553e-02  -3.2766857e-02
  -2.0717573e-02  -3.2061781e-02
  -2.8348641e-02  -3.8519617e-02
  -5.5581733e-02  -3.7592588e-02
  -1.0919951e-01   1.5246306e-03
  -1.2645057e-01  -1.6130349e-02
  -1.4212524e-01  -2.0340186e-03
  -1.3757285e-01   1.0225139e-02
  -1.6363440e-01   2.2769964e-02
  -1.8531213e-01   2.4356232e-02
  -1.9891389e-01   1.4215093e-02
  -2.0595264e-01   1.5248774e-03
  -2.3264825e-01   2.8815629e-02
  -2.8000111e-01   3.8424010e-02
  -2.7924564e-01   2.5055197e-02
  -2.6718098e-01   1.5031573e-02
  -2.9155340e-01   2.4830778e-02
  -2.9534198e-01   9.4585889e-03
  -3.4226366e-01   1.2939190e-02
  -3.2303443e-01   5.4335447e-03
  -3.3519790e-01   1.8840724e-02
  -3.2581534e-01   1.6005963e-02
  -3.1326661e-01   2.0011525e-02
  -3.0613259e-01   9.4130921e-03
  -3.2431496e-01   7.4076455e-03
  -3.9593174e-01   2.9718194e-03
  -3.7513147e-01  -4.9098692e-03
  -3.1840105e-01  -1.5233837e-02
  -3.0277740e-01  -2.6349861e-02
  -2.9509056e-01  -3.9787764e-03
  -2.6817518e-01  -1.4939398e-02
  -2.5654820e-01  -2.3825178e-02
  -2.3906892e-01  -2.3716114e-02
  -2.2558172e-01  -3.8921940e-02
  -1.8686274e-01  -4.9615548e-02
  -1.8639275e-01  -4.7952606e-02
  -1.8156651e-01  -5.0711855e-02
  -1.8658827e-01  -6.2572108e-02
  -1.4352580e-01  -7.0092308e-02
  -1.3938371e-01  -5.7845046e-02
  -9.4846312e-02  -7.6084236e-02
  -5.7288464e-02  -9.0702672e-02
  -5.6666964e-02  -1.0274232e-01
  -6.0414366e-02  -1.0619620e-01
  -3.6622016e-02  -1.2348851e-01
  -3.2969329e-02  -1.0894677e-01
   1.3199500e-03  -1.1687494e-01
   9.2478051e-03  -1.2203435e-01
   4.5299091e-02  -1.3489695e-01
   4.6362615e-02  -1.2806462e-01
   5.8200456e-02  -1.3417727e-01
   5.2836309e-02  -1.4550925e-01
   6.9161219e-02  -1.3939995e-01
   9.4781591e-02  -1.4314168e-01
   1.0479601e-01  -1.5115866e-01
   1.2435035e-01  -1.2831837e-01
   1.1021199e-01  -1.4589510e-01
   1.0136263e-01  -1.3552474e-01
   1.4587310e-01  -1.4165569e-01
   1.4987374e-01  -1.3904026e-01
   1.7813498e-01  -1.3506144e-01
   1.8897534e-01  -1.3116975e-01
   3.3685854e-01  -1.9882571e-02
   3.1259190e-01  -5.3318782e-03
   3.3254727e-01  -7.6900653e-03
   3.2909409e-01   2.3976906e-03
   3.0580833e-01   0.0000000e+00
   2.9015374e-01   1.9405554e-03
   2.6618633e-01   1.7060262e-02
   2.6971706e-01   1.7521150e-02
   2.7629987e-01   2.2007477e-02
   2.8842796e-01   3.9044778e-02
   2.8593068e-01   4.1339143e-02
   2.7238197e-01   4.4926600e-02
   2.7139152e-01   4.9913296e-02
   2.6172857e-01   5.0576059e-02
   2.4447606e-01   5.8807146e-02
   2.4406338e-01   6.5725633e-02
   2.4193628e-01   6.2842962e-02
   2.3494305e-01   6.9530147e-02
   2.2129757e-01   9.0416956e-02
   2.1163842e-01   8.3027379e-02
   1.9072038e-01   9.2401321e-02
   1.9815606e-01   7.2584338e-02
   1.6071010e-01   7.9150704e-02
   1.3485371e-01   8.5888673e-02
   1.4254487e-01   6.8959768e-02
   1.2813006e-01   6.6239848e-02
   8.3727979e-02   7.8773817e-02
   4.1818318e-02   8.5734216e-02
  -3.9780306e-03   9.1429610e-02
  -3.5927378e-02   7.7050654e-02
  -3.4975839e-02   6.7584717e-02
  -9.6474853e-02   7.7955783e-02
  -1.3071429e-01   8.6428552e-02
  -1.4836827e-01   7.6553638e-02
  -2.0753470e-01   7.5469563e-02
  -2.3694494e-01   7.1353191e-02
  -2.6519251e-01   6.3132606e-02
  -2.8169253e-01   5.7904317e-02
  -2.9224513e-01   9.2461202e-02
  -3.1993890e-01   9.3945657e-02
  -3.1161256e-01   8.5165488e-02
  -3.0487716e-01   8.2777341e-02
  -3.3882394e-01   9.7987928e-02
  -3.2875133e-01   1.0954703e-01
  -3.9265585e-01   1.1992504e-01
  -3.6455940e-01   8.9000178e-02
  -3.8689267e-01   9.4370039e-02
  -4.2252167e-01   1.0790454e-01
  -4.0938319e-01   8.6984994e-02
  -4.2901040e-01   7.8659349e-02
  -4.2601766e-01   7.5408074e-02
  -4.3879274e-01   7.6842575e-02
  -4.0878269e-01   6.3538147e-02
  -4.0300313e-01   5.2433492e-02
  -3.9160823e-01   4.4195412e-02
  -3.9654925e-01   4.9161205e-02
  -3.9235903e-01   2.9723539e-02
  -3.6594341e-01   1.3622284e-02
  -3.6345047e-01  -5.0118742e-03
  -3.6369194e-01  -1.4046541e-02
  -3.3408471e-01  -1.7136395e-02
  -3.2463963e-01  -2.3319204e-02
  -3.1404490e-01  -3.0119139e-02
   3.6456899e-02  -9.9357413e-02
   6.1561939e-02  -8.1610280e-02
   1.0283775e-01  -7.6647427e-02
   1.1781754e-01  -7.2848917e-02
   1.3391808e-01  -7.5396061e-02
   1.6991701e-01  -7.2885371e-02
   1.7826506e-01  -5.5965341e-02
   1.9589726e-01  -5.5688945e-02
   2.1390286e-01  -4.9615254e-02
   2.2791776e-01  -4.7978008e-02
   2.1963102e-01  -3.3556232e-02
   2.3295922e-01  -2.2885442e-02
   2.5008768e-01  -1.4905033e-02
   2.6612004e-01  -9.8839715e-03
   2.8142874e-01  -1.4849660e-03
   2.9306276e-01   1.1218333e-02
   3.2525554e-01   9.6724186e-03
   3.1408514e-01   2.0535319e-02
   3.1059206e-01   3.4422485e-02
   3.3724724e-01   2.4008862e-02
   3.3534976e-01   6.1280648e-02
   3.2367163e-01   6.2798481e-02
   3.1544702e-01   6.6954492e-02
   3.1985977e-01   5.9151275e-02
   3.1410298e-01   6.7940190e-02
   3.4608643e-01   7.7903470e-02
   3.2050469e-01   1.0886450e-01
   3.2449130e-01   9.7871325e-02
   3.2148241e-01   1.0430246e-01
   3.3140670e-01   1.0557584e-01
   3.1740264e-01   1.1351661e-01
   3.0146301e-01   1.1087652e-01
   2.6130894e-01   1.2709453e-01
   2.5427601e-01   1.2485995e-01
   2.1142117e-01   1.3651118e-01
   2.2641979e-01   1.2956689e-01
   2.1339936e-01   1.4153886e-01
   2.1176266e-01   1.1835427e-01
   1.9171172e-01   1.3702458e-01
   1.9458700e-01   1.3998754e-01
   1.3858418e-01   1.4895871e-01
   1.1368840e-01   1.5382527e-01
   9.2396479e-02   1.5589368e-01
   9.2654806e-02   1.4092760e-01
   7.8205226e-02   1.7435553e-01
   6.7762957e-02   1.4082482e-01
   2.9370509e-02   1.6241827e-01
  -2.5317416e-03   1.5976497e-01
  -6.7502996e-02   1.8082773e-01
  -8.2969528e-02   1.8479054e-01
  -1.1704890e-01   1.9121527e-01
  -1.2013016e-01   1.8318225e-01
  -1.6300856e-01   1.9784900e-01
  -1.4944258e-01   1.6929379e-01
  -1.8419630e-01   2.0208283e-01
  -1.9093298e-01   1.7368824e-01
  -2.2028032e-01   1.7440186e-01
  -2.2428947e-01   1.5442725e-01
  -2.4639638e-01   1.3925716e-01
  -2.6328016e-01   1.3923262e-01
  -2.8817223e-01   1.4885575e-01
  -2.9530560e-01   1.1853873e-01
  -3.0929795e-01   1.1597192e-01
  -2.7291865e-01   2.0248251e-03
  -2.5837945e-01  -8.6243599e-03
  -2.6418822e-01  -8.6344303e-03
  -2.4840787e-01  -7.0910912e-03
  -2.1814689e-01  -1.0109848e-02
  -1.7214337e-01  -2.0811998e-02
  -1.5802789e-01  -1.4246801e-02
  -1.5064129e-01  -1.4810089e-02
  -1.3266755e-01  -1.8981156e-02
  -1.2381588e-01  -3.1956337e-02
  -1.1742030e-01  -3.5136039e-02
  -1.0957545e-01  -3.7777724e-02
  -9.1792002e-02  -4.7934309e-02
  -6.7004846e-02  -5.3830186e-02
  -5.9083193e-02  -5.6952671e-02
  -3.1468726e-02  -5.8490255e-02
  -2.4647385e-02  -6.9322659e-02
  -1.5581057e-02  -6.5735382e-02
   9.1439001e-03  -6.9825827e-02
   1.5769164e-02  -5.2861923e-02
   6.4119528e-02  -4.8413821e-02
   8.9584386e-02  -5.0256435e-02
   1.0857147e-01  -4.4661497e-02
   1.3766125e-01  -4.3117513e-02
   1.4944179e-01  -3.7396467e-02
   1.8579441e-01  -2.8300125e-02
   2.0988672e-01  -2.4768848e-02
   2.2497909e-01  -1.8108851e-02
   2.5942936e-01  -9.9827246e-03
   2.7442360e-01  -1.1928216e-02
   3.1742688e-01  -1.6661297e-02
   3.3107114e-01  -9.7192678e-04
   3.4617772e-01   1.4480270e-02
   3.6482001e-01   1.6447660e-02
   3.9263224e-01   1.4895851e-02
   4.1102987e-01   2.2603945e-02
   4.2698873e-01   1.8764067e-02
   4.1442624e-01   3.3057602e-02
   4.2914992e-01   1.9522584e-02
   4.4331507e-01   2.5501257e-02
   4.6329656e-01   2.4958374e-02
   4.7192348e-01   1.8256467e-02
   4.5698166e-01   3.2099527e-02
   4.4436200e-01   2.9742555e-02
   4.5621641e-01   1.5402139e-02
   4.6005973e-01   1.5900363e-02
   4.4104119e-01   1.7851443e-02
   4.5129428e-01   2.7876195e-03
   4.4563566e-01   6.6346878e-03
   4.3635346e-01  -1.9244193e-02
   3.1914546e-01  -4.3692662e-02
   2.9357914e-01  -4.2851443e-02
   2.7888135e-01  -5.1962961e-02
   2.2835929e-01  -5.0066977e-02
   2.0521512e-01  -6.0588326e-02
   1.9477768e-01  -8.0761524e-02
   1.4414526e-01  -8.4378459e-02
   1.0379256e-01  -7.8945251e-02
  -5.8233038e-02  -1.6131335e-01
  -5.9229206e-02  -1.5483974e-01
  -4.2265486e-02  -1.5596988e-01
  -2.4736329e-02  -1.4691179e-01
  -2.1288297e-02  -1.3408437e-01
  -2.1505738e-02  -1.2518224e-01
  -2.9227273e-02  -1.2849369e-01
  -3.1729416e-02  -1.3324721e-01
  -1.6418325e-02  -1.2442949e-01
  -2.4050222e-02  -8.1967860e-02
   1.3747935e-02  -5.5731856e-02
   4.3394899e-02  -4.2685418e-02
   6.7345652e-02  -2.3422537e-02
   6.1057278e-02  -2.2453164e-02
   4.4650243e-02   4.0015657e-03
   4.7227616e-02   1.5520204e-02
   2.7958579e-02   3.1461845e-02
  -5.0826057e-03   5.1099802e-02
  -2.5218413e-03   5.5229163e-02
   2.5023123e-02   6.3799830e-02
   5.1494100e-02   6.4009382e-02
   6.9027793e-02   7.7583484e-02
   8.7832519e-02   7.4957115e-02
   9.0713944e-02   7.4242659e-02
   1.1768719e-01   6.8606463e-02
   1.3387597e-01   8.2377680e-02
   1.4073040e-01   8.9051549e-02
   1.5071438e-01   9.1771154e-02
   1.4958808e-01   8.2476574e-02
   1.4050964e-01   8.3294924e-02
   1.4991283e-01   8.3395812e-02
   1.5917775e-01   8.3574261e-02
   1.8186000e-01   8.4157860e-02
   2.0767388e-01   8.4690367e-02
   2.2540816e-01   7.1318720e-02
   2.3031178e-01   7.2090641e-02
   3.0032148e-01   4.7043471e-02
   2.8517618e-01   4.2530794e-02
   2.6602590e-01   6.0964163e-02
   3.2671280e-01   3.8635102e-02
   3.2926187e-01   3.2887406e-02
   3.4432251e-01   2.3305611e-02
   3.8329958e-01   2.2210670e-02
   4.0631286e-01   1.1085788e-02
   3.9128374e-01   1.5056707e-02
   4.2744378e-01   9.4896941e-03
   4.3599938e-01   6.0252508e-03
   4.5849734e-01   2.9935388e-03
   4.5311203e-01   0.0000000e+00
   4.6724543e-01  -1.0411669e-02
   4.9551992e-01  -1.2243947e-02
   4.8901433e-01  -1.1713546e-02
   4.9616271e-01  -2.6708400e-02
   5.1106175e-01  -3.3339459e-02
   5.3379615e-01  -3.8855781e-02
   5.3490114e-01  -5.5289951e-02
   5.1884192e-01  -5.7458711e-02
   5.1617070e-01  -7.1996628e-02
   5.1056640e-01  -8.3371263e-02
   4.9958758e-01  -8.1043936e-02
   4.9666026e-01  -7.4747780e-02
   4.8517272e-01  -7.1839140e-02
   5.0292108e-01  -8.0747124e-02
   4.8474563e-01  -8.5904205e-02
   2.2789456e-01  -1.5306957e-01
   2.1282825e-01  -1.6904232e-01
   1.9870264e-01  -1.7460545e-01
   1.6472600e-01  -1.6115966e-01
   1.5040414e-01  -1.4657224e-01
   1.5119510e-01  -1.3632243e-01
   1.3665069e-01  -1.2573242e-01
   1.2202119e-01  -1.2741885e-01
   1.0625660e-01  -1.2044581e-01
   9.7797161e-02  -1.2686576e-01
   7.7718026e-02  -1.2751155e-01
   6.6037321e-02  -1.3807106e-01
   4.6543261e-02  -1.2868475e-01
   8.9282089e-03  -1.0577896e-01
  -5.0615063e-03  -8.9198908e-02
   0.0000000e+00  -1.0525424e-01
  -1.9202422e-02  -1.0403843e-01
  -1.0180410e-02  -1.0128420e-01
  -2.0514277e-02  -9.9936829e-02
  -5.3435121e-02  -9.0806835e-02
  -7.9531855e-02  -8.6476587e-02
  -8.1627736e-02  -8.6972356e-02
  -7.9977872e-02  -7.5050610e-02
  -1.1151062e-01  -6.6963119e-02
  -1.2147318e-01  -7.0590245e-02
  -1.3362581e-01  -5.4461241e-02
  -1.3977418e-01  -3.7615839e-02
  -1.4568728e-01  -2.4228474e-02
  -1.6313461e-01  -2.2172412e-02
  -1.8427176e-01  -4.9024503e-04
  -2.0798802e-01   5.4044312e-03
  -2.1580236e-01   7.3268972e-03
  -2.6076047e-01   2.1824406e-02
  -2.7201228e-01   2.7244505e-02
  -3.1529631e-01   1.1730727e-02
  -3.1647486e-01   1.5699451e-02
  -3.0817366e-01   1.9372223e-02
  -3.2157924e-01   2.6920358e-02
  -2.9855670e-01   2.6689245e-02
  -2.9909354e-01   2.8758873e-02
  -2.5336546e-01   3.3943454e-02
  -2.4060811e-01   4.1444415e-02
  -2.3049301e-01   3.7672269e-02
  -2.2734688e-01   4.6183698e-02
  -2.1775309e-01   4.0694933e-02
  -1.9132644e-01   4.3781052e-02
  -1.7133201e-01   3.8334640e-02
  -1.5383940e-01   3.0804882e-02
  -1.0774541e-01   4.1737426e-02
  -7.7979409e-02   4.5991426e-02
  -3.9235938e-02   3.9376535e-02
  -6.7615331e-03   5.3880016e-02
   2.4320777e-02   6.2470580e-02
   5.0191271e-02   5.8884115e-02
   9.2841471e-02   5.3178814e-02
   1.0841509e-01   4.8504532e-02
   1.3256004e-01   4.8216573e-02
   1.6280666e-01   4.1678563e-02
   1.9779251e-01   3.2869343e-02
   2.9775609e-01   3.3926126e-02
   3.1954865e-01   2.5093941e-02
   3.2949645e-01   3.5597042e-02
   3.4572053e-01   3.4731751e-02
   4.4025370e-01   1.2128942e-01
   3.8287191e-01   1.3225914e-01
   4.0969406e-01   1.4072811e-01
   3.7179227e-01   1.3912215e-01
   3.3533105e-01   1.5052456e-01
   2.8906850e-01   1.7925370e-01
   2.1656454e-01   1.9797747e-01
   2.2420859e-01   1.9935414e-01
   1.7271307e-01   2.1136817e-01
   1.3792023e-01   2.0443771e-01
   1.1263703e-01   2.0590080e-01
   8.4514360e-02   1.9508773e-01
   4.0554291e-02   1.9501271e-01
  -6.2017367e-03   1.9960804e-01
  -4.5658181e-02   2.1593575e-01
  -8.9686241e-02   2.0796352e-01
  -1.3759195e-01   1.8728974e-01
  -2.2388190e-01   2.0005886e-01
  -2.6956259e-01   1.9035063e-01
  -3.0719501e-01   1.8830832e-01
  -3.2315795e-01   1.8946842e-01
  -3.3646747e-01   1.8515423e-01
  -3.5647593e-01   1.7337278e-01
  -3.7123438e-01   1.7265759e-01
  -3.8311799e-01   1.5852233e-01
  -3.9827015e-01   1.4966398e-01
  -4.1174862e-01   1.4293400e-01
  -4.2144320e-01   1.3230037e-01
  -4.4264338e-01   1.1865383e-01
  -4.4304156e-01   1.1810604e-01
  -4.3757416e-01   9.9029507e-02
  -4.3406443e-01   9.6452558e-02
  -3.9739829e-01   8.7326338e-02
  -4.2025423e-01   6.8054377e-02
  -4.4293779e-01   7.3327556e-02
  -4.1744090e-01   3.9359247e-02
  -4.0469591e-01   4.5070918e-02
  -3.7110515e-01   2.0477290e-02
  -3.6069417e-01   3.1239723e-02
  -2.9337352e-01   2.1101489e-02
  -2.7571361e-01   1.9491867e-02
  -2.7685012e-01   8.4994421e-03
  -2.6380392e-01   2.6140829e-03
  -2.4082782e-01  -1.1420494e-02
  -2.4186546e-01  -1.3707815e-02
  -2.3262952e-01  -2.1137910e-03
  -1.9595013e-01  -6.4242348e-03
  -1.5873020e-01  -2.1518963e-02
  -1.4594655e-01  -6.9135380e-03
  -1.2060829e-01  -2.6503826e-02
  -1.5293907e-01  -2.6602248e-03
  -1.4203947e-01  -5.2755754e-04
  -1.4940093e-01  -1.7166143e-02
  -1.4319398e-01  -2.7961120e-02
  -1.1811880e-01  -2.8245271e-02
  -7.3981796e-02  -4.3375582e-02
  -3.6168682e-02  -4.6658095e-02
  -1.7525092e-02  -8.6154058e-02
  -9.5354521e-02  -3.8425011e-02
  -8.2820844e-02  -6.6940259e-02
  -1.0788075e-01  -5.6754197e-02
  -5.2035266e-02  -5.2804345e-02
  -3.0047277e-02  -5.6708631e-02
