  -2.4383009e-02  -5.0336655e-04
  -4.6151131e-02   5.5290609e-03
  -5.1178623e-02   5.0157993e-03
  -5.8972036e-02   4.5219766e-03
  -5.2561547e-02  -5.0254794e-03
  -5.9025214e-02  -8.0469890e-03
  -5.6408912e-02  -3.5174001e-03
  -5.9032318e-02   1.5088104e-03
  -6.1597740e-02   3.5202359e-03
  -6.4100569e-02   4.0187859e-03
  -5.7692195e-02  -1.0049281e-03
  -6.7947892e-02  -2.5113648e-03
  -7.2931340e-02  -3.5082628e-03
  -7.4358070e-02  -2.5106891e-03
  -7.1933914e-02  -4.5286449e-03
  -7.4212455e-02  -1.0023051e-03
  -7.0443350e-02   0.0000000e+00
  -5.8916228e-02   5.0194784e-04
  -4.9949866e-02  -3.0125553e-03
  -5.2615761e-02  -1.5091297e-03
  -4.3588387e-02  -4.0214086e-03
  -3.9779025e-02   7.0450731e-03
  -4.2343495e-02   8.5541986e-03
  -3.8460865e-02   3.0164316e-03
  -4.6107815e-02  -2.5107365e-03
  -5.6406307e-02  -6.0298288e-03
  -7.1865430e-02  -1.5080627e-03
  -7.5640437e-02  -2.0084374e-03
  -7.3004784e-02  -1.0033452e-03
  -6.7948421e-02  -1.5068189e-03
  -6.1599180e-02  -5.0289084e-04
  -4.7388036e-02  -3.5149068e-03
  -5.5180448e-02   4.5270191e-03
  -5.2564000e-02   1.0050959e-03
  -5.1383399e-02   0.0000000e+00
  -4.1103830e-02  -6.0444098e-03
  -3.5824672e-02  -5.5195579e-03
  -3.7215537e-02   3.0194934e-03
  -3.0708290e-02   2.5091426e-03
  -3.5932242e-02   3.0195772e-03
  -3.2019704e-02   0.0000000e+00
  -2.0492601e-02   5.0240064e-04
   2.5564943e-03  -3.0088437e-03
   7.6922478e-03  -2.0117991e-03
  -3.8423179e-03   2.5123043e-03
  -2.6945860e-02   8.5568979e-03
  -3.7174860e-02   8.0440482e-03
  -4.6289352e-02   4.0330523e-03
  -6.1416252e-02  -3.0084555e-03
  -7.4203398e-02  -8.0184411e-03
  -9.1007940e-02  -1.0034603e-02
  -1.0521717e-01  -8.5308328e-03
  -1.1282046e-01  -5.0107516e-04
  -1.1270493e-01   4.5052666e-03
  -1.0353977e-01   4.9989190e-04
  -9.7241787e-02  -3.5039899e-03
  -8.7342185e-02  -7.5422811e-03
  -8.8808355e-02  -4.5339863e-03
  -9.7624598e-02   4.5228370e-03
  -9.9101916e-02   6.0418732e-03
  -9.7531323e-02   2.0081766e-03
  -9.9999805e-02  -1.0029542e-03
  -1.1655082e-01  -2.0018229e-03
  -1.1921773e-01  -7.5128465e-03
  -1.3446605e-01  -7.9967340e-03
  -1.4501368e-01  -2.0014067e-03
  -1.4001915e-01  -1.5031638e-03
  -7.5786037e-02  -5.5340812e-03
  -7.3365438e-02  -2.5207414e-03
  -7.5639223e-02   3.5147654e-03
  -7.5639223e-02   3.5147654e-03
  -6.8150346e-02   0.0000000e+00
  -6.9158500e-02  -5.5192881e-03
  -7.4285570e-02  -1.0032894e-03
  -7.9801980e-02   0.0000000e+00
  -7.9720551e-02  -4.0280411e-03
  -7.6997662e-02  -3.0154457e-03
  -6.8082472e-02  -2.0130515e-03
  -6.6732185e-02   1.5083792e-03
  -5.2667881e-02  -1.0070790e-03
  -5.1383374e-02  -5.0355937e-04
  -4.6199408e-02   0.0000000e+00
  -3.9782513e-02   2.0128780e-03
  -3.6039321e-02  -2.0190263e-03
  -3.0860474e-02   1.0086179e-03
  -1.2896800e-02  -1.0118550e-03
  -1.2871262e-03  -1.0099005e-03
   5.1332450e-03   1.5103535e-03
   3.8612650e-03   4.0395861e-03
   5.1432613e-03   4.0355767e-03
   1.9287683e-02   2.0175821e-03
   2.8288602e-02  -2.0173266e-03
   3.0799230e-02   2.5165692e-03
   3.6075251e-02   1.0105129e-03
   3.7397187e-02   7.0804037e-03
   4.2516822e-02   2.5259041e-03
   3.9860275e-02   4.0337125e-03
   4.2474227e-02   3.5327683e-03
   4.7529435e-02   1.5108482e-03
   5.2719667e-02  -2.0161469e-03
   6.0432818e-02  -4.5351613e-03
   6.1961837e-02   6.0705653e-03
   5.9200493e-02   8.0708416e-03
   6.1649215e-02   9.5643465e-03
   7.2365662e-02   1.0123492e-03
   7.5790366e-02   1.0061966e-03
   8.2456421e-02  -3.0266233e-03
   8.1328119e-02   4.0437326e-03
   8.3743651e-02   4.0352431e-03
   9.1560972e-02   6.0564233e-03
   9.8006421e-02   7.0632855e-03
   1.0672346e-01   3.5193173e-03
   1.2380952e-01   0.0000000e+00
   1.2922459e-01   5.0447202e-04
   1.2908996e-01   5.0397594e-03
   1.3063021e-01   8.0787090e-03
   1.3666090e-01   1.3082625e-02
   1.4571341e-01   8.5476485e-03
   1.4558390e-01   4.5207964e-03
   1.5749682e-01   1.5083353e-03
   1.6233696e-01  -2.5077772e-03
   1.5748812e-01   5.5305626e-03
   1.7073199e-01   6.5408380e-03
   1.9690280e-01   8.4873282e-03
   2.0440265e-01   1.0963170e-02
   2.0331363e-01   1.1474310e-02
   2.1021163e-01   3.9957143e-03
   2.1129738e-01   1.4967114e-03
   2.1150128e-01   3.9950879e-03
   2.1424878e-01   1.0993635e-02
   2.5225633e-01   6.4441377e-03
   2.6925416e-01   6.4342798e-03
   2.8036750e-01   9.4156470e-03
   1.1444025e-01   2.0100307e-03
   7.4727306e-02  -1.0092359e-03
   5.0247153e-02  -2.5253690e-03
   3.0921462e-02  -2.0212321e-03
   2.1946332e-02   1.0127653e-03
   9.0180821e-03   6.5707041e-03
   9.0094594e-03   5.0493837e-03
   3.8575366e-03  -2.0177953e-03
   5.1431708e-03  -5.0444709e-03
   6.4483334e-03  -2.5297308e-03
   7.7304224e-03  -5.0544201e-04
   1.8001943e-02   1.0088054e-03
   2.9602205e-02   5.5530158e-03
   4.6244495e-02   2.5181700e-03
   7.2007913e-02   0.0000000e+00
   8.6237581e-02  -5.0384312e-04
   9.5247525e-02   0.0000000e+00
   9.9401034e-02   4.0398455e-03
   1.1057817e-01   5.0263580e-03
   1.2624125e-01   9.5585886e-03
   1.4414648e-01   6.5243645e-03
   1.5460480e-01   3.5133966e-03
   1.5362190e-01   3.0177309e-03
   1.4989793e-01   3.0217274e-03
   1.5975265e-01   5.5184442e-03
   1.7021925e-01   7.5250383e-03
   1.7759556e-01   9.0054374e-03
   1.8274326e-01   9.0005883e-03
   1.8534208e-01   3.4992669e-03
   1.9474053e-01   2.0014770e-03
   1.9382080e-01   6.5183958e-03
   2.0373736e-01   8.9972850e-03
   2.1598560e-01   9.4549185e-03
   2.2541719e-01   1.0956352e-02
   2.3295386e-01   5.9643882e-03
   2.3515529e-01   8.4806220e-03
   2.4246032e-01   0.0000000e+00
   2.4192791e-01   1.0424899e-02
   2.5245585e-01   1.1908232e-02
   2.4383629e-01   1.7919488e-02
   2.3701007e-01   1.0939513e-02
   2.3424089e-01   5.9633603e-03
   2.2439140e-01   5.4843662e-03
   2.2439582e-01   4.4872087e-03
   2.2029886e-01   6.4784844e-03
   2.2309927e-01   5.9839373e-03
   2.1619937e-01   9.4640279e-03
   2.1255290e-01   8.9788550e-03
   2.2073632e-01   6.4909910e-03
   2.2417135e-01   4.9809889e-03
   2.1921842e-01   7.9825104e-03
   2.1363311e-01   8.4705136e-03
   2.0778106e-01   1.2502584e-02
   2.0074869e-01   1.0479693e-02
   1.9284061e-01   9.9797760e-03
   1.9454562e-01   2.9993053e-03
   1.8442315e-01   2.0037466e-03
   1.7943673e-01   4.5152808e-03
   1.7631719e-01   7.5055244e-03
   1.7758895e-01   1.0006042e-02
   1.7502754e-01   8.0069448e-03
   1.7117168e-01   7.0088002e-03
   1.6635521e-01   6.5241718e-03
   1.6878023e-01   1.5037322e-03
   1.6765576e-01   3.0107787e-03
   1.6345381e-01   6.0120634e-03
   1.6295894e-01   9.0633751e-03
   1.1455440e-01   5.0300139e-04
   1.0038640e-01   7.0483197e-03
   1.0564729e-01   3.0227401e-03
   9.5240803e-02   6.0432074e-03
   9.5433502e-02   4.0367558e-03
   9.9108134e-02   2.0139577e-03
   9.9010880e-02   0.0000000e+00
   9.0186135e-02   3.5296727e-03
   7.5857131e-02   7.5539135e-03
   7.8509310e-02   6.0483847e-03
   7.2076346e-02   4.5375851e-03
   7.2077477e-02   3.5292328e-03
   6.9367453e-02   1.0064733e-03
   6.4290767e-02   4.0306820e-03
   5.9266601e-02   0.0000000e+00
   5.4003293e-02   5.0401630e-03
   5.0145400e-02   5.5448374e-03
   4.1142851e-02   7.5629781e-03
   4.3718748e-02   2.0166641e-03
   3.7216171e-02   5.0324891e-04
   3.4717829e-02  -2.0170850e-03
   3.3498250e-02   2.0211329e-03
   3.0859991e-02   3.0258538e-03
   2.5716093e-02   4.5391712e-03
   1.9229423e-02   6.0348427e-03
   1.4130407e-02   1.0078456e-03
   1.4116238e-02  -3.0205524e-03
   1.0296949e-02  -2.0197386e-03
   5.1434224e-03   0.0000000e+00
   1.2845624e-03   3.0237139e-03
  -3.8496805e-03   6.0414345e-03
  -1.2832862e-03   3.5241839e-03
  -5.1332650e-03  -5.0345116e-04
  -9.0187907e-03  -1.5163163e-03
  -6.4102065e-03  -2.0118099e-03
  -1.1572678e-02   1.0088621e-03
  -1.6715599e-02   4.0352747e-03
  -1.2820288e-02   3.0176047e-03
  -1.9249294e-02   3.5237993e-03
  -2.5716910e-02  -2.0174094e-03
  -2.6923064e-02  -5.0285075e-04
  -3.0768857e-02  -2.5140888e-03
  -3.0738901e-02   5.0232265e-04
  -3.8460622e-02   3.5191702e-03
  -5.5231869e-02   7.0489757e-03
  -4.4827238e-02  -2.0086584e-03
  -5.2564077e-02  -5.0254794e-04
  -5.6576954e-02  -2.5198699e-03
  -5.9029700e-02  -5.0293681e-03
  -5.8914855e-02  -3.5136349e-03
  -6.2943896e-02   2.5168144e-03
  -6.0314835e-02   3.0174844e-03
  -6.1477713e-02   1.0038043e-03
  -6.6600694e-02  -1.5054148e-03
  -4.7478815e-02  -6.5405547e-03
  -5.9149097e-02  -1.5117891e-03
  -5.6465915e-02   5.0298084e-04
  -5.2615966e-02   5.0304323e-04
  -5.7860671e-02   5.0395208e-03
  -4.8622047e-02   0.0000000e+00
  -4.4913443e-02  -5.5347034e-03
  -6.0256410e-02   0.0000000e+00
  -5.5073223e-02  -2.5100638e-03
  -6.5449129e-02  -5.0281825e-04
  -6.8015662e-02   1.0055348e-03
  -6.9093652e-02   2.5063050e-03
  -1.4571701e-01  -4.4851838e-03
  -1.4387289e-01  -1.5026831e-03
  -1.4487116e-01   1.4995929e-03
  -1.3873518e-01   0.0000000e+00
  -1.3818657e-01  -2.9949379e-03
  -1.3204043e-01  -6.5049882e-03
  -1.2446809e-01  -7.5174410e-03
  -1.2344063e-01  -2.5109605e-03
  -1.2179392e-01   2.0030626e-03
  -1.1538411e-01   1.5029673e-03
  -1.0641005e-01   1.0025641e-03
  -9.8810585e-02  -5.0200692e-03
  -1.0384206e-01  -4.5122536e-03
  -9.6052401e-02  -6.0131631e-03
  -9.1114788e-02  -2.0088921e-03
  -8.2050923e-02   1.5058793e-03
  -7.6920683e-02   4.0166431e-03
  -7.0512786e-02   5.0222034e-04
  -7.8282177e-02   1.0050895e-03
  -7.4649806e-02  -5.0411996e-03
  -6.9641623e-02  -3.0313675e-03
  -6.4102439e-02  -1.0046965e-03
  -5.3898889e-02   2.0120917e-03
  -5.1330649e-02   4.5275674e-03
  -5.0098203e-02   2.5178938e-03
  -5.1332575e-02  -1.0061261e-03
  -5.0147485e-02  -3.0244567e-03
  -4.1063719e-02  -5.5352448e-03
  -3.4717948e-02  -1.5128137e-03
  -2.4431256e-02   0.0000000e+00
  -1.9267834e-02   5.0389722e-03
  -1.4143969e-02   4.0353695e-03
  -1.4129441e-02   6.0470736e-03
  -5.1434198e-03   5.0444709e-04
  -5.1383299e-03   1.0078973e-03
   0.0000000e+00  -1.0099010e-03
   2.5715590e-03  -5.5489506e-03
   1.2858499e-03   1.5133524e-03
   9.0188128e-03   1.0108776e-03
   3.4717948e-02   1.5128137e-03
   3.6003886e-02   1.0085154e-03
   4.3719004e-02   1.0083320e-03
   5.1483912e-02   3.5318847e-03
   5.1329074e-02   6.0367566e-03
   6.5447598e-02   3.5197277e-03
   6.8150046e-02   1.5112779e-03
   6.9436202e-02   0.0000000e+00
   7.5639701e-02   3.0126561e-03
   7.3221022e-02   1.5094653e-03
   8.1087161e-02   3.5277972e-03
   8.1001136e-02   7.0486425e-03
   8.5116367e-02   4.0389705e-03
   8.6148911e-02   4.5301224e-03
   9.0277733e-02   5.0473679e-04
   9.2763474e-02   3.0250138e-03
   1.0049431e-01   2.5197370e-03
   9.6524009e-02   7.5534605e-03
   1.0414432e-01   7.0397566e-03
   1.0048587e-01   7.0552636e-03
   1.0307230e-01   5.0386968e-04
   1.0446408e-01   1.0086534e-03
   1.4529457e-01   5.0132929e-03
   1.4283426e-01   1.1544353e-02
   1.4572007e-01   7.0392399e-03
   1.4529592e-01   4.5119636e-03
   1.4658747e-01   5.0127432e-04
   1.4975056e-01   2.0125107e-03
   1.4328837e-01   5.5374636e-03
   1.4414457e-01   7.0262387e-03
   1.4784447e-01   1.0024378e-02
   1.6360928e-01   7.5224112e-03
   1.6939486e-01   2.9954071e-03
   1.7246840e-01   4.5050778e-03
   1.6200227e-01   7.0080979e-03
   1.6022305e-01   7.0441062e-03
   1.5283868e-01   9.5095793e-03
   1.5557140e-01   7.5131472e-03
   1.5186660e-01   7.0215485e-03
   1.5445060e-01   4.0113903e-03
   1.5815954e-01  -1.5022759e-03
   1.7616187e-01   9.9976460e-04
   1.6729394e-01   1.0016380e-02
   1.7163643e-01   1.3556551e-02
   1.6631790e-01   1.2546484e-02
   1.7504401e-01   4.0034724e-03
   1.8791996e-01   1.4992681e-03
   1.9712345e-01   2.4986914e-03
   2.0077545e-01   6.4874289e-03
   2.1105921e-01   8.4731830e-03
   2.2048321e-01   1.0974161e-02
   2.2239036e-01   1.1933373e-02
   2.2756427e-01   8.4471875e-03
   2.2802865e-01   6.4720361e-03
   2.2395150e-01   4.4785795e-03
   2.1752091e-01   2.9881601e-03
   2.1491637e-01   8.9673541e-03
   2.1875999e-01   1.0954817e-02
   2.1724839e-01   1.1941139e-02
   2.2135836e-01   7.9645432e-03
   2.1901573e-01   5.4826871e-03
   2.2204294e-01   2.4961247e-03
   2.2029886e-01   6.4784844e-03
   2.1641750e-01   8.9745676e-03
   2.1275574e-01   9.9861448e-03
   2.0073541e-01   1.1976792e-02
   2.0007711e-01   7.5083979e-03
   1.9692104e-01   4.9925460e-03
   1.9435405e-01   2.4970006e-03
   1.8514790e-01   6.4923384e-03
   1.7776829e-01   9.5149876e-03
   1.6617772e-01   9.0246598e-03
   1.7133624e-01   8.0178605e-03
   1.7779421e-01   4.0063106e-03
   1.7779945e-01   1.0015776e-03
   1.7135239e-01   4.0089302e-03
   1.6329855e-01   4.0041394e-03
   1.5974206e-01   8.0268279e-03
   1.5715446e-01   1.0035924e-02
   1.6473665e-01   7.0132111e-03
   1.6313839e-01   3.5002136e-03
   1.5589501e-01   2.5092762e-03
   1.4544490e-01   1.5054586e-03
   1.4314624e-01   5.5320360e-03
   1.4185140e-01   7.0415297e-03
   1.4242812e-01   8.5078130e-03
   1.4528569e-01   7.5199394e-03
   1.4386902e-01   4.0071549e-03
   1.3670467e-01   2.5158893e-03
   7.5634810e-02   6.5274214e-03
   7.4505020e-02   2.5156347e-03
   6.8144713e-02   6.5488708e-03
   6.3067329e-02   4.0348583e-03
   5.6465503e-02   2.0119234e-03
   5.1434224e-02   0.0000000e+00
   4.3762183e-02   1.5139939e-03
   3.6003798e-02   1.5127731e-03
   3.4649134e-02   2.5163817e-03
   2.5767885e-02   2.0214067e-03
   2.1859502e-02   1.0087595e-03
   2.4358927e-02  -1.0057406e-03
   1.6699205e-02   3.5273770e-03
   1.9249153e-02   4.0271992e-03
   1.7984155e-02   1.0078087e-03
   7.7227117e-03   2.0197663e-03
   0.0000000e+00   3.5381566e-03
   5.1332575e-03  -1.0069023e-03
   8.9655172e-03   0.0000000e+00
   1.0246305e-02   0.0000000e+00
   1.1572695e-02   5.0443105e-04
   6.4228747e-03   2.0157857e-03
   3.8536872e-03   3.0237021e-03
   7.6921244e-03   3.5206484e-03
   5.1332650e-03   5.0345116e-04
   1.2807782e-03   2.0098512e-03
   1.2820357e-03  -2.5147917e-03
  -1.2820288e-03  -3.0177500e-03
   2.5691386e-03  -2.5197579e-03
  -1.1560700e-02   5.0393264e-03
   3.8423477e-03   1.5073826e-03
   0.0000000e+00   2.0118343e-03
  -6.4102065e-03   2.0118099e-03
  -8.9915637e-03   5.5433457e-03
  -7.6922740e-03  -1.5088493e-03
  -1.2858499e-02  -1.5132791e-03
  -8.9743546e-03  -5.0294660e-04
  -7.6998975e-03   5.0344625e-04
  -3.8499431e-03   1.0069058e-03
  -8.9829380e-03   4.0275445e-03
  -1.5384496e-02   2.0116935e-03
  -2.0492253e-02   3.0144038e-03
  -2.3053639e-02  -3.5166884e-03
  -2.1794861e-02  -5.0288791e-04
  -2.3054176e-02   5.0238406e-04
  -2.1816217e-02   2.0135368e-03
  -2.3099299e-02   3.0202537e-03
  -2.8120826e-02   4.5122187e-03
  -3.0769171e-02   1.0056355e-03
  -2.8121261e-02  -3.5095034e-03
  -2.4334397e-02  -3.5166253e-03
  -2.5666338e-02   0.0000000e+00
  -2.4358785e-02   2.0114812e-03
  -2.1794194e-02   4.0231033e-03
  -1.9230535e-02   2.5145178e-03
  -1.7931034e-02   0.0000000e+00
  -1.5384249e-02  -3.5204635e-03
  -1.7913377e-02  -5.0192085e-04
  -1.9174032e-02   5.0142039e-04
  -2.0472431e-02  -5.0190627e-04
  -2.1773357e-02   1.0047852e-03
  -1.5384496e-02   2.0116935e-03
  -1.5384615e-02   0.0000000e+00
  -2.0573689e-02   0.0000000e+00
  -2.1816217e-02  -2.0135368e-03
  -2.4382973e-02   1.0067331e-03
  -2.3099704e-02   0.0000000e+00
  -1.5014215e-01  -4.5011726e-03
  -1.5609480e-01  -4.9838826e-03
  -1.6024519e-01  -5.9901598e-03
  -1.6777666e-01  -4.4849675e-03
  -1.6938957e-01  -4.9923451e-03
  -1.6553812e-01  -5.4936409e-03
  -1.6169155e-01  -4.4964467e-03
  -1.5369451e-01  -4.9898785e-04
  -1.4772612e-01   2.0029197e-03
  -1.4999883e-01  -1.9985742e-03
  -1.4629463e-01  -3.5020792e-03
  -1.4728349e-01  -4.9926872e-03
  -1.4600411e-01  -4.4939116e-03
  -1.4373086e-01  -1.5012176e-03
  -1.4486926e-01  -2.9991857e-03
  -1.4001149e-01  -5.5116007e-03
  -1.3629903e-01  -2.5085051e-03
  -1.3603132e-01  -1.0014425e-03
  -1.2679797e-01  -5.0008989e-04
  -1.2307208e-01  -4.5064759e-03
  -1.2063032e-01  -2.5065072e-03
  -1.1304210e-01  -2.5102900e-03
  -1.0790466e-01  -1.5066764e-03
  -1.1036520e-01   5.0165053e-04
  -1.0374339e-01  -1.5026121e-03
  -1.0286825e-01   1.0057582e-03
  -1.0246261e-01  -1.5027287e-03
  -1.0039560e-01  -1.5103542e-03
  -9.3866310e-02  -2.5157057e-03
  -9.1203931e-02  -3.0163012e-03
  -8.0848924e-02  -5.0248427e-04
  -8.3497861e-02  -1.0058325e-03
  -7.9723046e-02   0.0000000e+00
  -7.3293446e-02  -1.5109536e-03
  -7.5715106e-02  -2.0104133e-03
  -6.8015762e-02  -5.0276742e-04
  -6.8150213e-02  -1.0075186e-03
  -6.5448874e-02  -1.5084547e-03
  -6.6798386e-02  -5.0328860e-04
  -5.5127240e-02  -3.0150417e-03
  -5.0098814e-02   0.0000000e+00
  -5.1432613e-02   4.0324534e-03
  -4.1147379e-02   0.0000000e+00
  -3.4649134e-02  -2.5163817e-03
  -3.5932855e-02   5.0326287e-04
  -3.0921644e-02   1.0106160e-03
  -3.0891089e-02   0.0000000e+00
  -2.7029372e-02  -2.5242069e-03
  -2.4431256e-02   0.0000000e+00
  -2.1859534e-02   5.0437974e-04
  -1.5430199e-02   1.5132465e-03
  -7.6999013e-03   0.0000000e+00
   0.0000000e+00  -1.5148515e-03
   5.1637894e-03   2.5322541e-03
   6.4228120e-03   3.0236785e-03
   1.1595639e-02   0.0000000e+00
   1.6749183e-02   1.5162270e-03
   2.4479490e-02  -2.0214454e-03
   3.2178076e-02   1.5143876e-03
   3.7399616e-02   4.0459450e-03
   4.2557430e-02   5.0568146e-03
   5.5346535e-02   0.0000000e+00
   5.9149357e-02   0.0000000e+00
   5.8033401e-02   4.5490406e-03
   5.8034315e-02   3.5381427e-03
   1.5733500e-01   4.5205815e-03
   1.6395225e-01   5.0247452e-04
   1.7091600e-01   1.0072680e-03
   1.7333299e-01   1.0060223e-03
   1.8346275e-01   1.0039642e-02
   1.9748223e-01   9.5134604e-03
   2.1018836e-01   8.4908929e-03
   2.1061277e-01   7.5064783e-03
   2.1189064e-01   9.5067093e-03
   2.2764265e-01   6.4981234e-03
   2.3645822e-01   6.9828225e-03
   2.4159234e-01   1.0965249e-02
   2.4040314e-01   1.0416780e-02
   2.4008081e-01   8.9645488e-03
   2.4656413e-01   4.4782513e-03
   2.4422253e-01   4.9824149e-03
   2.5017071e-01   7.4525165e-03
   2.4884947e-01   1.0932365e-02
   2.5167778e-01   1.0938801e-02
   2.4935431e-01   9.9575716e-03
   2.5455735e-01   5.4725978e-03
   2.5740102e-01   6.9346540e-03
   2.6281590e-01   5.9451192e-03
   2.6904394e-01   4.4723822e-03
   2.6590487e-01   7.9388664e-03
   2.5759537e-01   1.2890925e-02
   2.6509212e-01   1.2430597e-02
   2.5762508e-01   1.0411901e-02
   2.4811661e-01   1.0405564e-02
   2.4423025e-01   2.9894489e-03
   2.3645822e-01   6.9828225e-03
   2.3471656e-01   3.4853112e-03
   2.3257117e-01   8.4835609e-03
   2.2906401e-01   9.9457352e-03
   2.2262868e-01   1.3518203e-02
   2.1167195e-01   1.0497251e-02
   2.0483366e-01   7.4893466e-03
   2.0851117e-01   2.9914668e-03
   2.1000898e-01   1.4969456e-03
   2.0871495e-01   3.9924761e-03
   2.0653121e-01   7.5027084e-03
   2.0671002e-01   1.1014641e-02
   2.0023639e-01   1.2526148e-02
   1.9819597e-01   7.4877177e-03
   2.1042328e-01   2.9996857e-03
   2.0296195e-01   2.4896029e-03
   1.8624155e-01   7.9817275e-03
   1.7905303e-01   1.0014439e-02
   1.7311580e-01   1.1557957e-02
   1.7925097e-01   6.5157227e-03
   1.7923730e-01   9.0217699e-03
   1.8202546e-01   1.0031240e-03
   1.6346022e-01   4.0080423e-03
   1.5377734e-01   0.0000000e+00
   1.4170882e-01   7.5371068e-03
   1.3384013e-01   9.0413034e-03
   1.2971516e-01   1.0530688e-02
   1.3412593e-01   2.0131230e-03
   1.3012782e-01   2.0117502e-03
   1.1759420e-01  -1.0097936e-03
   1.1090921e-01   4.0329675e-03
   1.0424435e-01   8.0533510e-03
   1.0156466e-01   9.5554417e-03
   1.0672179e-01   4.5248365e-03
   9.8112434e-02   2.0200743e-03
   9.1295702e-02   5.0321167e-04
   9.4053334e-02  -1.0082665e-03
   9.6500178e-02   1.3596229e-02
   9.2382567e-02   9.5415759e-03
   1.0405138e-01   0.0000000e+00
   1.1698997e-01  -1.0048398e-02
   1.1164808e-01  -1.5048257e-03
   1.1056195e-01   1.0052716e-02
   1.1032892e-01   1.3042914e-02
   1.0231459e-01   1.5513008e-02
   1.0255433e-01   7.0196073e-03
   1.0394786e-01  -2.0074132e-03
   1.0917608e-01  -8.0349490e-03
   1.1443169e-01  -6.5325999e-03
   1.1666207e-01   4.5085081e-03
   1.2058573e-01   1.4036440e-02
   1.1626133e-01   1.6482820e-02
   1.1417760e-01   1.3039603e-02
   1.1946640e-01   0.0000000e+00
   1.1046778e-01  -5.5235695e-03
   1.0276359e-01  -4.0190822e-03
   1.0265815e-01   6.0227090e-03
   1.0017807e-01   1.0049246e-02
   9.1179896e-02   1.2065205e-02
   9.8813041e-02   3.5140485e-03
   1.0384489e-01  -2.5068075e-03
   9.6343826e-02  -5.0257429e-04
   9.0098966e-02  -5.0374209e-04
   7.9719147e-02   5.0350513e-03
   7.4642893e-02   8.5700393e-03
   5.9078191e-02   1.0572088e-02
   5.5287896e-02   6.0479446e-03
   4.6149448e-02  -7.0369866e-03
   4.7573841e-02  -5.5452491e-03
   5.8972036e-02  -4.5219766e-03
   7.1864870e-02   2.5134378e-03
   6.0357080e-02   1.2585249e-02
   4.6227369e-02   1.4101752e-02
   3.9819782e-02   5.5408792e-03
   2.5615316e-02  -3.0141932e-03
   1.0255807e-02  -5.5323722e-03
   7.6839982e-03  -7.0343599e-03
   1.2857795e-02  -5.5486900e-03
   1.1549042e-02   6.0412226e-03
   1.0282902e-02   1.4124187e-02
   1.4126787e-02   1.1590224e-02
   1.6666537e-02   2.0116690e-03
   8.9828636e-03  -4.5309876e-03
   6.4028192e-03  -9.5466822e-03
   3.8420494e-03  -6.5319912e-03
   2.5640913e-03  -1.5088728e-03
   7.7073255e-03   3.5276060e-03
   1.4114938e-02   7.5513811e-03
   1.2793689e-03   8.0314922e-03
  -1.2858499e-03  -1.5133524e-03
  -1.2794526e-02  -5.5213861e-03
  -2.9545440e-02  -5.0382247e-04
  -4.4915303e-02   3.0189291e-03
  -6.4164312e-02   3.5199005e-03
  -7.3076781e-02  -1.0043316e-03
  -8.2044540e-02  -6.5254768e-03
  -7.8196573e-02  -7.5307642e-03
  -8.3165263e-02  -5.0094437e-03
  -8.9478859e-02   0.0000000e+00
  -9.5057015e-02   3.5182746e-03
  -9.7338720e-02   2.5053020e-03
  -9.4871057e-02  -2.0064983e-03
  -9.0932386e-02  -4.5111442e-03
