   5.1222553e-03  -9.5467239e-03
   2.5640913e-03  -1.5088728e-03
   2.5691587e-03  -1.5118548e-03
   5.1485149e-03   0.0000000e+00
   1.5384615e-02   0.0000000e+00
   3.8613388e-03  -2.5247413e-03
   9.0179625e-03  -7.0761429e-03
   1.1606680e-02  -4.5533899e-03
   1.5445355e-02  -2.5245743e-03
   1.4144405e-02  -5.0442118e-04
   1.2858550e-02  -5.0442636e-04
   1.5430146e-02  -2.0176620e-03
   1.4158388e-02  -1.0098411e-03
   6.4290232e-03  -4.5400038e-03
   5.1331075e-03  -4.0276093e-03
   1.2770138e-02   0.0000000e+00
   2.0573327e-02  -3.0263273e-03
   1.5444931e-02  -4.5442337e-03
   2.1880663e-02  -3.5341529e-03
   2.8513040e-02  -5.0835230e-03
   1.6519968e-02  -1.4954804e-03
   2.8148502e-02   4.5166578e-03
   2.8280178e-02  -1.2608291e-02
   1.1572497e-02   3.0265863e-03
   4.2138018e-02  -6.5093509e-03
   1.1481292e-02   5.0047116e-03
   3.5721295e-02   0.0000000e+00
   2.3099603e-02   1.5101269e-03
   3.3169375e-02  -2.5016392e-03
   4.2055913e-02  -5.9968623e-03
   2.4358963e-02   5.0287031e-04
   5.1230632e-02  -3.0124400e-03
   4.0943276e-02  -4.5154774e-03
   4.3461160e-02   0.0000000e+00
   5.2254676e-02  -1.4987897e-03
   4.0901774e-02  -6.0147224e-03
   5.8455272e-02  -1.4940915e-03
   5.5965447e-02  -5.4841566e-03
   5.9899082e-02  -4.9947004e-03
   5.2252868e-02  -4.4963690e-03
   5.3527328e-02  -4.4961900e-03
   5.5849762e-02  -9.4541670e-03
   4.9412858e-02  -4.9671730e-03
   5.4792310e-02  -1.0490682e-02
   5.7462264e-02  -5.5054293e-03
   6.6192805e-02  -1.1473865e-02
   6.9016907e-02  -8.5130816e-03
   6.2551677e-02  -1.3510880e-02
   6.2853103e-02  -1.5588881e-02
   5.6800591e-02  -4.0477764e-03
   6.7947528e-02  -3.0136377e-03
   6.2689077e-02  -8.0221718e-03
   5.2341783e-02  -1.2514412e-02
   4.3408332e-02  -1.1015469e-02
   3.9703740e-02  -3.0133732e-03
   4.0940420e-02  -7.5257957e-03
   4.3537481e-02  -1.0545809e-02
   3.9697479e-02  -9.5423485e-03
   3.5999449e-02  -8.0681230e-03
   3.5960638e-02  -1.0578956e-02
   3.2235719e-02  -1.0115937e-02
   2.5711025e-02  -1.1095752e-02
   2.1812136e-02  -1.0067684e-02
   1.9225385e-02  -1.2069685e-02
   1.5396495e-02  -1.0571815e-02
   1.4070878e-02  -1.2046538e-02
   1.0234431e-02  -9.5371059e-03
   8.9543988e-03  -1.1545002e-02
   1.0228687e-02  -1.9576165e-02
   2.4213708e-02  -2.3518974e-02
   3.1993613e-02  -2.0594739e-02
   3.0851103e-02  -1.2607724e-02
   1.9283674e-02  -1.0592306e-02
   2.7043731e-02  -1.5665587e-02
   2.8219761e-02  -1.5603428e-02
   3.4671457e-02  -1.3601879e-02
   3.2134932e-02  -1.3616016e-02
   3.5994643e-02  -1.1597927e-02
   3.2108966e-02  -9.5721785e-03
   2.5638582e-02  -7.0400509e-03
   3.0701465e-02  -1.1040227e-02
   2.8085835e-02  -1.2521634e-02
   3.9662108e-02  -6.5225551e-03
   3.9548501e-02  -1.0005185e-03
   4.0862843e-02  -4.5066149e-03
   4.3459816e-02  -4.0095593e-03
   3.3234603e-02  -2.5065556e-03
   3.0616779e-02  -5.0035192e-03
   2.9399841e-02   2.5067337e-03
   3.4513258e-02   5.0129829e-04
   4.2307178e-02  -2.5134622e-03
   4.4827499e-02   1.0043292e-03
   4.6290711e-02   1.0082631e-03
   4.2475164e-02   1.0093624e-03
   3.8652131e-02   0.0000000e+00
   3.7142406e-02   2.5112905e-03
   3.7326733e-02   0.0000000e+00
   4.2307178e-02   2.5134622e-03
   4.3459059e-02   5.0119492e-03
   4.7288562e-02   9.0205808e-03
   4.4782076e-02   4.0133674e-03
   3.6003798e-02   1.5127731e-03
   3.8498306e-02   4.0258756e-03
   3.9621449e-02   8.0198739e-03
   3.9660437e-02   8.0277601e-03
   4.0940420e-02   7.5257957e-03
   3.7213579e-02   6.0389869e-03
   3.5823371e-02   7.0248919e-03
   3.5858658e-02   7.0318077e-03
   3.7138243e-02   8.0361295e-03
   3.3229801e-02   9.0236003e-03
   3.1951160e-02   9.5251461e-03
   3.0700796e-02   1.1542056e-02
   3.1920354e-02   9.0149637e-03
   3.5919154e-02   1.4091360e-02
   3.2032206e-02   1.7598202e-02
   3.4500201e-02   1.4036352e-02
   3.3260613e-02   1.0537889e-02
   3.1985571e-02   6.5236159e-03
   3.4542961e-02   8.0286616e-03
   4.2296813e-02   1.1561926e-02
   3.8495286e-02   7.5485168e-03
   3.9860821e-02   3.0252844e-03
   3.8423179e-02   2.5112186e-03
   3.9822134e-02   0.0000000e+00
   3.9821959e-02   1.5111489e-03
   3.5932873e-02   0.0000000e+00
   3.4752475e-02   0.0000000e+00
   4.3805748e-02   0.0000000e+00
   3.9861523e-02   0.0000000e+00
   3.6074454e-02  -3.5367951e-03
   3.6074454e-02  -3.5367951e-03
   2.9455712e-02  -6.5303433e-03
   2.8144154e-02  -1.0037017e-02
   2.1725497e-02  -1.1030907e-02
   2.5633236e-02  -1.2571519e-02
   3.2008382e-02  -1.3562389e-02
   3.1942841e-02  -1.5039704e-02
   7.7410173e-02   4.8118925e-04
   1.2207034e-01  -8.1448076e-02
   4.7269560e-02  -1.7038875e-02
   4.9889880e-02  -1.1035180e-02
   3.3312653e-02   3.6776402e-02
   5.7458162e-02  -2.4047267e-02
  -1.6670769e-02  -1.9633132e-02
   1.9480276e-02   2.5471666e-03
   3.4821429e-02   0.0000000e+00
   5.6589301e-02  -2.0178881e-02
   2.9577167e-02  -2.1707244e-02
   3.3322381e-02  -1.3072626e-02
   4.4607757e-02   9.9941180e-04
   4.8168629e-02  -1.6905460e-02
   3.8384246e-02  -2.3103211e-02
   4.0939806e-02  -8.0275154e-03
   4.9556708e-02  -5.9780621e-03
   4.4604221e-02  -6.4961767e-03
   4.4773901e-02  -1.0535089e-02
   4.4730781e-02  -1.0023564e-02
   5.0928897e-02  -3.9930191e-03
   5.0924208e-02  -7.9860382e-03
   3.7252964e-02   0.0000000e+00
   4.7482354e-02  -2.0124784e-03
   5.3843536e-02  -5.0252769e-03
   5.6242876e-02  -3.0060375e-03
   5.0046408e-02  -5.5339062e-03
   5.4005935e-02   0.0000000e+00
   7.4060759e-02  -6.5022253e-03
   6.5123177e-02  -6.0042577e-03
   5.6410010e-02  -1.5074572e-03
   6.1599210e-02   0.0000000e+00
   6.1416847e-02  -2.0056370e-03
   6.8013674e-02  -4.0221394e-03
   6.8014171e-02  -3.5193720e-03
   7.4284416e-02  -3.0098683e-03
   7.4503601e-02  -4.0250155e-03
   6.3445428e-02  -2.5368212e-03
   6.7465036e-02   5.0829802e-04
   7.5024541e-02  -1.5198591e-03
   7.7142845e-02  -7.5534753e-03
   7.3291474e-02  -4.0292096e-03
   7.4431073e-02  -3.0157913e-03
   6.9230769e-02   0.0000000e+00
   6.6591646e-02  -8.5306841e-03
   6.1413039e-02  -6.0169109e-03
   6.6339517e-02  -4.9984028e-04
   8.1969807e-02  -2.0058687e-03
   7.9251325e-02   3.0032738e-03
   8.7177961e-02  -3.0109886e-03
   7.9484049e-02  -4.5181893e-03
   8.0848924e-02   5.0248427e-04
   7.1936197e-02  -2.0127311e-03
   6.6930398e-02   1.5128477e-03
   7.6922478e-02  -2.0083215e-03
   6.8082971e-02  -5.0326287e-04
   6.9299112e-02   0.0000000e+00
   6.4102564e-02   0.0000000e+00
   6.5320197e-02   0.0000000e+00
   6.6533854e-02   3.5091864e-03
   6.4035648e-02   5.5203996e-03
   4.6329277e-02   9.0833407e-03
   3.8649398e-02   6.0627321e-03
   3.6109672e-02   4.5518157e-03
   3.3264994e-02   6.5234549e-03
   3.0826187e-02   8.0609746e-03
   3.3458115e-02   1.0600449e-02
   3.6002195e-02   5.0425768e-03
   3.9743281e-02   2.0108948e-03
   3.4546976e-02   2.0071654e-03
   3.4751862e-02   3.0286210e-03
   3.7400131e-02   3.0344587e-03
   3.0981881e-02   4.5567994e-03
   2.5767771e-02   2.5267584e-03
   2.8260649e-02  -2.0153341e-03
   2.6949326e-02  -2.5167347e-03
   2.3099299e-02  -3.0202537e-03
   1.5384496e-02  -2.0116935e-03
   1.6765345e-02  -4.0472825e-03
   2.3144484e-02  -4.5393399e-03
   2.3122518e-02  -5.0387287e-04
   2.6893211e-02  -8.0376887e-03
   1.7983479e-02  -4.5351392e-03
   1.8000913e-02  -5.5484295e-03
   1.6747406e-02  -7.5811349e-03
   1.6698431e-02  -6.0469319e-03
   1.2794879e-02  -4.0155535e-03
   6.3784311e-03  -5.5053312e-03
   6.3782837e-03  -6.5063005e-03
   3.8231693e-03  -6.9999697e-03
   0.0000000e+00  -7.4926543e-03
   1.2832412e-03  -5.5380032e-03
   7.6980861e-03  -1.1075818e-02
   1.0244511e-02  -9.5465015e-03
   1.1535988e-02  -1.0561714e-02
   1.4073467e-02  -7.0271472e-03
   1.7963277e-02  -9.5647332e-03
   2.3047745e-02  -1.2057217e-02
   2.0546580e-02  -1.3101129e-02
   1.6745630e-02  -1.0613589e-02
   2.4426477e-02  -1.0087240e-02
   3.0822080e-02  -1.1587651e-02
   3.4639835e-02  -1.2078632e-02
   2.6973704e-02  -7.0538174e-03
   3.3393325e-02  -9.5719403e-03
   3.8610663e-02  -6.5614626e-03
   4.6147361e-02  -8.5449123e-03
   3.5967519e-02  -3.5263185e-03
   4.2222364e-02  -5.0170393e-03
   4.4562015e-02  -4.9921705e-03
   4.9801134e-02  -5.0061508e-03
   4.8574214e-02   5.0112523e-04
   4.4606107e-02  -4.4973531e-03
   3.9586490e-02  -3.5052514e-03
   4.8478527e-02  -2.0005721e-03
   5.5126489e-02   4.0200556e-03
   4.7527324e-02   5.0361608e-03
   4.3675548e-02   2.0146736e-03
   4.8572336e-02   4.5101271e-03
   4.6016898e-02   3.0069662e-03
   4.9900971e-02   2.5079955e-03
   4.3626631e-02   8.5539197e-03
   4.2388800e-02   5.5405333e-03
   4.3587179e-02   5.5294369e-03
   4.4915018e-02   3.5220840e-03
   4.9901575e-02   0.0000000e+00
   4.7389140e-02   5.0212954e-04
   0.0000000e+00   4.9618857e-02
   9.1631829e-02  -2.5790718e-02
   0.0000000e+00   1.3579882e-02
   4.7264024e-02   9.7814139e-03
   1.2852515e-02  -1.5637217e-02
   4.3503178e-02   3.0101260e-03
   2.4003706e-02  -1.9821694e-03
   3.0594691e-02  -2.0014077e-02
   2.4922784e-02  -5.6599084e-03
   4.0494333e-02   1.0246285e-02
   4.1609774e-02   1.9776487e-03
   3.6858858e-02  -3.0457844e-02
   2.8422628e-02  -1.1150416e-02
   5.1635984e-02  -5.0605574e-03
   2.3231280e-02   1.1646600e-02
   3.2080671e-02  -6.0396220e-03
   2.6865381e-02  -9.5353649e-03
   3.2173661e-02  -8.5815299e-03
   3.8728898e-02   0.0000000e+00
   2.8428525e-02  -4.0546966e-03
   2.9626259e-02  -1.1117033e-02
   4.6009670e-02  -9.5220597e-03
   4.2475060e-02  -1.5140435e-03
   4.5182288e-02   4.0491935e-03
   3.8612650e-02  -4.0378231e-03
   3.8384321e-02  -4.5157484e-03
   3.9587254e-02  -1.5022506e-03
   3.8536026e-02  -4.5335815e-03
   3.6002195e-02  -5.0425768e-03
   5.4328251e-02   1.0140403e-03
   3.7032255e-02   4.0062333e-03
   3.9509785e-02   4.9976924e-04
   3.8499488e-02  -5.0323445e-04
   5.2717500e-02   5.0403673e-03
   3.5884776e-02   1.9716236e-02
  -5.7618092e-02   1.0688675e-01
   6.7153419e-02   1.7729497e-02
   2.6572253e-02   3.4821961e-02
   7.0590649e-02  -5.5121420e-02
   6.4225344e-02  -1.2339592e-02
   7.4931720e-02  -1.7419733e-02
   2.2797653e-02   2.6864151e-02
   4.9942886e-02  -9.0376659e-03
  -6.0613181e-02   4.0507633e-02
   4.8228338e-02  -1.3290750e-02
   7.2783849e-02  -6.5025849e-03
   7.2365483e-02   1.5185238e-03
   8.5211834e-02   8.9631471e-03
   7.5629111e-02  -9.0379682e-03
   3.2113355e-02   4.5341898e-03
   2.1837561e-02  -3.0232889e-03
   7.7215461e-03   9.0889485e-03
   2.8146934e-02   7.0259121e-03
   4.5919398e-02   9.5033940e-03
   5.7578294e-02   2.0059075e-03
   6.1416847e-02   2.0056370e-03
   2.2144244e-02  -1.0218958e-03
   2.7435800e-02   5.1244869e-03
   4.4827499e-02   1.0043292e-03
   5.4324356e-02  -1.4855839e-03
   5.1215994e-02   1.2551833e-02
   4.6199048e-02  -2.0125499e-03
   3.8342078e-02   9.0226239e-03
   2.9400197e-02   0.0000000e+00
   3.5014250e-02  -1.5263921e-02
   4.0701208e-02   6.4841022e-03
   2.0593898e-02   2.0195486e-03
   3.8347916e-02  -1.5037707e-03
   5.2409046e-02   0.0000000e+00
   3.7032756e-02   3.0046750e-03
   3.4614560e-02   3.5194626e-03
   3.0708290e-02   2.5091426e-03
   2.8286830e-02   6.0519798e-03
   5.2407425e-02   4.0085432e-03
   6.2511785e-02  -1.9996521e-03
   8.1981941e-02  -5.0949839e-04
   8.6598103e-02   2.0253549e-02
   9.1545659e-02   1.1103443e-02
   9.3589744e-02   0.0000000e+00
   9.4300629e-02   8.4777186e-03
   1.0939204e-01   2.4863203e-03
   1.1066345e-01   2.9833391e-03
   1.0384535e-01  -2.0054460e-03
   1.1409702e-01  -5.0103236e-03
   9.6343826e-02   5.0257429e-04
   8.7343421e-02   7.0394623e-03
   8.7078341e-02   9.5254452e-03
   6.8010195e-02   6.5359765e-03
   5.5177357e-02   7.0420297e-03
   5.5073651e-02  -1.5060383e-03
   4.7621428e-02  -5.0461201e-03
   5.1231428e-02  -1.0041467e-03
   4.9901551e-02   5.0159909e-04
   4.4823910e-02   6.5281397e-03
   4.6010493e-02   9.0208987e-03
   3.4717269e-02   3.5298987e-03
   3.4683727e-02  -1.0075466e-03
   3.0708126e-02  -3.0109711e-03
   2.4381583e-02  -5.5370321e-03
   2.8149606e-02   0.0000000e+00
   2.5614520e-02   5.0236554e-03
   2.8062827e-02   8.5063593e-03
   2.8204250e-02   4.0227219e-03
   2.1773357e-02   1.0047852e-03
   2.4311024e-02   0.0000000e+00
   2.1816376e-02  -5.0338420e-04
   1.7948718e-02   0.0000000e+00
   2.1751926e-02  -1.0037965e-03
   1.9230732e-02   1.0058071e-03
   2.6868777e-02   5.0186131e-03
   3.5861216e-02   3.5159038e-03
   4.0985202e-02  -5.0221353e-04
   4.8669927e-02   5.0211129e-04
   5.5073223e-02   2.5100638e-03
   6.6467407e-02   4.5073862e-03
   7.8123491e-02   5.5171391e-03
   8.7006820e-02   2.5042399e-03
   7.4282109e-02   5.0164471e-03
   6.6864491e-02   0.0000000e+00
   5.3793077e-02   5.0203344e-04
   5.1179516e-02  -4.0126394e-03
   5.0198020e-02   0.0000000e+00
   6.6664041e-02   4.5206868e-03
   7.4203398e-02   8.0184411e-03
   8.0759178e-02   8.0318501e-03
   8.5807769e-02   5.5150912e-03
   7.1724103e-02   5.0170005e-04
  -1.9336667e-02  -2.7345526e-02
   1.9115213e-02   2.4020950e-02
   6.4544312e-03  -5.5709343e-03
   5.8054687e-02   2.9374206e-02
   7.2725966e-02  -3.0521705e-03
   7.7427870e-03   1.4180483e-02
   4.2359861e-02   1.9643709e-02
   4.4782684e-02  -3.0100255e-03
   3.6924584e-02   0.0000000e+00
   7.9909175e-02  -3.6937869e-02
   4.6014496e-02   6.0139325e-03
   6.8964060e-02   1.9663429e-02
  -3.8588430e-03   2.9316025e-02
   6.4021514e-02  -1.2044508e-02
   4.3497111e-02  -9.0303780e-03
   6.0528287e-02  -2.7291777e-02
   6.4083090e-02   1.2558706e-02
   3.9483835e-02   1.8491462e-02
   2.4441601e-02   1.7165280e-02
   4.7154121e-02   5.4963850e-03
   3.7213996e-02   5.5357380e-03
   4.5004153e-02  -3.0248941e-03
   9.0567356e-02  -2.3988877e-02
   7.7186534e-02  -1.6634041e-02
   6.8073400e-02   8.5554688e-03
   6.6464355e-02   2.3561680e-02
   5.2676292e-02   3.0776633e-02
   6.4174006e-02  -2.1140221e-02
   5.1209164e-02  -1.5062200e-02
   2.8203469e-02  -5.5312427e-03
   1.1571591e-02   7.0620347e-03
   2.2935842e-02   1.0998288e-02
   3.5887385e-02   1.2066406e-02
   5.2563464e-02   2.5127397e-03
   5.1331450e-02  -3.5214413e-03
   4.1063259e-02  -6.0384489e-03
   3.9900814e-02  -1.5141384e-03
   4.7388588e-02   2.5106477e-03
   5.6344809e-02   9.5378405e-03
   7.0567267e-02   1.0557008e-02
   6.9226696e-02   5.5247158e-03
   7.9561770e-02  -5.0251476e-03
   7.1864485e-02  -3.0161253e-03
   5.9265174e-02   3.5344854e-03
   7.1647679e-02   6.5157007e-03
   7.4210298e-02   4.0092206e-03
   7.4209004e-02   5.0115257e-03
   6.7944720e-02   5.5250025e-03
   3.4715656e-02   6.0512549e-03
   3.9782125e-02  -3.0193170e-03
   5.6408501e-02  -4.0198859e-03
   6.2944172e-02   2.0134515e-03
   7.1719126e-02   6.0204006e-03
   7.1793999e-02   2.5109666e-03
   7.0582291e-02   1.0054293e-03
   6.2819016e-02   3.5166065e-03
   7.1793161e-02   3.5153532e-03
   9.0935961e-02   0.0000000e+00
   8.2995643e-02   7.9994272e-03
   7.3069959e-02   7.0303213e-03
   7.0652139e-02   5.0320995e-04
   6.6665500e-02  -3.0137912e-03
   6.9436168e-02   5.0373300e-04
   7.0369108e-02   6.0148154e-03
   7.4356660e-02   4.0171025e-03
   7.4134466e-02   6.0079367e-03
   7.0512512e-02   1.5066610e-03
   7.6922927e-02  -1.0041608e-03
   8.0530000e-02  -2.5025775e-03
   6.9434537e-02   3.5261310e-03
   6.6798125e-02   1.5098658e-03
   5.3846154e-02   0.0000000e+00
   5.5182518e-02   1.0060042e-03
   5.8916142e-02   1.0038957e-03
   6.2758347e-02   1.5056357e-03
   6.5319405e-02   2.5091499e-03
   6.2633718e-02   3.5062571e-03
   7.4357203e-02   3.5149647e-03
   7.3288606e-02   6.0438144e-03
   6.8080877e-02   4.0261030e-03
   6.8015795e-02   0.0000000e+00
   7.0512512e-02   1.5066610e-03
   5.8857241e-02   3.0087288e-03
   4.8765828e-02   1.5093037e-03
   4.3589659e-02  -1.0053522e-03
   4.1147057e-02   2.0167942e-03
   4.4960474e-02   0.0000000e+00
   3.5824672e-02   5.5195579e-03
   3.3300234e-02   2.0091931e-03
   3.9704433e-02   0.0000000e+00
   4.0944803e-02  -1.0034394e-03
   2.8260373e-02   3.0230012e-03
   3.2114562e-02   1.0075977e-03
   2.8148734e-02   4.0148069e-03
   3.3300234e-02   2.0091931e-03
   3.0708528e-02   1.5054855e-03
   3.5862069e-02   0.0000000e+00
   2.8205073e-02   1.0056805e-03
   3.7179487e-02   0.0000000e+00
   2.8232627e-02   2.5166820e-03
   3.9702873e-02   4.5200598e-03
   4.7479925e-02   5.5343155e-03
   5.6243175e-02   2.5050312e-03
   5.5073892e-02   0.0000000e+00
   3.0768498e-02   3.5197243e-03
   2.6870066e-02   5.0186131e-04
   3.7215537e-02  -3.0194934e-03
   4.7435897e-02   0.0000000e+00
   4.8621953e-02   1.0032356e-03
   4.4826194e-02   4.0173167e-03
   4.2265497e-02   2.5109885e-03
   3.7141703e-02   4.0180647e-03
   4.8813371e-02   3.0215860e-03
   6.1293703e-02   5.0042634e-03
   6.6666537e-02   1.0045971e-03
   6.3976347e-02  -5.0136175e-04
   6.2882037e-02   2.0114685e-03
   5.6464182e-02   4.0238467e-03
   5.7858718e-02   6.5513770e-03
   5.9028435e-02   6.0352418e-03
   5.7635020e-02   2.0078799e-03
   6.5319912e-02  -1.5054899e-03
   5.6410010e-02  -1.5074572e-03
   4.6199048e-02   2.0125499e-03
   5.0195560e-02   5.0457447e-03
   6.2944172e-02   2.0134515e-03
   6.6661999e-02   6.0275823e-03
   6.6467407e-02   4.5073862e-03
   6.9160413e-02   4.0140277e-03
   8.0769191e-02  -5.0199063e-04
   7.9487141e-02   5.0202103e-04
   8.4780581e-02   3.5201897e-03
   8.8540409e-02   7.0320771e-03
   9.5955458e-02   7.0084896e-03
   9.6238216e-02   7.5312131e-03
   9.9999805e-02  -1.0029542e-03
   2.6896225e-02   2.5117777e-03
   2.6949654e-02   0.0000000e+00
   2.9487122e-02   1.0056585e-03
   2.1837678e-02   2.5194074e-03
   2.1837422e-02   3.5271704e-03
   1.7931000e-02   1.0048305e-03
   2.1751958e-02  -5.0189825e-04
   2.8149484e-02  -1.5055526e-03
   3.4649539e-02  -5.0327635e-04
   2.9544935e-02   3.0229348e-03
   2.9516159e-02   1.5099761e-03
   2.3143487e-02   6.5568244e-03
   3.0677932e-02   3.0080121e-03
   3.5897366e-02   1.0055339e-03
   3.7106299e-02   0.0000000e+00
   3.7142695e-02   1.5067743e-03
   3.3299911e-02   3.0137897e-03
   2.8176232e-02   4.5211056e-03
   3.3267700e-02   5.0180422e-04
   3.4615317e-02   1.0055607e-03
   4.1066060e-02  -1.0064082e-03
   4.9852290e-02  -1.5033198e-03
   5.3899204e-02   1.0060458e-03
   4.9895388e-02   8.0255855e-03
   5.1324573e-02   9.0551349e-03
   6.2754235e-02   6.0225428e-03
   6.0077617e-02   3.0056416e-03
   7.0512683e-02  -1.0044407e-03
   7.0373982e-02   5.0123461e-04
   6.9161722e-02   2.5087673e-03
   6.9225922e-02   6.0269627e-03
   7.0507883e-02   6.0266441e-03
   7.1856783e-02   8.0430009e-03
   8.7007832e-02   5.0084798e-04
   8.7265378e-02  -1.0046492e-03
   8.0848963e-02   0.0000000e+00
   7.9484049e-02   4.5181893e-03
   8.8459431e-02   3.5125870e-03
   8.7345638e-02   6.0338248e-03
   9.3488644e-02   7.0163596e-03
   9.3586057e-02   4.5149422e-03
   9.4685039e-02   0.0000000e+00
   8.9743415e-02   1.0035288e-03
   9.0846281e-02   1.0014946e-03
   9.5961592e-02   4.0048512e-03
   9.4868058e-02   4.5146211e-03
   8.8631128e-02   5.5306379e-03
   8.1961494e-02   7.5220075e-03
   8.5808643e-02   5.0137193e-03
   8.0928498e-02   1.5089366e-03
   7.1936443e-02   1.5095483e-03
   6.7948421e-02   1.5068189e-03
   6.4102564e-02   0.0000000e+00
   6.6535304e-02  -1.0026247e-03
   6.9229928e-02   2.5112344e-03
   7.1859828e-02   6.5349382e-03
   7.3075182e-02   3.5151607e-03
   7.4358070e-02   2.5106891e-03
   5.8796300e-02   6.0115529e-03
   6.0256410e-02   0.0000000e+00
   5.9032577e-02   0.0000000e+00
   6.3976378e-02   0.0000000e+00
   7.1794837e-02  -5.0219332e-04
   6.2937751e-02   7.5504431e-03
   6.0249818e-02   7.5362875e-03
   6.0310927e-02   6.5378829e-03
   6.1598940e-02   1.5086725e-03
   6.0256381e-02   5.0241916e-04
   2.0491974e-02  -4.0192051e-03
   1.6682989e-02   2.0136545e-03
   1.5398895e-02   5.5376174e-03
   2.0471449e-02   5.0190627e-03
   3.0738857e-02   1.0046453e-03
   3.9665354e-02   0.0000000e+00
   3.9743570e-02  -5.0272370e-04
   2.8232751e-02   2.0133456e-03
   3.8537474e-02   1.0074626e-03
   3.3364922e-02   4.5296040e-03
   3.8458845e-02   6.0328632e-03
   4.0983949e-02   4.0177082e-03
   4.8669927e-02  -5.0211129e-04
   4.8717736e-02  -1.5078173e-03
   4.7623552e-02   1.5138360e-03
   4.7575167e-02   4.0329084e-03
   5.1278461e-02   6.0308124e-03
   5.6297876e-02   3.5104891e-03
   6.0136747e-02   3.0085936e-03
   6.0137766e-02   5.0143226e-04
   5.7692280e-02   5.0246403e-04
   5.8974244e-02   1.0048837e-03
   5.9031857e-02   2.5146841e-03
   6.1473536e-02   6.0228257e-03
   6.3972629e-02   5.5149793e-03
   6.4036892e-02   4.5166906e-03
   6.1599210e-02   0.0000000e+00
   5.6465695e-02   1.5089425e-03
   5.7635468e-02   0.0000000e+00
   6.2882251e-02   1.5086014e-03
   6.1596779e-02   4.5260176e-03
   7.4285137e-02   2.0065788e-03
   6.8015496e-02   1.5083023e-03
   6.0494308e-02   2.5220233e-03
   5.3898022e-02   3.5211604e-03
   5.3899073e-02   1.5090688e-03
   5.3793103e-02   0.0000000e+00
   5.2459715e-02   3.0093617e-03
   5.3951621e-02   3.0211147e-03
   5.3739741e-02   2.0061606e-03
   6.0256410e-02   0.0000000e+00
   5.8915799e-02   2.0077914e-03
   6.0312338e-02   5.5320548e-03
   6.7814665e-02   1.5038607e-03
   6.9229928e-02   2.5112344e-03
   7.3219592e-02   3.5220857e-03
   7.1864485e-02   3.0161253e-03
   6.8149146e-02   3.0225558e-03
   6.8013674e-02   4.0221394e-03
   6.9161353e-02   3.0105208e-03
   7.3221022e-02   1.5094653e-03
   7.8127131e-02   2.5077905e-03
   8.5981184e-02   2.5117875e-03
   7.8278516e-02   5.0254477e-03
   6.9089669e-02   6.0151320e-03
   7.4579296e-02   1.5108689e-03
   7.8126221e-02   3.5109067e-03
   8.0769231e-02   0.0000000e+00
   8.3332320e-02   2.5096420e-03
   8.3251070e-02  -1.0028718e-03
   7.9721136e-02   3.5245359e-03
