   1.3771137e-01   6.5278264e-03
   1.6748961e-02   3.0324540e-03
   2.7029226e-02   3.0290483e-03
   2.9573970e-02   3.5302438e-03
   2.9573753e-02   4.0345644e-03
   3.3399193e-02   5.0378633e-04
   3.8690305e-02  -1.5171854e-03
   3.8575649e-02   5.0422910e-04
   3.4751641e-02   3.5333911e-03
   4.7623179e-02   2.5230600e-03
   5.9148894e-02   2.0157188e-03
   6.8082705e-02   1.5097886e-03
   6.9435896e-02   1.5111990e-03
   7.6014513e-02   3.0275342e-03
   7.5938770e-02   3.5286380e-03
   8.3742171e-02   5.0440539e-03
   9.1382511e-02   4.5333671e-03
   1.0918711e-01   3.5152902e-03
   1.1466343e-01   4.5314645e-03
   1.1595275e-01   4.0276171e-03
   1.2263933e-01   3.0252962e-03
   1.3412639e-01   1.5098423e-03
   1.4028871e-01   5.5223892e-03
   1.4284601e-01   9.5366394e-03
   1.4813442e-01   1.0546193e-02
   1.5702478e-01   4.0104522e-03
   1.5862463e-01   4.5200445e-03
   1.7169507e-01   3.0125670e-03
   1.8072407e-01   5.5179317e-03
   1.8570844e-01   4.0069384e-03
   1.7811780e-01   1.0035302e-02
   1.7813317e-01   7.5264768e-03
   1.7889607e-01   6.5030604e-03
   1.8773409e-01   1.4978155e-03
   1.8847469e-01   4.0097142e-03
   1.8329645e-01   7.5224003e-03
   1.8199989e-01   8.5265537e-03
   1.8329365e-01   8.0238936e-03
   1.8570323e-01   5.5095403e-03
   1.8570515e-01   5.0086730e-03
   1.8312915e-01   4.0080442e-03
   1.8829133e-01   2.5036363e-03
   1.9215504e-01   4.5046243e-03
   1.9381247e-01   8.0226409e-03
   1.9596146e-01   1.3508000e-02
   2.1128991e-01   4.4901342e-03
   2.1665131e-01   5.9888203e-03
   2.1860004e-01   4.0034917e-03
   2.1901501e-01   8.0225091e-03
   2.1835471e-01   8.9991480e-03
   2.2330097e-01   8.9845640e-03
   2.2801521e-01   8.4634318e-03
   2.3576133e-01   5.9680483e-03
   2.3386704e-01   7.9831484e-03
   2.3541718e-01   3.4953852e-03
   2.4317433e-01   4.4892922e-03
   2.4087945e-01   1.0436743e-02
   2.4495821e-01   1.2927121e-02
   2.4989633e-01   1.0423551e-02
   2.5042600e-01   6.4650321e-03
   2.4729309e-01   5.9882211e-03
   2.4680689e-01   4.9806089e-03
   2.4525932e-01   6.9674322e-03
   2.4396126e-01   7.9642169e-03
   2.4475789e-01   8.9409793e-03
   2.4030550e-01   1.0468693e-02
   2.3773942e-01   8.4776538e-03
   1.5784305e-01   3.9982749e-03
   1.5846876e-01   4.0138937e-03
   1.6669684e-01   3.0170459e-03
   1.6426486e-01   6.5449639e-03
   1.6021831e-01   8.0504071e-03
   1.5716797e-01   7.5269431e-03
   1.5557567e-01   6.5113943e-03
   1.5830907e-01   5.0124720e-03
   1.4401132e-01   4.0110704e-03
   1.4043166e-01   4.0202176e-03
   1.3914658e-01   2.0103206e-03
   1.3758413e-01   3.0098959e-03
   1.3641398e-01   9.0394622e-03
   1.3987173e-01   6.0067877e-03
   1.3886418e-01   5.5175687e-03
   1.3140795e-01   6.0346549e-03
   1.2509865e-01   1.5108777e-03
   1.1958363e-01   2.0093208e-03
   1.1583954e-01   3.0177456e-03
   1.1090042e-01   7.5618141e-03
   1.0939688e-01   6.5412327e-03
   1.0316846e-01   5.5480306e-03
   1.0029595e-01   2.0118255e-03
   9.9010880e-02   0.0000000e+00
   9.5528973e-02   3.5356501e-03
   1.0029433e-01   3.5206947e-03
   9.8814196e-02   2.5100346e-03
   1.0039481e-01   2.5172570e-03
   9.2205293e-02   8.0192581e-03
   9.1290343e-02   5.5353284e-03
   8.3663366e-02   0.0000000e+00
   7.9801824e-02   1.0080036e-03
   7.3510603e-02   3.0308723e-03
   7.7147562e-02   5.0356502e-03
   7.4579296e-02   1.5108689e-03
   6.5705396e-02   5.0480651e-03
   6.2026331e-02   3.5446751e-03
   6.3193667e-02   2.5267782e-03
   5.5290465e-02   3.5279677e-03
   5.5127776e-02   2.0100278e-03
   5.3793103e-02   0.0000000e+00
   4.3761840e-02   2.5233231e-03
   4.4960123e-02   2.0146058e-03
   3.4752049e-02   2.5238508e-03
   3.4717948e-02   1.5128137e-03
   3.2050020e-02   4.5252521e-03
   3.2082859e-02   1.0066037e-03
   2.4455338e-02   1.5145835e-03
   2.3099693e-02   5.0337562e-04
   1.7913169e-02   2.5096043e-03
   1.1526954e-02   2.5122165e-03
   8.9654781e-03   1.5073533e-03
   6.3913471e-03   0.0000000e+00
   5.1281428e-03  -2.5147733e-03
  -1.2820413e-03   2.0118333e-03
  -2.5641013e-03  -5.0295760e-04
  -1.4130373e-02   1.5117684e-03
  -1.4102564e-02   0.0000000e+00
  -7.6771505e-03   1.0039195e-03
  -1.1527088e-02   5.0244330e-04
  -1.0236216e-02  -5.0195294e-04
  -1.5399795e-02  -5.0341976e-04
  -2.4382831e-02  -2.0134662e-03
  -3.0830040e-02   0.0000000e+00
  -1.9211813e-02   5.0240819e-04
  -1.9192913e-02   0.0000000e+00
  -1.9230620e-02   2.0116142e-03
  -4.2389235e-02  -5.0368485e-03
  -4.9901575e-02   0.0000000e+00
  -5.6410147e-02   1.0049715e-03
  -5.7635468e-02   0.0000000e+00
  -6.4292779e-02   0.0000000e+00
  -6.0315629e-02  -1.5087422e-03
  -7.0512272e-02  -2.0088814e-03
  -7.0582291e-02  -1.0054293e-03
  -7.3004926e-02   0.0000000e+00
  -7.6999013e-02   0.0000000e+00
  -8.5897394e-02   5.0186423e-04
  -8.2290732e-02  -5.0344331e-03
  -8.3168647e-02  -2.0037775e-03
  -8.0927866e-02  -2.5148944e-03
  -8.3169251e-02   5.0094437e-04
  -8.0768877e-02  -1.5059719e-03
  -7.9330670e-02   5.0103647e-04
  -7.5565916e-02  -2.0064653e-03
  -7.5640695e-02  -1.5063280e-03
  -7.0582119e-02  -1.5081440e-03
  -7.0512683e-02  -1.0044407e-03
  -6.6732185e-02  -1.5083792e-03
  -6.3976254e-02   1.0027235e-03
  -5.6410256e-02   0.0000000e+00
  -4.3503916e-02  -5.0168767e-04
  -3.4581130e-02  -1.5068561e-03
  -2.9545455e-02   0.0000000e+00
  -3.3299184e-02   4.5206846e-03
  -3.8535668e-02   5.0373128e-03
  -3.7142569e-02   2.0090324e-03
  -3.9703489e-02  -3.5156021e-03
  -4.2388324e-02  -6.0442182e-03
  -4.6105152e-02  -6.0257677e-03
  -4.3675868e-02  -5.0366839e-04
  -3.9822115e-02   5.0371629e-04
  -3.2082156e-02   3.5231129e-03
  -2.1815324e-02   5.0338420e-03
  -1.5338870e-02   3.5100801e-03
  -1.2820357e-02  -2.5146706e-03
  -1.2845844e-02  -5.0392797e-04
  -1.9249744e-02   5.0339990e-04
  -2.1794829e-02  -1.0057758e-03
  -1.4102502e-02   1.5087870e-03
  -3.8537531e-03   5.0395035e-04
   0.0000000e+00   1.0079051e-03
   1.2820457e-03   1.5088750e-03
   7.7227685e-03   5.0494159e-04
   8.9743197e-03   1.5088398e-03
   1.2832862e-02   3.5240139e-03
   2.1816387e-02   0.0000000e+00
   3.0799230e-02  -2.5165692e-03
   2.7002915e-02  -1.0086845e-03
   3.4718033e-02   1.0085425e-03
   3.5930754e-02   5.5358916e-03
   3.5894015e-02   7.0387371e-03
   4.2349375e-02   1.0063763e-03
   4.7435321e-02   2.5131204e-03
   4.5004395e-02  -2.5207451e-03
   4.3675868e-02  -5.0366839e-04
   3.9900990e-02   0.0000000e+00
   4.3631052e-02   4.5285457e-03
   4.7385276e-02   6.5276840e-03
   4.6105667e-02   5.5236204e-03
   5.0048749e-02   2.5154119e-03
   5.2667881e-02  -1.0070790e-03
   4.8813633e-02  -2.5179883e-03
   5.1433318e-02   3.0243400e-03
   1.0188086e-01   4.5396508e-03
   1.0533551e-01   1.5069190e-03
   1.1466776e-01  -1.0069921e-03
   1.0918839e-01   2.5109215e-03
   1.1852738e-01   5.0336287e-03
   1.1981007e-01   7.0464453e-03
   1.2367655e-01   6.5413219e-03
   1.2612817e-01   6.5336720e-03
   1.2742268e-01   3.5177946e-03
   1.2754301e-01   6.0364248e-03
   1.4144384e-01  -1.0029828e-03
   1.3900656e-01   3.5146172e-03
   1.4069252e-01   9.0632470e-03
   1.3810849e-01   9.5687756e-03
   1.4528967e-01   6.5172808e-03
   1.4271992e-01   6.0172541e-03
   1.4158166e-01   3.0118927e-03
   1.4144238e-01   2.5074571e-03
   1.4787274e-01   1.5036566e-03
   1.4672915e-01   3.5123507e-03
   1.5331643e-01   3.5138034e-03
   1.5170692e-01   9.0188958e-03
   1.5443092e-01   9.0256281e-03
   1.4929456e-01   6.5214853e-03
   1.4915742e-01   2.5058149e-03
   1.4915896e-01   1.0023259e-03
   1.5059406e-01   0.0000000e+00
   1.4442625e-01   8.0457255e-03
   1.4284328e-01   1.0038568e-02
   1.4198069e-01   9.5657398e-03
   1.4429108e-01   6.0283865e-03
   1.5316712e-01   2.0059269e-03
   1.6105047e-01  -5.0161632e-04
   1.5847179e-01   2.5086835e-03
   1.5717761e-01   5.0179621e-03
   1.5374058e-01   1.1075861e-02
   1.6118169e-01   9.5400220e-03
   1.6456344e-01   9.0082076e-03
   1.7229782e-01   4.5006987e-03
   1.7926508e-01  -1.5036283e-03
   1.8442016e-01  -3.5065565e-03
   1.7168592e-01   6.0251340e-03
   1.7067523e-01   1.4591100e-02
   1.7792148e-01   1.2531912e-02
   1.7632203e-01   6.5047878e-03
   1.7375207e-01   5.5054929e-03
   1.7118803e-01   5.0062859e-04
   1.6716049e-01   1.5009951e-03
   1.7023273e-01   4.0133538e-03
   1.6759862e-01   1.3548504e-02
   1.7162696e-01   1.4560740e-02
   1.8052349e-01   9.5216966e-03
   1.8331100e-01   4.0119468e-03
   1.9622167e-01  -3.5054744e-03
   1.9880746e-01  -1.5019031e-03
   1.9510754e-01   7.5201320e-03
   1.9852897e-01   1.4504322e-02
   2.0900253e-01   1.8000926e-02
   2.1982443e-01   1.1439891e-02
   2.2075080e-01   2.9958420e-03
   2.1213930e-01   0.0000000e+00
   2.0267873e-01   2.5020474e-03
   1.9879648e-01   5.5069781e-03
   1.9044129e-01   1.1990760e-02
   1.8693692e-01   1.3521533e-02
   1.8291749e-01   1.0010373e-02
   1.8073343e-01   2.0065206e-03
   1.0028256e-01   8.5502584e-03
   1.0187043e-01   8.5748959e-03
   9.6719337e-02   6.0546921e-03
   9.8210542e-02   1.0110355e-03
   8.9076421e-02  -5.0527007e-04
   9.9403387e-02   2.0199228e-03
   1.1712779e-01  -2.0116534e-03
   1.1572338e-01   4.0197122e-03
   1.8091912e-01   8.9756614e-03
   1.8441154e-01   6.0112397e-03
   1.8054667e-01   5.0114192e-03
   1.9363676e-01   4.5083515e-03
   2.1817279e-01   0.0000000e+00
   2.1665377e-01   5.4897519e-03
   2.1123349e-01   1.2472595e-02
   2.0738381e-01   1.0981008e-02
   2.0135443e-01   9.5092130e-03
   2.0286827e-01   6.0107410e-03
   1.9492382e-01   5.5094075e-03
   2.0287268e-01   5.0089508e-03
   2.0335826e-01   4.4899473e-03
   2.0912357e-01   5.5002828e-03
   1.9856802e-01   1.0503130e-02
   1.8955311e-01   9.0118182e-03
   1.8403631e-01   7.9994272e-03
   1.7684941e-01   6.0219830e-03
   1.6911210e-01   3.5155612e-03
   1.7556053e-01   5.5208808e-03
   1.7039505e-01   6.0259079e-03
   1.6165625e-01   1.0575231e-02
   1.6490410e-01   6.0171872e-03
   1.7961792e-01   3.5153106e-03
   1.8958184e-01   2.0026263e-03
   2.0613245e-01   5.4913481e-03
   1.9658179e-01   9.5333711e-03
   1.9361690e-01   8.5157750e-03
   1.9562477e-01   6.9905861e-03
   1.9897756e-01   8.5190508e-03
   2.0699683e-01   7.9707799e-03
   2.2933046e-01   3.4843532e-03
   2.2804208e-01   3.4849425e-03
   2.2374521e-01   9.0019297e-03
   2.2327841e-01   1.1480276e-02
   2.2282557e-01   1.2454534e-02
   2.0887883e-01   1.0989927e-02
   2.0869845e-01   7.4858927e-03
   2.1258662e-01   4.9882528e-04
   1.9402370e-01   4.0152249e-03
   1.8773075e-01   7.0385285e-03
   1.8329645e-01   7.5224003e-03
   1.6359835e-01   9.5283875e-03
   1.5185432e-01   9.5292444e-03
   1.4286877e-01   3.0115703e-03
   1.3541607e-01   1.5096887e-03
   1.3270506e-01   1.5085134e-03
   1.2767757e-01   2.0141187e-03
   1.2496780e-01   5.5344448e-03
   1.2458917e-01   8.0264551e-03
   1.2857927e-01   5.0200133e-03
   1.2742268e-01   3.5177946e-03
   1.1208766e-01   4.0286596e-03
   6.2940239e-02   6.0403545e-03
   6.2877350e-02   6.5372727e-03
   6.5448874e-02   1.5084547e-03
   6.5578346e-02  -1.5114313e-03
   6.3068534e-02  -2.5217865e-03
   6.4356436e-02   0.0000000e+00
   6.3066803e-02   4.5392156e-03
   6.9362713e-02   6.0388399e-03
   7.0432275e-02   9.0310859e-03
   6.6929512e-02   3.0256955e-03
   6.5577480e-02   3.0228625e-03
   7.3148492e-02  -2.0106399e-03
   6.4292654e-02   1.0076705e-03
   6.1534841e-02   5.5263561e-03
   5.8970230e-02   6.0293021e-03
   5.5013690e-02   7.5227931e-03
   5.6410147e-02   1.0049715e-03
   6.0315423e-02  -2.0116563e-03
   5.2772251e-02   5.0453496e-04
   5.0148147e-02   1.5122284e-03
   4.3588387e-02   4.0214086e-03
   4.4911802e-02   7.0441679e-03
   5.0095293e-02   6.0429452e-03
   4.4869613e-02   5.0265923e-03
   4.9999125e-02  -3.0155219e-03
   3.4683778e-02   5.0377330e-04
   2.5717112e-02   0.0000000e+00
   1.9267420e-02   6.0467666e-03
   2.0532580e-02   3.5237461e-03
   2.1794829e-02   1.0057758e-03
   1.4158076e-02   3.5344439e-03
   2.5691700e-03   0.0000000e+00
  -1.2871281e-03   5.0495025e-04
  -9.0009495e-03  -1.5133168e-03
  -2.5717061e-03   1.0089001e-03
   0.0000000e+00   0.0000000e+00
  -6.4290767e-03   4.0355590e-03
  -1.1572649e-02   1.5132932e-03
  -2.0553360e-02   0.0000000e+00
  -2.8316818e-02  -5.0483075e-04
  -3.5931752e-02   4.0261030e-03
  -3.0891074e-02   5.0480800e-04
  -3.3431836e-02   2.5214215e-03
  -3.3398411e-02  -3.5265043e-03
  -4.7342520e-02   0.0000000e+00
  -6.0375229e-02   1.5102299e-03
  -6.5448364e-02   2.5140912e-03
  -6.9298571e-02  -2.0109651e-03
  -7.1794872e-02   0.0000000e+00
  -7.3146781e-02  -4.0212797e-03
  -7.8590775e-02  -3.5317084e-03
  -8.0926918e-02  -3.5208522e-03
  -9.3681402e-02   2.0086116e-03
  -9.2215630e-02   2.5060182e-03
  -8.7179445e-02  -5.0183143e-04
  -8.4448164e-02  -2.0036509e-03
  -7.9717431e-02  -6.0420616e-03
  -8.7093554e-02  -5.0133922e-04
  -8.6321566e-02  -3.0260417e-03
  -8.9832182e-02   0.0000000e+00
  -9.3773055e-02   3.0158792e-03
  -8.9654085e-02   2.5063619e-03
  -8.7175248e-02  -5.0183143e-03
  -1.0118050e-01  -3.0056880e-03
  -1.0651509e-01  -1.0035472e-03
  -1.0147979e-01  -3.5169683e-03
  -1.5113117e-01  -2.4955079e-03
  -1.5512821e-01   0.0000000e+00
  -1.5059221e-01  -2.5079809e-03
  -1.6025641e-01   0.0000000e+00
  -1.5369093e-01  -3.4929149e-03
  -1.5671745e-01  -2.5016500e-03
  -1.6537810e-01  -4.4904350e-03
  -1.7341051e-01  -4.9952754e-03
  -1.6697518e-01  -7.9975252e-03
  -1.5511908e-01  -5.4935698e-03
  -1.4330146e-01  -4.4905145e-03
  -1.2820507e-01   5.0053045e-04
  -1.1806371e-01   2.5069578e-03
  -1.0918839e-01  -2.5109215e-03
  -9.8717181e-02  -2.0060588e-03
  -8.7435443e-02  -4.0265108e-03
  -8.0768877e-02  -1.5059719e-03
  -5.8916142e-02  -1.0038957e-03
  -5.1231129e-02   2.0082933e-03
  -4.6107278e-02   3.5150312e-03
  -3.9743512e-02   1.0054474e-03
  -4.3632583e-02  -1.5095152e-03
  -4.2349436e-02  -5.0318816e-04
  -4.4960474e-02   0.0000000e+00
  -4.2265682e-02   2.0087908e-03
  -4.4871249e-02   2.5132962e-03
  -5.6464952e-02   3.0178850e-03
  -6.1842650e-02  -2.5243999e-03
  -7.9486561e-02  -2.0080841e-03
  -8.5895932e-02  -3.0111854e-03
  -8.4697882e-02  -2.5119496e-03
  -7.6920683e-02  -4.0166431e-03
  -7.4432234e-02  -1.0052638e-03
  -7.3076888e-02   5.0216581e-04
  -7.3293625e-02   1.0073024e-03
  -6.5447120e-02  -4.0225460e-03
  -5.6464952e-02  -3.0178850e-03
  -4.7342497e-02  -5.0163597e-04
  -5.2459715e-02   3.0093617e-03
  -5.3952332e-02   1.5105574e-03
  -4.8862130e-02  -2.0163803e-03
  -3.9899035e-02  -5.0471282e-03
  -3.7178601e-02  -3.5192711e-03
  -3.5897436e-02   0.0000000e+00
  -3.4683642e-02   1.5113199e-03
  -3.8460865e-02   3.0164316e-03
  -4.1146393e-02   3.5293898e-03
  -2.9516274e-02   5.0332537e-04
  -3.0707457e-02  -4.5164566e-03
  -2.5741552e-02  -4.5436637e-03
  -2.0531860e-02  -5.5373153e-03
  -2.4431244e-02  -5.0436198e-04
  -2.0532710e-02   3.0203538e-03
  -1.9248994e-02   4.5305991e-03
  -1.6699083e-02   4.0312880e-03
  -1.2871060e-03  -3.0297015e-03
   1.2858046e-03  -4.5400571e-03
   8.9916559e-03  -5.0394051e-03
   1.2857795e-03   5.5489587e-03
   6.4290232e-03   4.5400038e-03
   1.8001547e-02   3.5308188e-03
   2.9574664e-02  -5.0432055e-04
   3.0799230e-02   2.5165692e-03
   3.9860568e-02  -3.5294984e-03
   5.6464595e-02  -3.5208659e-03
   4.4958696e-02   4.5328630e-03
   1.2600885e-01   4.5188790e-03
   1.2264151e-01   0.0000000e+00
   1.3928325e-01   3.0184385e-03
   1.2625860e-01   4.5277525e-03
   1.3371426e-01   7.5270451e-03
   1.3872841e-01   5.0110709e-03
   1.3629403e-01   5.0170102e-03
   1.2871060e-01   3.0149612e-03
   1.2754978e-01   3.0182124e-03
   1.3385817e-01   3.5160624e-03
   1.4801625e-01   3.5119615e-03
   1.5013162e-01   7.5019543e-03
   1.4656682e-01   8.5216634e-03
   1.4514953e-01   5.5092401e-03
   1.4658496e-01   3.0076459e-03
   1.4558969e-01   0.0000000e+00
   1.4799362e-01   9.5324670e-03
   1.6281853e-01   2.4952976e-03
   1.5587733e-01   8.0296838e-03
   1.5428086e-01   8.5158900e-03
   1.6184815e-01   5.5010047e-03
   1.6330166e-01   2.5025872e-03
   1.6104098e-01   5.5177795e-03
   1.5912633e-01   3.9978007e-03
   1.5670644e-01   6.5042901e-03
   1.6602789e-01   6.0105787e-03
   1.6860386e-01   5.5083159e-03
   1.7229041e-01   6.5010092e-03
   1.6523157e-01   6.0289481e-03
   1.6104414e-01   4.5145469e-03
   1.5685934e-01   7.0114491e-03
   1.6474731e-01   4.0075492e-03
   1.7229622e-01   5.0007763e-03
   1.7392912e-01   4.0078934e-03
   1.7608854e-01   4.5303387e-03
   1.7779762e-01   2.5039441e-03
   1.6231312e-01   9.0279978e-03
   1.6134463e-01   9.0467546e-03
   1.5557757e-01   6.0105178e-03
   1.5960114e-01   3.0071245e-03
   1.5589662e-01   1.0037105e-03
   1.5142874e-01   3.0004427e-03
   1.3411748e-01   6.0393691e-03
   1.3010814e-01   9.0528758e-03
   1.3873084e-01   4.0088567e-03
   1.4515357e-01   4.0067201e-03
   1.6089077e-01   1.0022543e-03
   1.6330358e-01  -5.0051743e-04
   1.5089018e-01   3.0154692e-03
   1.4055541e-01   8.5513397e-03
   1.3653224e-01   1.2064431e-02
   1.4269305e-01   1.1533070e-02
   1.4514953e-01   5.5092401e-03
   1.5316644e-01  -2.5074086e-03
   1.5332004e-01  -5.0197191e-04
   1.4185810e-01   5.0296641e-03
   1.4454335e-01   1.2583778e-02
   1.4382964e-01   1.2522359e-02
   1.5398115e-01   7.4993909e-03
   1.5800272e-01   2.0010841e-03
   1.5718525e-01  -5.0179621e-04
   1.7152567e-01  -2.5080246e-03
   1.6636242e-01   4.5167343e-03
   1.6810296e-01   1.3085013e-02
   1.7255392e-01   1.6534706e-02
   1.7305260e-01   8.4755107e-03
   1.7685325e-01   5.0183191e-03
   1.8000490e-01   6.4958774e-03
   1.7517749e-01   1.1521187e-02
   1.7609943e-01   1.3496822e-02
   1.6166642e-01   9.9921037e-03
   1.5847249e-01   2.0069468e-03
   1.6104983e-01  -1.5048490e-03
   1.5430260e-01   5.0093471e-04
   1.4285756e-01   7.0269975e-03
   1.4256638e-01   9.0170683e-03
   1.4229600e-01   6.4996345e-03
   1.3140073e-01   8.0462066e-03
   1.2613639e-01   3.0155409e-03
   1.2264127e-01   1.0084321e-03
   1.2884018e-01  -1.0059734e-03
   1.2883734e-01   3.5209070e-03
   1.2238489e-01   7.5483808e-03
   1.1826811e-01   1.1554632e-02
   1.0542154e-01   9.5531985e-03
   1.0177790e-01   5.5429966e-03
   1.0801055e-01  -2.5135941e-03
   1.0683121e-01  -1.5097622e-03
   1.0187885e-01   5.5484620e-03
   9.6428556e-02   7.5460302e-03
   8.8630133e-02   6.0334231e-03
   8.4862318e-02   5.0337955e-03
   7.3216197e-02   6.0378611e-03
   7.3439012e-02   5.0464634e-04
   7.5789922e-02  -2.0123932e-03
   7.5715548e-02  -1.0052067e-03
   7.9879148e-02   3.5314959e-03
   7.3137517e-02   9.0478794e-03
   6.8209264e-02   8.0681072e-03
   6.5512267e-02   3.5231969e-03
   5.7863388e-02   1.0079042e-03
   5.7806296e-02  -5.0345508e-04
   5.6521629e-02   1.0069538e-03
   5.2667059e-02   3.0212369e-03
   5.0096369e-02   5.0357876e-03
   4.3716502e-02   5.5458262e-03
   5.2614736e-02   3.5213026e-03
   5.8974330e-02  -5.0244184e-04
   5.3899204e-02  -1.0060458e-03
   5.1484921e-02   1.5136649e-03
   4.8862417e-02   1.0081902e-03
   4.3716952e-02   5.0416602e-03
   4.3675122e-02   3.0220104e-03
   4.1187392e-02   3.0281835e-03
   4.7435528e-02  -2.0104963e-03
   3.8575668e-02   0.0000000e+00
   3.0768857e-02   2.5140888e-03
   2.9573753e-02   4.0345644e-03
   2.1837081e-02   4.5349333e-03
   1.6715599e-02   4.0352747e-03
   1.5399615e-02   2.5170988e-03
   1.2833163e-02  -5.0343055e-04
   5.1484921e-03  -1.5148396e-03
   1.2833163e-03  -5.0345484e-04
  -3.8575366e-03   2.0177953e-03
  -8.9831481e-03   2.0137723e-03
  -2.5615565e-03   2.0098483e-03
  -8.9919851e-03   2.5197026e-03
  -1.9268540e-02   2.5194861e-03
  -2.1794829e-02  -1.0057758e-03
  -2.3053907e-02  -2.5119203e-03
  -2.4383009e-02  -5.0336655e-04
  -4.6151131e-02   5.5290609e-03
  -5.1178623e-02   5.0157993e-03
  -5.8972036e-02   4.5219766e-03
  -5.2561547e-02  -5.0254794e-03
  -5.9025214e-02  -8.0469890e-03
  -5.6408912e-02  -3.5174001e-03
  -5.9032318e-02   1.5088104e-03
  -6.1597740e-02   3.5202359e-03
  -6.4100569e-02   4.0187859e-03
  -5.7692195e-02  -1.0049281e-03
  -6.7947892e-02  -2.5113648e-03
  -7.2931340e-02  -3.5082628e-03
  -7.4358070e-02  -2.5106891e-03
  -7.1933914e-02  -4.5286449e-03
  -7.4212455e-02  -1.0023051e-03
  -7.0443350e-02   0.0000000e+00
  -5.8916228e-02   5.0194784e-04
  -4.9949866e-02  -3.0125553e-03
  -5.2615761e-02  -1.5091297e-03
  -4.3588387e-02  -4.0214086e-03
  -3.9779025e-02   7.0450731e-03
  -4.2343495e-02   8.5541986e-03
  -3.8460865e-02   3.0164316e-03
  -4.6107815e-02  -2.5107365e-03
  -5.6406307e-02  -6.0298288e-03
  -7.1865430e-02  -1.5080627e-03
  -7.5640437e-02  -2.0084374e-03
  -7.3004784e-02  -1.0033452e-03
  -6.7948421e-02  -1.5068189e-03
  -6.1599180e-02  -5.0289084e-04
  -4.7388036e-02  -3.5149068e-03
  -5.5180448e-02   4.5270191e-03
  -5.2564000e-02   1.0050959e-03
  -5.1383399e-02   0.0000000e+00
  -4.1103830e-02  -6.0444098e-03
  -3.5824672e-02  -5.5195579e-03
  -3.7215537e-02   3.0194934e-03
  -3.0708290e-02   2.5091426e-03
  -3.5932242e-02   3.0195772e-03
  -3.2019704e-02   0.0000000e+00
  -2.0492601e-02   5.0240064e-04
   2.5564943e-03  -3.0088437e-03
   7.6922478e-03  -2.0117991e-03
  -3.8423179e-03   2.5123043e-03
  -2.6945860e-02   8.5568979e-03
  -3.7174860e-02   8.0440482e-03
  -4.6289352e-02   4.0330523e-03
  -6.1416252e-02  -3.0084555e-03
  -7.4203398e-02  -8.0184411e-03
  -9.1007940e-02  -1.0034603e-02
  -1.0521717e-01  -8.5308328e-03
  -1.1282046e-01  -5.0107516e-04
  -1.1270493e-01   4.5052666e-03
  -1.0353977e-01   4.9989190e-04
  -9.7241787e-02  -3.5039899e-03
  -8.7342185e-02  -7.5422811e-03
  -8.8808355e-02  -4.5339863e-03
  -9.7624598e-02   4.5228370e-03
  -9.9101916e-02   6.0418732e-03
  -9.7531323e-02   2.0081766e-03
  -9.9999805e-02  -1.0029542e-03
  -1.1655082e-01  -2.0018229e-03
  -1.1921773e-01  -7.5128465e-03
  -1.3446605e-01  -7.9967340e-03
  -1.4501368e-01  -2.0014067e-03
  -1.4001915e-01  -1.5031638e-03
