  -3.0047277e-02  -5.6708631e-02
   1.7683676e-01  -1.3123796e-01
   1.7993143e-01  -1.1790136e-01
   1.8316729e-01  -1.0410925e-01
   1.7093228e-01  -9.1073364e-02
   1.8870391e-01  -8.8193949e-02
   2.2285402e-01  -9.7419304e-02
   2.3925893e-01  -8.9178839e-02
   2.5131957e-01  -8.3579730e-02
   2.5680258e-01  -8.8330151e-02
   2.8879631e-01  -7.3663809e-02
   3.2541403e-01  -6.1875796e-02
   3.1616830e-01  -6.0935347e-02
   3.4670342e-01  -6.7020100e-02
   3.5494332e-01  -7.0516153e-02
   3.4506052e-01  -6.2987054e-02
   3.8009894e-01  -6.7600483e-02
   4.0565556e-01  -6.7128349e-02
   3.9658159e-01  -6.2219594e-02
   4.2521735e-01  -4.8112993e-02
   4.5594182e-01  -4.5416494e-02
   4.6641200e-01  -4.6902921e-02
   4.5948604e-01  -3.8960308e-02
   4.6527980e-01  -5.5847519e-02
   4.7506108e-01  -4.7727661e-02
   4.5072439e-01  -6.3864846e-02
   4.3202355e-01  -5.3258392e-02
   4.3900457e-01  -6.4334920e-02
   4.2852952e-01  -5.7946404e-02
   4.5559301e-01  -7.0339881e-02
   4.2792851e-01  -5.5258266e-02
   4.1495875e-01  -5.4116254e-02
   3.8121081e-01  -5.4678479e-02
   3.4014502e-01  -6.0032137e-02
   3.2768678e-01  -7.5610430e-02
   3.0840099e-01  -9.1938073e-02
   2.8772007e-01  -7.7636103e-02
   3.0720244e-01  -8.1503088e-02
   3.3011859e-01  -7.9775909e-02
   3.1786078e-01  -8.9764976e-02
   2.5664499e-01  -1.0587770e-01
   2.3731903e-01  -1.2117804e-01
   2.1000557e-01  -1.1894582e-01
   1.9184543e-01  -1.1499690e-01
   1.5923933e-01  -1.1051994e-01
   1.6451799e-01  -1.1324619e-01
   1.3585264e-01  -1.0730413e-01
   1.2427082e-01  -1.0809605e-01
   1.1734491e-01  -1.0344126e-01
   8.7385958e-02  -1.1789681e-01
   9.3227230e-02  -1.1805475e-01
   1.0227983e-01  -1.2956337e-01
   1.0751448e-01  -1.1013268e-01
   1.1206706e-01  -9.2706598e-02
   9.3336756e-02  -9.5240083e-02
   9.5802573e-02  -1.0605799e-01
   4.3256298e-02  -1.3025654e-01
   2.3825455e-02  -1.3536489e-01
  -2.4002663e-02  -1.3864532e-01
  -2.9295935e-02  -1.2335395e-01
  -1.4151564e-02  -1.0942642e-01
  -3.9455055e-02  -9.7121525e-02
  -4.6024680e-02  -7.8772397e-02
  -7.2469384e-02  -7.8859245e-02
  -9.4745287e-02  -8.9385620e-02
  -2.2634785e-02  -1.3577376e-01
  -2.7910941e-02  -1.1636818e-01
  -2.4090397e-02  -1.3532326e-01
  -1.7717412e-02  -1.3506211e-01
  -6.3723959e-03  -1.3720635e-01
  -8.9828636e-03  -1.4384245e-01
   1.9175367e-02  -1.5115134e-01
   6.3571149e-03  -1.3796176e-01
   5.6406015e-02  -1.4010821e-01
   1.0273656e-01  -1.4493717e-01
   1.2955977e-01  -1.5782062e-01
   1.0343199e-01  -1.5463857e-01
   4.0357928e-02  -1.2743477e-01
   5.8493878e-02  -1.2249466e-01
   4.9581276e-02  -1.3177658e-01
   8.3415058e-02  -9.2530701e-02
   1.3482608e-01  -1.1344012e-01
   1.0706046e-01  -1.0236210e-01
   1.2358738e-01  -7.8335810e-02
   1.1603284e-01  -7.3289763e-02
   1.3464538e-01  -5.8935698e-02
   1.2856199e-01  -4.0879844e-02
   1.6567829e-01  -4.8575368e-02
   1.6094454e-01  -3.7599928e-02
   1.4672575e-01  -2.1406086e-02
   1.5351310e-01  -1.8300415e-02
   1.3319938e-01  -3.2052648e-02
   1.1701772e-01  -2.2128187e-02
   7.9292230e-02  -7.1267530e-03
   7.1571572e-02   0.0000000e+00
   1.0617811e-01   1.0506339e-02
   8.2758380e-02   1.3167358e-02
   8.1138264e-02   1.4401223e-02
   7.0156166e-02   2.9056681e-02
   5.6894444e-02   3.5051035e-02
   6.8386768e-02   3.5979853e-02
   4.6635758e-02   4.2812267e-02
   3.2113966e-02   6.0369384e-02
   1.9327879e-02   5.5417532e-02
   3.5807681e-02   5.3451315e-02
   3.0782272e-02   4.2908680e-02
   2.5585743e-03   5.6554345e-02
  -1.0177816e-02   5.4712871e-02
  -3.1465595e-02   5.4608944e-02
  -1.6281937e-02   5.9355127e-02
  -4.2969586e-02   6.6463086e-02
  -2.7700839e-02   8.9241659e-02
  -3.5461148e-02   1.0337945e-01
  -2.6569837e-02   1.0593120e-01
  -4.8137883e-02   1.2204583e-01
  -6.9250034e-02   1.1213634e-01
  -5.5860733e-02   1.0729182e-01
  -4.0548332e-02   9.6588246e-02
  -4.3017403e-02   1.1332474e-01
  -4.2805951e-02   1.2019989e-01
  -2.2524253e-02   1.1365073e-01
  -3.0251197e-02   1.1984624e-01
  -4.9768659e-02   1.2135914e-01
  -4.8830037e-02   1.2170806e-01
  -4.8505535e-02   1.2303061e-01
  -2.5513626e-02   1.1758944e-01
  -3.4751504e-02   1.1323342e-01
  -6.1624155e-02   1.1039653e-01
  -8.6631318e-02   1.0491207e-01
  -1.8802366e-01  -1.2363155e-01
  -1.8442315e-01  -1.3028929e-01
  -1.3997595e-01  -1.4524712e-01
  -1.1086990e-01  -1.5524563e-01
  -1.2092694e-01  -1.3161592e-01
  -9.4209275e-02  -1.3962632e-01
  -8.8430195e-02  -1.2061747e-01
  -9.2324654e-02  -1.1529471e-01
  -1.1159578e-01  -1.1190564e-01
  -9.7055100e-02  -1.2621176e-01
  -8.6256218e-02  -1.3619426e-01
  -4.9589410e-02  -1.4610525e-01
  -3.3575421e-02  -1.3413615e-01
  -4.9763067e-03  -1.3532567e-01
   6.2703817e-03  -1.3105415e-01
   2.7778776e-02  -1.1578894e-01
   7.0461637e-02  -9.6828109e-02
   8.3370744e-02  -7.5489842e-02
   1.0635175e-01  -6.6904252e-02
   1.2972188e-01  -6.0493343e-02
   1.3605174e-01  -4.9814609e-02
   1.3460662e-01  -4.7682825e-02
   1.4512470e-01  -4.1053316e-02
   1.6200314e-01  -3.2601103e-02
   1.8645784e-01  -3.8033243e-02
   2.1152391e-01  -4.0837734e-02
   2.2587129e-01  -4.3064398e-02
   2.3540242e-01  -5.0568559e-02
   2.4033743e-01  -4.7039253e-02
   2.5022235e-01  -5.2860639e-02
   2.5235662e-01  -5.5015678e-02
   2.7052403e-01  -5.1236982e-02
   2.7995108e-01  -5.6963009e-02
   2.8547264e-01  -6.2981546e-02
   3.0837062e-01  -5.9250787e-02
   3.1874907e-01  -5.6433846e-02
   3.1862169e-01  -4.8083159e-02
   3.0310542e-01  -5.1452422e-02
   3.0313694e-01  -4.7220406e-02
   2.9065540e-01  -4.0683821e-02
   2.9944088e-01  -4.5576323e-02
   3.1182543e-01  -3.6620330e-02
   2.8081774e-01  -2.5575567e-02
   2.5764351e-01  -2.3441380e-02
   2.5037577e-01  -1.1935444e-02
   2.4986750e-01  -1.2905349e-02
   2.4551216e-01  -5.4796654e-03
   2.4706272e-01  -1.9941568e-03
   2.2266934e-01   2.9862130e-03
   1.9334555e-01   1.4807768e-03
   1.8498709e-01   2.9527107e-03
   1.8203021e-01  -1.1377684e-02
   1.6581023e-01  -1.0922270e-02
   1.4336348e-01  -1.8316547e-02
   1.3396886e-01  -1.2218491e-02
   1.3535042e-01  -1.8768904e-02
   1.0982318e-01   0.0000000e+00
   1.1466572e-01   1.3447753e-02
   1.0613228e-01   2.9045906e-02
   1.3383041e-01   3.1395327e-02
   1.3076936e-01   2.2541496e-02
   1.3134907e-01   2.8980228e-02
   1.3101202e-01   4.0633701e-02
   1.1738503e-01   3.7904632e-02
  -4.9455413e-02   6.0574425e-02
  -5.7285888e-02   6.0798148e-02
  -6.6470010e-02   6.8212866e-02
  -9.6102985e-02   6.8700247e-02
  -1.2340822e-01   6.7553837e-02
  -1.4163175e-01   6.6434833e-02
  -1.8414856e-01   6.1905422e-02
  -1.7749709e-01   6.9633474e-02
  -1.6743524e-01   6.2583818e-02
  -1.6517889e-01   5.8076789e-02
  -1.8395448e-01   5.2988044e-02
  -2.0912731e-01   3.6543845e-02
  -2.1796456e-01   2.3393691e-02
  -2.4160665e-01   1.8344002e-02
  -2.6358787e-01   1.6387492e-02
  -2.5918727e-01   4.6263086e-03
  -2.4159642e-01  -1.2804116e-02
  -2.4175760e-01  -2.1776920e-02
  -2.5715442e-01  -2.8542659e-02
  -2.4508814e-01  -4.5367136e-02
  -2.4488294e-01  -5.9404598e-02
  -2.5289076e-01  -7.0747339e-02
  -2.5490072e-01  -7.2795296e-02
  -2.4217412e-01  -8.1212633e-02
  -2.3134100e-01  -8.7060787e-02
  -2.4139579e-01  -7.9461489e-02
  -2.0779625e-01  -1.0210649e-01
  -1.9014180e-01  -1.2010313e-01
  -1.9217186e-01  -1.1573407e-01
  -1.8831827e-01  -1.2495122e-01
  -1.6642010e-01  -1.2461124e-01
  -1.5510844e-01  -1.1950049e-01
  -1.5993167e-01  -1.0223869e-01
  -1.4499058e-01  -1.0836063e-01
  -1.1840748e-01  -1.0793388e-01
  -8.9862837e-02  -1.0945401e-01
  -1.0114555e-01  -9.5263127e-02
  -1.2476437e-01  -9.3449458e-02
  -8.9486993e-02  -9.6759752e-02
  -3.6939452e-02  -1.0134609e-01
  -7.6631141e-03  -9.1106151e-02
   1.0273380e-02  -7.6930610e-02
   3.2111615e-02  -7.9535149e-02
   6.9371619e-02  -7.8934997e-02
   7.2155074e-02  -6.8233094e-02
   7.9390835e-02  -5.5363914e-02
   9.1664041e-02  -6.0028887e-02
   5.4451225e-02  -5.9344850e-02
   1.3958904e-01  -7.2144087e-02
   1.4888210e-01  -5.4840916e-02
   1.8190371e-01  -4.3960194e-02
   2.0925122e-01  -4.2912441e-02
   2.4672935e-01  -6.3725831e-02
   2.6614985e-01  -6.2930136e-02
   2.9971127e-01  -6.2650517e-02
   3.2289640e-01  -6.8419215e-02
   3.1972072e-01  -7.8373767e-02
   3.2085741e-01  -6.9781546e-02
   3.6268153e-01  -7.9110898e-02
   3.9742546e-01  -6.5463895e-02
   4.1902390e-01  -5.8014723e-02
   4.4176813e-01  -5.0927874e-02
   4.6526836e-01  -5.9121920e-02
   4.1968735e-01   2.5822615e-02
   3.9467787e-01   2.0332071e-02
   3.8508053e-01   4.3365072e-02
   3.8795953e-01   4.8500513e-02
   3.6280021e-01   3.3364652e-02
   3.3869293e-01   8.0057101e-02
   3.4343703e-01   4.7529421e-02
   3.4520015e-01   5.0550761e-02
   3.3358256e-01   5.5632752e-02
   3.1143272e-01   7.1795568e-02
   3.0184615e-01   6.8047023e-02
   2.7188625e-01   5.7488585e-02
   2.4957214e-01   9.0249600e-02
   2.3616682e-01   9.2135640e-02
   2.2097699e-01   9.2933259e-02
   2.1900637e-01   9.3744306e-02
   1.7511561e-01   1.0370557e-01
   1.6723844e-01   1.0153524e-01
   1.5277973e-01   1.2785208e-01
   1.5367343e-01   1.0424354e-01
   1.2140033e-01   1.1298863e-01
   1.0060450e-01   1.0776677e-01
   6.6609520e-02   1.3497870e-01
   6.4860053e-02   1.2785564e-01
   4.9485734e-02   1.3917518e-01
   4.2594815e-02   1.5037812e-01
   1.1523716e-02   1.5199761e-01
   1.2918860e-02   1.2801582e-01
  -2.4433730e-02   1.3963503e-01
  -5.2904457e-02   1.3891968e-01
  -6.4956072e-02   1.4385607e-01
  -6.8284392e-02   1.3357369e-01
  -6.7063195e-02   1.3989255e-01
  -9.8530788e-02   1.4556492e-01
  -1.2341171e-01   1.4568009e-01
  -1.3802565e-01   1.4069732e-01
  -1.6059051e-01   1.3677937e-01
  -1.6896072e-01   1.2936729e-01
  -1.8388449e-01   1.2629631e-01
  -1.9857584e-01   1.3667486e-01
  -2.0300339e-01   1.3312033e-01
  -2.0269533e-01   1.3159751e-01
  -2.1639273e-01   1.3184996e-01
  -2.6484824e-01   1.3575712e-01
  -2.6687846e-01   1.2382577e-01
  -3.1100514e-01   1.3852521e-01
  -3.3756220e-01   1.2033512e-01
  -3.4282440e-01   1.1970926e-01
  -3.3083687e-01   9.7190205e-02
  -3.3062209e-01   9.3022264e-02
  -3.3573767e-01   7.6146737e-02
  -3.6509049e-01   6.5994979e-02
  -3.7126740e-01   5.1783862e-02
  -3.7338710e-01   4.5954748e-02
  -3.6441573e-01   4.2037654e-02
  -3.6122254e-01   3.5092389e-02
  -3.5915664e-01   2.8823957e-02
  -3.5819598e-01   2.5211886e-02
  -3.5357168e-01   2.6003999e-02
  -3.3039561e-01   2.0869864e-02
  -3.0857311e-01   4.5110157e-03
  -2.8162779e-01   5.4992997e-03
  -2.8958810e-01   7.0253509e-03
  -3.0158145e-01   8.0535510e-03
  -7.1007691e-02  -3.7185654e-02
  -5.5704569e-02  -2.7968270e-02
  -7.3826976e-02  -4.9439110e-02
  -5.1318274e-02  -7.3162182e-02
  -1.5326287e-02  -6.7725637e-02
  -1.2995420e-03  -6.6320531e-02
   3.1230371e-02  -6.9010028e-02
   2.8732330e-02  -6.6639983e-02
   3.5253155e-02  -6.7664657e-02
   5.2078176e-02  -6.6915100e-02
   5.5979407e-02  -7.1095624e-02
   7.6557964e-02  -9.4581749e-02
   1.0643402e-01  -9.6442817e-02
   1.3931837e-01  -9.6932235e-02
   1.4521476e-01  -9.0054801e-02
   1.6032160e-01  -9.5515776e-02
   1.7774918e-01  -8.8935723e-02
   1.9000023e-01  -9.3342602e-02
   1.9532732e-01  -8.5369015e-02
   2.1208692e-01  -1.0254397e-01
   2.6019328e-01  -8.1798523e-02
   2.4612730e-01  -8.9774325e-02
   2.6982572e-01  -9.6014282e-02
   2.6243004e-01  -9.6703119e-02
   2.6322373e-01  -8.9077695e-02
   2.8019609e-01  -8.0203581e-02
   2.5824869e-01  -7.0215995e-02
   2.8520279e-01  -6.6525546e-02
   2.7188625e-01  -5.7488585e-02
   2.7372292e-01  -4.6346647e-02
   2.9015533e-01  -4.7394802e-02
   3.1145472e-01  -4.5657531e-02
   3.2744124e-01  -3.3516216e-02
   3.1804318e-01  -1.9483521e-02
   3.2451223e-01  -1.5992594e-02
   3.1582258e-01  -5.2977811e-03
   3.2784748e-01   9.6303156e-04
   3.3843734e-01   1.4388796e-02
   3.5998301e-01   2.3903821e-02
   3.3692837e-01   3.8929832e-02
   3.5236492e-01   2.7877638e-02
   3.3158506e-01   3.2298157e-02
   3.3988157e-01   3.1346863e-02
   3.5784592e-01   3.4154177e-02
   3.5346252e-01   4.0558926e-02
   3.4053210e-01   4.6448329e-02
   3.3555977e-01   4.3289593e-02
   3.4678405e-01   4.3325252e-02
   3.4623074e-01   3.9790506e-02
   3.5621104e-01   3.7979985e-02
   3.5802340e-01   3.6759513e-02
   3.5585654e-01   2.7951484e-02
   3.7468875e-01   1.1855813e-02
   3.6881120e-01   1.4807962e-03
   3.6227346e-01   4.9424615e-04
   3.6058098e-01  -5.4330452e-03
   3.6355918e-01  -1.5379050e-02
   3.5522113e-01  -1.4998436e-02
   3.4947960e-01  -2.2590760e-02
   3.3860808e-01  -3.2965171e-02
   3.1850052e-01  -3.4015326e-02
   3.2019297e-01  -4.0087585e-02
   3.1679606e-01  -5.6024804e-02
   2.4976097e-01  -1.5582350e-01
   2.4153488e-01  -1.3699999e-01
   2.4338803e-01  -1.4646920e-01
   2.1139232e-01  -1.2677912e-01
   1.9276983e-01  -1.1556689e-01
   1.6460553e-01  -1.3566840e-01
   2.0382393e-01  -1.1701489e-01
   1.9213130e-01  -1.3484444e-01
   1.8417161e-01  -1.1509800e-01
   1.7187489e-01  -1.2327899e-01
   1.9169186e-01  -1.0218001e-01
   1.9314205e-01  -1.0691015e-01
   1.5527662e-01  -1.0529926e-01
   1.6562003e-01  -1.0446239e-01
   1.2220122e-01  -9.4558762e-02
   1.3574082e-01  -1.0775638e-01
   1.0225914e-01  -1.0115741e-01
   1.2035041e-01  -9.5140039e-02
   1.2297566e-01  -8.4696305e-02
   7.0959572e-02  -8.7690368e-02
   6.2080856e-02  -8.3188962e-02
   5.8487923e-02  -8.3621340e-02
   3.3653706e-02  -8.0688016e-02
  -2.1117698e-02  -8.0184432e-02
  -1.9463889e-02  -9.4740284e-02
  -3.8966717e-02  -7.5692527e-02
  -7.4607074e-02  -7.3548887e-02
  -1.0020624e-01  -6.0767119e-02
  -1.0344542e-01  -7.5580667e-02
  -1.0668671e-01  -6.9119172e-02
  -1.2520018e-01  -7.4371880e-02
  -1.4188559e-01  -7.0866880e-02
  -2.2234848e-01  -8.3581572e-02
  -2.6390267e-01  -6.7900075e-02
  -2.7667936e-01  -8.4778045e-02
  -3.1153431e-01  -5.0685759e-02
  -3.1050389e-01  -5.9643914e-02
  -3.1760317e-01  -6.0691153e-02
  -2.8739655e-01  -5.9958648e-02
  -3.0156605e-01  -5.9025575e-02
  -3.4170973e-01  -4.0966560e-02
  -3.5464898e-01  -3.4521804e-02
  -3.2621007e-01  -4.1341080e-02
  -3.3190993e-01  -2.7735391e-02
  -3.2281408e-01  -3.5787698e-02
  -3.0557210e-01  -3.3706801e-02
  -3.2661187e-01  -2.3672033e-02
  -3.3939049e-01  -5.9692547e-03
  -3.1226131e-01   0.0000000e+00
  -2.8441048e-01   2.9863083e-03
  -2.5997478e-01   6.9665135e-03
  -2.7032203e-01   6.9556622e-03
  -2.7704203e-01   9.4393526e-03
  -2.8004363e-01   2.5769139e-02
  -2.5817211e-01   3.9461293e-02
  -2.2072747e-01   4.8795114e-02
  -1.9007505e-01   4.5239290e-02
  -2.0529071e-01   4.7640842e-02
  -1.3332492e-01   1.1260136e-01
  -1.1279171e-01   1.0889418e-01
  -9.7880962e-02   1.1366814e-01
  -4.4163665e-02   1.0770295e-01
  -1.8731928e-02   9.8795622e-02
   4.2741638e-02   1.0204324e-01
   4.6155642e-02   9.7225668e-02
  -1.2966267e-03   1.0761462e-01
   3.8650460e-03   1.0581935e-01
  -5.2122816e-03   1.0272920e-01
   2.4788679e-02   8.4551857e-02
   4.2942190e-02   1.0090199e-01
   1.1477266e-01   8.7886862e-02
   1.4057061e-01   8.7872431e-02
   1.4694300e-01   7.7426866e-02
   1.3167951e-01   8.7978683e-02
   1.4195888e-01   7.9597839e-02
   1.1934042e-01   7.8084974e-02
   1.1779370e-01   7.7767701e-02
   1.2504199e-01   7.7769317e-02
   1.8578114e-01   6.2971010e-02
   2.3339384e-01   6.0163236e-02
   2.4765188e-01   5.7831772e-02
   2.6001079e-01   5.4826751e-02
   2.8002681e-01   3.2533774e-02
   3.0328711e-01   2.2304060e-02
   3.0688627e-01   1.5463998e-02
   2.9315230e-01   1.3026162e-02
   3.0578727e-01   5.4664084e-03
   3.2303815e-01  -3.4715737e-03
   3.3413234e-01  -2.4796439e-03
   3.6891954e-01  -1.9133351e-02
   3.9175488e-01  -2.7015701e-02
   4.3182792e-01  -3.4075855e-02
   4.3947643e-01  -3.7040878e-02
   4.3555253e-01  -3.7074871e-02
   4.2800266e-01  -2.4339763e-02
   4.3030040e-01  -3.7494732e-02
   4.3258707e-01  -2.8431664e-02
   4.5261939e-01  -1.7818945e-02
   4.7252703e-01  -1.7678372e-02
   5.0446351e-01  -1.5667918e-02
   5.0275190e-01  -1.0765791e-02
   4.9654003e-01  -1.6107623e-02
   4.8174798e-01  -4.8158812e-03
   4.7522635e-01  -4.8237482e-04
   4.6381535e-01   1.9310270e-03
   4.7131577e-01   1.4892262e-02
   4.4914161e-01   2.7070981e-02
   4.2803034e-01   3.9511794e-02
   4.1973176e-01   4.1115748e-02
   4.0804840e-01   4.3033364e-02
   4.3024051e-01   5.8117535e-02
   4.2066927e-01   6.6175925e-02
   4.1444072e-01   5.9837325e-02
   3.9708125e-01   7.9623967e-02
   3.8649191e-01   8.8403060e-02
   4.0995797e-01   9.6907067e-02
   3.8976464e-01   9.4199519e-02
   3.9998699e-01   9.7713008e-02
   4.0057092e-01   8.8669723e-02
   3.6797011e-01   9.6594309e-02
   3.6667571e-01   1.1870662e-01
   3.2262163e-01   1.1964051e-01
   2.5344622e-02   1.6682644e-01
  -2.5645017e-03   1.7318712e-01
  -3.8659365e-03   1.6468670e-01
  -3.8444119e-02   1.7062391e-01
  -4.5175339e-02   1.6899766e-01
  -7.1851498e-02   1.7183289e-01
  -1.0082685e-01   1.7171570e-01
  -1.3474748e-01   1.6008196e-01
  -1.4892086e-01   1.6282952e-01
  -1.7546021e-01   1.5921480e-01
  -1.8373071e-01   1.6130605e-01
  -1.7794899e-01   1.5456841e-01
  -1.9393550e-01   1.4161562e-01
  -2.2387410e-01   1.3730262e-01
  -2.3362242e-01   1.3483242e-01
  -2.2580425e-01   1.2858462e-01
  -2.3366078e-01   1.2741761e-01
  -2.3637449e-01   1.2763868e-01
  -2.3637673e-01   1.2544673e-01
  -2.2488876e-01   1.1216550e-01
  -2.3541105e-01   1.0731127e-01
  -2.3226377e-01   1.0281234e-01
  -2.4833269e-01   1.0551587e-01
  -2.3423345e-01   8.9749859e-02
  -2.5529288e-01   8.7580222e-02
  -2.4731859e-01   9.3228594e-02
  -2.3053950e-01   7.4389172e-02
  -2.2841908e-01   3.1360106e-02
  -2.2570688e-01   6.2859845e-02
  -2.0209387e-01   5.1983914e-02
  -2.2472790e-01   4.9059927e-02
  -2.0900106e-01   2.8403348e-02
  -2.1990603e-01   2.8050683e-02
  -2.2635716e-01   2.4124710e-02
  -2.4853629e-01   2.5150058e-02
  -2.5066687e-01   2.9119142e-02
  -2.3999513e-01   3.6820196e-02
  -1.9814187e-01   1.1630902e-02
  -1.8022940e-01  -1.7645397e-02
  -2.1322936e-01  -1.9765689e-02
  -2.0505160e-01  -2.6353380e-02
  -2.0168099e-01  -3.3801161e-02
  -1.9163605e-01  -2.7037612e-02
  -1.8121538e-01  -2.4342404e-02
  -1.9306552e-01  -6.6714754e-03
  -1.8769916e-01  -1.5918190e-02
  -1.5358281e-01  -4.9091601e-02
  -1.4960607e-01  -8.5679511e-02
  -1.9239397e-01  -9.7819313e-02
  -1.8740219e-01  -1.0021440e-01
  -1.8908847e-01  -1.1277245e-01
  -1.6218709e-01  -1.1370949e-01
  -1.5030259e-01  -1.1663956e-01
  -1.5332082e-01  -1.2342229e-01
  -1.3122574e-01  -1.3741788e-01
  -1.2158178e-01  -1.3361391e-01
  -7.5792187e-02  -1.4740037e-01
  -5.9971812e-02  -1.5394783e-01
  -3.2477532e-02  -1.6702015e-01
  -1.7606455e-02  -1.5690732e-01
   0.0000000e+00  -1.5305136e-01
   1.1287254e-02  -1.5083889e-01
   2.5758089e-01  -6.8700076e-02
   2.9890814e-01  -5.6220892e-02
   3.0774534e-01  -4.7397743e-02
   3.1512001e-01  -4.5231093e-02
   3.0681288e-01  -4.0347715e-02
   3.2451938e-01  -3.4946550e-02
   3.2979634e-01  -1.2943190e-02
   3.4725853e-01  -1.1789779e-02
   3.7800589e-01   1.2770626e-02
   3.6534959e-01   1.6041264e-02
   4.3112030e-01   8.1719573e-03
   4.1131601e-01   3.7698270e-02
   4.5028515e-01   4.6102390e-02
   4.2926408e-01   3.3508071e-02
   4.4267731e-01   4.9599596e-02
   4.3050454e-01   4.6203958e-02
   3.9834112e-01   5.2026847e-02
   4.2162956e-01   5.3870889e-02
   4.0170542e-01   5.7867257e-02
   4.3152582e-01   7.2668581e-02
   4.2773981e-01   6.1299466e-02
   4.2551034e-01   5.7928637e-02
   4.2586587e-01   6.6470427e-02
   4.0164926e-01   5.7551822e-02
   3.9751866e-01   7.1857859e-02
   3.7077726e-01   7.7443944e-02
   3.4269520e-01   9.1003704e-02
   3.3568968e-01   1.0202962e-01
   3.3634501e-01   9.2224675e-02
   3.5049719e-01   7.8227280e-02
   2.9090179e-01   1.1046816e-01
   2.9590649e-01   9.3565268e-02
   2.4602598e-01   9.7038734e-02
   2.2256055e-01   9.6081256e-02
   1.8190521e-01   1.1128822e-01
   1.5520214e-01   1.2008105e-01
   1.4833060e-01   1.1120753e-01
   8.2379861e-02   1.5921682e-01
   7.5771414e-02   1.4112315e-01
   3.0335028e-02   1.5321341e-01
   2.3939358e-02   1.5157971e-01
   0.0000000e+00   1.5811550e-01
  -6.2775187e-03   1.6173045e-01
  -3.4584389e-02   1.7745476e-01
  -4.7246581e-02   1.6101649e-01
  -7.5386531e-02   1.5647671e-01
  -1.0093406e-01   1.4078253e-01
  -1.1818574e-01   1.3954164e-01
  -1.5167635e-01   1.4306058e-01
  -1.6042439e-01   1.3972652e-01
  -1.5880550e-01   1.4215324e-01
  -1.6471244e-01   1.1284620e-01
  -1.6395209e-01   1.1000222e-01
  -1.6603628e-01   1.0567914e-01
  -1.9099430e-01   1.0470653e-01
  -1.8242877e-01   8.7427238e-02
  -1.9751528e-01   7.3266390e-02
  -2.2191591e-01   8.2298803e-02
  -2.1427061e-01   5.9796635e-02
  -2.0429046e-01   6.5925640e-02
  -1.9836532e-01   5.8459773e-02
  -1.9668874e-01   4.0855073e-02
  -1.7279819e-01   2.3442565e-02
  -1.8415149e-01   2.6091415e-02
