   6.6158407e-02   4.6442405e-02
   8.2814444e-02   3.7080128e-02
   8.0215526e-02   3.0450354e-02
   7.6299865e-02   2.5354665e-02
   8.2659317e-02   1.6695870e-02
   7.2837813e-02   1.5801020e-02
   6.5430311e-02   1.4875414e-02
   8.9948014e-02   1.1226907e-02
   9.8894886e-02   4.5813563e-03
   9.2197824e-02  -2.0616907e-03
   7.8787839e-02   5.1420801e-04
   7.4246112e-02   4.0815247e-03
   6.6656499e-02  -1.8446561e-02
   9.1443976e-02  -1.3613514e-02
   8.6809328e-02  -2.6408095e-02
   8.0317698e-02  -3.6104638e-02
   1.1918163e-01  -3.5128659e-02
   5.6732521e-02  -5.6951106e-02
   5.4910320e-02  -7.9013341e-02
   3.9626735e-02  -4.5289756e-02
   5.0809920e-02  -8.9483144e-02
   6.3352608e-02  -5.8128317e-02
   6.7111391e-02  -6.6540529e-02
   8.8620577e-02  -8.7478726e-02
   9.8181263e-02  -1.0612380e-01
   4.9470007e-02  -8.4684789e-02
   8.2631113e-02  -9.5710475e-02
   9.3743395e-02  -1.1003990e-01
   9.4205764e-02  -9.1602763e-02
   1.0560923e-01  -1.2074284e-01
   7.4690024e-02  -1.0689059e-01
   8.0054605e-02  -1.2346525e-01
   3.6940676e-02  -1.1146740e-01
   8.2393865e-02  -1.3557146e-01
   4.5410576e-02  -1.3342358e-01
   6.3772999e-02  -1.5239071e-01
   7.2431664e-02  -1.3050076e-01
   7.6493693e-02  -1.8387863e-01
   6.0689680e-02  -1.4084397e-01
   6.8084142e-02  -1.5939431e-01
   5.4065006e-02  -1.5899812e-01
   7.4527865e-02  -1.4061845e-01
   4.7927611e-02  -1.3777895e-01
   5.3056990e-02  -1.2598480e-01
   4.5429743e-02  -1.1941463e-01
   3.1594075e-02  -1.2071161e-01
   4.2790803e-02  -1.1641827e-01
   2.8964969e-02  -1.1015969e-01
   2.8853034e-02  -9.1476747e-02
   3.3793003e-02  -8.3561258e-02
   1.8792608e-02  -7.7038551e-02
   2.3940538e-02  -6.2743107e-02
   2.6518456e-02  -5.2781871e-02
   2.6454718e-02  -3.8650844e-02
   2.7754357e-02  -2.7253247e-02
   3.5115870e-02  -2.8076684e-02
   5.1437598e-02  -2.4618373e-02
   6.3978974e-02  -1.1800382e-02
   6.5056655e-02  -6.8634019e-03
   7.1447620e-02  -7.8569923e-03
   7.6468313e-02  -3.9276369e-03
   8.6662622e-02   4.9166225e-03
   9.0046681e-02   3.4746011e-03
   9.0837833e-02   7.0104622e-03
   1.0214047e-01   1.5682965e-02
   9.6799644e-02   2.0486998e-02
   1.0804554e-01   1.8041167e-02
   1.2768064e-01   1.7998397e-02
   1.2915307e-01   1.4926454e-02
   1.5409947e-01   3.5918729e-03
   1.6166966e-01   2.5795173e-03
   1.6014528e-01   7.7952699e-03
   1.7368962e-01   0.0000000e+00
   1.7475387e-01  -6.2724247e-03
   1.8223667e-01  -9.3722471e-03
   2.1430138e-01  -1.7637952e-02
   2.5230487e-01  -2.0581401e-02
   2.7524520e-01  -2.2071490e-02
   2.8472381e-01  -2.2152272e-02
   2.8649599e-01  -2.3104204e-02
   3.0252985e-01  -2.7027230e-02
   3.0137611e-01  -1.5667502e-02
   3.3549393e-01  -2.4613762e-02
   3.8014129e-01  -2.5290718e-02
   3.9813316e-01  -2.5662411e-02
   4.1330590e-01  -2.8092635e-02
   4.1506902e-01  -2.0078379e-02
   4.3413648e-01  -2.3451235e-02
   4.3914912e-01  -1.8038587e-02
   4.5124267e-01  -1.9347734e-02
   4.5259081e-01  -1.6391310e-02
   4.5371429e-01  -2.1205681e-02
   4.2375767e-01  -3.8907747e-03
   4.2022038e-01  -4.8869544e-03
   4.2238420e-01   4.4049884e-03
   4.2721687e-01   9.7683047e-04
   4.0402580e-01   1.0778914e-02
   3.9095829e-01   9.7287683e-03
   3.7936943e-01   9.3298670e-03
   3.6002062e-01   1.0321344e-02
   3.4360071e-01   1.1443358e-02
   3.1654927e-01   1.6163313e-02
   2.8189650e-01   3.0863748e-02
   2.7209578e-01   1.6505673e-02
   2.4157572e-01   1.6629574e-02
   2.2351114e-01   1.7192122e-02
   2.2338821e-01   8.0825126e-03
   2.2384789e-01   6.5798876e-03
   2.0489324e-01   8.0928450e-03
   1.9879276e-01   0.0000000e+00
   1.8737482e-01   8.1416491e-03
   1.8249509e-01   9.1826588e-03
   1.7053169e-01  -3.0615603e-03
   1.4415139e-01   2.5549050e-03
   1.2249225e-01   1.7824662e-02
   1.2238199e-01   1.6280648e-02
   9.4841596e-02   4.9025124e-02
   9.1905196e-02   5.2450284e-02
   6.8215481e-02   6.0424175e-02
   7.1725670e-02   5.5514169e-02
   9.4592852e-02   4.5190542e-02
   7.0783739e-02   8.3282208e-02
   1.0798490e-01   6.5092348e-02
   7.7227492e-02   8.4427521e-02
   6.7747711e-02   9.3960407e-02
   6.0202136e-02   9.7583137e-02
   7.6176507e-02   9.8630731e-02
   8.5491948e-02   1.0137584e-01
   9.5792105e-02   8.9952588e-02
   8.2700537e-02   1.1336842e-01
   6.2367889e-02   1.3006396e-01
   3.7837040e-02   1.4586091e-01
   5.2689539e-02   1.3409281e-01
   5.2969009e-02   1.3325112e-01
   6.4295224e-02   1.2945863e-01
   3.9486502e-02   1.3783739e-01
   2.6261985e-02   1.3063694e-01
   1.8803605e-02   1.3805643e-01
   1.5096419e-02   1.3694401e-01
   1.2528242e-02   1.4126294e-01
   2.0164460e-02   1.2468470e-01
   0.0000000e+00   1.2289157e-01
  -1.1474554e-02   1.2350651e-01
  -1.7913690e-02   1.2671137e-01
  -2.4343483e-02   1.1921885e-01
  -3.4637744e-02   1.2318216e-01
  -2.9678461e-02   9.8982337e-02
  -5.4132341e-02   1.0469290e-01
  -4.9303337e-02   1.0057595e-01
  -5.5206733e-02   1.0426701e-01
  -4.2728363e-02   8.9161704e-02
  -3.1044715e-02   8.9095036e-02
  -2.3364513e-02   8.4641825e-02
  -3.1311590e-02   8.7743656e-02
  -3.9313477e-02   8.0105332e-02
  -5.3882466e-02   8.4054966e-02
  -5.3933447e-02   7.3984096e-02
  -3.9219518e-02   6.6693275e-02
  -4.7587621e-02   7.1162907e-02
  -6.9764256e-02   7.8787608e-02
  -9.0147312e-02   7.1780942e-02
  -9.2020718e-02   5.5648569e-02
  -6.5673588e-02   4.4425675e-02
  -8.3767864e-02   4.4414375e-02
  -1.0166033e-01   4.8129692e-02
  -9.8397443e-02   3.1365955e-02
  -1.0290023e-01   3.2668483e-02
  -1.2881994e-01   3.3262412e-02
  -1.3999091e-01   2.1760193e-02
  -1.2681540e-01   1.7694790e-02
  -1.2603981e-01   2.0103606e-02
  -1.1351859e-01   1.0470444e-02
  -1.0347639e-01   5.5644878e-03
  -1.7463656e-01   2.6497237e-02
  -1.5398115e-01  -7.4993909e-03
  -1.7446495e-01  -1.5700788e-02
  -1.5145429e-01  -1.1604736e-02
  -1.8261168e-01  -1.8254285e-02
  -1.8868633e-01  -2.5260826e-03
  -1.8484972e-01  -1.8213354e-02
  -1.7558131e-01  -4.4843876e-02
  -2.0032945e-01  -2.6262318e-02
  -2.1764283e-01  -1.5546144e-02
  -2.0516594e-01  -2.0271831e-02
  -1.9411030e-01  -3.6242851e-02
  -1.9231873e-01  -4.0197200e-02
  -1.7984751e-01  -6.4450399e-02
  -2.0024271e-01  -6.6758707e-02
  -1.5584579e-01  -7.2187502e-02
  -1.3516345e-01  -7.1676587e-02
  -1.2584264e-01  -8.6457911e-02
  -1.2966428e-01  -7.7828776e-02
  -1.1632667e-01  -9.3979719e-02
  -9.0718754e-02  -9.2260660e-02
  -1.0956243e-01  -9.3226938e-02
  -1.0600628e-01  -1.0960913e-01
  -1.1679357e-01  -9.9715185e-02
  -9.2710310e-02  -1.1194332e-01
  -6.3345215e-02  -1.0985343e-01
  -3.8579367e-02  -1.1529148e-01
  -4.7596125e-02  -1.0182613e-01
  -2.5506075e-02  -1.1109206e-01
  -3.5837657e-02  -1.1689265e-01
  -2.8122797e-02  -1.2437200e-01
  -1.0248439e-02  -1.2413385e-01
   2.9116864e-02  -1.2797793e-01
   1.1155577e-01  -1.0970922e-01
   1.2428424e-01  -1.0898626e-01
   1.4297106e-01  -1.1052812e-01
   1.3310841e-01  -1.2209308e-01
   1.4927880e-01  -1.1048456e-01
   1.5439141e-01  -1.1623990e-01
   1.8736460e-01  -1.0332127e-01
   2.0132348e-01  -1.0525800e-01
   2.0558999e-01  -9.8785411e-02
   2.2513012e-01  -9.6625201e-02
   2.0143561e-01  -8.8342395e-02
   2.2605694e-01  -9.0762524e-02
   2.2032818e-01  -7.4099779e-02
   2.2881598e-01  -7.4368698e-02
   2.4893650e-01  -6.4453283e-02
   2.3265392e-01  -6.3172809e-02
   2.3099775e-01  -5.5727400e-02
   2.4564229e-01  -5.2998865e-02
   2.6751658e-01  -5.5870745e-02
   2.8678097e-01  -7.3506767e-02
   2.5310420e-01  -8.3806375e-02
   2.7271734e-01  -4.7622043e-02
   2.6508726e-01  -5.0456153e-02
   2.4701889e-01  -4.4333343e-02
   2.5539313e-01  -4.9637182e-02
   2.4489680e-01  -4.2383548e-02
   2.6038648e-01  -2.7176035e-02
   2.4887334e-01  -2.3875281e-02
   2.6451842e-01  -1.6957513e-02
   2.7164568e-01  -9.9842692e-03
   2.5946737e-01  -4.0333459e-03
   2.6337115e-01  -1.9953899e-03
   2.7381265e-01   4.0044114e-03
   2.7265939e-01   2.4955664e-02
   2.9286157e-01   1.7786072e-02
   2.5674896e-01   2.8701935e-02
   2.5663508e-01   3.1487821e-02
   2.6556829e-01   2.7425907e-02
   2.5814550e-01   3.3180997e-02
   2.4207449e-01   6.3215972e-02
   2.5158454e-01   5.8219428e-02
   2.3431153e-01   6.2598512e-02
   2.1832381e-01   6.0542932e-02
   2.1335759e-01   7.2880775e-02
   2.2222859e-01   7.7428885e-02
   2.2267436e-01   7.0435308e-02
   2.0869035e-01   6.4377164e-02
   1.8832442e-01   7.8021630e-02
   1.5228674e-01   7.9912368e-02
   1.2070144e-01   8.9632588e-02
   1.2589664e-01   7.8673114e-02
   1.2327277e-01   7.5305632e-02
   8.1703419e-02   9.5080587e-02
   6.3016758e-02   1.0764350e-01
   3.2053184e-02   1.0525366e-01
   1.9145777e-02   9.5773463e-02
   5.1221584e-03   8.9249286e-02
   1.2742232e-03   9.7724502e-02
   7.6736091e-03   1.0128202e-01
  -6.0929308e-02   1.0513392e-01
  -7.7563962e-02   9.7857399e-02
  -9.1650918e-02   9.4746722e-02
  -1.0557973e-01   9.0943481e-02
  -1.3769756e-01   9.8270843e-02
  -1.4918874e-01   7.8093913e-02
  -1.8581459e-01   7.6492940e-02
  -2.1593871e-01   7.5992806e-02
  -2.4934294e-01   6.8958918e-02
  -2.6193900e-01   5.2378984e-02
  -2.5489844e-01   5.3592543e-02
  -2.5115807e-01   4.4783397e-02
  -2.7280842e-01   4.3047422e-02
  -2.8776252e-01   1.3970189e-02
  -3.1683743e-01   8.4149498e-03
  -3.0774128e-01  -1.3826535e-02
  -3.2452961e-01  -3.4666714e-02
  -3.1988267e-01  -3.7443963e-02
  -3.2265440e-01  -3.9571189e-02
  -2.9863887e-01  -5.0889673e-02
  -3.1149423e-01  -5.7301381e-02
  -3.2059913e-01  -6.5055143e-02
  -3.0135266e-01  -7.6117577e-02
  -3.1176159e-01  -7.6672604e-02
  -2.8336425e-01  -8.9115328e-02
  -2.9229838e-01  -9.1955949e-02
  -2.9490607e-01  -9.2762042e-02
  -2.6280507e-01  -8.2088150e-02
  -2.2879569e-01  -1.0344965e-01
  -2.1166465e-01  -9.9808406e-02
  -2.0493350e-01  -1.1091952e-01
  -2.0318106e-01  -1.1573269e-01
  -1.8222756e-01  -9.9235667e-02
  -1.5263656e-01  -1.1582282e-01
  -1.3915423e-01  -1.1488934e-01
  -1.1638772e-01  -1.1119386e-01
  -7.3696511e-02  -1.1199073e-01
  -5.4196412e-02  -1.1674663e-01
  -4.9433899e-02  -1.0953847e-01
  -3.7453617e-02  -1.0983036e-01
  -1.2745000e-02  -1.1264492e-01
   0.0000000e+00  -1.1469880e-01
   6.4455587e-03  -9.8907829e-02
   6.1471657e-02  -1.0024510e-01
   8.7287624e-02  -1.0196664e-01
   1.0885638e-01  -1.0265124e-01
   1.1251943e-01  -1.0670910e-01
   1.0248768e-01  -9.6370294e-02
   1.2041264e-01  -9.2593471e-02
   1.4219509e-01  -9.0514412e-02
   1.5203933e-01  -8.0126816e-02
   7.7836537e-02   8.1470642e-02
   5.3592680e-02   8.7801694e-02
   1.6615125e-02   8.2791865e-02
   2.5600858e-03   7.7718969e-02
  -3.8579367e-03   8.2274177e-02
  -3.8758033e-03   7.6884073e-02
  -2.4750642e-02   7.9640388e-02
  -5.2242023e-02   7.7679748e-02
  -1.0472363e-01   7.6609743e-02
  -9.9481899e-02   7.3005051e-02
  -8.9840806e-02   6.7902890e-02
  -1.0414880e-01   6.8489157e-02
  -1.0627489e-01   7.6442420e-02
  -1.2526866e-01   8.1193791e-02
  -1.3389397e-01   8.2742166e-02
  -1.4634196e-01   6.3598023e-02
  -1.6107849e-01   5.9025266e-02
  -1.7110654e-01   6.3454341e-02
  -1.6605498e-01   7.4108353e-02
  -1.7034724e-01   6.8921777e-02
  -1.7486928e-01   7.2779252e-02
  -1.8529757e-01   5.1961706e-02
  -2.1425963e-01   3.9830050e-02
  -2.1199505e-01   4.3197673e-02
  -2.1221201e-01   3.6667793e-02
  -2.0589488e-01   3.3479669e-02
  -1.9592437e-01   2.0250859e-02
  -1.9221781e-01  -4.9077318e-04
  -1.7240844e-01  -2.4471110e-03
  -1.5930997e-01  -3.4740104e-03
  -1.5667300e-01  -1.0086376e-03
  -1.6774185e-01   5.0988580e-04
  -1.7563051e-01  -5.1730603e-03
  -1.7842529e-01  -4.1714172e-03
  -1.6332429e-01  -6.2536131e-03
  -1.2314195e-01  -2.5647786e-02
  -1.0434109e-01  -4.5163534e-02
  -9.5011457e-02  -4.8916927e-02
  -7.5680202e-02  -5.2271963e-02
  -5.5031767e-02  -5.2141263e-02
  -3.2209666e-02  -5.5914837e-02
  -3.9860977e-02  -4.5559351e-02
  -2.5332204e-03  -4.1378220e-02
   1.2808827e-03  -3.8804329e-02
  -1.2918043e-03  -2.6388047e-02
   1.5666971e-02  -1.9475971e-02
   3.1560265e-02  -1.7545431e-02
   4.0786465e-02   6.1912851e-03
   7.5777517e-02   3.0701653e-03
   1.1698684e-01  -7.6192045e-03
   1.4527437e-01  -1.1128302e-02
   1.6714520e-01   7.0046437e-03
   3.3301899e-01  -3.0721889e-02
   3.2677665e-01  -2.6260449e-02
   3.4027171e-01  -4.4179067e-02
   3.3638510e-01  -4.0445871e-02
   3.3902355e-01  -4.6681912e-02
   3.2917691e-01  -5.5467355e-02
   3.1935413e-01  -5.9992942e-02
   3.0246647e-01  -6.9477141e-02
   2.8790299e-01  -7.6017903e-02
   3.0791146e-01  -7.6224152e-02
   3.1503400e-01  -1.0251355e-01
   2.9663954e-01  -8.6560382e-02
   2.6806592e-01  -1.0834812e-01
   2.5319231e-01  -1.0199037e-01
   2.4393115e-01  -1.0850092e-01
   2.0720622e-01  -1.0856625e-01
   2.1190446e-01  -1.1919712e-01
   1.7802271e-01  -1.2547482e-01
   1.3577144e-01  -1.1372352e-01
   1.3460626e-01  -1.5314756e-01
   1.0601439e-01  -1.5218802e-01
   9.3602808e-02  -1.4500951e-01
   7.7899718e-02  -1.3281155e-01
   4.9601969e-02  -1.1377111e-01
   4.0213053e-02  -1.2573271e-01
   2.5917197e-02  -1.2120406e-01
  -1.0356711e-02  -1.3445476e-01
  -3.4746651e-02  -1.2966469e-01
  -3.0519012e-02  -1.3132505e-01
  -3.3916067e-02  -1.2529807e-01
  -2.0059641e-02  -1.3371180e-01
  -6.4361610e-02  -1.2681464e-01
  -7.4207063e-02  -1.1994558e-01
  -1.0577333e-01  -1.2628423e-01
  -1.2242818e-01  -1.2160239e-01
  -1.2471719e-01  -1.3742632e-01
  -1.5124161e-01  -1.1520916e-01
  -1.3367086e-01  -1.1356582e-01
  -1.4468244e-01  -1.1352066e-01
  -1.2420101e-01  -1.2238910e-01
  -1.3919141e-01  -1.1919038e-01
  -1.9160898e-01  -8.7609426e-02
  -2.0216434e-01  -8.3457464e-02
  -2.0410276e-01  -7.2824324e-02
  -2.0049307e-01  -6.1739255e-02
  -1.9498904e-01  -5.5203528e-02
  -1.7898717e-01  -5.1700173e-02
  -1.8549113e-01  -4.0036833e-02
  -1.6548637e-01  -5.7994086e-02
  -1.8188406e-01  -5.2677534e-02
  -1.8568766e-01  -3.9319664e-02
  -2.1432233e-01  -8.7853487e-03
  -1.8331089e-01  -1.0386918e-02
  -1.7512283e-01  -4.9698586e-04
  -1.3240491e-01  -7.4540836e-03
  -1.1518938e-01   1.4839619e-03
  -9.0770233e-02  -9.3758073e-03
  -7.9558032e-02   1.4841015e-02
  -4.7792864e-02   1.7761462e-02
  -1.8738777e-02   1.7652010e-02
   2.5031402e-03   1.8670486e-02
   2.5751557e-01  -9.8309509e-02
   2.7858345e-01  -9.7881079e-02
   2.9955818e-01  -9.8574134e-02
   2.9349006e-01  -8.9672738e-02
   2.8782343e-01  -9.1355120e-02
   2.9408126e-01  -1.0194590e-01
   2.8367023e-01  -8.7328804e-02
   2.7654276e-01  -7.1084092e-02
   2.9407784e-01  -6.1966505e-02
   2.9546685e-01  -4.6707511e-02
   2.8508670e-01  -5.7732838e-02
   2.8748308e-01  -6.0670542e-02
   2.7946150e-01  -5.4891670e-02
   2.9413194e-01  -5.1192502e-02
   3.0934959e-01  -4.6941104e-02
   2.8881641e-01  -3.6638704e-02
   2.7685394e-01  -2.8306440e-02
   2.6274862e-01  -2.3942911e-02
   2.5580834e-01  -2.8176425e-02
   2.3424317e-01  -2.4827147e-02
   2.2797274e-01  -1.4687956e-02
   2.4470294e-01  -2.4568526e-03
   2.3482456e-01   6.9361001e-03
   2.1854610e-01   7.8661318e-03
   2.0289197e-01   9.3405455e-03
   2.1406383e-01   1.2752140e-02
   2.2006921e-01   2.0563811e-02
   2.1845043e-01   2.7396859e-02
   2.1326348e-01   3.2799036e-02
   2.0223266e-01   4.1786651e-02
   1.7171447e-01   5.5233054e-02
   1.5163436e-01   5.3970136e-02
   1.4596780e-01   4.5310667e-02
   1.3712337e-01   4.6822588e-02
   1.0574517e-01   7.0057478e-02
   1.1965037e-01   5.1982715e-02
   1.0903037e-01   6.5459588e-02
   1.0406098e-01   8.0916271e-02
   1.0391827e-01   7.2196969e-02
   9.3220687e-02   7.4730518e-02
   5.5312088e-02   9.9394338e-02
   5.6590483e-02   8.3918372e-02
   4.2984620e-02   7.2601954e-02
   2.4193779e-02   7.1619401e-02
   1.1467128e-02   7.9937290e-02
   1.5363084e-02   6.9955262e-02
   1.2863818e-02   8.1248426e-02
   1.1661974e-02   6.9775812e-02
  -1.9368651e-02   7.1606741e-02
  -3.7445764e-02   7.5239198e-02
  -3.6082198e-02   5.9527661e-02
  -4.0131699e-02   5.2047019e-02
  -4.7618698e-02   4.6102030e-02
  -5.5770401e-02   4.7480998e-02
  -8.2663233e-02   4.8254962e-02
  -9.4354791e-02   4.5819789e-02
  -1.0793964e-01   2.8865867e-02
  -1.3262538e-01   3.2351640e-02
  -1.4223880e-01   2.3651645e-02
  -1.3789975e-01   2.1024411e-02
  -1.5493867e-01   2.3553873e-02
  -1.8628749e-01   3.1647149e-02
  -2.0465914e-01  -2.8657882e-02
  -2.1056210e-01  -3.3291700e-02
  -1.8375429e-01  -4.2877415e-02
  -1.6595839e-01  -3.6928709e-02
  -1.5359273e-01  -3.7628409e-02
  -1.5929533e-01  -4.3372820e-02
  -1.5147404e-01  -4.2893221e-02
  -1.1687052e-01  -5.1507013e-02
  -1.1659113e-01  -4.8302876e-02
  -1.1076059e-01  -5.4297008e-02
  -9.0603436e-02  -5.7603969e-02
  -6.8536012e-02  -6.5894922e-02
  -4.3847092e-02  -6.0594427e-02
  -1.6802011e-02  -6.8028320e-02
   1.3014630e-03  -7.5880528e-02
   1.1719112e-02  -6.6451800e-02
   1.3038521e-02  -6.9166498e-02
   3.2480112e-02  -7.8357174e-02
   4.1508037e-02  -8.0321688e-02
   6.1969047e-02  -8.2509488e-02
   8.3683508e-02  -8.7973288e-02
   9.1783383e-02  -8.4612187e-02
   1.1338760e-01  -8.2119855e-02
   1.2353106e-01  -8.9283890e-02
   1.3229014e-01  -8.3611103e-02
   1.5189410e-01  -8.3555841e-02
   1.5646042e-01  -7.3269262e-02
   1.6562782e-01  -7.0663919e-02
   1.8132489e-01  -7.4740697e-02
   1.9493536e-01  -7.8547877e-02
   2.1076065e-01  -8.0099018e-02
   2.1946825e-01  -6.7101432e-02
   2.3184888e-01  -6.6858868e-02
   2.4526331e-01  -6.4872395e-02
   2.5167470e-01  -6.1455753e-02
   2.6242029e-01  -5.6682358e-02
   2.4893331e-01  -5.7820150e-02
   2.4290489e-01  -5.4039147e-02
   2.6904560e-01  -4.7226797e-02
   2.7624832e-01  -4.1360428e-02
   2.7748160e-01  -4.2336657e-02
   2.7699407e-01  -4.2959269e-02
   2.9680260e-01  -3.6952779e-02
   3.0094506e-01  -2.3518672e-02
   2.9986684e-01  -1.9525787e-02
   2.9730318e-01  -2.0022518e-02
   3.0022558e-01  -1.6612412e-02
   2.8775365e-01  -2.4385261e-03
   2.9272356e-01   4.8922580e-04
   3.0048265e-01   3.4067476e-03
   2.9391189e-01   8.7270401e-03
   2.8787053e-01   1.7420068e-02
   2.7153872e-01   1.6087984e-02
   2.7447749e-01   2.2458863e-02
   2.7335490e-01   2.6883483e-02
   2.6984564e-01   2.5455980e-02
   2.6240625e-01   2.8100128e-02
   2.4615494e-01   2.5102938e-02
   2.3927907e-01   3.4452896e-02
   2.4438851e-01   2.5551267e-02
   2.2351559e-01   4.9114554e-02
  -2.9814777e-02   6.8221176e-02
  -5.4385141e-02   7.2279571e-02
  -6.5463963e-02   6.7472767e-02
  -6.9817160e-02   5.8113361e-02
  -8.4033522e-02   6.2722819e-02
  -9.5397974e-02   6.1988687e-02
  -1.2395594e-01   5.4773659e-02
  -1.6279138e-01   4.6092486e-02
  -1.7746008e-01   4.2948820e-02
  -1.8123361e-01   3.9634472e-02
  -1.8242426e-01   3.7052114e-02
  -1.7776567e-01   2.1200960e-02
  -1.5978468e-01   1.9235043e-02
  -1.9428842e-01   2.2282166e-02
  -2.0781144e-01   1.8238958e-02
  -2.1510458e-01   8.6313448e-03
  -1.9707405e-01  -6.0751577e-03
  -2.0845125e-01  -6.0187234e-03
  -2.0029516e-01  -3.5893293e-02
  -2.1037754e-01  -2.3158088e-02
  -2.1110037e-01  -2.8808171e-02
  -2.2063295e-01  -3.6739120e-02
  -2.2145719e-01  -3.7666142e-02
  -2.3072152e-01  -5.4889336e-02
  -1.9692751e-01  -6.3900075e-02
  -1.8746616e-01  -6.9925527e-02
  -1.8332750e-01  -7.1400678e-02
  -1.7221654e-01  -7.5339322e-02
  -1.7520028e-01  -7.9067168e-02
  -1.6514464e-01  -8.3964643e-02
  -1.4535345e-01  -9.5936715e-02
  -1.3466075e-01  -9.4552538e-02
  -1.1911352e-01  -9.2000784e-02
  -1.0088868e-01  -9.2019617e-02
  -9.0291819e-02  -9.1285109e-02
  -6.9895015e-02  -9.0108452e-02
  -6.1288569e-02  -8.2832395e-02
  -4.8121852e-02  -8.4767924e-02
  -4.1557260e-02  -8.6246476e-02
  -2.8673023e-02  -7.0701098e-02
  -9.0973758e-03  -6.9988163e-02
   2.4498604e-02  -7.6716261e-02
   4.8739617e-02  -8.0950682e-02
   5.4351179e-02  -6.7018753e-02
   8.4864144e-02  -6.0318020e-02
   8.4902568e-02  -4.8563591e-02
   9.8224713e-02  -4.4662134e-02
   1.1852179e-01  -3.9883270e-02
   1.3212173e-01  -2.8862816e-02
   1.5998197e-01  -2.8679575e-02
   1.5547752e-01  -2.9580558e-02
   1.4997842e-01  -1.5627589e-02
   1.6752043e-01  -6.0637409e-03
   1.8028322e-01  -1.2603855e-02
   2.1192696e-01  -2.2537714e-02
   2.2099184e-01  -2.1511727e-02
   2.3794149e-01  -1.9370799e-02
   2.7765206e-01  -2.5676804e-02
   3.2174731e-01  -3.2282739e-02
   3.4032895e-01  -3.8468814e-02
   3.5014069e-01  -3.2367524e-02
   3.6912216e-01  -2.8594542e-02
   3.8391978e-01  -2.7060469e-02
   2.3594545e-01   4.5964142e-02
   2.4088692e-01   3.9316957e-02
   2.2425429e-01   3.0250632e-02
   2.0850483e-01   1.1895134e-02
   1.9599376e-01   2.1815378e-02
   1.7385983e-01   1.0243148e-03
   1.6675265e-01  -1.2363006e-02
   1.6984474e-01  -2.9989637e-02
   1.2869464e-01  -3.1135577e-02
   1.0215323e-01  -3.1711681e-02
   8.5776432e-02  -5.1679215e-02
   7.6913914e-02  -5.4204765e-02
   8.1714851e-02  -6.3424287e-02
   8.6569690e-02  -7.3746283e-02
   9.1359355e-02  -7.9716097e-02
   7.9901120e-02  -8.4748824e-02
   9.3010335e-02  -1.0465943e-01
   9.5903167e-02  -1.1044066e-01
   8.1429156e-02  -9.2974551e-02
   8.6532370e-02  -1.1372319e-01
   7.6080675e-02  -1.0737370e-01
   7.9231887e-02  -1.2738235e-01
   6.6932659e-02  -1.3170128e-01
   8.8015485e-02  -1.2873502e-01
   1.2318238e-01  -1.5888438e-01
   1.2036031e-01  -1.4621943e-01
   1.5104896e-01  -1.6346814e-01
   1.3482017e-01  -1.5397555e-01
   1.2805179e-01  -1.6036556e-01
   1.0823393e-01  -1.5961921e-01
   1.1591612e-01  -1.5332815e-01
   1.2594613e-01  -1.4012650e-01
   1.3894494e-01  -1.5164543e-01
   1.4543999e-01  -1.3955793e-01
   1.5144710e-01  -1.2937871e-01
   1.3475936e-01  -1.2244458e-01
   1.4144859e-01  -1.2783717e-01
   1.4557190e-01  -1.2591017e-01
   1.5313275e-01  -1.2009752e-01
   1.6239643e-01  -1.0734049e-01
   1.8186232e-01  -9.9411682e-02
   1.6550055e-01  -9.0807265e-02
   1.4765397e-01  -8.2809298e-02
   1.1850652e-01  -7.1355283e-02
   1.2447108e-01  -7.3421582e-02
   1.3848381e-01  -7.4265299e-02
   1.3239480e-01  -5.9453885e-02
   1.2490246e-01  -4.3568386e-02
   1.1504707e-01  -4.0640152e-02
   9.2963296e-02  -3.7977138e-02
   5.5893580e-02  -2.6423663e-02
   3.3207918e-02  -3.0610057e-02
   3.2257989e-02  -2.7874098e-02
   3.3406452e-02  -3.0286996e-02
   2.3311537e-02  -3.0533996e-02
   9.0542468e-03  -2.3365966e-02
  -3.3613725e-02  -1.6740667e-02
  -4.4971497e-02  -1.9661812e-02
  -5.2025264e-02  -2.8083664e-02
  -6.4176124e-02  -2.8784210e-02
  -6.7659770e-02  -3.3204617e-02
  -8.2166983e-02  -3.7891776e-02
