   7.8358307e-02  -3.0182373e-03
   7.9396383e-02  -9.0275088e-03
   5.6464182e-02  -4.0238467e-03
   6.1654180e-02   7.0474132e-03
   6.6697097e-02   1.6592172e-02
   8.1862963e-02   1.3025364e-02
   1.1526819e-01  -3.5034955e-03
   1.2191457e-01  -1.5037670e-03
   1.3319673e-01   4.4986144e-03
   1.3178055e-01   6.4923135e-03
   1.2844245e-01   8.0241613e-03
   1.2793689e-01   7.9928738e-03
   1.1410168e-01   2.0041294e-03
   7.8204786e-02  -1.5061528e-03
   5.5067050e-02  -8.0322042e-03
   3.4614021e-02  -4.5250234e-03
   5.0049261e-02   1.0061648e-03
   6.7859513e-02   1.3046266e-02
   8.2028309e-02   1.2047034e-02
   8.8171781e-02   1.3008442e-02
   8.5812808e-02   0.0000000e+00
   7.1794837e-02  -5.0219332e-04
   5.6350742e-02  -6.0238992e-03
   3.4683371e-02  -2.5188665e-03
   3.4718101e-02   0.0000000e+00
   3.8421389e-02   5.5246810e-03
   3.8344450e-02   7.0175964e-03
   4.8668439e-02   4.0168903e-03
   4.8717949e-02   0.0000000e+00
   3.5968221e-02   1.5112794e-03
   4.3589659e-02   1.0053522e-03
   1.5368198e-02   6.5315632e-03
   1.5354323e-02   5.0193350e-04
   1.1527088e-02  -5.0244330e-04
  -2.1924506e-02  -1.5176413e-03
  -1.9306467e-02  -3.5342637e-03
  -3.0799605e-02   0.0000000e+00
  -3.8728592e-02  -2.0249209e-03
  -1.7964957e-02   6.5442911e-03
  -5.1532530e-03   6.0653636e-03
   1.9287598e-02   2.5219776e-03
   5.7238485e-02  -4.4868464e-03
   3.7031237e-02  -5.5085708e-03
   3.4546642e-02  -3.0107481e-03
   2.8258166e-02   7.0536694e-03
   3.2175947e-02   6.0575505e-03
   3.8379804e-02   9.0314968e-03
   4.2140722e-02   3.0043158e-03
   4.7295969e-02   0.0000000e+00
   5.7690035e-02  -4.5221763e-03
   4.7482701e-02   5.0311959e-04
   5.3842986e-02   5.5278046e-03
   5.8902422e-02   1.1042852e-02
   7.0574692e-02   7.5407200e-03
   9.2125984e-02   0.0000000e+00
   8.7092074e-02  -3.0080353e-03
   7.4212455e-02  -1.0023051e-03
   6.6732445e-02  -5.0279308e-04
   4.7481244e-02   4.0249567e-03
   4.6059222e-02   6.5214980e-03
   3.7141055e-02   5.0225809e-03
   3.8498306e-02   4.0258756e-03
   4.0944168e-02   3.0103183e-03
   3.3365654e-02  -3.0197360e-03
   2.4454247e-02  -5.0486117e-03
   2.1794872e-02   0.0000000e+00
   2.5690445e-03   5.0395159e-03
   6.5513322e-02  -2.0132554e-03
   7.4285137e-02   2.0065788e-03
   1.1198853e-01   1.6422952e-02
   1.2205369e-01   1.5898702e-02
   9.3493862e-02   4.5105169e-03
   7.6844270e-02  -4.5142870e-03
   4.5135691e-02  -6.0677719e-03
   4.7576447e-02  -1.5123407e-03
   6.7740911e-02   7.5119301e-03
   7.1208031e-02   1.3453400e-02
   6.7593310e-02   1.2995192e-02
   4.4915303e-02   3.0189291e-03
   2.3166091e-02  -7.0681845e-03
   3.2104031e-02  -1.3098771e-02
   3.0856670e-02  -8.0689434e-03
   4.8519758e-02   8.5107721e-03
   5.2232315e-02   1.4987897e-02
   3.4607240e-02   1.1061168e-02
   3.7252892e-02   1.0074916e-03
   3.3462985e-02  -6.0573992e-03
   3.4818961e-02  -6.0692517e-03
   7.5191706e-02   5.4908220e-03
   7.9252551e-02  -1.0010913e-03
   6.6556778e-02   1.8566783e-02
   7.7552537e-02   1.6438455e-02
   4.6427749e-02   3.0337801e-03
   4.4909767e-02  -8.5536325e-03
   4.3413106e-02  -8.0112501e-03
   2.8121057e-02  -4.0108611e-03
   3.3129550e-02   1.0996428e-02
   2.0490662e-02   7.0336089e-03
   1.9326056e-02   5.0539510e-04
   3.0890347e-02  -3.5336560e-03
   2.0472282e-02   2.0076251e-03
   4.4735191e-02  -7.0164951e-03
   3.8272356e-02  -2.5013696e-03
   2.4309034e-02   6.5244498e-03
   1.5331645e-02   1.6046081e-02
   2.5663137e-03   8.0552656e-03
   1.2819759e-02  -5.5322754e-03
   2.9505810e-02  -1.3589785e-02
   3.0764907e-02  -8.5479019e-03
   2.9399287e-02   4.0107739e-03
   2.0510267e-02   8.0463357e-03
   1.4114258e-02   9.0616573e-03
   2.1814856e-02   6.0406105e-03
   3.2082781e-02  -1.5099055e-03
   3.3267572e-02  -1.5054127e-03
   4.0940995e-02  -7.0240760e-03
   3.0203157e-02  -4.7384981e-03
   8.7291061e-03   3.5306893e-02
   1.1555844e-02   1.5621912e-02
   2.4001972e-02  -6.4420506e-03
   7.6529383e-03   1.0510122e-02
   2.8288809e-02  -5.0433165e-04
   3.3300089e-02   2.5114914e-03
   1.7983312e-02  -5.0390435e-03
   4.3626844e-02  -2.4176083e-02
   3.4960090e-02  -1.0155691e-03
   3.0738782e-02  -1.5069679e-03
   2.9458128e-02   0.0000000e+00
   2.8259200e-02   5.5421688e-03
   2.7001369e-02   5.5477647e-03
   4.3460131e-02   3.5083644e-03
   5.7407870e-02  -3.5000235e-03
   5.7578629e-02  -1.0029537e-03
   3.5825921e-02   3.5124459e-03
   1.6715305e-02   5.0440934e-03
   1.5397372e-02   9.0615557e-03
   2.8232091e-02   4.0266912e-03
   6.4180912e-02  -2.9586423e-03
   6.5187194e-02  -3.8916004e-02
   2.9516159e-02  -1.5099761e-03
   2.7954372e-02   6.9778588e-03
   3.2017467e-02  -6.0277285e-03
   3.8234633e-03   2.9999870e-03
   3.9583683e-02   7.0105027e-03
   5.4273389e-02  -3.0391020e-03
   5.2101039e-02  -2.4906691e-03
   6.0315893e-02   0.0000000e+00
   3.5822330e-02   8.0284478e-03
   3.9859944e-02   4.5379266e-03
   2.5664537e-02   6.0402839e-03
   1.0430769e-02   5.1151814e-03
   9.2335551e-02  -2.8434241e-02
   2.4698977e-02   3.6421965e-02
  -1.7479262e-02   4.0285353e-02
   5.4043832e-02  -3.4374935e-02
   7.2861216e-02  -1.0013783e-03
   9.2035475e-02   7.8948808e-03
   4.4001811e-02   4.9294785e-03
   5.3179912e-02  -1.8873082e-02
   4.2138526e-02   6.0086316e-03
   1.1458430e-02   2.3499085e-02
   1.7641408e-02   1.8300932e-02
   2.8963678e-02   1.2845647e-02
   2.5091850e-02   9.8437257e-03
   1.7567167e-02   3.4456313e-03
   1.5024545e-02   1.2282416e-02
   2.1368901e-02   1.0356434e-02
   1.8911399e-02   7.9138084e-03
   8.9034959e-03   5.9881179e-03
   1.4057050e-02   1.2034694e-02
   1.1492325e-02   6.0115529e-03
   1.7824216e-02  -6.4930233e-03
   1.2730173e-02  -9.9897265e-03
   1.1503752e-02  -5.5160082e-03
   2.0655320e-02   1.5191727e-03
   9.1089950e-03   2.5524899e-03
   1.5583101e-02  -6.6229007e-03
   1.1647097e-02  -1.6762275e-02
   1.2813729e-03  -1.6597625e-02
   5.1681589e-03  -9.1251764e-03
   5.1836120e-03  -9.1524696e-03
   1.6851470e-02  -2.1375447e-02
   2.5972160e-03  -6.1138739e-03
   0.0000000e+00  -1.3701493e-02
   2.5814174e-03  -1.0129076e-02
   2.3434086e-02  -1.6860985e-02
   7.7873597e-03  -2.9069477e-02
   1.1553044e-02  -2.9761432e-02
   2.1856519e-02  -2.4234191e-02
   7.7684581e-03  -5.5875496e-03
   2.9398150e-02  -6.0161608e-03
   3.9579006e-02  -1.0515754e-02
   3.7162125e-02  -1.5585343e-02
   2.8260745e-02  -1.5115006e-03
   4.6244698e-02  -2.0145360e-03
   4.2092782e-02  -9.5043402e-03
   3.9545359e-02  -6.5033701e-03
   2.8120568e-02  -5.0135763e-03
   3.9738005e-02  -8.5463029e-03
   3.2019145e-02  -3.0138643e-03
   3.3332020e-02  -4.5251399e-03
   4.2090290e-02  -1.1005026e-02
   3.0706862e-02  -5.5201136e-03
   2.8120568e-02  -5.0135763e-03
   3.9622598e-02  -7.0173897e-03
   3.9625413e-02  -3.5086948e-03
   3.6996771e-02  -2.0011525e-03
   3.2017824e-02  -5.5254178e-03
   3.0674670e-02  -8.0213656e-03
   3.4433450e-02  -1.3508507e-02
   3.8419991e-02  -7.0314121e-03
   3.9542408e-02  -9.0046663e-03
   3.9577326e-02  -1.1517254e-02
   3.9687102e-02  -1.5066866e-02
   4.0935286e-02  -1.1037834e-02
   3.0759883e-02  -1.2570444e-02
   3.1941900e-02  -1.5541028e-02
   3.5711392e-02  -1.2007244e-02
   4.2169112e-02  -1.3031489e-02
   3.2043040e-02  -1.1564533e-02
   3.7054751e-02  -1.4536864e-02
   3.7099813e-02  -9.5335188e-03
   3.8303742e-02  -9.5145335e-03
   3.3324001e-02  -1.2067040e-02
   3.4538395e-02  -1.1541201e-02
   3.4441803e-02  -7.5047262e-03
   2.6734786e-02  -8.4898792e-03
   2.9308641e-02  -9.4975857e-03
   2.5562966e-02  -7.0192918e-03
   2.0490930e-02  -6.5312083e-03
   3.2050020e-02  -4.5252521e-03
   3.4473983e-02  -9.0145117e-03
   3.1919785e-02  -9.5157950e-03
   1.9171669e-02  -8.0227262e-03
   2.2960108e-02  -9.0074270e-03
   2.4259469e-02  -9.0161115e-03
   2.5585087e-02  -1.0539297e-02
   2.5609749e-02  -1.1052042e-02
   2.0450373e-02  -7.0197803e-03
   1.5306179e-02  -1.0009120e-02
   1.2767914e-02  -9.5182048e-03
   1.2740635e-02  -1.3499351e-02
   2.1684546e-02  -9.0075788e-03
   2.5638582e-02  -7.0400509e-03
   1.4199896e-02  -5.0642460e-03
   1.2908716e-02  -6.0771582e-03
   3.8687735e-03  -6.0714017e-03
   5.1381367e-03  -4.5355377e-03
   9.0453637e-03  -4.5625138e-03
   1.2896597e-02  -3.0355649e-03
   1.1549846e-02  -5.0343522e-04
   8.9832138e-03  -5.0344306e-04
  -1.2833144e-03  -1.0069097e-03
   3.8575498e-03   1.5133465e-03
   1.1572700e-02   0.0000000e+00
   1.9325980e-02  -1.5161853e-03
   3.4644087e-02   9.0589743e-03
   3.5965412e-02   6.5488772e-03
   3.5998251e-02   9.0766383e-03
   4.4867519e-02   7.0372293e-03
   4.3800242e-02   8.0826276e-03
   4.4995240e-02   1.0587129e-02
   3.5890455e-02   1.0055339e-02
   2.9450568e-02   1.1553684e-02
   3.0609764e-02   1.2008446e-02
   4.3283397e-02   9.4854375e-03
   4.7187783e-02   1.3004188e-02
   4.8465460e-02   1.2003433e-02
   5.1157295e-02   1.5548978e-02
   4.9871992e-02   1.7555968e-02
   4.3573134e-02   1.4074930e-02
   3.5771559e-02   1.7043689e-02
   3.4466337e-02   1.4022574e-02
   4.1960772e-02   1.3965324e-02
   4.7137815e-02   1.4490470e-02
   4.7140350e-02   1.3491127e-02
   4.6002668e-02   1.3030187e-02
   4.7196573e-02   8.5027383e-03
   4.8523690e-02   5.5069702e-03
   5.2299736e-02   8.0013767e-03
   5.0924965e-02   7.4869108e-03
   4.4518417e-02   4.9872915e-03
   4.7295877e-02   1.0022868e-03
   4.0985142e-02  -1.0044271e-03
   4.3503937e-02   0.0000000e+00
   3.9782339e-02   2.5160975e-03
   4.1065820e-02  -2.0128163e-03
   4.2391284e-02  -5.0368485e-04
   3.8536628e-02  -3.5261190e-03
   4.0943276e-02  -4.5154774e-03
   3.7141397e-02  -4.5203228e-03
   3.5826772e-02   0.0000000e+00
   3.8498306e-02  -4.0258756e-03
   3.6003939e-02  -5.0425768e-04
   3.8494086e-02  -8.5549857e-03
   2.8314112e-02  -7.0676305e-03
   2.8202440e-02  -7.0397634e-03
   2.2963148e-02  -3.5028883e-03
   1.7913073e-02  -3.0115251e-03
   2.0553199e-02  -2.0155584e-03
   1.9324699e-02  -6.0647412e-03
   2.0529829e-02  -9.0610613e-03
   1.9303865e-02  -9.0881067e-03
   1.4115653e-02  -5.5376794e-03
   1.6698790e-02  -5.0391099e-03
   1.2806291e-02  -8.0390187e-03
   1.1514493e-02  -7.5292322e-03
   1.5351052e-02  -1.0540603e-02
   1.5352658e-02  -7.5290024e-03
   1.6681746e-02  -6.5443772e-03
   1.4142170e-02  -9.0795813e-03
   1.5474241e-02  -8.0946645e-03
   1.2880091e-02  -1.2635653e-02
   1.2828944e-02  -1.3089194e-02
   8.9804837e-03  -1.2586077e-02
   1.2893171e-02  -1.2142260e-02
   1.7994577e-02  -1.4627678e-02
   2.8221409e-02  -1.4596756e-02
   2.4351574e-02  -1.2571758e-02
   2.1809746e-02  -1.2584605e-02
   3.5967747e-02   3.0225587e-03
   3.4615115e-02   2.0111215e-03
   3.1987197e-02   4.0145329e-03
   2.7027795e-02   6.0580966e-03
   3.4614560e-02   3.5194626e-03
   3.7289520e-02   2.0169745e-03
   4.1188099e-02   5.0469725e-04
   3.7326275e-02   2.5237124e-03
   4.2224225e-02   1.5051118e-03
   3.9625413e-02   3.5086948e-03
   4.1147359e-02   5.0419854e-04
   4.2432902e-02   2.0167301e-03
   4.7388588e-02   2.5106477e-03
   4.4827238e-02   2.0086584e-03
   3.5686275e-02   0.0000000e+00
   2.8205005e-02   1.5085207e-03
   2.9312021e-02   5.4986023e-03
   2.9254344e-02   5.9867425e-03
   3.0556166e-02   5.9924681e-03
   3.3070824e-02   4.9886012e-03
   3.0554041e-02   8.4893298e-03
   3.4440742e-02   8.5053564e-03
   3.3297762e-02   6.5298777e-03
   3.7215537e-02   3.0194934e-03
   3.8573385e-02   5.5465200e-03
   4.2347786e-02   4.5286934e-03
   4.5047717e-02   4.5418282e-03
   4.6062434e-02   2.5082684e-03
   4.4827042e-02   2.5108230e-03
   4.6106137e-02   5.0214731e-03
   4.0944386e-02   2.5085986e-03
   4.3503600e-02   2.0067507e-03
   4.7292676e-02   6.0137205e-03
   3.9702873e-02   4.5200598e-03
   3.9740807e-02   6.0326844e-03
   4.7572096e-02   7.0575898e-03
   5.1328449e-02   6.5398196e-03
   4.8806510e-02   9.0647580e-03
   4.3629713e-02   6.0380610e-03
   4.2424934e-02   1.0083650e-02
   4.6140924e-02   1.2063406e-02
   4.5082442e-02   1.1618384e-02
   4.3711372e-02   9.5791543e-03
   3.7248873e-02   7.5561867e-03
   4.1059659e-02   9.0576734e-03
   4.4779214e-02   7.0233929e-03
   5.1128775e-02   4.5097875e-03
   5.1228519e-02   5.5228066e-03
   5.1227947e-02   6.0248800e-03
   4.4694705e-02   3.0041189e-03
   3.8382183e-02   7.0244975e-03
   3.8272798e-02  -5.0027392e-04
   3.8921981e-02  -1.5262622e-03
   3.1953708e-02   7.0185287e-03
   4.3460824e-02  -2.0047797e-03
   3.3318754e-02   1.5083800e-02
   2.1987916e-02   7.1034614e-03
   4.7202777e-02   2.0006443e-03
   4.2221935e-02   5.5187433e-03
   3.7216171e-02  -5.0324891e-04
   3.0707709e-02   4.0146281e-03
   4.2389628e-02   4.5331636e-03
   4.6016275e-02   4.0092883e-03
   4.7156840e-02  -4.9967136e-04
   4.6062992e-02   0.0000000e+00
   3.7141055e-02  -5.0225809e-03
   3.0768019e-02  -4.5253598e-03
   4.0861108e-02  -6.5095549e-03
   4.3289874e-02  -3.4946349e-03
   3.9587121e-02  -2.0030008e-03
   3.5859963e-02  -5.5249917e-03
   4.2261395e-02  -7.5329655e-03
  -2.2683515e-02  -3.6175224e-02
   1.0090527e-01  -4.8566039e-02
   3.9978565e-02   4.5514196e-03
   1.6740059e-02  -2.8330977e-02
   4.0577999e-02   5.2109983e-02
   4.5959385e-02   1.5444896e-03
   5.0376687e-02  -1.4690754e-02
   5.4843735e-02   1.1501050e-02
   2.9544113e-02  -2.3198745e-02
   5.4083269e-02  -2.8308770e-02
   4.3044181e-02  -1.8423625e-02
   4.7111037e-02   2.2485211e-02
   5.8379817e-02  -3.4397660e-02
   1.8055547e-02   5.0590359e-04
   6.4045004e-02  -2.1600974e-02
   2.1750451e-02  -6.0227790e-03
   4.6017499e-02  -1.5034831e-03
   2.8001964e-02  -1.3483648e-02
   4.2091992e-02  -1.0004569e-02
   4.5822559e-02  -1.2979202e-02
   4.2178895e-02  -7.0169559e-03
   4.3326588e-02  -8.9950042e-03
   3.4679460e-02  -8.0603729e-03
   3.9858716e-02  -6.0505688e-03
   4.3588027e-02  -4.5240847e-03
   3.5964938e-02  -7.0526370e-03
   3.9661032e-02  -7.5260251e-03
   3.2177965e-02  -2.0191835e-03
   3.6108108e-02  -6.5748449e-03
   3.2498960e-02  -4.0787256e-03
   4.1139330e-02  -1.0083971e-02
   3.7326733e-02   0.0000000e+00
   3.4855853e-02   1.5188186e-03
   3.7474686e-02  -2.5337387e-03
   4.4959684e-02  -3.0219087e-03
   4.6197967e-02  -4.0250997e-03
   3.0769231e-02   0.0000000e+00
   3.9704356e-02   1.0044577e-03
   4.2221935e-02  -5.5187433e-03
   3.9663433e-02  -5.0173501e-03
   3.4479305e-02  -1.0016124e-03
   3.4478772e-02  -3.0048372e-03
   4.5927291e-02  -1.0003573e-03
   4.4694942e-02   2.5034324e-03
   4.8862417e-02  -1.0081902e-03
   4.8862488e-02  -5.0409508e-04
   4.7576447e-02   1.5123407e-03
   5.1638505e-02  -5.0605574e-04
   5.2820843e-02   6.0604101e-03
   5.6410229e-02   5.0248573e-04
   5.2719667e-02   2.0161469e-03
   5.2512290e-02   5.0205363e-04
   4.1065160e-02   3.5224285e-03
   4.7529621e-02   5.0361608e-04
   4.8862130e-02   2.0163803e-03
   4.7341694e-02   3.0098158e-03
   4.8862512e-02   0.0000000e+00
   5.9090649e-02   1.5102983e-03
   6.1537713e-02   2.5119800e-03
   5.6298967e-02  -1.5044953e-03
   5.2409021e-02  -5.0106791e-04
   4.9753128e-02   4.0009961e-03
   5.1030029e-02   2.0004221e-03
   5.4963433e-02   4.5092455e-03
   5.6297004e-02   4.5134860e-03
   7.0028543e-02   2.4939355e-03
   6.7482342e-02   1.9953546e-03
   5.9951393e-02   8.9992648e-03
   5.6179824e-02   9.0092704e-03
   5.8905936e-02   9.5370089e-03
   5.9086034e-02   6.5446259e-03
   6.1536546e-02   4.0191680e-03
   5.5011985e-02   8.5258322e-03
   4.8657460e-02   1.1548560e-02
   4.8664637e-02   7.5316693e-03
   4.7476803e-02   8.0499135e-03
   4.8614418e-02   9.0291200e-03
   4.4687699e-02   9.5130432e-03
   4.4733180e-02   8.5200297e-03
   3.7101106e-02   8.5299905e-03
   3.7065782e-02   7.5190676e-03
   3.5812186e-02   1.4551562e-02
   3.1857785e-02   8.9972979e-03
   3.2075359e-02   1.1072640e-02
   4.0856556e-02   1.0014700e-02
   3.3262497e-02   9.0324760e-03
   3.7317058e-02   1.1609077e-02
   4.1103328e-02   6.5481106e-03
   3.8610663e-02   6.5614626e-03
   3.3426343e-02   9.5814018e-03
   3.3494303e-02   8.0845315e-03
   3.5686275e-02   0.0000000e+00
   3.9804648e-02   1.5111489e-02
   2.5766265e-02   6.0642201e-03
   3.5854396e-02   1.0547712e-02
   3.3332020e-02   4.5251399e-03
   2.0611190e-02   9.0969733e-03
   2.6894972e-02   5.5259110e-03
   1.9266057e-02   8.5662527e-03
   3.0830024e-02   5.0381091e-04
   2.4382724e-02   2.5168328e-03
   2.6923064e-02  -5.0285075e-04
   1.6665297e-02   6.5379243e-03
   1.6649955e-02   3.0145311e-03
   2.0533030e-02  -1.0067846e-03
   1.9249753e-02   0.0000000e+00
   2.0532910e-02  -2.0135692e-03
   1.5430260e-02  -5.0441551e-04
   1.8001837e-02  -2.0176107e-03
   1.4158388e-02  -1.0098411e-03
   1.5414651e-02  -3.5274200e-03
   7.6844904e-03  -4.0196342e-03
   8.9649908e-03  -5.5269622e-03
   1.0256390e-02  -1.0058859e-03
   1.6682989e-02  -2.0136545e-03
   1.4074803e-02   0.0000000e+00
   1.2731241e-02  -7.4922949e-03
   1.0215277e-02  -6.5125690e-03
   8.9743590e-03   0.0000000e+00
   1.1526892e-02  -3.0146598e-03
   1.2794061e-02  -7.0272187e-03
   8.9474534e-03  -5.0146305e-03
   8.9827805e-03  -5.0344306e-03
   1.1538411e-02  -1.5088163e-03
   1.1527043e-02  -1.5073299e-03
   3.4630056e-02  -1.7111396e-02
   2.9364460e-02  -1.1018799e-02
   3.1796967e-02  -7.4830844e-03
   2.9398477e-02  -5.5148141e-03
   2.0490373e-02  -7.5360096e-03
   3.3264559e-02  -7.0252591e-03
   1.7858446e-02  -8.0070952e-03
   2.3007949e-02  -4.5125676e-03
   2.3008749e-02  -1.5041892e-03
   2.8093435e-02  -4.0069230e-03
   2.6738286e-02  -1.9976186e-03
   2.5514609e-02  -3.5027601e-03
   2.6870066e-02  -5.0186131e-04
   2.9370409e-02  -4.0068360e-03
   3.2114060e-02  -3.0227932e-03
   2.7110215e-02  -5.0634473e-04
   3.9979667e-02  -2.5285664e-03
   3.7437270e-02  -3.0374696e-03
   3.6145189e-02  -5.0625915e-03
   3.8535273e-02  -5.5410441e-03
   3.4744234e-02  -1.1104944e-02
   3.0735098e-02  -8.0371624e-03
   3.4544416e-02  -6.5232875e-03
   2.9574317e-02   2.5216027e-03
   4.4827586e-02   0.0000000e+00
   3.9544845e-02  -7.0036293e-03
   2.5487440e-02  -7.4985587e-03
   1.7825524e-02  -1.9978533e-03
   2.4215675e-02  -4.9991328e-04
   3.5755764e-02  -3.0047575e-03
   3.4578445e-02  -6.5297099e-03
   2.9458128e-02   0.0000000e+00
   1.6782315e-02   2.5320631e-03
   2.7110108e-02  -1.5190342e-03
   2.7002954e-02  -5.0434225e-04
   3.2175553e-02  -6.5623464e-03
   2.8232848e-02  -1.5100092e-03
   2.0573689e-02   0.0000000e+00
   3.2144126e-02  -6.0515626e-03
   3.9742024e-02  -4.5245133e-03
   4.3544241e-02  -5.5239953e-03
   3.6003322e-02  -3.0255461e-03
   2.9544012e-02  -5.0382247e-03
   4.7622619e-02  -3.5322841e-03
   6.1531729e-02  -7.5359401e-03
   5.7744505e-02  -6.5384679e-03
   4.7619818e-02  -6.5599561e-03
   4.7712971e-02  -7.5841781e-03
   6.5570424e-02  -8.0609667e-03
   6.0553548e-02  -3.5343243e-03
   5.7976374e-02  -4.0395921e-03
   3.3245137e-02  -4.4958846e-04
   1.6064889e-01  -1.1072424e-01
  -1.4956415e-02   5.5078280e-02
   1.2185827e-01  -4.5797607e-02
  -4.0411934e-02   5.2413930e-02
   6.9204390e-02   1.4062913e-02
   7.0303153e-02   3.5052024e-03
   8.4917620e-02  -2.6731773e-02
   8.3567369e-02   9.0614101e-03
   5.3897378e-02  -8.8448583e-03
   8.3867722e-02  -4.4774948e-03
   6.3318953e-02   3.0381477e-03
   6.3367904e-02  -1.1150933e-02
   6.3953799e-02   1.3536767e-02
   6.3537124e-02   3.4855753e-03
   6.0078895e-02  -2.2564452e-02
   4.8621953e-02  -1.0032356e-03
   3.9664125e-02  -4.0138801e-03
   4.0742785e-02  -4.4933861e-03
   3.3169631e-02  -1.5009835e-03
   3.5967940e-02  -2.5187989e-03
   4.1024923e-02   3.0162499e-03
   4.6153824e-02  -5.0264190e-04
   4.6336270e-02  -2.0185202e-03
   4.4915741e-02   2.0126194e-03
   4.8717854e-02   1.0052115e-03
   4.4739084e-02   2.0047129e-03
   3.9626352e-02   0.0000000e+00
   4.2307178e-02   2.5134622e-03
   5.1180483e-02   2.5078996e-03
   5.1028849e-02   4.0008442e-03
   4.3329252e-02   6.9961143e-03
   4.7155752e-02   3.4976995e-03
   5.5127776e-02   2.0100278e-03
   5.8799683e-02   2.5048137e-03
   4.8619692e-02   5.0161778e-03
   4.9851640e-02   3.0066396e-03
   6.2450860e-02   9.9884811e-04
   6.3849579e-02   3.0022748e-03
   5.4963433e-02   4.5092455e-03
   5.2404765e-02   6.5138828e-03
   5.2508009e-02   6.5266971e-03
   6.9024914e-02   3.5053865e-03
   6.7948421e-02   1.5068189e-03
   4.9995891e-02   6.5336308e-03
   4.3413106e-02   8.0112501e-03
   4.0821016e-02   6.5031730e-03
   5.3579853e-02   4.5005948e-03
   4.9846339e-02   8.0177057e-03
   4.4692376e-02   6.0082378e-03
   3.9388501e-02   8.4711848e-03
   3.6739597e-02   8.4469189e-03
   2.9108943e-02   9.4328831e-03
   1.5172226e-02   9.9215030e-03
   2.0149591e-02   1.1859040e-02
   1.6340924e-02   1.0357015e-02
   1.5186699e-02   1.0427721e-02
   1.7747451e-02   1.5920466e-02
   2.0268246e-02   1.0934343e-02
   1.4043567e-02   1.1521921e-02
   1.9170696e-02   9.5269874e-03
   2.3073681e-02   8.5489490e-03
   2.1855686e-02   9.5832150e-03
   2.4500484e-02   8.5996629e-03
   3.6145528e-02   4.5563323e-03
   3.5133375e-02   5.1032416e-03
   3.3830970e-02   6.6343901e-03
   3.3832139e-02   5.1033770e-03
   3.6509363e-02   1.5339990e-03
   3.9078078e-02  -1.0215826e-03
   3.5099719e-02   2.0392568e-03
   4.0259740e-02   0.0000000e+00
   4.2814350e-02  -5.0870622e-04
   4.6659440e-02  -2.5407368e-03
   4.3935600e-02  -3.0400138e-03
   3.3698753e-02   1.5249115e-03
   2.9633286e-02   5.0531968e-04
   3.3365979e-02  -2.0131574e-03
