   1.0078877e-01  -1.3653795e-01
   7.8460069e-02  -9.3717054e-02
   7.4658808e-02  -8.8523098e-02
   6.8624341e-02  -8.9083500e-02
   6.8568790e-02  -8.8479359e-02
   6.7131943e-02  -8.8819587e-02
   6.1046790e-02  -8.2497800e-02
   5.8637962e-02  -7.8538937e-02
   5.2229267e-02  -7.1320646e-02
   5.7206579e-02  -6.8378649e-02
   4.6929115e-02  -6.5962381e-02
   4.5574758e-02  -6.2231634e-02
   4.2968094e-02  -5.8062640e-02
   4.6847152e-02  -6.0625414e-02
   4.4392728e-02  -5.4573886e-02
   3.7793200e-02  -4.8770747e-02
   3.5193422e-02  -4.7746704e-02
   3.7974870e-02  -3.8104867e-02
   4.1616796e-02  -3.6811535e-02
   2.8558606e-02  -3.5727074e-02
   2.4657122e-02  -3.0084570e-02
   2.4649569e-02  -3.2634110e-02
   3.2269452e-02  -2.4326486e-02
   3.8663013e-02  -1.9217681e-02
   2.9523539e-02  -1.9649076e-02
   2.0607093e-02  -1.3645460e-02
   2.1834864e-02  -8.5659852e-03
   2.4404065e-02  -8.0618204e-03
   2.0694786e-02  -6.5961790e-03
   1.5474477e-02  -7.5887480e-03
   1.5520882e-02  -7.1039712e-03
   1.5537656e-02  -2.5396592e-03
   2.4601289e-02   2.5393860e-03
   1.4226820e-02   8.6263490e-03
   1.1663127e-02   9.1521739e-03
   1.1613854e-02   1.4686603e-02
   2.4464969e-02   1.7687647e-02
   2.6948460e-02   2.3176829e-02
   3.8348231e-02   2.2578742e-02
   2.0580496e-02   2.9312469e-02
   2.3178544e-02   2.8328817e-02
   2.1883248e-02   3.1364587e-02
   1.5529924e-02   3.6135133e-02
   1.2914116e-02   3.7079834e-02
   1.5519477e-02   4.0715643e-02
   1.9357855e-02   4.1648738e-02
   2.3141790e-02   5.1701466e-02
   1.9334005e-02   5.3892279e-02
   2.6844021e-02   6.0076125e-02
   2.8009080e-02   6.8521360e-02
   3.1855245e-02   6.9088673e-02
   3.0488062e-02   7.6579259e-02
   2.5409776e-02   8.2795650e-02
   2.4165232e-02   7.9263204e-02
   2.0419299e-02   8.1103063e-02
   2.3001923e-02   8.3293388e-02
   1.1493429e-02   8.2205659e-02
   1.0256166e-02   8.2534827e-02
   1.7866396e-02   9.0499659e-02
   2.7958058e-02   9.1140119e-02
   3.0204480e-02   9.9055099e-02
   2.6558971e-02   9.6424704e-02
   1.3867048e-02   9.7161103e-02
   1.8873653e-02   9.6964782e-02
   1.6373440e-02   1.0229393e-01
   1.5085284e-02   1.0209344e-01
   8.8380177e-03   1.0624744e-01
   1.2649793e-02   1.0645597e-01
  -1.6442139e-02   8.1392339e-02
  -8.8763592e-03   6.8768053e-02
  -1.3957498e-02   6.6255959e-02
  -1.0158401e-02   6.3246071e-02
  -1.7807426e-02   5.5713215e-02
  -1.2731974e-02   5.5770692e-02
  -1.2759516e-02   5.4873930e-02
  -1.1493983e-02   5.0343522e-02
  -7.6498755e-03   4.8738065e-02
  -2.5559606e-03   4.0739566e-02
  -1.0260133e-02   3.6823773e-02
  -7.6992373e-03   3.2788740e-02
  -6.4127610e-03   2.8724946e-02
  -2.5767986e-03   2.2767812e-02
   2.5825531e-03   1.9771333e-02
   9.0385836e-03   2.0277839e-02
   1.5497582e-02   1.7742277e-02
   1.1625716e-02   1.4194263e-02
   1.9459905e-02   5.5981751e-03
   1.8125971e-02   6.6029437e-03
   2.4650588e-02   1.5266717e-03
   3.1075682e-02  -5.0782306e-04
   2.8514102e-02  -2.5417615e-03
   3.1195493e-02  -8.6675041e-03
   2.8537230e-02  -1.0177188e-02
   3.2556486e-02  -1.1749821e-02
   3.8909059e-02  -1.3227606e-02
   3.7643108e-02  -1.6296859e-02
   4.7955655e-02  -2.2888592e-02
   3.6402730e-02  -2.1943335e-02
   4.4118852e-02  -2.0877072e-02
   4.9330764e-02  -2.7010505e-02
   5.2068437e-02  -2.9645158e-02
   5.2101384e-02  -3.2744688e-02
   4.9370683e-02  -3.6766945e-02
   4.9484542e-02  -4.1487343e-02
   4.9495718e-02  -4.6143356e-02
   6.2536070e-02  -5.0273626e-02
   6.0146084e-02  -5.2541782e-02
   5.8606026e-02  -5.7007907e-02
   5.5858345e-02  -5.9461491e-02
   5.3182596e-02  -6.5618248e-02
   5.3074356e-02  -6.9649438e-02
   5.7967692e-02  -7.2929052e-02
   5.8245095e-02  -7.3807703e-02
   5.3052688e-02  -8.1674223e-02
   5.4276124e-02  -8.2614957e-02
   5.8182031e-02  -8.4227899e-02
   5.6644215e-02  -9.1238623e-02
   5.2483718e-02  -9.5991174e-02
   5.6186084e-02  -9.9963149e-02
   6.7108971e-02  -9.8524618e-02
   6.5743173e-02  -9.9946646e-02
   6.4837859e-02  -1.0105589e-01
   6.2390442e-02  -9.9641408e-02
   6.1352098e-02  -1.0535965e-01
   6.1388873e-02  -1.0116667e-01
   6.0074016e-02  -1.1286458e-01
   5.4713307e-02  -1.1880368e-01
   5.0756086e-02  -1.2279258e-01
   6.2100254e-02  -1.3402007e-01
   5.3523856e-02  -1.2661338e-01
   5.7369596e-02  -1.3434292e-01
   5.9682285e-02  -1.2992482e-01
   1.0522911e-01  -1.7546278e-01
   8.3839212e-02  -2.6017518e-01
   5.7615981e-02  -1.1361653e-01
   7.3474680e-02  -1.3093450e-01
   6.4238794e-02  -1.4710525e-01
   6.4638584e-02  -1.2645485e-01
   6.8546026e-02  -1.1254603e-01
   6.3627592e-02  -1.2965293e-01
   4.2813200e-02  -1.3701163e-01
   5.1635628e-02  -1.2828405e-01
   4.2062179e-02  -9.4016924e-02
   6.3577474e-02  -1.2030047e-01
   4.9724406e-02  -1.2778744e-01
   4.4927563e-02  -1.1234625e-01
   4.9955176e-02  -9.1311826e-02
   6.3962469e-02  -1.1079619e-01
   4.9165718e-02  -1.0783401e-01
   3.3830715e-02  -8.9633350e-02
   5.4231181e-02  -8.8348270e-02
   5.0198586e-02  -9.1770437e-02
   4.5162875e-02  -9.8947159e-02
   4.3069836e-02  -7.6586473e-02
   4.5777474e-02  -6.8819512e-02
   3.4991467e-02  -7.2903569e-02
   3.3586531e-02  -7.3709830e-02
   2.9987376e-02  -5.6594245e-02
   3.7926874e-02  -6.5144243e-02
   2.6163086e-02  -6.4124741e-02
   1.5674284e-02  -6.1938751e-02
   1.9515462e-02  -4.0959211e-02
   2.6014247e-02  -4.2491434e-02
   1.7039329e-02  -4.4905020e-02
   1.5716985e-02  -4.9034845e-02
   1.6911563e-02  -3.4781396e-02
   1.0389486e-02  -2.2949266e-02
   9.1474612e-03  -4.4771840e-02
  -1.3125041e-03  -2.7846295e-02
   1.8296494e-02  -1.9495048e-02
   1.5533411e-02  -1.2190364e-02
   5.1994541e-03  -2.3993802e-02
  -5.2219127e-03  -2.0502347e-02
  -7.8443994e-03  -1.3339797e-02
  -1.3076082e-02  -9.7479977e-03
   0.0000000e+00  -1.6287425e-02
  -3.8995613e-03  -7.6499656e-03
  -1.2999974e-02   1.0199490e-03
  -2.4822604e-02  -5.6371633e-03
  -2.0820810e-02   5.1044505e-04
  -5.1689222e-03   2.5347712e-03
  -3.8564803e-03   1.2106772e-02
   2.5733381e-03   1.3633637e-02
  -5.1508633e-03   1.6679750e-02
  -8.9857623e-03   1.9149740e-02
  -8.9802476e-03   2.6204907e-02
  -5.1267743e-03   2.5676009e-02
  -3.8546998e-03   1.9673504e-02
  -1.5503971e-02   2.4863899e-02
  -6.4448584e-03   2.8361120e-02
  -1.1578456e-02   3.5921187e-02
  -1.0304922e-02   3.3931402e-02
  -1.0292803e-02   4.2034423e-02
  -2.5663924e-03   4.5995945e-02
  -6.4165469e-03   4.5490026e-02
  -1.2855387e-03   4.0982123e-02
  -2.5684566e-03   4.7053479e-02
   0.0000000e+00   5.0188867e-02
   1.2787140e-02   5.3973621e-02
   1.0192880e-02   6.1419605e-02
  -3.8242279e-03   6.3497745e-02
   6.3126524e-03   9.0028491e-02
   2.5210836e-03   8.8848253e-02
   1.1295220e-02   9.3087635e-02
   7.5216972e-03   9.3498382e-02
   1.2605418e-03   8.8848382e-02
   3.7809944e-03   8.9350004e-02
   7.5255927e-03   9.1998408e-02
   6.2653782e-03   9.1908790e-02
   2.5180940e-03   9.2362026e-02
   2.5198152e-03   9.0354156e-02
   0.0000000e+00   8.9262537e-02
  -1.2611663e-03   8.7342477e-02
  -2.5063015e-03   8.8825662e-02
  -5.0230832e-03   8.5415603e-02
  -1.5100181e-02   8.1994326e-02
  -8.8346475e-03   7.8652365e-02
  -1.2697777e-02   7.8108835e-02
  -1.4000754e-02   7.6747924e-02
  -1.9105632e-02   7.4219538e-02
  -2.6814844e-02   7.2335494e-02
  -2.3006892e-02   6.4687428e-02
  -1.9148916e-02   6.1536254e-02
  -2.2924822e-02   5.8836884e-02
  -2.5616311e-02   5.5588684e-02
  -2.5733230e-02   5.2765672e-02
  -2.4492196e-02   4.8248333e-02
  -2.5672605e-02   4.9573576e-02
  -1.8024176e-02   4.4101097e-02
  -1.5518240e-02   4.1224589e-02
  -1.9390386e-02   3.7114494e-02
  -1.2881798e-02   4.0554656e-02
  -1.2875845e-02   3.6969379e-02
  -1.6776807e-02   2.6359628e-02
  -1.1665405e-02   2.2394306e-02
  -1.4274884e-02   1.9868930e-02
  -1.0365138e-02   1.3728377e-02
  -6.4788551e-03   1.1694770e-02
  -1.0346410e-02   9.6414856e-03
  -3.8765480e-03   5.0695600e-03
  -1.2947892e-03   3.5557751e-03
  -6.4803522e-03   4.0677461e-03
   1.2973819e-03  -3.0538907e-03
   0.0000000e+00  -4.0637450e-03
   3.8790918e-03  -1.4208892e-02
   1.2921795e-03  -2.3343272e-02
   7.7596884e-03  -2.4889994e-02
   1.2941674e-02  -2.7964712e-02
   1.1672247e-02  -3.5188575e-02
   1.6875540e-02  -3.5732710e-02
   1.8151699e-02  -3.7226352e-02
   2.3213772e-02  -3.9575742e-02
   3.4720666e-02  -4.5058285e-02
   3.0907136e-02  -5.3321421e-02
   3.4824496e-02  -5.5458911e-02
   3.7415968e-02  -5.3929514e-02
   3.5073845e-02  -5.9495158e-02
   4.4223268e-02  -6.2684966e-02
   4.8994027e-02  -6.5742551e-02
   5.5228823e-02  -7.2717503e-02
   5.2733288e-02  -7.4907067e-02
   4.4996604e-02  -7.6453187e-02
   5.1361212e-02  -7.3743659e-02
   5.1454339e-02  -7.0762706e-02
   5.7741129e-02  -7.2638794e-02
   6.4354417e-02  -7.2329644e-02
   5.9067267e-02  -8.0494881e-02
   4.2947166e-02  -1.3472539e-01
   4.2990882e-02  -1.3049628e-01
   4.5444069e-02  -1.2321704e-01
   5.6420888e-02  -1.2496962e-01
   5.1406200e-02  -1.2714097e-01
   5.8748669e-02  -1.3153506e-01
   5.8829765e-02  -1.3281007e-01
   5.4074845e-02  -1.3349664e-01
   4.9112323e-02  -1.3480693e-01
   4.5296045e-02  -1.2818077e-01
   5.4256376e-02  -1.2852964e-01
   5.3080278e-02  -1.2280174e-01
   5.9482590e-02  -1.2187720e-01
   6.2201426e-02  -1.1955479e-01
   6.7309007e-02  -1.1850870e-01
   7.2292683e-02  -1.1456404e-01
   7.3646826e-02  -1.1416211e-01
   6.7419412e-02  -1.1226665e-01
   6.1097449e-02  -1.1076375e-01
   6.2315047e-02  -1.0799044e-01
   6.0063450e-02  -1.0321537e-01
   5.0020339e-02  -9.6191346e-02
   5.7732356e-02  -9.2493597e-02
   5.5350496e-02  -8.8590678e-02
   4.8788464e-02  -8.4173361e-02
   4.6414846e-02  -8.0339105e-02
   4.9223897e-02  -7.8087890e-02
   5.0655620e-02  -6.8324234e-02
   4.1781517e-02  -6.7654421e-02
   4.0405962e-02  -6.6489085e-02
   4.3038895e-02  -5.9724405e-02
   3.7810169e-02  -5.6585262e-02
   2.2227901e-02  -5.2590816e-02
   3.1249021e-02  -5.3398303e-02
   3.6513496e-02  -4.5178418e-02
   4.0253936e-02  -4.6527163e-02
   2.8608412e-02  -4.4025406e-02
   1.5655377e-02  -4.2625286e-02
   0.0000000e+00  -3.7492447e-02
   9.1036741e-03  -3.6829584e-02
   2.5977098e-03  -2.1419957e-02
   9.0529698e-03  -2.4889833e-02
   3.8656934e-03  -2.1249906e-02
   6.4231977e-03  -2.2195574e-02
   2.5653541e-03  -1.6110531e-02
  -3.8482635e-03  -1.5103586e-02
  -7.6899708e-03  -1.2573744e-02
   0.0000000e+00  -1.0562130e-02
  -3.8571423e-03  -7.5667323e-03
  -6.4290232e-03  -4.5400038e-03
  -1.1572610e-02  -2.0177242e-03
  -7.7072051e-03   4.5354934e-03
  -3.8419450e-03   7.5369129e-03
  -1.4114003e-02   9.5650827e-03
  -2.5810663e-02   1.3165229e-02
  -1.2891117e-02   1.5177825e-02
  -6.4532669e-03   2.5347599e-02
  -1.0278908e-02   3.0296079e-02
  -1.5370107e-02   3.1715445e-02
  -2.1841389e-02   3.0797618e-02
  -1.5379314e-02   3.4770283e-02
  -2.8356889e-02   3.6492269e-02
  -2.9843693e-02   3.8788520e-02
  -2.2049762e-02   4.1345365e-02
  -2.5755833e-02   4.8199412e-02
  -1.6779552e-02   5.1911799e-02
  -1.5452105e-02   5.8470392e-02
  -4.1920685e-02   1.0581089e-01
  -4.3010560e-02   1.0376411e-01
  -4.2968368e-02   1.0629494e-01
  -4.8015507e-02   1.0415221e-01
  -5.2908865e-02   1.0171086e-01
  -5.1999134e-02   9.4029393e-02
  -4.3110053e-02   9.1939889e-02
  -4.4338113e-02   8.8730228e-02
  -4.1832163e-02   8.6719394e-02
  -4.0331745e-02   8.3122008e-02
  -4.1645461e-02   8.5289668e-02
  -4.3979749e-02   8.6449121e-02
  -4.1367354e-02   8.1637306e-02
  -4.2794253e-02   7.7880434e-02
  -4.1605391e-02   7.5460518e-02
  -3.5374668e-02   7.1543163e-02
  -3.5297759e-02   6.4785122e-02
  -2.8987461e-02   6.1742240e-02
  -3.0356213e-02   5.8925936e-02
  -2.5242754e-02   5.5272662e-02
  -1.5201978e-02   5.1446006e-02
  -1.0151217e-02   4.7998524e-02
  -6.3732321e-03   4.4674656e-02
  -5.1063110e-03   4.7277739e-02
  -5.1378934e-03   3.9930311e-02
  -1.2862212e-03   3.7440458e-02
  -6.4708017e-03   3.6137275e-02
  -5.1700590e-03   3.0477846e-02
   0.0000000e+00   3.0538922e-02
   0.0000000e+00   3.1525424e-02
   3.8827119e-03   2.7457504e-02
   1.8067331e-02   2.6359277e-02
   1.9406915e-02   2.0316458e-02
   2.1891169e-02   1.6677514e-02
   2.3196930e-02   1.9728998e-02
   1.2859638e-02   2.1711807e-02
   2.0611190e-02   9.0969733e-03
   2.4450161e-02   1.0602085e-02
   1.9286239e-02   6.5571418e-03
   2.3145389e-02   5.0437111e-04
   2.7189886e-02  -5.0785705e-03
   1.5505855e-02  -6.0830662e-03
   2.5989074e-02  -1.4787043e-02
   2.3348166e-02  -1.0686899e-02
   2.2044649e-02  -1.6285082e-02
   1.6854780e-02  -1.8830751e-02
   1.2939424e-02  -1.8793889e-02
   1.4214613e-02  -2.2834453e-02
   2.3303340e-02  -2.4402850e-02
   2.5975996e-02  -2.1925615e-02
   2.3433475e-02  -2.8641270e-02
   2.0811241e-02  -2.7591645e-02
   2.2043454e-02  -2.8527355e-02
   2.1907393e-02  -3.8016441e-02
   2.0651675e-02  -4.0632291e-02
   1.8100181e-02  -4.2750318e-02
   1.8077417e-02  -4.9875371e-02
   1.4267095e-02  -5.2684858e-02
   2.0805889e-02  -4.9712166e-02
   2.4626183e-02  -5.1092946e-02
   2.4572505e-02  -5.2010613e-02
   2.8282625e-02  -5.6822208e-02
   2.1760571e-02  -6.2729175e-02
   2.3035022e-02  -6.3739838e-02
   3.1944091e-02  -6.9799964e-02
   3.0831831e-02  -7.9027243e-02
   2.9476116e-02  -8.0397984e-02
   4.2441644e-02  -1.0503257e-01
   4.4812430e-02  -1.1366274e-01
   4.3401698e-02  -1.1600453e-01
   5.7318133e-02  -1.2326034e-01
   5.3232432e-02  -1.2534042e-01
   4.8197049e-02  -1.2599860e-01
   4.9547596e-02  -1.2676028e-01
   5.0731635e-02  -1.3253343e-01
   4.8127670e-02  -1.3125221e-01
   5.2738880e-02  -1.3655961e-01
   5.5030510e-02  -1.4251973e-01
   5.0028454e-02  -1.4639921e-01
   5.3644733e-02  -1.4929204e-01
   5.7396032e-02  -1.4708753e-01
   5.8651688e-02  -1.4490056e-01
   6.2354172e-02  -1.4422768e-01
   6.3932256e-02  -1.3789307e-01
   7.7538076e-02  -1.3854911e-01
   7.3408423e-02  -1.3889918e-01
   6.8688807e-02  -1.4331719e-01
   7.1176006e-02  -1.4163588e-01
   7.5010820e-02  -1.4124401e-01
   6.2523676e-02  -1.3481833e-01
   6.2694454e-02  -1.3739115e-01
   6.1925088e-02  -1.3361697e-01
   6.8183849e-02  -1.2909973e-01
   6.9381189e-02  -1.2896386e-01
   7.0675981e-02  -1.2577294e-01
   7.0406157e-02  -1.2097573e-01
   6.4344525e-02  -1.1984517e-01
   6.2310843e-02  -1.1546745e-01
   5.2575635e-02  -1.0735794e-01
   4.7475068e-02  -1.0583367e-01
   4.6318384e-02  -1.0399187e-01
   4.3693940e-02  -9.9065814e-02
   5.0158699e-02  -9.9660913e-02
   4.1264927e-02  -9.5157265e-02
   4.6397508e-02  -9.6686982e-02
   3.4957229e-02  -9.2364302e-02
   3.1202980e-02  -8.9029414e-02
   3.2519745e-02  -8.7474368e-02
   2.7353762e-02  -7.6456860e-02
   2.8620471e-02  -7.3722915e-02
   2.9832283e-02  -6.9830214e-02
   3.8803800e-02  -6.4935504e-02
   3.2472005e-02  -6.0011204e-02
   1.5627521e-02  -6.1751275e-02
   2.2008579e-02  -5.6715219e-02
   2.4699691e-02  -5.1246939e-02
   2.3451026e-02  -5.0324059e-02
   1.8304247e-02  -4.1681007e-02
   1.4372092e-02  -3.9584260e-02
   2.8644203e-02  -3.5834633e-02
   3.2470060e-02  -3.1641745e-02
   2.4644600e-02  -2.5469938e-02
   2.3228224e-02  -2.6864487e-02
   9.0350145e-03  -2.4840353e-02
   1.6731878e-02  -2.3248814e-02
   1.4206600e-02  -1.7235550e-02
   1.4196564e-02  -1.2154190e-02
   1.2945100e-02  -1.1174745e-02
   6.4534132e-03  -1.0635420e-02
  -6.4854629e-03  -1.1197465e-02
  -5.1994151e-03  -7.6499388e-03
   1.3025889e-03  -2.5551089e-03
   0.0000000e+00   2.0461384e-03
   9.0724931e-03   4.0676975e-03
  -1.0288496e-02   4.4566617e-02
  -8.9625120e-03   5.2513590e-02
  -1.1504581e-02   6.0086723e-02
  -1.0245117e-02   6.0712374e-02
  -2.0522903e-02   6.6469189e-02
  -1.1515648e-02   6.8368670e-02
  -5.1047336e-03   7.4374414e-02
   2.5438645e-03   7.5667508e-02
   1.2661103e-03   7.7881736e-02
  -1.2629809e-03   8.2824763e-02
  -6.3270717e-03   8.6089771e-02
  -6.3412914e-03   8.5251183e-02
  -7.5827391e-03   8.7010311e-02
  -2.5254862e-03   8.9526453e-02
  -1.6425822e-02   9.0614454e-02
  -1.8929354e-02   8.8423842e-02
  -2.0206006e-02   9.2120790e-02
  -1.5146595e-02   9.3636076e-02
  -1.6434138e-02   8.9104213e-02
  -1.9045257e-02   8.4822329e-02
  -3.0505939e-02   8.1274087e-02
  -3.4380369e-02   7.5210754e-02
  -3.4418630e-02   7.4779971e-02
  -3.8216638e-02   7.3690272e-02
  -4.2212920e-02   6.9347083e-02
  -4.0718928e-02   7.0518114e-02
  -4.4592309e-02   7.3173899e-02
  -3.8199164e-02   6.8003723e-02
  -3.8107567e-02   6.5793928e-02
  -3.6900167e-02   6.2844126e-02
  -3.1698523e-02   6.1101421e-02
  -2.7807424e-02   6.1924901e-02
  -2.7640850e-02   6.2556243e-02
  -1.8954295e-02   5.4334335e-02
  -3.0345112e-02   5.1334848e-02
  -3.5576592e-02   4.6027769e-02
  -3.3170349e-02   4.5206846e-02
  -3.0704007e-02   4.0265108e-02
  -3.0766747e-02   3.9840408e-02
  -2.5818349e-02   3.2471183e-02
  -2.4456249e-02   3.1869339e-02
  -1.9257252e-02   2.8750545e-02
  -2.0545477e-02   2.6732558e-02
  -1.5480541e-02   1.9243917e-02
  -1.1645049e-02   1.9302013e-02
  -1.0343339e-02   1.5730845e-02
   0.0000000e+00   1.5148515e-02
   0.0000000e+00   1.7219464e-02
   0.0000000e+00   1.3660714e-02
  -6.4595446e-03   1.1659896e-02
  -1.2909225e-03   4.0516365e-03
   0.0000000e+00   0.0000000e+00
   5.1688610e-03  -3.5486797e-03
   1.1628748e-02  -8.1110074e-03
   9.0245409e-03  -1.3660385e-02
   1.7922677e-02  -1.5574873e-02
   2.3107091e-02  -1.8643296e-02
   2.5772340e-02  -2.0739966e-02
   2.1838872e-02  -2.2192708e-02
   7.7516066e-03  -2.5372682e-02
   1.0351000e-02  -2.9999046e-02
   1.0365015e-02  -3.5153723e-02
   1.0363574e-02  -3.6172671e-02
   1.2932897e-02  -4.0716535e-02
   1.1662739e-02  -4.0798348e-02
   1.9375448e-02  -4.2198671e-02
   1.6854445e-02  -4.9564933e-02
   1.9495322e-02  -4.7103092e-02
   3.0582210e-02  -1.0034079e-01
   1.6597287e-02  -1.0056206e-01
   2.0317597e-02  -9.8942686e-02
   2.4201268e-02  -9.8724768e-02
   3.0400507e-02  -1.0552215e-01
   2.5312244e-02  -1.1500703e-01
   2.8976174e-02  -1.1871518e-01
   2.5003456e-02  -1.1353461e-01
   2.7388078e-02  -1.1882176e-01
   2.7470909e-02  -1.1867030e-01
   2.9978804e-02  -1.2456431e-01
   2.9957653e-02  -1.2393748e-01
   2.8810356e-02  -1.2493772e-01
   2.7639714e-02  -1.2050749e-01
   3.0197293e-02  -1.2606561e-01
   2.5158190e-02  -1.2442751e-01
   3.5180579e-02  -1.2910225e-01
   3.0133214e-02  -1.3064057e-01
   3.1411231e-02  -1.2911244e-01
   3.2667817e-02  -1.2694947e-01
   4.0319619e-02  -1.2514578e-01
   4.1768746e-02  -1.1711919e-01
   4.6857572e-02  -1.1342569e-01
   4.4220799e-02  -1.0943677e-01
   4.1761680e-02  -1.0275517e-01
   4.4172509e-02  -1.0719730e-01
   4.3232372e-02  -9.7981682e-02
   4.6958037e-02  -1.0040959e-01
   3.9600555e-02  -9.8991390e-02
   3.5814388e-02  -9.5427990e-02
   3.9759757e-02  -9.6218466e-02
   3.8682863e-02  -9.2498034e-02
   4.0066987e-02  -8.8473373e-02
   3.1193450e-02  -8.6870821e-02
   2.7415802e-02  -8.2473553e-02
   2.3492638e-02  -7.6616650e-02
   2.9993048e-02  -7.6013805e-02
   3.5129433e-02  -6.9519605e-02
   2.5910440e-02  -6.6619709e-02
   3.1065821e-02  -6.6035048e-02
   2.8450389e-02  -5.7163318e-02
   2.4619466e-02  -5.7281475e-02
   2.2022737e-02  -5.3649532e-02
   2.0828638e-02  -4.9249153e-02
   1.6839278e-02  -4.3346337e-02
   1.2977840e-02  -4.9616361e-02
   2.6076398e-03  -4.6223471e-02
  -1.3064297e-03  -4.6316828e-02
  -1.3133558e-03  -4.4999977e-02
   9.1642420e-03  -3.9665675e-02
   1.3017860e-02  -2.9156006e-02
   9.0511426e-03  -2.6921656e-02
   7.7216937e-03  -2.4261216e-02
   1.4131035e-02  -2.2194532e-02
   3.8592001e-03  -1.7168241e-02
   3.8776784e-03  -1.9790957e-02
   0.0000000e+00  -1.1186441e-02
   2.5943918e-03  -9.1616584e-03
   7.7680574e-03  -7.6193859e-03
   1.4200421e-02  -2.5321230e-03
   6.4356152e-03   1.5148329e-03
   1.4101405e-02   6.5380768e-03
   1.1512536e-02   1.2046771e-02
   1.0162896e-02   1.2961481e-02
   8.8889485e-03   1.9442360e-02
   8.9216287e-03   2.2521549e-02
   8.9216287e-03   2.2521549e-02
  -2.3124551e-02   6.8124624e-02
  -1.9238807e-02   7.0599691e-02
  -1.9203856e-02   6.9952463e-02
  -1.2754805e-02   7.2781361e-02
  -7.5909937e-03   8.0392684e-02
  -1.5178710e-02   7.7799692e-02
  -1.3868340e-02   8.2156304e-02
  -1.1325322e-02   8.5080097e-02
  -1.1352030e-02   8.0655001e-02
  -1.2629809e-02   8.2820792e-02
  -1.5071648e-02   8.4910884e-02
  -2.2740697e-02   8.1808028e-02
  -2.2761343e-02   7.8796690e-02
  -2.0284720e-02   8.0039375e-02
  -2.0245709e-02   7.9881701e-02
  -1.3892789e-02   8.2819949e-02
  -2.2657193e-02   8.0987390e-02
  -3.0272079e-02   8.0635747e-02
  -3.0406916e-02   7.8942388e-02
  -3.4295190e-02   7.3478347e-02
  -3.5743195e-02   7.3334808e-02
  -3.4470624e-02   6.9222000e-02
  -3.9682638e-02   7.0433764e-02
  -4.5922184e-02   6.8629685e-02
  -3.9540943e-02   6.5043614e-02
  -2.5522242e-02   6.7145253e-02
  -2.0385848e-02   6.5505647e-02
  -2.5515899e-02   5.9958648e-02
  -2.6829952e-02   5.7999359e-02
  -2.0481570e-02   5.3518038e-02
  -2.1736266e-02   4.9380385e-02
  -2.1821715e-02   4.9576283e-02
  -8.9429934e-03   4.2750461e-02
  -5.1094332e-03   4.3757056e-02
  -2.5559606e-03   4.0739566e-02
   0.0000000e+00   3.2756917e-02
   3.8556736e-03   2.7772155e-02
  -3.8507481e-03   2.0158014e-02
  -1.2786335e-03   1.9074794e-02
   6.3936254e-03   1.8070647e-02
   5.1259622e-03   1.5088640e-02
   1.4166994e-02   1.4151785e-02
   6.4581671e-03   1.5715512e-02
   1.1605492e-02   8.6008477e-03
   1.9325458e-02   4.0431608e-03
   1.6765741e-02  -2.0236412e-03
   1.9381821e-02  -7.0966267e-03
   2.7075007e-02  -1.2646065e-02
   2.1981520e-02  -1.4206923e-02
   1.9391229e-02  -1.7759216e-02
   2.4484698e-02  -2.0234501e-02
   2.3238221e-02  -2.2302593e-02
   2.0653416e-02  -2.3824025e-02
   2.2023929e-02  -2.7481075e-02
   1.9484409e-02  -3.0627178e-02
   3.1053155e-02  -3.7653871e-02
   3.2312581e-02  -3.8123753e-02
   3.1069764e-02  -4.0747531e-02
   2.5921048e-02  -4.5936741e-02
   2.5991359e-02  -4.7610884e-02
   2.8706266e-02  -4.1591002e-02
   2.9873827e-02  -4.5003072e-02
   3.2518525e-02  -4.8165703e-02
   3.3730654e-02  -5.6306120e-02
   3.6248076e-02  -6.5516285e-02
   4.9074005e-02  -7.1051720e-02
