   4.2141454e-02   0.0000000e+00
   3.8423627e-02   5.0224372e-04
   4.4827499e-02   1.0043292e-03
   3.9781583e-02   4.0257561e-03
   3.9703489e-02   3.5156021e-03
   4.3589722e-02   5.0267608e-04
   4.2349375e-02  -1.0063763e-03
   4.6153756e-02   1.0052838e-03
   4.3503916e-02   5.0168767e-04
   4.7434767e-02   3.5183686e-03
   4.4958279e-02   5.0365145e-03
   4.7341396e-02   3.5114518e-03
   4.3503410e-02   2.5084383e-03
   4.2349271e-02   1.5095645e-03
   3.8423347e-02  -2.0089749e-03
   3.4615317e-02  -1.0055607e-03
   3.5932593e-02  -2.0130515e-03
   2.4330713e-02   9.5451258e-03
   3.8499338e-02  -1.5097034e-03
   2.1771877e-02   6.0287111e-03
   1.5399803e-02   0.0000000e+00
   1.0265930e-02   5.5378332e-03
   1.0256286e-02  -2.5147146e-03
   1.7912518e-02  -5.0192085e-03
   1.7930478e-02  -4.0193221e-03
   2.5641013e-02  -5.0286078e-04
   3.3333074e-02  -2.0111733e-03
   3.8499037e-02   2.5161723e-03
   4.4866886e-02   7.5398885e-03
   5.7630741e-02   6.5256095e-03
   6.4164312e-02   3.5199005e-03
   6.8014602e-02   3.0166045e-03
   7.1652676e-02   2.5060387e-03
   7.0512683e-02   1.0044407e-03
   7.4284813e-02   2.5082235e-03
   7.9565298e-02   1.5075443e-03
   8.1966465e-02   5.0146717e-03
   8.7001806e-02   6.0101758e-03
   8.8720520e-02   4.5295224e-03
   8.4696273e-02   4.0191193e-03
   8.3328430e-02   5.5212123e-03
   8.3414581e-02   2.5121092e-03
   8.7093216e-02   1.5040177e-03
   8.4696273e-02   4.0191193e-03
   8.3249777e-02   3.0086154e-03
   8.3579141e-02   3.0204700e-03
   8.5722368e-02   6.0105671e-03
   8.1966465e-02   5.0146717e-03
   8.0766050e-02   4.5179157e-03
   8.0769191e-02   5.0199063e-04
   8.3087352e-02   1.0009076e-03
   7.9564251e-02   3.0150886e-03
   7.6922740e-02   1.5062412e-03
   7.4357203e-02   3.5149647e-03
   6.6729226e-02   5.0279308e-03
   6.6600177e-02   2.5090247e-03
   6.4038632e-02   2.5092725e-03
   5.5127776e-02   2.0100278e-03
   5.2667984e-02   0.0000000e+00
   5.1282051e-02   0.0000000e+00
   4.3503178e-02   3.0101260e-03
   3.6003322e-02   3.0255461e-03
   3.2018943e-02   3.5161750e-03
   2.6923025e-02   1.0057015e-03
   1.7948718e-02   0.0000000e+00
   1.6666659e-02  -5.0291725e-04
   1.5369093e-02  -3.5169956e-03
   1.2833169e-02   0.0000000e+00
   7.6999013e-03   0.0000000e+00
   7.6771505e-03   1.0039195e-03
   1.1560904e-02   4.0314611e-03
   1.1538321e-02   2.5146938e-03
   1.1515742e-02  -5.0194881e-04
   1.2795176e-02  -2.0077768e-03
   1.2832769e-02  -4.0274444e-03
   1.1549801e-02  -1.5103056e-03
   1.6650174e-02   1.5072655e-03
   2.1772342e-02   5.0239259e-03
   2.8232476e-02   3.0200184e-03
   2.6817082e-02   2.0035030e-03
   3.0799590e-02  -5.0331385e-04
   3.4581214e-02  -1.0045707e-03
   4.1106398e-02   2.0148033e-03
   4.1103328e-02   6.5481106e-03
   4.4870028e-02   4.5239331e-03
   4.8573651e-02   2.5056262e-03
   4.8717736e-02   1.5078173e-03
   5.3686667e-02   2.5052392e-03
   5.6299213e-02   0.0000000e+00
   6.0315893e-02   0.0000000e+00
   6.5319405e-02   2.5091499e-03
   7.0302643e-02   4.0059456e-03
   7.5636575e-02   5.5232028e-03
   7.8047401e-02   5.0106621e-03
   7.6841921e-02   6.0190494e-03
   7.4282794e-02   4.5148024e-03
   7.5714774e-02   2.5130167e-03
   7.3076603e-02   1.5064974e-03
   6.9160413e-02   4.0140277e-03
   6.5319690e-02   2.0073199e-03
   5.7747459e-02   4.0236726e-03
   5.4965160e-02   2.0041091e-03
   5.3739220e-02   3.0092409e-03
   4.8669100e-02   3.0126677e-03
   4.2349127e-02   2.0127526e-03
   4.0985043e-02   1.5066406e-03
   4.1024663e-02   3.5189582e-03
   3.8423477e-02   1.5067312e-03
   3.5897279e-02   1.5083008e-03
   3.8423477e-02   1.5067312e-03
   3.8461370e-02   1.5082158e-03
   3.5862069e-02   0.0000000e+00
   3.0708661e-02   0.0000000e+00
   3.2114609e-02   5.0379887e-04
   3.8423571e-02   1.0044874e-03
   4.4827564e-02  -5.0216459e-04
   4.6199048e-02   2.0125499e-03
   4.7435874e-02  -5.0262408e-04
   5.3740157e-02   0.0000000e+00
   5.5127240e-02   3.0150417e-03
   6.2818558e-02   4.0189789e-03
   6.8081807e-02   3.0195772e-03
   6.9025714e-02   2.5038475e-03
   6.3130698e-02   3.0291359e-03
   5.7632671e-02   5.0196996e-03
   5.8972524e-02   4.0195347e-03
   5.8858268e-02   0.0000000e+00
   5.3793103e-02   0.0000000e+00
   5.7749231e-02  -5.0295907e-04
   6.1537983e-02  -2.0095840e-03
   6.9299112e-02   0.0000000e+00
   8.2049327e-02   3.5137183e-03
   8.9827805e-02   5.0225736e-03
   9.8803076e-02   8.0321108e-03
   9.7798584e-02   1.1077593e-02
   1.0266035e-01   5.0189242e-03
   9.9987553e-02   8.0236337e-03
   9.6145945e-02   6.5206495e-03
   8.7260403e-02   5.5255706e-03
   8.0768602e-02  -2.0079625e-03
   6.6470010e-02   0.0000000e+00
   6.4165844e-02   0.0000000e+00
   6.4229218e-02   5.0333860e-04
   6.5384107e-02   2.0092945e-03
   6.1475923e-02   4.0152171e-03
   6.1476371e-02   3.5133150e-03
   5.2613429e-02   5.0304323e-03
   5.0098203e-02   2.5178938e-03
   4.6153487e-02   2.0105676e-03
   4.2265825e-02   1.5065931e-03
   2.9429006e-02   1.5055198e-03
   3.0768991e-02  -2.0112710e-03
   3.3234218e-02  -3.5091779e-03
   3.5861790e-02  -2.0090879e-03
   4.9950521e-02   1.5062777e-03
   6.7681598e-02   1.0006095e-03
   7.8123491e-02   5.5171391e-03
   8.5886745e-02   8.0298277e-03
   8.9998621e-02   8.0519394e-03
   9.6053473e-02   5.5120662e-03
   9.2211334e-02   5.5132399e-03
   7.5632751e-02   7.5316401e-03
   6.8010195e-02   6.5359765e-03
   6.2944541e-02   1.0067257e-03
   5.1281428e-02   2.5128385e-03
   3.8461239e-02  -2.0109544e-03
   2.6976271e-02   5.0384410e-04
   1.8001415e-02   4.0352214e-03
   1.4116149e-02   3.5239778e-03
   1.0246286e-02   1.0048949e-03
   6.4102065e-03  -2.0118099e-03
   7.6921244e-03  -3.5206484e-03
   6.4163312e-03  -4.5310406e-03
   8.9832138e-03  -5.0344306e-04
   1.0235903e-02   4.0156235e-03
   1.0256006e-02   4.5264863e-03
   1.5354145e-02   2.5096675e-03
   1.5354301e-02   1.0038670e-03
   2.0512781e-02   1.0057920e-03
   2.6896539e-02  -5.0235555e-04
   2.3054008e-02   2.0095362e-03
   2.3076205e-02   4.0230348e-03
   2.1816121e-02   2.5169210e-03
   2.8260870e-02   0.0000000e+00
   2.6896225e-02   2.5117777e-03
   2.5640976e-02  -1.0057216e-03
   3.2019456e-02  -2.0092428e-03
   3.3300428e-02   1.0045966e-03
   4.6153846e-02   0.0000000e+00
   5.3791433e-02   4.0162675e-03
   6.2815351e-02   6.5308407e-03
   6.4223950e-02   6.5434018e-03
   6.4039285e-02   1.0037090e-03
   6.2758133e-02   2.0075143e-03
   6.1475923e-02   4.0152171e-03
   6.8082173e-02   2.5163144e-03
   6.6798125e-02  -1.5098658e-03
   6.6600953e-02   5.0180495e-04
   6.6535401e-02  -5.0131234e-04
   7.6998675e-02  -1.5077229e-03
   6.9144812e-02   1.1540330e-02
   7.3148171e-02   2.5132998e-03
   6.7809410e-02   6.5167298e-03
   5.3990724e-02   1.2096391e-02
   6.3976347e-02   5.0136175e-04
   5.6353695e-02   3.0119496e-03
   7.3092102e-02  -2.0106399e-02
   6.4289635e-02   5.0383525e-03
   7.1794313e-02  -2.0087733e-03
   6.7939171e-02   8.5386402e-03
   7.4285137e-02   2.0065788e-03
   7.4428753e-02   5.0263189e-03
   7.5193151e-02   4.4924907e-03
   6.5187203e-02   6.0101468e-03
   8.8347590e-02  -1.2532651e-02
   7.3146175e-02   4.5239397e-03
   7.1719926e-02   5.5187005e-03
   5.8720425e-02   1.4013206e-02
   6.4038290e-02  -3.0111271e-03
   6.2634445e-02  -2.5044694e-03
   6.9367453e-02  -1.0064733e-03
   5.8916228e-02   5.0194784e-04
   5.6465833e-02   1.0059617e-03
   5.1426954e-02   8.5689635e-03
   4.2219175e-02   8.0272629e-03
   4.6332796e-02   6.5601905e-03
   5.2563464e-02  -2.5127397e-03
   5.3842384e-02  -6.0303323e-03
   4.2349436e-02  -5.0318816e-04
   3.8498831e-02   3.0194067e-03
   3.0767420e-02   5.5309954e-03
   3.4510455e-02   6.5168778e-03
   4.4739084e-02   2.0047129e-03
   5.2460401e-02  -1.5046808e-03
   6.6657299e-02  -8.5390750e-03
   7.0509392e-02  -5.0222034e-03
   7.0581878e-02   2.0108587e-03
   7.1850308e-02   1.0556439e-02
   8.4357789e-02   7.0059115e-03
   8.2992921e-02   8.9993556e-03
   8.5812433e-02   1.5041158e-03
   8.5981854e-02   1.5070725e-03
   7.8359531e-02  -1.0060791e-03
   6.9092848e-02   3.5088270e-03
   7.5788701e-02   3.5216881e-03
   7.7140431e-02   8.5606053e-03
   7.9251746e-02   2.5027282e-03
   2.1751969e-02   0.0000000e+00
   2.5640577e-02   3.0171647e-03
   3.5859963e-02   5.5249917e-03
   2.1748166e-02   9.5360668e-03
   1.7929982e-02   5.5265679e-03
   1.1561062e-02  -3.0235958e-03
   1.4087132e-02  -7.5365032e-03
   1.2832268e-03  -6.0414581e-03
  -1.6698790e-02  -5.0391099e-03
  -1.6649729e-02  -4.0193748e-03
  -7.6998863e-03  -1.0068925e-03
  -5.1174757e-03   8.0314338e-03
   8.9645384e-03   7.5367666e-03
   1.6664843e-02   7.5437588e-03
   1.9268540e-02   2.5194861e-03
   2.3008850e-02   0.0000000e+00
   2.6842827e-02  -4.0109444e-03
   2.3053639e-02  -3.5166884e-03
   2.4358974e-02   0.0000000e+00
   2.4404434e-02   7.5579566e-03
   3.7176884e-02   6.0330361e-03
   5.0096833e-02   4.5322089e-03
   6.0313513e-02   4.5262266e-03
   7.0365291e-02   8.0197538e-03
   6.7877030e-02   6.0213534e-03
   6.9367555e-02  -5.0323666e-04
   5.7635020e-02  -2.0078799e-03
   4.3589744e-02   0.0000000e+00
   5.0097249e-02  -4.0286301e-03
   5.6519973e-02  -4.0278153e-03
   5.7458522e-02   8.0078971e-03
   5.7625373e-02   9.5374293e-03
   6.2694391e-02   4.5124716e-03
   6.0194678e-02   4.5173271e-03
   5.7633202e-02   4.5177297e-03
   5.1282051e-02   0.0000000e+00
   4.6150054e-02  -6.5343447e-03
   4.1025641e-02   0.0000000e+00
   2.7000379e-02   7.0607915e-03
   3.2018446e-02   4.5207964e-03
   2.8204250e-02   4.0227219e-03
   2.4334220e-02  -4.0190003e-03
   2.5590241e-02  -2.5093564e-03
   2.5895592e-02   4.0629390e-03
   4.1106398e-02  -2.0148033e-03
   1.2815628e-02   1.4082155e-02
   4.8573651e-02   2.5056262e-03
   5.8117910e-02   1.7219362e-02
   6.1356814e-02  -1.0018346e-03
   3.3169631e-02   1.5009835e-03
   4.9705405e-02  -3.2039365e-02
   1.0973101e-01  -2.0186407e-03
   7.8358307e-02  -3.0182373e-03
   7.9396383e-02  -9.0275088e-03
   5.6464182e-02  -4.0238467e-03
   6.1654180e-02   7.0474132e-03
   6.6697097e-02   1.6592172e-02
   8.1862963e-02   1.3025364e-02
   1.1526819e-01  -3.5034955e-03
   1.2191457e-01  -1.5037670e-03
   1.3319673e-01   4.4986144e-03
   1.3178055e-01   6.4923135e-03
   1.2844245e-01   8.0241613e-03
   1.2793689e-01   7.9928738e-03
   1.1410168e-01   2.0041294e-03
   7.8204786e-02  -1.5061528e-03
   5.5067050e-02  -8.0322042e-03
   3.4614021e-02  -4.5250234e-03
   5.0049261e-02   1.0061648e-03
   6.7859513e-02   1.3046266e-02
   8.2028309e-02   1.2047034e-02
   8.8171781e-02   1.3008442e-02
   8.5812808e-02   0.0000000e+00
   7.1794837e-02  -5.0219332e-04
   5.6350742e-02  -6.0238992e-03
   3.4683371e-02  -2.5188665e-03
   3.4718101e-02   0.0000000e+00
   3.8421389e-02   5.5246810e-03
   3.8344450e-02   7.0175964e-03
   4.8668439e-02   4.0168903e-03
   4.8717949e-02   0.0000000e+00
   3.5968221e-02   1.5112794e-03
   4.3589659e-02   1.0053522e-03
   1.5368198e-02   6.5315632e-03
   1.5354323e-02   5.0193350e-04
   1.1527088e-02  -5.0244330e-04
  -2.1924506e-02  -1.5176413e-03
  -1.9306467e-02  -3.5342637e-03
  -3.0799605e-02   0.0000000e+00
  -3.8728592e-02  -2.0249209e-03
  -1.7964957e-02   6.5442911e-03
  -5.1532530e-03   6.0653636e-03
   1.9287598e-02   2.5219776e-03
   5.7238485e-02  -4.4868464e-03
   3.7031237e-02  -5.5085708e-03
   3.4546642e-02  -3.0107481e-03
   2.8258166e-02   7.0536694e-03
   3.2175947e-02   6.0575505e-03
   3.8379804e-02   9.0314968e-03
   4.2140722e-02   3.0043158e-03
   4.7295969e-02   0.0000000e+00
   5.7690035e-02  -4.5221763e-03
   4.7482701e-02   5.0311959e-04
   5.3842986e-02   5.5278046e-03
   5.8902422e-02   1.1042852e-02
   7.0574692e-02   7.5407200e-03
   9.2125984e-02   0.0000000e+00
   8.7092074e-02  -3.0080353e-03
   7.4212455e-02  -1.0023051e-03
   6.6732445e-02  -5.0279308e-04
   4.7481244e-02   4.0249567e-03
   4.6059222e-02   6.5214980e-03
   3.7141055e-02   5.0225809e-03
   3.8498306e-02   4.0258756e-03
   4.0944168e-02   3.0103183e-03
   3.3365654e-02  -3.0197360e-03
   2.4454247e-02  -5.0486117e-03
   2.1794872e-02   0.0000000e+00
   2.5690445e-03   5.0395159e-03
   6.5513322e-02  -2.0132554e-03
   7.4285137e-02   2.0065788e-03
   1.1198853e-01   1.6422952e-02
   1.2205369e-01   1.5898702e-02
   9.3493862e-02   4.5105169e-03
   7.6844270e-02  -4.5142870e-03
   4.5135691e-02  -6.0677719e-03
   4.7576447e-02  -1.5123407e-03
   6.7740911e-02   7.5119301e-03
   7.1208031e-02   1.3453400e-02
   6.7593310e-02   1.2995192e-02
   4.4915303e-02   3.0189291e-03
   2.3166091e-02  -7.0681845e-03
   3.2104031e-02  -1.3098771e-02
   3.0856670e-02  -8.0689434e-03
   4.8519758e-02   8.5107721e-03
   5.2232315e-02   1.4987897e-02
   3.4607240e-02   1.1061168e-02
   3.7252892e-02   1.0074916e-03
   3.3462985e-02  -6.0573992e-03
   3.4818961e-02  -6.0692517e-03
   7.5191706e-02   5.4908220e-03
   7.9252551e-02  -1.0010913e-03
   6.6556778e-02   1.8566783e-02
   7.7552537e-02   1.6438455e-02
   4.6427749e-02   3.0337801e-03
   4.4909767e-02  -8.5536325e-03
   4.3413106e-02  -8.0112501e-03
   2.8121057e-02  -4.0108611e-03
   3.3129550e-02   1.0996428e-02
   2.0490662e-02   7.0336089e-03
   1.9326056e-02   5.0539510e-04
   3.0890347e-02  -3.5336560e-03
   2.0472282e-02   2.0076251e-03
   4.4735191e-02  -7.0164951e-03
   3.8272356e-02  -2.5013696e-03
   2.4309034e-02   6.5244498e-03
   1.5331645e-02   1.6046081e-02
   2.5663137e-03   8.0552656e-03
   1.2819759e-02  -5.5322754e-03
   2.9505810e-02  -1.3589785e-02
   3.0764907e-02  -8.5479019e-03
   2.9399287e-02   4.0107739e-03
   2.0510267e-02   8.0463357e-03
   1.4114258e-02   9.0616573e-03
   2.1814856e-02   6.0406105e-03
   3.2082781e-02  -1.5099055e-03
   3.3267572e-02  -1.5054127e-03
   4.0940995e-02  -7.0240760e-03
   3.0203157e-02  -4.7384981e-03
   8.7291061e-03   3.5306893e-02
   1.1555844e-02   1.5621912e-02
   2.4001972e-02  -6.4420506e-03
   7.6529383e-03   1.0510122e-02
   2.8288809e-02  -5.0433165e-04
   3.3300089e-02   2.5114914e-03
   1.7983312e-02  -5.0390435e-03
   4.3626844e-02  -2.4176083e-02
   3.4960090e-02  -1.0155691e-03
   3.0738782e-02  -1.5069679e-03
   2.9458128e-02   0.0000000e+00
   2.8259200e-02   5.5421688e-03
   2.7001369e-02   5.5477647e-03
   4.3460131e-02   3.5083644e-03
   5.7407870e-02  -3.5000235e-03
   5.7578629e-02  -1.0029537e-03
   3.5825921e-02   3.5124459e-03
   1.6715305e-02   5.0440934e-03
   1.5397372e-02   9.0615557e-03
   2.8232091e-02   4.0266912e-03
   6.4180912e-02  -2.9586423e-03
   6.5187194e-02  -3.8916004e-02
   2.9516159e-02  -1.5099761e-03
   2.7954372e-02   6.9778588e-03
   3.2017467e-02  -6.0277285e-03
   3.8234633e-03   2.9999870e-03
   3.9583683e-02   7.0105027e-03
   5.4273389e-02  -3.0391020e-03
   5.2101039e-02  -2.4906691e-03
   6.0315893e-02   0.0000000e+00
   3.5822330e-02   8.0284478e-03
   3.9859944e-02   4.5379266e-03
   2.5664537e-02   6.0402839e-03
   1.0430769e-02   5.1151814e-03
   9.2335551e-02  -2.8434241e-02
   2.4698977e-02   3.6421965e-02
  -1.7479262e-02   4.0285353e-02
   5.4043832e-02  -3.4374935e-02
   7.2861216e-02  -1.0013783e-03
   9.2035475e-02   7.8948808e-03
   4.4001811e-02   4.9294785e-03
   5.3179912e-02  -1.8873082e-02
   4.2138526e-02   6.0086316e-03
   1.1458430e-02   2.3499085e-02
   1.7641408e-02   1.8300932e-02
   2.8963678e-02   1.2845647e-02
   2.5091850e-02   9.8437257e-03
   1.7567167e-02   3.4456313e-03
   1.5024545e-02   1.2282416e-02
   2.1368901e-02   1.0356434e-02
   1.8911399e-02   7.9138084e-03
   8.9034959e-03   5.9881179e-03
   1.4057050e-02   1.2034694e-02
   1.1492325e-02   6.0115529e-03
   1.7824216e-02  -6.4930233e-03
   1.2730173e-02  -9.9897265e-03
   1.1503752e-02  -5.5160082e-03
   2.0655320e-02   1.5191727e-03
   9.1089950e-03   2.5524899e-03
   1.5583101e-02  -6.6229007e-03
   1.1647097e-02  -1.6762275e-02
   1.2813729e-03  -1.6597625e-02
   5.1681589e-03  -9.1251764e-03
   5.1836120e-03  -9.1524696e-03
   1.6851470e-02  -2.1375447e-02
   2.5972160e-03  -6.1138739e-03
   0.0000000e+00  -1.3701493e-02
   2.5814174e-03  -1.0129076e-02
   2.3434086e-02  -1.6860985e-02
   7.7873597e-03  -2.9069477e-02
   1.1553044e-02  -2.9761432e-02
   2.1856519e-02  -2.4234191e-02
   7.7684581e-03  -5.5875496e-03
   2.9398150e-02  -6.0161608e-03
   3.9579006e-02  -1.0515754e-02
   3.7162125e-02  -1.5585343e-02
   2.8260745e-02  -1.5115006e-03
   4.6244698e-02  -2.0145360e-03
   4.2092782e-02  -9.5043402e-03
   3.9545359e-02  -6.5033701e-03
   2.8120568e-02  -5.0135763e-03
   3.9738005e-02  -8.5463029e-03
   3.2019145e-02  -3.0138643e-03
   3.3332020e-02  -4.5251399e-03
   4.2090290e-02  -1.1005026e-02
   3.0706862e-02  -5.5201136e-03
   2.8120568e-02  -5.0135763e-03
   3.9622598e-02  -7.0173897e-03
   3.9625413e-02  -3.5086948e-03
   3.6996771e-02  -2.0011525e-03
   3.2017824e-02  -5.5254178e-03
   3.0674670e-02  -8.0213656e-03
   3.4433450e-02  -1.3508507e-02
   3.8419991e-02  -7.0314121e-03
   3.9542408e-02  -9.0046663e-03
   3.9577326e-02  -1.1517254e-02
   3.9687102e-02  -1.5066866e-02
   4.0935286e-02  -1.1037834e-02
   3.0759883e-02  -1.2570444e-02
   3.1941900e-02  -1.5541028e-02
   3.5711392e-02  -1.2007244e-02
   4.2169112e-02  -1.3031489e-02
   3.2043040e-02  -1.1564533e-02
   3.7054751e-02  -1.4536864e-02
   3.7099813e-02  -9.5335188e-03
   3.8303742e-02  -9.5145335e-03
   3.3324001e-02  -1.2067040e-02
   3.4538395e-02  -1.1541201e-02
   3.4441803e-02  -7.5047262e-03
   2.6734786e-02  -8.4898792e-03
   2.9308641e-02  -9.4975857e-03
   2.5562966e-02  -7.0192918e-03
   2.0490930e-02  -6.5312083e-03
   3.2050020e-02  -4.5252521e-03
   3.4473983e-02  -9.0145117e-03
   3.1919785e-02  -9.5157950e-03
   1.9171669e-02  -8.0227262e-03
   2.2960108e-02  -9.0074270e-03
   2.4259469e-02  -9.0161115e-03
   2.5585087e-02  -1.0539297e-02
   2.5609749e-02  -1.1052042e-02
   2.0450373e-02  -7.0197803e-03
   1.5306179e-02  -1.0009120e-02
   1.2767914e-02  -9.5182048e-03
   1.2740635e-02  -1.3499351e-02
   2.1684546e-02  -9.0075788e-03
   2.5638582e-02  -7.0400509e-03
   1.4199896e-02  -5.0642460e-03
   1.2908716e-02  -6.0771582e-03
   3.8687735e-03  -6.0714017e-03
   5.1381367e-03  -4.5355377e-03
   9.0453637e-03  -4.5625138e-03
   1.2896597e-02  -3.0355649e-03
   1.1549846e-02  -5.0343522e-04
   8.9832138e-03  -5.0344306e-04
  -1.2833144e-03  -1.0069097e-03
   3.8575498e-03   1.5133465e-03
   1.1572700e-02   0.0000000e+00
   1.9325980e-02  -1.5161853e-03
   3.4644087e-02   9.0589743e-03
   3.5965412e-02   6.5488772e-03
   3.5998251e-02   9.0766383e-03
   4.4867519e-02   7.0372293e-03
   4.3800242e-02   8.0826276e-03
   4.4995240e-02   1.0587129e-02
   3.5890455e-02   1.0055339e-02
   2.9450568e-02   1.1553684e-02
   3.0609764e-02   1.2008446e-02
   4.3283397e-02   9.4854375e-03
   4.7187783e-02   1.3004188e-02
   4.8465460e-02   1.2003433e-02
   5.1157295e-02   1.5548978e-02
   4.9871992e-02   1.7555968e-02
   4.3573134e-02   1.4074930e-02
   3.5771559e-02   1.7043689e-02
   3.4466337e-02   1.4022574e-02
   4.1960772e-02   1.3965324e-02
   4.7137815e-02   1.4490470e-02
   4.7140350e-02   1.3491127e-02
   4.6002668e-02   1.3030187e-02
   4.7196573e-02   8.5027383e-03
   4.8523690e-02   5.5069702e-03
   5.2299736e-02   8.0013767e-03
   5.0924965e-02   7.4869108e-03
   4.4518417e-02   4.9872915e-03
   4.7295877e-02   1.0022868e-03
   4.0985142e-02  -1.0044271e-03
   4.3503937e-02   0.0000000e+00
   3.9782339e-02   2.5160975e-03
   4.1065820e-02  -2.0128163e-03
   4.2391284e-02  -5.0368485e-04
   3.8536628e-02  -3.5261190e-03
   4.0943276e-02  -4.5154774e-03
   3.7141397e-02  -4.5203228e-03
   3.5826772e-02   0.0000000e+00
   3.8498306e-02  -4.0258756e-03
   3.6003939e-02  -5.0425768e-04
   3.8494086e-02  -8.5549857e-03
   2.8314112e-02  -7.0676305e-03
   2.8202440e-02  -7.0397634e-03
   2.2963148e-02  -3.5028883e-03
   1.7913073e-02  -3.0115251e-03
   2.0553199e-02  -2.0155584e-03
   1.9324699e-02  -6.0647412e-03
   2.0529829e-02  -9.0610613e-03
   1.9303865e-02  -9.0881067e-03
   1.4115653e-02  -5.5376794e-03
   1.6698790e-02  -5.0391099e-03
   1.2806291e-02  -8.0390187e-03
   1.1514493e-02  -7.5292322e-03
   1.5351052e-02  -1.0540603e-02
   1.5352658e-02  -7.5290024e-03
   1.6681746e-02  -6.5443772e-03
   1.4142170e-02  -9.0795813e-03
   1.5474241e-02  -8.0946645e-03
   1.2880091e-02  -1.2635653e-02
   1.2828944e-02  -1.3089194e-02
   8.9804837e-03  -1.2586077e-02
   1.2893171e-02  -1.2142260e-02
   1.7994577e-02  -1.4627678e-02
   2.8221409e-02  -1.4596756e-02
   2.4351574e-02  -1.2571758e-02
   2.1809746e-02  -1.2584605e-02
   3.5967747e-02   3.0225587e-03
   3.4615115e-02   2.0111215e-03
   3.1987197e-02   4.0145329e-03
   2.7027795e-02   6.0580966e-03
   3.4614560e-02   3.5194626e-03
   3.7289520e-02   2.0169745e-03
   4.1188099e-02   5.0469725e-04
   3.7326275e-02   2.5237124e-03
   4.2224225e-02   1.5051118e-03
   3.9625413e-02   3.5086948e-03
   4.1147359e-02   5.0419854e-04
   4.2432902e-02   2.0167301e-03
   4.7388588e-02   2.5106477e-03
   4.4827238e-02   2.0086584e-03
   3.5686275e-02   0.0000000e+00
   2.8205005e-02   1.5085207e-03
   2.9312021e-02   5.4986023e-03
   2.9254344e-02   5.9867425e-03
   3.0556166e-02   5.9924681e-03
   3.3070824e-02   4.9886012e-03
   3.0554041e-02   8.4893298e-03
   3.4440742e-02   8.5053564e-03
   3.3297762e-02   6.5298777e-03
   3.7215537e-02   3.0194934e-03
   3.8573385e-02   5.5465200e-03
   4.2347786e-02   4.5286934e-03
   4.5047717e-02   4.5418282e-03
   4.6062434e-02   2.5082684e-03
   4.4827042e-02   2.5108230e-03
   4.6106137e-02   5.0214731e-03
   4.0944386e-02   2.5085986e-03
   4.3503600e-02   2.0067507e-03
   4.7292676e-02   6.0137205e-03
   3.9702873e-02   4.5200598e-03
   3.9740807e-02   6.0326844e-03
   4.7572096e-02   7.0575898e-03
   5.1328449e-02   6.5398196e-03
   4.8806510e-02   9.0647580e-03
   4.3629713e-02   6.0380610e-03
   4.2424934e-02   1.0083650e-02
   4.6140924e-02   1.2063406e-02
   4.5082442e-02   1.1618384e-02
   4.3711372e-02   9.5791543e-03
   3.7248873e-02   7.5561867e-03
   4.1059659e-02   9.0576734e-03
   4.4779214e-02   7.0233929e-03
   5.1128775e-02   4.5097875e-03
   5.1228519e-02   5.5228066e-03
   5.1227947e-02   6.0248800e-03
   4.4694705e-02   3.0041189e-03
   3.8382183e-02   7.0244975e-03
   3.8272798e-02  -5.0027392e-04
   3.8921981e-02  -1.5262622e-03
   3.1953708e-02   7.0185287e-03
   4.3460824e-02  -2.0047797e-03
   3.3318754e-02   1.5083800e-02
   2.1987916e-02   7.1034614e-03
   4.7202777e-02   2.0006443e-03
   4.2221935e-02   5.5187433e-03
   3.7216171e-02  -5.0324891e-04
   3.0707709e-02   4.0146281e-03
   4.2389628e-02   4.5331636e-03
   4.6016275e-02   4.0092883e-03
   4.7156840e-02  -4.9967136e-04
   4.6062992e-02   0.0000000e+00
