   7.4356046e-02   4.5192403e-03
   8.3579591e-02   2.5170583e-03
   9.1376062e-02   7.5556118e-03
   9.7712789e-02   8.0485076e-03
   8.7177410e-02   3.5128200e-03
   7.9487025e-02   1.0040421e-03
   7.3221308e-02  -5.0315510e-04
   6.5255779e-02  -1.0026746e-03
   6.8083004e-02   0.0000000e+00
   7.5564155e-02   4.0129306e-03
   7.0505107e-02   7.5333052e-03
   6.7872254e-02   8.5302506e-03
   6.8014966e-02   2.5138371e-03
   7.1723999e-02  -1.0034001e-03
   7.3221308e-02  -5.0315510e-04
   6.4164312e-02   3.5199005e-03
   6.9296951e-02   4.0219303e-03
   7.6998675e-02   1.5077229e-03
   8.4528697e-02   4.5126374e-03
   8.8544551e-02   5.0229122e-03
   8.3738223e-02   7.0616755e-03
   8.0928222e-02   2.0119155e-03
   7.5641026e-02   0.0000000e+00
   7.0651863e-02   1.5096299e-03
   6.5511787e-02   4.0265108e-03
   6.6665500e-02   3.0137912e-03
   6.8082871e-02  -1.0065257e-03
   6.5384488e-02   1.0046472e-03
   6.5448364e-02   2.5140912e-03
   7.1864485e-02   3.0161253e-03
   7.6993611e-02   6.0308915e-03
   7.4431799e-02   2.0105276e-03
   7.5564705e-02   3.5113142e-03
   7.8436232e-02   2.5176766e-03
   7.5789182e-02   3.0185898e-03
   6.9365422e-02   4.0258933e-03
   7.3075182e-02   3.5151607e-03
   7.1865430e-02   1.5080627e-03
   6.9230635e-02   1.0044938e-03
   6.4229124e-02   1.0066772e-03
   6.7948586e-02   1.0045459e-03
   6.8015264e-02   2.0110697e-03
   7.0580743e-02   3.5190026e-03
   7.4280523e-02   6.0197365e-03
   7.3074649e-02   4.0173265e-03
   6.7811676e-02   5.0128691e-03
   6.7881773e-02   0.0000000e+00
   6.4356436e-02   0.0000000e+00
   6.2943896e-02   2.5168144e-03
   7.8281376e-02   2.5127238e-03
   8.5980178e-02   3.5165025e-03
   8.4442929e-02   6.0109526e-03
   7.6910960e-02   9.0374470e-03
   8.0848609e-02   1.5074528e-03
   7.6771654e-02   0.0000000e+00
   7.3221022e-02   1.5094653e-03
   7.0510626e-02   4.0177628e-03
   7.5714774e-02   2.5130167e-03
   6.9159843e-02   4.5157812e-03
   6.1596779e-02   4.5260176e-03
   6.0136368e-02   3.5100259e-03
   6.4039129e-02   1.5055635e-03
   6.9230736e-02   5.0224689e-04
   7.6922740e-02  -1.5062412e-03
   7.5635729e-02   6.0253121e-03
   7.1785936e-02   8.0350931e-03
   7.6764366e-02   7.0153367e-03
   8.4697428e-02   3.0143395e-03
   8.3245414e-02   6.0172308e-03
   8.8365979e-02   7.0182846e-03
   8.3321624e-02   8.5327826e-03
   9.2398770e-02   5.0218820e-04
   9.5151638e-02  -3.0186309e-03
   9.3589562e-02  -1.0033205e-03
   9.6244077e-02   5.0208087e-03
   9.3578095e-02   8.0265639e-03
   9.0823188e-02   1.1517188e-02
   9.3580825e-02   7.0232434e-03
   8.5728305e-02   5.0088059e-04
   8.0769191e-02  -5.0199063e-04
   7.8128079e-02   0.0000000e+00
   7.8358727e-02   2.5151978e-03
   7.0507026e-02   6.5288645e-03
   6.8074496e-02   8.0522060e-03
   6.2818558e-02   4.0189789e-03
   7.4358938e-02  -5.0213782e-04
   6.8015496e-02  -1.5083023e-03
   6.5384615e-02   0.0000000e+00
   6.8015662e-02   1.0055348e-03
   6.9227403e-02   5.0224689e-03
   7.5709462e-02   6.5338433e-03
   7.4352864e-02   6.5277916e-03
   7.2006645e-02   3.0220737e-03
   6.9504644e-02  -1.5126910e-03
   6.7948718e-02   0.0000000e+00
   6.2882497e-02   5.0286713e-04
   6.0314835e-02   3.0174844e-03
   5.6409818e-02   2.0099429e-03
   6.0315423e-02   2.0116563e-03
   6.2944541e-02  -1.0067257e-03
   6.0197044e-02   0.0000000e+00
   7.0443213e-02   1.0034540e-03
   6.5316361e-02   5.5201297e-03
   6.4158811e-02   7.5426440e-03
   6.6862888e-02   3.5264957e-03
   7.0443213e-02   1.0034540e-03
   6.9436066e-02   1.0074660e-03
   6.7881740e-02   5.0177945e-04
   6.8014602e-02   3.0166045e-03
   6.7880159e-02   3.5124561e-03
   6.8078982e-02   5.5358916e-03
   6.5574754e-02   5.5419146e-03
   7.0720362e-02   3.5259436e-03
   7.4432343e-02  -5.0263189e-04
   7.4653319e-02   1.0082399e-03
   7.0581878e-02   2.0108587e-03
   7.0580227e-02   4.0217173e-03
   7.4357673e-02   3.0128269e-03
   6.9227403e-02   5.0224689e-03
   7.9408713e-02   1.0030565e-03
   7.5790366e-02   1.0061966e-03
   7.1864870e-02   2.5134378e-03
   7.0579643e-02   4.5244320e-03
   7.3004607e-02   1.5050179e-03
   8.3580572e-02   5.0341167e-04
   8.3330051e-02   4.5173555e-03
   8.2047292e-02   5.0195975e-03
   8.5980178e-02   3.5165025e-03
   8.6151271e-02   2.5167347e-03
   8.0767817e-02   3.0119438e-03
   8.7092074e-02   3.0080353e-03
   8.8460850e-02   2.0071926e-03
   8.6067152e-02   5.0285173e-04
   8.9561680e-02   5.5085947e-03
   7.5633817e-02   7.0295308e-03
   7.9565647e-02   0.0000000e+00
   7.8128041e-02   5.0155810e-04
   7.3221344e-02   0.0000000e+00
   6.6793723e-02   6.0394632e-03
   6.9229120e-02   3.5157282e-03
   7.0651312e-02   2.5160498e-03
   7.1864485e-02   3.0161253e-03
   6.9159843e-02   4.5157812e-03
   7.4285570e-02   1.0032894e-03
   7.0652139e-02   5.0320995e-04
   6.9435353e-02   2.5186650e-03
   7.0510626e-02   4.0177628e-03
   7.4357203e-02   3.5149647e-03
   7.3074045e-02   4.5194923e-03
   7.3148920e-02   1.0053199e-03
   7.5641026e-02   0.0000000e+00
   8.0847979e-02   2.5124214e-03
   8.3495415e-02   4.0233302e-03
   8.2042306e-02   7.5293963e-03
   8.0683038e-02   6.5194735e-03
   7.8279889e-02   4.0203581e-03
   7.6923040e-02   5.0208039e-04
   7.9408713e-02  -1.0030565e-03
   7.9487179e-02   0.0000000e+00
   8.2209425e-02   5.0294782e-03
   8.2207660e-02   6.0353738e-03
   8.0759178e-02   8.0318501e-03
   7.6765370e-02   6.5142412e-03
   7.9407904e-02   2.5076413e-03
   7.8359531e-02  -1.0060791e-03
   7.5713888e-02  -3.5182233e-03
   6.9367284e-02   1.5097100e-03
   7.4430058e-02   4.0210551e-03
   6.8076490e-02   7.0456802e-03
   7.2076346e-02   4.5375851e-03
   7.1865605e-02   1.0053751e-03
   7.4358938e-02  -5.0213782e-04
   8.3415597e-02   0.0000000e+00
   8.4782236e-02   1.5086527e-03
   8.3488853e-02   7.5437441e-03
   8.7172323e-02   6.5238086e-03
   8.7343421e-02   7.0394623e-03
   8.9566235e-02   2.0031253e-03
   8.8635974e-02   1.5083558e-03
   8.7437496e-02  -2.0132554e-03
   8.3413606e-02   3.5169529e-03
   8.3326486e-02   6.5250691e-03
   8.4943459e-02   6.5503857e-03
   8.7264017e-02   3.0139476e-03
   8.3414581e-02   2.5121092e-03
   8.5897436e-02   0.0000000e+00
   8.4865431e-02   2.5168977e-03
   7.9486832e-02   1.5060631e-03
   7.8352187e-02   7.0425538e-03
   8.1968494e-02   3.5102702e-03
   7.9482503e-02   5.5222313e-03
   8.0926325e-02   4.0238311e-03
   7.8128079e-02   0.0000000e+00
   8.3415435e-02  -1.0048437e-03
   7.6998675e-02   1.5077229e-03
   8.0762594e-02   6.5258782e-03
   8.7001806e-02   6.0101758e-03
   8.5895932e-02   3.0111854e-03
   7.9406401e-02   4.0122261e-03
   8.0928498e-02   1.5089366e-03
   8.3250585e-02   2.0057436e-03
   6.2819016e-02   3.5166065e-03
   6.1476371e-02   3.5133150e-03
   6.4101785e-02   2.5117412e-03
   6.5513546e-02   1.5099415e-03
   6.6732185e-02   1.5083792e-03
   6.5318168e-02   4.0146398e-03
   6.6731665e-02   2.5139654e-03
   7.3076354e-02   2.0086632e-03
   7.8127927e-02   1.0031162e-03
   7.9718328e-02   5.5385565e-03
   7.5636575e-02   5.5232028e-03
   7.8358727e-02   2.5151978e-03
   7.6846358e-02   2.5079372e-03
   8.0769191e-02   5.0199063e-04
   8.1969011e-02   3.0088030e-03
   8.0767817e-02   3.0119438e-03
   8.4531650e-02   1.5042125e-03
   8.5980178e-02   3.5165025e-03
   8.8546104e-02   4.0183298e-03
   8.6064505e-02   4.0228138e-03
   8.8283938e-02   4.5073341e-03
   8.8286332e-02   2.5040745e-03
   8.0766717e-02   4.0159251e-03
   8.2294597e-02   1.0068866e-03
   7.9408713e-02   1.0030565e-03
   8.3332320e-02   2.5096420e-03
   8.9743546e-02   5.0176439e-04
   8.8721909e-02   3.5229619e-03
   8.8540409e-02   7.0320771e-03
   8.8544551e-02   5.0229122e-03
   8.4615220e-02   1.0037931e-03
   7.6996612e-02   4.0205943e-03
   7.4358830e-02   1.0042756e-03
   7.3149027e-02  -5.0265997e-04
   6.9160917e-02   3.5122742e-03
   6.6730397e-02   4.0223446e-03
   6.1535469e-02   5.0239601e-03
   6.0137329e-02   2.0057291e-03
   6.4101785e-02   2.5117412e-03
   6.2820391e-02   1.0047447e-03
   6.5448013e-02   3.0169095e-03
   6.0434148e-02   3.0234409e-03
   6.4037886e-02   3.5129816e-03
   6.4287465e-02   6.5498583e-03
   6.9295735e-02   5.0274129e-03
   7.1864030e-02   3.5188129e-03
   6.9298976e-02   1.0054826e-03
   6.4165563e-02   1.5085288e-03
   6.6666667e-02   0.0000000e+00
   6.6599401e-02   3.5126346e-03
   6.6864360e-02   1.0075702e-03
   6.8014602e-02   3.0166045e-03
   7.1582949e-02   1.0014328e-03
   7.0511963e-02   2.5111017e-03
   7.4577289e-02   4.0289837e-03
   7.8048119e-02   4.5095959e-03
   8.2213278e-02   1.0058956e-03
   7.7071336e-02   5.0306917e-03
   7.5713335e-02   4.0208267e-03
   7.9721643e-02   3.0210308e-03
   8.2132120e-02   1.0049066e-03
   7.5789182e-02   3.0185898e-03
   7.8355858e-02   5.0303956e-03
   9.1023472e-02   3.5121111e-03
   9.2030949e-02   5.0022290e-03
   8.8545370e-02   4.5206210e-03
   6.2944541e-02   1.0067257e-03
   7.0512683e-02   1.0044407e-03
   6.5445303e-02   5.5310007e-03
   6.8012481e-02   5.0276742e-03
   6.7811676e-02   5.0128691e-03
   6.9230635e-02   1.0044938e-03
   6.7947528e-02   3.0136377e-03
   7.3221201e-02   1.0063102e-03
   7.4358396e-02   2.0085513e-03
   7.5640106e-02   2.5105467e-03
   7.2073238e-02   6.5542895e-03
   7.4577289e-02   4.0289837e-03
   8.0769191e-02   5.0199063e-04
   7.6922740e-02   1.5062412e-03
   7.5863105e-02   4.0287539e-03
   7.7149977e-02   3.0213901e-03
   8.0847545e-02   3.0149056e-03
   7.8359072e-02   2.0121582e-03
   8.4697882e-02   2.5119496e-03
   8.4615220e-02   1.0037931e-03
   8.1887820e-02   3.5068289e-03
   7.9486213e-02   2.5101052e-03
   7.8358727e-02   2.5151978e-03
   8.0843291e-02   6.0298113e-03
   8.0689616e-02   5.0149796e-04
   8.3333171e-02   1.0038568e-03
   8.0848609e-02   1.5074528e-03
   8.7263464e-02   3.5162722e-03
   8.7002775e-02   5.5093278e-03
   9.1294139e-02   3.0192700e-03
   9.3484426e-02   8.5198652e-03
   8.8632037e-02   5.0278526e-03
   8.8460463e-02   2.5089907e-03
   8.2051242e-02   5.0195975e-04
   8.2294758e-02   0.0000000e+00
   7.7150392e-02   2.5178251e-03
   8.2048050e-02   4.5176378e-03
   8.4778470e-02   5.0288424e-03
   8.5896392e-02   2.5093211e-03
   9.0009187e-02   2.0129848e-03
   8.3496556e-02   3.0174976e-03
   7.9642364e-02   3.5210662e-03
   7.6617129e-02   5.0011442e-03
   8.2210870e-02   4.0235825e-03
   7.8050236e-02   2.5053311e-03
   7.8127927e-02   1.0031162e-03
   7.9487179e-02   0.0000000e+00
   7.8436232e-02   2.5176766e-03
   7.8357236e-02   4.0243165e-03
   8.0845024e-02   5.0248427e-03
   8.0686483e-02   4.5134816e-03
   7.6922142e-02   2.5104019e-03
   8.2051242e-02   5.0195975e-04
   7.8435810e-02   3.0212119e-03
   7.8513466e-02   3.0241923e-03
   8.3493948e-02   5.0291627e-03
   8.3408729e-02   6.5314840e-03
   8.2049327e-02   3.5137183e-03
   7.8511734e-02   4.5362885e-03
   7.5640989e-02   5.0210934e-04
   7.3221201e-02  -1.0063102e-03
   7.9565647e-02   0.0000000e+00
   7.8514236e-02   2.0161282e-03
   7.4205554e-02   7.0161360e-03
   8.4613368e-02   3.5132758e-03
   8.6066521e-02   2.0114069e-03
   8.4696892e-02   3.5167294e-03
   7.7072051e-02   4.5276225e-03
   7.5640106e-02   2.5105467e-03
   7.6922142e-02   2.5104019e-03
   7.4726132e-02   3.0277076e-03
   7.4503601e-02   4.0250155e-03
   7.1935881e-02   2.5159138e-03
   7.1721910e-02   4.0136004e-03
   6.9298571e-02   2.0109651e-03
   6.5448013e-02   3.0169095e-03
   6.5513706e-02   1.0066277e-03
   6.8082173e-02   2.5163144e-03
   7.1794732e-02   1.0043866e-03
   6.4164312e-02   3.5199005e-03
   6.6862397e-02   4.0302808e-03
   7.0442495e-02   2.5086350e-03
   6.3006431e-02   2.0154384e-03
   7.0652174e-02   0.0000000e+00
   7.2150502e-02   1.0093485e-03
   7.5565916e-02   2.0064653e-03
   7.7073744e-02   3.0184150e-03
   7.3000639e-02   5.5183988e-03
   7.3004040e-02   2.5083631e-03
   7.6998675e-02   1.5077229e-03
   7.5640989e-02  -5.0210934e-04
   7.5640989e-02   5.0210934e-04
   7.6846694e-02   2.0063498e-03
   7.9643297e-02   2.5150473e-03
   7.8123491e-02   5.5171391e-03
   7.8511003e-02   5.0403206e-03
   7.5633817e-02   7.0295308e-03
   7.4432053e-02   1.5078957e-03
   6.9299112e-02   0.0000000e+00
   6.6732445e-02   5.0279308e-04
   7.1794732e-02   1.0043866e-03
   7.1865745e-02   0.0000000e+00
   6.6731307e-02   3.0167585e-03
   7.0577477e-02   6.0325760e-03
   7.9564251e-02   3.0150886e-03
   7.9798812e-02   4.5360161e-03
   8.2212797e-02   2.0117913e-03
   7.9564677e-02   2.5125738e-03
   7.9485286e-02   3.5141472e-03
   8.3497657e-02   1.5087488e-03
   7.9643647e-02   2.0120378e-03
   7.9405013e-02   5.0152827e-03
   8.3332320e-02   2.5096420e-03
   8.7092074e-02   3.0080353e-03
   8.3580245e-02   1.5102350e-03
   8.2049846e-02   3.0117585e-03
   8.0927431e-02   3.0178733e-03
   8.2213278e-02   1.0058956e-03
   8.0927431e-02   3.0178733e-03
   8.3329281e-02   5.0192839e-03
   8.4698873e-02   5.0238991e-04
   8.3331875e-02   3.0115703e-03
   8.4947123e-02   4.5348824e-03
   8.4695571e-02   4.5215092e-03
   8.9920246e-02   2.0110052e-03
   9.3680991e-02   2.5107645e-03
   9.3677568e-02   5.0215291e-03
   8.3329281e-02   5.0192839e-03
   8.8459990e-02   3.0107889e-03
   9.0008306e-02   3.0194773e-03
   9.2579972e-02   3.0190599e-03
   9.1113323e-02   3.5155612e-03
   9.3589334e-02   1.5049807e-03
   7.4282794e-02   4.5148024e-03
   6.7947892e-02   2.5113648e-03
   6.6532823e-02   4.5118110e-03
   6.8015264e-02   2.0110697e-03
   6.6600177e-02   2.5090247e-03
   6.4100039e-02   4.5211341e-03
   6.4101037e-02   3.5164376e-03
   6.2819016e-02   3.5166065e-03
   6.1477355e-02   2.0076086e-03
   6.2944387e-02   1.5100886e-03
   6.5383057e-02   3.5162654e-03
   6.9229557e-02   3.0134813e-03
   7.0857229e-02   6.0564203e-03
   7.7071336e-02   5.0306917e-03
   7.4504619e-02   3.0187616e-03
   7.5491541e-02   2.0044971e-03
   7.7074948e-02   1.0061383e-03
   7.4505347e-02   2.0125077e-03
   7.1793999e-02   2.5109666e-03
   6.9298267e-02   2.5137064e-03
   7.0650932e-02   3.0192597e-03
   6.9229928e-02   2.5112344e-03
   7.4431472e-02   2.5131595e-03
   7.8127472e-02   2.0062324e-03
   8.2129039e-02   4.5220797e-03
   8.5981184e-02   2.5117875e-03
   8.2129039e-02   4.5220797e-03
   8.2045537e-02   6.0235170e-03
   8.1967897e-02   4.0117374e-03
   8.1008268e-02   2.0138979e-03
   7.8282177e-02   1.0050895e-03
   7.8280957e-02   3.0152686e-03
   7.9643919e-02   1.5090284e-03
   8.4696892e-02   3.5167294e-03
   8.3577302e-02   4.5307050e-03
   9.2301229e-02   6.0203452e-03
   8.9653040e-02   3.5089067e-03
   8.9915637e-02   5.5302643e-03
   8.7092539e-02   2.5066961e-03
   8.3412996e-02   4.0193748e-03
   7.9643647e-02   2.0120378e-03
   8.0688245e-02   3.0089877e-03
   8.0928498e-02   1.5089366e-03
   8.4698749e-02   1.0047798e-03
   8.7437795e-02   1.5099415e-03
   8.8370095e-02   5.0130604e-03
   8.9913530e-02   6.5357669e-03
   9.2395169e-02   4.5196938e-03
   8.7264485e-02   2.5116230e-03
   8.8459431e-02   3.5125870e-03
   8.3580450e-02   1.0068233e-03
   8.2130840e-02   3.0147198e-03
   8.0608323e-02   3.5070437e-03
   8.3167317e-02   3.5066106e-03
   8.5895389e-02   3.5130496e-03
   9.2216570e-02   1.0024073e-03
   8.8547786e-02   2.5114561e-03
   8.9829380e-02   4.0180589e-03
   8.4530010e-02   3.5098291e-03
   8.2292181e-02   4.0275465e-03
   7.9559096e-02   6.5326919e-03
   8.3249777e-02   3.0086154e-03
   8.0848609e-02   1.5074528e-03
   7.5790477e-02   5.0309829e-04
   7.4652551e-02   2.5205998e-03
   7.0648001e-02   5.5353095e-03
   7.6770724e-02  -2.5054774e-03
   7.3149027e-02   5.0265997e-04
   7.6998413e-02   2.0102972e-03
   7.8123491e-02   5.5171391e-03
   8.4775614e-02   6.5374952e-03
   8.3493948e-02   5.0291627e-03
   8.5897394e-02  -5.0186423e-04
   8.5981854e-02  -1.5070725e-03
   8.7351395e-02   1.5084562e-03
   8.8631128e-02   5.5306379e-03
   9.1196807e-02   7.0380361e-03
   8.9999986e-02   7.5486932e-03
   9.5152895e-02   1.5093154e-03
   9.2580470e-02   2.5158832e-03
   9.4778325e-02   0.0000000e+00
   8.8459431e-02   3.5125870e-03
   9.1292889e-02   4.0256934e-03
   8.4523980e-02   7.0196581e-03
   8.7177410e-02   3.5128200e-03
   8.5812142e-02   2.0054877e-03
   8.8548865e-02   0.0000000e+00
   9.1025243e-02   1.5051905e-03
   9.0097906e-02   2.5187105e-03
   8.8454269e-02   6.5233759e-03
   8.3411533e-02   5.0242185e-03
   8.7093427e-02   1.0026784e-03
   8.7176774e-02   4.0146514e-03
   9.0009847e-02   5.0324621e-04
   8.8635974e-02   1.5083558e-03
   8.4694787e-02   5.0238991e-03
   8.7171179e-02   7.0256400e-03
   8.8719696e-02   5.0328027e-03
   8.7178427e-02   2.5091571e-03
   9.1386139e-02   0.0000000e+00
   9.0098966e-02   5.0374209e-04
   8.9654781e-02   1.5038171e-03
   8.8544551e-02   5.0229122e-03
   8.8627883e-02   7.0389936e-03
   9.2578704e-02   4.0254132e-03
   9.2397690e-02   2.5109410e-03
   9.4871749e-02   5.0162457e-04
   8.3496556e-02   3.0174976e-03
   8.2130840e-02   3.0147198e-03
   7.9562507e-02   4.5226328e-03
   8.4446815e-02   3.5063890e-03
   9.3589562e-02   1.0033205e-03
   9.3589015e-02   2.0066410e-03
   8.7436084e-02   3.5231969e-03
   8.8543645e-02   5.5252034e-03
   9.1381660e-02   5.0370745e-03
   9.1292130e-02   4.5289050e-03
   9.1024534e-02   2.5086508e-03
   8.3579959e-02   2.0136467e-03
   8.3251191e-02   5.0143590e-04
   8.3412305e-02   4.5217966e-03
   8.7261296e-02   5.0232460e-03
   9.5146611e-02   6.0372618e-03
   9.4869534e-02   3.5113720e-03
   8.9918139e-02   4.0220104e-03
   9.1114389e-02   2.5111151e-03
   8.9743197e-02   1.5052932e-03
   8.7350713e-02   2.5140937e-03
   8.8720520e-02   4.5295224e-03
   9.6437471e-02   3.0184121e-03
   9.3404788e-02   2.0027112e-03
   9.1112657e-02   4.0177842e-03
   8.5812433e-02   1.5041158e-03
   8.0689303e-02   1.5044939e-03
   8.1008545e-02   1.5104234e-03
   8.2293751e-02   2.5172165e-03
   8.3328430e-02   5.5212123e-03
   8.0764479e-02   5.5218969e-03
   8.4530010e-02   3.5098291e-03
   8.2051242e-02   5.0195975e-04
   8.7265548e-02   0.0000000e+00
   9.2482488e-02   6.5348652e-03
   8.8543645e-02   5.5252034e-03
   8.3322961e-02   8.0308542e-03
   8.7262104e-02   4.5209214e-03
   7.8051181e-02   0.0000000e+00
   7.6923077e-02   0.0000000e+00
   7.8359684e-02   0.0000000e+00
   7.3004040e-02   2.5083631e-03
   7.0789269e-02   4.5378312e-03
   7.3141044e-02   7.5398995e-03
   7.6922927e-02   1.0041608e-03
   7.7073744e-02   3.0184150e-03
   7.5790514e-02   0.0000000e+00
   6.8082705e-02   1.5097886e-03
   6.9298267e-02   2.5137064e-03
   6.5380768e-02   5.5255599e-03
   7.8279240e-02   4.5229029e-03
   7.8281376e-02   2.5127238e-03
   7.5640879e-02   1.0042187e-03
   7.0443316e-02   5.0172700e-04
   6.9299078e-02   5.0274129e-04
   7.8125008e-02   4.5140229e-03
   7.9559096e-02   6.5326919e-03
   8.0925654e-02   4.5268099e-03
   7.9407480e-02   3.0091696e-03
   7.3221344e-02   0.0000000e+00
   6.9230231e-02   2.0089876e-03
   7.4358396e-02   2.0085513e-03
   6.6661188e-02   6.5298809e-03
   7.4431073e-02   3.0157913e-03
   8.1088950e-02   1.0079420e-03
   7.4358938e-02   5.0213782e-04
   7.9486213e-02   2.5101052e-03
   8.5726312e-02   3.5061641e-03
   8.5976199e-02   6.0282899e-03
   8.0679632e-02   8.0239673e-03
   8.2291497e-02   4.5309898e-03
   7.8359646e-02   5.0303956e-04
   7.5790477e-02  -5.0309829e-04
   7.5641026e-02   0.0000000e+00
   7.7075099e-02   0.0000000e+00
   7.3218448e-02   4.5283959e-03
   7.1789845e-02   6.0263198e-03
   7.3000639e-02   5.5183988e-03
   6.7947528e-02   3.0136377e-03
   7.0791767e-02   1.5126104e-03
   6.9094354e-02   1.0025220e-03
   7.0442803e-02   2.0069080e-03
   6.6729844e-02   4.5251377e-03
   6.7946042e-02   4.5204566e-03
   7.4505601e-02   1.5093808e-03
   7.0442495e-02   2.5086350e-03
   7.3366337e-02   0.0000000e+00
   7.0582291e-02   1.0054293e-03
   6.9434028e-02   4.0298640e-03
   6.9363491e-02   5.5356032e-03
   7.0580227e-02   4.0217173e-03
   7.4356660e-02   4.0171025e-03
   7.8199652e-02   6.0246114e-03
   7.9480648e-02   6.5262734e-03
   8.7263464e-02   3.5162722e-03
   8.1888336e-02   3.0058533e-03
   7.8359339e-02   1.5091187e-03
   8.4615343e-02   5.0189655e-04
   8.8548174e-02   2.0091649e-03
   8.5889250e-02   7.0260992e-03
   8.5890377e-02   6.5242350e-03
   8.5895389e-02   3.5130496e-03
   8.7178809e-02   2.0073257e-03
   8.2051242e-02  -5.0195975e-04
   8.2293308e-02   3.0206599e-03
   7.9485286e-02   3.5141472e-03
   8.6063790e-02   4.5256656e-03
   7.9641119e-02   4.5270851e-03
   7.4431073e-02   3.0157913e-03
   7.3221344e-02   0.0000000e+00
   7.8204786e-02  -1.5061528e-03
   7.7069681e-02   6.0368300e-03
   8.4691940e-02   6.5310689e-03
   8.4775614e-02   6.5374952e-03
   8.3411533e-02   5.0242185e-03
   9.1295747e-02   0.0000000e+00
   8.7437111e-02   2.5165692e-03
   8.0530000e-02   2.5025775e-03
   8.4613368e-02   3.5132758e-03
   8.1888336e-02   3.0058533e-03
   7.6842778e-02   5.5174619e-03
   7.9481614e-02   6.0242524e-03
   7.5564705e-02   3.5113142e-03
   7.4505347e-02   2.0125077e-03
   7.1724103e-02  -5.0170005e-04
   7.1793161e-02   3.5153532e-03
   7.0717076e-02   6.0444747e-03
   6.5445972e-02   5.0281825e-03
   6.5448651e-02   2.0112730e-03
   6.0435094e-02   1.0078136e-03
   6.1659597e-02   2.0135466e-03
   6.6732478e-02   0.0000000e+00
   6.2881761e-02   2.5143357e-03
   7.0578267e-02   5.5298613e-03
   6.5508429e-02   6.5430800e-03
   6.3003842e-02   5.0385959e-03
   6.6533371e-02   4.0104987e-03
   6.7814665e-02   1.5038607e-03
   6.6666634e-02   5.0229853e-04
   6.7881740e-02   5.0177945e-04
   6.4102284e-02   1.5070447e-03
   6.4289635e-02   5.0383525e-03
   7.0650932e-02   3.0192597e-03
   7.3148171e-02   2.5132998e-03
   7.4578712e-02   2.5181148e-03
   8.0766717e-02   4.0159251e-03
   7.6920683e-02   4.0166431e-03
   7.3287710e-02   6.5474656e-03
   7.3074045e-02   4.5194923e-03
   7.8359646e-02   5.0303956e-04
   8.0769231e-02   0.0000000e+00
   8.3415435e-02  -1.0048437e-03
   8.2292785e-02   3.5241032e-03
   8.0761534e-02   7.0278688e-03
   8.1884053e-02   6.0117066e-03
   8.2128279e-02   5.0245330e-03
   8.4529394e-02   4.0112332e-03
