  -1.1614358e-02   1.1904698e-01
  -2.2635679e-01   2.3559133e-02
  -2.3762264e-01   3.1320893e-02
  -2.3928336e-01   3.2742972e-02
  -2.2776535e-01   1.2429118e-02
  -2.1619951e-01  -6.7563601e-03
  -2.2649184e-01   2.5898524e-03
  -2.0048050e-01  -8.7524781e-03
  -2.2329316e-01  -6.6812819e-03
  -2.2602042e-01  -1.2193116e-02
  -2.3387783e-01  -3.5706448e-02
  -2.4095576e-01  -6.3104107e-02
  -2.6887314e-01  -6.1227251e-02
  -2.5471855e-01  -6.5411788e-02
  -2.3208972e-01  -7.4244382e-02
  -2.3024270e-01  -8.5163707e-02
  -2.2191133e-01  -1.1828357e-01
  -2.5498959e-01  -1.0472147e-01
  -2.3219868e-01  -1.3998621e-01
  -2.3519878e-01  -1.3041139e-01
  -1.9193546e-01  -1.6336819e-01
  -1.9068405e-01  -1.4603122e-01
  -1.6333220e-01  -1.5869926e-01
  -1.5022146e-01  -1.5771807e-01
  -1.3812553e-01  -1.5140961e-01
  -1.3184197e-01  -1.5522033e-01
  -1.1272285e-01  -1.5072620e-01
  -1.0378621e-01  -1.4031712e-01
  -8.8514584e-02  -1.3393374e-01
  -6.7798379e-02  -1.3978552e-01
  -3.7302204e-02  -1.3069854e-01
  -1.2895277e-03  -1.1841134e-01
   3.6192130e-02  -1.0776126e-01
   7.4699173e-02  -1.1153134e-01
   1.0826676e-01  -1.1194899e-01
   1.3156335e-01  -9.6850945e-02
   1.5218517e-01  -9.0066781e-02
   1.7637773e-01  -8.9579136e-02
   2.1100473e-01  -8.5891613e-02
   2.3580893e-01  -7.9096611e-02
   2.6832425e-01  -7.2745757e-02
   2.9221046e-01  -6.4854142e-02
   3.0084702e-01  -5.6851562e-02
   3.0828954e-01  -4.7674732e-02
   3.1789499e-01  -4.9178815e-02
   3.2198732e-01  -4.0171067e-02
   3.2970170e-01  -2.7186717e-02
   3.3981745e-01  -1.7869631e-02
   3.5914397e-01  -1.4327185e-02
   3.6256693e-01  -3.4875839e-03
   3.5370485e-01  -9.9920846e-04
   3.6103339e-01   2.4344356e-02
   3.5285145e-01   3.1846070e-02
   3.7221840e-01   4.0518215e-02
   3.7907686e-01   3.3810525e-02
   3.6925366e-01   3.3811133e-02
   3.6166083e-01   4.9360597e-02
   3.6982238e-01   5.9514952e-02
   3.6891711e-01   5.7316817e-02
   3.5081271e-01   6.3529387e-02
   3.4442732e-01   6.9822858e-02
   3.5359716e-01   7.2959623e-02
   3.6722581e-01   7.4402060e-02
   3.5157098e-01   7.6799546e-02
   3.4264477e-01   8.1223441e-02
  -1.5140337e-02   1.4901835e-01
  -3.1462189e-02   1.5925916e-01
  -6.0450332e-02   1.5416028e-01
  -7.8174174e-02   1.4418439e-01
  -1.0239020e-01   1.4493434e-01
  -1.1879148e-01   1.4528056e-01
  -1.4383321e-01   1.4804903e-01
  -1.5471161e-01   1.4204965e-01
  -1.5407312e-01   1.5363820e-01
  -1.7980843e-01   1.5193830e-01
  -2.0901067e-01   1.4525561e-01
  -2.0929660e-01   1.2628819e-01
  -2.1119617e-01   1.1287260e-01
  -2.0742967e-01   1.0366414e-01
  -2.0560804e-01   9.7436799e-02
  -2.0566239e-01   8.4353156e-02
  -2.2082291e-01   8.2394824e-02
  -2.0671193e-01   7.6308120e-02
  -2.0417297e-01   7.7968852e-02
  -1.7785685e-01   5.7008788e-02
  -1.7064948e-01   4.8829540e-02
  -1.8082351e-01   2.8670462e-02
  -1.8517756e-01   2.0713638e-02
  -1.7442098e-01   1.3983212e-02
  -1.9566501e-01   3.6394179e-03
  -1.9108902e-01   4.7010334e-03
  -1.9877676e-01   0.0000000e+00
  -2.1449165e-01  -2.1030163e-02
  -2.0103820e-01  -5.0498040e-02
  -2.2193933e-01  -4.0729938e-02
  -2.0170702e-01  -5.1366784e-02
  -2.0089751e-01  -6.0492403e-02
  -1.9736449e-01  -8.2651083e-02
  -2.1785127e-01  -8.6511265e-02
  -2.3873873e-01  -8.9435772e-02
  -2.2454852e-01  -1.0075995e-01
  -2.2712996e-01  -9.6521099e-02
  -2.1699301e-01  -1.0488539e-01
  -1.7516288e-01  -1.2054760e-01
  -1.6291530e-01  -1.2127482e-01
  -1.4154306e-01  -1.3293935e-01
  -1.3671949e-01  -1.4756570e-01
  -1.6234086e-01  -1.2169147e-01
  -1.1707940e-01  -1.5248203e-01
  -1.5730095e-01  -1.3118198e-01
  -1.1694703e-01  -1.5523492e-01
  -1.1882691e-01  -1.2925391e-01
  -5.5265056e-02  -1.4593778e-01
  -1.8943434e-02  -1.4525606e-01
  -3.8299955e-03  -1.4192594e-01
   1.2803036e-02  -1.3620087e-01
   3.0802742e-02  -1.4552051e-01
   3.2183045e-02  -1.3752403e-01
   5.5626629e-02  -1.4696971e-01
   7.5639620e-02  -1.5030000e-01
   1.0787637e-01  -1.4886464e-01
   1.2948916e-01  -1.4420351e-01
   1.4716934e-01  -1.3411404e-01
   1.7305488e-01  -1.1928450e-01
   1.9224750e-01  -1.2170319e-01
   1.9992584e-01  -1.3101806e-01
   2.0283736e-01  -1.2335820e-01
   2.1055492e-01  -1.1532561e-01
   2.2291070e-01  -1.0573047e-01
   3.7668522e-01  -1.1709316e-02
   3.6403710e-01  -4.3892346e-03
   3.5652155e-01   6.8925951e-03
   3.5187782e-01   9.8357317e-03
   3.5830331e-01   1.7558745e-02
   3.7557384e-01   1.9538679e-02
   3.6984687e-01   3.2992217e-02
   3.7442444e-01   4.0952241e-02
   3.5221637e-01   4.1630530e-02
   3.3371879e-01   5.4372183e-02
   3.3224623e-01   5.3277984e-02
   3.3188849e-01   5.0304861e-02
   3.3774881e-01   6.5645597e-02
   3.6194968e-01   6.0451516e-02
   3.7039817e-01   6.3295616e-02
   3.6437661e-01   7.6952793e-02
   3.1996064e-01   7.9078181e-02
   3.1869145e-01   7.5735725e-02
   2.8312694e-01   9.9672590e-02
   2.8998442e-01   9.4349516e-02
   2.9626134e-01   1.0675467e-01
   2.8551582e-01   1.1360547e-01
   2.7156097e-01   1.1709182e-01
   2.5331863e-01   1.1790424e-01
   2.2248008e-01   1.2127369e-01
   2.1496230e-01   1.2953612e-01
   1.9035580e-01   1.4486218e-01
   1.8900452e-01   1.4219349e-01
   1.6490748e-01   1.5647125e-01
   1.3125861e-01   1.6233191e-01
   1.1915006e-01   1.5742836e-01
   9.9694925e-02   1.5194567e-01
   7.2295155e-02   1.7383386e-01
   7.2179025e-02   1.6102239e-01
   2.9651780e-02   1.7867894e-01
   1.2172882e-03   1.8490031e-01
  -1.5843143e-02   1.7656270e-01
  -2.5784820e-02   1.6557473e-01
  -3.7035016e-02   1.6652863e-01
  -5.9273480e-02   1.6590328e-01
  -6.2134734e-02   1.6534915e-01
  -8.3989122e-02   1.5321659e-01
  -9.9492619e-02   1.6290305e-01
  -1.0744544e-01   1.6348099e-01
  -1.2341582e-01   1.5708336e-01
  -1.4058168e-01   1.3722243e-01
  -1.4841968e-01   1.2597331e-01
  -1.5966104e-01   1.1656752e-01
  -1.8920175e-01   1.1174661e-01
  -1.9720637e-01   1.0876993e-01
  -2.0494005e-01   9.7664307e-02
  -1.8958524e-01   9.0965209e-02
  -2.0791434e-01   8.6977035e-02
  -1.9777863e-01   6.4072327e-02
  -2.0820203e-01   6.5149729e-02
  -2.2536400e-01   3.6829948e-02
  -2.6668546e-01   4.9896451e-02
  -2.4942103e-01   9.6114115e-03
  -2.8149171e-01   2.4364944e-02
  -2.8188911e-01   3.1478949e-03
  -2.8354260e-01  -5.7756839e-03
  -3.1013564e-01  -8.4169615e-03
  -3.3855471e-01  -1.5097237e-02
  -3.4449934e-01  -3.7277497e-02
  -1.2580914e-01  -1.2107735e-01
  -1.0850556e-01  -1.1873809e-01
  -9.4276982e-02  -1.0842530e-01
  -7.8373557e-02  -1.1924531e-01
  -5.0846317e-02  -1.1417348e-01
  -3.1249256e-02  -1.1242748e-01
   1.2765205e-02  -1.1606662e-01
   4.1888520e-02  -1.3709256e-01
   6.7490889e-02  -1.3247148e-01
   7.7716867e-02  -1.3967090e-01
   8.8433633e-02  -1.3992825e-01
   9.9451110e-02  -1.2814690e-01
   1.1902501e-01  -1.2875953e-01
   1.7260376e-01  -1.3971123e-01
   1.6741694e-01  -1.4354695e-01
   1.8121490e-01  -1.4707742e-01
   1.9025036e-01  -1.5714586e-01
   1.7837027e-01  -1.5765568e-01
   2.0472442e-01  -1.4920923e-01
   2.2879814e-01  -1.5182432e-01
   2.4627675e-01  -1.5333477e-01
   2.5232458e-01  -1.4458588e-01
   2.6511801e-01  -1.3659193e-01
   3.1639669e-01  -1.3696254e-01
   3.3940228e-01  -1.3476210e-01
   3.4368223e-01  -1.2677164e-01
   3.4552783e-01  -1.1617666e-01
   3.5482177e-01  -1.2135061e-01
   3.7350280e-01  -1.2112605e-01
   3.8239400e-01  -1.2401307e-01
   3.9645718e-01  -1.1963179e-01
   4.1628029e-01  -1.2428766e-01
   4.1683576e-01  -1.0585965e-01
   4.1258528e-01  -9.5563602e-02
   4.2074806e-01  -7.2138362e-02
   4.3192298e-01  -7.6401418e-02
   4.2617632e-01  -5.1113503e-02
   4.3336401e-01  -5.2758322e-02
   4.5300730e-01  -5.0106883e-02
   4.5200857e-01  -4.8477611e-02
   4.3117883e-01  -3.7627922e-02
   4.5519222e-01  -2.7974532e-02
   4.6057281e-01  -7.5703160e-03
   4.9561091e-01  -7.0424137e-03
   4.9430522e-01   2.3787510e-03
   4.8292765e-01   6.1901956e-03
   4.5969445e-01   1.8638733e-02
   4.5003988e-01   2.3997728e-02
   4.2904793e-01   2.9991281e-02
   4.1317856e-01   3.3697963e-02
   4.2645379e-01   3.6553698e-02
   4.3400015e-01   4.0501985e-02
   4.5044645e-01   4.3610918e-02
   4.2829789e-01   6.0075570e-02
   4.1440365e-01   5.5541138e-02
   3.7399323e-01   6.0857927e-02
   3.6157047e-01   7.0701690e-02
   3.4260727e-01   6.4776355e-02
   3.4446565e-01   6.7887047e-02
   3.3376573e-01   7.3796390e-02
   3.2151961e-01   6.9480702e-02
   2.9775202e-01   9.1130386e-02
   2.8010025e-01   8.9036807e-02
   2.5807865e-01   9.4397359e-02
  -6.9731273e-02   1.0753396e-01
  -1.0800363e-01   9.7907075e-02
  -1.4753689e-01   1.0225749e-01
  -1.4732040e-01   9.4259588e-02
  -1.5537957e-01   8.2254855e-02
  -1.7980451e-01   8.2407932e-02
  -2.3655546e-01   1.0069418e-01
  -2.4877024e-01   8.5551390e-02
  -2.7578106e-01   8.0225982e-02
  -3.0719481e-01   7.4786475e-02
  -3.0201732e-01   7.8865686e-02
  -3.1847325e-01   6.3143395e-02
  -3.2147604e-01   5.8104530e-02
  -3.3399298e-01   5.6358361e-02
  -3.6404142e-01   5.5533811e-02
  -3.7373913e-01   4.3017357e-02
  -3.7165731e-01   3.0486494e-02
  -3.6541044e-01   1.6826983e-02
  -3.4595890e-01   1.1472943e-02
  -3.4320979e-01   4.0212328e-03
  -3.4799103e-01  -3.5370016e-03
  -3.5776382e-01  -1.5098349e-02
  -3.4892816e-01  -2.3742346e-02
  -3.3924528e-01  -2.7525787e-02
  -3.2186764e-01  -2.6080198e-02
  -2.8909383e-01  -5.6717867e-02
  -2.8079258e-01  -5.4918131e-02
  -2.7823395e-01  -4.2635375e-02
  -2.6993978e-01  -4.8925385e-02
  -2.4375463e-01  -5.6209483e-02
  -2.3153623e-01  -6.6198831e-02
  -2.2726723e-01  -6.1038062e-02
  -1.9710993e-01  -4.9490284e-02
  -1.7750388e-01  -5.9168547e-02
  -1.4076172e-01  -6.5701381e-02
  -1.3235874e-01  -5.7180157e-02
  -8.5561516e-02  -6.7573391e-02
  -5.5970090e-02  -8.8543547e-02
  -4.0965444e-02  -1.0133326e-01
  -2.5519291e-02  -1.0473849e-01
  -2.0477709e-02  -9.6570756e-02
   1.2875655e-03  -1.0736837e-01
   2.8269897e-02  -1.0981106e-01
   5.5266275e-02  -1.0921936e-01
   1.0117672e-01  -1.2207161e-01
   1.0930970e-01  -1.2637665e-01
   1.2193635e-01  -1.2521354e-01
   1.3468080e-01  -1.1500155e-01
   1.5195162e-01  -1.2229477e-01
   1.7619754e-01  -1.1058506e-01
   2.0289343e-01  -1.1664527e-01
   2.2308829e-01  -1.1661558e-01
   2.4135646e-01  -1.1428041e-01
   2.3687909e-01  -1.0140860e-01
   2.6310451e-01  -1.0214946e-01
   2.6325702e-01  -8.9936862e-02
   2.6336591e-01  -8.5302963e-02
   2.6245207e-01  -6.9940856e-02
   2.8056831e-01  -6.5902977e-02
   2.9282390e-01  -6.6811375e-02
   3.2597418e-01  -4.9453908e-02
   3.3001656e-01  -4.6085226e-02
   3.4758738e-01  -4.0848085e-02
   3.4148606e-01  -4.2861285e-02
   3.5333291e-01   4.0797655e-02
   3.4524737e-01   7.1287063e-02
   3.7105700e-01   6.4356043e-02
   3.6898341e-01   6.8283518e-02
   3.5449440e-01   7.1435806e-02
   3.2930261e-01   8.7862140e-02
   3.1782942e-01   7.8063659e-02
   3.0355910e-01   1.0289611e-01
   3.2161658e-01   9.5670121e-02
   3.3647424e-01   9.0609218e-02
   3.2723431e-01   9.3706226e-02
   3.1926936e-01   1.0665579e-01
   3.4851626e-01   9.1029907e-02
   3.5803359e-01   8.8065903e-02
   3.5067564e-01   1.0068629e-01
   3.2610740e-01   1.1734524e-01
   2.9131137e-01   1.3410379e-01
   2.2930687e-01   1.4213115e-01
   2.1549583e-01   1.4919224e-01
   2.0916658e-01   1.4393830e-01
   1.9385182e-01   1.4831222e-01
   1.7680567e-01   1.5683854e-01
   1.6228931e-01   1.5436382e-01
   1.2834701e-01   1.6648020e-01
   1.0537605e-01   1.7061830e-01
   7.0072114e-02   1.8173175e-01
   5.7255260e-02   1.7209720e-01
   3.9308974e-02   1.6921527e-01
   2.5345007e-03   1.7034907e-01
  -4.5516743e-02   1.7916531e-01
  -5.0317157e-02   1.6709158e-01
  -5.7863592e-02   1.6532265e-01
  -7.1730265e-02   1.6042392e-01
  -9.3655925e-02   1.7544388e-01
  -1.1024324e-01   1.6274395e-01
  -1.3958635e-01   1.5805250e-01
  -1.5658773e-01   1.6292907e-01
  -1.6260797e-01   1.6646407e-01
  -1.4297271e-01   1.6018408e-01
  -1.8287045e-01   1.5304475e-01
  -2.2015977e-01   1.6544056e-01
  -2.1264677e-01   1.4565986e-01
  -2.2260362e-01   1.3374030e-01
  -2.2217362e-01   1.3347209e-01
  -2.2641633e-01   1.3028611e-01
  -2.2122577e-01   1.1451118e-01
  -2.5083099e-01   1.1676543e-01
  -2.6862406e-01   1.0592475e-01
  -2.6458470e-01   1.0865255e-01
  -2.5471369e-01   9.1407750e-02
  -2.5784827e-01   7.9302350e-02
  -2.7940700e-01   6.9868778e-02
  -2.9585936e-01   8.9543199e-02
  -3.0075680e-01   7.6276952e-02
  -3.0279763e-01   6.4263879e-02
  -3.1866885e-01   7.4970906e-02
  -3.0225424e-01   5.6825522e-02
  -2.8237687e-01   4.2842185e-02
  -2.8549178e-01   3.6047843e-02
  -2.8300240e-01   2.2834747e-02
  -2.7283242e-01   1.6789778e-02
  -2.7319008e-01   1.1713402e-02
  -6.0292736e-02  -8.2738135e-02
  -3.4991519e-02  -9.2457813e-02
  -1.5445499e-02  -1.0034582e-01
  -2.1824896e-02  -9.6347748e-02
   3.8263531e-03  -9.7821739e-02
   1.7784389e-02  -1.1332221e-01
  -2.5677400e-03  -9.9023944e-02
  -9.0162670e-03  -9.5622619e-02
   6.4256045e-03  -1.0446890e-01
   2.6899163e-02  -1.0248974e-01
   6.1305238e-02  -1.0474327e-01
   8.4377204e-02  -1.0208349e-01
   9.3848683e-02  -9.7832670e-02
   1.1951885e-01  -1.0815323e-01
   1.0801166e-01  -1.0522796e-01
   9.7222952e-02  -1.1061306e-01
   1.2001903e-01  -1.1504460e-01
   1.3655327e-01  -1.2727200e-01
   1.3316998e-01  -1.1044310e-01
   1.4888992e-01  -1.2674836e-01
   1.3832297e-01  -1.2828451e-01
   1.6546805e-01  -1.3037497e-01
   1.7508940e-01  -1.2590536e-01
   1.9610560e-01  -1.3107918e-01
   2.1725004e-01  -1.3176751e-01
   2.3470785e-01  -1.3032070e-01
   2.3080598e-01  -1.1554930e-01
   2.3438755e-01  -1.2073846e-01
   2.3364554e-01  -1.1964981e-01
   2.6493382e-01  -1.1504400e-01
   2.8639771e-01  -1.1869240e-01
   3.1063374e-01  -1.2292502e-01
   3.1251902e-01  -1.1411179e-01
   3.1984804e-01  -1.0744869e-01
   3.4736526e-01  -1.1025146e-01
   3.4483208e-01  -1.1760461e-01
   3.4948233e-01  -8.7029738e-02
   3.8929528e-01  -9.2056456e-02
   3.7667081e-01  -6.8357900e-02
   4.1034034e-01  -7.4589858e-02
   4.0533355e-01  -6.9137191e-02
   4.2271236e-01  -7.0483740e-02
   4.2331855e-01  -5.7562801e-02
   4.3198032e-01  -6.9562210e-02
   4.4237268e-01  -5.1416885e-02
   4.4496955e-01  -4.2674335e-02
   4.3332230e-01  -3.1128665e-02
   4.1755183e-01  -2.8762319e-02
   4.2015141e-01  -2.9736360e-02
   4.1732088e-01  -2.5684161e-02
   4.2477161e-01  -2.7009914e-02
   4.3241003e-01  -2.2948771e-02
   4.1917806e-01  -7.4066941e-03
   4.2939306e-01  -9.7831701e-04
   4.2455365e-01   8.7701447e-03
   4.1882204e-01   1.3158779e-02
   4.1826531e-01   2.9153635e-02
   4.1952148e-01   3.1384813e-02
   4.1289621e-01   4.1497750e-02
   4.0707017e-01   5.0240746e-02
   3.9172382e-01   4.4115439e-02
   3.9179208e-01   4.3156408e-02
   3.6352406e-01   6.8316604e-02
   1.5200887e-01   1.2287509e-01
   1.7001509e-01   1.2329075e-01
   1.6036492e-01   1.2661016e-01
   9.2412505e-02   1.3065774e-01
   5.7689671e-02   1.2905101e-01
   5.5430687e-02   1.2594599e-01
   4.7844759e-02   1.2362683e-01
   1.4200379e-02   1.2958193e-01
   0.0000000e+00   1.2736733e-01
  -3.2308893e-02   1.3585013e-01
  -4.5444025e-02   1.3254515e-01
  -6.9035373e-02   1.2560174e-01
  -1.1463755e-01   1.1809724e-01
  -1.2135280e-01   1.0796381e-01
  -9.6692568e-02   9.4331512e-02
  -1.3681057e-01   1.1192185e-01
  -1.7064153e-01   9.7433802e-02
  -1.7524214e-01   9.8842997e-02
  -1.6835884e-01   8.6472676e-02
  -1.9675367e-01   7.5566731e-02
  -2.1066733e-01   5.9495517e-02
  -2.3007369e-01   7.2751323e-02
  -2.4925993e-01   6.1558151e-02
  -2.6966088e-01   3.8052457e-02
  -2.9931203e-01   4.4612977e-02
  -2.6832200e-01   3.9290951e-02
  -3.1505805e-01   4.5094962e-02
  -3.0044188e-01   3.3461013e-02
  -3.1388164e-01   3.5079306e-02
  -3.5812355e-01   3.9245410e-02
  -3.7289054e-01   4.5377004e-02
  -3.7951578e-01   3.7339698e-02
  -3.8494222e-01   2.8198761e-02
  -3.8252870e-01   3.0728732e-02
  -3.8995425e-01   2.3212516e-02
  -4.1706946e-01   9.8004235e-03
  -4.3328390e-01   7.3085873e-03
  -4.3592807e-01  -2.9041278e-03
  -4.2494514e-01  -1.3088023e-02
  -4.1943647e-01  -1.9589312e-02
  -4.0400459e-01  -1.5630943e-02
  -3.8826875e-01  -1.9114285e-02
  -3.9085624e-01  -1.5231263e-02
  -3.8871265e-01  -2.1242890e-02
  -3.7943205e-01  -2.3758683e-02
  -3.5269648e-01  -5.8024956e-02
  -3.3340970e-01  -6.7394592e-02
  -3.2703606e-01  -5.3981992e-02
  -3.0413530e-01  -4.6970757e-02
  -2.9474499e-01  -5.0079405e-02
  -2.6231638e-01  -6.0441012e-02
  -2.3097637e-01  -7.5931024e-02
  -2.3100797e-01  -7.3952760e-02
  -2.1795094e-01  -7.8723034e-02
  -2.1021326e-01  -6.6806994e-02
  -2.2229818e-01  -6.1479693e-02
  -1.9778320e-01  -7.0254288e-02
  -1.6912647e-01  -7.9917673e-02
  -1.6160476e-01  -7.7493047e-02
  -1.4437618e-01  -7.7458035e-02
  -1.3777892e-01  -6.9081222e-02
  -1.1670790e-01  -5.8136628e-02
  -1.1413404e-01  -6.1778953e-02
  -1.0881952e-01  -5.8109065e-02
   8.6719271e-02   1.4191543e-02
   1.0670478e-01  -3.0527963e-03
   1.4068108e-01   1.0161117e-03
   1.7107645e-01   5.5454035e-03
   2.1944547e-01  -6.4920520e-03
   2.2910172e-01  -3.9782941e-03
   2.0526154e-01   2.0010292e-03
   2.2435854e-01   9.9126301e-04
   2.5757197e-01  -1.5294134e-02
   3.0046769e-01  -1.9073217e-02
   3.3082490e-01  -2.0003086e-02
   3.5662171e-01  -1.9009269e-02
   3.7711688e-01  -3.8796506e-03
   3.7177524e-01   5.3562512e-03
   3.9192788e-01   3.8868885e-03
   3.9636923e-01   4.8929446e-03
   4.0913412e-01   5.8144231e-03
   4.2081600e-01   1.2893976e-02
   4.3160783e-01   2.8782162e-03
   4.4401233e-01   9.1059806e-03
   4.3200402e-01   7.1593414e-03
   4.2482233e-01   9.4311932e-03
   4.2485323e-01   0.0000000e+00
   4.0961446e-01   1.3938540e-02
   4.0881853e-01   1.3433750e-02
   3.7349271e-01   2.0341734e-02
   3.5253290e-01   2.2835884e-02
   3.3379253e-01   1.7083538e-02
   3.1188163e-01   1.8694967e-02
   2.9532582e-01   2.6561675e-02
   2.4658334e-01   2.1914679e-02
   2.0469721e-01   2.9986385e-02
   1.9509164e-01   2.4589669e-02
   1.7148891e-01   1.8202108e-02
   1.6448817e-01   1.9168980e-02
   1.1963781e-01   2.9514139e-02
   1.0131068e-01   2.1355136e-02
   7.2814528e-02   2.0388412e-02
   3.9106947e-02   1.1759973e-02
   2.8698143e-02   1.7405393e-02
  -7.7999025e-03   2.5499541e-03
  -5.6969286e-02   5.0748103e-03
  -8.6666667e-02   0.0000000e+00
  -1.1523899e-01   5.0598400e-04
  -1.4039972e-01   1.0141029e-03
  -1.6217173e-01  -2.0365286e-03
  -1.8170800e-01  -1.5244028e-02
  -2.0862252e-01  -2.2750489e-02
  -2.3379285e-01  -3.4370512e-02
  -2.6337388e-01  -2.3084246e-02
  -2.7029573e-01  -2.8128922e-02
  -2.8329304e-01  -3.3250595e-02
  -2.9373141e-01  -4.3619885e-02
  -3.1581984e-01  -3.9420266e-02
  -3.0344053e-01  -5.6826248e-02
  -3.0978437e-01  -5.7991417e-02
  -3.0119516e-01  -6.4516342e-02
  -3.0529162e-01  -7.0320407e-02
  -3.1661638e-01  -7.3457050e-02
  -3.1154776e-01  -6.5864769e-02
  -3.0236418e-01  -7.0783571e-02
  -2.9236525e-01  -7.5926441e-02
  -2.9116157e-01  -7.1347988e-02
   8.4272728e-02  -6.3422603e-02
   1.0497190e-01  -6.9036755e-02
   1.2136450e-01  -7.3123729e-02
   1.3564060e-01  -8.5130170e-02
   1.3827364e-01  -9.3647665e-02
   1.3955261e-01  -9.4154736e-02
   1.4020022e-01  -9.5826982e-02
   1.7489185e-01  -1.0943368e-01
   1.8376230e-01  -9.5641385e-02
   1.9872669e-01  -9.3721401e-02
   2.0705374e-01  -9.4938448e-02
   2.0647565e-01  -9.3693167e-02
   2.1415495e-01  -9.5586222e-02
   2.1585060e-01  -9.3050801e-02
   2.3187444e-01  -7.8388074e-02
   2.4951132e-01  -7.8940743e-02
   2.6301523e-01  -7.9554565e-02
   2.9107071e-01  -7.7843115e-02
   2.7731167e-01  -7.8473713e-02
   2.8901173e-01  -8.6823511e-02
   3.3235471e-01  -7.9662983e-02
   3.4072193e-01  -6.4928001e-02
   3.6667601e-01  -5.5806800e-02
   3.7853368e-01  -5.2162163e-02
   3.8028123e-01  -5.5661753e-02
   3.6632902e-01  -3.6390752e-02
   4.0006233e-01  -2.5192832e-02
   4.0746701e-01  -1.9445361e-02
   4.0925519e-01  -1.4149353e-02
   4.1424520e-01  -6.7961115e-03
   3.9547874e-01   1.9595240e-03
   3.9772822e-01   9.2658951e-03
   4.0855621e-01   7.7923174e-03
   4.1209258e-01   2.9169472e-03
   3.9546063e-01   1.9181229e-02
   4.0944002e-01   2.1487590e-02
   4.1413233e-01   1.5487357e-02
   3.8049596e-01   1.5112402e-02
   3.6556236e-01   2.0087873e-02
   3.5718074e-01   2.4685348e-02
   3.6362387e-01   3.4546960e-02
   3.7864908e-01   4.6593690e-02
   3.8012096e-01   5.4911964e-02
   3.5965897e-01   6.5595196e-02
   3.4790247e-01   6.4735049e-02
   3.2148517e-01   6.2410256e-02
   3.0617032e-01   6.4138132e-02
   2.7501369e-01   8.9559123e-02
   2.6948093e-01   9.8887836e-02
   2.3978311e-01   1.1269038e-01
   2.6191357e-01   9.9611524e-02
   2.2726594e-01   1.1709380e-01
   2.0597550e-01   1.1643998e-01
   1.7760314e-01   1.2638205e-01
   1.6375641e-01   1.3383827e-01
   1.5248062e-01   1.4057197e-01
   1.4965683e-01   1.2409156e-01
   1.1530539e-01   1.3159654e-01
