   1.8183235e-01   6.0128874e-03
   7.9960278e-02   5.0499802e-04
   7.9801824e-02   1.0080036e-03
   8.0926918e-02   3.5208522e-03
   8.5115655e-02   4.5438418e-03
   8.0924073e-02   5.5327677e-03
   8.0039682e-02   5.0549762e-04
   8.7698024e-02  -1.5144151e-03
   8.6578421e-02   3.5408635e-03
   9.2479960e-02   7.5402291e-03
   9.4040172e-02   8.5702654e-03
   9.0096184e-02   4.0299368e-03
   8.3496026e-02   3.5204139e-03
   7.9801980e-02   0.0000000e+00
   7.7227571e-02  -1.0081237e-03
   8.2457231e-02  -2.0177489e-03
   8.3577997e-02   4.0272934e-03
   8.8804525e-02   6.5490913e-03
   7.8586144e-02   6.5588871e-03
   8.0039367e-02   1.5164928e-03
   8.4950495e-02   0.0000000e+00
   9.1295747e-02   0.0000000e+00
   9.8813041e-02   3.5140485e-03
   1.0167913e-01   4.5307161e-03
   1.0424879e-01   6.5433477e-03
   1.1571744e-01   6.5320324e-03
   1.1993198e-01   6.0457516e-03
   1.2122419e-01   5.0376667e-03
   1.1360275e-01   3.0271920e-03
   1.1058272e-01   2.0105432e-03
   1.1068867e-01   4.5281689e-03
   1.1489114e-01   4.5403947e-03
   1.1677364e-01   6.0172308e-03
   1.2497424e-01   2.0125254e-03
   1.2755103e-01   2.0121416e-03
   1.4329579e-01   2.0136231e-03
   1.5475574e-01   4.5216430e-03
   1.5715446e-01   1.0035924e-02
   1.5427822e-01   9.0168247e-03
   1.6860981e-01   3.5052919e-03
   1.6989691e-01   3.5048476e-03
   1.8497699e-01   2.9935617e-03
   1.9711967e-01   3.9979063e-03
   2.0414913e-01   8.0131040e-03
   2.0184369e-01   9.4710503e-03
   1.9857203e-01   1.0002981e-02
   1.9878325e-01   8.0101500e-03
   2.0830208e-01   3.9847759e-03
   2.1838578e-01   2.9997160e-03
   2.1686087e-01   6.9937076e-03
   2.2180400e-01   6.9824118e-03
   2.2222249e-01   9.9941420e-03
   2.2410214e-01   1.3448670e-02
   2.1940653e-01   1.1485938e-02
   2.1814171e-01   8.4909866e-03
   2.1881145e-01   9.9589242e-04
   2.0850463e-01   4.9857779e-03
   2.0524332e-01   7.0036024e-03
   1.9856382e-01   1.1003279e-02
   1.9193069e-01   1.0500595e-02
   1.9473967e-01   2.5018463e-03
   1.9197140e-01   1.5000851e-03
   1.8533918e-01   4.4990574e-03
   1.8128001e-01   8.4934634e-03
   1.7758895e-01   1.0006042e-02
   1.7149731e-01   9.5304934e-03
   1.6713760e-01   8.5056388e-03
   9.1386139e-02   0.0000000e+00
   9.5243743e-02   4.5324055e-03
   1.0029360e-01   4.0236510e-03
   9.6621027e-02   7.0568451e-03
   8.6316988e-02   6.0520833e-03
   8.1004940e-02   5.0347446e-03
   6.8014171e-02   3.5193720e-03
   5.6577535e-02   1.0079480e-03
   3.8575649e-02   5.0422910e-04
   1.5445476e-02   1.5147446e-03
   1.2858556e-03   0.0000000e+00
  -1.1561214e-02   1.5117979e-03
  -1.5414990e-02  -1.0078343e-03
  -1.9249716e-02  -1.0067998e-03
  -2.1837934e-02   5.0388148e-04
  -3.0830040e-02   0.0000000e+00
  -3.3431836e-02  -2.5214215e-03
  -2.3076643e-02  -2.5143968e-03
  -2.0573689e-02   0.0000000e+00
  -1.0266535e-02   0.0000000e+00
   1.2807826e-03   1.5073884e-03
   1.1549801e-02   1.5103056e-03
   2.0553199e-02   2.0155584e-03
   2.6975639e-02   3.5269087e-03
   2.9515584e-02   3.5232776e-03
   3.0830024e-02  -5.0381091e-04
   3.6003886e-02  -1.0085154e-03
   3.3399144e-02   1.0075727e-03
   4.2475060e-02   1.5140435e-03
   4.6289986e-02   3.0247892e-03
   5.1433595e-02   2.5202834e-03
   6.1719589e-02   3.5271841e-03
   6.9230466e-02   1.5067407e-03
   8.3579959e-02   2.0136467e-03
   9.3774520e-02   1.0052931e-03
   9.6437471e-02   3.0184121e-03
   9.5239636e-02   6.5468080e-03
   9.5138236e-02   9.0558927e-03
   1.0435824e-01   3.5268106e-03
   1.0661800e-01   3.5158629e-03
   1.0682980e-01   3.0195243e-03
   1.0682833e-01   4.0260324e-03
   1.0543598e-01   4.5251993e-03
   1.1069041e-01   3.5219091e-03
   1.1572497e-01   3.0147842e-03
   1.2110787e-01   3.0196302e-03
   1.2792609e-01   5.0452113e-03
   1.2909117e-01   4.5357835e-03
   1.3372663e-01   3.0108180e-03
   1.4157417e-01   6.0237854e-03
   1.4299708e-01   7.5362984e-03
   1.4942842e-01   9.5407249e-03
   1.4014284e-01   7.5231678e-03
   1.4287101e-01   1.0038568e-03
   1.4945491e-01   0.0000000e+00
   1.5573883e-01   3.5095577e-03
   1.6185265e-01   4.0007307e-03
   1.6602365e-01   7.0123418e-03
   1.5860567e-01   9.0400889e-03
   1.5988256e-01   1.1047675e-02
   1.6602365e-01   7.0123418e-03
   1.8295333e-01  -5.0051864e-04
   1.7762237e-01   2.0012083e-03
   1.7486943e-01   4.4995308e-03
   1.7150044e-01   9.0288885e-03
   1.7408521e-01   8.0235988e-03
   2.2695900e-01   7.4761809e-03
   2.2158716e-01   6.4774238e-03
   2.2589975e-01   6.4866899e-03
   2.2438610e-01   6.4815237e-03
   2.1899390e-01   8.9716698e-03
   2.0848532e-01   8.4758225e-03
   2.0396003e-01   5.5036698e-03
   2.0376342e-01   3.9987933e-03
   1.9619507e-01   9.0140771e-03
   1.9561902e-01   7.9892413e-03
   1.9728998e-01   9.0040122e-03
   1.9195632e-01   6.5003686e-03
   1.9215126e-01   5.5056520e-03
   1.8846939e-01   5.5133571e-03
   1.7409858e-01   5.0147493e-03
   1.6215787e-01   8.0170633e-03
   1.6232747e-01   6.0186652e-03
   1.5846595e-01   5.0173671e-03
   1.4514790e-01   6.0100801e-03
   1.5104151e-01   2.0122825e-03
   1.5089018e-01   3.0154692e-03
   1.4929808e-01   5.5181799e-03
   1.4974111e-01   6.0375321e-03
   1.4929259e-01   7.0231381e-03
   1.4156640e-01   8.0317139e-03
   1.4329346e-01   3.5238405e-03
   1.4057367e-01   2.5150999e-03
   1.3813062e-01   3.0217186e-03
   1.3900009e-01   6.0250581e-03
   1.4300439e-01   5.5266189e-03
   1.4028541e-01   6.5264600e-03
   1.3527289e-01   6.0328339e-03
   1.2857927e-01   5.0200133e-03
   1.3141666e-01   1.5086637e-03
   1.2986913e-01   3.0117147e-03
   1.3656979e-01   2.0107385e-03
   1.4143720e-01   5.0149141e-03
   1.3152426e-01   9.5642533e-03
   1.2857323e-01   7.0280186e-03
   1.2368293e-01   4.0254288e-03
   1.2368074e-01   5.0317860e-03
   1.1853035e-01   3.5235401e-03
   1.1853035e-01   3.5235401e-03
   1.1175229e-01   5.5231064e-03
   1.1079619e-01   5.5398742e-03
   9.9005020e-02   5.5329372e-03
   9.6335925e-02   6.5334658e-03
   8.2457231e-02   2.0177489e-03
   8.0928696e-02   1.0059578e-03
   7.8437153e-02   5.0353532e-04
   7.1723999e-02   1.0034001e-03
   6.4224734e-02   6.0400632e-03
   5.9148315e-02   3.0235781e-03
   6.2882405e-02   1.0057343e-03
   6.1538462e-02   0.0000000e+00
   6.2943896e-02   2.5168144e-03
   5.1382170e-02   3.5249156e-03
   4.7529551e-02   1.0072322e-03
   2.9603249e-02   3.5337373e-03
   3.4683371e-02   2.5188665e-03
   3.7252073e-02   3.5262205e-03
   1.1561214e-02  -1.5117979e-03
   9.0009495e-03  -1.5133168e-03
   6.4102564e-03   0.0000000e+00
   8.9390790e-03   1.0019409e-03
   6.4164312e-03   3.5241427e-03
   0.0000000e+00   1.0069102e-03
   0.0000000e+00   1.5073892e-03
  -1.1561175e-02   2.0157306e-03
  -6.4102533e-03  -5.0295247e-04
  -8.9742019e-03  -3.0176796e-03
  -1.1527088e-02  -5.0244330e-04
  -1.5354331e-02   0.0000000e+00
  -2.1794490e-02   3.0173275e-03
  -6.4229249e-03   0.0000000e+00
  -1.5369458e-02   0.0000000e+00
  -7.6846694e-03   2.0098171e-03
  -1.4060957e-02   5.0144560e-04
  -2.3031094e-02   3.0113385e-03
  -2.6922959e-02  -1.5085523e-03
  -3.9704260e-02   1.5066866e-03
  -3.9704414e-02  -5.0222887e-04
  -4.4915303e-02  -3.0189291e-03
  -5.1231129e-02  -2.0082933e-03
  -5.6297876e-02  -3.5104891e-03
  -6.6666375e-02   1.5068956e-03
  -6.0196781e-02   1.5057757e-03
  -6.2819016e-02   3.5166065e-03
  -7.0650932e-02  -3.0192597e-03
  -6.6662744e-02  -5.5252838e-03
  -6.9157728e-02  -6.0210415e-03
  -6.4039129e-02  -1.5055635e-03
  -6.0375229e-02  -1.5102299e-03
  -4.3589722e-02  -5.0267608e-04
  -2.5590502e-02  -1.0037426e-03
  -1.0236097e-02   2.5097647e-03
   0.0000000e+00   4.0157480e-03
   2.3076923e-02   0.0000000e+00
   3.1988050e-02   1.5054498e-03
   3.3364272e-02   5.5361827e-03
   4.2304730e-02   6.0323093e-03
   5.5019685e-02   0.0000000e+00
   6.5384584e-02  -5.0232362e-04
   7.6771319e-02   1.5032864e-03
   7.9484049e-02   4.5181893e-03
   8.4695571e-02   4.5215092e-03
   8.9736215e-02   6.5229371e-03
   1.0116970e-01   8.0151680e-03
   1.0896244e-01   7.5180109e-03
   1.0897007e-01   4.5108065e-03
   1.0908061e-01   2.5084602e-03
   1.0384595e-01   1.0027230e-03
   9.4679490e-02   5.5070657e-03
   9.6147114e-02   6.0190610e-03
   8.6998393e-02   7.5127197e-03
   8.7090172e-02   4.5120530e-03
   8.0927866e-02   2.5148944e-03
   6.5320070e-02  -1.0036599e-03
   6.2819749e-02   2.5118618e-03
   6.2510341e-02   3.9993043e-03
   5.8798091e-02   4.5086647e-03
   6.0135931e-02   4.0114581e-03
   5.6354242e-02   2.0079664e-03
   5.1281652e-02   2.0102708e-03
   4.8766018e-02  -5.0310123e-04
   4.7389071e-02   1.0042591e-03
   4.7435067e-02   3.0157445e-03
  -1.7966296e-02  -2.0136280e-03
  -2.5666025e-02   2.5167849e-03
  -3.2113621e-02   4.0303909e-03
  -4.3502230e-02   4.5151890e-03
  -5.1231303e-02   1.5062200e-03
  -4.9850555e-02  -4.5099594e-03
  -5.1227326e-02  -6.5269533e-03
  -5.3898652e-02  -2.5151146e-03
  -5.5182518e-02  -1.0060042e-03
  -6.9433451e-02   4.5335970e-03
  -7.4060759e-02   6.5022253e-03
  -7.6847141e-02   1.0031749e-03
  -7.6913503e-02  -8.0332862e-03
  -7.1711575e-02  -9.5323009e-03
  -7.5711232e-02  -5.5286367e-03
  -6.7881642e-02  -1.0035589e-03
  -6.2755575e-02   5.0187857e-03
  -6.0249818e-02   7.5362875e-03
  -5.4965558e-02   5.0102728e-04
  -4.7481244e-02  -4.0249567e-03
  -5.7800793e-02  -7.0483712e-03
  -6.5383057e-02  -3.5162654e-03
  -7.1793615e-02   3.0131599e-03
  -7.4210298e-02   4.0092206e-03
  -6.9093652e-02   2.5063050e-03
  -5.8798574e-02  -4.0077019e-03
  -6.2754235e-02  -6.0225428e-03
  -6.4160561e-02  -6.5369581e-03
  -7.1936724e-02  -5.0318277e-04
  -6.8081807e-02   3.0195772e-03
  -6.1233558e-02   4.9993633e-03
  -4.4783117e-02  -2.0066837e-03
  -3.7103711e-02  -6.0211698e-03
  -3.8574460e-02  -4.0338328e-03
  -3.9782804e-02   5.0321951e-04
  -3.7248873e-02   7.5561867e-03
  -2.8174660e-02   7.0328309e-03
  -2.3122247e-02   2.5193644e-03
  -1.9230012e-02  -4.5261320e-03
  -1.5398115e-02  -7.5512964e-03
  -9.0004564e-03  -5.5488284e-03
  -7.6922478e-03   2.0117991e-03
  -2.5664224e-03   6.5449033e-03
   1.2843586e-03   9.5750941e-03
   3.8422135e-03   4.5221477e-03
   2.5665087e-03  -5.0345410e-03
   0.0000000e+00  -5.0395257e-03
   3.8534370e-03  -6.5513546e-03
   1.0256231e-02   3.0176576e-03
   1.9267185e-02   6.5506639e-03
   3.2078405e-02   8.5561312e-03
   4.3718320e-02   3.0249961e-03
   4.4915544e-02  -2.5157743e-03
   4.3718748e-02  -2.0166641e-03
   3.4683778e-02  -5.0377330e-04
   4.1147359e-02   5.0419854e-04
   4.9948315e-02   5.0209255e-03
   5.8968739e-02   7.0341858e-03
   5.2713478e-02   8.0645878e-03
   5.7806296e-02   5.0345508e-04
   5.6632969e-02  -2.5223601e-03
   6.5773292e-02  -2.0212241e-03
   8.2129719e-02   4.0196264e-03
   8.9823604e-02   7.0316031e-03
   9.2388687e-02   7.5328231e-03
   8.8803350e-02   7.0528676e-03
   1.3114085e-01   8.0304498e-03
   1.2598125e-01   1.1548246e-02
   1.2625743e-01   5.0308361e-03
   1.2755203e-01   0.0000000e+00
   1.2601379e-01   5.0209766e-04
   1.3372793e-01   2.0072120e-03
   1.3757982e-01   5.0164932e-03
   1.3830573e-01   8.4939240e-03
   1.3869618e-01   1.2026570e-02
   1.4754342e-01   1.1505564e-02
   1.4930627e-01   1.5049582e-03
   1.4644269e-01   0.0000000e+00
   1.3900990e-01   0.0000000e+00
   1.3541240e-01   4.0258364e-03
   1.3913940e-01   5.5283816e-03
   1.4656682e-01   8.5216634e-03
   1.5300417e-01   6.5129021e-03
   1.4914874e-01   6.0139557e-03
   1.4787274e-01   1.5036566e-03
   1.4573155e-01   3.0168171e-03
   1.3730681e-01   5.5073682e-03
   1.3783970e-01   8.5447546e-03
   1.3972830e-01   7.5011645e-03
   1.5346739e-01   4.0197044e-03
   1.6023786e-01   1.5094513e-03
   1.5573769e-01   4.0109231e-03
   1.5748005e-01   7.5416763e-03
   1.4700290e-01   8.5467057e-03
   1.4427833e-01   9.0425797e-03
   1.4772547e-01   2.5036496e-03
   1.5301682e-01   0.0000000e+00
   1.4716981e-01   0.0000000e+00
   1.4314772e-01   5.0291236e-03
   1.4800123e-01   8.0273406e-03
   1.4813442e-01   1.0546193e-02
   1.5026996e-01   9.5117415e-03
   1.4815770e-01   5.5241961e-03
   1.4602378e-01  -5.0379002e-04
   1.4200596e-01   0.0000000e+00
   1.4043435e-01   2.5126360e-03
   1.4542495e-01   8.5309319e-03
   1.5244525e-01   1.1580646e-02
   1.6344732e-01   7.5150792e-03
   1.8183951e-01   4.0085916e-03
   1.7040413e-01   3.0129540e-03
   1.5361546e-01   5.5325067e-03
   1.5733848e-01   3.0137210e-03
   1.6232747e-01   6.0186652e-03
   1.6891841e-01   9.5329282e-03
   1.7648011e-01   9.5162493e-03
   1.8423603e-01   4.0035996e-03
   1.8295333e-01   5.0051864e-04
   1.8571100e-01   3.0052038e-03
   1.9012206e-01   8.5360367e-03
   1.9011161e-01   1.0042396e-02
   1.7683372e-01   9.0329745e-03
   1.6603147e-01   5.0088156e-03
   1.6669684e-01   3.0170459e-03
   1.7479863e-01   2.5171871e-03
   1.8292502e-01   5.0401630e-03
   1.9919205e-01   5.5176861e-03
   1.9213207e-01   9.0092487e-03
   1.9082335e-01   1.1513465e-02
   1.9272477e-01   5.5217338e-03
   1.9383085e-01   4.0113205e-03
   2.0955182e-01   1.0019912e-03
   2.1860426e-01   2.5021823e-03
   2.6124181e-01   9.9502535e-03
   2.5171351e-01   6.9610550e-03
   2.4680921e-01   4.4825480e-03
   2.4197439e-01   3.4749665e-03
   2.2566602e-01   7.9759299e-03
   2.3256290e-01   9.4816269e-03
   2.2071946e-01   8.9875260e-03
   2.0583147e-01   1.0536027e-02
   2.0845952e-01   4.0124823e-03
   2.0634880e-01   9.9939309e-04
   2.0933142e-01   5.5056122e-03
   2.0263717e-01   1.0508599e-02
   1.9727008e-01   1.1505127e-02
   1.9579900e-01   9.9962295e-03
   1.8955311e-01   9.0118182e-03
   1.8607899e-01   3.5129016e-03
   1.6849443e-01   5.0425670e-04
   1.6265744e-01   3.5177536e-03
   1.6377389e-01   7.0277735e-03
   1.6134463e-01   9.0467546e-03
   1.5231196e-01   8.5512232e-03
   1.4356816e-01   7.0615374e-03
   1.4530161e-01  -5.0132929e-04
   1.4144301e-01  -2.0059656e-03
   1.4071055e-01   4.0281098e-03
   1.3912793e-01   8.5438625e-03
   1.3797865e-01   8.0500114e-03
   1.2895912e-01   6.0417701e-03
   1.2638267e-01   5.0357803e-03
   1.1982155e-01   5.0331752e-04
   1.2239745e-01  -2.0129016e-03
   1.0811833e-01   1.5096394e-03
   1.1348849e-01   4.0322821e-03
   1.0832134e-01   7.5630705e-03
   1.1500307e-01   5.5548448e-03
   1.0961649e-01   5.5457937e-03
   1.1090484e-01   6.0494513e-03
   1.1337908e-01   1.5106185e-03
   1.0446382e-01   1.5129801e-03
   9.1562009e-02   5.5517213e-03
   8.5197526e-02   6.0644464e-03
   8.0115326e-02   5.0599820e-03
   8.2455287e-02   4.0354978e-03
   7.5939999e-02   2.0163646e-03
   7.3365042e-02   3.0248897e-03
   7.4800667e-02   2.5255845e-03
   6.5772644e-02   3.0318362e-03
   5.4219147e-02   3.5421042e-03
   4.7575819e-02   3.0246813e-03
   5.1536174e-02   0.0000000e+00
   4.2517156e-02   1.5155425e-03
   3.3463706e-02   5.0478327e-03
   3.2210093e-02  -5.0529586e-04
   1.9287598e-02   2.5219776e-03
   1.5430146e-02   2.0176620e-03
   7.7226360e-03   3.0296495e-03
   5.1281952e-03   1.0059093e-03
   3.8537549e-03   0.0000000e+00
  -3.8537380e-03  -1.5118511e-03
  -1.4130373e-02   1.5117684e-03
  -1.9364363e-02   1.5191959e-03
  -1.7966401e-02  -1.0068140e-03
  -1.2845793e-02  -1.5117839e-03
  -2.4431244e-02   5.0436198e-04
  -3.2208195e-02   5.5582545e-03
  -1.2283250e-01  -2.9984556e-03
  -1.2039263e-01  -2.5016103e-03
  -1.1783160e-01  -2.0016466e-03
  -1.0748026e-01  -5.0026164e-04
  -1.0908188e-01   5.0169204e-04
  -1.0758621e-01   0.0000000e+00
  -1.0363852e-01  -4.0030465e-03
  -1.0117736e-01  -5.0094800e-03
  -9.3771774e-02  -4.0211723e-03
  -9.2035354e-02  -5.0022290e-04
  -1.0009828e-01   1.5059077e-03
  -1.1794505e-01   4.0072090e-03
  -1.3988154e-01   0.0000000e+00
  -1.4983586e-01  -7.4873662e-03
  -1.4569166e-01  -1.0465429e-02
  -1.4841111e-01  -6.9821981e-03
  -1.4358946e-01  -9.9983664e-04
  -1.3974250e-01  -2.0003105e-03
  -1.3832506e-01  -4.9964259e-04
  -1.3461538e-01   0.0000000e+00
  -1.2295274e-01  -3.5016142e-03
  -1.0747011e-01  -7.0036630e-03
  -1.0769184e-01  -1.5037249e-03
  -1.0266410e-01  -2.5094621e-03
  -9.7243341e-02   2.0022799e-03
  -9.5153314e-02   0.0000000e+00
  -8.9920773e-02   1.0055026e-03
  -8.0767817e-02  -3.0119438e-03
  -8.4612052e-02  -4.5170689e-03
  -7.5637348e-02  -5.0210934e-03
  -7.0576617e-02  -6.5352906e-03
  -7.0652036e-02  -1.0064199e-03
  -5.7860077e-02   5.5434728e-03
  -4.7623739e-02   5.0461201e-04
  -4.2307363e-02  -2.0107698e-03
  -4.1066140e-02   0.0000000e+00
  -3.8537549e-02   0.0000000e+00
  -3.2114233e-02   2.5189943e-03
  -2.9487165e-02   5.0282925e-04
  -1.4158416e-02   0.0000000e+00
  -1.2807782e-02   2.0097547e-03
  -1.5399615e-02   2.5170988e-03
  -1.7966296e-02   2.0136280e-03
  -1.6683119e-02   0.0000000e+00
  -1.2845844e-02   5.0392797e-04
  -3.8499488e-03  -5.0345288e-04
  -9.0367250e-03  -1.0128852e-03
  -1.2807782e-02   2.0097547e-03
  -7.7227117e-03  -2.0197663e-03
  -5.1332575e-03  -1.0069023e-03
   0.0000000e+00   4.5266272e-03
   6.4355300e-03   3.0296658e-03
   2.0573679e-02  -5.0438788e-04
   2.3145299e-02  -1.5131133e-03
   2.8260649e-02   2.0153341e-03
   3.6002530e-02   4.5383192e-03
   4.2389628e-02   4.5331636e-03
   5.1432991e-02   3.5283967e-03
   5.0148147e-02   1.5122284e-03
   6.1660079e-02   0.0000000e+00
   6.1780240e-02   4.0350497e-03
   6.5641505e-02   4.0344638e-03
   7.0720812e-02   3.0222373e-03
   7.7072051e-02   4.5276225e-03
   7.8434735e-02   4.0282826e-03
   8.3663202e-02   1.0078161e-03
   8.2375874e-02   1.5118193e-03
   1.1500307e-01   5.5548448e-03
   1.1724198e-01   3.5238542e-03
   1.2626307e-01   1.5092508e-03
   1.2380215e-01   5.5404064e-03
   1.2368074e-01   5.0317860e-03
   1.2625966e-01   4.0246689e-03
   1.2896724e-01   2.0139234e-03
   1.3012571e-01   3.5205628e-03
   1.3785595e-01   3.5184284e-03
   1.4800936e-01   6.0205054e-03
   1.4700963e-01   7.0384635e-03
   1.5474904e-01   6.5312622e-03
   1.6507417e-01   4.0153746e-03
   1.6457140e-01   7.5068397e-03
   1.6858998e-01   8.5128518e-03
   1.6843316e-01   6.5034952e-03
   1.7668225e-01   3.5094017e-03
   1.7908108e-01   4.5064976e-03
   1.9292360e-01   3.5172550e-03
   2.0545004e-01   6.5096521e-03
   2.1921842e-01   7.9825104e-03
   2.2589975e-01   6.4866899e-03
   2.2867782e-01   1.0485070e-02
   2.3492184e-01   8.4724669e-03
   2.3468054e-01   9.4601303e-03
   2.3516273e-01   7.4829018e-03
   2.2975872e-01   8.4782983e-03
   2.3669345e-01   6.9895477e-03
   2.3361828e-01   9.9693362e-03
   2.4008081e-01   8.9645488e-03
   2.3857143e-01   6.4693272e-03
   2.2911225e-01   1.2506343e-02
   2.5301370e-01   5.4683843e-03
   2.5109050e-01   1.4463540e-02
   2.5638932e-01   2.4794915e-03
   2.5629506e-01   1.2459231e-02
   2.5789341e-01   7.9800442e-03
   2.5298377e-01   9.4453911e-03
   2.5219836e-01   8.9670931e-03
   2.5453622e-01   8.4576511e-03
   2.5661450e-01   7.9419491e-03
   2.6305783e-01   8.4302791e-03
   2.6745684e-01   8.4414400e-03
   2.6125616e-01   8.4577155e-03
   2.6460096e-01   1.1471259e-02
   2.5945483e-01   7.4498656e-03
   2.5452717e-01   9.4526689e-03
   2.5039749e-01   9.9462033e-03
   2.4241726e-01   9.4501377e-03
   2.4268386e-01   5.9742355e-03
   2.3021582e-01   8.4946578e-03
   2.2612125e-01   6.9924062e-03
   2.2567845e-01   5.9819474e-03
   2.2697296e-01   4.9841206e-03
   2.1642472e-01   7.9773934e-03
   2.0394645e-01   8.0053379e-03
   1.9878325e-01   8.0101500e-03
   2.0176548e-01   8.0233196e-03
   2.0564874e-01   7.5184284e-03
   1.9102856e-01   9.5203683e-03
   1.8440682e-01   7.0131130e-03
   1.7375386e-01   5.0049935e-03
   1.6765469e-01   3.5125751e-03
   1.6345886e-01   4.5090475e-03
   1.5748975e-01   5.0277842e-03
   1.5862713e-01   3.5155901e-03
   1.5619885e-01   5.0283780e-03
   6.0434148e-02   3.0234409e-03
   5.1485123e-02   5.0455496e-04
   1.6765576e-02   3.0354619e-03
  -7.7227685e-03  -5.0494159e-04
  -4.1188119e-02   0.0000000e+00
  -6.1843409e-02   0.0000000e+00
  -6.2881761e-02  -2.5143357e-03
  -4.1025621e-02  -5.0270831e-04
  -2.6949326e-02  -2.5167347e-03
  -1.5384496e-02  -2.0116935e-03
  -2.5716910e-03  -2.0178002e-03
   1.9230760e-02  -5.0290356e-04
   3.0889863e-02   4.5432720e-03
   4.6288061e-02   5.5454469e-03
   6.2938642e-02   7.0470802e-03
   7.4502292e-02   5.0312694e-03
   6.9435353e-02   2.5186650e-03
   7.8514698e-02   1.0080641e-03
   7.0791524e-02   2.0168139e-03
   7.2007349e-02   2.0147158e-03
   7.9959963e-02   1.5149941e-03
   8.6321566e-02   3.0260417e-03
   8.2534768e-02   5.5542921e-03
   8.7610421e-02   2.5215349e-03
   9.2855498e-02   3.0279996e-03
   1.0069469e-01   1.5148270e-03
   1.1689358e-01   4.0154193e-03
   1.1723184e-01   7.5511162e-03
   1.2496319e-01   7.0438388e-03
   1.2999898e-01   2.0097781e-03
   1.2883639e-01   4.0238937e-03
   1.2497129e-01   4.0250508e-03
   1.2908716e-01   6.0477113e-03
   1.2534172e-01   5.0461794e-03
   1.3012366e-01   4.5264379e-03
   1.3309192e-01   6.0518614e-03
   1.3308850e-01   7.0605050e-03
   1.3038086e-01   5.0392649e-03
   1.3309344e-01   5.5475396e-03
   1.4616850e-01   1.5128551e-03
   1.5133422e-01   5.5446424e-03
   1.5795685e-01   6.0511070e-03
   1.6669774e-01   2.5142049e-03
   1.6394069e-01   6.0296942e-03
   1.6166561e-01   9.0644840e-03
   1.7330854e-01   8.5511899e-03
   1.7942894e-01   6.5220722e-03
   1.8125971e-01   6.5403065e-03
   1.9124786e-01   3.5109169e-03
   2.0417404e-01   1.5024570e-03
   2.1730042e-01   5.5056944e-03
   2.3761491e-01   1.0023681e-02
   2.3710878e-01   1.3005639e-02
   2.4836216e-01   1.0415504e-02
   2.5737612e-01   8.4625609e-03
   2.5245798e-01   7.9784000e-03
   2.5271352e-01   7.4869359e-03
   2.6985813e-01   1.9934312e-03
   2.6800183e-01   6.9650582e-03
   2.6277354e-01   1.1949428e-02
   2.6868323e-01   1.3900814e-02
   2.8269363e-01   6.9284152e-03
