   1.0379256e-01  -7.8945251e-02
  -5.8233038e-02  -1.6131335e-01
  -5.9229206e-02  -1.5483974e-01
  -4.2265486e-02  -1.5596988e-01
  -2.4736329e-02  -1.4691179e-01
  -2.1288297e-02  -1.3408437e-01
  -2.1505738e-02  -1.2518224e-01
  -2.9227273e-02  -1.2849369e-01
  -3.1729416e-02  -1.3324721e-01
  -1.6418325e-02  -1.2442949e-01
  -2.4050222e-02  -8.1967860e-02
   1.3747935e-02  -5.5731856e-02
   4.3394899e-02  -4.2685418e-02
   6.7345652e-02  -2.3422537e-02
   6.1057278e-02  -2.2453164e-02
   4.4650243e-02   4.0015657e-03
   4.7227616e-02   1.5520204e-02
   2.7958579e-02   3.1461845e-02
  -5.0826057e-03   5.1099802e-02
  -2.5218413e-03   5.5229163e-02
   2.5023123e-02   6.3799830e-02
   5.1494100e-02   6.4009382e-02
   6.9027793e-02   7.7583484e-02
   8.7832519e-02   7.4957115e-02
   9.0713944e-02   7.4242659e-02
   1.1768719e-01   6.8606463e-02
   1.3387597e-01   8.2377680e-02
   1.4073040e-01   8.9051549e-02
   1.5071438e-01   9.1771154e-02
   1.4958808e-01   8.2476574e-02
   1.4050964e-01   8.3294924e-02
   1.4991283e-01   8.3395812e-02
   1.5917775e-01   8.3574261e-02
   1.8186000e-01   8.4157860e-02
   2.0767388e-01   8.4690367e-02
   2.2540816e-01   7.1318720e-02
   2.3031178e-01   7.2090641e-02
   3.0032148e-01   4.7043471e-02
   2.8517618e-01   4.2530794e-02
   2.6602590e-01   6.0964163e-02
   3.2671280e-01   3.8635102e-02
   3.2926187e-01   3.2887406e-02
   3.4432251e-01   2.3305611e-02
   3.8329958e-01   2.2210670e-02
   4.0631286e-01   1.1085788e-02
   3.9128374e-01   1.5056707e-02
   4.2744378e-01   9.4896941e-03
   4.3599938e-01   6.0252508e-03
   4.5849734e-01   2.9935388e-03
   4.5311203e-01   0.0000000e+00
   4.6724543e-01  -1.0411669e-02
   4.9551992e-01  -1.2243947e-02
   4.8901433e-01  -1.1713546e-02
   4.9616271e-01  -2.6708400e-02
   5.1106175e-01  -3.3339459e-02
   5.3379615e-01  -3.8855781e-02
   5.3490114e-01  -5.5289951e-02
   5.1884192e-01  -5.7458711e-02
   5.1617070e-01  -7.1996628e-02
   5.1056640e-01  -8.3371263e-02
   4.9958758e-01  -8.1043936e-02
   4.9666026e-01  -7.4747780e-02
   4.8517272e-01  -7.1839140e-02
   5.0292108e-01  -8.0747124e-02
   4.8474563e-01  -8.5904205e-02
   2.2789456e-01  -1.5306957e-01
   2.1282825e-01  -1.6904232e-01
   1.9870264e-01  -1.7460545e-01
   1.6472600e-01  -1.6115966e-01
   1.5040414e-01  -1.4657224e-01
   1.5119510e-01  -1.3632243e-01
   1.3665069e-01  -1.2573242e-01
   1.2202119e-01  -1.2741885e-01
   1.0625660e-01  -1.2044581e-01
   9.7797161e-02  -1.2686576e-01
   7.7718026e-02  -1.2751155e-01
   6.6037321e-02  -1.3807106e-01
   4.6543261e-02  -1.2868475e-01
   8.9282089e-03  -1.0577896e-01
  -5.0615063e-03  -8.9198908e-02
   0.0000000e+00  -1.0525424e-01
  -1.9202422e-02  -1.0403843e-01
  -1.0180410e-02  -1.0128420e-01
  -2.0514277e-02  -9.9936829e-02
  -5.3435121e-02  -9.0806835e-02
  -7.9531855e-02  -8.6476587e-02
  -8.1627736e-02  -8.6972356e-02
  -7.9977872e-02  -7.5050610e-02
  -1.1151062e-01  -6.6963119e-02
  -1.2147318e-01  -7.0590245e-02
  -1.3362581e-01  -5.4461241e-02
  -1.3977418e-01  -3.7615839e-02
  -1.4568728e-01  -2.4228474e-02
  -1.6313461e-01  -2.2172412e-02
  -1.8427176e-01  -4.9024503e-04
  -2.0798802e-01   5.4044312e-03
  -2.1580236e-01   7.3268972e-03
  -2.6076047e-01   2.1824406e-02
  -2.7201228e-01   2.7244505e-02
  -3.1529631e-01   1.1730727e-02
  -3.1647486e-01   1.5699451e-02
  -3.0817366e-01   1.9372223e-02
  -3.2157924e-01   2.6920358e-02
  -2.9855670e-01   2.6689245e-02
  -2.9909354e-01   2.8758873e-02
  -2.5336546e-01   3.3943454e-02
  -2.4060811e-01   4.1444415e-02
  -2.3049301e-01   3.7672269e-02
  -2.2734688e-01   4.6183698e-02
  -2.1775309e-01   4.0694933e-02
  -1.9132644e-01   4.3781052e-02
  -1.7133201e-01   3.8334640e-02
  -1.5383940e-01   3.0804882e-02
  -1.0774541e-01   4.1737426e-02
  -7.7979409e-02   4.5991426e-02
  -3.9235938e-02   3.9376535e-02
  -6.7615331e-03   5.3880016e-02
   2.4320777e-02   6.2470580e-02
   5.0191271e-02   5.8884115e-02
   9.2841471e-02   5.3178814e-02
   1.0841509e-01   4.8504532e-02
   1.3256004e-01   4.8216573e-02
   1.6280666e-01   4.1678563e-02
   1.9779251e-01   3.2869343e-02
   2.9775609e-01   3.3926126e-02
   3.1954865e-01   2.5093941e-02
   3.2949645e-01   3.5597042e-02
   3.4572053e-01   3.4731751e-02
   4.4025370e-01   1.2128942e-01
   3.8287191e-01   1.3225914e-01
   4.0969406e-01   1.4072811e-01
   3.7179227e-01   1.3912215e-01
   3.3533105e-01   1.5052456e-01
   2.8906850e-01   1.7925370e-01
   2.1656454e-01   1.9797747e-01
   2.2420859e-01   1.9935414e-01
   1.7271307e-01   2.1136817e-01
   1.3792023e-01   2.0443771e-01
   1.1263703e-01   2.0590080e-01
   8.4514360e-02   1.9508773e-01
   4.0554291e-02   1.9501271e-01
  -6.2017367e-03   1.9960804e-01
  -4.5658181e-02   2.1593575e-01
  -8.9686241e-02   2.0796352e-01
  -1.3759195e-01   1.8728974e-01
  -2.2388190e-01   2.0005886e-01
  -2.6956259e-01   1.9035063e-01
  -3.0719501e-01   1.8830832e-01
  -3.2315795e-01   1.8946842e-01
  -3.3646747e-01   1.8515423e-01
  -3.5647593e-01   1.7337278e-01
  -3.7123438e-01   1.7265759e-01
  -3.8311799e-01   1.5852233e-01
  -3.9827015e-01   1.4966398e-01
  -4.1174862e-01   1.4293400e-01
  -4.2144320e-01   1.3230037e-01
  -4.4264338e-01   1.1865383e-01
  -4.4304156e-01   1.1810604e-01
  -4.3757416e-01   9.9029507e-02
  -4.3406443e-01   9.6452558e-02
  -3.9739829e-01   8.7326338e-02
  -4.2025423e-01   6.8054377e-02
  -4.4293779e-01   7.3327556e-02
  -4.1744090e-01   3.9359247e-02
  -4.0469591e-01   4.5070918e-02
  -3.7110515e-01   2.0477290e-02
  -3.6069417e-01   3.1239723e-02
  -2.9337352e-01   2.1101489e-02
  -2.7571361e-01   1.9491867e-02
  -2.7685012e-01   8.4994421e-03
  -2.6380392e-01   2.6140829e-03
  -2.4082782e-01  -1.1420494e-02
  -2.4186546e-01  -1.3707815e-02
  -2.3262952e-01  -2.1137910e-03
  -1.9595013e-01  -6.4242348e-03
  -1.5873020e-01  -2.1518963e-02
  -1.4594655e-01  -6.9135380e-03
  -1.2060829e-01  -2.6503826e-02
  -1.5293907e-01  -2.6602248e-03
  -1.4203947e-01  -5.2755754e-04
  -1.4940093e-01  -1.7166143e-02
  -1.4319398e-01  -2.7961120e-02
  -1.1811880e-01  -2.8245271e-02
  -7.3981796e-02  -4.3375582e-02
  -3.6168682e-02  -4.6658095e-02
  -1.7525092e-02  -8.6154058e-02
  -9.5354521e-02  -3.8425011e-02
  -8.2820844e-02  -6.6940259e-02
  -1.0788075e-01  -5.6754197e-02
  -5.2035266e-02  -5.2804345e-02
  -3.0047277e-02  -5.6708631e-02
   1.7683676e-01  -1.3123796e-01
   1.7993143e-01  -1.1790136e-01
   1.8316729e-01  -1.0410925e-01
   1.7093228e-01  -9.1073364e-02
   1.8870391e-01  -8.8193949e-02
   2.2285402e-01  -9.7419304e-02
   2.3925893e-01  -8.9178839e-02
   2.5131957e-01  -8.3579730e-02
   2.5680258e-01  -8.8330151e-02
   2.8879631e-01  -7.3663809e-02
   3.2541403e-01  -6.1875796e-02
   3.1616830e-01  -6.0935347e-02
   3.4670342e-01  -6.7020100e-02
   3.5494332e-01  -7.0516153e-02
   3.4506052e-01  -6.2987054e-02
   3.8009894e-01  -6.7600483e-02
   4.0565556e-01  -6.7128349e-02
   3.9658159e-01  -6.2219594e-02
   4.2521735e-01  -4.8112993e-02
   4.5594182e-01  -4.5416494e-02
   4.6641200e-01  -4.6902921e-02
   4.5948604e-01  -3.8960308e-02
   4.6527980e-01  -5.5847519e-02
   4.7506108e-01  -4.7727661e-02
   4.5072439e-01  -6.3864846e-02
   4.3202355e-01  -5.3258392e-02
   4.3900457e-01  -6.4334920e-02
   4.2852952e-01  -5.7946404e-02
   4.5559301e-01  -7.0339881e-02
   4.2792851e-01  -5.5258266e-02
   4.1495875e-01  -5.4116254e-02
   3.8121081e-01  -5.4678479e-02
   3.4014502e-01  -6.0032137e-02
   3.2768678e-01  -7.5610430e-02
   3.0840099e-01  -9.1938073e-02
   2.8772007e-01  -7.7636103e-02
   3.0720244e-01  -8.1503088e-02
   3.3011859e-01  -7.9775909e-02
   3.1786078e-01  -8.9764976e-02
   2.5664499e-01  -1.0587770e-01
   2.3731903e-01  -1.2117804e-01
   2.1000557e-01  -1.1894582e-01
   1.9184543e-01  -1.1499690e-01
   1.5923933e-01  -1.1051994e-01
   1.6451799e-01  -1.1324619e-01
   1.3585264e-01  -1.0730413e-01
   1.2427082e-01  -1.0809605e-01
   1.1734491e-01  -1.0344126e-01
   8.7385958e-02  -1.1789681e-01
   9.3227230e-02  -1.1805475e-01
   1.0227983e-01  -1.2956337e-01
   1.0751448e-01  -1.1013268e-01
   1.1206706e-01  -9.2706598e-02
   9.3336756e-02  -9.5240083e-02
   9.5802573e-02  -1.0605799e-01
   4.3256298e-02  -1.3025654e-01
   2.3825455e-02  -1.3536489e-01
  -2.4002663e-02  -1.3864532e-01
  -2.9295935e-02  -1.2335395e-01
  -1.4151564e-02  -1.0942642e-01
  -3.9455055e-02  -9.7121525e-02
  -4.6024680e-02  -7.8772397e-02
  -7.2469384e-02  -7.8859245e-02
  -9.4745287e-02  -8.9385620e-02
  -2.2634785e-02  -1.3577376e-01
  -2.7910941e-02  -1.1636818e-01
  -2.4090397e-02  -1.3532326e-01
  -1.7717412e-02  -1.3506211e-01
  -6.3723959e-03  -1.3720635e-01
  -8.9828636e-03  -1.4384245e-01
   1.9175367e-02  -1.5115134e-01
   6.3571149e-03  -1.3796176e-01
   5.6406015e-02  -1.4010821e-01
   1.0273656e-01  -1.4493717e-01
   1.2955977e-01  -1.5782062e-01
   1.0343199e-01  -1.5463857e-01
   4.0357928e-02  -1.2743477e-01
   5.8493878e-02  -1.2249466e-01
   4.9581276e-02  -1.3177658e-01
   8.3415058e-02  -9.2530701e-02
   1.3482608e-01  -1.1344012e-01
   1.0706046e-01  -1.0236210e-01
   1.2358738e-01  -7.8335810e-02
   1.1603284e-01  -7.3289763e-02
   1.3464538e-01  -5.8935698e-02
   1.2856199e-01  -4.0879844e-02
   1.6567829e-01  -4.8575368e-02
   1.6094454e-01  -3.7599928e-02
   1.4672575e-01  -2.1406086e-02
   1.5351310e-01  -1.8300415e-02
   1.3319938e-01  -3.2052648e-02
   1.1701772e-01  -2.2128187e-02
   7.9292230e-02  -7.1267530e-03
   7.1571572e-02   0.0000000e+00
   1.0617811e-01   1.0506339e-02
   8.2758380e-02   1.3167358e-02
   8.1138264e-02   1.4401223e-02
   7.0156166e-02   2.9056681e-02
   5.6894444e-02   3.5051035e-02
   6.8386768e-02   3.5979853e-02
   4.6635758e-02   4.2812267e-02
   3.2113966e-02   6.0369384e-02
   1.9327879e-02   5.5417532e-02
   3.5807681e-02   5.3451315e-02
   3.0782272e-02   4.2908680e-02
   2.5585743e-03   5.6554345e-02
  -1.0177816e-02   5.4712871e-02
  -3.1465595e-02   5.4608944e-02
  -1.6281937e-02   5.9355127e-02
  -4.2969586e-02   6.6463086e-02
  -2.7700839e-02   8.9241659e-02
  -3.5461148e-02   1.0337945e-01
  -2.6569837e-02   1.0593120e-01
  -4.8137883e-02   1.2204583e-01
  -6.9250034e-02   1.1213634e-01
  -5.5860733e-02   1.0729182e-01
  -4.0548332e-02   9.6588246e-02
  -4.3017403e-02   1.1332474e-01
  -4.2805951e-02   1.2019989e-01
  -2.2524253e-02   1.1365073e-01
  -3.0251197e-02   1.1984624e-01
  -4.9768659e-02   1.2135914e-01
  -4.8830037e-02   1.2170806e-01
  -4.8505535e-02   1.2303061e-01
  -2.5513626e-02   1.1758944e-01
  -3.4751504e-02   1.1323342e-01
  -6.1624155e-02   1.1039653e-01
  -8.6631318e-02   1.0491207e-01
  -1.8802366e-01  -1.2363155e-01
  -1.8442315e-01  -1.3028929e-01
  -1.3997595e-01  -1.4524712e-01
  -1.1086990e-01  -1.5524563e-01
  -1.2092694e-01  -1.3161592e-01
  -9.4209275e-02  -1.3962632e-01
  -8.8430195e-02  -1.2061747e-01
  -9.2324654e-02  -1.1529471e-01
  -1.1159578e-01  -1.1190564e-01
  -9.7055100e-02  -1.2621176e-01
  -8.6256218e-02  -1.3619426e-01
  -4.9589410e-02  -1.4610525e-01
  -3.3575421e-02  -1.3413615e-01
  -4.9763067e-03  -1.3532567e-01
   6.2703817e-03  -1.3105415e-01
   2.7778776e-02  -1.1578894e-01
   7.0461637e-02  -9.6828109e-02
   8.3370744e-02  -7.5489842e-02
   1.0635175e-01  -6.6904252e-02
   1.2972188e-01  -6.0493343e-02
   1.3605174e-01  -4.9814609e-02
   1.3460662e-01  -4.7682825e-02
   1.4512470e-01  -4.1053316e-02
   1.6200314e-01  -3.2601103e-02
   1.8645784e-01  -3.8033243e-02
   2.1152391e-01  -4.0837734e-02
   2.2587129e-01  -4.3064398e-02
   2.3540242e-01  -5.0568559e-02
   2.4033743e-01  -4.7039253e-02
   2.5022235e-01  -5.2860639e-02
   2.5235662e-01  -5.5015678e-02
   2.7052403e-01  -5.1236982e-02
   2.7995108e-01  -5.6963009e-02
   2.8547264e-01  -6.2981546e-02
   3.0837062e-01  -5.9250787e-02
   3.1874907e-01  -5.6433846e-02
   3.1862169e-01  -4.8083159e-02
   3.0310542e-01  -5.1452422e-02
   3.0313694e-01  -4.7220406e-02
   2.9065540e-01  -4.0683821e-02
   2.9944088e-01  -4.5576323e-02
   3.1182543e-01  -3.6620330e-02
   2.8081774e-01  -2.5575567e-02
   2.5764351e-01  -2.3441380e-02
   2.5037577e-01  -1.1935444e-02
   2.4986750e-01  -1.2905349e-02
   2.4551216e-01  -5.4796654e-03
   2.4706272e-01  -1.9941568e-03
   2.2266934e-01   2.9862130e-03
   1.9334555e-01   1.4807768e-03
   1.8498709e-01   2.9527107e-03
   1.8203021e-01  -1.1377684e-02
   1.6581023e-01  -1.0922270e-02
   1.4336348e-01  -1.8316547e-02
   1.3396886e-01  -1.2218491e-02
   1.3535042e-01  -1.8768904e-02
   1.0982318e-01   0.0000000e+00
   1.1466572e-01   1.3447753e-02
   1.0613228e-01   2.9045906e-02
   1.3383041e-01   3.1395327e-02
   1.3076936e-01   2.2541496e-02
   1.3134907e-01   2.8980228e-02
   1.3101202e-01   4.0633701e-02
   1.1738503e-01   3.7904632e-02
  -4.9455413e-02   6.0574425e-02
  -5.7285888e-02   6.0798148e-02
  -6.6470010e-02   6.8212866e-02
  -9.6102985e-02   6.8700247e-02
  -1.2340822e-01   6.7553837e-02
  -1.4163175e-01   6.6434833e-02
  -1.8414856e-01   6.1905422e-02
  -1.7749709e-01   6.9633474e-02
  -1.6743524e-01   6.2583818e-02
  -1.6517889e-01   5.8076789e-02
  -1.8395448e-01   5.2988044e-02
  -2.0912731e-01   3.6543845e-02
  -2.1796456e-01   2.3393691e-02
  -2.4160665e-01   1.8344002e-02
  -2.6358787e-01   1.6387492e-02
  -2.5918727e-01   4.6263086e-03
  -2.4159642e-01  -1.2804116e-02
  -2.4175760e-01  -2.1776920e-02
  -2.5715442e-01  -2.8542659e-02
  -2.4508814e-01  -4.5367136e-02
  -2.4488294e-01  -5.9404598e-02
  -2.5289076e-01  -7.0747339e-02
  -2.5490072e-01  -7.2795296e-02
  -2.4217412e-01  -8.1212633e-02
  -2.3134100e-01  -8.7060787e-02
  -2.4139579e-01  -7.9461489e-02
  -2.0779625e-01  -1.0210649e-01
  -1.9014180e-01  -1.2010313e-01
  -1.9217186e-01  -1.1573407e-01
  -1.8831827e-01  -1.2495122e-01
  -1.6642010e-01  -1.2461124e-01
  -1.5510844e-01  -1.1950049e-01
  -1.5993167e-01  -1.0223869e-01
  -1.4499058e-01  -1.0836063e-01
  -1.1840748e-01  -1.0793388e-01
  -8.9862837e-02  -1.0945401e-01
  -1.0114555e-01  -9.5263127e-02
  -1.2476437e-01  -9.3449458e-02
  -8.9486993e-02  -9.6759752e-02
  -3.6939452e-02  -1.0134609e-01
  -7.6631141e-03  -9.1106151e-02
   1.0273380e-02  -7.6930610e-02
   3.2111615e-02  -7.9535149e-02
   6.9371619e-02  -7.8934997e-02
   7.2155074e-02  -6.8233094e-02
   7.9390835e-02  -5.5363914e-02
   9.1664041e-02  -6.0028887e-02
   5.4451225e-02  -5.9344850e-02
   1.3958904e-01  -7.2144087e-02
   1.4888210e-01  -5.4840916e-02
   1.8190371e-01  -4.3960194e-02
   2.0925122e-01  -4.2912441e-02
   2.4672935e-01  -6.3725831e-02
   2.6614985e-01  -6.2930136e-02
   2.9971127e-01  -6.2650517e-02
   3.2289640e-01  -6.8419215e-02
   3.1972072e-01  -7.8373767e-02
   3.2085741e-01  -6.9781546e-02
   3.6268153e-01  -7.9110898e-02
   3.9742546e-01  -6.5463895e-02
   4.1902390e-01  -5.8014723e-02
   4.4176813e-01  -5.0927874e-02
   4.6526836e-01  -5.9121920e-02
   4.1968735e-01   2.5822615e-02
   3.9467787e-01   2.0332071e-02
   3.8508053e-01   4.3365072e-02
   3.8795953e-01   4.8500513e-02
   3.6280021e-01   3.3364652e-02
   3.3869293e-01   8.0057101e-02
   3.4343703e-01   4.7529421e-02
   3.4520015e-01   5.0550761e-02
   3.3358256e-01   5.5632752e-02
   3.1143272e-01   7.1795568e-02
   3.0184615e-01   6.8047023e-02
   2.7188625e-01   5.7488585e-02
   2.4957214e-01   9.0249600e-02
   2.3616682e-01   9.2135640e-02
   2.2097699e-01   9.2933259e-02
   2.1900637e-01   9.3744306e-02
   1.7511561e-01   1.0370557e-01
   1.6723844e-01   1.0153524e-01
   1.5277973e-01   1.2785208e-01
   1.5367343e-01   1.0424354e-01
   1.2140033e-01   1.1298863e-01
   1.0060450e-01   1.0776677e-01
   6.6609520e-02   1.3497870e-01
   6.4860053e-02   1.2785564e-01
   4.9485734e-02   1.3917518e-01
   4.2594815e-02   1.5037812e-01
   1.1523716e-02   1.5199761e-01
   1.2918860e-02   1.2801582e-01
  -2.4433730e-02   1.3963503e-01
  -5.2904457e-02   1.3891968e-01
  -6.4956072e-02   1.4385607e-01
  -6.8284392e-02   1.3357369e-01
  -6.7063195e-02   1.3989255e-01
  -9.8530788e-02   1.4556492e-01
  -1.2341171e-01   1.4568009e-01
  -1.3802565e-01   1.4069732e-01
  -1.6059051e-01   1.3677937e-01
  -1.6896072e-01   1.2936729e-01
  -1.8388449e-01   1.2629631e-01
  -1.9857584e-01   1.3667486e-01
  -2.0300339e-01   1.3312033e-01
  -2.0269533e-01   1.3159751e-01
  -2.1639273e-01   1.3184996e-01
  -2.6484824e-01   1.3575712e-01
  -2.6687846e-01   1.2382577e-01
  -3.1100514e-01   1.3852521e-01
  -3.3756220e-01   1.2033512e-01
  -3.4282440e-01   1.1970926e-01
  -3.3083687e-01   9.7190205e-02
  -3.3062209e-01   9.3022264e-02
  -3.3573767e-01   7.6146737e-02
  -3.6509049e-01   6.5994979e-02
  -3.7126740e-01   5.1783862e-02
  -3.7338710e-01   4.5954748e-02
  -3.6441573e-01   4.2037654e-02
  -3.6122254e-01   3.5092389e-02
  -3.5915664e-01   2.8823957e-02
  -3.5819598e-01   2.5211886e-02
  -3.5357168e-01   2.6003999e-02
  -3.3039561e-01   2.0869864e-02
  -3.0857311e-01   4.5110157e-03
  -2.8162779e-01   5.4992997e-03
  -2.8958810e-01   7.0253509e-03
  -3.0158145e-01   8.0535510e-03
  -7.1007691e-02  -3.7185654e-02
  -5.5704569e-02  -2.7968270e-02
  -7.3826976e-02  -4.9439110e-02
  -5.1318274e-02  -7.3162182e-02
  -1.5326287e-02  -6.7725637e-02
  -1.2995420e-03  -6.6320531e-02
   3.1230371e-02  -6.9010028e-02
   2.8732330e-02  -6.6639983e-02
   3.5253155e-02  -6.7664657e-02
   5.2078176e-02  -6.6915100e-02
   5.5979407e-02  -7.1095624e-02
   7.6557964e-02  -9.4581749e-02
   1.0643402e-01  -9.6442817e-02
   1.3931837e-01  -9.6932235e-02
   1.4521476e-01  -9.0054801e-02
   1.6032160e-01  -9.5515776e-02
   1.7774918e-01  -8.8935723e-02
   1.9000023e-01  -9.3342602e-02
   1.9532732e-01  -8.5369015e-02
   2.1208692e-01  -1.0254397e-01
   2.6019328e-01  -8.1798523e-02
   2.4612730e-01  -8.9774325e-02
   2.6982572e-01  -9.6014282e-02
   2.6243004e-01  -9.6703119e-02
   2.6322373e-01  -8.9077695e-02
   2.8019609e-01  -8.0203581e-02
   2.5824869e-01  -7.0215995e-02
   2.8520279e-01  -6.6525546e-02
   2.7188625e-01  -5.7488585e-02
   2.7372292e-01  -4.6346647e-02
   2.9015533e-01  -4.7394802e-02
   3.1145472e-01  -4.5657531e-02
   3.2744124e-01  -3.3516216e-02
   3.1804318e-01  -1.9483521e-02
   3.2451223e-01  -1.5992594e-02
   3.1582258e-01  -5.2977811e-03
   3.2784748e-01   9.6303156e-04
   3.3843734e-01   1.4388796e-02
   3.5998301e-01   2.3903821e-02
   3.3692837e-01   3.8929832e-02
   3.5236492e-01   2.7877638e-02
   3.3158506e-01   3.2298157e-02
   3.3988157e-01   3.1346863e-02
   3.5784592e-01   3.4154177e-02
   3.5346252e-01   4.0558926e-02
   3.4053210e-01   4.6448329e-02
   3.3555977e-01   4.3289593e-02
   3.4678405e-01   4.3325252e-02
   3.4623074e-01   3.9790506e-02
   3.5621104e-01   3.7979985e-02
   3.5802340e-01   3.6759513e-02
   3.5585654e-01   2.7951484e-02
   3.7468875e-01   1.1855813e-02
   3.6881120e-01   1.4807962e-03
   3.6227346e-01   4.9424615e-04
   3.6058098e-01  -5.4330452e-03
   3.6355918e-01  -1.5379050e-02
   3.5522113e-01  -1.4998436e-02
   3.4947960e-01  -2.2590760e-02
   3.3860808e-01  -3.2965171e-02
   3.1850052e-01  -3.4015326e-02
   3.2019297e-01  -4.0087585e-02
   3.1679606e-01  -5.6024804e-02
   2.4976097e-01  -1.5582350e-01
   2.4153488e-01  -1.3699999e-01
   2.4338803e-01  -1.4646920e-01
   2.1139232e-01  -1.2677912e-01
   1.9276983e-01  -1.1556689e-01
   1.6460553e-01  -1.3566840e-01
   2.0382393e-01  -1.1701489e-01
   1.9213130e-01  -1.3484444e-01
   1.8417161e-01  -1.1509800e-01
   1.7187489e-01  -1.2327899e-01
   1.9169186e-01  -1.0218001e-01
   1.9314205e-01  -1.0691015e-01
   1.5527662e-01  -1.0529926e-01
   1.6562003e-01  -1.0446239e-01
   1.2220122e-01  -9.4558762e-02
   1.3574082e-01  -1.0775638e-01
   1.0225914e-01  -1.0115741e-01
   1.2035041e-01  -9.5140039e-02
   1.2297566e-01  -8.4696305e-02
   7.0959572e-02  -8.7690368e-02
   6.2080856e-02  -8.3188962e-02
   5.8487923e-02  -8.3621340e-02
   3.3653706e-02  -8.0688016e-02
  -2.1117698e-02  -8.0184432e-02
  -1.9463889e-02  -9.4740284e-02
  -3.8966717e-02  -7.5692527e-02
  -7.4607074e-02  -7.3548887e-02
  -1.0020624e-01  -6.0767119e-02
  -1.0344542e-01  -7.5580667e-02
  -1.0668671e-01  -6.9119172e-02
  -1.2520018e-01  -7.4371880e-02
  -1.4188559e-01  -7.0866880e-02
  -2.2234848e-01  -8.3581572e-02
  -2.6390267e-01  -6.7900075e-02
  -2.7667936e-01  -8.4778045e-02
  -3.1153431e-01  -5.0685759e-02
  -3.1050389e-01  -5.9643914e-02
  -3.1760317e-01  -6.0691153e-02
  -2.8739655e-01  -5.9958648e-02
  -3.0156605e-01  -5.9025575e-02
  -3.4170973e-01  -4.0966560e-02
  -3.5464898e-01  -3.4521804e-02
  -3.2621007e-01  -4.1341080e-02
  -3.3190993e-01  -2.7735391e-02
  -3.2281408e-01  -3.5787698e-02
  -3.0557210e-01  -3.3706801e-02
  -3.2661187e-01  -2.3672033e-02
  -3.3939049e-01  -5.9692547e-03
  -3.1226131e-01   0.0000000e+00
  -2.8441048e-01   2.9863083e-03
  -2.5997478e-01   6.9665135e-03
  -2.7032203e-01   6.9556622e-03
  -2.7704203e-01   9.4393526e-03
  -2.8004363e-01   2.5769139e-02
  -2.5817211e-01   3.9461293e-02
  -2.2072747e-01   4.8795114e-02
  -1.9007505e-01   4.5239290e-02
  -2.0529071e-01   4.7640842e-02
