   8.0563227e-02  -1.1875978e-01
   5.0395921e-02  -4.5773724e-02
   4.9262993e-02  -4.4382318e-02
   4.7847908e-02  -4.1199466e-02
   4.5282958e-02  -3.0489917e-02
   4.1469411e-02  -2.4418688e-02
   4.7713699e-02  -2.3787325e-02
   3.7378268e-02  -1.7701009e-02
   3.2234387e-02  -1.1127531e-02
   3.7391061e-02  -1.1632092e-02
   2.9686871e-02  -9.6201326e-03
   1.9362578e-02  -7.0895809e-03
   1.5520421e-02  -8.1188243e-03
   1.8090727e-02  -4.5621825e-03
   1.5568482e-02  -3.5626188e-03
   2.1924431e-02   2.0235218e-03
   1.6748434e-02   5.0540899e-03
   1.1594523e-02   7.0760317e-03
   5.1576110e-03   1.0624916e-02
   0.0000000e+00   1.4194831e-02
   1.2993349e-03   1.6319992e-02
   2.5923122e-03   2.2395165e-02
   0.0000000e+00   2.6036036e-02
  -9.1054057e-03   2.7083502e-02
  -1.4317126e-02   3.0690208e-02
  -9.1058843e-03   2.6572493e-02
  -3.9127253e-03   3.0241069e-02
   2.6000806e-03   3.9388085e-02
   7.7763144e-03   4.5945117e-02
   7.7536132e-03   5.0948136e-02
   7.7075400e-03   5.5764416e-02
   5.1238068e-03   5.5093720e-02
   0.0000000e+00   6.3056380e-02
  -2.5528872e-03   6.2047356e-02
  -1.2775365e-03   6.2613831e-02
   2.5522242e-03   6.7158284e-02
   3.8213850e-03   6.6521447e-02
   5.0997796e-03   7.4300705e-02
  -1.2755536e-03   7.9513367e-02
  -1.0199760e-02   8.1030214e-02
  -1.2737724e-02   8.4067354e-02
  -1.5364418e-02   8.6607164e-02
  -1.1538304e-02   8.5676530e-02
  -1.1530116e-02   9.0867183e-02
  -1.4037882e-02   9.0503032e-02
  -1.5280604e-02   9.3967392e-02
  -1.0176062e-02   9.7018832e-02
  -1.0125891e-02   9.9669480e-02
   2.5233016e-03   1.0300970e-01
  -5.0195365e-03   1.1400504e-01
  -1.1337103e-02   1.0704526e-01
  -7.5489307e-03   1.1007727e-01
  -5.0178372e-03   1.1714760e-01
  -6.3027682e-03   1.1507810e-01
  -1.2565954e-02   1.1310337e-01
  -1.4993867e-02   1.1718114e-01
  -1.3770564e-02   1.1265609e-01
  -1.6330362e-02   1.1624407e-01
  -1.6378660e-02   1.1394284e-01
  -1.8882437e-02   1.1118692e-01
  -1.8931075e-02   1.0725003e-01
  -1.3853695e-02   1.0754808e-01
  -2.1394239e-02   1.0692850e-01
  -2.5213859e-02   1.0238353e-01
  -2.6459290e-02   1.0389450e-01
  -2.3930413e-02   1.0228435e-01
  -2.7782118e-02   1.0571887e-01
  -2.3952963e-02   9.9765027e-02
  -2.1403227e-02   1.0329570e-01
  -6.4531365e-03   4.1144908e-02
  -5.1707695e-03   3.7118349e-02
   5.1773597e-03   3.5119481e-02
   1.2915996e-02   2.7909066e-02
   2.9776092e-02   9.1410280e-03
   3.8921671e-02  -2.5437703e-03
   3.1228587e-02  -6.6347223e-03
   3.8867107e-02  -1.4739171e-02
   3.8675558e-02  -1.4160397e-02
   3.8738296e-02  -1.9762586e-02
   4.4043046e-02  -2.8486599e-02
   4.1449953e-02  -2.8997192e-02
   5.1646247e-02  -3.0930735e-02
   5.8018701e-02  -3.4438724e-02
   5.5683893e-02  -3.8685602e-02
   6.2191263e-02  -4.1771906e-02
   5.0664421e-02  -4.3958357e-02
   4.4199448e-02  -5.1226383e-02
   5.4604751e-02  -5.0698572e-02
   5.9280023e-02  -4.9728709e-02
   6.4667110e-02  -5.6595825e-02
   5.1528001e-02  -6.1029235e-02
   5.2777969e-02  -6.4078116e-02
   6.4234863e-02  -6.8051090e-02
   7.4162575e-02  -7.0786358e-02
   6.2671447e-02  -6.9808170e-02
   7.9001310e-02  -7.6179411e-02
   7.1486390e-02  -7.3250142e-02
   6.8946735e-02  -7.9478027e-02
   6.5126193e-02  -7.8984055e-02
   6.6717526e-02  -8.9307711e-02
   6.5441509e-02  -9.1955998e-02
   6.8079481e-02  -9.4689884e-02
   6.9009070e-02  -1.0052430e-01
   7.6481469e-02  -9.6533674e-02
   7.2934131e-02  -9.4291086e-02
   7.0592645e-02  -9.4073545e-02
   7.7935111e-02  -8.9923339e-02
   7.6915297e-02  -9.1818182e-02
   7.2965169e-02  -9.5915831e-02
   6.1459819e-02  -1.0341742e-01
   6.2713226e-02  -1.0710334e-01
   7.0238264e-02  -1.1003303e-01
   6.4996096e-02  -1.0768514e-01
   6.7419412e-02  -1.1226665e-01
   5.9702311e-02  -1.0840205e-01
   6.5937069e-02  -1.1510448e-01
   6.5990802e-02  -1.1788618e-01
   6.2010737e-02  -1.1970638e-01
   6.4682065e-02  -1.2158626e-01
   6.2117259e-02  -1.2262030e-01
   6.6903768e-02  -1.2312424e-01
   6.4032990e-02  -1.2404547e-01
   5.9094944e-02  -1.2748723e-01
   6.5198108e-02  -1.2707687e-01
   6.9104998e-02  -1.2680191e-01
   6.3028423e-02  -1.2403728e-01
   6.4214468e-02  -1.2873412e-01
   5.5582884e-02  -1.3031448e-01
   6.1812332e-02  -1.2900407e-01
   6.2851383e-02  -1.3013748e-01
   6.4381040e-02  -1.2746164e-01
   7.3203012e-02  -6.5422540e-02
   6.0552507e-02  -6.0502341e-02
   5.0444939e-02  -6.4915248e-02
   5.4302236e-02  -5.8146833e-02
   4.6563107e-02  -5.1476654e-02
   4.7742576e-02  -5.3406715e-02
   5.0687836e-02  -4.7072361e-02
   4.1484626e-02  -4.4391646e-02
   4.5209379e-02  -4.2177718e-02
   5.1677888e-02  -3.4006886e-02
   5.0458153e-02  -3.0485438e-02
   5.1510680e-02  -2.7805497e-02
   3.8879408e-02  -2.3911441e-02
   2.5892600e-02  -2.4401929e-02
   1.9535097e-02  -2.5062359e-02
   2.0849001e-02  -1.8412875e-02
   3.0094162e-02  -1.6944096e-02
   1.4352909e-02  -1.2800424e-02
   7.7836714e-03  -7.1256208e-03
   7.8074167e-03  -5.1050130e-03
   7.7999961e-03  -5.0999082e-04
   5.1894554e-03   4.0718238e-03
   1.0357410e-02   7.6192800e-03
   6.4791384e-03   1.0677833e-02
   3.8836127e-03   1.0667283e-02
   1.1602981e-02   1.3660170e-02
   1.4109880e-02   1.5606188e-02
   8.9832182e-03   2.2677323e-02
   7.6860273e-03   2.0620941e-02
   5.1265177e-03   2.6179460e-02
   1.7977293e-02   2.6733342e-02
   2.0340511e-02   2.8468591e-02
   6.3920269e-03   3.1152331e-02
   6.4011858e-03   2.7159433e-02
   5.1725727e-03   3.4575996e-02
   1.0340026e-02   3.8134380e-02
   2.5831801e-03   4.2711779e-02
   2.5904202e-03   4.9519420e-02
   6.4466554e-03   5.2372231e-02
   1.0287927e-02   5.5311680e-02
   1.0189255e-02   6.2929923e-02
   6.3737131e-03   6.3497249e-02
   7.6613544e-03   6.0533059e-02
   2.1648987e-02   6.7520118e-02
   1.6580832e-02   6.9172488e-02
   1.2774206e-02   7.0829848e-02
   1.1477386e-02   7.6901697e-02
   1.2717235e-02   8.6007672e-02
   1.5282826e-02   8.4571950e-02
   5.1032118e-03   8.8385753e-02
   8.9221689e-03   8.5166924e-02
   1.0172128e-02   8.6515132e-02
   1.5272927e-02   8.3476228e-02
   1.5257660e-02   8.9636138e-02
   1.7745021e-02   9.2994022e-02
   2.2818281e-02   1.0086855e-01
   1.6320696e-02   1.0299648e-01
   1.5119594e-02   1.0390959e-01
   8.8804327e-03   9.8854466e-02
   1.1402144e-02   9.7138985e-02
   1.1426648e-02   1.0209749e-01
   8.8366133e-03   1.0149261e-01
   1.2563900e-02   1.0099017e-01
   1.0079786e-02   1.0129130e-01
   1.0062291e-02   9.7977252e-02
   1.2595894e-02   9.3956031e-02
   7.5610864e-03   9.8172019e-02
   7.5490156e-03   9.4368433e-02
   1.4020787e-02   5.0243355e-02
   1.6672343e-02   4.3422146e-02
   1.5306952e-02   4.0154680e-02
   1.7854725e-02   3.4598492e-02
   2.2936624e-02   3.3560569e-02
   2.5525329e-02   2.8578545e-02
   3.1913428e-02   2.6570144e-02
   2.4345848e-02   2.8188527e-02
   2.1839800e-02   2.1688329e-02
   2.1909848e-02   1.8717576e-02
   3.6508041e-02   4.6019969e-03
   4.5774439e-02  -1.5382821e-03
   3.8961039e-02   0.0000000e+00
   4.2766903e-02  -7.6229938e-03
   4.9053121e-02  -6.0731353e-03
   5.8031602e-02  -6.0653875e-03
   5.6899201e-02  -1.2167449e-02
   5.8067584e-02  -1.5178497e-02
   6.4714046e-02  -1.4712842e-02
   6.3496976e-02  -2.4910352e-02
   6.1017560e-02  -2.6490757e-02
   6.6453686e-02  -2.9659937e-02
   6.1505988e-02  -3.5469718e-02
   6.7698879e-02  -4.2996599e-02
   6.3887176e-02  -4.6167391e-02
   7.5556944e-02  -5.0759410e-02
   7.3066705e-02  -4.7736498e-02
   7.0269038e-02  -5.1232302e-02
   7.4172874e-02  -5.1223696e-02
   7.4431737e-02  -4.8809339e-02
   6.5187193e-02  -5.1859571e-02
   7.5484855e-02  -6.0048660e-02
   7.5577589e-02  -5.9081542e-02
   7.6226390e-02  -7.3094759e-02
   7.7791023e-02  -7.4923563e-02
   8.5397107e-02  -7.8407065e-02
   8.5263757e-02  -8.3531709e-02
   6.9816608e-02  -8.1028314e-02
   7.1061763e-02  -7.9917995e-02
   6.8580304e-02  -8.1627532e-02
   7.7509942e-02  -8.0406968e-02
   8.6147605e-02  -8.5744418e-02
   8.0121799e-02  -9.7338437e-02
   8.0030170e-02  -9.7748430e-02
   7.8476400e-02  -1.0211052e-01
   8.0635413e-02  -1.0633129e-01
   7.9772101e-02  -1.0372325e-01
   7.4793113e-02  -1.0334446e-01
   6.7547819e-02  -1.0501748e-01
   7.4163185e-02  -1.0428117e-01
   8.1502029e-02  -1.0698788e-01
   7.8901087e-02  -1.1118845e-01
   6.7148606e-02  -1.1232800e-01
   6.4716661e-02  -1.1573517e-01
   7.5943175e-02  -1.1697287e-01
   8.2381608e-02  -1.2301867e-01
   7.9526820e-02  -1.3171323e-01
   8.0673954e-02  -1.3259337e-01
   7.9209593e-02  -1.3988149e-01
   8.6711320e-02  -1.3266222e-01
   9.4270200e-02  -1.3426292e-01
   8.4152076e-02  -1.3586539e-01
   9.5140845e-02  -1.4238937e-01
   9.7333660e-02  -1.4079090e-01
   1.0078877e-01  -1.3653795e-01
   7.8460069e-02  -9.3717054e-02
   7.4658808e-02  -8.8523098e-02
   6.8624341e-02  -8.9083500e-02
   6.8568790e-02  -8.8479359e-02
   6.7131943e-02  -8.8819587e-02
   6.1046790e-02  -8.2497800e-02
   5.8637962e-02  -7.8538937e-02
   5.2229267e-02  -7.1320646e-02
   5.7206579e-02  -6.8378649e-02
   4.6929115e-02  -6.5962381e-02
   4.5574758e-02  -6.2231634e-02
   4.2968094e-02  -5.8062640e-02
   4.6847152e-02  -6.0625414e-02
   4.4392728e-02  -5.4573886e-02
   3.7793200e-02  -4.8770747e-02
   3.5193422e-02  -4.7746704e-02
   3.7974870e-02  -3.8104867e-02
   4.1616796e-02  -3.6811535e-02
   2.8558606e-02  -3.5727074e-02
   2.4657122e-02  -3.0084570e-02
   2.4649569e-02  -3.2634110e-02
   3.2269452e-02  -2.4326486e-02
   3.8663013e-02  -1.9217681e-02
   2.9523539e-02  -1.9649076e-02
   2.0607093e-02  -1.3645460e-02
   2.1834864e-02  -8.5659852e-03
   2.4404065e-02  -8.0618204e-03
   2.0694786e-02  -6.5961790e-03
   1.5474477e-02  -7.5887480e-03
   1.5520882e-02  -7.1039712e-03
   1.5537656e-02  -2.5396592e-03
   2.4601289e-02   2.5393860e-03
   1.4226820e-02   8.6263490e-03
   1.1663127e-02   9.1521739e-03
   1.1613854e-02   1.4686603e-02
   2.4464969e-02   1.7687647e-02
   2.6948460e-02   2.3176829e-02
   3.8348231e-02   2.2578742e-02
   2.0580496e-02   2.9312469e-02
   2.3178544e-02   2.8328817e-02
   2.1883248e-02   3.1364587e-02
   1.5529924e-02   3.6135133e-02
   1.2914116e-02   3.7079834e-02
   1.5519477e-02   4.0715643e-02
   1.9357855e-02   4.1648738e-02
   2.3141790e-02   5.1701466e-02
   1.9334005e-02   5.3892279e-02
   2.6844021e-02   6.0076125e-02
   2.8009080e-02   6.8521360e-02
   3.1855245e-02   6.9088673e-02
   3.0488062e-02   7.6579259e-02
   2.5409776e-02   8.2795650e-02
   2.4165232e-02   7.9263204e-02
   2.0419299e-02   8.1103063e-02
   2.3001923e-02   8.3293388e-02
   1.1493429e-02   8.2205659e-02
   1.0256166e-02   8.2534827e-02
   1.7866396e-02   9.0499659e-02
   2.7958058e-02   9.1140119e-02
   3.0204480e-02   9.9055099e-02
   2.6558971e-02   9.6424704e-02
   1.3867048e-02   9.7161103e-02
   1.8873653e-02   9.6964782e-02
   1.6373440e-02   1.0229393e-01
   1.5085284e-02   1.0209344e-01
   8.8380177e-03   1.0624744e-01
   1.2649793e-02   1.0645597e-01
  -1.6442139e-02   8.1392339e-02
  -8.8763592e-03   6.8768053e-02
  -1.3957498e-02   6.6255959e-02
  -1.0158401e-02   6.3246071e-02
  -1.7807426e-02   5.5713215e-02
  -1.2731974e-02   5.5770692e-02
  -1.2759516e-02   5.4873930e-02
  -1.1493983e-02   5.0343522e-02
  -7.6498755e-03   4.8738065e-02
  -2.5559606e-03   4.0739566e-02
  -1.0260133e-02   3.6823773e-02
  -7.6992373e-03   3.2788740e-02
  -6.4127610e-03   2.8724946e-02
  -2.5767986e-03   2.2767812e-02
   2.5825531e-03   1.9771333e-02
   9.0385836e-03   2.0277839e-02
   1.5497582e-02   1.7742277e-02
   1.1625716e-02   1.4194263e-02
   1.9459905e-02   5.5981751e-03
   1.8125971e-02   6.6029437e-03
   2.4650588e-02   1.5266717e-03
   3.1075682e-02  -5.0782306e-04
   2.8514102e-02  -2.5417615e-03
   3.1195493e-02  -8.6675041e-03
   2.8537230e-02  -1.0177188e-02
   3.2556486e-02  -1.1749821e-02
   3.8909059e-02  -1.3227606e-02
   3.7643108e-02  -1.6296859e-02
   4.7955655e-02  -2.2888592e-02
   3.6402730e-02  -2.1943335e-02
   4.4118852e-02  -2.0877072e-02
   4.9330764e-02  -2.7010505e-02
   5.2068437e-02  -2.9645158e-02
   5.2101384e-02  -3.2744688e-02
   4.9370683e-02  -3.6766945e-02
   4.9484542e-02  -4.1487343e-02
   4.9495718e-02  -4.6143356e-02
   6.2536070e-02  -5.0273626e-02
   6.0146084e-02  -5.2541782e-02
   5.8606026e-02  -5.7007907e-02
   5.5858345e-02  -5.9461491e-02
   5.3182596e-02  -6.5618248e-02
   5.3074356e-02  -6.9649438e-02
   5.7967692e-02  -7.2929052e-02
   5.8245095e-02  -7.3807703e-02
   5.3052688e-02  -8.1674223e-02
   5.4276124e-02  -8.2614957e-02
   5.8182031e-02  -8.4227899e-02
   5.6644215e-02  -9.1238623e-02
   5.2483718e-02  -9.5991174e-02
   5.6186084e-02  -9.9963149e-02
   6.7108971e-02  -9.8524618e-02
   6.5743173e-02  -9.9946646e-02
   6.4837859e-02  -1.0105589e-01
   6.2390442e-02  -9.9641408e-02
   6.1352098e-02  -1.0535965e-01
   6.1388873e-02  -1.0116667e-01
   6.0074016e-02  -1.1286458e-01
   5.4713307e-02  -1.1880368e-01
   5.0756086e-02  -1.2279258e-01
   6.2100254e-02  -1.3402007e-01
   5.3523856e-02  -1.2661338e-01
   5.7369596e-02  -1.3434292e-01
   5.9682285e-02  -1.2992482e-01
   1.0522911e-01  -1.7546278e-01
   8.3839212e-02  -2.6017518e-01
   5.7615981e-02  -1.1361653e-01
   7.3474680e-02  -1.3093450e-01
   6.4238794e-02  -1.4710525e-01
   6.4638584e-02  -1.2645485e-01
   6.8546026e-02  -1.1254603e-01
   6.3627592e-02  -1.2965293e-01
   4.2813200e-02  -1.3701163e-01
   5.1635628e-02  -1.2828405e-01
   4.2062179e-02  -9.4016924e-02
   6.3577474e-02  -1.2030047e-01
   4.9724406e-02  -1.2778744e-01
   4.4927563e-02  -1.1234625e-01
   4.9955176e-02  -9.1311826e-02
   6.3962469e-02  -1.1079619e-01
   4.9165718e-02  -1.0783401e-01
   3.3830715e-02  -8.9633350e-02
   5.4231181e-02  -8.8348270e-02
   5.0198586e-02  -9.1770437e-02
   4.5162875e-02  -9.8947159e-02
   4.3069836e-02  -7.6586473e-02
   4.5777474e-02  -6.8819512e-02
   3.4991467e-02  -7.2903569e-02
   3.3586531e-02  -7.3709830e-02
   2.9987376e-02  -5.6594245e-02
   3.7926874e-02  -6.5144243e-02
   2.6163086e-02  -6.4124741e-02
   1.5674284e-02  -6.1938751e-02
   1.9515462e-02  -4.0959211e-02
   2.6014247e-02  -4.2491434e-02
   1.7039329e-02  -4.4905020e-02
   1.5716985e-02  -4.9034845e-02
   1.6911563e-02  -3.4781396e-02
   1.0389486e-02  -2.2949266e-02
   9.1474612e-03  -4.4771840e-02
  -1.3125041e-03  -2.7846295e-02
   1.8296494e-02  -1.9495048e-02
   1.5533411e-02  -1.2190364e-02
   5.1994541e-03  -2.3993802e-02
  -5.2219127e-03  -2.0502347e-02
  -7.8443994e-03  -1.3339797e-02
  -1.3076082e-02  -9.7479977e-03
   0.0000000e+00  -1.6287425e-02
  -3.8995613e-03  -7.6499656e-03
  -1.2999974e-02   1.0199490e-03
  -2.4822604e-02  -5.6371633e-03
  -2.0820810e-02   5.1044505e-04
  -5.1689222e-03   2.5347712e-03
  -3.8564803e-03   1.2106772e-02
   2.5733381e-03   1.3633637e-02
  -5.1508633e-03   1.6679750e-02
  -8.9857623e-03   1.9149740e-02
  -8.9802476e-03   2.6204907e-02
  -5.1267743e-03   2.5676009e-02
  -3.8546998e-03   1.9673504e-02
  -1.5503971e-02   2.4863899e-02
  -6.4448584e-03   2.8361120e-02
  -1.1578456e-02   3.5921187e-02
  -1.0304922e-02   3.3931402e-02
  -1.0292803e-02   4.2034423e-02
  -2.5663924e-03   4.5995945e-02
  -6.4165469e-03   4.5490026e-02
  -1.2855387e-03   4.0982123e-02
  -2.5684566e-03   4.7053479e-02
   0.0000000e+00   5.0188867e-02
   1.2787140e-02   5.3973621e-02
   1.0192880e-02   6.1419605e-02
  -3.8242279e-03   6.3497745e-02
   6.3126524e-03   9.0028491e-02
   2.5210836e-03   8.8848253e-02
   1.1295220e-02   9.3087635e-02
   7.5216972e-03   9.3498382e-02
   1.2605418e-03   8.8848382e-02
   3.7809944e-03   8.9350004e-02
   7.5255927e-03   9.1998408e-02
   6.2653782e-03   9.1908790e-02
   2.5180940e-03   9.2362026e-02
   2.5198152e-03   9.0354156e-02
   0.0000000e+00   8.9262537e-02
  -1.2611663e-03   8.7342477e-02
  -2.5063015e-03   8.8825662e-02
  -5.0230832e-03   8.5415603e-02
  -1.5100181e-02   8.1994326e-02
  -8.8346475e-03   7.8652365e-02
  -1.2697777e-02   7.8108835e-02
  -1.4000754e-02   7.6747924e-02
  -1.9105632e-02   7.4219538e-02
  -2.6814844e-02   7.2335494e-02
  -2.3006892e-02   6.4687428e-02
  -1.9148916e-02   6.1536254e-02
  -2.2924822e-02   5.8836884e-02
  -2.5616311e-02   5.5588684e-02
  -2.5733230e-02   5.2765672e-02
  -2.4492196e-02   4.8248333e-02
  -2.5672605e-02   4.9573576e-02
  -1.8024176e-02   4.4101097e-02
  -1.5518240e-02   4.1224589e-02
  -1.9390386e-02   3.7114494e-02
  -1.2881798e-02   4.0554656e-02
  -1.2875845e-02   3.6969379e-02
  -1.6776807e-02   2.6359628e-02
  -1.1665405e-02   2.2394306e-02
  -1.4274884e-02   1.9868930e-02
  -1.0365138e-02   1.3728377e-02
  -6.4788551e-03   1.1694770e-02
  -1.0346410e-02   9.6414856e-03
  -3.8765480e-03   5.0695600e-03
  -1.2947892e-03   3.5557751e-03
  -6.4803522e-03   4.0677461e-03
   1.2973819e-03  -3.0538907e-03
   0.0000000e+00  -4.0637450e-03
   3.8790918e-03  -1.4208892e-02
   1.2921795e-03  -2.3343272e-02
   7.7596884e-03  -2.4889994e-02
   1.2941674e-02  -2.7964712e-02
   1.1672247e-02  -3.5188575e-02
   1.6875540e-02  -3.5732710e-02
   1.8151699e-02  -3.7226352e-02
   2.3213772e-02  -3.9575742e-02
   3.4720666e-02  -4.5058285e-02
   3.0907136e-02  -5.3321421e-02
   3.4824496e-02  -5.5458911e-02
   3.7415968e-02  -5.3929514e-02
   3.5073845e-02  -5.9495158e-02
   4.4223268e-02  -6.2684966e-02
   4.8994027e-02  -6.5742551e-02
   5.5228823e-02  -7.2717503e-02
   5.2733288e-02  -7.4907067e-02
   4.4996604e-02  -7.6453187e-02
   5.1361212e-02  -7.3743659e-02
   5.1454339e-02  -7.0762706e-02
   5.7741129e-02  -7.2638794e-02
   6.4354417e-02  -7.2329644e-02
   5.9067267e-02  -8.0494881e-02
   4.2947166e-02  -1.3472539e-01
   4.2990882e-02  -1.3049628e-01
   4.5444069e-02  -1.2321704e-01
   5.6420888e-02  -1.2496962e-01
   5.1406200e-02  -1.2714097e-01
   5.8748669e-02  -1.3153506e-01
   5.8829765e-02  -1.3281007e-01
   5.4074845e-02  -1.3349664e-01
   4.9112323e-02  -1.3480693e-01
   4.5296045e-02  -1.2818077e-01
   5.4256376e-02  -1.2852964e-01
   5.3080278e-02  -1.2280174e-01
   5.9482590e-02  -1.2187720e-01
   6.2201426e-02  -1.1955479e-01
   6.7309007e-02  -1.1850870e-01
   7.2292683e-02  -1.1456404e-01
   7.3646826e-02  -1.1416211e-01
   6.7419412e-02  -1.1226665e-01
   6.1097449e-02  -1.1076375e-01
   6.2315047e-02  -1.0799044e-01
   6.0063450e-02  -1.0321537e-01
   5.0020339e-02  -9.6191346e-02
   5.7732356e-02  -9.2493597e-02
   5.5350496e-02  -8.8590678e-02
   4.8788464e-02  -8.4173361e-02
   4.6414846e-02  -8.0339105e-02
   4.9223897e-02  -7.8087890e-02
   5.0655620e-02  -6.8324234e-02
   4.1781517e-02  -6.7654421e-02
   4.0405962e-02  -6.6489085e-02
   4.3038895e-02  -5.9724405e-02
   3.7810169e-02  -5.6585262e-02
   2.2227901e-02  -5.2590816e-02
   3.1249021e-02  -5.3398303e-02
   3.6513496e-02  -4.5178418e-02
   4.0253936e-02  -4.6527163e-02
   2.8608412e-02  -4.4025406e-02
   1.5655377e-02  -4.2625286e-02
   0.0000000e+00  -3.7492447e-02
   9.1036741e-03  -3.6829584e-02
   2.5977098e-03  -2.1419957e-02
   9.0529698e-03  -2.4889833e-02
   3.8656934e-03  -2.1249906e-02
   6.4231977e-03  -2.2195574e-02
   2.5653541e-03  -1.6110531e-02
  -3.8482635e-03  -1.5103586e-02
  -7.6899708e-03  -1.2573744e-02
   0.0000000e+00  -1.0562130e-02
  -3.8571423e-03  -7.5667323e-03
  -6.4290232e-03  -4.5400038e-03
  -1.1572610e-02  -2.0177242e-03
  -7.7072051e-03   4.5354934e-03
  -3.8419450e-03   7.5369129e-03
  -1.4114003e-02   9.5650827e-03
  -2.5810663e-02   1.3165229e-02
  -1.2891117e-02   1.5177825e-02
  -6.4532669e-03   2.5347599e-02
  -1.0278908e-02   3.0296079e-02
  -1.5370107e-02   3.1715445e-02
  -2.1841389e-02   3.0797618e-02
  -1.5379314e-02   3.4770283e-02
  -2.8356889e-02   3.6492269e-02
  -2.9843693e-02   3.8788520e-02
  -2.2049762e-02   4.1345365e-02
  -2.5755833e-02   4.8199412e-02
  -1.6779552e-02   5.1911799e-02
  -1.5452105e-02   5.8470392e-02
  -4.1920685e-02   1.0581089e-01
  -4.3010560e-02   1.0376411e-01
  -4.2968368e-02   1.0629494e-01
  -4.8015507e-02   1.0415221e-01
  -5.2908865e-02   1.0171086e-01
  -5.1999134e-02   9.4029393e-02
  -4.3110053e-02   9.1939889e-02
  -4.4338113e-02   8.8730228e-02
  -4.1832163e-02   8.6719394e-02
  -4.0331745e-02   8.3122008e-02
  -4.1645461e-02   8.5289668e-02
  -4.3979749e-02   8.6449121e-02
  -4.1367354e-02   8.1637306e-02
  -4.2794253e-02   7.7880434e-02
  -4.1605391e-02   7.5460518e-02
  -3.5374668e-02   7.1543163e-02
  -3.5297759e-02   6.4785122e-02
  -2.8987461e-02   6.1742240e-02
  -3.0356213e-02   5.8925936e-02
  -2.5242754e-02   5.5272662e-02
  -1.5201978e-02   5.1446006e-02
  -1.0151217e-02   4.7998524e-02
  -6.3732321e-03   4.4674656e-02
  -5.1063110e-03   4.7277739e-02
  -5.1378934e-03   3.9930311e-02
  -1.2862212e-03   3.7440458e-02
  -6.4708017e-03   3.6137275e-02
  -5.1700590e-03   3.0477846e-02
   0.0000000e+00   3.0538922e-02
   0.0000000e+00   3.1525424e-02
   3.8827119e-03   2.7457504e-02
   1.8067331e-02   2.6359277e-02
   1.9406915e-02   2.0316458e-02
   2.1891169e-02   1.6677514e-02
   2.3196930e-02   1.9728998e-02
   1.2859638e-02   2.1711807e-02
   2.0611190e-02   9.0969733e-03
   2.4450161e-02   1.0602085e-02
   1.9286239e-02   6.5571418e-03
   2.3145389e-02   5.0437111e-04
   2.7189886e-02  -5.0785705e-03
   1.5505855e-02  -6.0830662e-03
   2.5989074e-02  -1.4787043e-02
   2.3348166e-02  -1.0686899e-02
   2.2044649e-02  -1.6285082e-02
   1.6854780e-02  -1.8830751e-02
   1.2939424e-02  -1.8793889e-02
   1.4214613e-02  -2.2834453e-02
   2.3303340e-02  -2.4402850e-02
   2.5975996e-02  -2.1925615e-02
   2.3433475e-02  -2.8641270e-02
   2.0811241e-02  -2.7591645e-02
   2.2043454e-02  -2.8527355e-02
   2.1907393e-02  -3.8016441e-02
   2.0651675e-02  -4.0632291e-02
   1.8100181e-02  -4.2750318e-02
   1.8077417e-02  -4.9875371e-02
   1.4267095e-02  -5.2684858e-02
   2.0805889e-02  -4.9712166e-02
   2.4626183e-02  -5.1092946e-02
   2.4572505e-02  -5.2010613e-02
   2.8282625e-02  -5.6822208e-02
   2.1760571e-02  -6.2729175e-02
   2.3035022e-02  -6.3739838e-02
   3.1944091e-02  -6.9799964e-02
   3.0831831e-02  -7.9027243e-02
   2.9476116e-02  -8.0397984e-02
