  -1.0881952e-01  -5.8109065e-02
   8.6719271e-02   1.4191543e-02
   1.0670478e-01  -3.0527963e-03
   1.4068108e-01   1.0161117e-03
   1.7107645e-01   5.5454035e-03
   2.1944547e-01  -6.4920520e-03
   2.2910172e-01  -3.9782941e-03
   2.0526154e-01   2.0010292e-03
   2.2435854e-01   9.9126301e-04
   2.5757197e-01  -1.5294134e-02
   3.0046769e-01  -1.9073217e-02
   3.3082490e-01  -2.0003086e-02
   3.5662171e-01  -1.9009269e-02
   3.7711688e-01  -3.8796506e-03
   3.7177524e-01   5.3562512e-03
   3.9192788e-01   3.8868885e-03
   3.9636923e-01   4.8929446e-03
   4.0913412e-01   5.8144231e-03
   4.2081600e-01   1.2893976e-02
   4.3160783e-01   2.8782162e-03
   4.4401233e-01   9.1059806e-03
   4.3200402e-01   7.1593414e-03
   4.2482233e-01   9.4311932e-03
   4.2485323e-01   0.0000000e+00
   4.0961446e-01   1.3938540e-02
   4.0881853e-01   1.3433750e-02
   3.7349271e-01   2.0341734e-02
   3.5253290e-01   2.2835884e-02
   3.3379253e-01   1.7083538e-02
   3.1188163e-01   1.8694967e-02
   2.9532582e-01   2.6561675e-02
   2.4658334e-01   2.1914679e-02
   2.0469721e-01   2.9986385e-02
   1.9509164e-01   2.4589669e-02
   1.7148891e-01   1.8202108e-02
   1.6448817e-01   1.9168980e-02
   1.1963781e-01   2.9514139e-02
   1.0131068e-01   2.1355136e-02
   7.2814528e-02   2.0388412e-02
   3.9106947e-02   1.1759973e-02
   2.8698143e-02   1.7405393e-02
  -7.7999025e-03   2.5499541e-03
  -5.6969286e-02   5.0748103e-03
  -8.6666667e-02   0.0000000e+00
  -1.1523899e-01   5.0598400e-04
  -1.4039972e-01   1.0141029e-03
  -1.6217173e-01  -2.0365286e-03
  -1.8170800e-01  -1.5244028e-02
  -2.0862252e-01  -2.2750489e-02
  -2.3379285e-01  -3.4370512e-02
  -2.6337388e-01  -2.3084246e-02
  -2.7029573e-01  -2.8128922e-02
  -2.8329304e-01  -3.3250595e-02
  -2.9373141e-01  -4.3619885e-02
  -3.1581984e-01  -3.9420266e-02
  -3.0344053e-01  -5.6826248e-02
  -3.0978437e-01  -5.7991417e-02
  -3.0119516e-01  -6.4516342e-02
  -3.0529162e-01  -7.0320407e-02
  -3.1661638e-01  -7.3457050e-02
  -3.1154776e-01  -6.5864769e-02
  -3.0236418e-01  -7.0783571e-02
  -2.9236525e-01  -7.5926441e-02
  -2.9116157e-01  -7.1347988e-02
   8.4272728e-02  -6.3422603e-02
   1.0497190e-01  -6.9036755e-02
   1.2136450e-01  -7.3123729e-02
   1.3564060e-01  -8.5130170e-02
   1.3827364e-01  -9.3647665e-02
   1.3955261e-01  -9.4154736e-02
   1.4020022e-01  -9.5826982e-02
   1.7489185e-01  -1.0943368e-01
   1.8376230e-01  -9.5641385e-02
   1.9872669e-01  -9.3721401e-02
   2.0705374e-01  -9.4938448e-02
   2.0647565e-01  -9.3693167e-02
   2.1415495e-01  -9.5586222e-02
   2.1585060e-01  -9.3050801e-02
   2.3187444e-01  -7.8388074e-02
   2.4951132e-01  -7.8940743e-02
   2.6301523e-01  -7.9554565e-02
   2.9107071e-01  -7.7843115e-02
   2.7731167e-01  -7.8473713e-02
   2.8901173e-01  -8.6823511e-02
   3.3235471e-01  -7.9662983e-02
   3.4072193e-01  -6.4928001e-02
   3.6667601e-01  -5.5806800e-02
   3.7853368e-01  -5.2162163e-02
   3.8028123e-01  -5.5661753e-02
   3.6632902e-01  -3.6390752e-02
   4.0006233e-01  -2.5192832e-02
   4.0746701e-01  -1.9445361e-02
   4.0925519e-01  -1.4149353e-02
   4.1424520e-01  -6.7961115e-03
   3.9547874e-01   1.9595240e-03
   3.9772822e-01   9.2658951e-03
   4.0855621e-01   7.7923174e-03
   4.1209258e-01   2.9169472e-03
   3.9546063e-01   1.9181229e-02
   4.0944002e-01   2.1487590e-02
   4.1413233e-01   1.5487357e-02
   3.8049596e-01   1.5112402e-02
   3.6556236e-01   2.0087873e-02
   3.5718074e-01   2.4685348e-02
   3.6362387e-01   3.4546960e-02
   3.7864908e-01   4.6593690e-02
   3.8012096e-01   5.4911964e-02
   3.5965897e-01   6.5595196e-02
   3.4790247e-01   6.4735049e-02
   3.2148517e-01   6.2410256e-02
   3.0617032e-01   6.4138132e-02
   2.7501369e-01   8.9559123e-02
   2.6948093e-01   9.8887836e-02
   2.3978311e-01   1.1269038e-01
   2.6191357e-01   9.9611524e-02
   2.2726594e-01   1.1709380e-01
   2.0597550e-01   1.1643998e-01
   1.7760314e-01   1.2638205e-01
   1.6375641e-01   1.3383827e-01
   1.5248062e-01   1.4057197e-01
   1.4965683e-01   1.2409156e-01
   1.1530539e-01   1.3159654e-01
  -2.1933042e-01   1.0477122e-01
  -2.2368446e-01   1.0364243e-01
  -2.4033332e-01   9.3751932e-02
  -2.5287277e-01   8.8594966e-02
  -2.6673953e-01   7.5691419e-02
  -2.8271511e-01   6.7951709e-02
  -2.9839916e-01   7.3449108e-02
  -3.0463975e-01   6.1661430e-02
  -3.1011665e-01   4.8982709e-02
  -3.1823100e-01   4.1903867e-02
  -3.2921290e-01   4.5756038e-02
  -3.2995457e-01   4.3299490e-02
  -3.1333682e-01   2.0843500e-02
  -3.1896395e-01   1.6377447e-02
  -3.1776568e-01   7.9744215e-03
  -3.1474490e-01   3.0255047e-03
  -3.1147208e-01   0.0000000e+00
  -3.2134306e-01  -5.5402496e-03
  -3.2904254e-01  -2.0789418e-02
  -3.1512030e-01  -2.9451504e-02
  -3.1210623e-01  -2.9048440e-02
  -2.8882797e-01  -2.9343029e-02
  -2.8436325e-01  -4.9912439e-02
  -2.8892884e-01  -4.9520964e-02
  -2.4873791e-01  -5.7976238e-02
  -2.3351748e-01  -7.3482927e-02
  -2.1095163e-01  -7.6484208e-02
  -2.0849242e-01  -6.6686046e-02
  -1.9881087e-01  -7.1710461e-02
  -1.9482446e-01  -7.6431134e-02
  -1.8719348e-01  -7.6061314e-02
  -1.6859960e-01  -6.7186051e-02
  -1.4778754e-01  -5.5900750e-02
  -1.1297596e-01  -6.0823807e-02
  -7.5990185e-02  -6.9748708e-02
  -5.1556536e-02  -8.7665466e-02
  -4.7757729e-02  -6.5300573e-02
  -2.3224974e-02  -6.2719840e-02
   0.0000000e+00  -6.1771772e-02
   3.4992493e-02  -6.5071524e-02
   3.1439970e-02  -4.7991916e-02
   5.4881024e-02  -5.5642467e-02
   7.9253334e-02  -6.3053347e-02
   1.0234014e-01  -8.1054668e-02
   1.1305518e-01  -8.0730125e-02
   1.2253368e-01  -8.0406267e-02
   1.6835467e-01  -8.1641607e-02
   1.9547735e-01  -9.3016776e-02
   2.0214778e-01  -9.5465009e-02
   2.1370408e-01  -9.8378685e-02
   2.3426954e-01  -1.0233385e-01
   2.3960626e-01  -9.8211721e-02
   2.6516063e-01  -9.0842702e-02
   2.9238819e-01  -8.0936411e-02
   3.1227834e-01  -8.3847184e-02
   3.1467927e-01  -7.9615722e-02
   3.0692189e-01  -7.5617366e-02
   3.1553220e-01  -7.4345231e-02
   3.2591433e-01  -7.4705067e-02
   3.3796212e-01  -5.8393344e-02
   3.5253893e-01  -5.0986137e-02
   3.7246115e-01  -5.0340351e-02
   3.7363946e-01  -4.1079943e-02
   3.8892167e-01   5.5504674e-02
   3.9211326e-01   6.6221655e-02
   3.9882912e-01   7.0633884e-02
   3.8300084e-01   7.4291463e-02
   3.6778636e-01   8.5143628e-02
   3.4040919e-01   8.9427652e-02
   3.3111846e-01   8.9001046e-02
   3.1714316e-01   9.0318746e-02
   3.1375275e-01   9.4880340e-02
   3.1392891e-01   1.0094511e-01
   3.0720469e-01   1.0105820e-01
   2.9334132e-01   1.0566997e-01
   2.7153079e-01   1.0127089e-01
   2.3960521e-01   1.1237647e-01
   2.2380545e-01   1.0828297e-01
   2.0935863e-01   1.2118397e-01
   1.9247875e-01   1.1999713e-01
   1.6949537e-01   1.1669232e-01
   1.5704884e-01   1.1667847e-01
   1.1845155e-01   1.3031426e-01
   9.8183332e-02   1.2763616e-01
   7.8834360e-02   1.1300012e-01
   6.4499713e-02   1.1502932e-01
   3.6336014e-02   1.2025811e-01
   6.4858374e-03   1.2357127e-01
  -1.1595776e-02   1.2268597e-01
  -3.5994362e-02   1.1852065e-01
  -6.1390536e-02   1.1617057e-01
  -8.9738790e-02   1.2446782e-01
  -1.0478765e-01   1.1311950e-01
  -1.1179590e-01   1.3231819e-01
  -1.4580726e-01   1.0637269e-01
  -1.5812908e-01   1.1269321e-01
  -1.5657751e-01   8.9789441e-02
  -1.9072895e-01   1.1218681e-01
  -1.7520312e-01   8.8451587e-02
  -2.1807217e-01   9.7594480e-02
  -2.2821396e-01   8.5367394e-02
  -2.6209604e-01   1.1076552e-01
  -2.4936357e-01   8.0368561e-02
  -2.8243219e-01   9.8063486e-02
  -2.8721737e-01   7.3776129e-02
  -2.9131489e-01   8.0348608e-02
  -3.0461074e-01   7.0680495e-02
  -3.0280795e-01   7.6992066e-02
  -2.8414583e-01   5.8597670e-02
  -2.8093193e-01   5.2644612e-02
  -2.7561729e-01   4.0229077e-02
  -2.7954228e-01   3.5826681e-02
  -2.5752447e-01   2.6835345e-02
  -2.5778547e-01   2.6488907e-02
  -2.6153986e-01   2.4413041e-02
  -2.5813326e-01   5.0940206e-03
  -2.5681629e-01   3.5665065e-03
  -2.3995635e-01   2.5432439e-03
  -2.1595923e-01  -1.0704301e-02
  -2.0029353e-01  -1.6869690e-02
  -2.0445824e-01  -2.1351603e-02
  -1.9158303e-01  -3.7277372e-02
  -1.6109846e-01  -5.3914600e-02
  -1.3949098e-01  -5.6794027e-02
  -1.5437655e-01  -4.1256069e-02
  -1.4078672e-01  -4.4721099e-02
  -1.2311571e-01  -5.1446057e-02
   1.4655019e-01  -1.0809116e-01
   1.4379624e-01  -1.1603345e-01
   1.6391344e-01  -1.0747933e-01
   1.7880707e-01  -1.0090929e-01
   1.8846948e-01  -9.9576543e-02
   1.8316259e-01  -9.9024950e-02
   1.8830542e-01  -9.3681018e-02
   2.2516036e-01  -9.9837733e-02
   2.3785728e-01  -8.6523265e-02
   2.6486410e-01  -8.7249762e-02
   2.9782860e-01  -7.8312909e-02
   2.9935812e-01  -7.2242396e-02
   2.9109691e-01  -7.8323849e-02
   3.1414442e-01  -7.9676175e-02
   3.4440701e-01  -7.7596720e-02
   3.7092901e-01  -8.1897184e-02
   4.0156227e-01  -8.0793907e-02
   4.2513690e-01  -7.9009870e-02
   4.4356571e-01  -7.7776580e-02
   4.4983320e-01  -7.3167900e-02
   4.4535111e-01  -6.3002388e-02
   4.6310699e-01  -6.1036288e-02
   4.6138230e-01  -5.9043633e-02
   4.6556216e-01  -4.8084641e-02
   4.6423424e-01  -3.8331082e-02
   4.7873955e-01  -4.8415581e-02
   4.8506091e-01  -4.7948496e-02
   4.8866906e-01  -4.7163700e-02
   4.7250050e-01  -5.0575679e-02
   4.8344380e-01  -4.7675454e-02
   4.7387121e-01  -5.4497044e-02
   4.8826870e-01  -3.5855706e-02
   5.1306693e-01  -3.4427168e-02
   5.1106869e-01  -2.3898638e-02
   5.1015260e-01  -2.2281051e-02
   4.7268807e-01  -2.2540818e-02
   4.5483010e-01  -1.0283706e-02
   4.2715092e-01  -3.4502530e-03
   4.2795507e-01  -1.1743332e-02
   4.3202329e-01   9.7477240e-04
   4.1827458e-01   1.4696315e-02
   4.2746585e-01   1.4176940e-02
   4.1775119e-01   1.6691258e-02
   4.0206052e-01   2.9895501e-02
   3.8689717e-01   2.4926741e-02
   3.6359811e-01   3.5040488e-02
   3.6760603e-01   1.9629100e-02
   3.7112775e-01   3.6809539e-02
   3.4733078e-01   5.7621629e-02
   3.3090978e-01   5.7365643e-02
   2.8677329e-01   8.0294472e-02
   2.7371711e-01   6.1616680e-02
   2.2403640e-01   9.5199847e-02
   1.9618279e-01   1.0757449e-01
   1.8973612e-01   8.7869785e-02
   2.0699154e-01   8.3249564e-02
   1.5700886e-01   1.2012080e-01
   1.5454685e-01   8.1115694e-02
   1.2065836e-01   1.1209873e-01
   1.0428552e-01   9.7206211e-02
   7.9653097e-02   1.1013769e-01
   7.2273170e-02   1.0638029e-01
   5.0699975e-02   1.0347932e-01
   2.9878674e-02   1.1052159e-01
  -2.4674690e-01   3.8972492e-02
  -2.5067352e-01   3.1907294e-02
  -2.5214035e-01   3.0048412e-02
  -2.6821423e-01   2.9855290e-02
  -2.8581326e-01   2.0186565e-03
  -2.9615431e-01   5.0126875e-03
  -3.0100128e-01  -4.0190471e-03
  -2.9722602e-01  -7.0735346e-03
  -2.8911083e-01  -1.1175809e-02
  -2.9591968e-01  -5.0536383e-03
  -2.8785711e-01  -4.0278114e-03
  -2.8960973e-01  -3.5126755e-03
  -2.8752824e-01  -9.0538488e-03
  -2.9734999e-01  -5.5351721e-03
  -2.7877917e-01  -2.5132815e-02
  -2.6054760e-01  -3.8190899e-02
  -2.3403511e-01  -5.4525674e-02
  -2.1651798e-01  -5.8229136e-02
  -1.8675847e-01  -7.2751179e-02
  -1.5580871e-01  -7.9859194e-02
  -1.2651107e-01  -7.5154441e-02
  -1.1028625e-01  -9.1728749e-02
  -9.1795184e-02  -1.0431818e-01
  -8.1438090e-02  -1.1383791e-01
  -6.8246587e-02  -1.3140340e-01
  -6.5366309e-02  -1.2732909e-01
  -4.5491949e-02  -1.1657107e-01
  -1.1748664e-02  -1.2551680e-01
   2.2333295e-02  -1.2973978e-01
   2.3695999e-02  -1.1820176e-01
   4.7817256e-02  -1.4200178e-01
   6.6087671e-02  -1.3441228e-01
   7.2996479e-02  -1.2623522e-01
   8.2459113e-02  -1.1449511e-01
   1.0307297e-01  -1.0959902e-01
   1.4153697e-01  -1.1580668e-01
   1.5416871e-01  -1.1438565e-01
   1.5448043e-01  -1.1953608e-01
   1.5823614e-01  -1.0873884e-01
   1.7674411e-01  -9.7111580e-02
   1.8376967e-01  -9.4992745e-02
   1.9682412e-01  -9.6383584e-02
   1.8526181e-01  -9.0618791e-02
   1.8126419e-01  -9.2517698e-02
   1.7029452e-01  -8.4665513e-02
   1.5085006e-01  -7.6848475e-02
   1.5800977e-01  -6.4409932e-02
   1.6427717e-01  -5.5261514e-02
   1.7751114e-01  -4.5071406e-02
   1.6741019e-01  -4.1675998e-02
   1.4452214e-01  -3.4170561e-02
   1.5678376e-01  -4.1796389e-02
   1.2623735e-01  -3.4389031e-02
   1.0799283e-01  -2.5266483e-02
   9.0919196e-02  -2.9783047e-02
   9.1240509e-02  -2.0846195e-02
   1.0008943e-01  -6.4429175e-03
   9.1939623e-02  -5.4970737e-03
   9.4684306e-02   2.0025693e-03
   9.9196282e-02   1.0449064e-02
   8.8343133e-02   1.3535263e-02
   5.1055332e-02   1.6019073e-02
  -3.8803646e-03   5.5820647e-03
  -2.3885193e-01   5.9833668e-02
  -2.7503756e-01   9.2163720e-02
  -2.5253489e-01   9.2766119e-02
  -2.5333946e-01   1.1995299e-01
  -1.9649828e-01   9.2763200e-02
  -2.3595780e-01   1.2775770e-01
  -2.0720828e-01   1.3250366e-01
  -2.2717022e-01   1.4321906e-01
  -2.1089218e-01   1.2297500e-01
  -1.5423747e-01   1.4600646e-01
  -1.6829346e-01   1.2243031e-01
  -1.2281223e-01   1.4552989e-01
  -1.0076472e-01   1.4441828e-01
  -1.2709984e-01   1.6489418e-01
  -4.5732749e-02   1.6604261e-01
  -7.1308438e-02   1.5731924e-01
  -6.9699095e-02   1.7061751e-01
  -8.2840507e-02   1.6926198e-01
  -8.7354082e-02   1.7488822e-01
  -6.4651889e-02   1.8313303e-01
   1.0184641e-02   1.5503063e-01
   4.3363749e-02   1.6272211e-01
   4.2127716e-02   1.7696452e-01
   8.6045142e-02   1.6659229e-01
   1.1539748e-01   1.5865707e-01
   1.3053663e-01   1.5675371e-01
   1.1390536e-01   1.7070084e-01
   1.2441034e-01   1.6312553e-01
   1.1645573e-01   1.6588280e-01
   1.4524407e-01   1.6078709e-01
   1.7607387e-01   1.6039474e-01
   2.1002486e-01   1.5214725e-01
   2.2903870e-01   1.4737839e-01
   2.6500403e-01   1.3851316e-01
   2.9359382e-01   1.2379710e-01
   3.1254216e-01   1.1553141e-01
   3.4979366e-01   1.2082267e-01
   3.4147808e-01   1.1924546e-01
   3.3608116e-01   1.1293745e-01
   3.4221265e-01   1.1151117e-01
   3.6629043e-01   1.0174950e-01
   3.9451879e-01   9.0963898e-02
   4.1563937e-01   7.1784557e-02
   4.2328772e-01   7.2859315e-02
   4.0619137e-01   9.1935967e-02
   4.0408216e-01   8.3251079e-02
   3.7839030e-01   6.7423462e-02
   4.1538908e-01   4.5433932e-02
   3.9927143e-01   4.9169167e-02
   4.3274218e-01   4.4917119e-02
   4.3362936e-01   3.9033754e-02
   4.2828305e-01   2.9495807e-02
   4.3397729e-01   2.5928633e-02
   3.9227603e-01   3.8142790e-02
   4.1654676e-01   2.2183686e-02
   4.0532774e-01   2.0386340e-02
   4.3763182e-01   4.3327731e-03
   3.9374908e-01   2.4668528e-02
   3.7585549e-01   2.6809216e-02
   3.7667773e-01   4.9630130e-03
   3.5101372e-01  -8.4976276e-03
   3.3211763e-01  -1.4031730e-02
   3.3023525e-01  -3.9135160e-02
   2.9824399e-01  -7.0651491e-03
   1.6896545e-02  -4.0919290e-02
   1.2990430e-03  -5.4844193e-02
  -2.0840553e-02  -3.2766857e-02
  -2.0717573e-02  -3.2061781e-02
  -2.8348641e-02  -3.8519617e-02
  -5.5581733e-02  -3.7592588e-02
  -1.0919951e-01   1.5246306e-03
  -1.2645057e-01  -1.6130349e-02
  -1.4212524e-01  -2.0340186e-03
  -1.3757285e-01   1.0225139e-02
  -1.6363440e-01   2.2769964e-02
  -1.8531213e-01   2.4356232e-02
  -1.9891389e-01   1.4215093e-02
  -2.0595264e-01   1.5248774e-03
  -2.3264825e-01   2.8815629e-02
  -2.8000111e-01   3.8424010e-02
  -2.7924564e-01   2.5055197e-02
  -2.6718098e-01   1.5031573e-02
  -2.9155340e-01   2.4830778e-02
  -2.9534198e-01   9.4585889e-03
  -3.4226366e-01   1.2939190e-02
  -3.2303443e-01   5.4335447e-03
  -3.3519790e-01   1.8840724e-02
  -3.2581534e-01   1.6005963e-02
  -3.1326661e-01   2.0011525e-02
  -3.0613259e-01   9.4130921e-03
  -3.2431496e-01   7.4076455e-03
  -3.9593174e-01   2.9718194e-03
  -3.7513147e-01  -4.9098692e-03
  -3.1840105e-01  -1.5233837e-02
  -3.0277740e-01  -2.6349861e-02
  -2.9509056e-01  -3.9787764e-03
  -2.6817518e-01  -1.4939398e-02
  -2.5654820e-01  -2.3825178e-02
  -2.3906892e-01  -2.3716114e-02
  -2.2558172e-01  -3.8921940e-02
  -1.8686274e-01  -4.9615548e-02
  -1.8639275e-01  -4.7952606e-02
  -1.8156651e-01  -5.0711855e-02
  -1.8658827e-01  -6.2572108e-02
  -1.4352580e-01  -7.0092308e-02
  -1.3938371e-01  -5.7845046e-02
  -9.4846312e-02  -7.6084236e-02
  -5.7288464e-02  -9.0702672e-02
  -5.6666964e-02  -1.0274232e-01
  -6.0414366e-02  -1.0619620e-01
  -3.6622016e-02  -1.2348851e-01
  -3.2969329e-02  -1.0894677e-01
   1.3199500e-03  -1.1687494e-01
   9.2478051e-03  -1.2203435e-01
   4.5299091e-02  -1.3489695e-01
   4.6362615e-02  -1.2806462e-01
   5.8200456e-02  -1.3417727e-01
   5.2836309e-02  -1.4550925e-01
   6.9161219e-02  -1.3939995e-01
   9.4781591e-02  -1.4314168e-01
   1.0479601e-01  -1.5115866e-01
   1.2435035e-01  -1.2831837e-01
   1.1021199e-01  -1.4589510e-01
   1.0136263e-01  -1.3552474e-01
   1.4587310e-01  -1.4165569e-01
   1.4987374e-01  -1.3904026e-01
   1.7813498e-01  -1.3506144e-01
   1.8897534e-01  -1.3116975e-01
   3.3685854e-01  -1.9882571e-02
   3.1259190e-01  -5.3318782e-03
   3.3254727e-01  -7.6900653e-03
   3.2909409e-01   2.3976906e-03
   3.0580833e-01   0.0000000e+00
   2.9015374e-01   1.9405554e-03
   2.6618633e-01   1.7060262e-02
   2.6971706e-01   1.7521150e-02
   2.7629987e-01   2.2007477e-02
   2.8842796e-01   3.9044778e-02
   2.8593068e-01   4.1339143e-02
   2.7238197e-01   4.4926600e-02
   2.7139152e-01   4.9913296e-02
   2.6172857e-01   5.0576059e-02
   2.4447606e-01   5.8807146e-02
   2.4406338e-01   6.5725633e-02
   2.4193628e-01   6.2842962e-02
   2.3494305e-01   6.9530147e-02
   2.2129757e-01   9.0416956e-02
   2.1163842e-01   8.3027379e-02
   1.9072038e-01   9.2401321e-02
   1.9815606e-01   7.2584338e-02
   1.6071010e-01   7.9150704e-02
   1.3485371e-01   8.5888673e-02
   1.4254487e-01   6.8959768e-02
   1.2813006e-01   6.6239848e-02
   8.3727979e-02   7.8773817e-02
   4.1818318e-02   8.5734216e-02
  -3.9780306e-03   9.1429610e-02
  -3.5927378e-02   7.7050654e-02
  -3.4975839e-02   6.7584717e-02
  -9.6474853e-02   7.7955783e-02
  -1.3071429e-01   8.6428552e-02
  -1.4836827e-01   7.6553638e-02
  -2.0753470e-01   7.5469563e-02
  -2.3694494e-01   7.1353191e-02
  -2.6519251e-01   6.3132606e-02
  -2.8169253e-01   5.7904317e-02
  -2.9224513e-01   9.2461202e-02
  -3.1993890e-01   9.3945657e-02
  -3.1161256e-01   8.5165488e-02
  -3.0487716e-01   8.2777341e-02
  -3.3882394e-01   9.7987928e-02
  -3.2875133e-01   1.0954703e-01
  -3.9265585e-01   1.1992504e-01
  -3.6455940e-01   8.9000178e-02
  -3.8689267e-01   9.4370039e-02
  -4.2252167e-01   1.0790454e-01
  -4.0938319e-01   8.6984994e-02
  -4.2901040e-01   7.8659349e-02
  -4.2601766e-01   7.5408074e-02
  -4.3879274e-01   7.6842575e-02
  -4.0878269e-01   6.3538147e-02
  -4.0300313e-01   5.2433492e-02
  -3.9160823e-01   4.4195412e-02
  -3.9654925e-01   4.9161205e-02
  -3.9235903e-01   2.9723539e-02
  -3.6594341e-01   1.3622284e-02
  -3.6345047e-01  -5.0118742e-03
  -3.6369194e-01  -1.4046541e-02
  -3.3408471e-01  -1.7136395e-02
  -3.2463963e-01  -2.3319204e-02
  -3.1404490e-01  -3.0119139e-02
   3.6456899e-02  -9.9357413e-02
   6.1561939e-02  -8.1610280e-02
   1.0283775e-01  -7.6647427e-02
   1.1781754e-01  -7.2848917e-02
   1.3391808e-01  -7.5396061e-02
   1.6991701e-01  -7.2885371e-02
   1.7826506e-01  -5.5965341e-02
   1.9589726e-01  -5.5688945e-02
   2.1390286e-01  -4.9615254e-02
   2.2791776e-01  -4.7978008e-02
   2.1963102e-01  -3.3556232e-02
   2.3295922e-01  -2.2885442e-02
   2.5008768e-01  -1.4905033e-02
   2.6612004e-01  -9.8839715e-03
   2.8142874e-01  -1.4849660e-03
   2.9306276e-01   1.1218333e-02
   3.2525554e-01   9.6724186e-03
   3.1408514e-01   2.0535319e-02
   3.1059206e-01   3.4422485e-02
   3.3724724e-01   2.4008862e-02
   3.3534976e-01   6.1280648e-02
   3.2367163e-01   6.2798481e-02
   3.1544702e-01   6.6954492e-02
   3.1985977e-01   5.9151275e-02
   3.1410298e-01   6.7940190e-02
   3.4608643e-01   7.7903470e-02
   3.2050469e-01   1.0886450e-01
   3.2449130e-01   9.7871325e-02
   3.2148241e-01   1.0430246e-01
   3.3140670e-01   1.0557584e-01
   3.1740264e-01   1.1351661e-01
   3.0146301e-01   1.1087652e-01
   2.6130894e-01   1.2709453e-01
   2.5427601e-01   1.2485995e-01
   2.1142117e-01   1.3651118e-01
   2.2641979e-01   1.2956689e-01
   2.1339936e-01   1.4153886e-01
   2.1176266e-01   1.1835427e-01
   1.9171172e-01   1.3702458e-01
   1.9458700e-01   1.3998754e-01
   1.3858418e-01   1.4895871e-01
   1.1368840e-01   1.5382527e-01
   9.2396479e-02   1.5589368e-01
   9.2654806e-02   1.4092760e-01
   7.8205226e-02   1.7435553e-01
   6.7762957e-02   1.4082482e-01
   2.9370509e-02   1.6241827e-01
  -2.5317416e-03   1.5976497e-01
  -6.7502996e-02   1.8082773e-01
  -8.2969528e-02   1.8479054e-01
  -1.1704890e-01   1.9121527e-01
  -1.2013016e-01   1.8318225e-01
  -1.6300856e-01   1.9784900e-01
  -1.4944258e-01   1.6929379e-01
  -1.8419630e-01   2.0208283e-01
  -1.9093298e-01   1.7368824e-01
  -2.2028032e-01   1.7440186e-01
  -2.2428947e-01   1.5442725e-01
  -2.4639638e-01   1.3925716e-01
  -2.6328016e-01   1.3923262e-01
  -2.8817223e-01   1.4885575e-01
  -2.9530560e-01   1.1853873e-01
  -3.0929795e-01   1.1597192e-01
