   9.9999805e-02  -1.0029542e-03
   2.6896225e-02   2.5117777e-03
   2.6949654e-02   0.0000000e+00
   2.9487122e-02   1.0056585e-03
   2.1837678e-02   2.5194074e-03
   2.1837422e-02   3.5271704e-03
   1.7931000e-02   1.0048305e-03
   2.1751958e-02  -5.0189825e-04
   2.8149484e-02  -1.5055526e-03
   3.4649539e-02  -5.0327635e-04
   2.9544935e-02   3.0229348e-03
   2.9516159e-02   1.5099761e-03
   2.3143487e-02   6.5568244e-03
   3.0677932e-02   3.0080121e-03
   3.5897366e-02   1.0055339e-03
   3.7106299e-02   0.0000000e+00
   3.7142695e-02   1.5067743e-03
   3.3299911e-02   3.0137897e-03
   2.8176232e-02   4.5211056e-03
   3.3267700e-02   5.0180422e-04
   3.4615317e-02   1.0055607e-03
   4.1066060e-02  -1.0064082e-03
   4.9852290e-02  -1.5033198e-03
   5.3899204e-02   1.0060458e-03
   4.9895388e-02   8.0255855e-03
   5.1324573e-02   9.0551349e-03
   6.2754235e-02   6.0225428e-03
   6.0077617e-02   3.0056416e-03
   7.0512683e-02  -1.0044407e-03
   7.0373982e-02   5.0123461e-04
   6.9161722e-02   2.5087673e-03
   6.9225922e-02   6.0269627e-03
   7.0507883e-02   6.0266441e-03
   7.1856783e-02   8.0430009e-03
   8.7007832e-02   5.0084798e-04
   8.7265378e-02  -1.0046492e-03
   8.0848963e-02   0.0000000e+00
   7.9484049e-02   4.5181893e-03
   8.8459431e-02   3.5125870e-03
   8.7345638e-02   6.0338248e-03
   9.3488644e-02   7.0163596e-03
   9.3586057e-02   4.5149422e-03
   9.4685039e-02   0.0000000e+00
   8.9743415e-02   1.0035288e-03
   9.0846281e-02   1.0014946e-03
   9.5961592e-02   4.0048512e-03
   9.4868058e-02   4.5146211e-03
   8.8631128e-02   5.5306379e-03
   8.1961494e-02   7.5220075e-03
   8.5808643e-02   5.0137193e-03
   8.0928498e-02   1.5089366e-03
   7.1936443e-02   1.5095483e-03
   6.7948421e-02   1.5068189e-03
   6.4102564e-02   0.0000000e+00
   6.6535304e-02  -1.0026247e-03
   6.9229928e-02   2.5112344e-03
   7.1859828e-02   6.5349382e-03
   7.3075182e-02   3.5151607e-03
   7.4358070e-02   2.5106891e-03
   5.8796300e-02   6.0115529e-03
   6.0256410e-02   0.0000000e+00
   5.9032577e-02   0.0000000e+00
   6.3976378e-02   0.0000000e+00
   7.1794837e-02  -5.0219332e-04
   6.2937751e-02   7.5504431e-03
   6.0249818e-02   7.5362875e-03
   6.0310927e-02   6.5378829e-03
   6.1598940e-02   1.5086725e-03
   6.0256381e-02   5.0241916e-04
   2.0491974e-02  -4.0192051e-03
   1.6682989e-02   2.0136545e-03
   1.5398895e-02   5.5376174e-03
   2.0471449e-02   5.0190627e-03
   3.0738857e-02   1.0046453e-03
   3.9665354e-02   0.0000000e+00
   3.9743570e-02  -5.0272370e-04
   2.8232751e-02   2.0133456e-03
   3.8537474e-02   1.0074626e-03
   3.3364922e-02   4.5296040e-03
   3.8458845e-02   6.0328632e-03
   4.0983949e-02   4.0177082e-03
   4.8669927e-02  -5.0211129e-04
   4.8717736e-02  -1.5078173e-03
   4.7623552e-02   1.5138360e-03
   4.7575167e-02   4.0329084e-03
   5.1278461e-02   6.0308124e-03
   5.6297876e-02   3.5104891e-03
   6.0136747e-02   3.0085936e-03
   6.0137766e-02   5.0143226e-04
   5.7692280e-02   5.0246403e-04
   5.8974244e-02   1.0048837e-03
   5.9031857e-02   2.5146841e-03
   6.1473536e-02   6.0228257e-03
   6.3972629e-02   5.5149793e-03
   6.4036892e-02   4.5166906e-03
   6.1599210e-02   0.0000000e+00
   5.6465695e-02   1.5089425e-03
   5.7635468e-02   0.0000000e+00
   6.2882251e-02   1.5086014e-03
   6.1596779e-02   4.5260176e-03
   7.4285137e-02   2.0065788e-03
   6.8015496e-02   1.5083023e-03
   6.0494308e-02   2.5220233e-03
   5.3898022e-02   3.5211604e-03
   5.3899073e-02   1.5090688e-03
   5.3793103e-02   0.0000000e+00
   5.2459715e-02   3.0093617e-03
   5.3951621e-02   3.0211147e-03
   5.3739741e-02   2.0061606e-03
   6.0256410e-02   0.0000000e+00
   5.8915799e-02   2.0077914e-03
   6.0312338e-02   5.5320548e-03
   6.7814665e-02   1.5038607e-03
   6.9229928e-02   2.5112344e-03
   7.3219592e-02   3.5220857e-03
   7.1864485e-02   3.0161253e-03
   6.8149146e-02   3.0225558e-03
   6.8013674e-02   4.0221394e-03
   6.9161353e-02   3.0105208e-03
   7.3221022e-02   1.5094653e-03
   7.8127131e-02   2.5077905e-03
   8.5981184e-02   2.5117875e-03
   7.8278516e-02   5.0254477e-03
   6.9089669e-02   6.0151320e-03
   7.4579296e-02   1.5108689e-03
   7.8126221e-02   3.5109067e-03
   8.0769231e-02   0.0000000e+00
   8.3332320e-02   2.5096420e-03
   8.3251070e-02  -1.0028718e-03
   7.9721136e-02   3.5245359e-03
   6.8284895e-02  -2.0190203e-03
   6.5319912e-02   1.5054899e-03
   6.2758133e-02   2.0075143e-03
   6.9367453e-02   1.0064733e-03
   6.4420218e-02   0.0000000e+00
   7.0298158e-02   7.0104047e-03
   7.8125008e-02   4.5140229e-03
   7.6991660e-02   7.0360401e-03
   6.8150213e-02   1.0075186e-03
   6.5384615e-02   0.0000000e+00
   6.6666148e-02  -2.0091941e-03
   8.0689616e-02  -5.0149796e-04
   9.9999222e-02   2.0059084e-03
   1.0629531e-01   7.0110807e-03
   1.0917246e-01   9.0393176e-03
   1.0778680e-01   7.5259960e-03
   1.0779106e-01   6.0207968e-03
   1.1003404e-01   5.0017984e-03
   1.0897245e-01   3.0072044e-03
   1.0266535e-01   0.0000000e+00
   9.7532083e-02   0.0000000e+00
   8.7523208e-02   3.0228596e-03
   8.6146256e-02   6.0401633e-03
   8.8458054e-02   4.5161833e-03
   8.3325392e-02   7.0269975e-03
   8.0765303e-02   5.0199063e-03
   8.0769231e-02   0.0000000e+00
   7.8514505e-02  -1.5120962e-03
   6.8081807e-02   3.0195772e-03
   6.4165344e-02   2.0113717e-03
   5.7746981e-02   4.5266316e-03
   6.0196314e-02   2.5096262e-03
   5.0147485e-02   3.0244567e-03
   3.9821182e-02   3.5260141e-03
   3.4683794e-02   0.0000000e+00
   3.7289794e-02  -5.0424364e-04
   4.3675804e-02   1.0073368e-03
   5.5019445e-02   1.5045586e-03
   5.5233891e-02   5.5384809e-03
   5.5236183e-02   3.0209896e-03
   6.4102439e-02   1.0046965e-03
   6.6930168e-02   2.0171303e-03
   7.1862244e-02   5.0268756e-03
   7.9565026e-02   2.0100590e-03
   8.8547786e-02   2.5114561e-03
   9.2304820e-02   4.0135635e-03
   9.3488644e-02   7.0163596e-03
   9.5152569e-02   2.0124206e-03
   9.8812318e-02   4.0160554e-03
   1.0533515e-01   2.0092253e-03
   9.8518850e-02   5.0053310e-03
   9.9897551e-02   4.5088735e-03
   9.3861902e-02   5.5345525e-03
   8.7092074e-02   3.0080353e-03
   8.9742019e-02   3.0105863e-03
   9.5059242e-02  -5.0261066e-04
   8.0689029e-02   2.0059918e-03
   7.4280523e-02   6.0197365e-03
   7.4652880e-02   2.0164798e-03
   7.4432053e-02   1.5078957e-03
   7.4429442e-02   4.5236870e-03
   7.6998075e-02   2.5128715e-03
   7.1865430e-02   1.5080627e-03
   6.5513322e-02   2.0132554e-03
   6.1658604e-02   3.5237066e-03
   5.4002738e-02   5.5441794e-03
   5.1331450e-02   3.5214413e-03
   6.0255941e-02   2.0096767e-03
   4.1187392e-02   3.0281835e-03
   3.2082531e-02   2.5165092e-03
   3.3300493e-02   0.0000000e+00
   3.7179469e-02  -5.0275301e-04
   4.2307692e-02   0.0000000e+00
   4.7435874e-02   5.0262408e-04
   6.6864196e-02   1.5113553e-03
   7.3286742e-02   7.0511168e-03
   8.7171179e-02   7.0256400e-03
   8.9826886e-02   5.5248310e-03
   9.1114788e-02   2.0088921e-03
   9.3589698e-02   5.0166024e-04
   8.9831087e-02   2.5112868e-03
   9.0839021e-02   6.5097149e-03
   8.9739226e-02   5.0176439e-03
   8.9917393e-02   4.5247617e-03
   8.3413606e-02   3.5169529e-03
   8.0848609e-02   1.5074528e-03
   7.7074948e-02   1.0061383e-03
   7.9565492e-02   1.0050295e-03
   7.0579643e-02   4.5244320e-03
   6.2940239e-02   6.0403545e-03
   6.9297896e-02   3.0164477e-03
   8.5034312e-02  -1.5131192e-03
   8.3414947e-02   2.0096874e-03
   7.4211700e-02   2.5057628e-03
   7.3363424e-02   4.5373345e-03
   7.8048119e-02   4.5095959e-03
   8.3576525e-02   5.0341167e-03
   8.5895389e-02   3.5130496e-03
   8.6148110e-02   5.0334694e-03
   8.7007200e-02   2.0033919e-03
   7.8204786e-02   1.5061528e-03
   8.7179445e-02   5.0183143e-04
   9.7625408e-02   4.0202996e-03
   9.9797301e-02   5.5054531e-03
   1.0087314e-01   7.4922087e-03
   1.0276434e-01   3.5166970e-03
   9.7918731e-02   0.0000000e+00
   8.3087151e-02   1.5013614e-03
   8.4611270e-02   5.0189655e-03
   9.9901478e-02   0.0000000e+00
   9.7435139e-02   2.0062072e-03
   9.4683388e-02   3.0038540e-03
   8.6062992e-02   5.0285173e-03
   7.5706253e-02   8.0416533e-03
   6.7946603e-02   4.0181836e-03
   7.8128079e-02   0.0000000e+00
   9.1018161e-02  -6.5224920e-03
   8.5978042e-02   5.0235750e-03
   7.9642364e-02   3.5210662e-03
   7.5933300e-02   7.0572760e-03
   9.1204420e-02   2.5135843e-03
   8.8285862e-02   3.0048894e-03
   8.3162484e-02   6.5122769e-03
   8.7437496e-02  -2.0132554e-03
   8.1008545e-02  -1.5104234e-03
   7.0720362e-02   3.5259436e-03
   5.7853286e-02   9.5750895e-03
   5.7571602e-02   8.0236299e-03
   6.0256293e-02   1.0048383e-03
   5.8857555e-02  -2.5072740e-03
   6.2818558e-02  -4.0189789e-03
   5.9032461e-02   1.0058736e-03
   5.3948118e-02   6.5457486e-03
   4.7384655e-02   7.0298136e-03
   5.6518980e-02   5.0347692e-03
   4.7528507e-02   3.5253126e-03
   5.1230905e-02   2.5103667e-03
   5.3844033e-02   4.5227492e-03
   6.5319912e-02  -1.5054899e-03
   6.2820238e-02  -1.5071171e-03
   6.5320197e-02   0.0000000e+00
   7.6997175e-02   3.5180200e-03
   8.8546751e-02   3.5160385e-03
   9.1200146e-02   5.5298855e-03
   1.0640012e-01   7.0179489e-03
   9.7334186e-02   5.5116645e-03
   9.3405105e-02  -1.5020334e-03
   7.7074948e-02  -1.0061383e-03
   6.6798419e-02   0.0000000e+00
   6.9299112e-02   0.0000000e+00
   8.5811767e-02   2.5068596e-03
   1.0264915e-01   9.0340635e-03
   1.0767534e-01   9.0223494e-03
   1.0136776e-01   8.5328281e-03
   9.7623693e-02   5.0253745e-03
   8.1087161e-02   3.5277972e-03
   7.9565608e-02  -5.0251476e-04
   8.0687736e-02  -3.5104857e-03
   7.6923077e-02   0.0000000e+00
   7.5565182e-02   3.0096979e-03
   7.6923040e-02   5.0208039e-04
   7.8277715e-02   5.5279924e-03
   7.5783263e-02   7.0433761e-03
   7.9711778e-02   8.5595873e-03
   7.7971382e-02   4.5051776e-03
   6.8150346e-02   0.0000000e+00
   5.9032577e-02   0.0000000e+00
   5.7690035e-02   4.5221763e-03
   7.1794837e-02   5.0219332e-04
   7.9643919e-02   1.5090284e-03
   7.5637348e-02   5.0210934e-03
   7.8204177e-02   2.5102547e-03
   6.7614788e-02   1.9992603e-03
   6.1537384e-02   3.0143760e-03
   5.6465915e-02  -5.0298084e-04
   5.2563182e-02   3.0152876e-03
   5.1280829e-02   3.5179739e-03
   6.1534153e-02   6.0287521e-03
   5.1330174e-02   5.0306305e-03
   3.7142208e-02   3.0135486e-03
   2.5640826e-02   2.0114431e-03
   1.9249416e-02  -3.0203994e-03
   1.4143851e-02  -4.5397906e-03
   2.8287149e-02  -5.5476481e-03
   2.6949641e-02  -5.0334694e-04
   3.8534370e-02   6.5485067e-03
   5.6407513e-02   5.0248573e-03
   6.1717415e-02   5.5427179e-03
   6.8006219e-02   8.5470462e-03
   6.5255115e-02   2.5066864e-03
   6.7881477e-02   1.5053383e-03
   7.1793615e-02  -3.0131599e-03
   6.1417293e-02   5.0140924e-04
   6.7748247e-02   5.0079534e-04
   7.8202048e-02   4.5184585e-03
   8.8630133e-02   6.0334231e-03
   8.8627883e-02   7.0389936e-03
   9.4871610e-02   1.0032491e-03
   9.5059103e-02  -1.0052213e-03
   6.5449129e-02  -5.0281825e-04
   7.1936759e-02   0.0000000e+00
   8.2132120e-02  -1.0049066e-03
   7.5714368e-02   3.0156200e-03
   7.6991660e-02   7.0360401e-03
   8.2122037e-02   8.0392528e-03
   8.5981561e-02   2.0094300e-03
   8.8548865e-02   0.0000000e+00
   8.7093216e-02   1.5040177e-03
   9.0756427e-02   2.0010292e-03
   8.8545370e-02   4.5206210e-03
   1.0543598e-01   4.5251993e-03
   1.1688439e-01   7.5289113e-03
   1.2691691e-01   5.0057842e-03
   1.2539072e-01   3.4975468e-03
   1.2447955e-01   3.0069764e-03
   1.1654895e-01   3.5031902e-03
   1.1025207e-01   4.5104341e-03
   1.1186282e-01   5.5285293e-03
   1.1058336e-01   1.0052716e-03
   1.1036477e-01   1.5049516e-03
   1.0256006e-01   4.5126047e-03
   8.9905105e-02   9.5522747e-03
   8.1965630e-02   5.5161389e-03
   7.3146781e-02   4.0212797e-03
   6.4292779e-02   0.0000000e+00
   6.2820238e-02  -1.5071171e-03
   5.9032577e-02   0.0000000e+00
   5.5182518e-02   1.0060042e-03
   6.3975262e-02   3.0081705e-03
   5.0095855e-02   5.5393664e-03
   5.2717500e-02   5.0403673e-03
   5.5128178e-02   5.0250695e-04
   5.8916256e-02   0.0000000e+00
   6.5449161e-02   0.0000000e+00
   7.0581569e-02   2.5135733e-03
   8.2117837e-02   9.5466127e-03
   8.8620746e-02   9.5529199e-03
   9.2384232e-02   9.0393877e-03
   9.7724260e-02   2.0121269e-03
   9.6152677e-02  -2.5079421e-03
   9.4871380e-02   1.5048737e-03
   9.3864519e-02   4.0251291e-03
   9.9990470e-02   7.0206795e-03
   1.0522783e-01   4.5163233e-03
   9.8804568e-02   7.5301039e-03
   9.7430165e-02   5.5170697e-03
   9.7628411e-02   5.0253745e-04
   1.0128161e-01  -1.5043172e-03
   1.0000000e-01   0.0000000e+00
   8.7084087e-02   7.5200884e-03
   8.4691940e-02   6.5310689e-03
   8.0924903e-02   5.0297888e-03
   6.6663425e-02   5.0229853e-03
   6.2943896e-02   2.5168144e-03
   4.9999903e-02   1.0051740e-03
   4.8814015e-02  -1.5107930e-03
   5.2615890e-02  -1.0060865e-03
   5.3899073e-02   1.5090688e-03
   7.0579643e-02   4.5244320e-03
   8.2207660e-02   6.0353738e-03
   9.7433576e-02   3.5108625e-03
   9.2397195e-02   3.0131292e-03
   8.4950120e-02   1.5116275e-03
   8.5981854e-02   1.5070725e-03
   8.4782609e-02   0.0000000e+00
   8.0925654e-02   4.5268099e-03
   7.5859209e-02   6.5467250e-03
   7.4426251e-02   6.5342146e-03
   8.1007476e-02   3.0208468e-03
   7.8204786e-02   1.5061528e-03
   6.6798289e-02   1.0065772e-03
   5.6519973e-02   4.0278153e-03
   5.5237154e-02   0.0000000e+00
   4.4871009e-02   3.0159554e-03
   4.4871446e-02   2.0106369e-03
   4.4916003e-02   1.0063097e-03
   4.1066120e-02  -5.0320408e-04
   3.4615385e-02   0.0000000e+00
   3.5967519e-02   3.5263185e-03
   5.0049334e-02   5.0308238e-04
   5.2563464e-02   2.5127397e-03
   5.3843536e-02   5.0252769e-03
   5.9031857e-02   2.5146841e-03
   6.5513802e-02   5.0331385e-04
   6.0254037e-02   4.5217725e-03
   6.1596209e-02   5.0289084e-03
   6.1596779e-02   4.5260176e-03
   7.0374016e-02   0.0000000e+00
   7.4505347e-02  -2.0125077e-03
   6.9159843e-02   4.5157812e-03
   7.0717076e-02   6.0444747e-03
   7.3144750e-02   5.5292596e-03
   7.4356046e-02   4.5192403e-03
   8.2213399e-02   5.0294782e-04
   8.2048729e-02   4.0156780e-03
   8.0769074e-02   1.0039813e-03
   7.8281376e-02   2.5127238e-03
   8.9655172e-02   0.0000000e+00
   8.8454269e-02   6.5233759e-03
   9.3660047e-02   1.1047364e-02
   1.0235978e-01   3.5029372e-03
   1.0886678e-01   1.0014207e-03
   9.8717517e-02   1.5045441e-03
   8.9913530e-02   6.5357669e-03
   9.4868058e-02   4.5146211e-03
   9.7435850e-02  -5.0155179e-04
   9.7626123e-02   3.5177621e-03
   9.8813041e-02   3.5140485e-03
   9.2391208e-02   6.5284467e-03
   8.1247441e-02   4.0397366e-03
   7.1792044e-02   4.5197399e-03
   6.6930398e-02   1.5128477e-03
   6.5512683e-02   3.0198831e-03
   6.7948718e-02   0.0000000e+00
   5.7635468e-02   0.0000000e+00
   5.6410256e-02   0.0000000e+00
   5.3898022e-02   3.5211604e-03
   4.8665959e-02   6.5274468e-03
   5.6408035e-02   4.5223716e-03
   5.9032461e-02  -1.0058736e-03
   5.7692308e-02   0.0000000e+00
   5.9032577e-02   0.0000000e+00
   6.4228465e-02   2.5166930e-03
   6.5576037e-02   4.5342938e-03
   6.5574754e-02   5.5419146e-03
   6.2753474e-02   6.5244214e-03
   1.0158180e-01   2.0116719e-03
   9.9997617e-02   3.5103398e-03
   1.0256091e-01   4.0112041e-03
   1.0353377e-01   5.4988109e-03
   1.0118050e-01   3.0056880e-03
   1.0107871e-01   4.5041211e-03
   9.6248016e-02   2.0083235e-03
   8.7438009e-02   1.0066277e-03
   7.9800572e-02   3.0240107e-03
   7.6922142e-02   2.5104019e-03
   7.0581190e-02   3.0162880e-03
   7.4431799e-02   2.0105276e-03
   7.0651312e-02   2.5160498e-03
   7.4430602e-02   3.5184232e-03
   7.8048762e-02   4.0085297e-03
   7.7301187e-02   4.5410369e-03
   8.1006366e-02   4.0277957e-03
   8.7351779e-02   0.0000000e+00
   7.8202694e-02   4.0164076e-03
   7.4283948e-02   3.5115130e-03
   7.4505020e-02   2.5156347e-03
   6.9298808e-02   1.5082239e-03
   7.6922740e-02   1.5062412e-03
   8.5811309e-02   3.0082316e-03
   8.2044540e-02   6.5254768e-03
   7.0369892e-02   5.5135807e-03
   5.6464182e-02   4.0238467e-03
   4.8668793e-02   3.5147790e-03
   4.7481892e-02  -3.0187176e-03
   4.2265989e-02  -5.0219770e-04
   3.9822115e-02   5.0371629e-04
   3.3366093e-02   1.5098680e-03
   3.4648729e-02   3.5229344e-03
   3.0737708e-02   4.5209038e-03
   3.5896807e-02   3.0166016e-03
   3.7252964e-02   0.0000000e+00
   4.3502905e-02  -3.5118137e-03
   3.5897279e-02   1.5083008e-03
   3.8536345e-02   4.0298503e-03
   4.1023227e-02   5.5297915e-03
   3.8383577e-02   5.5192480e-03
   5.1180879e-02   1.5047398e-03
   5.5182626e-02   0.0000000e+00
   6.0375494e-02   0.0000000e+00
   6.3976254e-02   1.0027235e-03
   6.9501544e-02   5.0423033e-03
   8.2205573e-02   7.0412695e-03
   9.3308210e-02   5.5020682e-03
   1.0661426e-01   5.5249274e-03
   1.0235903e-01   4.0033568e-03
   9.6245765e-02   4.0166470e-03
   9.6151555e-02   3.5111189e-03
   8.5895932e-02   3.0111854e-03
   7.4426251e-02   6.5342146e-03
   7.6998413e-02   2.0102972e-03
   6.9572605e-02   3.0283718e-03
   6.2882037e-02   2.0114685e-03
   6.0375022e-02   2.0136398e-03
   5.2562467e-02   4.0203835e-03
   4.6153285e-02   2.5132095e-03
   3.9821182e-02   3.5260141e-03
   3.0738782e-02   1.5069679e-03
   2.9487179e-02   0.0000000e+00
   2.9545397e-02  -1.0076449e-03
   3.3399144e-02  -1.0075727e-03
   4.2347786e-02   4.5286934e-03
   8.6148110e-02   5.0334694e-03
   9.1025597e-02   5.0173015e-04
   8.8373312e-02   2.5065302e-03
   8.7177410e-02   3.5128200e-03
   9.2304820e-02   4.0135635e-03
   8.9918139e-02   4.0220104e-03
   8.9737306e-02   6.0211727e-03
   8.8459990e-02   3.0107889e-03
   8.2050285e-02   2.5097988e-03
   7.9565647e-02   0.0000000e+00
   7.6922142e-02   2.5104019e-03
   7.5564705e-02   3.5113142e-03
   7.5789589e-02   2.5154915e-03
   7.8203759e-02   3.0123057e-03
   8.0847979e-02   2.5124214e-03
   8.8461151e-02   1.5053944e-03
   8.4614356e-02   2.5094827e-03
   7.4501528e-02   5.5343963e-03
   7.6768642e-02   4.5098593e-03
   8.0768249e-02   2.5099532e-03
   7.8279889e-02   4.0203581e-03
   7.8203759e-02   3.0123057e-03
   8.0767817e-02   3.0119438e-03
   7.5640106e-02   2.5105467e-03
   6.6663425e-02   5.0229853e-03
   6.6662744e-02   5.5252838e-03
   7.6923077e-02   0.0000000e+00
   7.5715696e-02   0.0000000e+00
   7.0510043e-02   4.5199831e-03
   7.0372346e-02   3.5086423e-03
   6.8080312e-02   4.5293659e-03
   6.4101442e-02   3.0140894e-03
   6.7881477e-02   1.5053383e-03
   6.0314835e-02   3.0174844e-03
   5.6297004e-02   4.5134860e-03
   5.3792999e-02   1.0040669e-03
   4.4826803e-02   3.0129875e-03
   4.9901357e-02   1.5047973e-03
   5.3845735e-02   2.0101108e-03
   5.4005829e-02   1.0080326e-03
   4.7670376e-02   2.5255572e-03
   5.2563464e-02   2.5127397e-03
   5.8974359e-02   0.0000000e+00
   5.9089496e-02   3.5240293e-03
   5.9089496e-02   3.5240293e-03
   5.7748556e-02   2.5147953e-03
   6.2882527e-02   0.0000000e+00
   6.2882037e-02   2.0114685e-03
   7.6921244e-02   3.5145627e-03
   7.4353768e-02   6.0256538e-03
   7.3073370e-02   5.0216581e-03
   7.4358396e-02   2.0085513e-03
   7.5715696e-02   0.0000000e+00
   7.8202694e-02   4.0164076e-03
   8.1888336e-02   3.0058533e-03
   8.0928222e-02   2.0119155e-03
   8.1970284e-02   1.0029343e-03
   8.4781119e-02   3.0173055e-03
   8.7176774e-02   4.0146514e-03
   8.8457237e-02   5.0179815e-03
   9.2396609e-02   3.5153174e-03
   8.5811767e-02   2.5068596e-03
   8.1969449e-02   2.5073358e-03
   8.5897436e-02   0.0000000e+00
   7.9407480e-02   3.0091696e-03
   7.4281352e-02   5.5180918e-03
   7.4356046e-02   4.5192403e-03
   8.3579591e-02   2.5170583e-03
   9.1376062e-02   7.5556118e-03
   9.7712789e-02   8.0485076e-03
   8.7177410e-02   3.5128200e-03
   7.9487025e-02   1.0040421e-03
   7.3221308e-02  -5.0315510e-04
   6.5255779e-02  -1.0026746e-03
   6.8083004e-02   0.0000000e+00
   7.5564155e-02   4.0129306e-03
   7.0505107e-02   7.5333052e-03
   6.7872254e-02   8.5302506e-03
   6.8014966e-02   2.5138371e-03
   7.1723999e-02  -1.0034001e-03
   7.3221308e-02  -5.0315510e-04
   6.4164312e-02   3.5199005e-03
   6.9296951e-02   4.0219303e-03
   7.6998675e-02   1.5077229e-03
   8.4528697e-02   4.5126374e-03
   8.8544551e-02   5.0229122e-03
   8.3738223e-02   7.0616755e-03
   8.0928222e-02   2.0119155e-03
   7.5641026e-02   0.0000000e+00
   7.0651863e-02   1.5096299e-03
   6.5511787e-02   4.0265108e-03
   6.6665500e-02   3.0137912e-03
   6.8082871e-02  -1.0065257e-03
   6.5384488e-02   1.0046472e-03
   6.5448364e-02   2.5140912e-03
   7.1864485e-02   3.0161253e-03
   7.6993611e-02   6.0308915e-03
   7.4431799e-02   2.0105276e-03
   7.5564705e-02   3.5113142e-03
   7.8436232e-02   2.5176766e-03
   7.5789182e-02   3.0185898e-03
   6.9365422e-02   4.0258933e-03
   7.3075182e-02   3.5151607e-03
   7.1865430e-02   1.5080627e-03
   6.9230635e-02   1.0044938e-03
   6.4229124e-02   1.0066772e-03
   6.7948586e-02   1.0045459e-03
   6.8015264e-02   2.0110697e-03
   7.0580743e-02   3.5190026e-03
   7.4280523e-02   6.0197365e-03
   7.3074649e-02   4.0173265e-03
   6.7811676e-02   5.0128691e-03
   6.7881773e-02   0.0000000e+00
   6.4356436e-02   0.0000000e+00
   6.2943896e-02   2.5168144e-03
   7.8281376e-02   2.5127238e-03
   8.5980178e-02   3.5165025e-03
   8.4442929e-02   6.0109526e-03
   7.6910960e-02   9.0374470e-03
   8.0848609e-02   1.5074528e-03
   7.6771654e-02   0.0000000e+00
   7.3221022e-02   1.5094653e-03
   7.0510626e-02   4.0177628e-03
   7.5714774e-02   2.5130167e-03
   6.9159843e-02   4.5157812e-03
   6.1596779e-02   4.5260176e-03
   6.0136368e-02   3.5100259e-03
   6.4039129e-02   1.5055635e-03
   6.9230736e-02   5.0224689e-04
   7.6922740e-02  -1.5062412e-03
   7.5635729e-02   6.0253121e-03
   7.1785936e-02   8.0350931e-03
   7.6764366e-02   7.0153367e-03
