   2.2351559e-01   4.9114554e-02
  -2.9814777e-02   6.8221176e-02
  -5.4385141e-02   7.2279571e-02
  -6.5463963e-02   6.7472767e-02
  -6.9817160e-02   5.8113361e-02
  -8.4033522e-02   6.2722819e-02
  -9.5397974e-02   6.1988687e-02
  -1.2395594e-01   5.4773659e-02
  -1.6279138e-01   4.6092486e-02
  -1.7746008e-01   4.2948820e-02
  -1.8123361e-01   3.9634472e-02
  -1.8242426e-01   3.7052114e-02
  -1.7776567e-01   2.1200960e-02
  -1.5978468e-01   1.9235043e-02
  -1.9428842e-01   2.2282166e-02
  -2.0781144e-01   1.8238958e-02
  -2.1510458e-01   8.6313448e-03
  -1.9707405e-01  -6.0751577e-03
  -2.0845125e-01  -6.0187234e-03
  -2.0029516e-01  -3.5893293e-02
  -2.1037754e-01  -2.3158088e-02
  -2.1110037e-01  -2.8808171e-02
  -2.2063295e-01  -3.6739120e-02
  -2.2145719e-01  -3.7666142e-02
  -2.3072152e-01  -5.4889336e-02
  -1.9692751e-01  -6.3900075e-02
  -1.8746616e-01  -6.9925527e-02
  -1.8332750e-01  -7.1400678e-02
  -1.7221654e-01  -7.5339322e-02
  -1.7520028e-01  -7.9067168e-02
  -1.6514464e-01  -8.3964643e-02
  -1.4535345e-01  -9.5936715e-02
  -1.3466075e-01  -9.4552538e-02
  -1.1911352e-01  -9.2000784e-02
  -1.0088868e-01  -9.2019617e-02
  -9.0291819e-02  -9.1285109e-02
  -6.9895015e-02  -9.0108452e-02
  -6.1288569e-02  -8.2832395e-02
  -4.8121852e-02  -8.4767924e-02
  -4.1557260e-02  -8.6246476e-02
  -2.8673023e-02  -7.0701098e-02
  -9.0973758e-03  -6.9988163e-02
   2.4498604e-02  -7.6716261e-02
   4.8739617e-02  -8.0950682e-02
   5.4351179e-02  -6.7018753e-02
   8.4864144e-02  -6.0318020e-02
   8.4902568e-02  -4.8563591e-02
   9.8224713e-02  -4.4662134e-02
   1.1852179e-01  -3.9883270e-02
   1.3212173e-01  -2.8862816e-02
   1.5998197e-01  -2.8679575e-02
   1.5547752e-01  -2.9580558e-02
   1.4997842e-01  -1.5627589e-02
   1.6752043e-01  -6.0637409e-03
   1.8028322e-01  -1.2603855e-02
   2.1192696e-01  -2.2537714e-02
   2.2099184e-01  -2.1511727e-02
   2.3794149e-01  -1.9370799e-02
   2.7765206e-01  -2.5676804e-02
   3.2174731e-01  -3.2282739e-02
   3.4032895e-01  -3.8468814e-02
   3.5014069e-01  -3.2367524e-02
   3.6912216e-01  -2.8594542e-02
   3.8391978e-01  -2.7060469e-02
   2.3594545e-01   4.5964142e-02
   2.4088692e-01   3.9316957e-02
   2.2425429e-01   3.0250632e-02
   2.0850483e-01   1.1895134e-02
   1.9599376e-01   2.1815378e-02
   1.7385983e-01   1.0243148e-03
   1.6675265e-01  -1.2363006e-02
   1.6984474e-01  -2.9989637e-02
   1.2869464e-01  -3.1135577e-02
   1.0215323e-01  -3.1711681e-02
   8.5776432e-02  -5.1679215e-02
   7.6913914e-02  -5.4204765e-02
   8.1714851e-02  -6.3424287e-02
   8.6569690e-02  -7.3746283e-02
   9.1359355e-02  -7.9716097e-02
   7.9901120e-02  -8.4748824e-02
   9.3010335e-02  -1.0465943e-01
   9.5903167e-02  -1.1044066e-01
   8.1429156e-02  -9.2974551e-02
   8.6532370e-02  -1.1372319e-01
   7.6080675e-02  -1.0737370e-01
   7.9231887e-02  -1.2738235e-01
   6.6932659e-02  -1.3170128e-01
   8.8015485e-02  -1.2873502e-01
   1.2318238e-01  -1.5888438e-01
   1.2036031e-01  -1.4621943e-01
   1.5104896e-01  -1.6346814e-01
   1.3482017e-01  -1.5397555e-01
   1.2805179e-01  -1.6036556e-01
   1.0823393e-01  -1.5961921e-01
   1.1591612e-01  -1.5332815e-01
   1.2594613e-01  -1.4012650e-01
   1.3894494e-01  -1.5164543e-01
   1.4543999e-01  -1.3955793e-01
   1.5144710e-01  -1.2937871e-01
   1.3475936e-01  -1.2244458e-01
   1.4144859e-01  -1.2783717e-01
   1.4557190e-01  -1.2591017e-01
   1.5313275e-01  -1.2009752e-01
   1.6239643e-01  -1.0734049e-01
   1.8186232e-01  -9.9411682e-02
   1.6550055e-01  -9.0807265e-02
   1.4765397e-01  -8.2809298e-02
   1.1850652e-01  -7.1355283e-02
   1.2447108e-01  -7.3421582e-02
   1.3848381e-01  -7.4265299e-02
   1.3239480e-01  -5.9453885e-02
   1.2490246e-01  -4.3568386e-02
   1.1504707e-01  -4.0640152e-02
   9.2963296e-02  -3.7977138e-02
   5.5893580e-02  -2.6423663e-02
   3.3207918e-02  -3.0610057e-02
   3.2257989e-02  -2.7874098e-02
   3.3406452e-02  -3.0286996e-02
   2.3311537e-02  -3.0533996e-02
   9.0542468e-03  -2.3365966e-02
  -3.3613725e-02  -1.6740667e-02
  -4.4971497e-02  -1.9661812e-02
  -5.2025264e-02  -2.8083664e-02
  -6.4176124e-02  -2.8784210e-02
  -6.7659770e-02  -3.3204617e-02
  -8.2166983e-02  -3.7891776e-02
  -2.5657093e-01  -5.5524824e-02
  -2.9564313e-01  -1.3576251e-02
  -2.4663127e-01  -4.3456373e-02
  -2.4750203e-01  -1.5407513e-02
  -2.1952445e-01  -2.0114773e-02
  -2.2665046e-01  -2.5171393e-03
  -1.9763943e-01  -2.0188078e-02
  -2.1443570e-01  -1.3505245e-02
  -1.9236908e-01  -2.1563964e-02
  -1.8793582e-01  -1.0064861e-03
  -1.6606580e-01  -2.5243961e-03
  -1.6667600e-01   8.5482966e-03
  -1.5033329e-01   1.9543158e-02
  -1.2281317e-01   9.4951095e-03
  -1.2828613e-01   1.3527534e-02
  -1.4371910e-01   3.2589947e-02
  -1.4531752e-01   3.7874885e-02
  -1.1599815e-01   3.2087750e-02
  -1.2126934e-01   3.9593144e-02
  -1.4875729e-01   5.5855480e-02
  -1.6337045e-01   6.1089931e-02
  -1.7497371e-01   7.1141955e-02
  -1.8464508e-01   7.3936566e-02
  -1.8000011e-01   8.4093306e-02
  -1.4897818e-01   6.7354864e-02
  -1.6472724e-01   6.2620292e-02
  -1.8125406e-01   7.3626946e-02
  -1.8035318e-01   6.5685427e-02
  -1.8740158e-01   5.3757568e-02
  -1.8744548e-01   4.8069818e-02
  -2.0404937e-01   5.5028304e-02
  -2.2601097e-01   4.8133682e-02
  -2.4403009e-01   4.7754204e-02
  -2.0915461e-01   3.1061728e-02
  -1.6067561e-01   1.1606553e-02
  -1.4637750e-01   1.8864530e-02
  -1.0512578e-01   1.2335846e-02
  -1.1016929e-01   1.0255857e-02
  -9.5176174e-02   7.1423645e-03
  -7.9600783e-02  -1.0732902e-02
  -6.8544293e-02  -1.0846995e-02
  -3.9710832e-02  -7.2674852e-03
   1.3131313e-03   0.0000000e+00
   2.5095912e-02  -1.0882118e-02
   2.3828723e-02  -2.0770442e-03
   1.9767109e-02   1.6032628e-02
   3.1478174e-02   2.4720010e-02
   7.9203352e-02   1.0679490e-02
   9.7613053e-02   2.0892990e-02
   1.2330944e-01   3.9751110e-02
   1.3005996e-01   4.7994718e-02
   1.3511252e-01   4.4434021e-02
   1.2052343e-01   4.8788846e-02
   1.0372860e-01   5.8255125e-02
   1.1711634e-01   7.2276400e-02
   1.4058092e-01   8.0564988e-02
   1.6005854e-01   7.6307639e-02
   1.7685707e-01   9.2341609e-02
   1.9328137e-01   9.4245969e-02
   2.0695361e-01   1.0272452e-01
   2.0416862e-01   9.8666846e-02
   2.0224438e-01   9.3899431e-02
   1.9525281e-01   9.8271323e-02
   1.3464557e-03  -1.6383411e-02
  -4.6235878e-02   2.2948811e-02
  -4.6438359e-02  -2.0901473e-02
  -1.3052052e-01   1.0728281e-02
  -1.4413942e-01  -3.1813407e-03
  -1.4589511e-01  -3.5370624e-02
  -1.7600538e-01  -3.5066297e-02
  -1.7177658e-01  -3.5273308e-02
  -1.3609206e-01  -5.0821700e-02
  -1.8253935e-01  -3.4035267e-02
  -1.9838801e-01  -4.6053753e-02
  -1.7034542e-01  -2.0967988e-02
  -1.6625000e-01   0.0000000e+00
  -1.7694605e-01   1.6713426e-02
  -1.6327999e-01   5.9126433e-03
  -1.7392722e-01   1.5199078e-02
  -1.3999156e-01   1.9691808e-02
  -1.3315299e-01   4.5713844e-02
  -1.1123243e-01   5.2650136e-02
  -7.0129727e-02   2.8014153e-02
  -3.7435661e-02   2.9901024e-02
  -4.0462313e-02   3.9785494e-02
   5.0763002e-03   4.1459035e-02
   6.3357160e-03   7.8460585e-02
   3.6153389e-02   5.9646623e-02
   4.4973299e-02   8.4777541e-02
   3.1039383e-02   8.9610036e-02
   5.7951108e-02   9.6040348e-02
   8.3321624e-02   1.0557466e-01
   9.8167737e-02   1.1396078e-01
   1.1242506e-01   1.1841397e-01
   1.3169339e-01   1.3196196e-01
   1.3721498e-01   1.4304065e-01
   1.5302936e-01   1.3174088e-01
   1.5288174e-01   1.4051248e-01
   1.5321941e-01   1.4229698e-01
   1.5609935e-01   1.5543212e-01
   1.7125288e-01   1.5679141e-01
   1.6264152e-01   1.6705175e-01
   1.7487374e-01   1.5722560e-01
   1.6255103e-01   1.6084791e-01
   1.6158894e-01   1.6256681e-01
   1.7240933e-01   1.5355166e-01
   1.6925552e-01   1.5854077e-01
   1.7050382e-01   1.5303836e-01
   1.7698937e-01   1.4780097e-01
   1.9243096e-01   1.3587745e-01
   1.8006363e-01   1.3781823e-01
   1.7129597e-01   1.2544492e-01
   1.7551697e-01   1.1595044e-01
   1.6584765e-01   1.0073665e-01
   1.4879747e-01   1.0450216e-01
   1.3361723e-01   1.1086919e-01
   1.0534326e-01   1.0186347e-01
   5.9285977e-02   9.5062707e-02
   2.1317720e-02   8.3134944e-02
   1.3534135e-02   7.2393474e-02
   0.0000000e+00   7.4084211e-02
  -8.1054547e-03   5.3823394e-02
   5.1235389e-02   1.7003973e-02
   3.8274112e-02   0.0000000e+00
  -1.3104732e-03  -2.0564506e-03
  -1.3024581e-02  -7.6649459e-03
   1.7284434e-01  -9.0688451e-02
   1.8585097e-01  -1.0277215e-01
   1.5721387e-01  -8.7276312e-02
   1.5654683e-01  -7.7608930e-02
   1.6404012e-01  -8.6691635e-02
   1.9028184e-01  -1.0898579e-01
   1.7936432e-01  -1.1108667e-01
   1.9012507e-01  -9.9056880e-02
   2.0259095e-01  -1.0043019e-01
   2.1940005e-01  -1.1659138e-01
   2.2984161e-01  -1.2367063e-01
   2.3451821e-01  -1.3140382e-01
   2.6152294e-01  -1.2785697e-01
   3.1522676e-01  -8.1636838e-02
   3.1911595e-01  -6.3974059e-02
   3.2816720e-01  -6.2637648e-02
   3.4319793e-01  -6.1911252e-02
   3.4139818e-01  -6.2352487e-02
   3.1982958e-01  -5.5488643e-02
   3.1843392e-01  -4.7280629e-02
   2.9858433e-01  -4.3086556e-02
   2.7985637e-01  -2.8600810e-02
   2.6675593e-01  -2.8630764e-02
   2.7165807e-01  -2.9217930e-02
   2.5785075e-01  -1.2903229e-02
   2.5481969e-01  -3.4858993e-03
   2.6179345e-01   2.4677336e-03
   2.4481418e-01   1.0873865e-02
   2.3270298e-01   8.9380080e-03
   2.2418178e-01   1.7245161e-02
   2.2584779e-01   3.0136946e-02
   2.5456816e-01   2.4653785e-02
   2.5687787e-01   3.2691940e-02
   2.5177620e-01   4.4698558e-02
   2.3719326e-01   5.1943994e-02
   2.2483373e-01   5.3125499e-02
   2.1388789e-01   6.7515414e-02
   2.0793065e-01   5.9704817e-02
   2.0681716e-01   8.5251933e-02
   2.2908414e-01   6.9697375e-02
   2.4465462e-01   7.1433605e-02
   2.1181939e-01   8.9760046e-02
   1.5962117e-01   9.9216507e-02
   1.4446501e-01   9.2593769e-02
   1.6155829e-01   8.1242041e-02
   1.6373503e-01   9.3939393e-02
   1.3241442e-01   1.1344933e-01
   1.1984788e-01   9.8408212e-02
   1.1981763e-01   1.2347203e-01
   1.1650093e-01   1.1130626e-01
   8.2590989e-02   1.1879944e-01
   6.4552715e-02   1.0807405e-01
   3.8823021e-02   1.0734575e-01
   3.8818290e-02   1.1988226e-01
   2.0605536e-02   1.2592199e-01
  -1.2915722e-02   1.2631887e-01
  -1.1614358e-02   1.1904698e-01
  -2.2635679e-01   2.3559133e-02
  -2.3762264e-01   3.1320893e-02
  -2.3928336e-01   3.2742972e-02
  -2.2776535e-01   1.2429118e-02
  -2.1619951e-01  -6.7563601e-03
  -2.2649184e-01   2.5898524e-03
  -2.0048050e-01  -8.7524781e-03
  -2.2329316e-01  -6.6812819e-03
  -2.2602042e-01  -1.2193116e-02
  -2.3387783e-01  -3.5706448e-02
  -2.4095576e-01  -6.3104107e-02
  -2.6887314e-01  -6.1227251e-02
  -2.5471855e-01  -6.5411788e-02
  -2.3208972e-01  -7.4244382e-02
  -2.3024270e-01  -8.5163707e-02
  -2.2191133e-01  -1.1828357e-01
  -2.5498959e-01  -1.0472147e-01
  -2.3219868e-01  -1.3998621e-01
  -2.3519878e-01  -1.3041139e-01
  -1.9193546e-01  -1.6336819e-01
  -1.9068405e-01  -1.4603122e-01
  -1.6333220e-01  -1.5869926e-01
  -1.5022146e-01  -1.5771807e-01
  -1.3812553e-01  -1.5140961e-01
  -1.3184197e-01  -1.5522033e-01
  -1.1272285e-01  -1.5072620e-01
  -1.0378621e-01  -1.4031712e-01
  -8.8514584e-02  -1.3393374e-01
  -6.7798379e-02  -1.3978552e-01
  -3.7302204e-02  -1.3069854e-01
  -1.2895277e-03  -1.1841134e-01
   3.6192130e-02  -1.0776126e-01
   7.4699173e-02  -1.1153134e-01
   1.0826676e-01  -1.1194899e-01
   1.3156335e-01  -9.6850945e-02
   1.5218517e-01  -9.0066781e-02
   1.7637773e-01  -8.9579136e-02
   2.1100473e-01  -8.5891613e-02
   2.3580893e-01  -7.9096611e-02
   2.6832425e-01  -7.2745757e-02
   2.9221046e-01  -6.4854142e-02
   3.0084702e-01  -5.6851562e-02
   3.0828954e-01  -4.7674732e-02
   3.1789499e-01  -4.9178815e-02
   3.2198732e-01  -4.0171067e-02
   3.2970170e-01  -2.7186717e-02
   3.3981745e-01  -1.7869631e-02
   3.5914397e-01  -1.4327185e-02
   3.6256693e-01  -3.4875839e-03
   3.5370485e-01  -9.9920846e-04
   3.6103339e-01   2.4344356e-02
   3.5285145e-01   3.1846070e-02
   3.7221840e-01   4.0518215e-02
   3.7907686e-01   3.3810525e-02
   3.6925366e-01   3.3811133e-02
   3.6166083e-01   4.9360597e-02
   3.6982238e-01   5.9514952e-02
   3.6891711e-01   5.7316817e-02
   3.5081271e-01   6.3529387e-02
   3.4442732e-01   6.9822858e-02
   3.5359716e-01   7.2959623e-02
   3.6722581e-01   7.4402060e-02
   3.5157098e-01   7.6799546e-02
   3.4264477e-01   8.1223441e-02
  -1.5140337e-02   1.4901835e-01
  -3.1462189e-02   1.5925916e-01
  -6.0450332e-02   1.5416028e-01
  -7.8174174e-02   1.4418439e-01
  -1.0239020e-01   1.4493434e-01
  -1.1879148e-01   1.4528056e-01
  -1.4383321e-01   1.4804903e-01
  -1.5471161e-01   1.4204965e-01
  -1.5407312e-01   1.5363820e-01
  -1.7980843e-01   1.5193830e-01
  -2.0901067e-01   1.4525561e-01
  -2.0929660e-01   1.2628819e-01
  -2.1119617e-01   1.1287260e-01
  -2.0742967e-01   1.0366414e-01
  -2.0560804e-01   9.7436799e-02
  -2.0566239e-01   8.4353156e-02
  -2.2082291e-01   8.2394824e-02
  -2.0671193e-01   7.6308120e-02
  -2.0417297e-01   7.7968852e-02
  -1.7785685e-01   5.7008788e-02
  -1.7064948e-01   4.8829540e-02
  -1.8082351e-01   2.8670462e-02
  -1.8517756e-01   2.0713638e-02
  -1.7442098e-01   1.3983212e-02
  -1.9566501e-01   3.6394179e-03
  -1.9108902e-01   4.7010334e-03
  -1.9877676e-01   0.0000000e+00
  -2.1449165e-01  -2.1030163e-02
  -2.0103820e-01  -5.0498040e-02
  -2.2193933e-01  -4.0729938e-02
  -2.0170702e-01  -5.1366784e-02
  -2.0089751e-01  -6.0492403e-02
  -1.9736449e-01  -8.2651083e-02
  -2.1785127e-01  -8.6511265e-02
  -2.3873873e-01  -8.9435772e-02
  -2.2454852e-01  -1.0075995e-01
  -2.2712996e-01  -9.6521099e-02
  -2.1699301e-01  -1.0488539e-01
  -1.7516288e-01  -1.2054760e-01
  -1.6291530e-01  -1.2127482e-01
  -1.4154306e-01  -1.3293935e-01
  -1.3671949e-01  -1.4756570e-01
  -1.6234086e-01  -1.2169147e-01
  -1.1707940e-01  -1.5248203e-01
  -1.5730095e-01  -1.3118198e-01
  -1.1694703e-01  -1.5523492e-01
  -1.1882691e-01  -1.2925391e-01
  -5.5265056e-02  -1.4593778e-01
  -1.8943434e-02  -1.4525606e-01
  -3.8299955e-03  -1.4192594e-01
   1.2803036e-02  -1.3620087e-01
   3.0802742e-02  -1.4552051e-01
   3.2183045e-02  -1.3752403e-01
   5.5626629e-02  -1.4696971e-01
   7.5639620e-02  -1.5030000e-01
   1.0787637e-01  -1.4886464e-01
   1.2948916e-01  -1.4420351e-01
   1.4716934e-01  -1.3411404e-01
   1.7305488e-01  -1.1928450e-01
   1.9224750e-01  -1.2170319e-01
   1.9992584e-01  -1.3101806e-01
   2.0283736e-01  -1.2335820e-01
   2.1055492e-01  -1.1532561e-01
   2.2291070e-01  -1.0573047e-01
   3.7668522e-01  -1.1709316e-02
   3.6403710e-01  -4.3892346e-03
   3.5652155e-01   6.8925951e-03
   3.5187782e-01   9.8357317e-03
   3.5830331e-01   1.7558745e-02
   3.7557384e-01   1.9538679e-02
   3.6984687e-01   3.2992217e-02
   3.7442444e-01   4.0952241e-02
   3.5221637e-01   4.1630530e-02
   3.3371879e-01   5.4372183e-02
   3.3224623e-01   5.3277984e-02
   3.3188849e-01   5.0304861e-02
   3.3774881e-01   6.5645597e-02
   3.6194968e-01   6.0451516e-02
   3.7039817e-01   6.3295616e-02
   3.6437661e-01   7.6952793e-02
   3.1996064e-01   7.9078181e-02
   3.1869145e-01   7.5735725e-02
   2.8312694e-01   9.9672590e-02
   2.8998442e-01   9.4349516e-02
   2.9626134e-01   1.0675467e-01
   2.8551582e-01   1.1360547e-01
   2.7156097e-01   1.1709182e-01
   2.5331863e-01   1.1790424e-01
   2.2248008e-01   1.2127369e-01
   2.1496230e-01   1.2953612e-01
   1.9035580e-01   1.4486218e-01
   1.8900452e-01   1.4219349e-01
   1.6490748e-01   1.5647125e-01
   1.3125861e-01   1.6233191e-01
   1.1915006e-01   1.5742836e-01
   9.9694925e-02   1.5194567e-01
   7.2295155e-02   1.7383386e-01
   7.2179025e-02   1.6102239e-01
   2.9651780e-02   1.7867894e-01
   1.2172882e-03   1.8490031e-01
  -1.5843143e-02   1.7656270e-01
  -2.5784820e-02   1.6557473e-01
  -3.7035016e-02   1.6652863e-01
  -5.9273480e-02   1.6590328e-01
  -6.2134734e-02   1.6534915e-01
  -8.3989122e-02   1.5321659e-01
  -9.9492619e-02   1.6290305e-01
  -1.0744544e-01   1.6348099e-01
  -1.2341582e-01   1.5708336e-01
  -1.4058168e-01   1.3722243e-01
  -1.4841968e-01   1.2597331e-01
  -1.5966104e-01   1.1656752e-01
  -1.8920175e-01   1.1174661e-01
  -1.9720637e-01   1.0876993e-01
  -2.0494005e-01   9.7664307e-02
  -1.8958524e-01   9.0965209e-02
  -2.0791434e-01   8.6977035e-02
  -1.9777863e-01   6.4072327e-02
  -2.0820203e-01   6.5149729e-02
  -2.2536400e-01   3.6829948e-02
  -2.6668546e-01   4.9896451e-02
  -2.4942103e-01   9.6114115e-03
  -2.8149171e-01   2.4364944e-02
  -2.8188911e-01   3.1478949e-03
  -2.8354260e-01  -5.7756839e-03
  -3.1013564e-01  -8.4169615e-03
  -3.3855471e-01  -1.5097237e-02
  -3.4449934e-01  -3.7277497e-02
  -1.2580914e-01  -1.2107735e-01
  -1.0850556e-01  -1.1873809e-01
  -9.4276982e-02  -1.0842530e-01
  -7.8373557e-02  -1.1924531e-01
  -5.0846317e-02  -1.1417348e-01
  -3.1249256e-02  -1.1242748e-01
   1.2765205e-02  -1.1606662e-01
   4.1888520e-02  -1.3709256e-01
   6.7490889e-02  -1.3247148e-01
   7.7716867e-02  -1.3967090e-01
   8.8433633e-02  -1.3992825e-01
   9.9451110e-02  -1.2814690e-01
   1.1902501e-01  -1.2875953e-01
   1.7260376e-01  -1.3971123e-01
   1.6741694e-01  -1.4354695e-01
   1.8121490e-01  -1.4707742e-01
   1.9025036e-01  -1.5714586e-01
   1.7837027e-01  -1.5765568e-01
   2.0472442e-01  -1.4920923e-01
   2.2879814e-01  -1.5182432e-01
   2.4627675e-01  -1.5333477e-01
   2.5232458e-01  -1.4458588e-01
   2.6511801e-01  -1.3659193e-01
   3.1639669e-01  -1.3696254e-01
   3.3940228e-01  -1.3476210e-01
   3.4368223e-01  -1.2677164e-01
   3.4552783e-01  -1.1617666e-01
   3.5482177e-01  -1.2135061e-01
   3.7350280e-01  -1.2112605e-01
   3.8239400e-01  -1.2401307e-01
   3.9645718e-01  -1.1963179e-01
   4.1628029e-01  -1.2428766e-01
   4.1683576e-01  -1.0585965e-01
   4.1258528e-01  -9.5563602e-02
   4.2074806e-01  -7.2138362e-02
   4.3192298e-01  -7.6401418e-02
   4.2617632e-01  -5.1113503e-02
   4.3336401e-01  -5.2758322e-02
   4.5300730e-01  -5.0106883e-02
   4.5200857e-01  -4.8477611e-02
   4.3117883e-01  -3.7627922e-02
   4.5519222e-01  -2.7974532e-02
   4.6057281e-01  -7.5703160e-03
   4.9561091e-01  -7.0424137e-03
   4.9430522e-01   2.3787510e-03
   4.8292765e-01   6.1901956e-03
   4.5969445e-01   1.8638733e-02
   4.5003988e-01   2.3997728e-02
   4.2904793e-01   2.9991281e-02
   4.1317856e-01   3.3697963e-02
   4.2645379e-01   3.6553698e-02
   4.3400015e-01   4.0501985e-02
   4.5044645e-01   4.3610918e-02
   4.2829789e-01   6.0075570e-02
   4.1440365e-01   5.5541138e-02
   3.7399323e-01   6.0857927e-02
   3.6157047e-01   7.0701690e-02
   3.4260727e-01   6.4776355e-02
   3.4446565e-01   6.7887047e-02
   3.3376573e-01   7.3796390e-02
   3.2151961e-01   6.9480702e-02
   2.9775202e-01   9.1130386e-02
   2.8010025e-01   8.9036807e-02
   2.5807865e-01   9.4397359e-02
  -6.9731273e-02   1.0753396e-01
  -1.0800363e-01   9.7907075e-02
  -1.4753689e-01   1.0225749e-01
  -1.4732040e-01   9.4259588e-02
  -1.5537957e-01   8.2254855e-02
  -1.7980451e-01   8.2407932e-02
  -2.3655546e-01   1.0069418e-01
  -2.4877024e-01   8.5551390e-02
  -2.7578106e-01   8.0225982e-02
  -3.0719481e-01   7.4786475e-02
  -3.0201732e-01   7.8865686e-02
  -3.1847325e-01   6.3143395e-02
  -3.2147604e-01   5.8104530e-02
  -3.3399298e-01   5.6358361e-02
  -3.6404142e-01   5.5533811e-02
  -3.7373913e-01   4.3017357e-02
  -3.7165731e-01   3.0486494e-02
  -3.6541044e-01   1.6826983e-02
  -3.4595890e-01   1.1472943e-02
  -3.4320979e-01   4.0212328e-03
  -3.4799103e-01  -3.5370016e-03
  -3.5776382e-01  -1.5098349e-02
  -3.4892816e-01  -2.3742346e-02
  -3.3924528e-01  -2.7525787e-02
  -3.2186764e-01  -2.6080198e-02
  -2.8909383e-01  -5.6717867e-02
  -2.8079258e-01  -5.4918131e-02
  -2.7823395e-01  -4.2635375e-02
  -2.6993978e-01  -4.8925385e-02
  -2.4375463e-01  -5.6209483e-02
  -2.3153623e-01  -6.6198831e-02
  -2.2726723e-01  -6.1038062e-02
  -1.9710993e-01  -4.9490284e-02
  -1.7750388e-01  -5.9168547e-02
  -1.4076172e-01  -6.5701381e-02
  -1.3235874e-01  -5.7180157e-02
  -8.5561516e-02  -6.7573391e-02
  -5.5970090e-02  -8.8543547e-02
  -4.0965444e-02  -1.0133326e-01
  -2.5519291e-02  -1.0473849e-01
  -2.0477709e-02  -9.6570756e-02
   1.2875655e-03  -1.0736837e-01
   2.8269897e-02  -1.0981106e-01
   5.5266275e-02  -1.0921936e-01
   1.0117672e-01  -1.2207161e-01
   1.0930970e-01  -1.2637665e-01
   1.2193635e-01  -1.2521354e-01
   1.3468080e-01  -1.1500155e-01
   1.5195162e-01  -1.2229477e-01
   1.7619754e-01  -1.1058506e-01
   2.0289343e-01  -1.1664527e-01
   2.2308829e-01  -1.1661558e-01
   2.4135646e-01  -1.1428041e-01
   2.3687909e-01  -1.0140860e-01
   2.6310451e-01  -1.0214946e-01
   2.6325702e-01  -8.9936862e-02
   2.6336591e-01  -8.5302963e-02
   2.6245207e-01  -6.9940856e-02
   2.8056831e-01  -6.5902977e-02
   2.9282390e-01  -6.6811375e-02
   3.2597418e-01  -4.9453908e-02
   3.3001656e-01  -4.6085226e-02
   3.4758738e-01  -4.0848085e-02
   3.4148606e-01  -4.2861285e-02
