   1.1970150e-01   2.5141169e-03
   1.2343610e-01   5.0219210e-03
   1.3141408e-01   3.5202154e-03
   1.3102249e-01   4.5127093e-03
   1.3101846e-01   6.0169458e-03
   1.2471427e-01   7.5321768e-03
   1.3011804e-01   6.5381881e-03
   1.3514050e-01   5.5246810e-03
   1.4258552e-01   3.5066377e-03
   1.4673152e-01   2.0070576e-03
   1.4357969e-01   5.9990198e-03
   1.3912553e-01   9.0464427e-03
   1.4014284e-01   7.5231678e-03
   1.4672397e-01   5.5194083e-03
   1.4272152e-01   5.5158162e-03
   1.4501135e-01   3.5024617e-03
   1.4415495e-01   3.5131193e-03
   1.4401132e-01   4.0110704e-03
   1.4101220e-01   7.0003499e-03
   1.4184937e-01   7.5444961e-03
   1.4686187e-01   7.5338312e-03
   1.5702940e-01   1.0026131e-03
   1.5188089e-01   1.0030784e-03
   1.5285658e-01   5.5055459e-03
   1.5444061e-01   7.0199330e-03
   1.5428569e-01   7.5140206e-03
   1.5269061e-01   9.0003028e-03
   1.5444061e-01   7.0199330e-03
   1.5415012e-01   5.0044658e-04
   1.5188119e-01   0.0000000e+00
   1.4529990e-01   2.5066465e-03
   1.4786298e-01   6.0146266e-03
   1.5557567e-01   6.5113943e-03
   1.6056184e-01   6.0018203e-03
   1.6135481e-01   7.0363647e-03
   1.6120238e-01   5.0210642e-03
   1.5847304e-01   1.5052101e-03
   1.5671562e-01   3.5023101e-03
   1.6072063e-01   6.0076675e-03
   1.6843522e-01   6.0032264e-03
   1.5896130e-01   6.4901139e-03
   1.5170417e-01   9.5199456e-03
   1.8351288e-01   1.9940501e-03
   1.5412010e-01   1.0008932e-02
   1.5314662e-01   8.5251891e-03
   1.5172027e-01   6.0125972e-03
   1.5271106e-01   3.5001177e-03
   1.4742873e-01   4.9975484e-03
   1.4543350e-01   6.5236538e-03
   1.3757686e-01   6.0197918e-03
   1.4272934e-01   1.5043135e-03
   1.3229959e-01   7.0190747e-03
   1.3372578e-01   3.5126210e-03
   1.2960080e-01   7.5145680e-03
   1.3231199e-01  -1.0027250e-03
   1.2086327e-01   5.5251311e-03
   1.2343725e-01   4.5197289e-03
   1.2109835e-01   7.0458037e-03
   1.2098008e-01   6.5361099e-03
   1.1549492e-01   4.0118382e-03
   1.2191029e-01   4.5113011e-03
   1.2380459e-01   4.5330597e-03
   1.2600990e-01   4.0167813e-03
   1.2343918e-01   3.5153447e-03
   1.1722614e-01   9.0613394e-03
   1.1583880e-01   3.5207032e-03
   1.1281914e-01   2.5053758e-03
   1.1595548e-01   2.0138086e-03
   1.0929430e-01   4.0214204e-03
   1.1047167e-01   3.5149988e-03
   1.1186938e-01  -5.0259357e-04
   1.1664999e-01  -5.0643983e-04
   1.2496485e-01   6.5407075e-03
   1.3371956e-01   6.0216361e-03
   1.3501319e-01   2.5087612e-03
   1.2201836e-01   8.5296933e-03
   1.0264115e-01   1.1041633e-02
   1.0523070e-01   2.5090685e-03
   9.8523622e-02   0.0000000e+00
   9.8714877e-02  -4.0121175e-03
   9.1379689e-02   6.0444894e-03
   1.0158080e-01   3.0175079e-03
   9.3769164e-02   5.5291119e-03
   8.9820978e-02   8.0361178e-03
   8.7522650e-02   3.5266695e-03
   8.3415435e-02   1.0048437e-03
   6.7948586e-02   1.0045459e-03
   6.4165344e-02  -2.0113717e-03
   5.5126034e-02   4.5225626e-03
   5.7690512e-02   4.0197122e-03
   6.0374757e-02   2.5170498e-03
   6.6798125e-02   1.5098658e-03
   6.5383057e-02   3.5162654e-03
   4.1025641e-02   0.0000000e+00
   4.7435874e-02   5.0262408e-04
   5.3952464e-02   1.0070382e-03
   5.2561547e-02   5.0254794e-03
   5.2718815e-02   3.5282571e-03
   5.5128178e-02   5.0250695e-04
   5.5128205e-02   0.0000000e+00
   5.9031167e-02   3.5205577e-03
   6.4102533e-02   5.0234824e-04
   4.6057973e-02   7.5248053e-03
   4.2140458e-02   3.5050351e-03
   4.2391222e-02  -1.0073697e-03
   3.4717014e-02   4.0341699e-03
   3.1956674e-02   1.0026470e-03
   4.6244969e-02  -1.0072680e-03
   5.5182626e-02   0.0000000e+00
   4.6197584e-02   4.5282372e-03
   6.0137067e-02   2.5071613e-03
   5.4004244e-02   4.0321304e-03
   3.4714773e-02   7.0597974e-03
   3.3267314e-02   2.5090211e-03
   2.8205073e-02   1.0056805e-03
   3.5859563e-02  -6.0272637e-03
   4.4782922e-02  -2.5083546e-03
   4.2349457e-02   0.0000000e+00
   3.9856532e-02   8.0674250e-03
   3.2112367e-02   6.0455864e-03
   2.5638221e-02   7.5429116e-03
   3.7289794e-02  -5.0424364e-04
   1.9211673e-02   2.0096328e-03
   2.0512332e-02  -3.5202718e-03
   3.5931455e-02  -4.5293659e-03
   2.5717061e-02  -1.0087047e-03
   8.9903394e-03   1.0078810e-02
   2.3075801e-02   5.0287935e-03
   3.0678466e-02   0.0000000e+00
   4.7295877e-02  -1.0022868e-03
   3.9743590e-02   0.0000000e+00
   3.4717676e-02  -2.5213562e-03
   3.4683371e-02   2.5188665e-03
   2.5640016e-02   4.5257470e-03
   4.3588981e-02   3.0160565e-03
   5.8858239e-02  -5.0145481e-04
   4.2346486e-02   6.0382579e-03
   4.6104593e-02   6.5279150e-03
   3.4682965e-02   3.5264131e-03
   4.6199385e-02  -5.0313747e-04
   6.9230635e-02  -1.0044938e-03
   6.7874362e-02   7.5266917e-03
   4.8611664e-02   1.0533973e-02
   2.1816004e-02   3.0203052e-03
   8.9654998e-03  -1.0049022e-03
   1.0276660e-02  -1.0078736e-03
   1.6649438e-02  -5.0242185e-03
   2.1772723e-02  -4.0191407e-03
   2.0432062e-02  -2.0036818e-03
   0.0000000e+00   8.0394089e-03
  -1.5409123e-02   1.4109680e-02
  -2.1853388e-02   1.2105114e-02
  -1.6650117e-02   2.0096874e-03
  -1.5316600e-02  -1.6030320e-02
  -3.8480312e-02  -1.6103502e-02
  -5.2615069e-02  -3.0182594e-03
  -6.9425199e-02   9.0671940e-03
  -7.9394958e-02   9.5290371e-03
  -7.8272567e-02   8.0407163e-03
  -6.2881026e-02  -3.5200699e-03
  -4.9899158e-02  -5.0159909e-03
  -5.5069375e-02  -6.5261659e-03
  -7.0582428e-02   0.0000000e+00
  -8.3333333e-02   0.0000000e+00
  -8.5719005e-02   7.5132088e-03
  -8.3004893e-02   2.4998210e-03
  -9.3481160e-02  -9.5222023e-03
  -9.7408617e-02  -1.2037243e-02
  -1.0351335e-01  -1.1497514e-02
  -1.1035987e-01  -5.0165053e-03
  -1.0608769e-01   6.4975710e-03
  -7.2789784e-02   0.0000000e+00
  -7.2929538e-02  -5.0118040e-03
  -7.4131563e-02  -7.5099209e-03
  -7.8430707e-02  -6.5459591e-03
  -7.7150996e-02   1.5106951e-03
  -6.9023212e-02   5.0076951e-03
  -6.5311037e-02   8.5311095e-03
  -5.2460630e-02   0.0000000e+00
  -6.5248795e-02  -7.5200593e-03
  -6.9156889e-02  -6.5227950e-03
  -6.4221223e-02  -8.0534176e-03
  -6.7881740e-02   5.0177945e-04
  -5.8908937e-02   8.0311654e-03
  -5.1273051e-02   9.5487864e-03
  -4.3461139e-02   5.0119492e-04
  -4.9997569e-02  -5.0258698e-03
  -6.4096455e-02  -7.0328753e-03
  -4.8713945e-02  -6.5338751e-03
  -4.9950715e-02   5.0209255e-04
  -4.6288537e-02   5.0413153e-03
  -3.9663798e-02   4.5156151e-03
  -4.3589214e-02   2.5133804e-03
  -4.4871249e-02  -2.5132962e-03
  -4.6103340e-02  -7.5322096e-03
  -4.2432715e-02  -2.5209126e-03
  -3.8461464e-02   1.0054772e-03
  -2.6842607e-02   4.5123125e-03
  -2.1793589e-02   5.5317670e-03
  -1.6683046e-02   1.5102409e-03
  -1.5414832e-02  -2.5195857e-03
   0.0000000e+00  -4.0356083e-03
  -5.1383399e-03   0.0000000e+00
  -2.5666225e-03  -1.5103623e-03
   1.2807882e-02   0.0000000e+00
   1.0266290e-02   3.5240757e-03
   3.8456751e-03   8.0473021e-03
   6.4158811e-03   7.5517343e-03
   1.6666270e-02  -3.5204208e-03
   2.1794776e-02  -1.5086637e-03
   3.4547244e-02   0.0000000e+00
   4.3589214e-02   2.5133804e-03
   4.4870398e-02   4.0212739e-03
   4.1024364e-02   4.0216665e-03
   4.2388800e-02   5.5405333e-03
   4.8860983e-02   4.0327607e-03
   5.4853900e-02   6.0005479e-03
   5.9996956e-02   1.4012578e-02
   7.1371314e-02  -2.9954889e-03
   4.5837392e-02   4.9920007e-04
   3.5922792e-02   1.2078309e-02
   5.0197626e-02   2.0182979e-03
   5.3740053e-02   1.0030803e-03
   4.6093254e-02  -1.3055830e-02
   4.7511462e-02  -1.4101250e-02
   4.0983233e-02   5.0221353e-03
   5.1584230e-02   5.5610994e-03
   6.2940946e-02   5.5369916e-03
   7.0512683e-02   1.0044407e-03
   6.4164719e-02   3.0170576e-03
   6.8142846e-02   7.5563894e-03
   8.7265378e-02   1.0046492e-03
   9.2125806e-02   1.0014256e-03
   1.0523193e-01  -5.0181369e-04
   9.3857128e-02   7.5471171e-03
   9.1192668e-02   8.5461866e-03
   8.9634120e-02   1.1027992e-02
   9.1205534e-02   0.0000000e+00
   9.4591205e-02   2.0006106e-03
   1.0394740e-01  -2.5092665e-03
   9.3774658e-02   5.0264654e-04
   1.0236042e-01   3.0025176e-03
   9.8707149e-02   7.5227203e-03
   1.0522332e-01   6.5235780e-03
   1.1120035e-01   6.4954503e-03
   1.1689153e-01   5.0192742e-03
   1.1677979e-01   3.0086154e-03
   9.4777589e-02   2.0045319e-03
   7.3217769e-02   5.0315510e-03
   6.0254037e-02   4.5217725e-03
   3.9782804e-02   5.0321951e-04
   2.0553360e-02   0.0000000e+00
   1.2858556e-02   0.0000000e+00
   8.9655129e-03   5.0245111e-04
   2.5666325e-03   5.0345410e-04
  -1.2807726e-03  -2.5123141e-03
  -7.6922142e-03  -2.5147489e-03
  -1.0297030e-02   0.0000000e+00
   1.2858550e-03   5.0445079e-04
   9.0005488e-03   5.0443895e-03
   1.5384428e-02   2.5146168e-03
   1.0246126e-02   3.0146847e-03
   8.9566886e-03   5.0195659e-04
   1.0276499e-02  -3.0236209e-03
   1.6715828e-02  -3.0264560e-03
   2.1881145e-02   1.0097580e-03
   2.8176465e-02   4.0187605e-03
   2.8176465e-02   4.0187605e-03
   2.9486821e-02   2.5141462e-03
   3.2019704e-02   0.0000000e+00
   3.7252892e-02  -1.0074916e-03
   4.3675804e-02  -1.0073368e-03
   4.8765828e-02   1.5093037e-03
   4.6238536e-02   8.5617782e-03
   4.2346486e-02   6.0382579e-03
   3.5998868e-02   8.5723806e-03
   4.8860983e-02  -4.0327607e-03
   5.6743240e-02  -5.0547105e-03
   6.3069276e-02  -5.0435729e-04
   6.9363491e-02   5.5356032e-03
   8.3652870e-02   8.0625287e-03
   8.5971508e-02   8.0377199e-03
   8.7433005e-02   5.5364523e-03
   8.7522650e-02   3.5266695e-03
   1.0168317e-01   0.0000000e+00
   1.0918780e-01  -3.0131059e-03
   1.1689581e-01   2.5096371e-03
   1.2727723e-01   9.5389449e-03
   1.3252334e-01   1.4065662e-02
   1.2880982e-01   1.1065708e-02
   1.3785683e-01   3.0157957e-03
   1.3873491e-01  -1.0022142e-03
   1.4144384e-01  -1.0029828e-03
   1.4272550e-01   4.0115027e-03
   1.4728485e-01   4.4934184e-03
   1.4555817e-01   1.0548525e-02
   1.4526076e-01   1.2031903e-02
   1.5526856e-01   6.4987196e-03
   1.6201582e-01   2.5028921e-03
   1.6057312e-01   0.0000000e+00
   1.8736344e-01   1.4949185e-03
   1.8184300e-01   2.5053698e-03
   1.7982926e-01   5.9903807e-03
   1.7964721e-01   6.9820078e-03
   1.7080570e-01   1.1492088e-02
   1.6713760e-01   8.5056388e-03
   1.7581227e-01   2.4945655e-03
   1.7068081e-01   9.9834227e-04
   1.7006729e-01   2.5059020e-03
   1.6231854e-01   8.0248869e-03
   1.6393415e-01   7.5371177e-03
   1.6825689e-01   8.4963055e-03
   1.6618327e-01   8.0219198e-03
   1.6169005e-01   4.9960519e-03
   1.5800017e-01   3.5018972e-03
   1.5460784e-01   1.5057414e-03
   1.4687088e-01   5.0225541e-03
   1.3797641e-01   8.5531371e-03
   1.4271210e-01   8.0230054e-03
   1.4772374e-01   3.5051094e-03
   1.3703768e-01   4.9969415e-03
   1.3372107e-01   5.5198331e-03
   1.3501319e-01   2.5087612e-03
   1.3412375e-01   3.5229653e-03
   1.3669122e-01   7.5476680e-03
   1.2998369e-01   8.0391123e-03
   1.2318828e-01   6.5157227e-03
   1.2472580e-01   3.0128707e-03
   1.1595634e-01   5.0345214e-04
   1.1701263e-01  -1.0048398e-03
   1.0029595e-01   2.0118255e-03
   1.0929238e-01   5.0267755e-03
   1.1281503e-01   5.0107516e-03
   1.1443756e-01   4.0200615e-03
   1.0939543e-01   7.0444045e-03
   9.6528929e-02   5.5392044e-03
   9.2216749e-02   0.0000000e+00
   9.0098966e-02   5.0374209e-04
   9.0009891e-02   0.0000000e+00
   8.2126518e-02   6.0294396e-03
   7.5786814e-02   5.0309829e-03
   7.0648725e-02   5.0320995e-03
   6.9568916e-02   6.0567436e-03
   6.6729226e-02   5.0279308e-03
   6.8082971e-02   5.0326287e-04
   5.7692055e-02   1.5073921e-03
   5.1331775e-02   3.0183783e-03
   4.7576075e-02   2.5205678e-03
   3.7252801e-02   1.5112373e-03
   2.9542628e-02   7.0535145e-03
   2.8259490e-02   5.0383353e-03
   3.3398802e-02  -2.5189317e-03
   2.4383021e-02   0.0000000e+00
   2.3122428e-02   1.5116186e-03
   1.5429180e-02   6.0529861e-03
   1.5414749e-02   3.0235029e-03
   1.5414990e-02   1.0078343e-03
   2.1816376e-02  -5.0338420e-04
   7.7073744e-03   3.0236623e-03
   1.2845543e-03   3.5276663e-03
  -3.8499431e-03   1.0069058e-03
   5.1332450e-03  -1.5103535e-03
   5.1332650e-03  -5.0345116e-04
   1.2832944e-03   3.0207290e-03
   1.2833012e-03   2.5172742e-03
  -4.6197157e-02  -5.0313747e-03
  -5.5128205e-02   0.0000000e+00
  -6.8015762e-02  -5.0276742e-04
  -8.7093554e-02   5.0133922e-04
  -9.6247594e-02   2.5104044e-03
  -1.1293189e-01   0.0000000e+00
  -1.1432784e-01  -1.0040299e-03
  -1.1829588e-01  -3.5166270e-03
  -1.2447300e-01  -6.0139528e-03
  -1.4271992e-01  -6.0172541e-03
  -1.4900829e-01  -3.5047193e-03
  -1.5083514e-01  -1.4943993e-03
  -1.5271404e-01  -1.5000505e-03
  -1.5339048e-01  -2.4901002e-03
  -1.4471109e-01  -7.9900455e-03
  -1.3434512e-01  -4.4937824e-03
  -1.2692005e-01  -3.5040490e-03
  -1.1549711e-01   2.5073989e-03
  -1.0790177e-01   4.0178037e-03
  -9.3405105e-02   1.5020334e-03
  -8.5559921e-02   0.0000000e+00
  -7.9329325e-02  -3.0062188e-03
  -7.8125008e-02  -4.5140229e-03
  -7.6922142e-02  -2.5104019e-03
  -6.0137329e-02  -2.0057291e-03
  -6.2944633e-02   5.0336287e-04
  -5.1280455e-02   4.0205416e-03
  -4.3675697e-02   1.5110052e-03
  -4.3589404e-02  -2.0107043e-03
  -4.4960277e-02  -1.5109543e-03
  -4.2181586e-02  -4.0096891e-03
  -3.8461071e-02  -2.5136930e-03
  -2.5615652e-02   1.5070966e-03
  -2.3120904e-02   6.0464745e-03
  -1.7965377e-02   5.5374771e-03
  -2.0492124e-02   3.5168045e-03
  -2.1794776e-02  -1.5086637e-03
  -1.5384249e-02  -3.5204635e-03
  -9.0007734e-03  -3.5310726e-03
  -5.1383173e-03   1.5118459e-03
  -1.2781804e-03   6.0176962e-03
  -7.6989410e-03   8.0551400e-03
  -1.1549576e-02   3.5240465e-03
  -7.7151335e-03   0.0000000e+00
   3.8497987e-03  -4.5310759e-03
   1.4115495e-02  -6.0411049e-03
   1.4116486e-02   0.0000000e+00
   1.9173708e-02   3.0085223e-03
   2.1772723e-02   4.0191407e-03
   2.0592838e-02   5.5537586e-03
   2.4382439e-02   3.5235659e-03
   2.3145118e-02  -2.5218555e-03
   2.5665537e-02  -4.0268559e-03
   2.3099299e-02  -3.0202537e-03
   2.5665887e-02   3.0201419e-03
   3.4613348e-02   5.5305841e-03
   4.7572724e-02   6.5534762e-03
   5.1481515e-02   6.0546595e-03
   6.0434947e-02   1.5117204e-03
   5.6410229e-02  -5.0248573e-04
   5.3899073e-02   1.5090688e-03
   5.9147014e-02   4.5353672e-03
   6.4351105e-02   6.5563274e-03
   7.5715106e-02   2.0104133e-03
   8.2372200e-02   5.0393978e-03
   1.2367315e-01   7.5476791e-03
   1.2845223e-01   5.0151008e-03
   1.5143021e-01  -2.0002951e-03
   1.6089109e-01   0.0000000e+00
   1.6457374e-01   7.0063837e-03
   1.8015529e-01   1.1003702e-02
   1.9280441e-01   1.3971686e-02
   2.0917413e-01   3.9764911e-03
   2.2395765e-01   2.4880997e-03
   2.3167908e-01   2.9827055e-03
   2.4324396e-01   6.9486920e-03
   2.4861321e-01   9.9290119e-03
   2.5761964e-01   1.0907705e-02
   2.5966345e-01   1.2366844e-02
   2.5583521e-01   9.8990784e-03
   2.4217245e-01   9.9379856e-03
   2.2630782e-01   2.4848833e-03
   2.1514567e-01   6.4826700e-03
   2.0632322e-01   7.9951448e-03
   1.9669348e-01   1.0474209e-02
   2.0204346e-01   9.4802064e-03
   1.8881841e-01   6.4833426e-03
   1.7596881e-01   7.4909586e-03
   1.6878089e-01  -5.0124405e-04
   1.6314197e-01  -1.0000610e-03
   1.5460366e-01   4.0153104e-03
   1.4928052e-01   9.5314016e-03
   1.4385772e-01   7.5134154e-03
   1.4041842e-01   8.0404352e-03
   1.3744516e-01   4.5104319e-03
   1.3372793e-01   2.0072120e-03
   1.2460176e-01   3.5115741e-03
   1.3514792e-01   1.5067312e-03
   1.3602834e-01   3.5050486e-03
   1.3358217e-01   7.5196851e-03
   1.2740077e-01   1.0050842e-02
   1.2832412e-01   5.5112177e-03
   1.2344189e-01   1.0043842e-03
   1.2074103e-01   6.5233033e-03
   1.0929126e-01   5.5294530e-03
   1.0682833e-01   4.0260324e-03
   1.0533468e-01   2.5115316e-03
   1.0683085e-01   2.0130162e-03
   1.0147820e-01   4.5218164e-03
   9.2572727e-02   7.0444730e-03
   8.0921111e-02   7.0417043e-03
   7.5863105e-02   4.0287539e-03
   7.0652139e-02   5.0320995e-04
   7.1935495e-02  -3.0190966e-03
   6.9504950e-02   0.0000000e+00
   5.7859426e-02   6.0474249e-03
   6.0546412e-02   8.5833591e-03
   5.2767906e-02   6.5589545e-03
   5.1431179e-02   5.5446234e-03
   4.8717356e-02  -2.5130289e-03
   4.7622269e-02  -4.0368961e-03
   2.8260745e-02  -1.5115006e-03
   1.9325914e-02   2.0215804e-03
   1.7965727e-02   4.5306631e-03
  -5.0147975e-02  -2.0163045e-03
  -5.3898652e-02  -2.5151146e-03
  -6.0135931e-02   4.0114581e-03
  -6.4164719e-02   3.0170576e-03
  -7.4428753e-02   5.0263189e-03
  -8.4530543e-02  -3.0084249e-03
  -1.0640772e-01  -3.5089745e-03
  -1.1526640e-01  -4.5044942e-03
  -1.2143536e-01  -9.9860251e-04
  -1.2283173e-01  -3.4981982e-03
  -1.2910421e-01  -1.9960804e-03
  -1.3359521e-01  -2.5065617e-03
  -1.4244790e-01  -1.0009192e-03
  -1.4886012e-01  -4.0014906e-03
  -1.4385975e-01  -7.0125210e-03
  -1.4728607e-01  -3.9941497e-03
  -1.3319964e-01  -2.9990763e-03
  -1.3191958e-01  -2.4994787e-03
  -1.3089730e-01  -2.0036886e-03
  -1.3461512e-01  -1.0005671e-03
  -1.2576352e-01  -2.5055778e-03
  -1.1794820e-01  -1.5027034e-03
  -1.0630537e-01   5.0079148e-04
  -1.0009633e-01  -3.5137846e-03
  -9.4964292e-02  -2.5105856e-03
  -9.2398095e-02  -2.0087528e-03
  -8.8723341e-02  -2.0131211e-03
  -7.5790477e-02   5.0309829e-04
  -6.5449161e-02   0.0000000e+00
  -5.8974244e-02   1.0048837e-03
  -5.5128178e-02   5.0250695e-04
  -5.2460401e-02  -1.5046808e-03
  -4.3589659e-02  -1.0053522e-03
  -4.3718898e-02  -1.5124981e-03
  -3.6003886e-02   1.0085154e-03
  -3.3333333e-02   0.0000000e+00
  -2.3099693e-02   5.0337562e-04
  -1.1584153e-02  -5.0493045e-04
  -7.7151184e-03   1.0088843e-03
  -3.8651656e-03   2.5272435e-03
   2.5666225e-03   1.5103623e-03
   1.2820457e-02  -1.5088024e-03
   2.7029372e-02   2.5242069e-03
   3.3331372e-02   5.5307266e-03
   3.2145619e-02   3.5300782e-03
   3.0890711e-02   2.5240400e-03
   3.3465347e-02   0.0000000e+00
   4.3762376e-02   0.0000000e+00
   5.7806070e-02   1.5103653e-03
   6.9434028e-02   4.0298640e-03
   6.9365930e-02   3.5226566e-03
   7.0790830e-02   3.0252208e-03
   7.0719255e-02   4.5333560e-03
   7.7224657e-02   4.5365566e-03
   8.3496556e-02   3.0174976e-03
   9.2579383e-02   3.5222365e-03
   9.6533471e-02   2.5178202e-03
   1.0148043e-01   3.0145442e-03
   9.7817899e-02   4.5317428e-03
   1.0693420e-01   4.0299957e-03
   1.1595497e-01   2.5172607e-03
   1.1746787e-01   6.5571931e-03
   1.1420580e-01   6.5198013e-03
   1.1432354e-01   4.5181346e-03
   1.1220150e-01   2.0163134e-03
   2.2051130e-01   7.4823828e-03
   2.3210163e-01   9.4633960e-03
   2.3161779e-01   1.1930822e-02
   2.3210163e-01   9.4633960e-03
   2.2545737e-01   5.4781760e-03
   2.3342324e-01   4.4818898e-03
   2.4220289e-01   5.9627913e-03
   2.4216246e-01   1.0931784e-02
   2.3618468e-01   1.1460752e-02
   2.3362703e-01   8.9724025e-03
   2.3315539e-01   9.9501920e-03
   2.4348499e-01   6.9553454e-03
   2.3703660e-01   7.9560095e-03
   2.3482765e-01   6.4406644e-03
   2.2650967e-01   7.4618132e-03
   2.2179386e-01   8.4786429e-03
   2.2134275e-01   9.9556789e-03
   2.1427216e-01   9.9350011e-03
   2.1084690e-01   8.9629592e-03
   2.1108652e-01   2.4921126e-03
   2.1000898e-01   1.4969456e-03
   2.0135056e-01   1.0009698e-02
   1.9599317e-01   1.0005926e-02
   1.9469570e-01   1.1008124e-02
   1.8679799e-01   7.5046684e-03
   1.7708530e-01   5.9861697e-03
   1.6715722e-01   3.5023218e-03
   1.5558366e-01   4.0070119e-03
   1.4989697e-01   3.5253487e-03
   1.4529145e-01   6.0159515e-03
   1.4914692e-01   6.5151187e-03
   1.5542719e-01   5.0038852e-03
   1.5459759e-01   6.0229657e-03
   1.4915195e-01   5.0116297e-03
   1.5158073e-01   1.0011226e-03
   1.5217984e-01   3.0151252e-03
   1.4627503e-01   9.0053465e-03
   1.4427295e-01   1.0047311e-02
   1.3642254e-01   7.0306928e-03
   1.2870883e-01   4.0199483e-03
   1.2625966e-01   4.0246689e-03
   1.2588877e-01   1.5048184e-03
   1.2626264e-01   2.0123344e-03
   1.2497424e-01   2.0125254e-03
   1.2355945e-01   4.5241638e-03
   1.1993050e-01   6.5495642e-03
   1.1957615e-01   6.0279624e-03
   1.2986830e-01   3.5136672e-03
   1.3012654e-01   3.0176253e-03
   1.2716640e-01   5.5171418e-03
   1.2729815e-01   2.5102487e-03
   1.3256776e-01   5.0234507e-03
   1.2999083e-01   6.0293343e-03
   1.2729217e-01   5.5225471e-03
   1.2215031e-01   5.0223861e-03
   1.1666462e-01   3.0056720e-03
   1.0800849e-01   4.0217505e-03
   1.1058163e-01   3.0158148e-03
   1.0404889e-01   3.5164223e-03
   9.9006957e-02   4.5269486e-03
   9.4049777e-02   4.5371993e-03
   8.8634806e-02   3.0167116e-03
   8.5894763e-02   4.0149138e-03
   8.7351395e-02   1.5084562e-03
   8.2294597e-02   1.0068866e-03
   3.9821648e-02   2.5185815e-03
   3.7252310e-02   3.0224747e-03
   3.8384916e-02   3.5122487e-03
   3.2050518e-02   3.5196405e-03
   2.9516159e-02   1.5099761e-03
   3.0829904e-02   1.5114327e-03
   2.1859160e-02   3.0262784e-03
   1.7966358e-02   1.5102210e-03
   1.4102454e-02   2.0117160e-03
   1.4060964e-02   0.0000000e+00
   8.9831481e-03   2.0137723e-03
   8.9832182e-03   0.0000000e+00
   6.4039285e-03   1.0049139e-03
   1.1527088e-02  -5.0244330e-04
   7.7074760e-03   1.5118311e-03
   1.1584068e-02   2.0197218e-03
   1.0246286e-02   1.0048949e-03
   1.5369339e-02   2.0097118e-03
   1.0266530e-02  -5.0343938e-04
   2.5666225e-03   1.5103623e-03
   2.5615714e-03   1.0049242e-03
  -3.8613786e-03   1.0098965e-03
  -6.4102065e-03   2.0118099e-03
  -1.4116479e-02   5.0342540e-04
  -1.4074796e-02  -5.0193909e-04
  -2.0512731e-02   1.5086879e-03
  -2.1816344e-02  -1.0067684e-03
  -2.9516274e-02   5.0332537e-04
  -2.8149606e-02   0.0000000e+00
  -3.1987802e-02   2.5090830e-03
  -3.4615385e-02   0.0000000e+00
  -3.5826754e-02   5.0177799e-04
  -3.7179469e-02  -5.0275301e-04
  -4.3632753e-02  -5.0317175e-04
  -4.6108352e-02   5.0214731e-04
  -4.6062903e-02  -1.0033074e-03
  -5.1230309e-02   3.5145133e-03
  -5.2460528e-02  -1.0031206e-03
  -5.2615351e-02  -2.5152161e-03
  -5.3736409e-02  -6.0184818e-03
  -5.5236723e-02  -2.0139931e-03
  -5.6632969e-02   2.5223601e-03
  -5.7805619e-02   2.5172754e-03
  -6.1356814e-02   1.0018346e-03
  -6.5448874e-02  -1.5084547e-03
  -6.8082472e-02  -2.0130515e-03
  -7.7150392e-02  -2.5178251e-03
  -7.7073744e-02  -3.0184150e-03
  -7.5640695e-02  -1.5063280e-03
  -6.8015795e-02   0.0000000e+00
  -6.6665856e-02   2.5114926e-03
  -6.4102564e-02   0.0000000e+00
  -7.4212455e-02  -1.0023051e-03
  -7.1722885e-02  -3.0102003e-03
  -7.0650932e-02  -3.0192597e-03
  -6.1356458e-02  -2.0036692e-03
  -6.0256410e-02   0.0000000e+00
  -5.4965558e-02   5.0102728e-04
  -5.1231527e-02   0.0000000e+00
  -4.6062992e-02   0.0000000e+00
  -4.5004858e-02   1.0082980e-03
  -3.9704433e-02   0.0000000e+00
  -4.4916003e-02  -1.0063097e-03
  -3.5861999e-02  -1.0045440e-03
  -3.5862069e-02   0.0000000e+00
