   1.3871781e-02  -4.6598671e-02
  -9.4955368e-03   1.3447859e-01
  -4.7303341e-03   1.4029003e-01
  -9.4247311e-03   1.4609469e-01
  -1.2872730e-02   1.5442390e-01
  -1.1605984e-02   1.6047651e-01
  -1.5016265e-02   1.6563975e-01
  -1.7224444e-02   1.6956818e-01
  -2.7514618e-02   1.7431202e-01
  -1.4847771e-02   1.7922722e-01
  -1.8352261e-02   1.8271237e-01
  -1.0301811e-02   1.8280820e-01
  -9.1631456e-03   1.8451714e-01
  -1.4933798e-02   1.8461661e-01
  -1.2672128e-02   1.8103622e-01
  -1.7334438e-02   1.7959598e-01
  -1.7431444e-02   1.7761880e-01
  -2.0943339e-02   1.7733861e-01
  -2.1208849e-02   1.7150981e-01
  -2.2362583e-02   1.7024862e-01
  -2.1261973e-02   1.6678999e-01
  -2.4880002e-02   1.6268985e-01
  -3.2065672e-02   1.5643923e-01
  -3.0985881e-02   1.4843232e-01
  -2.6241888e-02   1.4408082e-01
  -2.8710042e-02   1.3806256e-01
  -2.5089199e-02   1.3689216e-01
  -2.3986179e-02   1.3401402e-01
  -1.7986073e-02   1.3105271e-01
  -3.5887081e-03   1.2829578e-01
   0.0000000e+00   1.2336190e-01
   3.5950040e-03   1.1649396e-01
  -1.2012334e-03   1.1203104e-01
  -1.2121640e-03   1.0217517e-01
   0.0000000e+00   9.5005035e-02
   4.8776096e-03   8.4526955e-02
   0.0000000e+00   7.1039157e-02
  -3.6759190e-03   6.2870457e-02
   3.6677991e-03   5.6846053e-02
   4.8883560e-03   5.0970711e-02
   9.7937396e-03   5.1959422e-02
   1.1064018e-02   4.7215301e-02
   6.1577578e-03   4.3696846e-02
   2.4534000e-03   3.8599126e-02
   0.0000000e+00   3.0381526e-02
   0.0000000e+00   2.5861723e-02
   0.0000000e+00   2.0145875e-02
   0.0000000e+00   9.4108761e-03
  -1.2472686e-03   8.0909050e-03
   8.7058710e-03  -1.7925033e-03
   9.9294025e-03  -3.1305521e-03
   2.5115478e-02  -1.4001894e-01
   3.3225357e-02  -1.4273819e-01
   2.7175846e-02  -1.4159378e-01
   2.8239011e-02  -1.4339206e-01
   2.3589061e-02  -1.4279976e-01
   2.5956953e-02  -1.4531624e-01
   2.5948725e-02  -1.4427706e-01
   3.1904709e-02  -1.4603867e-01
   3.6510087e-02  -1.4945450e-01
   4.0091331e-02  -1.5063735e-01
   4.3556180e-02  -1.5737221e-01
   4.1157092e-02  -1.5316773e-01
   4.9174272e-02  -1.5789231e-01
   4.1020851e-02  -1.5359997e-01
   4.3576555e-02  -1.4942368e-01
   4.3523983e-02  -1.4674452e-01
   4.3690480e-02  -1.4094610e-01
   4.0248307e-02  -1.3547251e-01
   3.4373174e-02  -1.3665895e-01
   2.9835653e-02  -1.3377177e-01
   3.6005678e-02  -1.3114004e-01
   3.4913892e-02  -1.2766792e-01
   3.5166462e-02  -1.2229902e-01
   4.6431767e-02  -1.2326351e-01
   4.4299726e-02  -1.2173919e-01
   3.9360324e-02  -1.2071335e-01
   3.2122771e-02  -1.1834741e-01
   2.0979680e-02  -1.1479142e-01
   3.2227376e-02  -1.1432121e-01
   3.1065047e-02  -1.0145747e-01
   1.7375121e-02  -9.0816279e-02
   9.9796554e-03  -8.6067044e-02
   4.9775327e-03  -8.2068983e-02
   8.7098953e-03  -7.9706245e-02
   9.9713319e-03  -7.2344205e-02
   1.1243954e-02  -7.4391703e-02
   1.3736294e-02  -6.6882273e-02
   2.3682504e-02  -6.6283462e-02
   1.7423160e-02  -6.4794841e-02
   1.6238808e-02  -5.5790209e-02
   7.5122232e-03  -4.6721858e-02
   7.5063352e-03  -3.5725962e-02
   1.2501454e-03  -2.7530412e-02
  -3.7448169e-03  -2.3420945e-02
   2.4963240e-03  -1.3498456e-02
   1.3673217e-02  -1.4787612e-02
   2.2359659e-02  -8.9522546e-03
   2.2429649e-02  -6.2855425e-03
   1.0010003e-02  -2.2542319e-03
  -6.2622137e-03   5.4157519e-03
  -3.8041437e-02   1.4300908e-01
  -3.5482223e-02   1.4766696e-01
  -3.5209708e-02   1.5738268e-01
  -4.2256669e-02   1.6142494e-01
  -4.3278514e-02   1.6484956e-01
  -4.9060532e-02   1.7072189e-01
  -4.5316037e-02   1.6971306e-01
  -4.4172077e-02   1.7185655e-01
  -4.0728563e-02   1.7312216e-01
  -4.2959237e-02   1.7473155e-01
  -4.8791003e-02   1.7792915e-01
  -5.2375364e-02   1.7412616e-01
  -5.7122041e-02   1.7597529e-01
  -5.2930780e-02   1.7363020e-01
  -4.1290348e-02   1.7114917e-01
  -3.6592493e-02   1.6350816e-01
  -3.7658219e-02   1.5784965e-01
  -4.4870894e-02   1.5588248e-01
  -5.0546857e-02   1.5506608e-01
  -5.0286999e-02   1.5667634e-01
  -5.0336289e-02   1.5384394e-01
  -4.4565470e-02   1.5119914e-01
  -3.8621103e-02   1.4840090e-01
  -3.4102147e-02   1.4426355e-01
  -3.0616101e-02   1.3909894e-01
  -2.8412684e-02   1.3698639e-01
  -2.1424080e-02   1.3486707e-01
  -1.6774727e-02   1.3389231e-01
  -1.3193400e-02   1.3060931e-01
  -2.0480266e-02   1.2487003e-01
  -2.6606419e-02   1.1809630e-01
  -3.3986313e-02   1.0749485e-01
  -3.7793977e-02   1.0274569e-01
  -4.1617280e-02   9.6524780e-02
  -4.0571625e-02   9.1300298e-02
  -3.8397246e-02   8.5866054e-02
  -3.3562026e-02   7.9596462e-02
  -3.3602440e-02   7.0809865e-02
  -4.2373931e-02   6.3468518e-02
  -4.3773818e-02   5.8598927e-02
  -4.8783595e-02   5.4446699e-02
  -4.7818472e-02   4.6926536e-02
  -3.5156621e-02   4.3164168e-02
  -3.1297585e-02   3.7561608e-02
  -2.5094409e-02   3.0355212e-02
  -2.3787924e-02   2.3939709e-02
  -2.2580971e-02   1.3564804e-02
  -1.3735248e-02   4.9491378e-03
  -1.1204614e-02  -8.9714050e-04
  -1.4968933e-02  -4.4946193e-03
   1.7850955e-02  -1.3828890e-01
   2.7251294e-02  -1.4350982e-01
   3.4422068e-02  -1.4228521e-01
   4.3853147e-02  -1.5198735e-01
   3.5796433e-02  -1.4660519e-01
   3.2030976e-02  -1.4917925e-01
   2.3668191e-02  -1.5281058e-01
   2.1124566e-02  -1.5893443e-01
   9.4484865e-03  -1.5856837e-01
   4.7090672e-03  -1.6721348e-01
   3.5396443e-03  -1.6971802e-01
   4.7024124e-03  -1.7318037e-01
  -2.3663998e-03  -1.6869842e-01
  -4.7101116e-03  -1.7772437e-01
  -1.6529569e-02  -1.6879150e-01
  -1.0544478e-02  -1.7093797e-01
  -1.5212373e-02  -1.6298799e-01
  -9.3670331e-03  -1.5652760e-01
  -8.1970382e-03  -1.5204536e-01
  -1.2989584e-02  -1.4251641e-01
  -1.3024060e-02  -1.3997637e-01
  -1.3117891e-02  -1.3174418e-01
  -1.6775967e-02  -1.3047227e-01
  -1.4476177e-02  -1.2603633e-01
  -1.8151230e-02  -1.2596290e-01
  -2.2979251e-02  -1.2686017e-01
  -3.0444025e-02  -1.2384892e-01
  -3.5357585e-02  -1.1813000e-01
  -3.4288214e-02  -1.1576180e-01
  -3.8183566e-02  -1.0868213e-01
  -4.6056278e-02  -1.0208662e-01
  -4.2408257e-02  -1.0426090e-01
  -4.5028863e-02  -1.0066696e-01
  -4.3648703e-02  -1.0035858e-01
  -4.0252790e-02  -9.3023364e-02
  -4.8089469e-02  -8.6330858e-02
  -5.2103522e-02  -8.3797156e-02
  -5.7034088e-02  -7.7326551e-02
  -5.2007791e-02  -7.7885057e-02
  -5.9968643e-02  -6.7343077e-02
  -4.9552967e-02  -6.4245564e-02
  -3.1676748e-02  -5.2389556e-02
  -1.5063488e-02  -4.8682430e-02
  -2.6205781e-02  -4.3360705e-02
  -2.9782342e-02  -3.5876599e-02
  -4.0829131e-02  -2.9471780e-02
  -4.2056396e-02  -1.2923364e-02
  -4.7200646e-02  -1.0289265e-02
  -5.1094750e-02  -8.9731512e-04
  -3.9877611e-02  -3.5904596e-03
  -2.3829624e-02   1.6477994e-01
  -1.9003760e-02   1.6628147e-01
  -1.8858774e-02   1.7106095e-01
  -1.6488209e-02   1.7615620e-01
  -2.2226694e-02   1.8215594e-01
  -2.0930663e-02   1.8459176e-01
  -3.0123224e-02   1.9285620e-01
  -3.1270129e-02   1.9330569e-01
  -3.3503743e-02   1.9380802e-01
  -2.1865061e-02   1.9242106e-01
  -2.7625933e-02   1.9085118e-01
  -2.5375972e-02   1.8706093e-01
  -3.0071423e-02   1.8870816e-01
  -2.9178041e-02   1.8376410e-01
  -3.1416458e-02   1.8629280e-01
  -2.8957019e-02   1.8690294e-01
  -3.1320686e-02   1.8244924e-01
  -3.1371003e-02   1.7649281e-01
  -3.7578460e-02   1.7183012e-01
  -4.1030367e-02   1.6733376e-01
  -3.7628711e-02   1.6177417e-01
  -3.9024862e-02   1.5667859e-01
  -4.1092970e-02   1.5540702e-01
  -4.2422544e-02   1.5302217e-01
  -4.2411290e-02   1.5047516e-01
  -4.0163966e-02   1.5094131e-01
  -3.5579026e-02   1.4661608e-01
  -2.9818214e-02   1.4107431e-01
  -2.8711321e-02   1.3314584e-01
  -2.2819398e-02   1.2493659e-01
  -1.3189986e-02   1.2425143e-01
  -1.3176131e-02   1.2604568e-01
  -2.1817428e-02   1.1404892e-01
  -2.6894690e-02   1.0545172e-01
  -2.5667275e-02   9.3118545e-02
  -2.4550768e-02   8.7899889e-02
  -2.5740050e-02   8.1707187e-02
  -2.2155572e-02   7.0487869e-02
  -2.9609444e-02   7.2493797e-02
  -1.7319529e-02   6.4401429e-02
  -2.2230211e-02   6.3368315e-02
  -2.7285980e-02   6.2717656e-02
  -3.3669797e-02   5.0631350e-02
  -3.7451210e-02   4.1544188e-02
  -3.6300312e-02   3.2546844e-02
  -3.7710495e-02   2.4483967e-02
  -3.9097176e-02   2.2284309e-02
  -3.6523944e-02   1.5432020e-02
  -3.6612215e-02   9.5510167e-03
  -3.0089820e-02   4.5164260e-03
  -1.5640795e-02  -1.4649467e-01
  -1.5669867e-02  -1.4832007e-01
  -1.1955901e-02  -1.5715804e-01
  -1.4302461e-02  -1.5865604e-01
  -1.5377901e-02  -1.6345501e-01
  -1.1772342e-02  -1.6308297e-01
  -1.5280327e-02  -1.6381436e-01
  -1.2896676e-02  -1.6590662e-01
  -8.1661146e-03  -1.6855639e-01
  -1.9805361e-02  -1.7033347e-01
  -2.7958557e-02  -1.7966670e-01
  -2.2254757e-02  -1.7924021e-01
  -1.1787743e-02  -1.7634594e-01
  -8.2658723e-03  -1.7406635e-01
  -1.1917580e-02  -1.6589234e-01
  -1.3084238e-02  -1.6709321e-01
  -3.5783408e-03  -1.6190057e-01
   8.3487299e-03  -1.6343712e-01
   1.0795511e-02  -1.5980735e-01
   1.4348372e-02  -1.5409696e-01
   8.4089562e-03  -1.4574856e-01
   0.0000000e+00  -1.3775967e-01
  -4.8070626e-03  -1.3236947e-01
  -4.7900926e-03  -1.3480639e-01
  -4.8007571e-03  -1.3119953e-01
   0.0000000e+00  -1.2553589e-01
   0.0000000e+00  -1.2431174e-01
  -1.2082391e-03  -1.1800601e-01
   0.0000000e+00  -1.1914807e-01
   1.2119813e-03  -1.1791364e-01
   8.5495638e-03  -1.1499706e-01
   9.7781484e-03  -1.1363257e-01
   2.4516229e-03  -1.1011224e-01
   2.4579305e-03  -1.0510714e-01
   4.9290573e-03  -9.9646406e-02
   0.0000000e+00  -9.5454545e-02
  -7.4392004e-03  -8.8360667e-02
  -8.6719902e-03  -8.5452361e-02
  -1.1195193e-02  -7.7803454e-02
  -7.4499645e-03  -7.7192431e-02
   0.0000000e+00  -7.2588652e-02
  -9.8898849e-03  -6.3440796e-02
  -3.7268192e-03  -5.7317179e-02
  -6.1930450e-03  -4.9393922e-02
  -1.6135067e-02  -4.4945620e-02
  -1.9857732e-02  -4.0408457e-02
  -2.9814599e-02  -3.5463870e-02
  -3.1024197e-02  -2.9567670e-02
  -2.2274762e-02  -2.8142995e-02
  -2.3528412e-02  -2.2782000e-02
  -4.3556081e-02   1.3318837e-01
  -4.0047819e-02   1.3862136e-01
  -3.4038080e-02   1.4102780e-01
  -3.6258425e-02   1.4634089e-01
  -4.4497007e-02   1.4305992e-01
  -4.5450229e-02   1.5310264e-01
  -3.8356734e-02   1.4825391e-01
  -4.2941706e-02   1.5043936e-01
  -4.3250512e-02   1.4719798e-01
  -4.5889559e-02   1.4480431e-01
  -4.2564948e-02   1.4510105e-01
  -4.7591522e-02   1.4012809e-01
  -4.4100857e-02   1.3893718e-01
  -4.6359135e-02   1.3999254e-01
  -5.2027569e-02   1.3720139e-01
  -5.3619798e-02   1.3296022e-01
  -6.3341555e-02   1.2798500e-01
  -5.9629309e-02   1.2819503e-01
  -5.3666002e-02   1.2484782e-01
  -4.6523226e-02   1.1916941e-01
  -4.5223280e-02   1.1982404e-01
  -3.8203248e-02   1.1596973e-01
  -4.0496925e-02   1.1473005e-01
  -4.0507495e-02   1.1052338e-01
  -2.8599675e-02   1.0823639e-01
  -2.8787799e-02   1.0710708e-01
  -2.1754582e-02   9.9963649e-02
  -1.6874919e-02   9.5030645e-02
  -7.3221630e-03   8.5058813e-02
  -1.3443512e-02   8.1473885e-02
  -1.7178699e-02   7.0727392e-02
  -2.6966895e-02   6.7895086e-02
  -3.5830303e-02   6.5214639e-02
  -3.2090351e-02   5.8744947e-02
  -3.7023630e-02   5.5543640e-02
  -4.2117345e-02   4.8916728e-02
  -4.5820883e-02   4.1200010e-02
  -4.9620808e-02   3.7650856e-02
  -4.4935920e-02   3.1088750e-02
  -4.0014329e-02   2.5711615e-02
  -2.4963992e-02   1.3045867e-02
  -1.8728275e-02   7.6482609e-03
  -2.3749404e-02   3.1522512e-03
  -2.7359852e-02  -4.9282972e-03
  -3.4858233e-02  -2.6904607e-03
  -3.7526901e-02  -1.0815674e-02
  -3.2644624e-02  -1.5838815e-02
  -2.2579131e-02  -2.4894097e-02
  -1.7486319e-02  -3.3394200e-02
  -3.5508042e-03  -1.6824203e-01
   2.3600268e-03  -1.6404243e-01
   2.3484807e-03  -1.6930789e-01
   0.0000000e+00  -1.7111902e-01
   1.1807768e-03  -1.7143434e-01
  -7.0976458e-03  -1.6761199e-01
  -9.4286099e-03  -1.6845867e-01
  -1.3088665e-02  -1.6663542e-01
  -5.9299115e-03  -1.6967402e-01
  -3.5621707e-03  -1.6107286e-01
   0.0000000e+00  -1.6618827e-01
   2.3849655e-03  -1.6082102e-01
   5.9767939e-03  -1.5303791e-01
   0.0000000e+00  -1.4848469e-01
  -1.2039708e-03  -1.3758666e-01
  -2.4010521e-03  -1.3567045e-01
   0.0000000e+00  -1.3494422e-01
  -6.0019015e-03  -1.2926454e-01
  -1.1997508e-03  -1.2675751e-01
  -7.2215465e-03  -1.2475985e-01
  -1.2077484e-02  -1.2230101e-01
  -1.5605040e-02  -1.2584774e-01
  -1.9362186e-02  -1.2060845e-01
  -1.9419859e-02  -1.1711358e-01
  -2.2011401e-02  -1.0885018e-01
  -1.9750591e-02  -1.0848839e-01
  -1.5009521e-02  -9.6370787e-02
   8.6943061e-03  -1.0240703e-01
   1.1242626e-02  -9.2397866e-02
  -1.0009433e-02  -8.6333487e-02
  -1.6259030e-02  -7.9653370e-02
  -1.8723090e-02  -7.9487494e-02
  -2.6302731e-02  -6.7076751e-02
  -2.4982846e-02  -6.2714187e-02
  -3.2538156e-02  -5.2654941e-02
  -3.0008978e-02  -4.8020284e-02
  -3.3876561e-02  -4.1759664e-02
  -2.2764168e-02  -4.3027602e-02
  -2.0176537e-02  -3.6926391e-02
  -1.3761615e-02  -3.5724394e-02
  -1.1238527e-02  -2.8403075e-02
  -1.2433813e-02  -2.2428296e-02
  -1.6195234e-02  -1.1674071e-02
  -1.9958130e-02  -5.3932351e-03
  -2.1160014e-02   8.9704571e-03
  -1.1122644e-02   1.1135684e-02
  -1.6067023e-02   2.2292698e-02
  -9.9150572e-03   2.4149973e-02
  -4.9717365e-03   1.5684666e-02
  -6.1265212e-02   1.6455121e-01
  -6.1395429e-02   1.5880424e-01
  -5.6631931e-02   1.6125643e-01
  -6.1061602e-02   1.5935104e-01
  -6.0172937e-02   1.5112695e-01
  -6.7436669e-02   1.4853683e-01
  -6.7780405e-02   1.3453251e-01
  -6.8779363e-02   1.3412128e-01
  -7.2403468e-02   1.3423142e-01
  -7.0221842e-02   1.2978755e-01
  -6.5347400e-02   1.3102445e-01
  -6.5540190e-02   1.2612218e-01
  -6.4548618e-02   1.2078084e-01
  -6.8173653e-02   1.1796907e-01
  -6.0090103e-02   1.1099892e-01
  -5.8719642e-02   1.0690319e-01
  -5.7518764e-02   1.0502935e-01
  -5.3974095e-02   9.9084802e-02
  -5.4325695e-02   9.3706558e-02
  -4.6106826e-02   8.6799090e-02
  -4.2676463e-02   8.2158124e-02
  -4.2989610e-02   7.6289468e-02
  -4.4567224e-02   6.5331430e-02
  -5.5709198e-02   6.2091500e-02
  -4.7395579e-02   5.3830597e-02
  -4.8448723e-02   4.5409601e-02
  -5.7253340e-02   4.5937978e-02
  -4.9788472e-02   2.9642481e-02
  -6.3740957e-02   2.9296536e-02
  -4.8564829e-02   1.7499068e-02
  -4.4840403e-02   1.4359852e-02
  -4.8380434e-02   1.4747470e-02
  -3.8399254e-02   3.1228639e-03
  -2.9878972e-02   8.9691496e-04
  -2.9908939e-02  -1.7956390e-03
  -1.8689804e-02  -8.5308089e-03
  -2.7322378e-02  -1.2979719e-02
  -2.8653923e-02  -2.2918058e-02
  -8.6943149e-03  -3.0503273e-02
   3.7279868e-03  -3.3677949e-02
   1.8518844e-02  -4.1546493e-02
   1.6032210e-02  -4.1952301e-02
   1.7324641e-02  -5.2981595e-02
   4.9210560e-03  -5.9481931e-02
   2.4581508e-03  -7.1774048e-02
  -1.2240707e-03  -7.1932695e-02
   0.0000000e+00  -7.6247495e-02
  -2.4373391e-03  -7.8476796e-02
   4.8563135e-03  -8.0463893e-02
   2.1418083e-02  -1.3531513e-01
   2.1420102e-02  -1.3191309e-01
   2.0198287e-02  -1.3120460e-01
   1.5458545e-02  -1.2649580e-01
   1.5501611e-02  -1.2687674e-01
   1.5580001e-02  -1.2514550e-01
   1.3192448e-02  -1.2042019e-01
   1.4383104e-02  -1.2322867e-01
   1.0814856e-02  -1.2405548e-01
   1.5567135e-02  -1.2310315e-01
   1.5688334e-02  -1.1832648e-01
   1.6952993e-02  -1.1394099e-01
   1.5895938e-02  -1.0501625e-01
   9.8427273e-03  -9.4253492e-02
  -1.2289896e-03  -8.0090960e-02
   0.0000000e+00  -7.9480323e-02
   1.2244840e-03  -7.3793933e-02
   1.8355210e-02  -7.5574327e-02
   3.0512200e-02  -7.1694271e-02
   2.3333063e-02  -6.5284581e-02
   1.7307299e-02  -6.3436516e-02
   6.2054159e-03  -4.9493806e-02
  -2.5038081e-03  -4.7176253e-02
  -8.7683257e-03  -3.9876787e-02
  -1.5006750e-02  -3.2073762e-02
   0.0000000e+00  -2.9874749e-02
  -1.3813907e-02  -2.4015805e-02
   0.0000000e+00  -2.1707317e-02
  -8.7753429e-03  -7.6800091e-03
  -5.0013605e-03  -1.7132585e-02
  -3.0968589e-02   3.4460933e-02
  -3.8547985e-02   4.0925300e-02
  -2.9769947e-02   3.8118886e-02
  -2.7272080e-02   4.1260016e-02
  -1.3645818e-02   4.2656303e-02
  -2.3517538e-02   5.2079228e-02
  -2.8460881e-02   6.0276928e-02
  -2.4569720e-02   7.3105103e-02
  -2.9307975e-02   8.0926211e-02
  -3.4270815e-02   8.7616479e-02
  -2.9283949e-02   9.0139954e-02
  -3.5396590e-02   9.3904165e-02
  -3.6581786e-02   9.3806673e-02
  -3.0317362e-02   1.0124687e-01
  -3.1590547e-02   1.0144844e-01
