   6.2003623e-02   1.7952721e-02
   5.9735752e-02   2.0203604e-02
   5.6249813e-02   1.9385217e-02
   5.8456365e-02   2.0623455e-02
   6.6978158e-02   2.1054873e-02
   7.6637656e-02   2.1900572e-02
   7.6878921e-02   2.0208083e-02
   7.1849297e-02   2.1050210e-02
   7.0853589e-02   1.9354252e-02
   7.3139120e-02   2.1069720e-02
   7.4277789e-02   2.1924747e-02
   7.6569600e-02   2.1003914e-02
   7.9092240e-02   1.9270113e-02
   8.0539822e-02   2.0204273e-02
   8.4443004e-02   2.1141004e-02
   8.8898282e-02   2.1031345e-02
   9.2913298e-02   2.1549462e-02
   9.3741535e-02   2.3653385e-02
   9.6114757e-02   2.0563917e-02
   9.3861871e-02   2.1045888e-02
   1.0238499e-01   2.1910817e-02
   1.0956223e-01   2.4066113e-02
   1.1066470e-01   2.4477564e-02
   1.0848457e-01   2.1463600e-02
   1.0026256e-01   2.0220748e-02
   9.9853636e-02   2.1454995e-02
   9.7523340e-02   2.0602722e-02
   9.8839839e-02   2.0621360e-02
   9.7317658e-02   2.1874827e-02
   9.3848294e-02   2.2361256e-02
   8.4101959e-02   2.1935239e-02
   7.8018672e-02   2.0625791e-02
   7.4298160e-02   1.9293778e-02
   7.4364916e-02   2.0190627e-02
   7.6713126e-02   2.1922108e-02
   7.2923429e-02   2.1007663e-02
   6.7176655e-02   2.1117228e-02
   6.8275419e-02   1.9318272e-02
   6.4484962e-02   2.0159857e-02
   6.1009417e-02   2.1101806e-02
   6.4545570e-02   2.0618394e-02
   6.3395854e-02   1.9761479e-02
   5.8508532e-02   2.1522247e-02
   6.1017727e-02   1.9782943e-02
   6.0900131e-02   1.9305225e-02
   6.0883433e-02   2.1937755e-02
   5.7189773e-02   1.9288955e-02
   5.8453665e-02   2.1062252e-02
   5.4965272e-02   2.0687398e-02
   6.3401291e-02   1.8883191e-02
   7.0910887e-02   2.1134586e-02
   8.0302028e-02   2.0144750e-02
   8.5312352e-02   2.2811108e-02
   8.2879013e-02   2.2375434e-02
   7.9300748e-02   2.2401819e-02
   7.8022207e-02   2.0186945e-02
   7.5424807e-02   2.1463860e-02
   7.4354592e-02   2.1507407e-02
   7.8007614e-02   2.1942331e-02
   7.9315920e-02   2.0644814e-02
   8.0622988e-02   1.9784536e-02
   8.1672018e-02   2.1060614e-02
   8.7845158e-02   2.1952314e-02
   8.5320828e-02   2.1933758e-02
   8.1744800e-02   2.1959744e-02
   8.4200723e-02   2.0200288e-02
   8.6567148e-02   1.8861740e-02
   8.7778875e-02   1.9737659e-02
   8.9139731e-02   2.3290729e-02
   9.2725444e-02   2.1945992e-02
   9.1509794e-02   2.1508652e-02
   9.0378849e-02   2.1531395e-02
   9.6195825e-02   2.1897973e-02
   9.6498978e-02   2.0205612e-02
   9.2469002e-02   2.0130912e-02
   8.6526676e-02   2.3248191e-02
   8.6616464e-02   2.2831996e-02
   8.5316631e-02   2.2372433e-02
   8.6296694e-02   2.0555682e-02
   9.2560097e-02   2.0150674e-02
   8.8902388e-02   2.0593192e-02
   8.7931921e-02   2.1973940e-02
   9.0103058e-02   2.2344212e-02
   9.1311437e-02   2.3218779e-02
   9.7610447e-02   2.1500547e-02
   9.0018834e-02   2.1884601e-02
   8.8806628e-02   2.1448434e-02
   8.7865527e-02   1.9757083e-02
   8.7762797e-02   2.1492117e-02
   9.0178035e-02   2.3681831e-02
   9.8848718e-02   1.9743855e-02
   9.1320667e-02   2.2342599e-02
   8.7762797e-02   2.1492117e-02
   8.6377635e-02   2.1013639e-02
   8.4027144e-02   2.1037138e-02
   7.8238982e-02   2.2007310e-02
   8.0615732e-02   2.0663849e-02
   8.5096085e-02   1.8807543e-02
   8.5332922e-02   2.0617732e-02
   5.9428764e-02   2.2289777e-02
   5.9802511e-02   1.8904614e-02
   5.7243645e-02   1.9746773e-02
   5.8687604e-02   2.0705029e-02
   5.6234268e-02   2.2028656e-02
   5.8632290e-02   2.0244478e-02
   5.3748658e-02   1.9807945e-02
   5.7289604e-02   2.1523243e-02
   5.6010009e-02   2.2380688e-02
   5.6015454e-02   2.1503014e-02
   5.3637837e-02   2.0647490e-02
   5.2468099e-02   2.1108513e-02
   5.4810118e-02   1.9309683e-02
   5.8579563e-02   1.9345172e-02
   5.1142084e-02   2.1945608e-02
   5.3580000e-02   2.1504896e-02
   4.7486747e-02   2.2387166e-02
   4.8617856e-02   2.0589929e-02
   5.1206564e-02   1.9331185e-02
   5.6030491e-02   1.8869992e-02
   5.4861797e-02   1.9768016e-02
   5.0012785e-02   2.3749025e-02
   5.2416369e-02   2.1087692e-02
   5.3693214e-02   2.0228132e-02
   5.3543833e-02   1.8414624e-02
   5.6244851e-02   2.0266363e-02
   5.6186722e-02   2.0686477e-02
   5.2418795e-02   2.0648365e-02
   5.3522090e-02   2.2360615e-02
   6.0883433e-02   2.1937755e-02
   6.2112696e-02   2.0181744e-02
   6.4678791e-02   1.9779961e-02
   6.8404338e-02   2.0236245e-02
   6.8189445e-02   2.1930977e-02
   6.5682919e-02   2.2788222e-02
   6.3256478e-02   2.1914004e-02
   6.6975000e-02   2.1493516e-02
   6.9420073e-02   2.0175391e-02
   7.0647141e-02   1.8858551e-02
   6.8205195e-02   1.9737879e-02
   6.8186098e-02   2.2369596e-02
   7.0558691e-02   2.1468853e-02
   6.5893226e-02   2.0657992e-02
   6.3327729e-02   2.0619446e-02
   5.9740992e-02   1.9325186e-02
   5.7125980e-02   2.0583855e-02
   6.1009417e-02   2.1101806e-02
   6.4926283e-02   2.1182201e-02
   7.6844829e-02   2.4161838e-02
   7.6716818e-02   2.1483666e-02
   7.9326492e-02   1.9327060e-02
   7.8936838e-02   1.9232335e-02
   8.1675797e-02   2.0621851e-02
   8.4378318e-02   1.8920133e-02
   8.5240909e-02   2.1473964e-02
   8.2780348e-02   2.4106656e-02
   7.6697619e-02   2.3675877e-02
   7.7948794e-02   1.9728681e-02
   8.0470870e-02   1.8868020e-02
   7.5661981e-02   1.9769981e-02
   7.0621316e-02   2.2367119e-02
   6.8269431e-02   2.0196375e-02
   6.7173469e-02   2.1557170e-02
   6.3515425e-02   2.0680530e-02
   6.8266338e-02   2.0635427e-02
   6.6992979e-02   1.8861657e-02
   7.2000918e-02   1.9773479e-02
   7.8137413e-02   2.4623881e-02
   8.5236807e-02   2.1912208e-02
   8.4097822e-02   2.2373944e-02
   8.7762797e-02   2.1492117e-02
   8.7861623e-02   2.0196129e-02
   9.1338070e-02   2.0590238e-02
   9.0191867e-02   2.2366174e-02
   9.6308662e-02   2.0165922e-02
   1.0005071e-01   2.1497161e-02
   9.8635909e-02   2.1456688e-02
   9.8728387e-02   2.1916077e-02
   9.9858345e-02   2.1017138e-02
   9.2629485e-02   2.2362916e-02
   8.3215230e-02   2.1582889e-02
   8.7680498e-02   2.1032824e-02
   8.5168818e-02   2.0139445e-02
   8.7849402e-02   2.1513268e-02
   8.2968880e-02   2.1519134e-02
   8.4272170e-02   2.1538904e-02
   7.8080737e-02   2.2403227e-02
   8.5168818e-02   2.0139445e-02
   8.6706362e-02   2.2414982e-02
   9.6503273e-02   1.9766359e-02
   9.6394879e-02   2.1063389e-02
   9.5165588e-02   2.1942705e-02
   9.2720875e-02   2.2384912e-02
   9.5254877e-02   2.2403587e-02
   9.8538861e-02   2.1435662e-02
   1.0117578e-01   2.1036087e-02
   9.9853636e-02   2.1454995e-02
   9.7803472e-02   2.1542899e-02
   6.4484962e-02   2.0159857e-02
   6.9494623e-02   1.9317209e-02
   6.9547443e-02   2.1533558e-02
   6.6981252e-02   2.0616230e-02
   6.9331970e-02   2.2784543e-02
   6.9475531e-02   2.1951374e-02
   7.0780563e-02   1.9774607e-02
   6.8068064e-02   2.0136863e-02
   6.4406433e-02   2.2329185e-02
   6.1006529e-02   2.1541427e-02
   6.2361203e-02   1.9821079e-02
   6.4495980e-02   1.8406826e-02
   6.1998576e-02   1.8828464e-02
   6.2366583e-02   1.8940142e-02
   6.4678791e-02   1.9779961e-02
   6.1057744e-02   2.2882868e-02
   6.2165315e-02   2.1519134e-02
   6.1012246e-02   2.0662185e-02
   5.9853796e-02   2.0243517e-02
   5.8526693e-02   1.8447640e-02
   6.2235317e-02   2.0221567e-02
   6.0940451e-02   2.2398568e-02
   5.7168467e-02   2.2796038e-02
   5.4903224e-02   2.1986145e-02
   5.3491170e-02   1.8396516e-02
   4.9888951e-02   1.9293899e-02
   4.8670045e-02   1.9733173e-02
   4.2626360e-02   2.0195254e-02
   4.6275818e-02   2.1071063e-02
   4.8766041e-02   1.9772111e-02
   5.3534685e-02   2.0168398e-02
   5.1105755e-02   1.9293122e-02
   5.7196853e-02   1.7973799e-02
   5.9738401e-02   1.9764395e-02
   5.9607066e-02   2.1917226e-02
   6.4542589e-02   2.1057083e-02
   6.2048767e-02   2.0600193e-02
   6.3327729e-02   2.0619446e-02
   6.4559539e-02   1.8424947e-02
   6.8339854e-02   1.9776806e-02
   6.6971777e-02   2.1932159e-02
   6.9342162e-02   2.1470050e-02
   6.9468630e-02   2.2829429e-02
   6.7047296e-02   2.0636542e-02
   6.6921312e-02   1.9719534e-02
   6.9560209e-02   1.9775716e-02
   7.1987704e-02   2.1531122e-02
   7.4347350e-02   2.2385260e-02
   7.4424370e-02   2.1967962e-02
   7.5587364e-02   1.9750519e-02
   1.0237996e-01   2.2349033e-02
   1.0382329e-01   2.0634975e-02
   1.0117100e-01   2.1474339e-02
   1.0759884e-01   2.0210693e-02
   1.0361855e-01   2.0594480e-02
   9.9642720e-02   2.2723993e-02
   9.6366099e-02   2.3696312e-02
   9.4117029e-02   2.3306861e-02
   9.6412198e-02   1.9308106e-02
   9.1612953e-02   2.0211678e-02
   8.8806628e-02   2.1448434e-02
   9.1681771e-02   2.2430686e-02
   9.1600185e-02   2.1529831e-02
   9.2283201e-02   2.0528277e-02
   8.6629271e-02   2.1514766e-02
   8.5316631e-02   2.2372433e-02
   8.1518726e-02   2.0143452e-02
   8.2898595e-02   2.0181764e-02
   8.1683119e-02   1.9744325e-02
   8.6629271e-02   2.1514766e-02
   8.1829499e-02   2.1541763e-02
   7.8165491e-02   2.1545896e-02
   7.6868227e-02   2.1526001e-02
   8.0437361e-02   2.2817140e-02
   7.9382984e-02   2.1984223e-02
   7.8029050e-02   1.9309252e-02
   8.0546900e-02   1.9325826e-02
   7.6864513e-02   2.1965308e-02
   7.9230303e-02   2.1502136e-02
   7.4288297e-02   2.0609262e-02
   7.7092716e-02   2.2030426e-02
   7.5417490e-02   2.2339936e-02
   7.7941820e-02   2.0605511e-02
   7.4588890e-02   1.9810213e-02
   7.6727449e-02   2.0168339e-02
   7.7850312e-02   2.2337209e-02
   8.0532431e-02   2.1082720e-02
   7.9390593e-02   2.1104854e-02
   7.6868227e-02   2.1526001e-02
   7.5655186e-02   2.0648647e-02
   7.1775220e-02   2.1467636e-02
   7.2998549e-02   2.0590218e-02
   7.5580588e-02   2.0628319e-02
   6.8208147e-02   1.9299260e-02
   6.9547443e-02   2.1533558e-02
   7.3073761e-02   2.0171952e-02
   7.5577091e-02   2.1067220e-02
   7.5487973e-02   2.2800376e-02
   7.4201079e-02   2.2341267e-02
   7.6792448e-02   2.1504813e-02
   7.0634774e-02   2.0612835e-02
   6.9550736e-02   2.1094097e-02
   6.5701659e-02   2.0158811e-02
   6.7122416e-02   1.9338368e-02
   6.8205195e-02   1.9737879e-02
   6.2162317e-02   2.1958300e-02
   5.8574416e-02   2.0224498e-02
   5.8461595e-02   1.9745861e-02
   5.8514004e-02   2.0643788e-02
   6.0892047e-02   2.0621490e-02
   6.2176703e-02   1.9762470e-02
   5.3801822e-02   1.9827539e-02
   4.9880043e-02   2.1047890e-02
   4.9978399e-02   2.1089419e-02
   5.2315627e-02   2.0607712e-02
   4.6271409e-02   2.1949024e-02
   4.9993573e-02   1.8013878e-02
   5.1098984e-02   2.0608562e-02
   5.1202073e-02   2.0209875e-02
   5.7297558e-02   2.0205494e-02
   6.9420073e-02   2.0175391e-02
   6.8333716e-02   2.0655775e-02
   6.5695666e-02   2.1035281e-02
   6.8256662e-02   2.1952582e-02
   6.6971777e-02   2.1932159e-02
   6.8131979e-02   2.0594849e-02
   7.2995184e-02   2.1028308e-02
   7.1775220e-02   2.1467636e-02
   7.3128541e-02   2.2386578e-02
   7.5435239e-02   2.0149746e-02
   7.5506138e-02   2.0608032e-02
   7.8095675e-02   2.0646111e-02
   7.0631512e-02   2.1051406e-02
   7.2988244e-02   2.1904487e-02
   6.8269431e-02   2.0196375e-02
   6.9277257e-02   2.1011230e-02
   7.5584013e-02   2.0189419e-02
   8.1672018e-02   2.1060614e-02
   8.0467458e-02   1.9306811e-02
   7.8165491e-02   2.1545896e-02
   7.7084997e-02   2.2911644e-02
   7.4277789e-02   2.1924747e-02
   7.4225025e-02   1.9274819e-02
   7.1923463e-02   2.0631962e-02
   8.6633373e-02   2.1075689e-02
   8.1668159e-02   2.1499376e-02
   8.4019138e-02   2.1913686e-02
   8.6555886e-02   2.0177675e-02
   8.3787199e-02   2.0101335e-02
   9.2651371e-02   2.0170474e-02
   9.1496265e-02   2.2825508e-02
   9.2908791e-02   2.1989247e-02
   8.5409141e-02   2.1516242e-02
   8.5400806e-02   2.2394456e-02
   9.2568199e-02   1.9274557e-02
   9.7326913e-02   2.0999833e-02
   9.2908791e-02   2.1989247e-02
   9.5136066e-02   2.4575829e-02
   9.1428131e-02   2.0610473e-02
   9.6101187e-02   2.1876508e-02
   1.0118505e-01   2.0159584e-02
   9.6308662e-02   2.0165922e-02
   9.3950055e-02   2.1505472e-02
   8.9069533e-02   2.1511750e-02
   9.2442627e-02   2.2756683e-02
   9.3945516e-02   2.1944359e-02
   1.0128493e-01   2.0179391e-02
   1.0717959e-01   1.9693846e-02
   1.0370609e-01   2.1930540e-02
   1.0012432e-01   2.3714052e-02
   9.7687376e-02   2.3278576e-02
   1.0087741e-01   2.0974325e-02
   9.6096479e-02   2.2314038e-02
   1.0230326e-01   2.0138188e-02
   1.0272571e-01   1.8459433e-02
   9.9848831e-02   2.1892852e-02
   1.0115090e-01   2.3227346e-02
   1.0360386e-01   2.1909021e-02
   1.0359877e-01   2.2347202e-02
   1.0004587e-01   2.1935879e-02
   9.5183425e-02   2.0187288e-02
   8.9258133e-02   2.0234525e-02
   9.0200653e-02   2.1489069e-02
   9.4880068e-02   2.2315731e-02
   9.8835256e-02   2.1060112e-02
   1.0108537e-01   2.0139816e-02
   9.8835256e-02   2.1060112e-02
   9.5156115e-02   2.2820413e-02
   9.6285913e-02   2.2357870e-02
   9.6385659e-02   2.1941030e-02
   9.7514219e-02   2.1479433e-02
   9.4889274e-02   2.1440605e-02
   9.3874630e-02   1.9730520e-02
   9.2647173e-02   2.0608962e-02
   8.0619399e-02   2.0224192e-02
   8.0456755e-02   2.0623184e-02
   8.1668159e-02   2.1499376e-02
   8.5248866e-02   2.0597476e-02
   8.1587727e-02   2.1478245e-02
   8.1833380e-02   2.1102135e-02
   8.2739077e-02   1.9704263e-02
   8.7853561e-02   2.1074222e-02
   8.1664221e-02   2.1938139e-02
   7.6951380e-02   2.0667753e-02
   7.6799630e-02   2.0627065e-02
   7.4294944e-02   1.9732272e-02
   6.9403707e-02   2.2368368e-02
   7.5584013e-02   2.0189419e-02
   7.5431834e-02   2.0587784e-02
   7.5566159e-02   2.2383921e-02
   6.9472114e-02   2.2390402e-02
   7.0977696e-02   2.1596223e-02
   6.5825208e-02   2.1076735e-02
   6.2112696e-02   2.0181744e-02
   6.3324804e-02   2.1058157e-02
   5.8453665e-02   2.1062252e-02
   5.7182197e-02   2.0604111e-02
   5.9671450e-02   2.1061259e-02
   5.7187303e-02   1.9727341e-02
   4.9933736e-02   2.0190774e-02
   5.2322559e-02   1.9292326e-02
   5.3688287e-02   2.1107616e-02
   5.3688287e-02   2.1107616e-02
   5.6186722e-02   2.0686477e-02
   5.2315627e-02   2.0607712e-02
   5.3702443e-02   1.8469164e-02
   4.8570106e-02   2.0569695e-02
   5.2468099e-02   2.1108513e-02
   4.7449057e-02   2.0610994e-02
   5.2376329e-02   1.8872442e-02
   5.6070676e-02   2.1524218e-02
   5.2430163e-02   1.8451730e-02
   5.3733520e-02   2.2449005e-02
   5.4753801e-02   1.9729102e-02
   5.6181447e-02   2.1566752e-02
   5.9625899e-02   1.8848814e-02
   5.9895735e-02   2.2906603e-02
   5.9792002e-02   2.0663183e-02
   5.8505711e-02   2.1961477e-02
   5.9618172e-02   2.0163848e-02
   5.9724580e-02   2.1960439e-02
   6.2109888e-02   2.0620478e-02
   6.8404338e-02   2.0236245e-02
   8.9169941e-02   2.0214595e-02
   9.2473086e-02   1.9693284e-02
   9.0009927e-02   2.2759985e-02
   9.2629485e-02   2.2362916e-02
   9.3954503e-02   2.1066584e-02
   9.3782142e-02   1.9711154e-02
   9.2464829e-02   2.0568541e-02
   9.2538276e-02   2.2340964e-02
   9.3677153e-02   2.1004615e-02
   9.8835256e-02   2.1060112e-02
   9.2533644e-02   2.2779022e-02
   9.6571465e-02   2.2423941e-02
   1.0016795e-01   1.9761710e-02
   9.6503273e-02   1.9766359e-02
   9.8820932e-02   2.2376369e-02
   9.9026015e-02   2.1541206e-02
   9.0266979e-02   2.3705131e-02
   8.7836414e-02   2.2830407e-02
   8.1906434e-02   2.2003081e-02
   9.0310160e-02   1.9315292e-02
   9.2634042e-02   2.1924428e-02
   9.9142326e-02   1.9802240e-02
   1.0228417e-01   2.1889335e-02
   9.9104175e-02   2.3322638e-02
   9.2605362e-02   2.4555359e-02
   9.8825803e-02   2.1937617e-02
   9.7605731e-02   2.1939334e-02
   1.0607074e-01   1.9276724e-02
   1.0370609e-01   2.1930540e-02
   1.0633445e-01   2.3727620e-02
   1.0868826e-01   2.2383562e-02
   1.0724433e-01   2.3217722e-02
   1.0502461e-01   2.2389279e-02
   1.0524780e-01   2.1113771e-02
   9.7532083e-02   1.9726010e-02
   9.5076364e-02   2.1482727e-02
   1.0239477e-01   2.1034384e-02
   1.0005544e-01   2.1058444e-02
   1.0013974e-01   2.2396605e-02
   9.9838932e-02   2.2768566e-02
   9.8839839e-02   2.0621360e-02
   9.8737812e-02   2.1039434e-02
   9.7610447e-02   2.1500547e-02
   9.9657338e-02   2.1412994e-02
   9.8737812e-02   2.1039434e-02
   9.6590015e-02   2.0665200e-02
   9.3765000e-02   2.1463257e-02
   9.3014024e-02   2.0690282e-02
   9.0204915e-02   2.1050517e-02
