   3.0064742e-01   1.9070156e-01
  -2.1678418e-01   2.3244771e-01
  -2.9352002e-01   2.1644917e-01
  -3.3814754e-01   1.9085753e-01
  -3.2073065e-01   1.4536057e-01
  -3.3608298e-01   1.8469143e-01
  -3.6800258e-01   1.7179578e-01
  -3.3108493e-01   1.6598148e-01
  -3.4308799e-01   1.5929636e-01
  -3.9953153e-01   1.7677021e-01
  -3.6572984e-01   1.7128752e-01
  -3.9095181e-01   1.2954975e-01
  -4.1009193e-01   1.7818690e-01
  -3.8256557e-01   1.2884852e-01
  -4.7492847e-01   1.4145667e-01
  -4.1265732e-01   1.4766470e-01
  -4.5346739e-01   9.7092772e-02
  -4.7975942e-01   1.3140945e-01
  -4.9192901e-01   1.1137026e-01
  -5.2883350e-01   1.2183060e-01
  -5.7713767e-01   1.1531493e-01
  -5.2497293e-01   1.4591990e-01
  -4.8870150e-01   8.7661005e-02
  -5.5675643e-01   1.2261258e-01
  -4.7879514e-01   8.0109364e-02
  -5.6991029e-01   8.9501449e-02
  -5.7112527e-01   8.3160734e-02
  -5.2825752e-01   8.5673961e-02
  -5.3864200e-01   6.7299881e-02
  -5.5969379e-01   8.2581722e-02
  -5.7544412e-01   6.1925217e-02
  -5.9907518e-01   6.3484110e-02
  -5.5242677e-01   5.9603349e-02
  -4.8841314e-01   6.2672177e-02
  -4.9565072e-01   6.3538241e-02
  -5.6989930e-01   4.9822188e-02
  -6.0848980e-01   2.2169884e-02
  -5.5109178e-01   1.5384368e-02
  -5.2470240e-01   9.4201284e-03
  -5.2984545e-01   2.2293235e-02
  -5.1144837e-01  -1.3406689e-03
  -5.3376041e-01  -2.5962741e-03
  -4.8723489e-01  -2.1384285e-02
  -4.7428719e-01  -2.7322604e-02
  -4.3894060e-01  -4.0393786e-02
  -4.3981487e-01  -3.9295786e-02
  -4.6354587e-01  -4.5358998e-02
  -4.3912838e-01  -4.4862336e-02
  -3.9956707e-01  -6.4961152e-02
  -4.0484177e-01  -6.9934761e-02
   1.3475543e-01  -1.0634644e-01
   1.9580531e-01  -1.1951627e-01
   2.0848826e-01  -1.0422491e-01
   2.1105917e-01  -1.1220889e-01
   2.0362759e-01  -9.9035496e-02
   2.2622174e-01  -1.1779316e-01
   2.3476200e-01  -9.9646243e-02
   2.5165701e-01  -1.0217426e-01
   2.6201984e-01  -8.3375938e-02
   2.7818767e-01  -8.0100043e-02
   2.8397904e-01  -7.8667655e-02
   2.9108436e-01  -8.0297777e-02
   2.9841006e-01  -6.9054771e-02
   2.9812745e-01  -4.3903753e-02
   3.6828573e-01  -6.8159598e-02
   3.4954711e-01  -4.0275986e-02
   3.6253280e-01  -5.8511639e-02
   3.9671786e-01  -6.0713229e-02
   4.4021694e-01  -7.6227463e-02
   4.4873762e-01  -5.6577078e-02
   4.6642091e-01  -5.6603694e-02
   4.3612488e-01  -2.9963300e-02
   4.3197310e-01  -2.6328200e-02
   4.3889733e-01  -2.8318607e-02
   4.4434013e-01  -2.5437106e-02
   4.6964022e-01  -2.3909459e-02
   4.8350032e-01  -2.0459686e-02
   5.0004686e-01  -7.2436701e-03
   5.0195616e-01   1.2828476e-02
   5.1252943e-01   1.2402223e-02
   5.1260854e-01   1.2896625e-02
   5.1848732e-01   1.0235878e-02
   4.8422271e-01   2.7839681e-02
   4.5389447e-01   3.5504970e-02
   4.3121632e-01   5.1078614e-02
   4.3560455e-01   4.1557672e-02
   4.4216893e-01   2.9544640e-02
   4.4769478e-01   4.5869485e-02
   4.3866972e-01   6.1451362e-02
   4.2171256e-01   6.7464906e-02
   3.7613561e-01   8.8265610e-02
   3.6569710e-01   8.4407167e-02
   3.4491574e-01   8.3395979e-02
   3.3908882e-01   8.8229869e-02
   3.4102433e-01   8.7145327e-02
   3.3219666e-01   9.9124211e-02
   3.2830647e-01   1.0295005e-01
   2.9888519e-01   1.1001679e-01
   3.0584928e-01   1.3254594e-01
   2.9403225e-01   1.4416138e-01
   4.9749373e-03   1.6651459e-01
   0.0000000e+00   1.5714363e-01
  -1.9624490e-02   1.6655609e-01
  -1.4490598e-02   1.7053104e-01
  -2.6519423e-02   1.7282849e-01
  -3.2378120e-02   1.5867050e-01
   0.0000000e+00   1.4163244e-01
  -3.8281456e-02   1.5769994e-01
  -4.3445538e-02   1.4942071e-01
  -5.1274321e-02   1.3503440e-01
  -6.6714223e-02   1.3481057e-01
  -1.0243974e-01   1.3792502e-01
  -1.1288659e-01   1.4219129e-01
  -1.1819150e-01   1.3419295e-01
  -1.2494190e-01   1.2546802e-01
  -1.3748249e-01   1.1498791e-01
  -1.9346005e-01   1.1116481e-01
  -2.2650960e-01   1.0323357e-01
  -2.7236620e-01   9.9519704e-02
  -2.6973467e-01   9.9028969e-02
  -2.4172418e-01   8.7098995e-02
  -2.7205811e-01   8.0935273e-02
  -2.8629091e-01   6.8236113e-02
  -2.9446282e-01   6.0101835e-02
  -2.8721699e-01   6.5798982e-02
  -2.8900268e-01   4.4322925e-02
  -3.1520648e-01   3.8616870e-02
  -3.3820297e-01   2.2563879e-02
  -3.6441115e-01   1.2642474e-02
  -4.1547936e-01   3.0468471e-03
  -3.8937679e-01  -8.8049270e-03
  -4.1422933e-01  -3.9677004e-03
  -4.1932882e-01  -5.2507146e-03
  -4.3359342e-01  -3.0711723e-03
  -4.4608116e-01  -7.4502195e-03
  -4.4224292e-01  -4.8255557e-03
  -4.4002983e-01  -1.5685595e-02
  -4.5992376e-01  -2.4627084e-02
  -4.5425579e-01  -1.7705875e-02
  -4.4114768e-01  -1.5151094e-02
  -4.7834998e-01  -1.7236139e-03
  -4.3391892e-01  -2.7108440e-02
  -4.4528103e-01  -3.5343501e-02
  -4.4885753e-01  -4.6628560e-02
  -4.2382836e-01  -5.7654522e-02
  -4.4212873e-01  -4.3867992e-02
  -3.8947761e-01  -6.5661615e-02
  -4.1340792e-01  -5.7589333e-02
  -3.4925611e-01  -7.1892313e-02
   3.2606607e-01  -1.0110626e-01
   3.3652389e-01  -1.1189209e-01
   3.6724974e-01  -8.5083706e-02
   3.7306455e-01  -7.3221045e-02
   3.7226072e-01  -6.3785007e-02
   3.5764567e-01  -4.5683415e-02
   3.7708734e-01  -7.2280651e-02
   3.8878694e-01  -5.6009170e-02
   4.0505825e-01  -6.6306233e-02
   4.1124238e-01  -4.2539677e-02
   4.4928326e-01  -3.1511184e-02
   4.4587679e-01  -1.1368766e-02
   4.3235334e-01   1.6395267e-02
   4.3507703e-01   2.5132676e-03
   4.2692543e-01   1.6856869e-03
   4.2377610e-01  -2.9912277e-03
   4.3495468e-01   1.8115960e-02
   4.9083712e-01   3.3734027e-02
   4.6342530e-01   5.5114950e-02
   4.3971863e-01   7.3237508e-02
   4.4851788e-01   6.0362776e-02
   4.0115236e-01   7.2265446e-02
   3.9484161e-01   6.7442773e-02
   3.8707102e-01   7.5687798e-02
   4.3888055e-01   6.6574287e-02
   4.2689004e-01   8.5084874e-02
   4.2915222e-01   9.5429417e-02
   4.2197913e-01   1.2068324e-01
   4.3361985e-01   1.0824426e-01
   4.0306925e-01   1.1854334e-01
   3.7188534e-01   1.1397923e-01
   3.2375498e-01   1.4936248e-01
   3.7625649e-01   1.4345675e-01
   4.0180691e-01   1.4031137e-01
   4.0129216e-01   1.5459390e-01
   4.0951260e-01   1.5207180e-01
   3.8652377e-01   1.6285903e-01
   3.6668541e-01   1.7356797e-01
   3.8844888e-01   1.5774695e-01
   3.7608688e-01   1.5430229e-01
   3.6920855e-01   1.6907477e-01
   3.7006570e-01   1.8416544e-01
   3.7351668e-01   1.8836680e-01
   3.8175086e-01   1.8539920e-01
   3.8924186e-01   1.6595377e-01
   3.4798338e-01   1.7944249e-01
   3.3730818e-01   1.7030846e-01
   3.2636754e-01   1.7055664e-01
   3.2540857e-01   1.6179426e-01
  -1.6225222e-01   1.9920537e-01
  -1.0459144e-01   1.9980767e-01
  -1.4288893e-01   2.0337768e-01
  -1.2445276e-01   1.9927075e-01
  -1.8543276e-01   1.7789897e-01
  -1.8301696e-01   2.1339734e-01
  -1.7813225e-01   1.9076949e-01
  -1.9306322e-01   2.1343651e-01
  -1.9688911e-01   1.9079931e-01
  -1.9859848e-01   2.0519610e-01
  -1.8865112e-01   1.9522143e-01
  -1.9804304e-01   1.9450106e-01
  -2.0985356e-01   1.8682239e-01
  -2.1213090e-01   1.7996535e-01
  -2.2301157e-01   1.7765684e-01
  -2.2795553e-01   1.7815530e-01
  -2.3817490e-01   1.7510705e-01
  -2.4853763e-01   1.7738433e-01
  -2.6256590e-01   1.7778364e-01
  -2.7208864e-01   1.6348006e-01
  -2.7349278e-01   1.5075602e-01
  -2.8506913e-01   1.3580250e-01
  -3.0892306e-01   1.2802269e-01
  -3.1381304e-01   1.2331252e-01
  -3.1143574e-01   1.3518706e-01
  -2.8651292e-01   1.1741382e-01
  -2.9774944e-01   1.2025197e-01
  -2.7653386e-01   1.0262367e-01
  -2.8320051e-01   8.5819433e-02
  -3.1177013e-01   6.6548057e-02
  -3.1617747e-01   5.8688848e-02
  -3.2742328e-01   4.3138921e-02
  -3.6026714e-01   5.1932186e-02
  -3.6395206e-01   4.0419147e-02
  -3.6322223e-01   3.2161000e-02
  -4.0358884e-01   4.4935058e-02
  -4.0207381e-01   3.6176904e-02
  -3.8117316e-01   2.9174964e-02
  -3.7605066e-01   1.4822393e-02
  -3.7256680e-01   7.8044289e-03
  -3.7315246e-01   1.8321709e-03
  -3.7165955e-01  -1.2829009e-02
  -3.8266226e-01  -1.9092064e-02
  -3.5456569e-01  -3.1234325e-02
  -3.4664117e-01  -3.4395795e-02
  -3.2269968e-01  -4.8231366e-02
  -3.1227321e-01  -3.6639755e-02
  -2.9004661e-01  -6.1062403e-02
  -2.5667170e-01  -6.8128390e-02
  -2.2967609e-01  -8.2757782e-02
   1.9226137e-01  -1.4828871e-01
   1.8529112e-01  -1.4414541e-01
   1.7633531e-01  -1.4668134e-01
   1.6511622e-01  -1.4614963e-01
   1.8600920e-01  -1.5334531e-01
   2.1024035e-01  -1.4236227e-01
   2.4756403e-01  -1.3444098e-01
   2.4501653e-01  -1.1321332e-01
   2.3798622e-01  -1.1432252e-01
   2.3825671e-01  -9.8937727e-02
   2.5043699e-01  -9.1142325e-02
   2.4652565e-01  -9.3801684e-02
   2.6079512e-01  -9.4875982e-02
   2.7948808e-01  -9.1638327e-02
   2.8156448e-01  -7.7711072e-02
   2.8438365e-01  -9.0428887e-02
   2.6273389e-01  -7.3388132e-02
   2.7649944e-01  -7.9812804e-02
   2.8502366e-01  -6.5819658e-02
   3.0853435e-01  -6.3967930e-02
   3.2386182e-01  -5.4659389e-02
   3.4819452e-01  -5.6721084e-02
   3.4821648e-01  -3.8206400e-02
   3.5570588e-01  -3.1865268e-02
   3.6230649e-01  -4.3879286e-02
   3.4452241e-01  -2.6619518e-02
   3.3215571e-01  -1.2847183e-02
   3.2920807e-01  -6.6905905e-03
   3.5175201e-01  -2.2244217e-03
   3.5944373e-01   3.9973245e-03
   3.4632584e-01   1.9012338e-02
   3.4506266e-01   2.0198095e-02
   3.4079685e-01   3.6068214e-02
   3.5578640e-01   3.8144264e-02
   3.4482707e-01   4.6172405e-02
   3.6519439e-01   4.4339779e-02
   3.5796879e-01   6.3232950e-02
   3.5312076e-01   6.8568272e-02
   3.4767137e-01   8.8653638e-02
   3.6002563e-01   9.1382310e-02
   3.5828154e-01   9.3467661e-02
   3.7254830e-01   9.5812061e-02
   3.7432095e-01   1.0164220e-01
   3.6264321e-01   1.0966945e-01
   3.4822647e-01   1.2307776e-01
   3.3060070e-01   1.3585342e-01
   3.1806594e-01   1.3315789e-01
   3.2705393e-01   1.3788234e-01
   3.1495694e-01   1.5031406e-01
   2.9675998e-01   1.4721244e-01
  -2.2273984e-01   1.2020895e-01
  -2.8622592e-01   1.3915345e-01
  -3.0028372e-01   1.3619317e-01
  -3.4045094e-01   1.2642941e-01
  -3.8071028e-01   1.3432547e-01
  -3.6746716e-01   1.3144397e-01
  -3.5554026e-01   1.2810965e-01
  -3.9253691e-01   1.3188546e-01
  -4.1353461e-01   1.3377743e-01
  -4.4136709e-01   1.2227381e-01
  -4.5417247e-01   1.3928331e-01
  -4.4448501e-01   1.2348860e-01
  -4.7422642e-01   1.3890168e-01
  -4.7755584e-01   1.1188579e-01
  -4.8817315e-01   1.1459479e-01
  -4.8575764e-01   1.1545008e-01
  -5.0250702e-01   1.1733062e-01
  -5.1944129e-01   1.0301905e-01
  -5.3373246e-01   1.0396221e-01
  -5.1731151e-01   9.7743374e-02
  -4.9593502e-01   8.9817315e-02
  -4.9521994e-01   8.2465600e-02
  -4.6633758e-01   7.3012874e-02
  -4.6943251e-01   5.8102020e-02
  -4.5200986e-01   4.5865286e-02
  -4.5709646e-01   6.2119743e-02
  -4.3814564e-01   3.8108665e-02
  -4.4066626e-01   3.7069809e-02
  -4.0793918e-01   2.3896870e-02
  -3.8149898e-01   3.6108281e-03
  -3.9487993e-01   1.3643576e-03
  -3.8143647e-01   9.6110140e-03
  -3.3914202e-01  -1.3098850e-02
  -3.5097197e-01  -1.5934864e-02
  -3.6225021e-01  -2.3127006e-02
  -3.4354592e-01  -3.0909462e-02
  -3.3344400e-01  -3.8503665e-02
  -3.3530259e-01  -4.0865745e-02
  -3.2164698e-01  -5.0937299e-02
  -3.2329264e-01  -5.9989909e-02
  -2.7958885e-01  -7.2062341e-02
  -2.6054336e-01  -6.4002282e-02
  -2.3898793e-01  -8.4224544e-02
  -2.4043058e-01  -8.7565208e-02
  -2.3033579e-01  -8.1130576e-02
  -2.1669689e-01  -1.0457379e-01
  -1.8860579e-01  -1.0107074e-01
  -1.8942134e-01  -7.8954239e-02
   2.9101074e-01  -1.4278853e-02
   2.9763485e-01  -4.3261398e-04
   3.0528812e-01   2.0859614e-02
   3.0501229e-01   2.7812818e-02
   3.1121611e-01   4.3354758e-02
   3.1491336e-01   5.1013170e-02
   3.0681855e-01   5.9116392e-02
   2.9581293e-01   7.5920449e-02
   3.0395035e-01   7.4482534e-02
   2.8147969e-01   9.8225912e-02
   2.7871348e-01   1.0271540e-01
   2.7929543e-01   1.1087741e-01
   2.8179342e-01   1.1183422e-01
   2.7221689e-01   1.1907698e-01
   2.7145884e-01   1.2205727e-01
   2.5060736e-01   1.4372314e-01
   2.4139656e-01   1.4292401e-01
   2.0845481e-01   1.6467490e-01
   2.1906354e-01   1.5416749e-01
   2.0001618e-01   1.6234348e-01
   2.0612579e-01   1.5719729e-01
   2.0065554e-01   1.6498569e-01
   2.2489680e-01   1.8187264e-01
   2.2416533e-01   1.8593590e-01
   1.9833772e-01   1.9187665e-01
   1.6114175e-01   1.9391352e-01
   1.2814242e-01   2.0505347e-01
   1.0024638e-01   2.0185347e-01
   7.0097700e-02   2.0350323e-01
   7.2205830e-02   2.0090762e-01
   6.9905553e-02   2.0417989e-01
   5.4675947e-02   1.9083324e-01
   0.0000000e+00   1.7837553e-01
  -3.2845219e-02   1.6762705e-01
  -6.0115868e-02   1.7052959e-01
  -6.8229637e-02   1.8028652e-01
  -6.8849511e-02   1.8554189e-01
  -7.9109828e-02   1.5945830e-01
  -1.0593229e-01   1.5710211e-01
  -1.6895927e-01   1.7413302e-01
  -1.9087226e-01   1.6337492e-01
  -2.2529329e-01   1.6682741e-01
  -2.4343697e-01   1.6439600e-01
  -2.9693451e-01   1.7491235e-01
  -3.0647714e-01   1.7214809e-01
  -3.1604475e-01   1.5533872e-01
  -3.4611511e-01   1.5637971e-01
  -3.9466983e-01   1.5065822e-01
  -4.0309643e-01   1.4821207e-01
  -4.3858458e-01  -8.3681164e-02
  -4.2154025e-01  -8.8767420e-02
  -4.0087533e-01  -1.0459323e-01
  -3.6762925e-01  -1.1442200e-01
  -3.5100719e-01  -1.1330278e-01
  -2.9160294e-01  -1.1381167e-01
  -2.7466272e-01  -1.2125783e-01
  -2.5827222e-01  -1.3151929e-01
  -2.6183215e-01  -1.2656712e-01
  -2.2583114e-01  -1.4656505e-01
  -2.0989032e-01  -1.3846542e-01
  -1.7707687e-01  -1.4818407e-01
  -1.6485941e-01  -1.3107011e-01
  -1.2985113e-01  -1.3524781e-01
  -1.3427164e-01  -1.3310829e-01
  -1.3378835e-01  -1.4630680e-01
  -1.0615807e-01  -1.5552062e-01
  -3.3151135e-02  -1.3747437e-01
  -2.8346976e-02  -1.2796455e-01
  -2.9312805e-02  -1.2228091e-01
   2.2194407e-02  -1.2008778e-01
   6.2774431e-02  -1.2119555e-01
   7.8678126e-02  -1.0828179e-01
   1.0748260e-01  -1.0877491e-01
   1.0352010e-01  -1.0847503e-01
   1.1171052e-01  -1.1076957e-01
   1.1926726e-01  -1.0195305e-01
   1.3166754e-01  -9.3743643e-02
   1.4737458e-01  -9.5264309e-02
   1.7466204e-01  -1.0004861e-01
   1.9256075e-01  -9.3244292e-02
   2.0344933e-01  -6.7393621e-02
   2.6784365e-01  -9.2878149e-02
   2.7232324e-01  -6.0993689e-02
   2.7977059e-01  -6.1103738e-02
   2.9832178e-01  -4.7806667e-02
   3.1872631e-01  -4.7809941e-02
   3.5150536e-01  -3.2254568e-02
   3.7590929e-01  -3.5608821e-02
   3.6788167e-01  -1.5890126e-02
   3.7205939e-01  -6.8241007e-03
   3.8793120e-01   5.5748297e-03
   4.0747702e-01   3.0031857e-03
   4.2368783e-01   1.2038018e-02
   4.3907444e-01   1.2782549e-02
   4.2410831e-01   3.3249674e-02
   4.1676459e-01   3.6761524e-02
   4.0225900e-01   4.5171332e-02
   3.9248853e-01   5.3517415e-02
   2.5375728e-02   2.1279188e-01
   9.6523321e-03   2.0079112e-01
  -2.0783370e-02   1.7787591e-01
  -8.2927447e-02   1.8465135e-01
  -9.4260105e-02   1.8918491e-01
  -9.9725492e-02   1.8837781e-01
  -1.2318270e-01   1.7858122e-01
  -1.3965269e-01   1.7810883e-01
  -1.7416391e-01   1.7089865e-01
  -1.9608822e-01   1.6260546e-01
  -2.3653212e-01   1.6719704e-01
  -2.7046369e-01   1.6116290e-01
  -2.8706312e-01   1.6409362e-01
  -2.9636375e-01   1.5569361e-01
  -3.0498901e-01   1.5323685e-01
  -3.3251181e-01   1.3427085e-01
  -3.5623794e-01   1.3283239e-01
  -3.7863512e-01   1.1467720e-01
  -4.1974041e-01   1.1605083e-01
  -4.6015656e-01   9.6359971e-02
  -4.7499067e-01   9.5487001e-02
  -4.9189079e-01   9.8484796e-02
  -5.0801881e-01   8.5092318e-02
  -5.1837424e-01   8.2163273e-02
  -5.4603545e-01   6.8324570e-02
  -5.4852078e-01   6.9649317e-02
  -5.5078200e-01   5.6416449e-02
  -5.7637048e-01   4.8619252e-02
  -5.8797546e-01   4.4831220e-02
  -5.7105584e-01   3.9404535e-02
  -5.7542884e-01   3.5540850e-02
  -5.7701487e-01   3.3359945e-02
  -5.7753505e-01   2.1643221e-02
  -5.8207300e-01   8.2500645e-03
  -6.0322377e-01   7.4286934e-03
  -6.0201056e-01   8.7242409e-04
  -5.9788576e-01  -4.8150735e-03
  -5.8053995e-01  -1.8860246e-02
  -5.8053022e-01  -2.0131720e-02
  -5.5442615e-01  -3.3228674e-02
  -5.2998648e-01  -5.3953741e-02
  -5.0511690e-01  -5.8938164e-02
  -5.2499789e-01  -6.7257620e-02
  -5.0266733e-01  -5.4165922e-02
  -4.4441822e-01  -7.5308002e-02
  -4.3095417e-01  -8.3409594e-02
  -4.1968629e-01  -9.5103199e-02
  -3.6761970e-01  -1.0422380e-01
  -3.5897772e-01  -1.0308224e-01
