   9.7803472e-02   2.1542899e-02
   6.4484962e-02   2.0159857e-02
   6.9494623e-02   1.9317209e-02
   6.9547443e-02   2.1533558e-02
   6.6981252e-02   2.0616230e-02
   6.9331970e-02   2.2784543e-02
   6.9475531e-02   2.1951374e-02
   7.0780563e-02   1.9774607e-02
   6.8068064e-02   2.0136863e-02
   6.4406433e-02   2.2329185e-02
   6.1006529e-02   2.1541427e-02
   6.2361203e-02   1.9821079e-02
   6.4495980e-02   1.8406826e-02
   6.1998576e-02   1.8828464e-02
   6.2366583e-02   1.8940142e-02
   6.4678791e-02   1.9779961e-02
   6.1057744e-02   2.2882868e-02
   6.2165315e-02   2.1519134e-02
   6.1012246e-02   2.0662185e-02
   5.9853796e-02   2.0243517e-02
   5.8526693e-02   1.8447640e-02
   6.2235317e-02   2.0221567e-02
   6.0940451e-02   2.2398568e-02
   5.7168467e-02   2.2796038e-02
   5.4903224e-02   2.1986145e-02
   5.3491170e-02   1.8396516e-02
   4.9888951e-02   1.9293899e-02
   4.8670045e-02   1.9733173e-02
   4.2626360e-02   2.0195254e-02
   4.6275818e-02   2.1071063e-02
   4.8766041e-02   1.9772111e-02
   5.3534685e-02   2.0168398e-02
   5.1105755e-02   1.9293122e-02
   5.7196853e-02   1.7973799e-02
   5.9738401e-02   1.9764395e-02
   5.9607066e-02   2.1917226e-02
   6.4542589e-02   2.1057083e-02
   6.2048767e-02   2.0600193e-02
   6.3327729e-02   2.0619446e-02
   6.4559539e-02   1.8424947e-02
   6.8339854e-02   1.9776806e-02
   6.6971777e-02   2.1932159e-02
   6.9342162e-02   2.1470050e-02
   6.9468630e-02   2.2829429e-02
   6.7047296e-02   2.0636542e-02
   6.6921312e-02   1.9719534e-02
   6.9560209e-02   1.9775716e-02
   7.1987704e-02   2.1531122e-02
   7.4347350e-02   2.2385260e-02
   7.4424370e-02   2.1967962e-02
   7.5587364e-02   1.9750519e-02
   1.0237996e-01   2.2349033e-02
   1.0382329e-01   2.0634975e-02
   1.0117100e-01   2.1474339e-02
   1.0759884e-01   2.0210693e-02
   1.0361855e-01   2.0594480e-02
   9.9642720e-02   2.2723993e-02
   9.6366099e-02   2.3696312e-02
   9.4117029e-02   2.3306861e-02
   9.6412198e-02   1.9308106e-02
   9.1612953e-02   2.0211678e-02
   8.8806628e-02   2.1448434e-02
   9.1681771e-02   2.2430686e-02
   9.1600185e-02   2.1529831e-02
   9.2283201e-02   2.0528277e-02
   8.6629271e-02   2.1514766e-02
   8.5316631e-02   2.2372433e-02
   8.1518726e-02   2.0143452e-02
   8.2898595e-02   2.0181764e-02
   8.1683119e-02   1.9744325e-02
   8.6629271e-02   2.1514766e-02
   8.1829499e-02   2.1541763e-02
   7.8165491e-02   2.1545896e-02
   7.6868227e-02   2.1526001e-02
   8.0437361e-02   2.2817140e-02
   7.9382984e-02   2.1984223e-02
   7.8029050e-02   1.9309252e-02
   8.0546900e-02   1.9325826e-02
   7.6864513e-02   2.1965308e-02
   7.9230303e-02   2.1502136e-02
   7.4288297e-02   2.0609262e-02
   7.7092716e-02   2.2030426e-02
   7.5417490e-02   2.2339936e-02
   7.7941820e-02   2.0605511e-02
   7.4588890e-02   1.9810213e-02
   7.6727449e-02   2.0168339e-02
   7.7850312e-02   2.2337209e-02
   8.0532431e-02   2.1082720e-02
   7.9390593e-02   2.1104854e-02
   7.6868227e-02   2.1526001e-02
   7.5655186e-02   2.0648647e-02
   7.1775220e-02   2.1467636e-02
   7.2998549e-02   2.0590218e-02
   7.5580588e-02   2.0628319e-02
   6.8208147e-02   1.9299260e-02
   6.9547443e-02   2.1533558e-02
   7.3073761e-02   2.0171952e-02
   7.5577091e-02   2.1067220e-02
   7.5487973e-02   2.2800376e-02
   7.4201079e-02   2.2341267e-02
   7.6792448e-02   2.1504813e-02
   7.0634774e-02   2.0612835e-02
   6.9550736e-02   2.1094097e-02
   6.5701659e-02   2.0158811e-02
   6.7122416e-02   1.9338368e-02
   6.8205195e-02   1.9737879e-02
   6.2162317e-02   2.1958300e-02
   5.8574416e-02   2.0224498e-02
   5.8461595e-02   1.9745861e-02
   5.8514004e-02   2.0643788e-02
   6.0892047e-02   2.0621490e-02
   6.2176703e-02   1.9762470e-02
   5.3801822e-02   1.9827539e-02
   4.9880043e-02   2.1047890e-02
   4.9978399e-02   2.1089419e-02
   5.2315627e-02   2.0607712e-02
   4.6271409e-02   2.1949024e-02
   4.9993573e-02   1.8013878e-02
   5.1098984e-02   2.0608562e-02
   5.1202073e-02   2.0209875e-02
   5.7297558e-02   2.0205494e-02
   6.9420073e-02   2.0175391e-02
   6.8333716e-02   2.0655775e-02
   6.5695666e-02   2.1035281e-02
   6.8256662e-02   2.1952582e-02
   6.6971777e-02   2.1932159e-02
   6.8131979e-02   2.0594849e-02
   7.2995184e-02   2.1028308e-02
   7.1775220e-02   2.1467636e-02
   7.3128541e-02   2.2386578e-02
   7.5435239e-02   2.0149746e-02
   7.5506138e-02   2.0608032e-02
   7.8095675e-02   2.0646111e-02
   7.0631512e-02   2.1051406e-02
   7.2988244e-02   2.1904487e-02
   6.8269431e-02   2.0196375e-02
   6.9277257e-02   2.1011230e-02
   7.5584013e-02   2.0189419e-02
   8.1672018e-02   2.1060614e-02
   8.0467458e-02   1.9306811e-02
   7.8165491e-02   2.1545896e-02
   7.7084997e-02   2.2911644e-02
   7.4277789e-02   2.1924747e-02
   7.4225025e-02   1.9274819e-02
   7.1923463e-02   2.0631962e-02
   8.6633373e-02   2.1075689e-02
   8.1668159e-02   2.1499376e-02
   8.4019138e-02   2.1913686e-02
   8.6555886e-02   2.0177675e-02
   8.3787199e-02   2.0101335e-02
   9.2651371e-02   2.0170474e-02
   9.1496265e-02   2.2825508e-02
   9.2908791e-02   2.1989247e-02
   8.5409141e-02   2.1516242e-02
   8.5400806e-02   2.2394456e-02
   9.2568199e-02   1.9274557e-02
   9.7326913e-02   2.0999833e-02
   9.2908791e-02   2.1989247e-02
   9.5136066e-02   2.4575829e-02
   9.1428131e-02   2.0610473e-02
   9.6101187e-02   2.1876508e-02
   1.0118505e-01   2.0159584e-02
   9.6308662e-02   2.0165922e-02
   9.3950055e-02   2.1505472e-02
   8.9069533e-02   2.1511750e-02
   9.2442627e-02   2.2756683e-02
   9.3945516e-02   2.1944359e-02
   1.0128493e-01   2.0179391e-02
   1.0717959e-01   1.9693846e-02
   1.0370609e-01   2.1930540e-02
   1.0012432e-01   2.3714052e-02
   9.7687376e-02   2.3278576e-02
   1.0087741e-01   2.0974325e-02
   9.6096479e-02   2.2314038e-02
   1.0230326e-01   2.0138188e-02
   1.0272571e-01   1.8459433e-02
   9.9848831e-02   2.1892852e-02
   1.0115090e-01   2.3227346e-02
   1.0360386e-01   2.1909021e-02
   1.0359877e-01   2.2347202e-02
   1.0004587e-01   2.1935879e-02
   9.5183425e-02   2.0187288e-02
   8.9258133e-02   2.0234525e-02
   9.0200653e-02   2.1489069e-02
   9.4880068e-02   2.2315731e-02
   9.8835256e-02   2.1060112e-02
   1.0108537e-01   2.0139816e-02
   9.8835256e-02   2.1060112e-02
   9.5156115e-02   2.2820413e-02
   9.6285913e-02   2.2357870e-02
   9.6385659e-02   2.1941030e-02
   9.7514219e-02   2.1479433e-02
   9.4889274e-02   2.1440605e-02
   9.3874630e-02   1.9730520e-02
   9.2647173e-02   2.0608962e-02
   8.0619399e-02   2.0224192e-02
   8.0456755e-02   2.0623184e-02
   8.1668159e-02   2.1499376e-02
   8.5248866e-02   2.0597476e-02
   8.1587727e-02   2.1478245e-02
   8.1833380e-02   2.1102135e-02
   8.2739077e-02   1.9704263e-02
   8.7853561e-02   2.1074222e-02
   8.1664221e-02   2.1938139e-02
   7.6951380e-02   2.0667753e-02
   7.6799630e-02   2.0627065e-02
   7.4294944e-02   1.9732272e-02
   6.9403707e-02   2.2368368e-02
   7.5584013e-02   2.0189419e-02
   7.5431834e-02   2.0587784e-02
   7.5566159e-02   2.2383921e-02
   6.9472114e-02   2.2390402e-02
   7.0977696e-02   2.1596223e-02
   6.5825208e-02   2.1076735e-02
   6.2112696e-02   2.0181744e-02
   6.3324804e-02   2.1058157e-02
   5.8453665e-02   2.1062252e-02
   5.7182197e-02   2.0604111e-02
   5.9671450e-02   2.1061259e-02
   5.7187303e-02   1.9727341e-02
   4.9933736e-02   2.0190774e-02
   5.2322559e-02   1.9292326e-02
   5.3688287e-02   2.1107616e-02
   5.3688287e-02   2.1107616e-02
   5.6186722e-02   2.0686477e-02
   5.2315627e-02   2.0607712e-02
   5.3702443e-02   1.8469164e-02
   4.8570106e-02   2.0569695e-02
   5.2468099e-02   2.1108513e-02
   4.7449057e-02   2.0610994e-02
   5.2376329e-02   1.8872442e-02
   5.6070676e-02   2.1524218e-02
   5.2430163e-02   1.8451730e-02
   5.3733520e-02   2.2449005e-02
   5.4753801e-02   1.9729102e-02
   5.6181447e-02   2.1566752e-02
   5.9625899e-02   1.8848814e-02
   5.9895735e-02   2.2906603e-02
   5.9792002e-02   2.0663183e-02
   5.8505711e-02   2.1961477e-02
   5.9618172e-02   2.0163848e-02
   5.9724580e-02   2.1960439e-02
   6.2109888e-02   2.0620478e-02
   6.8404338e-02   2.0236245e-02
   8.9169941e-02   2.0214595e-02
   9.2473086e-02   1.9693284e-02
   9.0009927e-02   2.2759985e-02
   9.2629485e-02   2.2362916e-02
   9.3954503e-02   2.1066584e-02
   9.3782142e-02   1.9711154e-02
   9.2464829e-02   2.0568541e-02
   9.2538276e-02   2.2340964e-02
   9.3677153e-02   2.1004615e-02
   9.8835256e-02   2.1060112e-02
   9.2533644e-02   2.2779022e-02
   9.6571465e-02   2.2423941e-02
   1.0016795e-01   1.9761710e-02
   9.6503273e-02   1.9766359e-02
   9.8820932e-02   2.2376369e-02
   9.9026015e-02   2.1541206e-02
   9.0266979e-02   2.3705131e-02
   8.7836414e-02   2.2830407e-02
   8.1906434e-02   2.2003081e-02
   9.0310160e-02   1.9315292e-02
   9.2634042e-02   2.1924428e-02
   9.9142326e-02   1.9802240e-02
   1.0228417e-01   2.1889335e-02
   9.9104175e-02   2.3322638e-02
   9.2605362e-02   2.4555359e-02
   9.8825803e-02   2.1937617e-02
   9.7605731e-02   2.1939334e-02
   1.0607074e-01   1.9276724e-02
   1.0370609e-01   2.1930540e-02
   1.0633445e-01   2.3727620e-02
   1.0868826e-01   2.2383562e-02
   1.0724433e-01   2.3217722e-02
   1.0502461e-01   2.2389279e-02
   1.0524780e-01   2.1113771e-02
   9.7532083e-02   1.9726010e-02
   9.5076364e-02   2.1482727e-02
   1.0239477e-01   2.1034384e-02
   1.0005544e-01   2.1058444e-02
   1.0013974e-01   2.2396605e-02
   9.9838932e-02   2.2768566e-02
   9.8839839e-02   2.0621360e-02
   9.8737812e-02   2.1039434e-02
   9.7610447e-02   2.1500547e-02
   9.9657338e-02   2.1412994e-02
   9.8737812e-02   2.1039434e-02
   9.6590015e-02   2.0665200e-02
   9.3765000e-02   2.1463257e-02
   9.3014024e-02   2.0690282e-02
   9.0204915e-02   2.1050517e-02
   6.2107019e-02   2.1059211e-02
   6.8064998e-02   2.0574621e-02
   6.4482052e-02   2.0598115e-02
   6.2417306e-02   2.0722501e-02
   5.9797372e-02   1.9783899e-02
   5.4960111e-02   2.1567712e-02
   6.1006529e-02   2.1541427e-02
   5.7235880e-02   2.1063225e-02
   5.5907962e-02   2.1022757e-02
   5.8466600e-02   1.8868267e-02
   6.1017727e-02   1.9782943e-02
   5.8687604e-02   2.0705029e-02
   5.9712483e-02   2.3717274e-02
   6.4482052e-02   2.0598115e-02
   6.1006529e-02   2.1541427e-02
   6.2165315e-02   2.1519134e-02
   6.0834870e-02   2.0162879e-02
   6.0907685e-02   1.7988959e-02
   6.4548488e-02   2.0179704e-02
   6.8327313e-02   2.1534744e-02
   7.1916737e-02   2.1509918e-02
   6.9560209e-02   1.9775716e-02
   6.9688286e-02   2.1135776e-02
   7.5584013e-02   2.0189419e-02
   8.0695456e-02   2.0684241e-02
   7.8072813e-02   2.3281785e-02
   8.2972808e-02   2.1079968e-02
   8.4031025e-02   2.0598864e-02
   9.0293938e-02   2.1071227e-02
   9.0196304e-02   2.1927622e-02
   9.0187344e-02   2.2804727e-02
   9.0103058e-02   2.2344212e-02
   8.8902388e-02   2.0593192e-02
   8.8898282e-02   2.1031345e-02
   9.2564193e-02   1.9712615e-02
   9.2647173e-02   2.0608962e-02
   9.1481939e-02   2.4142365e-02
   9.4028926e-02   2.2844599e-02
   9.2638508e-02   2.1485939e-02
   9.0298125e-02   2.0632244e-02
   9.2568199e-02   1.9274557e-02
   9.0120229e-02   2.0591725e-02
   9.0280852e-02   2.2388179e-02
   8.6526676e-02   2.3248191e-02
   8.6701996e-02   2.2854491e-02
   9.2720875e-02   2.2384912e-02
   9.7518827e-02   2.1041078e-02
   9.9048584e-02   1.9343124e-02
   9.8635909e-02   2.1456688e-02
   9.7885710e-02   2.2884390e-02
   8.5328974e-02   2.1056407e-02
   8.0449231e-02   2.1500767e-02
   8.6637390e-02   2.0636612e-02
   8.1748749e-02   2.1520549e-02
   8.0622988e-02   1.9784536e-02
   7.5655186e-02   2.0648647e-02
   7.5428357e-02   2.1025822e-02
   7.0847351e-02   2.0233991e-02
   7.4361547e-02   2.0629554e-02
   7.3283624e-02   2.1111296e-02
   7.4291657e-02   2.0170767e-02
   7.8018672e-02   2.0625791e-02
   7.5726412e-02   2.1108781e-02
   7.0830549e-02   2.2433338e-02
   7.3211301e-02   2.1090488e-02
   6.9351752e-02   2.0155557e-02
   6.7119500e-02   1.9777877e-02
   7.3221272e-02   1.9772332e-02
   7.5566159e-02   2.2383921e-02
   7.2977305e-02   2.3218757e-02
   7.0764155e-02   2.1971786e-02
   6.8199093e-02   2.0615118e-02
   7.0783639e-02   1.9335172e-02
   6.6992979e-02   1.8861657e-02
   6.8202177e-02   2.0176499e-02
   6.4545570e-02   2.0618394e-02
   6.2343604e-02   2.2463890e-02
   6.1015016e-02   2.0222564e-02
   6.3268265e-02   2.0160884e-02
   6.1022971e-02   1.8903701e-02
   6.0772320e-02   2.0580955e-02
   6.2299581e-02   1.9801504e-02
   5.9730281e-02   2.1082022e-02
   5.7408173e-02   2.0685536e-02
   6.5766384e-02   2.0178655e-02
   6.2173946e-02   2.0201636e-02
   6.0897495e-02   1.9743980e-02
   5.9789229e-02   2.1102825e-02
   6.3211570e-02   1.9265374e-02
   6.5689419e-02   2.1911752e-02
   6.6915337e-02   2.0595958e-02
   6.7047296e-02   2.0636542e-02
   6.8128839e-02   2.1033038e-02
   7.4361547e-02   2.0629554e-02
   7.1913269e-02   2.1948896e-02
   7.4347350e-02   2.2385260e-02
   7.5655186e-02   2.0648647e-02
   7.0637969e-02   2.0174264e-02
   7.4515186e-02   1.9790670e-02
   9.9026015e-02   2.1541206e-02
   9.8708390e-02   2.3669364e-02
   1.0481232e-01   2.2783494e-02
   1.0136596e-01   2.1955691e-02
   1.0259707e-01   2.1075750e-02
   9.7619594e-02   2.0622974e-02
   1.0280018e-01   2.1117279e-02
   1.0370609e-01   2.1930540e-02
   1.0145604e-01   2.2856397e-02
   1.0248602e-01   2.1932340e-02
   9.8928200e-02   2.1520014e-02
   1.0118047e-01   2.0597836e-02
   1.0128493e-01   2.0179391e-02
   1.0493123e-01   2.1490144e-02
   1.0258724e-01   2.1953907e-02
   9.8913545e-02   2.2837566e-02
   1.0023874e-01   2.2418656e-02
   9.8751234e-02   1.9724470e-02
   9.9035332e-02   2.0661973e-02
   9.5367357e-02   2.0666784e-02
   9.4033661e-02   2.2405280e-02
   9.7504722e-02   2.2356145e-02
   1.0014954e-01   2.1518306e-02
   9.8825803e-02   2.1937617e-02
   1.0025332e-01   2.1099911e-02
   1.0127084e-01   2.1495438e-02
   9.5264192e-02   2.1525015e-02
   9.6195825e-02   2.1897973e-02
   9.7702134e-02   2.1960920e-02
   9.7331399e-02   2.0562337e-02
   9.6886219e-02   1.9844472e-02
   9.6299842e-02   2.1042701e-02
   9.9217394e-02   2.2024198e-02
   9.3746408e-02   2.3215359e-02
   9.2547272e-02   2.1464848e-02
   9.2825924e-02   2.1088894e-02
   8.9342418e-02   2.0694809e-02
   8.6466707e-02   2.0596068e-02
   8.5489367e-02   2.1976984e-02
   9.0023157e-02   2.1446909e-02
   9.0209089e-02   2.0611964e-02
   8.2820593e-02   1.9723628e-02
   8.5328974e-02   2.1056407e-02
   8.3073261e-02   1.8902751e-02
   7.9226483e-02   2.1940955e-02
   8.0604261e-02   2.1982818e-02
   7.7926969e-02   2.2359172e-02
   7.9156005e-02   2.1042609e-02
   7.8011376e-02   2.1503485e-02
   6.3509462e-02   2.1560552e-02
   6.5952133e-02   2.1558318e-02
   6.5828254e-02   2.0637637e-02
   6.2285111e-02   2.2001671e-02
   5.3577421e-02   2.1943772e-02
   5.5972970e-02   1.9289826e-02
   5.8466600e-02   1.8868267e-02
   5.8684872e-02   2.1145561e-02
   6.0880445e-02   2.2376510e-02
   6.7179777e-02   2.0677285e-02
   6.8186098e-02   2.2369596e-02
   6.5964263e-02   1.9798455e-02
   6.4730797e-02   2.1559446e-02
   6.8401227e-02   2.0676164e-02
   7.1849297e-02   2.1050210e-02
   7.3135665e-02   2.1508673e-02
   7.3056534e-02   2.2364556e-02
   7.6961657e-02   1.9348535e-02
   7.8095675e-02   2.0646111e-02
   7.8018672e-02   2.0625791e-02
   8.2980422e-02   2.0201636e-02
   8.5480841e-02   2.2856063e-02
   8.1910407e-02   2.1563019e-02
   8.1515047e-02   2.0581354e-02
   7.9397893e-02   2.0225486e-02
   8.1679498e-02   2.0183088e-02
   8.4276168e-02   2.1099335e-02
   8.2891003e-02   2.1059232e-02
   8.6526676e-02   2.3248191e-02
   8.5161048e-02   2.1015073e-02
   8.0532431e-02   2.1082720e-02
   8.5428530e-02   1.9320707e-02
   8.9081924e-02   2.0194704e-02
   9.1509794e-02   2.1508652e-02
   8.5303547e-02   2.3688458e-02
   8.9161743e-02   2.1093490e-02
   9.0656028e-02   2.0713759e-02
   9.5071780e-02   2.1921150e-02
   9.3677153e-02   2.1004615e-02
   9.8733147e-02   2.1477756e-02
   9.5174691e-02   2.1064997e-02
   9.2729924e-02   2.1507072e-02
   9.3677153e-02   2.1004615e-02
   9.7918347e-02   1.9803799e-02
   9.9965953e-02   2.0161197e-02
   1.0737149e-01   2.1486513e-02
   1.0013470e-01   2.2835754e-02
   1.0461136e-01   2.2301591e-02
   9.7518827e-02   2.1041078e-02
