  -7.7248715e-02   7.8719403e-02
  -6.1190773e-02   1.5922294e-01
  -6.6841876e-02   1.5553925e-01
  -6.8985050e-02   1.5252202e-01
  -7.0114330e-02   1.5043430e-01
  -6.7673807e-02   1.5267101e-01
  -6.8019447e-02   1.5254278e-01
  -6.9528052e-02   1.4539773e-01
  -7.2735206e-02   1.4760390e-01
  -6.3793651e-02   1.3699720e-01
  -6.0555418e-02   1.3047604e-01
  -5.4939275e-02   1.2745414e-01
  -4.6749425e-02   1.2122966e-01
  -5.3922242e-02   1.1827794e-01
  -5.5175184e-02   1.1648728e-01
  -6.2550745e-02   1.1489822e-01
  -5.6779247e-02   1.1258284e-01
  -4.7461495e-02   1.0632027e-01
  -4.7936575e-02   9.4086712e-02
  -4.9197331e-02   9.0372517e-02
  -4.7930095e-02   8.9833166e-02
  -5.4030535e-02   8.4592268e-02
  -6.9258556e-02   7.6755883e-02
  -6.7000395e-02   6.7733449e-02
  -6.0944805e-02   6.0072922e-02
  -5.5253230e-02   5.5113080e-02
  -5.0369865e-02   4.8338825e-02
  -5.0427857e-02   4.3322532e-02
  -5.2797756e-02   3.7238475e-02
  -4.8838437e-02   2.9824145e-02
  -4.1151449e-02   2.3384357e-02
  -4.7705975e-02   1.7189602e-02
  -5.1764261e-02   8.6376074e-03
  -3.6691364e-02   6.8361223e-03
  -2.7752447e-02  -2.2721536e-03
  -1.8804626e-02  -7.2275884e-03
  -1.8741928e-02  -1.3060236e-02
  -1.9865518e-02  -1.6562241e-02
  -3.7118491e-03  -2.1424176e-02
  -3.6965041e-03  -2.2672226e-02
  -6.1505296e-03  -2.7978694e-02
  -4.9373715e-03  -3.7492176e-02
   7.3928206e-03  -4.1467186e-02
   1.6022914e-02  -4.4630108e-02
   1.3604919e-02  -4.7051494e-02
   1.4822224e-02  -4.8346578e-02
   2.0975020e-02  -4.8741630e-02
   2.4529814e-02  -5.2499501e-02
   2.6827389e-02  -5.8935056e-02
   3.0649861e-02  -6.4252622e-02
   3.4200145e-02  -6.9462211e-02
  -3.4885954e-03  -1.6743385e-01
  -1.1712556e-03  -1.6726942e-01
  -2.3524343e-03  -1.6704442e-01
  -5.8672250e-03  -1.7021143e-01
  -5.8797659e-03  -1.6596839e-01
   0.0000000e+00  -1.7136364e-01
  -1.1792294e-03  -1.6909082e-01
  -3.5525340e-03  -1.6058029e-01
  -1.1827261e-03  -1.6087059e-01
  -9.4993106e-03  -1.4938149e-01
  -9.5078620e-03  -1.5104176e-01
  -4.7670408e-03  -1.4697541e-01
  -5.9786060e-03  -1.4350272e-01
  -1.6703786e-02  -1.4215099e-01
  -1.3157868e-02  -1.3660246e-01
  -1.4427890e-02  -1.3489331e-01
  -1.8068528e-02  -1.3516259e-01
  -2.0556460e-02  -1.3225279e-01
  -1.8199439e-02  -1.3175186e-01
  -1.4607509e-02  -1.2628656e-01
  -1.8303933e-02  -1.2562679e-01
  -1.8430783e-02  -1.2260141e-01
  -1.3530111e-02  -1.2077137e-01
  -1.6051269e-02  -1.1388036e-01
  -2.2284608e-02  -1.1077114e-01
  -2.1045686e-02  -1.0687534e-01
  -2.2398067e-02  -1.0696585e-01
  -2.4964808e-02  -1.0487354e-01
  -2.1323679e-02  -1.0346133e-01
  -1.6277864e-02  -1.0278976e-01
  -1.2446328e-03  -9.5881392e-02
   6.1858844e-03  -9.1000856e-02
   4.9214809e-03  -8.4847172e-02
  -6.1498829e-03  -8.0621437e-02
  -1.3559937e-02  -7.4762573e-02
  -1.1229564e-02  -5.6189086e-02
  -7.4813190e-03  -5.1101692e-02
   0.0000000e+00  -4.7340426e-02
   0.0000000e+00  -4.3829146e-02
  -1.3468165e-02  -4.2990448e-02
  -2.0814478e-02  -3.8074155e-02
  -3.4488228e-02  -3.2472273e-02
  -3.7085155e-02  -2.8552774e-02
  -4.1098603e-02  -2.5606990e-02
  -3.1227790e-02  -2.6141565e-02
  -2.6180013e-02  -2.5641339e-02
  -2.4990670e-02  -2.3439970e-02
  -2.0027954e-02  -1.5794067e-02
  -1.9977163e-02  -7.1982492e-03
  -2.1185574e-02   1.3469259e-03
  -8.8896320e-02   1.3587698e-01
  -9.9583972e-02   1.5007259e-01
  -1.0078473e-01   1.4854410e-01
  -1.0068286e-01   1.5446656e-01
  -9.2526492e-02   1.5091051e-01
  -8.8537582e-02   1.5275828e-01
  -8.4474089e-02   1.5640740e-01
  -8.4823081e-02   1.6024271e-01
  -9.1458389e-02   1.6388784e-01
  -8.7407401e-02   1.6533975e-01
  -8.4719422e-02   1.6966380e-01
  -7.6496104e-02   1.6745695e-01
  -6.1489566e-02   1.6624971e-01
  -6.2436157e-02   1.6408325e-01
  -5.7664339e-02   1.6214081e-01
  -5.4181899e-02   1.5859909e-01
  -5.1913753e-02   1.5478246e-01
  -5.1994915e-02   1.4965005e-01
  -6.1634147e-02   1.4139713e-01
  -6.2049344e-02   1.3710724e-01
  -5.8639463e-02   1.3113644e-01
  -4.8452327e-02   1.2508006e-01
  -5.0963646e-02   1.2689917e-01
  -4.3852440e-02   1.2692946e-01
  -4.2605424e-02   1.2769444e-01
  -4.9936258e-02   1.2830327e-01
  -5.8260020e-02   1.1964793e-01
  -6.2141543e-02   1.1220928e-01
  -5.6322922e-02   1.0691339e-01
  -5.2815461e-02   1.0758591e-01
  -5.1846484e-02   1.0668275e-01
  -5.3102628e-02   1.0678509e-01
  -5.1042025e-02   1.0094369e-01
  -5.8476640e-02   9.1313321e-02
  -7.1408619e-02   8.0565170e-02
  -6.2039907e-02   7.8907569e-02
  -5.5875073e-02   7.1523720e-02
  -4.8487594e-02   6.4684615e-02
  -4.9813930e-02   5.9254117e-02
  -5.1246299e-02   5.3480325e-02
  -4.3807189e-02   4.8053014e-02
  -4.2573750e-02   4.6241349e-02
  -4.0186100e-02   3.7214860e-02
  -3.8888086e-02   3.1705184e-02
  -3.6370248e-02   1.7177501e-02
  -4.6325138e-02   1.2628029e-02
  -3.6391270e-02   8.1367110e-03
  -3.7496236e-02   6.3027631e-03
  -3.1122079e-02   4.9329096e-03
  -2.9788403e-02   2.6826368e-03
   7.2612276e-03  -1.0341361e-01
   3.6271516e-03  -1.0331109e-01
   0.0000000e+00  -1.0911705e-01
   2.4236230e-03  -1.1068734e-01
   2.4340044e-03  -1.0831621e-01
   2.4299609e-03  -1.1339571e-01
   0.0000000e+00  -1.1113660e-01
  -9.7543158e-03  -1.1624102e-01
  -1.3325071e-02  -1.1880985e-01
  -1.5781715e-02  -1.1859594e-01
  -6.0387422e-03  -1.2230573e-01
  -4.8143644e-03  -1.2476112e-01
  -7.1602391e-03  -1.2893125e-01
  -5.9042674e-03  -1.3469862e-01
  -1.7702965e-02  -1.3557419e-01
  -1.7605045e-02  -1.3960095e-01
  -2.4656384e-02  -1.4208457e-01
  -1.7735753e-02  -1.4816668e-01
  -1.8992890e-02  -1.4831385e-01
  -1.4217229e-02  -1.5555754e-01
  -1.1868582e-02  -1.5739753e-01
  -7.0950327e-03  -1.5827958e-01
  -8.3343741e-03  -1.5286563e-01
  -8.3755540e-03  -1.4711870e-01
  -8.3934373e-03  -1.4545083e-01
  -9.5774391e-03  -1.4319280e-01
  -1.4280764e-02  -1.3829460e-01
  -2.3782598e-02  -1.3472625e-01
  -2.4941778e-02  -1.3503525e-01
  -2.4898098e-02  -1.3137738e-01
  -2.7399656e-02  -1.2335570e-01
  -3.3321520e-02  -1.2512103e-01
  -3.7132733e-02  -1.2599192e-01
  -3.3485562e-02  -1.2530241e-01
  -1.7998462e-02  -1.2481920e-01
  -1.8106809e-02  -1.2319568e-01
  -1.4525357e-02  -1.2016367e-01
  -1.9462503e-02  -1.1496951e-01
  -2.0669617e-02  -1.1010534e-01
  -2.4415019e-02  -1.0625346e-01
  -2.0808712e-02  -1.0083353e-01
  -1.5880285e-02  -9.2138521e-02
  -2.5738237e-02  -8.9160024e-02
  -2.8231263e-02  -8.3218147e-02
  -1.9592341e-02  -8.1632528e-02
  -2.0908150e-02  -7.2734001e-02
  -1.9662227e-02  -7.4980137e-02
  -2.4656778e-02  -6.8758698e-02
  -2.7104783e-02  -6.1379701e-02
  -3.0905054e-02  -6.0213128e-02
  -6.1449479e-02   7.9988844e-02
  -6.9129417e-02   8.4065122e-02
  -6.3116102e-02   8.2900280e-02
  -4.7946431e-02   8.4245302e-02
  -3.8112739e-02   8.6610348e-02
  -5.3857656e-02   9.6486128e-02
  -7.4219802e-02   1.0856019e-01
  -8.5431867e-02   1.1606732e-01
  -6.3415849e-02   1.1756155e-01
  -6.7435276e-02   1.1334988e-01
  -6.0021196e-02   1.0940850e-01
  -4.4021528e-02   1.0687322e-01
  -4.2841402e-02   1.1277034e-01
  -5.0857781e-02   1.2644380e-01
  -6.1455361e-02   1.3604040e-01
  -6.8133663e-02   1.4221586e-01
  -7.4989053e-02   1.4998730e-01
  -7.4761748e-02   1.4848203e-01
  -7.0290456e-02   1.4416404e-01
  -6.6637038e-02   1.4899671e-01
  -6.3028472e-02   1.4992496e-01
  -6.9140927e-02   1.5230492e-01
  -6.5404237e-02   1.5292733e-01
  -6.6266068e-02   1.5561166e-01
  -7.9830304e-02   1.6372536e-01
  -8.6193587e-02   1.6881859e-01
  -8.6712781e-02   1.7197296e-01
  -9.0387253e-02   1.7289643e-01
  -9.1852828e-02   1.7509904e-01
  -9.9489186e-02   1.7426692e-01
  -9.5426097e-02   1.7248907e-01
  -9.5278126e-02   1.7584525e-01
  -9.3936044e-02   1.7813211e-01
  -9.6589431e-02   1.7401295e-01
  -1.0620135e-01   1.7424232e-01
  -1.0755122e-01   1.6672359e-01
  -1.1019199e-01   1.6047800e-01
  -1.0714827e-01   1.5525443e-01
  -1.1260954e-01   1.4916278e-01
  -1.1014635e-01   1.4858737e-01
  -1.0390548e-01   1.4775343e-01
  -1.0233545e-01   1.4867107e-01
  -8.8346704e-02   1.4236024e-01
  -8.4658975e-02   1.4120554e-01
  -8.1264300e-02   1.3615058e-01
  -7.8403276e-02   1.3285121e-01
  -8.5684266e-02   1.2821174e-01
  -8.0033610e-02   1.2012039e-01
   2.3310129e-02  -6.5219058e-02
   2.8313159e-02  -6.4066402e-02
   3.9061740e-02  -7.1234735e-02
   4.7557365e-02  -6.8409637e-02
   4.3817164e-02  -7.3748526e-02
   2.9187568e-02  -7.5997141e-02
   2.3024374e-02  -7.7550856e-02
   8.5126030e-03  -8.3825593e-02
   8.5420481e-03  -8.2736646e-02
   1.9639139e-02  -8.3229756e-02
   2.4522124e-02  -8.8261270e-02
   2.3382547e-02  -8.9073844e-02
   1.9716229e-02  -9.9633907e-02
   2.4760378e-02  -1.0059540e-01
   4.0736225e-02  -1.1038426e-01
   2.3494092e-02  -1.1111383e-01
   2.2155307e-02  -1.1203119e-01
   8.6076123e-03  -1.0999204e-01
  -1.2323410e-03  -1.1170776e-01
  -8.6528734e-03  -1.1746586e-01
  -7.3678111e-03  -1.2006980e-01
  -7.3864819e-03  -1.2286733e-01
   7.3584869e-03  -1.2930982e-01
   1.7116220e-02  -1.2588715e-01
   2.7956134e-02  -1.2704259e-01
   2.6818918e-02  -1.2203662e-01
   2.6827441e-02  -1.2502459e-01
   2.6834597e-02  -1.2456829e-01
   2.3103520e-02  -1.2809561e-01
   2.6664936e-02  -1.3506306e-01
   2.2668451e-02  -1.4064264e-01
   2.9363974e-02  -1.4903039e-01
   3.1457631e-02  -1.4916508e-01
   2.9118691e-02  -1.4961541e-01
   3.3797709e-02  -1.5019134e-01
   3.1307968e-02  -1.5033766e-01
   2.7610143e-02  -1.5885238e-01
   2.4124078e-02  -1.5811016e-01
   2.6317696e-02  -1.6086018e-01
   1.7294627e-02  -1.5432593e-01
   1.6216623e-02  -1.5761655e-01
   1.2846475e-02  -1.5158425e-01
   1.3997773e-02  -1.5039303e-01
   1.2881407e-02  -1.4906598e-01
   1.4120095e-02  -1.4638859e-01
   1.0644579e-02  -1.4623390e-01
   1.1928387e-03  -1.4561984e-01
  -2.4068942e-03  -1.4301915e-01
  -3.6012294e-03  -1.4062116e-01
  -2.4200560e-03  -1.3934776e-01
  -1.3569776e-02   3.5223311e-02
  -2.4516398e-02   4.2140177e-02
  -3.0803956e-02   4.5958472e-02
  -2.9669149e-02   4.4755568e-02
  -9.8974299e-03   5.3883209e-02
  -7.4332803e-03   5.6242645e-02
  -1.8562385e-02   5.6629864e-02
  -9.8252782e-03   5.8468529e-02
  -9.7788141e-03   6.7260106e-02
  -9.7847108e-03   7.4164274e-02
  -1.5920052e-02   7.8865347e-02
  -1.5869506e-02   8.1837236e-02
  -2.3259800e-02   8.9523420e-02
  -2.8200304e-02   9.0598505e-02
  -4.5304482e-02   9.7966441e-02
  -4.4193761e-02   9.6812006e-02
  -3.9215826e-02   1.0044527e-01
  -3.7908523e-02   1.0881418e-01
  -3.1461876e-02   1.1334810e-01
  -3.3777634e-02   1.1344776e-01
  -4.5807717e-02   1.1475455e-01
  -6.2637802e-02   1.2664449e-01
  -5.9541419e-02   1.2393577e-01
  -6.8922784e-02   1.3700528e-01
  -6.1610109e-02   1.3691185e-01
  -5.2837877e-02   1.4303743e-01
  -5.5170163e-02   1.4182683e-01
  -6.3714336e-02   1.3815224e-01
  -6.3453933e-02   1.4751127e-01
  -6.5725801e-02   1.5173367e-01
  -6.5455082e-02   1.5763947e-01
  -6.7892567e-02   1.5930847e-01
  -6.5539122e-02   1.5582230e-01
  -6.7014214e-02   1.5706793e-01
  -6.0939068e-02   1.5633499e-01
  -5.9345022e-02   1.6284727e-01
  -7.2318016e-02   1.6150498e-01
  -7.5831048e-02   1.6085633e-01
  -7.4225194e-02   1.6857040e-01
  -7.6613910e-02   1.6245084e-01
  -8.1153463e-02   1.5694251e-01
  -7.3101525e-02   1.5492842e-01
  -6.6880780e-02   1.5614277e-01
  -7.2986031e-02   1.5717376e-01
  -7.5783246e-02   1.5312604e-01
  -7.2697372e-02   1.4669502e-01
  -6.9971053e-02   1.4492972e-01
  -6.1479209e-02   1.4202728e-01
  -6.1187079e-02   1.4620048e-01
  -4.7210198e-02   3.4999506e-02
  -4.4734053e-02   2.7345910e-02
  -4.7271949e-02   1.7482138e-02
  -4.8671955e-02   1.5286400e-02
  -4.9895325e-02   5.3895420e-03
  -4.8602397e-02   4.4869405e-04
  -3.7457181e-02  -7.1958813e-03
  -3.3642281e-02  -8.0797465e-03
  -3.2490415e-02  -1.0805976e-02
  -3.3767543e-02  -1.3971470e-02
  -2.8772809e-02  -2.2108590e-02
  -2.5028194e-02  -2.7552697e-02
  -3.6355985e-02  -4.0807861e-02
  -3.1300930e-02  -4.6707567e-02
  -2.9981945e-02  -5.1644456e-02
  -1.6079419e-02  -5.4778334e-02
  -1.7277151e-02  -5.9207814e-02
  -6.1541573e-03  -6.4530904e-02
  -1.2330263e-03  -6.8323197e-02
   0.0000000e+00  -7.3717172e-02
  -1.2290754e-03  -7.1774157e-02
   1.2246194e-03  -7.8872065e-02
   1.0989314e-02  -8.3713872e-02
   1.3440077e-02  -8.9353729e-02
   9.8009603e-03  -9.2423509e-02
   4.9145374e-03  -9.5065337e-02
   2.4765841e-03  -1.0015909e-01
  -4.9480024e-03  -1.0438183e-01
  -9.8968737e-03  -1.1412226e-01
   6.1480293e-03  -1.1582666e-01
   1.5799036e-02  -1.2902032e-01
   9.7094231e-03  -1.2785360e-01
   1.0862218e-02  -1.3695228e-01
   1.3355791e-02  -1.2889152e-01
   7.2942364e-03  -1.3354320e-01
  -8.4965166e-03  -1.3931667e-01
   3.6037634e-03  -1.4423756e-01
   4.7992729e-03  -1.4757297e-01
   0.0000000e+00  -1.4426321e-01
  -3.5883293e-03  -1.4455635e-01
   1.0794814e-02  -1.4499387e-01
   1.2057460e-03  -1.4787544e-01
  -7.2316950e-03  -1.5445984e-01
  -1.5736128e-02  -1.5571271e-01
  -7.2529027e-03  -1.6489760e-01
  -7.2704349e-03  -1.6588154e-01
  -1.3263452e-02  -1.6971188e-01
  -9.5836866e-03  -1.7004605e-01
  -7.1566817e-03  -1.6189826e-01
  -1.2005572e-02  -1.4817358e-01
  -2.2898187e-02  -1.3920686e-01
  -2.0589340e-02  -1.3297885e-01
  -1.3400486e-02  -1.3184341e-01
  -9.8421998e-03  -1.2924866e-01
  -4.8955327e-03  -1.3101644e-01
  -1.1063207e-02  -1.3063227e-01
  -4.9251852e-03  -1.2786716e-01
  -8.6364498e-03  -1.2265999e-01
  -6.1539128e-03  -1.0623324e-01
  -1.0985449e-02  -1.0244502e-01
  -2.5882241e-02  -9.4881280e-02
  -1.9648196e-02  -9.8321981e-02
  -1.4786767e-02  -9.5349995e-02
  -6.2035117e-03  -9.6041897e-02
  -2.4898574e-03  -9.9757018e-02
   0.0000000e+00  -9.7502596e-02
   0.0000000e+00  -9.0656670e-02
  -3.7336044e-03  -7.0836403e-02
  -2.2169559e-02  -5.9084881e-02
  -3.6877357e-02  -5.5320999e-02
  -4.4511084e-02  -5.6093172e-02
  -4.1229963e-02  -5.1177832e-02
  -3.1318977e-02  -4.8570933e-02
  -2.2507368e-02  -4.3451515e-02
  -1.3753466e-02  -3.8889847e-02
  -1.2424711e-02  -3.4574425e-02
  -1.2379691e-02  -3.2199379e-02
  -2.8483208e-02  -2.2333403e-02
  -3.9498499e-02  -1.4677487e-02
  -4.3433438e-02  -8.9391949e-03
  -5.0730743e-02  -6.6827398e-03
  -3.5849396e-02  -4.0073209e-03
  -4.9350428e-02   1.3326028e-03
  -2.7277742e-02   4.4667820e-03
  -1.3621931e-02   1.0711484e-02
  -1.8587260e-02   1.6082514e-02
  -2.0958553e-02   2.6251207e-02
  -4.1839959e-02   3.1989544e-02
  -5.2934166e-02   4.0943071e-02
  -4.3331858e-02   4.2546591e-02
  -3.8442785e-02   3.9456545e-02
  -2.8475221e-02   4.2561596e-02
  -3.0920487e-02   5.1122881e-02
  -3.0803051e-02   5.7733252e-02
  -3.3036930e-02   6.4120730e-02
  -3.6718010e-02   6.3224752e-02
  -3.8128990e-02   6.3540535e-02
  -3.9336608e-02   6.2133704e-02
  -3.9316377e-02   6.9873094e-02
  -3.0722490e-02   1.4455317e-01
  -2.3696777e-02   1.4351922e-01
  -3.1990649e-02   1.4349525e-01
  -2.7219045e-02   1.4530369e-01
  -3.0872074e-02   1.4483368e-01
  -3.3277270e-02   1.4497216e-01
  -3.5802700e-02   1.4015311e-01
  -2.8673370e-02   1.3688270e-01
  -2.9656779e-02   1.4319864e-01
  -4.0392238e-02   1.4091608e-01
  -4.0298600e-02   1.4899581e-01
  -4.6236769e-02   1.5303238e-01
  -5.4754217e-02   1.4711885e-01
  -5.8372908e-02   1.4125351e-01
  -5.1603777e-02   1.3450134e-01
  -4.7869925e-02   1.3411078e-01
  -4.2991130e-02   1.3431022e-01
  -5.2276082e-02   1.4384154e-01
  -5.6909467e-02   1.4845850e-01
  -5.6943537e-02   1.4606164e-01
  -5.4290604e-02   1.4623685e-01
  -4.3913755e-02   1.3927395e-01
  -4.5040711e-02   1.3661747e-01
  -4.3755590e-02   1.4019446e-01
  -4.8491127e-02   1.4462501e-01
  -5.1011919e-02   1.4609555e-01
  -4.2889092e-02   1.4432574e-01
  -3.4820125e-02   1.3860556e-01
  -2.5153308e-02   1.3925691e-01
  -2.4046484e-02   1.3487544e-01
  -3.8331500e-02   1.3428608e-01
  -4.1214926e-02   1.2810459e-01
  -3.6652550e-02   1.2525394e-01
  -2.9425476e-02   1.1543683e-01
  -2.9398137e-02   1.0951255e-01
  -3.2872708e-02   9.9301460e-02
  -3.5357241e-02   8.7261663e-02
  -3.5513527e-02   8.3934806e-02
  -2.9456469e-02   8.0885326e-02
  -2.3214373e-02   7.9593530e-02
  -2.2044277e-02   7.3334735e-02
  -2.8201860e-02   6.3809502e-02
  -2.3305978e-02   5.9292863e-02
  -1.7192001e-02   5.8910942e-02
  -1.4750395e-02   5.1719708e-02
  -1.4786326e-02   5.0036529e-02
  -2.7170856e-02   3.9754359e-02
  -2.2341788e-02   2.8227991e-02
  -1.8666563e-02   2.3796467e-02
