   2.4893156e-01   1.2886740e-01
  -2.8105869e-01   1.1375279e-01
  -2.8154594e-01   1.2709554e-01
  -3.2288791e-01   1.3395211e-01
  -3.2225290e-01   1.2893809e-01
  -3.5122767e-01   1.2223719e-01
  -3.5376498e-01   1.1787162e-01
  -3.6612867e-01   1.1473388e-01
  -3.7952164e-01   9.0225955e-02
  -3.8903202e-01   9.6278880e-02
  -4.2674131e-01   1.0403777e-01
  -4.2516424e-01   1.0658008e-01
  -4.6246097e-01   1.0442661e-01
  -4.8219226e-01   7.9230106e-02
  -5.0024204e-01   7.5884808e-02
  -5.0561226e-01   7.0413427e-02
  -5.0005383e-01   6.9321506e-02
  -5.3367329e-01   7.5127143e-02
  -5.1820673e-01   6.5751650e-02
  -5.2643868e-01   6.1876202e-02
  -5.1544292e-01   3.6916215e-02
  -5.2446549e-01   3.2263837e-02
  -5.0567131e-01   2.7940132e-02
  -4.9247699e-01   1.2246601e-02
  -4.9689261e-01   2.2029725e-03
  -4.7762144e-01   3.5473585e-03
  -4.7453645e-01  -6.6143987e-03
  -4.9162054e-01  -2.2062190e-03
  -4.7811878e-01  -1.8840580e-02
  -5.1095569e-01  -2.1614812e-02
  -4.9159147e-01  -2.0101064e-02
  -4.8059763e-01  -2.2212190e-02
  -4.7523843e-01  -4.2199607e-02
  -4.7133774e-01  -3.0314045e-02
  -4.2529683e-01  -5.4355432e-02
  -4.3858784e-01  -4.7877209e-02
  -4.1852607e-01  -3.4811502e-02
  -3.7407663e-01  -5.3313405e-02
  -3.7687239e-01  -6.7458779e-02
  -3.6528449e-01  -6.3752105e-02
  -3.4827273e-01  -6.3717453e-02
  -3.0609936e-01  -8.5022916e-02
  -2.9930040e-01  -7.5880753e-02
  -2.8951282e-01  -8.4543254e-02
  -2.8896339e-01  -6.7288416e-02
  -2.8323528e-01  -7.4508188e-02
  -2.8254665e-01  -6.6906403e-02
  -2.3284542e-01  -1.0138077e-01
  -2.9362063e-01  -7.2469547e-02
  -1.1034118e-01  -1.2531478e-01
   3.8085210e-01   3.2432727e-02
   3.7519329e-01   4.2734780e-02
   3.9780202e-01   6.1011118e-02
   4.2523138e-01   5.5391011e-02
   3.9546967e-01   6.0485750e-02
   3.8138605e-01   7.5867186e-02
   3.6848167e-01   8.3431036e-02
   3.2792034e-01   9.4703625e-02
   3.3333335e-01   9.1150529e-02
   3.1916502e-01   9.8035305e-02
   3.2108120e-01   9.1448652e-02
   3.2847988e-01   1.0739735e-01
   2.8521532e-01   1.2099270e-01
   2.7356684e-01   1.2612569e-01
   2.7550488e-01   1.2454700e-01
   2.5947910e-01   1.1622128e-01
   2.3491564e-01   1.3236941e-01
   2.4477313e-01   1.6848046e-01
   2.3574748e-01   1.6580302e-01
   2.0676999e-01   1.5029880e-01
   1.8330310e-01   1.5859562e-01
   2.0191902e-01   1.5370815e-01
   1.9986285e-01   1.4013854e-01
   1.7510326e-01   1.2226883e-01
   1.7769142e-01   1.2567674e-01
   1.4983473e-01   1.8887195e-01
   1.0903162e-01   1.9037440e-01
   9.7436656e-02   1.5678464e-01
   7.3092244e-02   1.5967926e-01
   8.1206812e-02   1.7353538e-01
   5.2860923e-02   1.7609827e-01
   2.3487312e-02   1.8017266e-01
   4.9815576e-03   1.6025576e-01
  -4.9539651e-02   1.9526176e-01
  -9.1606662e-02   2.1740619e-01
  -1.1434414e-01   2.0261263e-01
  -1.3671376e-01   2.0538598e-01
  -1.6250813e-01   2.1567570e-01
  -1.5961151e-01   2.2278196e-01
  -1.7686742e-01   2.2805339e-01
  -1.8908923e-01   2.3087904e-01
  -2.1173889e-01   2.3130391e-01
  -2.3778675e-01   2.4871954e-01
  -2.5336361e-01   2.4109634e-01
  -3.0326097e-01   2.3371390e-01
  -3.1813631e-01   2.3970772e-01
  -3.1930051e-01   2.4807487e-01
  -3.2357490e-01   2.3192245e-01
  -3.2833321e-01   2.2284557e-01
  -3.5578119e-01   2.1269710e-01
  -3.8938525e-01  -9.7029352e-02
  -3.8766275e-01  -9.3839253e-02
  -3.6191111e-01  -1.0218653e-01
  -3.6216375e-01  -1.1375756e-01
  -3.7136700e-01  -1.1212688e-01
  -3.3303059e-01  -1.3404766e-01
  -3.1127479e-01  -1.3049723e-01
  -2.8985047e-01  -1.5126086e-01
  -2.8023561e-01  -1.5811889e-01
  -2.4824071e-01  -1.5061486e-01
  -2.4499959e-01  -1.2649259e-01
  -2.0897651e-01  -1.3635122e-01
  -1.9778013e-01  -1.5599527e-01
  -1.6782860e-01  -1.7444170e-01
  -1.7885681e-01  -1.6036379e-01
  -1.1717823e-01  -1.6563670e-01
  -6.7017486e-02  -1.6493350e-01
  -2.6168511e-02  -1.8407424e-01
  -9.1621527e-03  -1.8084505e-01
  -9.1031301e-03  -1.6983199e-01
   1.0347305e-02  -1.5977112e-01
   3.6718667e-02  -1.7701939e-01
   5.2160087e-02  -1.6209902e-01
   7.9585811e-02  -1.7516751e-01
   9.8841214e-02  -1.6276960e-01
   1.1789684e-01  -1.6795066e-01
   1.1815831e-01  -1.5409098e-01
   1.2997810e-01  -1.5259779e-01
   1.2839342e-01  -1.4372383e-01
   1.2945263e-01  -1.3414193e-01
   1.2283024e-01  -1.2999958e-01
   1.3821038e-01  -1.2469573e-01
   1.4515320e-01  -1.1872337e-01
   1.6219651e-01  -1.1227955e-01
   1.9690399e-01  -1.1825940e-01
   1.9954261e-01  -1.0917545e-01
   2.0640689e-01  -1.0214333e-01
   2.0559390e-01  -9.9855901e-02
   2.1342234e-01  -8.5229733e-02
   2.4721168e-01  -8.4022441e-02
   2.5858923e-01  -6.6498183e-02
   2.6645576e-01  -6.6649048e-02
   2.6893795e-01  -4.4676868e-02
   2.7527906e-01  -3.6817336e-02
   2.8948566e-01  -3.0848389e-02
   3.0204780e-01  -3.0652367e-02
   3.1603236e-01  -1.7085798e-02
   3.5122624e-01  -1.4684442e-02
   2.2096063e-01   1.6955126e-01
   2.0572863e-01   1.6755699e-01
   1.9087214e-01   1.5967341e-01
   1.7492467e-01   1.6659088e-01
   1.6957397e-01   1.8256264e-01
   1.5728311e-01   1.7102901e-01
   1.3032925e-01   1.6617077e-01
   1.0781931e-01   1.6407087e-01
   1.0658508e-01   1.5876521e-01
   8.2120225e-02   1.6710262e-01
   3.7977768e-02   1.6949954e-01
   2.5759849e-02   1.6925648e-01
   1.8767302e-02   1.5675731e-01
   3.8014979e-03   1.4929575e-01
  -3.7550794e-02   1.3522305e-01
  -7.6513299e-02   1.3255190e-01
  -8.0321539e-02   1.2576450e-01
  -7.5649133e-02   1.2346839e-01
  -1.3146684e-01   1.1954566e-01
  -1.5141692e-01   1.4028174e-01
  -1.7178864e-01   1.5317160e-01
  -1.5813369e-01   1.3256622e-01
  -2.2070234e-01   1.3999612e-01
  -2.4317401e-01   9.4997150e-02
  -3.1219541e-01   9.6855241e-02
  -3.4530685e-01   1.0159324e-01
  -3.9997663e-01   1.2398070e-01
  -4.2836601e-01   8.2137080e-02
  -4.4568621e-01   1.0899786e-01
  -4.6269992e-01   9.0597661e-02
  -4.8455877e-01   8.8624144e-02
  -5.0357542e-01   7.3620664e-02
  -5.2950604e-01   7.5085650e-02
  -5.0924933e-01   7.0913958e-02
  -5.2623084e-01   6.1323740e-02
  -5.4870818e-01   4.4415170e-02
  -5.7013109e-01   3.7173828e-02
  -5.7508159e-01   2.9293650e-02
  -5.9145583e-01   2.9603161e-02
  -5.8370613e-01   1.8166191e-02
  -5.6144869e-01   9.4907749e-03
  -5.5102303e-01  -4.7153861e-03
  -5.3912398e-01  -1.3635863e-02
  -5.3061655e-01  -2.0864653e-02
  -5.4814547e-01  -1.9042520e-02
  -5.3469655e-01  -4.0677782e-02
  -5.2805279e-01  -4.4275581e-02
  -4.8949622e-01  -5.9325362e-02
  -4.8355529e-01  -6.4181157e-02
  -4.7563466e-01  -5.4421912e-02
   1.3915042e-01  -1.0320611e-01
   1.5117418e-01  -1.0423549e-01
   1.8514751e-01  -1.0032795e-01
   2.1254153e-01  -9.3060104e-02
   2.5408158e-01  -8.3337388e-02
   2.8237357e-01  -7.4559745e-02
   3.1353571e-01  -6.5279565e-02
   3.3357504e-01  -5.5665731e-02
   3.5072696e-01  -5.6288995e-02
   3.6128066e-01  -5.8257053e-02
   3.5276201e-01  -5.1993739e-02
   3.4507236e-01  -4.0370365e-02
   3.5218100e-01  -2.9820674e-02
   3.5150549e-01  -2.1979787e-02
   3.6395835e-01  -1.4983964e-02
   3.6807649e-01  -7.7303315e-03
   3.5999539e-01   2.1620413e-03
   3.7124315e-01   2.5880247e-03
   3.8142406e-01   5.2009889e-03
   3.8907066e-01   1.5638440e-02
   3.9468571e-01   3.2564273e-02
   3.8077574e-01   4.3485910e-02
   3.7436990e-01   5.6938879e-02
   3.8455007e-01   6.4939381e-02
   3.9262360e-01   6.8414384e-02
   3.7893613e-01   8.0178212e-02
   3.7861799e-01   8.3921113e-02
   3.6808940e-01   9.9841915e-02
   3.6302021e-01   1.0359473e-01
   3.5451085e-01   1.2262372e-01
   3.4907924e-01   1.2345249e-01
   3.4545313e-01   1.3190334e-01
   3.4819235e-01   1.2777004e-01
   3.2819142e-01   1.3507294e-01
   3.2195459e-01   1.3798796e-01
   3.1117843e-01   1.4394966e-01
   3.0171516e-01   1.4482401e-01
   3.0283816e-01   1.4243390e-01
   2.7988917e-01   1.3789060e-01
   2.6396579e-01   1.3986951e-01
   2.6045411e-01   1.5606566e-01
   2.2113937e-01   1.5490314e-01
   1.9338962e-01   1.8172498e-01
   1.5947045e-01   1.8406235e-01
   1.1750156e-01   1.7440801e-01
   1.0672512e-01   1.8136630e-01
   7.9745438e-02   1.8484347e-01
   8.7961413e-02   1.8238303e-01
   5.3342234e-02   1.8243970e-01
  -5.2094974e-01   7.0786503e-02
  -5.1817233e-01   5.8336593e-02
  -5.2981958e-01   4.3390890e-02
  -5.3892455e-01   4.0618055e-02
  -5.3707295e-01   2.4235701e-02
  -5.2494912e-01   1.7822810e-02
  -5.1374797e-01   5.4120207e-03
  -5.0059637e-01  -1.8370050e-03
  -4.8210836e-01  -1.0087826e-02
  -4.8585267e-01  -8.1018943e-03
  -5.0042543e-01  -1.1026932e-02
  -5.1955756e-01  -1.4022025e-02
  -4.9902929e-01  -3.7967522e-02
  -5.1379755e-01  -4.6834878e-02
  -5.2071330e-01  -4.9767008e-02
  -5.1530216e-01  -5.5506010e-02
  -5.1803844e-01  -5.2657985e-02
  -4.9466929e-01  -6.6133585e-02
  -4.9835048e-01  -6.1201550e-02
  -4.8498788e-01  -7.0136289e-02
  -4.5988753e-01  -8.8439468e-02
  -4.3049608e-01  -9.0186571e-02
  -4.1458824e-01  -8.9699314e-02
  -4.1624573e-01  -9.1155859e-02
  -3.8372255e-01  -1.0605743e-01
  -3.6936010e-01  -9.5827359e-02
  -3.4780642e-01  -9.2974651e-02
  -3.0766502e-01  -9.7287749e-02
  -2.6476239e-01  -9.4472576e-02
  -2.3024341e-01  -1.1057512e-01
  -2.2956542e-01  -1.1588272e-01
  -2.1595574e-01  -1.0672307e-01
  -1.8797945e-01  -1.2407341e-01
  -1.6744354e-01  -1.2747034e-01
  -1.3194517e-01  -1.3289920e-01
  -1.2024798e-01  -1.1872289e-01
  -1.1259125e-01  -1.1009107e-01
  -7.0322202e-02  -1.2228442e-01
  -3.2532636e-02  -1.1378473e-01
   0.0000000e+00  -1.0774161e-01
   2.6576973e-02  -1.1459292e-01
   9.7078622e-03  -9.9931299e-02
   1.4444637e-02  -1.0611457e-01
   2.7617632e-02  -9.4637297e-02
   4.5842321e-02  -8.8581993e-02
   5.2193064e-02  -8.5891442e-02
   4.8914967e-02  -7.1802817e-02
   7.0122751e-02  -6.8968901e-02
   7.1982825e-02  -4.9409546e-02
   4.6230886e-01   6.8989715e-02
   5.2784160e-01   6.9259029e-02
   5.1169150e-01   6.1103110e-02
   4.5864776e-01   6.0357154e-02
   4.1275513e-01   8.3985283e-02
   4.5826520e-01   8.6284846e-02
   4.7756882e-01   9.7655945e-02
   4.9771703e-01   9.9984357e-02
   4.8015181e-01   8.9243251e-02
   4.2740832e-01   1.0092599e-01
   4.0277083e-01   1.0858078e-01
   3.8058917e-01   1.3193380e-01
   3.8386435e-01   1.3451343e-01
   3.7881183e-01   1.3271570e-01
   3.6735805e-01   1.4082761e-01
   3.5211734e-01   1.4704498e-01
   3.5621295e-01   1.4577886e-01
   3.6122684e-01   1.5150035e-01
   3.3917537e-01   1.6645490e-01
   3.2648897e-01   1.6837424e-01
   2.8025016e-01   1.8063396e-01
   2.3424248e-01   1.8080664e-01
   2.2888561e-01   1.7571873e-01
   1.7513541e-01   1.9304222e-01
   1.6534990e-01   1.9205293e-01
   1.4809794e-01   1.9132903e-01
   1.4760621e-01   1.7426152e-01
   1.6353035e-01   1.7437681e-01
   1.6944218e-01   1.6737244e-01
   1.3944649e-01   1.7453843e-01
   9.7711972e-02   1.6326812e-01
   6.5525675e-02   1.5975690e-01
   3.7881257e-02   1.3652333e-01
   1.7220697e-02   1.4909627e-01
   1.4000505e-02   1.2529645e-01
  -1.1781287e-02   1.3992078e-01
   1.3190922e-03   1.2756659e-01
  -1.6012688e-02   1.1099232e-01
  -2.1568302e-02   1.0372278e-01
  -6.0171586e-02   6.6622551e-02
  -1.4568360e-01   9.7453309e-02
  -8.8425150e-02   6.6093860e-02
  -1.2625383e-01   7.6219635e-02
  -8.9310137e-02   4.4064963e-02
  -1.1866015e-01   4.9266162e-02
  -1.0347906e-01   3.2712617e-02
  -1.3234330e-01   4.5413078e-02
  -1.4168473e-01   3.2565258e-02
  -1.6223136e-01   3.4700055e-02
  -3.7421932e-01  -4.7319540e-03
  -3.7313661e-01   1.3000450e-03
  -3.3128718e-01  -9.7580411e-03
  -2.9084591e-01  -2.1051509e-02
  -2.8005936e-01  -1.9065226e-02
  -2.6524465e-01  -2.1344059e-02
  -2.5220686e-01  -2.4771201e-02
  -2.5437523e-01  -2.5819749e-02
  -2.4060947e-01  -2.1972899e-02
  -2.0970635e-01  -3.1302976e-02
  -1.8074281e-01  -3.4109505e-02
  -1.3942718e-01  -4.5662869e-02
  -1.1055381e-01  -4.4042863e-02
  -6.7089556e-02  -4.3472879e-02
  -5.8058377e-02  -5.0947201e-02
  -5.3167936e-02  -3.1355023e-02
  -2.6871276e-02  -3.6072487e-02
  -1.1355270e-02  -2.7327397e-02
  -2.5228984e-03  -3.5107508e-02
  -1.1529475e-02  -2.0793484e-02
   4.1503758e-02  -2.8137113e-02
   7.7987039e-02  -2.9982203e-02
   1.0303591e-01  -2.8155755e-02
   1.4008995e-01  -1.9344458e-02
   1.6142452e-01  -1.5904702e-02
   1.9106578e-01  -3.1540734e-03
   2.1390849e-01  -1.0217594e-02
   2.2756373e-01  -1.3076671e-03
   2.3108884e-01  -4.4724793e-04
   2.3308942e-01   6.1464835e-03
   2.5840116e-01   6.5729263e-03
   2.9000579e-01   1.9311571e-02
   3.0616894e-01   3.1494481e-03
   3.0684453e-01   5.2031788e-02
   4.6842606e-01  -1.7548584e-02
   3.2394353e-01   6.2958371e-02
   3.5083837e-01   2.8646745e-02
   3.5239126e-01   5.0090990e-02
   4.0990727e-01   3.4312075e-02
   4.3853794e-01   4.5111711e-02
   4.3957938e-01   4.9909811e-02
   4.9170971e-01   5.7516762e-02
   5.1071057e-01   3.3527796e-02
   4.7584035e-01   5.3576207e-02
   4.8058885e-01   4.8744689e-02
   5.1283444e-01   5.8739078e-02
   5.2538437e-01   5.3200894e-02
   5.2210466e-01   5.5224771e-02
   5.2128717e-01   5.5020342e-02
   1.6051083e-01   1.6936240e-02
   1.4482119e-01   4.7118474e-03
   1.2079916e-01   7.2209649e-03
   1.3696786e-01  -1.7325602e-02
   1.6952403e-01  -5.1323990e-02
   1.4850351e-01  -5.9826598e-02
   1.1037624e-01  -6.1633883e-02
   1.1043190e-01  -6.9977012e-02
   1.0643795e-01  -7.3729663e-02
   8.6443322e-02  -8.0105492e-02
   9.0560456e-02  -1.0057005e-01
   7.6405948e-02  -1.0934631e-01
   6.0382443e-02  -1.3896932e-01
   3.1322700e-02  -1.3538721e-01
   2.7471632e-02  -1.3902475e-01
   3.0896635e-02  -1.4516027e-01
   3.1633380e-02  -1.6023382e-01
   2.9887651e-02  -1.7544012e-01
   2.8667335e-02  -1.8718619e-01
   4.2123394e-02  -1.9452398e-01
   5.8299564e-02  -2.1196970e-01
   7.3868643e-02  -2.3466443e-01
   8.6392359e-02  -2.4061102e-01
   1.0010121e-01  -2.4601275e-01
   1.0171017e-01  -2.4278623e-01
   8.6722851e-02  -2.4319473e-01
   8.5217382e-02  -2.4590088e-01
   8.7250674e-02  -2.3566758e-01
   1.0162984e-01  -2.3491972e-01
   9.7814027e-02  -2.2072211e-01
   1.2875884e-01  -2.2213163e-01
   1.3675306e-01  -2.1314398e-01
   1.2658321e-01  -2.0911473e-01
   1.2802217e-01  -1.9448489e-01
   1.2849088e-01  -1.8008093e-01
   1.4069099e-01  -1.6664358e-01
   1.4769000e-01  -1.6020776e-01
   1.6146683e-01  -1.6098504e-01
   2.0042145e-01  -1.4953255e-01
   2.0878919e-01  -1.2633971e-01
   1.9556178e-01  -1.1501689e-01
   1.8117957e-01  -1.0772198e-01
   1.5683528e-01  -9.1035530e-02
   1.4135559e-01  -7.3455098e-02
   1.6220691e-01  -5.9778888e-02
   1.5415764e-01  -4.5811620e-02
   1.6303168e-01  -3.4437562e-02
   1.7411173e-01  -3.5737260e-02
   1.3839751e-01  -3.0331123e-02
  -1.6385291e-01   1.9450249e-01
  -1.7805781e-01   1.9796030e-01
  -1.9248216e-01   1.8562986e-01
  -1.8676483e-01   1.8777322e-01
  -1.9297971e-01   1.8109699e-01
  -2.1134443e-01   1.8903316e-01
  -2.2513794e-01   1.8167285e-01
  -2.3814427e-01   1.8100666e-01
  -2.7430173e-01   1.8012197e-01
  -3.0606812e-01   1.8885230e-01
  -2.9529788e-01   1.8143492e-01
  -3.1725159e-01   1.8215095e-01
  -3.5999207e-01   1.7827610e-01
  -3.8942668e-01   1.8559629e-01
  -3.7731914e-01   1.7935060e-01
  -4.0386933e-01   1.8420933e-01
  -4.1633977e-01   1.7036000e-01
  -4.4966692e-01   1.6950611e-01
  -4.7136938e-01   1.5587379e-01
  -4.6139197e-01   1.5076647e-01
  -4.6959233e-01   1.3419122e-01
  -4.7876878e-01   1.2988049e-01
  -4.9887172e-01   1.1110399e-01
  -4.9171779e-01   1.0645213e-01
  -5.0359994e-01   1.0013236e-01
  -5.2227391e-01   8.5631663e-02
  -5.3705799e-01   7.5511404e-02
  -5.3172514e-01   6.2075478e-02
  -5.1814585e-01   6.3615255e-02
  -5.2753238e-01   5.2528561e-02
  -4.9425540e-01   3.9300319e-02
  -4.8637218e-01   2.2663994e-02
  -4.5463909e-01  -1.4929386e-02
  -4.4586789e-01  -1.7818829e-02
  -4.3134100e-01  -2.4028609e-02
  -4.2602221e-01  -3.6282748e-02
  -4.3236670e-01  -2.1704937e-02
  -3.9807868e-01  -4.7507339e-02
  -4.1537073e-01  -5.6155601e-02
  -4.1034578e-01  -5.9532234e-02
  -3.4586568e-01  -9.3357590e-02
  -3.2449466e-01  -1.1885671e-01
  -3.2794427e-01  -1.2204135e-01
  -2.9523087e-01  -1.1659581e-01
  -2.5870007e-01  -1.3507349e-01
  -2.0348411e-01  -1.5194814e-01
  -1.7867593e-01  -1.6627204e-01
  -1.6472408e-01  -1.7177956e-01
