   4.8872578e-03   1.7623624e-02
  -7.4459951e-02   1.7135011e-02
  -8.3109377e-02   1.3627565e-02
  -9.7786847e-02   1.1858897e-02
  -1.0374756e-01   1.7983043e-02
  -1.1105709e-01   1.9288983e-02
  -1.1327424e-01   1.9247782e-02
  -1.1209113e-01   1.5749593e-02
  -1.1476203e-01   1.4901111e-02
  -1.2612371e-01   1.4932168e-02
  -1.3701296e-01   1.4465172e-02
  -1.4162586e-01   1.4430546e-02
  -1.6023996e-01   1.5744960e-02
  -1.6971746e-01   1.3517742e-02
  -1.7827981e-01   1.2197896e-02
  -1.8210169e-01   1.3948047e-02
  -1.7251535e-01   1.2230024e-02
  -1.6969557e-01   1.5261967e-02
  -1.6602140e-01   1.6140474e-02
  -1.5991181e-01   1.6587346e-02
  -1.5352142e-01   1.5257551e-02
  -1.5149899e-01   1.7929734e-02
  -1.5594734e-01   1.6125480e-02
  -1.5735208e-01   1.3522008e-02
  -1.6695050e-01   1.3059784e-02
  -1.7456022e-01   1.6561169e-02
  -1.7476318e-01   1.4396028e-02
  -1.7079769e-01   1.0889377e-02
  -1.6622852e-01   1.2662944e-02
  -1.6813670e-01   1.5669679e-02
  -1.7119508e-01   1.9221211e-02
  -1.7106708e-01   1.6584011e-02
  -1.7476318e-01   1.4396028e-02
  -1.8124911e-01   1.3103559e-02
  -1.8068915e-01   1.4807559e-02
  -1.8802054e-01   1.4359587e-02
  -1.9013421e-01   1.0420107e-02
  -1.9472033e-01   1.3082295e-02
  -2.0224421e-01   1.6039768e-02
  -1.9697440e-01   1.3065637e-02
  -1.9432928e-01   1.3492251e-02
  -1.9088294e-01   1.0896306e-02
  -1.8983766e-01   1.1781173e-02
  -1.8979782e-01   1.4835551e-02
  -1.8487364e-01   1.6590675e-02
  -1.7859427e-01   1.5276974e-02
  -1.7320395e-01   1.3934638e-02
  -1.6514956e-01   1.4425469e-02
  -1.4926443e-01   1.2697412e-02
  -1.3716931e-01   1.2285507e-02
  -1.2624452e-01   1.5386456e-02
  -1.2084018e-01   1.7522520e-02
   6.6097773e-02   1.9396790e-02
   7.3559847e-02   2.2961186e-02
   7.9540104e-02   2.2027662e-02
   8.1876396e-02   2.5083512e-02
   8.7058818e-02   2.1621169e-02
   8.3470960e-02   2.0763471e-02
   8.0775337e-02   2.0704674e-02
   8.6804707e-02   2.1117259e-02
   9.1534456e-02   1.8874940e-02
   8.0608163e-02   2.1543161e-02
   7.7016498e-02   2.2008677e-02
   7.7310480e-02   2.3421688e-02
   8.4610502e-02   2.1182837e-02
   1.0151488e-01   1.7142298e-02
   9.7977598e-02   2.3347492e-02
   9.3180536e-02   2.2495539e-02
   9.0827431e-02   2.1637940e-02
   9.0852202e-02   1.8988396e-02
   1.0387304e-01   2.5050022e-02
   1.2384423e-01   2.1566531e-02
   1.3228329e-01   2.2408731e-02
   1.2468721e-01   2.2378512e-02
   1.2036734e-01   2.4262184e-02
   1.1938899e-01   2.3428401e-02
   1.2500389e-01   2.5965286e-02
   1.2478462e-01   2.4157389e-02
   1.1894520e-01   2.1134586e-02
   1.0928164e-01   1.7642399e-02
   1.0914540e-01   2.0268747e-02
   1.2286173e-01   2.1611195e-02
   1.3988024e-01   2.4198053e-02
   1.5246924e-01   2.3336791e-02
   1.5213362e-01   2.5048862e-02
   1.5000210e-01   2.3782837e-02
   1.5018240e-01   2.2042802e-02
   1.5123965e-01   2.3339614e-02
   1.7466976e-01   1.9767977e-02
   1.7266718e-01   2.4070058e-02
   1.7319091e-01   2.3701671e-02
   1.7630870e-01   2.5550085e-02
   1.8074982e-01   2.3265909e-02
   1.8912772e-01   2.4971890e-02
   1.9197587e-01   2.4574216e-02
   1.9546229e-01   2.4977241e-02
   2.0577206e-01   2.2363242e-02
   2.0885471e-01   2.1850341e-02
   2.2213546e-01   2.5864786e-02
   2.2119632e-01   2.3261077e-02
   2.1340365e-01   2.8968244e-02
   2.8572096e-01   2.5984555e-02
   2.8805677e-01   2.9003289e-02
   2.8995764e-01   2.6883816e-02
   2.9131060e-01   2.3843216e-02
   2.9004378e-01   2.4715766e-02
   2.8232404e-01   2.5592525e-02
   2.7293868e-01   2.7426768e-02
   2.7001122e-01   2.5212473e-02
   2.7090942e-01   2.6919943e-02
   2.7820674e-01   2.1661440e-02
   2.7276458e-01   2.4791014e-02
   2.7369405e-01   2.5630997e-02
   2.7268357e-01   2.6965665e-02
   2.6921654e-01   2.7879689e-02
   2.6447277e-01   2.7356376e-02
   2.5872850e-01   2.3059457e-02
   2.4612290e-01   2.4389166e-02
   2.3927902e-01   2.2279614e-02
   2.3556673e-01   2.2729123e-02
   2.2949912e-01   2.9629880e-02
   2.2203848e-01   2.8933489e-02
   2.2051155e-01   2.4068754e-02
   2.1405967e-01   1.8359874e-02
   2.0994727e-01   1.9760969e-02
   2.0222316e-01   2.4591488e-02
   2.0711982e-01   2.5892152e-02
   2.1122155e-01   2.5338040e-02
   2.0547743e-01   2.5846080e-02
   2.0326484e-01   2.4125000e-02
   1.9677430e-01   2.1468343e-02
   1.9596203e-01   2.0196355e-02
   1.9194299e-01   2.5890692e-02
   1.9050046e-01   2.6746322e-02
   1.8930489e-01   2.5434744e-02
   1.9187321e-01   2.0604711e-02
   1.8850220e-01   2.3290945e-02
   1.8815619e-01   2.1929773e-02
   1.8110031e-01   2.3751252e-02
   1.7929271e-01   2.5439599e-02
   1.7783501e-01   2.7609637e-02
   1.7706105e-01   2.3275798e-02
   1.7584959e-01   2.2400597e-02
   1.7591518e-01   1.8886778e-02
   1.6851941e-01   1.9781427e-02
   1.6565656e-01   2.3697603e-02
   1.6559078e-01   2.6769514e-02
   1.7406411e-01   2.4090220e-02
   1.7180997e-01   2.2804671e-02
   1.6676055e-01   2.1479558e-02
   1.5800504e-01   2.2354562e-02
   1.5218988e-01   2.1972686e-02
   1.4587063e-01   2.4160579e-02
   1.9602200e-02   2.0325141e-02
   1.2258694e-02   2.3885500e-02
   1.2234441e-03   2.3839274e-02
  -6.1175417e-03   2.3397530e-02
  -2.0834228e-02   1.6790060e-02
  -2.9422591e-02   1.2369874e-02
  -3.5439124e-02   1.5414439e-02
  -4.0358172e-02   1.8072596e-02
  -3.7941664e-02   2.0297943e-02
  -4.2865199e-02   2.3406919e-02
  -5.6358850e-02   1.9865084e-02
  -6.2333895e-02   1.3201003e-02
  -6.9725161e-02   1.5411504e-02
  -7.2163906e-02   1.6730589e-02
  -7.0722615e-02   1.7999120e-02
  -8.1851595e-02   1.8903996e-02
  -8.3402971e-02   1.8977570e-02
  -7.9342570e-02   1.7130803e-02
  -7.5926404e-02   1.3659701e-02
  -7.4480326e-02   1.3620137e-02
  -8.2912815e-02   1.8426828e-02
  -8.5497561e-02   2.1097904e-02
  -8.4541977e-02   1.9398408e-02
  -9.0306236e-02   1.9754276e-02
  -1.0283573e-01   1.7597733e-02
  -1.0633429e-01   1.3169056e-02
  -1.1743582e-01   1.4927632e-02
  -1.2478364e-01   1.4041419e-02
  -1.2306897e-01   1.4425024e-02
  -1.2344556e-01   1.3152224e-02
  -1.2623557e-01   1.6265682e-02
  -1.2087791e-01   1.3579953e-02
  -1.1587588e-01   1.4009554e-02
  -1.0996755e-01   1.7115351e-02
  -1.0617546e-01   1.9295651e-02
  -1.0123241e-01   1.4900562e-02
  -1.0498412e-01   1.6227252e-02
  -9.7367550e-02   1.6624868e-02
  -1.0264769e-01   1.5806813e-02
  -1.0731568e-01   1.6646668e-02
  -1.1604307e-01   2.0178263e-02
  -1.1730745e-01   1.6228836e-02
  -1.2124096e-01   1.3180630e-02
  -1.2589717e-01   1.2272979e-02
  -1.3134762e-01   1.3514842e-02
  -1.3494852e-01   1.6269826e-02
  -1.3562665e-01   1.7080328e-02
  -1.2559857e-01   1.7498534e-02
  -1.2462507e-01   1.7534572e-02
  -1.0385423e-01   1.7561681e-02
  -9.8941990e-02   2.0202463e-02
  -9.7240091e-02   2.0105135e-02
  -9.5187654e-02   1.9748434e-02
  -1.0622277e-01   1.4033201e-02
  -1.0986308e-01   1.6660131e-02
  -1.0741349e-01   1.7540011e-02
  -1.0264769e-01   1.5806813e-02
  -9.6721970e-02   1.6724509e-02
  -9.2956895e-02   1.6711828e-02
  -8.6850639e-02   1.5398001e-02
  -8.0725725e-02   1.6723429e-02
  -7.5746418e-02   1.8470183e-02
  -6.7207393e-02   1.6277863e-02
  -5.9763711e-02   1.4933099e-02
  -5.4962718e-02   2.1127555e-02
  -5.6037278e-02   1.7553481e-02
  -5.2597851e-02   1.5862708e-02
  -5.7361592e-02   1.8906386e-02
  -5.1202073e-02   2.0209875e-02
  -5.0133516e-02   1.9830018e-02
  -4.2769870e-02   1.5851871e-02
  -3.6591223e-02   1.4504498e-02
  -3.2888822e-02   1.8443598e-02
  -2.9347729e-02   1.9399865e-02
  -2.1878035e-02   2.0602672e-02
  -2.3206481e-02   2.1144774e-02
  -2.4456441e-02   1.9401541e-02
  -2.4437234e-02   1.7179800e-02
  -2.8024693e-02   1.4931986e-02
  -2.5635657e-02   1.6282343e-02
  -3.5422064e-02   2.0699390e-02
  -3.7753069e-02   2.0636933e-02
  -3.1797348e-02   1.8076259e-02
  -2.6902085e-02   1.9400741e-02
  -2.3261366e-02   1.7214204e-02
  -1.5854032e-02   1.6268421e-02
  -2.5707910e-02   1.8096272e-02
  -2.8093361e-02   2.0702554e-02
  -2.5597483e-02   2.1541805e-02
  -2.3211646e-02   1.8942193e-02
  -1.7092776e-02   1.4523830e-02
  -1.3467616e-02   1.6774795e-02
  -6.1025504e-03   1.8486421e-02
   4.8722166e-03   1.8889290e-02
   1.4702309e-02   1.9884388e-02
   2.1986109e-02   2.0704633e-02
   2.8099477e-02   1.8500154e-02
   2.9351398e-02   1.8077147e-02
   3.6641812e-02   2.1139192e-02
   1.8601937e-01   2.0953586e-02
   1.8643799e-01   1.8370025e-02
   1.8650699e-01   2.4079387e-02
   1.8987511e-01   2.8854349e-02
   1.9365560e-01   2.4908380e-02
   1.8210330e-01   2.3996459e-02
   1.6828660e-01   2.3275345e-02
   1.6127713e-01   2.1137484e-02
   1.5559247e-01   2.0167948e-02
   1.5589429e-01   2.0646745e-02
   1.5210728e-01   2.6367223e-02
   1.5595108e-01   2.5943663e-02
   1.6622467e-01   1.9806075e-02
   1.6673565e-01   2.2794633e-02
   1.7459261e-01   2.3721573e-02
   1.7686629e-01   2.4130557e-02
   1.7954773e-01   2.1952101e-02
   1.7948110e-01   2.5025395e-02
   1.7842910e-01   2.5053407e-02
   1.9058655e-01   2.3238607e-02
   1.9992183e-01   1.8776008e-02
   2.0618245e-01   2.2273036e-02
   1.8943631e-01   2.7654331e-02
   1.8841671e-01   2.6806559e-02
   2.0168375e-01   2.1892725e-02
   2.0021361e-01   2.3624938e-02
   2.0608010e-01   2.6360938e-02
   2.1884371e-01   2.4026375e-02
   2.3366948e-01   2.1359915e-02
   2.4234589e-01   2.7017707e-02
   2.4972699e-01   2.6986670e-02
   2.4618586e-01   2.9643867e-02
   2.5259445e-01   2.2211328e-02
   2.4220343e-01   2.3944313e-02
   2.3652635e-01   2.4012819e-02
   2.4606623e-01   2.6131250e-02
   2.7290961e-01   2.4691549e-02
   2.7900771e-01   2.5963502e-02
   2.9522542e-01   2.7209420e-02
   3.0917448e-01   2.4578742e-02
   3.1435966e-01   2.5872081e-02
   3.1150681e-01   2.7584133e-02
   3.0401884e-01   2.9781079e-02
   3.0821402e-01   2.5471091e-02
   3.1340102e-01   2.6766017e-02
   3.0453439e-01   2.5387362e-02
   2.8661468e-01   2.7251951e-02
   2.7688827e-01   2.4265999e-02
   2.7253793e-01   2.3463832e-02
   2.7753529e-01   2.5079632e-02
   1.4126981e-01   2.2898089e-02
   1.4362575e-01   2.0231520e-02
   1.4484667e-01   2.0668964e-02
   1.4960118e-01   2.1078172e-02
   1.4261725e-01   2.4240219e-02
   1.3344259e-01   2.6360424e-02
   1.3235706e-01   2.5949301e-02
   1.2654758e-01   2.1604734e-02
   1.1905176e-01   2.2036898e-02
   1.1393258e-01   2.0681601e-02
   1.1015814e-01   1.9787356e-02
   1.0557581e-01   1.9852819e-02
   1.0042704e-01   2.3343786e-02
   1.0041637e-01   2.4224684e-02
   9.3365677e-02   2.2540096e-02
   8.6019219e-02   1.9896918e-02
   7.6109372e-02   2.0329510e-02
   7.7267085e-02   1.9425167e-02
   6.1235999e-02   2.3392235e-02
   5.0313170e-02   2.3448157e-02
   3.9285750e-02   1.9472718e-02
   3.5472969e-02   1.5870552e-02
   3.3078713e-02   2.0320403e-02
   2.9457545e-02   2.1690333e-02
   2.9432468e-02   2.0342124e-02
   2.6874329e-02   1.9822031e-02
   2.0787068e-02   1.9843566e-02
   1.3489262e-02   2.0789016e-02
   1.3507246e-02   1.7267622e-02
   3.6728472e-03   1.7217186e-02
  -7.3366121e-03   1.9846032e-02
  -1.5926788e-02   2.0326012e-02
  -1.5893064e-02   2.1608712e-02
  -2.4533298e-02   1.7690341e-02
  -3.2917078e-02   1.9780511e-02
  -4.5296691e-02   1.7646846e-02
  -4.4075834e-02   1.6765105e-02
  -4.4072456e-02   1.7647479e-02
  -5.4913515e-02   2.0227253e-02
  -5.3799422e-02   2.0268151e-02
  -4.5219884e-02   1.4089559e-02
  -5.0189586e-02   1.8526348e-02
  -5.5136072e-02   1.9424508e-02
  -6.3578238e-02   2.0700972e-02
  -6.2371720e-02   1.8059205e-02
  -5.8651572e-02   1.6723699e-02
  -5.6154296e-02   1.6269024e-02
  -5.6361318e-02   1.9423638e-02
  -5.3748658e-02   1.9807945e-02
  -4.6473046e-02   1.8069450e-02
  -1.6896359e-01   1.6183368e-02
  -1.6464958e-01   1.5255179e-02
  -1.7245299e-01   1.7034677e-02
  -1.7092776e-01   1.4387928e-02
  -1.6864704e-01   1.4842295e-02
  -1.7020578e-01   1.4869213e-02
  -1.6829665e-01   1.6120572e-02
  -1.7231894e-01   1.4399959e-02
  -1.8087953e-01   1.3950035e-02
  -1.9203644e-01   1.6124112e-02
  -1.9657317e-01   1.3909792e-02
  -2.0020941e-01   1.5641242e-02
  -2.0103301e-01   1.5608713e-02
  -1.9902713e-01   1.3036401e-02
  -1.9536969e-01   1.2607680e-02
  -2.0184946e-01   1.4363234e-02
  -1.9674824e-01   1.5228525e-02
  -1.9781181e-01   1.2603807e-02
  -1.9575096e-01   1.3067646e-02
  -1.9331508e-01   1.2200188e-02
  -1.9016824e-01   1.5301549e-02
  -1.9085147e-01   1.3511419e-02
  -1.8417582e-01   1.4351987e-02
  -1.8490590e-01   1.4407691e-02
  -1.7512058e-01   1.3549845e-02
  -1.7021139e-01   1.4431884e-02
  -1.6707100e-01   1.6558446e-02
  -1.6147426e-01   1.4868352e-02
  -1.5079486e-01   1.1843458e-02
  -1.4542752e-01   1.4877291e-02
  -1.4556149e-01   1.5767823e-02
  -1.3808558e-01   1.5763037e-02
  -1.3727560e-01   1.5371948e-02
  -1.3235862e-01   1.6696701e-02
  -1.1986988e-01   1.6241709e-02
  -1.1475816e-01   1.5339379e-02
  -1.0397250e-01   1.5821067e-02
  -1.0151871e-01   1.6702752e-02
  -1.0254263e-01   1.6229932e-02
  -9.8133193e-02   1.7638154e-02
  -9.0603665e-02   1.6290486e-02
  -8.6758635e-02   1.6261849e-02
  -8.4398180e-02   1.6280115e-02
  -8.6913674e-02   1.8495842e-02
  -8.5611643e-02   1.7598928e-02
  -7.9578357e-02   1.7181577e-02
  -7.6140221e-02   1.5910052e-02
  -6.2389832e-02   1.4535458e-02
  -5.7479821e-02   1.8062674e-02
   9.4550725e-02   1.7218194e-02
   9.5565006e-02   1.9826412e-02
   9.7142716e-02   2.2999557e-02
   1.0144009e-01   2.4175036e-02
   1.0877892e-01   2.3723549e-02
   1.1069608e-01   2.0768998e-02
   1.1906887e-01   2.0714684e-02
   1.1934650e-01   1.7222738e-02
   1.2379939e-01   2.4647464e-02
   1.2955691e-01   2.3685317e-02
   1.3493387e-01   2.6409444e-02
   1.4577092e-01   2.1503798e-02
   1.3747513e-01   2.1122968e-02
   1.3629507e-01   1.7604393e-02
   1.3254586e-01   2.2452817e-02
   1.3274376e-01   2.6467147e-02
   1.4325315e-01   2.5459320e-02
   1.4958673e-01   2.1956429e-02
   1.5234855e-01   2.1554358e-02
   1.5421193e-01   2.0311928e-02
   1.6036537e-01   2.1181764e-02
   1.6289617e-01   2.2781307e-02
   1.7436024e-01   2.6331566e-02
   1.8036201e-01   2.4534952e-02
   1.7707931e-01   2.2397466e-02
   1.7655187e-01   2.2488492e-02
   1.8218848e-01   2.1967256e-02
   1.8439839e-01   2.5010986e-02
   1.9114826e-01   2.7101533e-02
   1.8911697e-01   2.5409994e-02
   2.0434654e-01   2.1906993e-02
   2.0597730e-01   2.2384999e-02
   2.0332797e-01   2.1493182e-02
   2.1165382e-01   2.4949459e-02
   2.1999730e-01   2.6642852e-02
   2.1775554e-01   2.6677788e-02
   2.1753923e-01   2.6651994e-02
   2.1561835e-01   2.2771510e-02
   2.1482535e-01   2.2380775e-02
   2.2002668e-01   2.0631330e-02
   2.2007993e-01   2.6802861e-02
   2.2499100e-01   2.4005506e-02
   2.2061364e-01   2.8034416e-02
   2.2338639e-01   2.1349265e-02
   2.2179025e-01   2.2314426e-02
   2.2698943e-01   2.0569695e-02
   2.2888146e-01   2.4889187e-02
   2.2886840e-01   2.5325839e-02
   2.3204304e-01   2.7005745e-02
   2.3550274e-01   2.4914616e-02
   2.4067463e-01   2.4920086e-02
   2.4063245e-01   2.6231670e-02
   2.4738054e-01   2.3513609e-02
   2.4935898e-01   2.3025102e-02
   2.5230353e-01   2.3495349e-02
   2.4457843e-01   2.6242031e-02
   2.3825180e-01   2.4805117e-02
   2.3799530e-01   2.4031517e-02
   2.4022208e-01   2.3999412e-02
   2.3873922e-01   2.4416826e-02
   2.3482667e-01   2.3971033e-02
   2.3382964e-01   2.3998512e-02
   2.2534738e-01   2.7113073e-02
   2.2148554e-01   2.5352656e-02
   2.2001049e-01   2.6206084e-02
   2.1368976e-01   2.4892878e-02
   2.0798532e-01   2.4085962e-02
   2.0578241e-01   2.1924747e-02
   2.0413309e-01   2.2323449e-02
   2.0264817e-01   2.4492172e-02
   1.9192013e-01   2.6768343e-02
   1.9304573e-01   2.3231572e-02
   1.8815619e-01   2.1929773e-02
   1.8549341e-01   2.2791482e-02
   1.7953874e-01   2.2391143e-02
   1.6931944e-01   2.4565510e-02
   1.7215165e-01   2.2849276e-02
   1.6721546e-01   2.3740875e-02
   1.6210948e-01   2.5048386e-02
   1.6510205e-01   2.2912497e-02
   1.6937260e-01   2.1933491e-02
   1.6126936e-01   2.1577848e-02
   1.4971236e-01   2.3296637e-02
   1.4327702e-01   2.4142458e-02
   1.3595094e-01   2.2840804e-02
   1.3855840e-01   2.1539493e-02
   1.3746854e-01   2.1563030e-02
   1.3353388e-01   2.0648999e-02
   1.2508225e-01   2.0684211e-02
   1.2219670e-01   2.5455072e-02
   1.2515600e-01   2.4228766e-02
   1.2640948e-01   2.2464418e-02
   1.2262966e-01   2.0688298e-02
   1.1525535e-01   2.2021372e-02
   1.0778638e-01   2.2451674e-02
   1.0299916e-01   2.1599783e-02
   1.0544113e-01   2.2477658e-02
   1.0399821e-01   2.3315070e-02
   9.7977598e-02   2.3347492e-02
   9.3211086e-02   1.9407916e-02
