   1.8202498e-01   2.1067988e-02
   2.4449682e-02   2.2047205e-02
   3.0621131e-02   2.2530297e-02
   2.9350203e-02   1.8518053e-02
   2.9343802e-02   2.0722583e-02
   2.2032591e-02   1.9421507e-02
   1.4674490e-02   1.8962980e-02
   9.7852963e-03   1.6317624e-02
   9.7930900e-03   1.8541083e-02
   4.8807534e-03   2.1127431e-02
   4.8862417e-03   1.9826577e-02
   3.6681424e-03   2.0287324e-02
   3.6649968e-03   1.8945461e-02
   1.2217164e-02   1.8504044e-02
   9.7632605e-03   1.9366357e-02
  -2.4427875e-03   2.1148473e-02
  -1.9560694e-02   2.1607789e-02
  -3.0512752e-02   1.8480997e-02
  -3.2961306e-02   1.5840050e-02
  -3.5501399e-02   1.8092712e-02
  -3.5400324e-02   1.6719137e-02
  -3.4178338e-02   1.7159592e-02
  -2.4434328e-02   1.8501323e-02
  -2.8122425e-02   2.0282145e-02
  -3.6641812e-02   2.1139192e-02
  -3.7838843e-02   1.7598059e-02
  -4.1462875e-02   1.6700064e-02
  -5.1417865e-02   1.7643421e-02
  -5.0086158e-02   1.9370185e-02
  -5.0092407e-02   1.8049491e-02
  -4.8864544e-02   1.9370953e-02
  -5.2488162e-02   1.7150666e-02
  -6.8494554e-02   1.6733415e-02
  -8.1861569e-02   1.7585113e-02
  -7.9122201e-02   1.4890542e-02
  -8.7813111e-02   1.5351512e-02
  -8.4294927e-02   1.8901487e-02
  -8.4225190e-02   1.7126332e-02
  -8.0657282e-02   1.4948316e-02
  -8.6847614e-02   1.5837944e-02
  -9.1785874e-02   2.1132063e-02
  -9.3993965e-02   1.6677713e-02
  -9.6255496e-02   1.5328581e-02
  -9.0344573e-02   1.4925453e-02
  -8.7810071e-02   1.5790127e-02
  -8.8151669e-02   1.6733161e-02
  -9.1530568e-02   1.9313892e-02
  -1.1125674e-01   2.1083901e-02
  -1.1695624e-01   1.6618533e-02
  -1.2210254e-01   1.3140623e-02
  -1.2209514e-01   1.4016665e-02
  -1.5368801e-01   1.3963335e-02
  -1.4788580e-01   1.3561442e-02
  -1.5229774e-01   1.5695371e-02
  -1.5276501e-01   1.4429515e-02
  -1.5095049e-01   1.3939551e-02
  -1.4677944e-01   1.6203943e-02
  -1.4146157e-01   1.6600785e-02
  -1.3565533e-01   1.4452585e-02
  -1.2833066e-01   1.3585200e-02
  -1.2404346e-01   1.4979273e-02
  -1.2097331e-01   1.6224226e-02
  -1.2300750e-01   2.0107609e-02
  -1.2096887e-01   1.6662719e-02
  -1.1963733e-01   1.5771774e-02
  -1.2012804e-01   1.4074520e-02
  -1.2083539e-01   1.7960583e-02
  -1.1631123e-01   1.6701782e-02
  -1.1496866e-01   1.7126040e-02
  -1.1373667e-01   1.8005938e-02
  -1.0621234e-01   1.5348813e-02
  -9.3154465e-02   1.4982218e-02
  -9.0523448e-02   1.4954879e-02
  -8.8239083e-02   1.6749694e-02
  -7.9424004e-02   1.6708010e-02
  -7.8112645e-02   1.8449717e-02
  -7.7053464e-02   1.7166768e-02
  -7.5827456e-02   1.7608019e-02
  -7.2447958e-02   1.7238976e-02
  -5.9987510e-02   1.7637903e-02
  -5.3861995e-02   1.8524027e-02
  -4.1658366e-02   1.9432819e-02
  -2.9386027e-02   1.5888354e-02
  -2.2080829e-02   1.7248730e-02
  -7.3451170e-03   1.8099878e-02
   0.0000000e+00   1.9020875e-02
   8.5933799e-03   1.9924890e-02
   1.5942587e-02   2.0346214e-02
   2.0847998e-02   2.0345008e-02
   2.3348074e-02   1.9941649e-02
   3.1861666e-02   1.7670377e-02
   3.4373520e-02   1.9917644e-02
   4.5415891e-02   2.1239342e-02
   5.0471134e-02   2.2187023e-02
   6.3781416e-02   1.8553759e-02
   6.5048899e-02   2.2108582e-02
   6.8678839e-02   1.9874797e-02
   7.7282901e-02   1.7217762e-02
   8.7161425e-02   1.9875835e-02
   9.3221476e-02   2.6933049e-02
   2.1385612e-01   2.0209629e-02
   2.1255736e-01   2.2849510e-02
   1.9277857e-01   2.6274323e-02
   2.1640944e-01   2.5497854e-02
   2.3424265e-01   2.5793554e-02
   2.3771817e-01   2.5317918e-02
   2.3062132e-01   2.3183137e-02
   2.2791536e-01   2.3606224e-02
   2.3727333e-01   2.2768842e-02
   2.4204790e-01   2.8002160e-02
   2.4553860e-01   2.7085465e-02
   2.5003518e-01   2.5269819e-02
   2.5014269e-01   2.1784327e-02
   2.5023986e-01   2.6602404e-02
   2.5671960e-01   2.4857316e-02
   2.4832777e-01   2.4915529e-02
   2.5277895e-01   2.4412315e-02
   2.5568016e-01   2.6632553e-02
   2.6933061e-01   2.4830348e-02
   2.7340540e-01   2.6040602e-02
   2.6863174e-01   2.4883138e-02
   2.6654671e-01   2.6123081e-02
   2.6631244e-01   2.5228186e-02
   2.7229753e-01   2.6176269e-02
   2.7590595e-01   2.8775524e-02
   2.8542361e-01   2.3892380e-02
   2.8757532e-01   2.4726756e-02
   2.9215196e-01   2.6413329e-02
   2.8456667e-01   2.8731828e-02
   2.9122697e-01   2.6010781e-02
   2.8862012e-01   2.4167525e-02
   2.8968654e-01   2.6425141e-02
   2.8837032e-01   2.6537542e-02
   2.8572464e-01   2.3480303e-02
   2.9026491e-01   2.6475318e-02
   2.9671870e-01   2.6904477e-02
   2.9329190e-01   2.8571932e-02
   2.9120938e-01   2.6444294e-02
   2.8909800e-01   2.4744752e-02
   2.9340708e-01   2.4340476e-02
   2.9527531e-01   2.4716951e-02
   2.9800924e-01   2.5596794e-02
   2.9209740e-01   2.7712345e-02
   2.9179137e-01   2.6494530e-02
   2.9022892e-01   2.7343361e-02
   2.9579616e-01   2.6501701e-02
   2.9308021e-01   2.5185846e-02
   2.8906444e-01   2.5612989e-02
   2.8682808e-01   2.6952910e-02
   2.8380575e-01   2.6479449e-02
   1.7104582e-01   2.5074257e-02
   1.6492912e-01   2.3330225e-02
   1.5846788e-01   2.2859888e-02
   1.5864149e-01   2.2002220e-02
   1.5481321e-01   2.1109317e-02
   1.5108143e-01   2.3756649e-02
   1.4250551e-01   2.2455201e-02
   1.2912033e-01   2.2504142e-02
   1.2050615e-01   2.2961446e-02
   1.1771896e-01   2.1136583e-02
   1.1772447e-01   2.0696238e-02
   1.2006348e-01   2.0232123e-02
   1.1426690e-01   2.1184212e-02
   1.1290944e-01   2.2488061e-02
   1.1645759e-01   2.3780880e-02
   1.1657314e-01   2.3804333e-02
   1.1548437e-01   2.2064858e-02
   1.0801617e-01   2.1172719e-02
   1.0320386e-01   2.1642512e-02
   9.3282227e-02   2.1634745e-02
   8.7132201e-02   2.2967632e-02
   8.2158024e-02   2.1185671e-02
   7.5961928e-02   1.9848215e-02
   7.0037842e-02   2.0798182e-02
   6.0210741e-02   2.0364208e-02
   5.8976463e-02   2.1250628e-02
   5.3842532e-02   2.2052413e-02
   4.4096620e-02   2.2081227e-02
   3.6792235e-02   1.9896722e-02
   2.5704690e-02   1.9420389e-02
   2.5758934e-02   1.8132233e-02
   2.4532318e-02   1.8132600e-02
   2.0867740e-02   2.0807969e-02
   1.8390895e-02   2.2557135e-02
   8.5755702e-03   2.0769111e-02
   2.4533298e-03   1.7693802e-02
  -2.4457484e-03   1.8964284e-02
  -1.1029467e-02   1.7233671e-02
  -1.1006774e-02   1.8081540e-02
  -8.5787998e-03   1.6792047e-02
  -1.8377063e-02   2.0325451e-02
  -2.0825412e-02   2.1208497e-02
  -2.6986628e-02   1.7689608e-02
  -2.3259537e-02   1.8096984e-02
  -2.2010796e-02   1.9402265e-02
  -2.5681428e-02   1.8519280e-02
  -3.0602129e-02   1.8977299e-02
  -4.0434851e-02   1.8991791e-02
  -5.0187491e-02   1.8967451e-02
  -5.1370916e-02   1.6744667e-02
  -1.5578644e-01   1.7554505e-02
  -1.6039298e-01   1.6198108e-02
  -1.7125478e-01   1.5289600e-02
  -1.7513091e-01   1.2675661e-02
  -1.7917927e-01   1.0943995e-02
  -1.7286692e-01   1.1378573e-02
  -1.7997632e-01   1.6600201e-02
  -1.7454692e-01   1.7432810e-02
  -1.7139954e-01   1.7053565e-02
  -1.8386945e-01   1.3986694e-02
  -1.9677367e-01   1.3488123e-02
  -1.9475135e-01   1.0465836e-02
  -1.9942706e-01   1.2626198e-02
  -2.0364958e-01   1.6148429e-02
  -2.0204949e-01   1.4377111e-02
  -2.0348219e-01   1.3952707e-02
  -2.1287280e-01   1.3473087e-02
  -2.1576566e-01   1.2188625e-02
  -2.1822916e-01   1.1314177e-02
  -2.2556030e-01   1.3041283e-02
  -2.3166045e-01   1.4766986e-02
  -2.3411960e-01   1.4327477e-02
  -2.4907577e-01   1.4308999e-02
  -2.5599984e-01   9.9423068e-03
  -2.6510560e-01   9.5147608e-03
  -2.7045746e-01   7.7547211e-03
  -2.7187367e-01   1.2934079e-02
  -2.6848114e-01   1.2090764e-02
  -2.5840245e-01   1.2963090e-02
  -2.5031077e-01   1.3872713e-02
  -2.4885909e-01   1.2562575e-02
  -2.4074122e-01   1.3472547e-02
  -2.3471660e-01   9.5225354e-03
  -2.3414140e-01   1.3024979e-02
  -2.3579735e-01   1.5222211e-02
  -2.3043473e-01   1.4769638e-02
  -2.2045068e-01   1.2168619e-02
  -2.1495400e-01   1.3086663e-02
  -2.0307279e-01   1.4360960e-02
  -1.9300527e-01   1.5326688e-02
  -1.9366962e-01   1.4406665e-02
  -1.9630939e-01   1.4853076e-02
  -1.9529517e-01   1.3557741e-02
  -1.8792554e-01   1.3570015e-02
  -1.8020307e-01   1.3118165e-02
  -1.7599090e-01   1.3957860e-02
  -1.8016792e-01   1.5741798e-02
  -1.7666624e-01   1.5763777e-02
  -1.6547175e-01   1.4891602e-02
  -1.5721386e-01   1.4055612e-02
   3.4309794e-02   1.8552909e-02
   3.6761995e-02   1.8110138e-02
   4.4102933e-02   2.0756353e-02
   5.4064299e-02   2.0811697e-02
   6.4858929e-02   2.1602105e-02
   6.4935196e-02   1.9858314e-02
   6.6174230e-02   1.7650906e-02
   6.8675758e-02   2.0316460e-02
   6.7503574e-02   2.2106224e-02
   7.8615638e-02   2.3443454e-02
   8.7136632e-02   2.2525946e-02
   9.3185174e-02   2.2054450e-02
   1.0795072e-01   1.7185864e-02
   1.1282952e-01   1.9822847e-02
   1.2664112e-01   2.3832789e-02
   1.3226976e-01   2.3287504e-02
   1.1185550e-01   2.6069395e-02
   1.1523780e-01   2.3342654e-02
   1.1807582e-01   2.0757580e-02
   1.2636089e-01   1.6281683e-02
   1.2411344e-01   1.9845057e-02
   1.3045939e-01   2.3848958e-02
   1.3275927e-01   2.5584909e-02
   1.3760514e-01   2.1584243e-02
   1.4522052e-01   2.4258513e-02
   1.4621248e-01   2.1127018e-02
   1.5604923e-01   2.0666986e-02
   1.6221482e-01   1.9335596e-02
   1.5581427e-01   2.5039670e-02
   1.5886115e-01   2.6895465e-02
   1.5977458e-01   2.6839310e-02
   1.6760756e-01   2.0703892e-02
   1.8043611e-01   2.1029959e-02
   1.8185264e-01   2.0608962e-02
   1.8086936e-01   2.5925089e-02
   1.8562771e-01   2.5007327e-02
   1.8702138e-01   2.5906215e-02
   1.8350182e-01   2.6382652e-02
   1.9655932e-01   2.2322898e-02
   1.9972268e-01   2.5917118e-02
   1.9869943e-01   2.5506717e-02
   2.0728886e-01   2.7235190e-02
   2.1538107e-01   2.3624436e-02
   2.2864609e-01   2.1921140e-02
   2.1318629e-01   2.1465004e-02
   2.0896082e-01   2.5808392e-02
   2.1715847e-01   2.4856254e-02
   2.9770409e-01   2.6765375e-02
   2.9662285e-01   2.9074193e-02
   3.0078092e-01   2.6371327e-02
   2.9673699e-01   2.6470534e-02
   2.9031675e-01   2.5173253e-02
   2.8318721e-01   2.5230669e-02
   2.7674338e-01   2.4798857e-02
   2.7279509e-01   2.3921154e-02
   2.6733042e-01   2.6634873e-02
   2.6371625e-01   2.8719737e-02
   2.6376707e-01   2.7414294e-02
   2.6094625e-01   2.2593649e-02
   2.6243834e-01   2.2610663e-02
   2.6162621e-01   2.5708771e-02
   2.5545578e-01   2.5734631e-02
   2.4602118e-01   2.7437812e-02
   2.4329828e-01   2.7559391e-02
   2.4267249e-01   2.4426560e-02
   2.4372642e-01   2.2220035e-02
   2.4371395e-01   2.2655722e-02
   2.4145399e-01   2.3994902e-02
   2.3716696e-01   2.6271741e-02
   2.3250444e-01   2.7057798e-02
   2.3300980e-01   2.5798273e-02
   2.3039157e-01   2.3160759e-02
   2.2502680e-01   2.2696115e-02
   2.1916039e-01   2.0114228e-02
   2.1767095e-01   2.4614402e-02
   2.0726280e-01   2.8113744e-02
   1.9802191e-01   2.8501687e-02
   2.0036816e-01   2.5399582e-02
   2.0293325e-01   2.1013670e-02
   1.9820127e-01   2.1485887e-02
   1.9997833e-01   2.3743889e-02
   1.9524584e-01   2.5828515e-02
   1.8472226e-01   2.6818449e-02
   1.7735454e-01   2.5961515e-02
   1.6862157e-01   2.3320951e-02
   1.6779765e-01   1.9401398e-02
   1.6623921e-01   1.8925805e-02
   1.5155667e-01   2.2503080e-02
   1.4286893e-01   2.6054411e-02
   1.4509169e-01   2.3353397e-02
   1.3895807e-01   2.2484871e-02
   1.3405249e-01   2.1612533e-02
   1.2288460e-01   1.9847016e-02
   1.2166111e-01   1.9407868e-02
   1.1825665e-01   2.4781401e-02
   1.1289188e-01   2.3810888e-02
   1.0918018e-01   2.6022538e-02
   1.0076537e-01   1.9879028e-02
  -4.1623986e-02   1.7648693e-02
  -4.4072456e-02   1.7647479e-02
  -4.2888994e-02   1.8107239e-02
  -4.6563291e-02   1.8546879e-02
  -5.5142993e-02   1.8100109e-02
  -5.6261259e-02   1.7182351e-02
  -7.0050325e-02   1.9028124e-02
  -6.7466570e-02   1.7667452e-02
  -5.8826055e-02   1.6773408e-02
  -6.6043268e-02   1.7616019e-02
  -7.1076025e-02   1.7647019e-02
  -7.2229858e-02   1.7628559e-02
  -8.5955205e-02   1.7226920e-02
  -8.9553430e-02   1.6765064e-02
  -9.8060567e-02   1.4537117e-02
  -1.0763024e-01   1.7135153e-02
  -1.1677830e-01   1.6326478e-02
  -1.1913085e-01   1.4985091e-02
  -1.1667056e-01   1.5428735e-02
  -1.2033729e-01   1.7187137e-02
  -1.2525842e-01   1.6299352e-02
  -1.3237290e-01   1.5378541e-02
  -1.4312491e-01   1.4895239e-02
  -1.4340885e-01   1.4924429e-02
  -1.4109257e-01   1.5381930e-02
  -1.4368397e-01   1.5833364e-02
  -1.5367697e-01   1.4514434e-02
  -1.5840919e-01   1.6688950e-02
  -1.6927300e-01   1.7967915e-02
  -1.7894855e-01   1.5306691e-02
  -1.8387516e-01   1.3549610e-02
  -1.8635767e-01   1.0923922e-02
  -1.9615060e-01   1.2220098e-02
  -1.9977804e-01   1.5704237e-02
  -1.9592033e-01   1.4824331e-02
  -2.0469468e-01   1.4822382e-02
  -2.1104634e-01   1.3952606e-02
  -2.1309635e-01   1.2615998e-02
  -2.2475202e-01   1.4811184e-02
  -2.2868584e-01   1.3510155e-02
  -2.4342432e-01   1.4350102e-02
  -2.4640728e-01   1.2567388e-02
  -2.4760293e-01   1.4298088e-02
  -2.4913283e-01   1.0840151e-02
  -2.5203023e-01   1.4330813e-02
  -2.6040142e-01   1.2997548e-02
  -2.7584426e-01   1.1644355e-02
  -2.7204956e-01   1.1164953e-02
  -2.7071011e-01   9.0557385e-03
  -2.7912717e-01   1.1672505e-02
  -1.5213977e-01   1.4926796e-02
  -1.5135319e-01   1.5853322e-02
  -1.4970031e-01   1.3612986e-02
  -1.3986567e-01   1.5383648e-02
  -1.3701733e-01   1.4026834e-02
  -1.2963006e-01   1.8421913e-02
  -1.1731968e-01   1.4912984e-02
  -1.1530650e-01   1.7617097e-02
  -1.1049592e-01   1.8963911e-02
  -1.0201967e-01   1.7227090e-02
  -1.0202356e-01   1.6785370e-02
  -9.5703990e-02   1.4553735e-02
  -8.8154918e-02   1.6292815e-02
  -7.8674540e-02   1.5923855e-02
  -7.9874989e-02   1.9903551e-02
  -7.6289087e-02   1.6384480e-02
  -5.8830343e-02   1.5890597e-02
  -5.6366090e-02   1.8540745e-02
  -5.7758306e-02   1.9480658e-02
  -5.8826055e-02   1.6773408e-02
  -4.5395000e-02   1.5471646e-02
  -2.8276563e-02   1.4622658e-02
  -1.9623387e-02   1.9460759e-02
  -1.1036152e-02   2.1231755e-02
  -6.1372826e-03   2.1253468e-02
  -8.5879423e-03   1.5924068e-02
  -3.6725585e-03   1.8100118e-02
  -1.2238117e-03   2.1190466e-02
   3.6681424e-03   2.0287324e-02
   6.1218693e-03   1.6334124e-02
   8.5866544e-03   1.7693409e-02
   8.5828449e-03   2.2116761e-02
   1.5955390e-02   2.2137452e-02
   2.9401955e-02   2.0763716e-02
   4.0524784e-02   1.6374260e-02
   4.7920629e-02   2.0815975e-02
   5.7684873e-02   2.2115133e-02
   6.3764436e-02   2.1204296e-02
   6.2594223e-02   2.2110852e-02
   6.1309027e-02   2.1648228e-02
   6.3761388e-02   2.1646052e-02
   7.0037842e-02   2.0798182e-02
   7.7267085e-02   1.9425167e-02
   8.8476911e-02   1.9894129e-02
   8.5573887e-02   2.1998660e-02
   8.8433145e-02   2.4315047e-02
   9.3198541e-02   2.0731183e-02
   1.0034778e-01   2.1560721e-02
   1.0914540e-01   2.0268747e-02
   1.1033977e-01   2.2910487e-02
   2.1131183e-01   2.1843138e-02
   2.1496464e-01   2.3142120e-02
   2.4204165e-01   1.9329744e-02
   2.3777966e-01   2.4757573e-02
   2.2869173e-01   2.3556503e-02
   2.2136197e-01   2.9286689e-02
   2.2870386e-01   2.3120271e-02
   2.2996867e-01   2.1807669e-02
   2.2771253e-01   2.2709981e-02
   2.2890692e-01   2.4015882e-02
   2.3013760e-01   2.4011571e-02
   2.3272136e-01   2.7520736e-02
   2.2935066e-01   2.4499806e-02
   2.2872744e-01   2.2247808e-02
   2.3238031e-01   2.3543780e-02
   2.3162361e-01   2.3156572e-02
   2.3351669e-01   2.6590914e-02
   2.4490579e-01   2.3958224e-02
   2.5147257e-01   2.6597206e-02
   2.5911481e-01   2.5157606e-02
   2.5993261e-01   2.3924811e-02
   2.5230353e-01   2.3495349e-02
   2.6087564e-01   2.4766115e-02
   2.7876332e-01   2.5074270e-02
   2.8280086e-01   2.7814237e-02
   2.8020296e-01   2.6823182e-02
   2.7711646e-01   2.5590276e-02
   2.7565765e-01   2.4271167e-02
   2.8058011e-01   2.4250380e-02
   2.8907489e-01   2.7239908e-02
   2.9300017e-01   2.8544916e-02
   2.9428786e-01   2.7241283e-02
   2.8757673e-01   2.6788112e-02
   2.8636521e-01   2.6361849e-02
   2.8274419e-01   2.4649354e-02
   2.7412332e-01   2.5119439e-02
   2.6860875e-01   2.6823271e-02
   2.6507951e-01   2.5233382e-02
   2.6087564e-01   2.4766115e-02
   2.5856297e-01   2.7845382e-02
   2.6209123e-01   2.5195505e-02
   2.6091878e-01   2.3462635e-02
   2.5568453e-01   2.5196705e-02
   2.4754272e-01   2.6151322e-02
   2.4139923e-01   2.5739986e-02
   2.3259896e-01   2.4002886e-02
   2.2718597e-01   2.5281563e-02
   2.2598341e-01   2.4414108e-02
   2.3560045e-01   2.3485697e-02
   2.3486403e-01   2.2663522e-02
