   3.6502534e-02   1.9739883e-02
   7.1573824e-02   2.0094041e-02
   6.6968489e-02   2.2370803e-02
   5.7289604e-02   2.1523243e-02
   5.3532269e-02   2.0606841e-02
   5.9495648e-02   2.0999214e-02
   6.5769295e-02   1.9739989e-02
   7.5661981e-02   1.9769981e-02
   7.9159661e-02   2.0604221e-02
   7.4351007e-02   2.1946334e-02
   7.2190711e-02   2.2917126e-02
   7.2984668e-02   2.2342577e-02
   8.0287068e-02   2.1896467e-02
   7.6796076e-02   2.1065939e-02
   8.1686662e-02   1.9305563e-02
   8.6816576e-02   1.9797430e-02
   8.5236807e-02   2.1912208e-02
   8.8798012e-02   2.2323881e-02
   9.8543499e-02   2.0998200e-02
   1.1550590e-01   1.7024117e-02
   1.2091798e-01   2.1047645e-02
   1.2076888e-01   2.3217339e-02
   1.1698772e-01   2.3638937e-02
   1.0978989e-01   2.3236498e-02
   1.0955632e-01   2.4503678e-02
   9.7326913e-02   2.0999833e-02
   9.6230257e-02   1.8394297e-02
   9.3907992e-02   1.5784416e-02
   8.5520149e-02   1.8460666e-02
   9.1396657e-02   2.3680118e-02
   9.7303074e-02   2.3187316e-02
   9.5146275e-02   2.3698121e-02
   9.2716215e-02   2.2823832e-02
   8.6470617e-02   2.0157854e-02
   7.9170170e-02   1.9289058e-02
   7.5655186e-02   2.0648647e-02
   7.4420702e-02   2.2407322e-02
   7.6562334e-02   2.1879078e-02
   7.8172831e-02   2.0666471e-02
   7.4288297e-02   2.0609262e-02
   7.9098844e-02   1.8394199e-02
   8.2887086e-02   2.1497966e-02
   8.0358164e-02   2.2794711e-02
   7.6920688e-02   2.4185668e-02
   7.4288297e-02   2.0609262e-02
   7.6661870e-02   1.8834492e-02
   6.8192727e-02   2.1492357e-02
   7.6651936e-02   2.0148526e-02
   3.1668068e-02   1.9322363e-02
   3.4143300e-02   1.7582204e-02
   3.9051345e-02   1.9797207e-02
   3.9053042e-02   1.9357269e-02
   4.3848094e-02   1.9316532e-02
   4.7497944e-02   2.0192346e-02
   4.6228108e-02   2.1488861e-02
   4.7497944e-02   2.0192346e-02
   4.8912881e-02   1.9390121e-02
   5.0038836e-02   1.8911261e-02
   5.7300099e-02   1.9766244e-02
   5.8341427e-02   2.0582908e-02
   6.5809022e-02   2.3272229e-02
   7.0551845e-02   2.2345133e-02
   7.0631512e-02   2.1051406e-02
   7.5736746e-02   1.9789482e-02
   8.0543400e-02   1.9765050e-02
   7.9081762e-02   2.0583985e-02
   8.7585892e-02   2.1887693e-02
   8.8954693e-02   2.4122106e-02
   8.6436999e-02   2.3663567e-02
   8.6478186e-02   1.9281425e-02
   8.1756410e-02   2.0642159e-02
   8.5505423e-02   2.0218825e-02
   8.8894091e-02   2.1469498e-02
   8.7649780e-02   2.4100110e-02
   9.1505373e-02   2.1947604e-02
   8.8973058e-02   2.2367771e-02
   9.5093781e-02   1.9729035e-02
   9.5273138e-02   2.0646443e-02
   8.4192996e-02   2.1078562e-02
   8.5417145e-02   2.0638028e-02
   8.2960783e-02   2.2397466e-02
   7.9308488e-02   2.1523317e-02
   8.0615732e-02   2.0663849e-02
   8.0626498e-02   1.9344880e-02
   8.1595343e-02   2.0601582e-02
   8.7771006e-02   2.0614888e-02
   8.7827331e-02   2.3708500e-02
   9.1500863e-02   2.2386556e-02
   9.6032962e-02   1.9232474e-02
   9.4042856e-02   2.1526641e-02
   9.3852911e-02   2.1922800e-02
   9.4991593e-02   2.0585660e-02
   1.0004094e-01   2.2374596e-02
   1.0002557e-01   2.3690749e-02
   9.9952075e-02   2.1476058e-02
   1.0159907e-01   1.8919107e-02
   7.0704421e-02   2.0633137e-02
   6.6010875e-02   2.2460424e-02
   6.3387237e-02   2.1078911e-02
   6.0715361e-02   2.0123284e-02
   6.8275419e-02   1.9318272e-02
   6.3324804e-02   2.1058157e-02
   6.3390171e-02   2.0639767e-02
   6.2243430e-02   1.8902769e-02
   6.3327729e-02   2.0619446e-02
   5.8624118e-02   2.1564770e-02
   6.4606223e-02   2.1077833e-02
   6.7179777e-02   2.0677285e-02
   6.7113471e-02   2.0656893e-02
   6.6843336e-02   2.1451289e-02
   6.9354814e-02   1.9717393e-02
   6.5877311e-02   2.2855650e-02
   6.9403707e-02   2.2368368e-02
   7.4354592e-02   2.1507407e-02
   7.4281363e-02   2.1486252e-02
   7.4364916e-02   2.0190627e-02
   6.7246213e-02   2.0697717e-02
   7.4582164e-02   2.0690667e-02
   7.5428357e-02   2.1025822e-02
   7.0697809e-02   2.1511143e-02
   6.5689419e-02   2.1911752e-02
   6.5769295e-02   1.9739989e-02
   6.6984280e-02   2.0177587e-02
   6.6912252e-02   2.1034170e-02
   6.3387237e-02   2.1078911e-02
   6.5893226e-02   2.0657992e-02
   6.5896218e-02   2.0218460e-02
   5.9612734e-02   2.1040537e-02
   6.5772141e-02   1.9301322e-02
   6.3271059e-02   1.9722604e-02
   6.4484962e-02   2.0159857e-02
   6.0889235e-02   2.1060245e-02
   6.0886363e-02   2.1499000e-02
   6.1009417e-02   2.1101806e-02
   6.8122361e-02   2.1909414e-02
   6.4358283e-02   2.0120280e-02
   6.0892047e-02   2.0621490e-02
   5.9615482e-02   2.0602192e-02
   6.0894800e-02   2.0182735e-02
   6.0900131e-02   1.9305225e-02
   5.7182197e-02   2.0604111e-02
   6.0900131e-02   1.9305225e-02
   6.9485380e-02   2.0634292e-02
   6.2168252e-02   2.1079968e-02
   6.3393043e-02   2.0200623e-02
   6.7188748e-02   1.9357459e-02
   6.6846476e-02   2.1013507e-02
   6.6840132e-02   2.1889070e-02
   7.2136847e-02   2.0693098e-02
   6.7166900e-02   2.2437054e-02
   6.6849552e-02   2.0575726e-02
   7.0562012e-02   2.1030713e-02
   6.5575475e-02   1.9681866e-02
   6.9485380e-02   2.0634292e-02
   6.8336818e-02   2.0216291e-02
   6.4675917e-02   2.0219515e-02
   6.7044193e-02   2.1075617e-02
   6.2101102e-02   2.1936678e-02
   6.1080680e-02   1.9362427e-02
   5.9733046e-02   2.0642813e-02
   5.8577018e-02   1.9784835e-02
   5.8514004e-02   2.0643788e-02
   6.2048767e-02   2.0600193e-02
   6.2112696e-02   2.0181744e-02
   5.8516655e-02   2.0204559e-02
   5.8461595e-02   1.9745861e-02
   6.0957552e-02   1.9763442e-02
   5.7472635e-02   1.9384333e-02
   5.8398839e-02   2.0603162e-02
   6.3324804e-02   2.1058157e-02
   6.0880445e-02   2.2376510e-02
   6.3265409e-02   2.0599164e-02
   6.3262493e-02   2.1037444e-02
   6.3458436e-02   1.9780974e-02
   6.2232491e-02   2.0661167e-02
   6.8342824e-02   1.9337321e-02
   6.6968489e-02   2.2370803e-02
   6.8242838e-02   2.3708788e-02
   7.3063636e-02   2.1487515e-02
   7.3145819e-02   2.0191815e-02
   7.1909732e-02   2.2387874e-02
   7.1771773e-02   2.1905751e-02
   7.1852615e-02   2.0611664e-02
   6.5964263e-02   1.9798455e-02
   6.5822098e-02   2.1515834e-02
   6.9342162e-02   2.1470050e-02
   7.0707625e-02   2.0194134e-02
   6.8119023e-02   2.2347603e-02
   6.7050334e-02   2.0197466e-02
   6.7044193e-02   2.1075617e-02
   6.3446790e-02   2.1539283e-02
   6.7050334e-02   2.0197466e-02
   6.4551345e-02   1.9741015e-02
   6.2042987e-02   2.1476797e-02
   6.5769295e-02   1.9739989e-02
   6.9354814e-02   1.9717393e-02
   6.1006529e-02   2.1541427e-02
   6.3515425e-02   2.0680530e-02
   6.5766384e-02   2.0178655e-02
   6.5631086e-02   2.1014616e-02
   6.1080680e-02   1.9362427e-02
   5.8453665e-02   2.1062252e-02
   5.9506232e-02   1.9249280e-02
   6.2238082e-02   1.9781968e-02
   6.0883433e-02   2.1937755e-02
   5.9609928e-02   2.1478881e-02
   6.0894800e-02   2.0182735e-02
   6.3271059e-02   1.9722604e-02
   6.5831237e-02   2.0198538e-02
   6.5757272e-02   2.1494654e-02
   6.9345425e-02   2.1031886e-02
   6.8122361e-02   2.1909414e-02
   6.7179777e-02   2.0677285e-02
   7.0707625e-02   2.0194134e-02
   6.7116518e-02   2.0217385e-02
   6.3446790e-02   2.1539283e-02
   6.6968489e-02   2.2370803e-02
   6.7044193e-02   2.1075617e-02
   6.2171129e-02   2.0640802e-02
   6.7119500e-02   1.9777877e-02
   6.8468871e-02   2.0696593e-02
   6.5812386e-02   2.2833130e-02
   6.5676167e-02   2.3664692e-02
   6.9209223e-02   2.0990614e-02
   6.5704561e-02   1.9720576e-02
   6.8348564e-02   1.8458352e-02
   6.7056215e-02   1.9319316e-02
   6.7103940e-02   2.1975419e-02
   7.0990801e-02   1.9833266e-02
   7.0701149e-02   2.1072140e-02
   7.2988244e-02   2.1904487e-02
   7.4364916e-02   2.0190627e-02
   7.8029050e-02   1.9309252e-02
   7.5569876e-02   2.1945021e-02
   7.5562369e-02   2.2822821e-02
   7.6727449e-02   2.0168339e-02
   7.5580588e-02   2.0628319e-02
   7.9148463e-02   2.1919384e-02
   6.6786897e-02   2.0118181e-02
   6.7044193e-02   2.1075617e-02
   6.5760373e-02   2.1055988e-02
   6.4609213e-02   2.0638712e-02
   6.0889235e-02   2.1060245e-02
   6.5945684e-02   2.2438250e-02
   6.3518314e-02   2.0240519e-02
   5.8453665e-02   2.1062252e-02
   6.0957552e-02   1.9763442e-02
   6.0946387e-02   2.1520193e-02
   6.4669982e-02   2.1098625e-02
   6.4666921e-02   2.1538179e-02
   6.3321818e-02   2.1496869e-02
   5.7351512e-02   2.0665120e-02
   5.7302584e-02   1.9326994e-02
   5.7182197e-02   2.0604111e-02
   5.4851748e-02   2.1525173e-02
   5.3585001e-02   2.0627146e-02
   5.6131267e-02   2.0666058e-02
   5.6181447e-02   2.1566752e-02
   5.4851748e-02   2.1525173e-02
   5.7300099e-02   1.9766244e-02
   5.7235880e-02   2.1063225e-02
   5.8505711e-02   2.1961477e-02
   5.4743812e-02   2.1482800e-02
   4.7546890e-02   1.9772872e-02
   4.3887491e-02   2.0214487e-02
   4.1369538e-02   1.9737428e-02
   4.2589928e-02   1.8859577e-02
   4.9886796e-02   1.9732397e-02
   4.6321443e-02   2.1091855e-02
   4.8759413e-02   2.1090251e-02
   4.2756476e-02   1.9374509e-02
   4.5023638e-02   1.8858258e-02
   4.2666461e-02   2.0654647e-02
   4.1410297e-02   1.9756891e-02
   4.0226516e-02   2.1095507e-02
   4.5023638e-02   1.8858258e-02
   4.8722166e-02   1.8874728e-02
   5.2264195e-02   2.0587445e-02
   5.4758478e-02   1.8852253e-02
   5.2369528e-02   2.0189124e-02
   4.6189043e-02   2.0153369e-02
   5.4854340e-02   2.1085884e-02
   5.1206564e-02   1.9331185e-02
   5.8398839e-02   2.0603162e-02
   6.0826458e-02   2.1477850e-02
   6.6981252e-02   2.0616230e-02
   6.3512474e-02   2.1120541e-02
   6.5763411e-02   2.0617322e-02
   8.7813068e-02   2.5025638e-02
   9.0280852e-02   2.2388179e-02
   8.8810808e-02   2.1010711e-02
   9.0200653e-02   2.1489069e-02
   9.2642886e-02   2.1047451e-02
   9.1419581e-02   2.1487515e-02
   8.7667840e-02   2.2347375e-02
   8.1499546e-02   2.2332958e-02
   8.3058633e-02   2.0661146e-02
   8.2805454e-02   2.1476839e-02
   8.0377502e-02   2.0602912e-02
   7.6720436e-02   2.1045224e-02
   7.8095675e-02   2.0646111e-02
   6.5676167e-02   2.3664692e-02
   6.9550736e-02   2.1094097e-02
   5.8396148e-02   2.1041527e-02
   5.7235880e-02   2.1063225e-02
   5.8514004e-02   2.0643788e-02
   6.3214234e-02   1.8827525e-02
   5.8448096e-02   2.1939846e-02
   6.0883433e-02   2.1937755e-02
   6.2168252e-02   2.1079968e-02
   5.9730281e-02   2.1082022e-02
   5.9609928e-02   2.1478881e-02
   5.7348852e-02   2.1104803e-02
   5.7351512e-02   2.0665120e-02
   6.3384243e-02   2.1518055e-02
   6.4545570e-02   2.0618394e-02
   6.0952087e-02   2.0641817e-02
   6.0769524e-02   2.1018848e-02
   5.9802511e-02   1.8904614e-02
   6.3446790e-02   2.1539283e-02
   6.5945684e-02   2.2438250e-02
   6.6971777e-02   2.1932159e-02
   6.9338831e-02   2.1908214e-02
   6.2048767e-02   2.0600193e-02
   5.5968080e-02   2.0166636e-02
   5.2380609e-02   1.7994654e-02
   4.5068004e-02   1.8876850e-02
   4.0190568e-02   2.0196591e-02
   3.1693619e-02   2.1099757e-02
   3.2852281e-02   1.9741523e-02
   3.4174282e-02   1.8479561e-02
   3.6569560e-02   2.1097451e-02
   3.0477425e-02   2.0221104e-02
   3.6572910e-02   2.0218391e-02
   4.0154522e-02   1.9299447e-02
   4.0224616e-02   2.1534996e-02
   8.2642670e-02   2.1434709e-02
   8.8994080e-02   2.0174852e-02
   9.1401419e-02   2.3241597e-02
   9.3741535e-02   2.3653385e-02
   9.6114757e-02   2.0563917e-02
   9.3786202e-02   1.9273129e-02
   9.3852911e-02   2.1922800e-02
   9.5085256e-02   2.0605881e-02
   9.6585519e-02   2.1104885e-02
   9.4865574e-02   2.3628421e-02
   9.6096479e-02   2.2314038e-02
   9.5165588e-02   2.1942705e-02
   9.2555911e-02   2.0588732e-02
   8.8894091e-02   2.1469498e-02
   8.6466707e-02   2.0596068e-02
   8.2630548e-02   2.2747038e-02
   8.6462713e-02   2.1034282e-02
   8.6288671e-02   2.1430392e-02
   8.1664221e-02   2.1938139e-02
   8.0373790e-02   2.1041272e-02
   7.8018672e-02   2.0625791e-02
   7.5729930e-02   2.0669014e-02
   7.3197012e-02   2.2848028e-02
   7.6720436e-02   2.1045224e-02
   7.1852615e-02   2.0611664e-02
   6.5831237e-02   2.0198538e-02
   6.0826458e-02   2.1477850e-02
   6.0840185e-02   1.9286232e-02
   5.6123295e-02   2.1985168e-02
   5.2418795e-02   2.0648365e-02
   5.3640267e-02   2.0208181e-02
   5.4915954e-02   1.9787530e-02
   5.0032313e-02   2.0230651e-02
   4.6367157e-02   2.1112688e-02
   4.5055909e-02   2.1510829e-02
   4.3754057e-02   2.1031111e-02
   3.9084599e-02   2.1137908e-02
   3.8972672e-02   2.0197230e-02
   4.0238729e-02   1.8019079e-02
   4.1413841e-02   1.8878807e-02
   4.7495797e-02   2.0631310e-02
   4.6362722e-02   2.1992384e-02
   4.5011579e-02   2.1489643e-02
   4.5060115e-02   2.0632836e-02
   4.0186895e-02   2.1074704e-02
   3.6475547e-02   1.7091058e-02
   3.5326457e-02   1.8003483e-02
   3.8939362e-02   1.8861419e-02
   3.6564271e-02   2.2416042e-02
   4.1355912e-02   2.2807695e-02
   5.6075920e-02   2.0645679e-02
   5.8464126e-02   1.9307064e-02
   5.3589796e-02   1.9749395e-02
   4.3895020e-02   1.8456705e-02
   4.6286058e-02   1.8876161e-02
   4.6287972e-02   1.8437180e-02
   4.8713638e-02   2.0630517e-02
   5.2418795e-02   2.0648365e-02
   5.5968080e-02   2.0166636e-02
   6.2104091e-02   2.1497945e-02
   6.6975000e-02   2.1493516e-02
   7.1926722e-02   2.0192985e-02
   7.1788317e-02   1.9715176e-02
   7.1714567e-02   2.0133502e-02
   6.8394805e-02   2.1556001e-02
   7.5655186e-02   2.0648647e-02
   8.2968880e-02   2.1519134e-02
   7.9315920e-02   2.0644814e-02
   8.0604261e-02   2.1982818e-02
   8.4027144e-02   2.1037138e-02
   8.8906409e-02   2.0155039e-02
   8.8885449e-02   2.2345804e-02
   8.8906409e-02   2.0155039e-02
   8.8973058e-02   2.2367771e-02
   8.0223075e-02   2.0124986e-02
   8.1756410e-02   2.0642159e-02
   8.0604261e-02   2.1982818e-02
   8.3076716e-02   1.8463152e-02
   8.4121422e-02   1.9741715e-02
   8.1522326e-02   1.9705551e-02
   7.8161707e-02   2.1985608e-02
   8.5244928e-02   2.1035720e-02
   8.0370000e-02   2.1479631e-02
   8.4192996e-02   2.1078562e-02
   8.5157041e-02   2.1452887e-02
   8.1829499e-02   2.1541763e-02
   7.9296763e-02   2.2841071e-02
   7.7784990e-02   2.1002625e-02
   7.4364916e-02   2.0190627e-02
   7.6860725e-02   2.2404614e-02
   7.9312243e-02   2.1084065e-02
   7.6803110e-02   2.0188192e-02
   7.5495457e-02   2.1923438e-02
   7.3132138e-02   2.1947625e-02
   7.0856605e-02   1.8914383e-02
   7.2864774e-02   1.9238136e-02
   7.3049149e-02   2.3241597e-02
   7.8007614e-02   2.1942331e-02
   7.6875431e-02   2.0647389e-02
   7.5665269e-02   1.9330648e-02
   7.4358105e-02   2.1068480e-02
   7.8106084e-02   1.9328275e-02
   7.5569876e-02   2.1945021e-02
   7.9156005e-02   2.1042609e-02
   7.3139120e-02   2.1069720e-02
   7.3221272e-02   1.9772332e-02
   6.8330547e-02   2.1095260e-02
   6.9351752e-02   2.0155557e-02
   7.1785146e-02   2.0153291e-02
   7.3290363e-02   2.0231659e-02
   6.9475531e-02   2.1951374e-02
   6.4600055e-02   2.1956076e-02
   6.0829320e-02   2.1039526e-02
   6.2304946e-02   1.8921437e-02
   6.3583971e-02   1.9820079e-02
   6.0817518e-02   2.2792820e-02
   6.0949267e-02   2.1081005e-02
   5.3683152e-02   2.1987100e-02
   5.4807746e-02   1.9748540e-02
   5.3750999e-02   1.9367769e-02
   5.1199753e-02   2.0649220e-02
   5.4756166e-02   1.9290678e-02
   5.6083380e-02   1.9327870e-02
   5.4856879e-02   2.0646594e-02
   5.6065215e-02   2.2402758e-02
   6.0946387e-02   2.1520193e-02
   5.6080948e-02   1.9767139e-02
   5.9623381e-02   1.9287159e-02
   5.7194549e-02   1.8412185e-02
   5.8557610e-02   2.2862476e-02
   5.4903224e-02   2.1986145e-02
   4.8805223e-02   2.1550894e-02
   5.0034536e-02   1.9790854e-02
   4.8728068e-02   1.7557887e-02
   5.3598763e-02   1.7993893e-02
   5.1103547e-02   1.9731602e-02
   5.1192497e-02   2.1967256e-02
   5.2408788e-02   2.2405673e-02
   5.2413893e-02   2.1527019e-02
   4.9940220e-02   1.8873985e-02
   4.7593827e-02   1.9792401e-02
   4.3848094e-02   1.9316532e-02
   4.7542628e-02   2.0651666e-02
