   7.6722291e-02  -2.0046532e-02
   8.4983819e-02  -1.6836376e-02
   7.5469266e-02  -9.3462852e-03
   6.9368104e-02   0.0000000e+00
   7.6712318e-02   7.5655750e-03
   7.3216366e-02   8.9290398e-03
   6.2237739e-02   8.0643596e-03
   4.2491295e-02   9.0027680e-03
   4.8585703e-02   1.1666045e-02
   5.9970487e-02   1.3946102e-02
   4.5189601e-02   1.8548095e-02
   6.1088098e-02   1.5713088e-02
   3.9697828e-02   2.4609987e-02
   3.2254485e-02   2.4614317e-02
   2.5901802e-02   3.6109241e-02
   1.3607758e-02   4.6155275e-02
   2.2338595e-02   4.5391488e-02
   2.8610997e-02   5.2338704e-02
   2.6257506e-02   5.2154209e-02
   2.3793207e-02   5.4080725e-02
   2.6120461e-02   5.6459251e-02
   1.8582986e-02   6.3113279e-02
   1.8560103e-02   6.9946268e-02
  -1.4204208e-02   7.9721919e-02
   2.1877495e-02   8.5151482e-02
   1.9825433e-02   8.4988651e-02
   1.6034641e-02   9.5446131e-02
   5.1184602e-02   9.3696984e-02
   3.8158144e-02   1.0187113e-01
   1.2295254e-02   1.0419190e-01
   8.5900237e-03   1.0398204e-01
  -4.8799698e-03   1.2070011e-01
   6.0495215e-03   1.2448974e-01
  -1.0851243e-02   1.3531062e-01
   0.0000000e+00   1.3681677e-01
  -3.6347416e-03   1.4054974e-01
  -2.0522423e-02   1.5214080e-01
  -1.9380356e-02   1.4250898e-01
   7.2008636e-03   1.4408820e-01
  -1.7767996e-02   1.6577371e-01
  -2.5017170e-02   1.5496435e-01
  -2.1140350e-02   1.6211885e-01
  -1.1755312e-03   1.7056056e-01
  -1.0530083e-02   1.7274684e-01
  -1.8727376e-02   1.7489532e-01
  -1.5237572e-02   1.7571413e-01
  -1.0569286e-02   1.8247421e-01
  -4.6875210e-03   1.8256257e-01
  -8.1734108e-03   1.8712338e-01
  -8.1179328e-03   1.8669587e-01
   0.0000000e+00   1.8488798e-01
   2.3195761e-03   1.8405958e-01
   0.0000000e+00   1.8151316e-01
  -3.4996947e-03   1.7528853e-01
  -1.0497979e-02   1.7007385e-01
  -1.2926434e-02   1.6275078e-01
  -1.5349783e-02   1.5749645e-01
  -2.0013317e-02   1.5595176e-01
  -2.0044716e-02   1.5370461e-01
  -2.4732347e-02   1.5098839e-01
  -2.2342786e-02   1.4429823e-01
  -2.3683908e-02   1.3655227e-01
  -1.5401360e-02   1.2935473e-01
  -1.1870589e-02   1.2434511e-01
  -2.3713087e-03   1.2467074e-01
   1.3121777e-02   1.2452101e-01
   1.5404146e-02   1.1697936e-01
   2.0300798e-02   1.0802435e-01
   2.6190923e-02   1.0626315e-01
   1.9002627e-02   9.9071436e-02
   2.9984576e-02   9.4980665e-02
   3.8353300e-02   9.8593274e-02
   4.3645115e-02   9.3224101e-02
   5.0658138e-02   8.9010796e-02
   3.6175224e-02   9.4109526e-02
   4.4788947e-02   8.5211386e-02
   4.6061854e-02   7.9359815e-02
   5.3925690e-02   6.8291828e-02
   5.6577099e-02   6.0312465e-02
   5.9220218e-02   6.0040641e-02
   4.6807501e-02   5.1343168e-02
   2.0917197e-02   4.7703501e-02
   3.0745161e-02   4.0927212e-02
   4.8063166e-02   3.5163405e-02
   2.9554343e-02   4.4130528e-02
   2.3452749e-02   3.1652581e-02
   3.0941021e-02   2.7245435e-02
   2.6346682e-02   2.3534813e-02
   2.0052813e-02   1.2648078e-02
   3.6387419e-02   1.0396909e-02
   3.8670751e-02   3.1449232e-03
   4.2227885e-02   1.2080460e-02
   1.5974484e-02   3.9847413e-03
   9.8473902e-03   1.1091372e-02
   2.3440143e-02  -4.8892292e-03
   1.2313036e-02   8.8729389e-04
   2.1077235e-02  -6.2541092e-03
   2.5849399e-02  -1.1089295e-02
   1.4849222e-02  -3.5668764e-03
   2.9510438e-02  -1.2406814e-02
   2.6056432e-02  -1.1625552e-02
   1.7244363e-02  -1.5986464e-02
   2.4504680e-03  -2.7867738e-02
  -1.9683609e-02  -3.3781899e-02
  -1.2248645e-03  -4.5697884e-02
   9.8315418e-03  -4.8551997e-02
   2.3224877e-02  -5.0075695e-02
   2.9362298e-02  -5.0563792e-02
   2.0765999e-02  -5.2736465e-02
   1.5881567e-02  -5.9505970e-02
   1.3386218e-02  -6.5593673e-02
   1.8209178e-02  -6.9952408e-02
   8.5434161e-03  -7.1714956e-02
   6.0649083e-03  -7.7641109e-02
   1.5767765e-02  -8.0377467e-02
   2.7789379e-02  -8.0043695e-02
   3.0279432e-02  -8.3911012e-02
   3.4822067e-02  -8.3155708e-02
   3.2447826e-02  -8.8261994e-02
   3.7204831e-02  -8.6756174e-02
   3.4764882e-02  -8.7115503e-02
   3.5752390e-02  -9.1590544e-02
   2.9687157e-02  -9.0806826e-02
   3.3143883e-02  -9.7784485e-02
   3.3088712e-02  -9.7157399e-02
   3.6781550e-02  -1.0308300e-01
   4.0525432e-02  -1.0776382e-01
   2.9784854e-02  -1.1243288e-01
   3.2076145e-02  -1.1585291e-01
   3.6734434e-02  -1.1505473e-01
   4.1439449e-02  -1.2012607e-01
   4.8392876e-02  -1.2206478e-01
   4.5211925e-02  -1.2026784e-01
   5.3649296e-02  -1.2192841e-01
   5.8442554e-02  -1.2291807e-01
   5.8324358e-02  -1.2121849e-01
   6.4395570e-02  -1.2142934e-01
   6.9365096e-02  -1.1986254e-01
   6.9425963e-02  -1.1095277e-01
   6.5742023e-02  -1.0986486e-01
   6.9776778e-02  -1.0306679e-01
   6.2773150e-02  -1.0018974e-01
   7.3097258e-02  -9.7810430e-02
   6.6191144e-02  -9.9895163e-02
   6.7415611e-02  -9.5627690e-02
   7.1252436e-02  -9.0650090e-02
   7.7820176e-02  -8.7368441e-02
   7.0124787e-02  -7.6329187e-02
   7.0346298e-02  -7.0459644e-02
   7.6448871e-02  -6.1887441e-02
   7.0968111e-02  -5.2769587e-02
   6.2469258e-02  -4.7019581e-02
   5.8656754e-02  -4.2870006e-02
   5.8391560e-02  -3.4985902e-02
   5.9622230e-02  -3.0020321e-02
   6.0937636e-02  -2.8703582e-02
   5.0763799e-02  -2.4106090e-02
   4.5692327e-02  -2.0476451e-02
   4.4554265e-02  -1.8734030e-02
   4.2224234e-02  -1.3422734e-02
   4.0033110e-02  -8.5618640e-03
   3.8632203e-02  -2.2441092e-03
   4.2586185e-02   4.5105037e-04
   4.0238370e-02   7.6995790e-03
   5.1648769e-02   1.2249489e-02
   6.3908307e-02   1.4888686e-02
   5.9622351e-02   2.2380716e-02
   3.9599576e-02   2.8133074e-02
   2.9560809e-02   2.5776808e-02
   2.3507682e-02   2.9482588e-02
   2.9651255e-02   3.7965887e-02
   2.5835749e-02   5.2210085e-02
   3.9176729e-02   6.2330393e-02
   4.2521724e-02   6.4543454e-02
   2.7897892e-02   6.9430167e-02
   2.4463685e-02   6.8207748e-02
   2.2135890e-02   6.0814170e-02
   4.9043161e-03   7.2972246e-02
   1.8475368e-02   6.5486466e-02
   1.4732214e-02   7.4908834e-02
   1.5874478e-02   8.8364388e-02
   1.8272065e-02   9.6083848e-02
   9.7029033e-03   1.0507226e-01
   4.8139414e-03   1.0845951e-01
  -4.8093948e-03   1.1404430e-01
   5.9905820e-03   1.1314173e-01
   3.5783191e-03   1.1402242e-01
   1.3098243e-02   1.1712157e-01
  -3.5537251e-03   1.2790362e-01
  -1.1803701e-03   1.2885068e-01
  -4.7090586e-03   1.4106387e-01
  -5.9243415e-03   1.4503852e-01
   5.8868475e-03   1.5146837e-01
   8.2439433e-03   1.5251636e-01
   9.4350049e-03   1.5628536e-01
   1.0520550e-02   1.6026506e-01
   1.1695223e-02   1.6238086e-01
   2.3388715e-03   1.6800067e-01
  -4.6860002e-03   1.6423020e-01
  -8.2243344e-03   1.6579784e-01
   0.0000000e+00   1.6394737e-01
  -4.6818335e-03   1.6406432e-01
  -7.0433062e-03   1.6001726e-01
  -1.0594746e-02   1.5747579e-01
  -3.5438048e-03   1.5253216e-01
  -8.2840571e-03   1.5133223e-01
  -8.2740571e-03   1.4564089e-01
  -1.4175063e-02   1.4355237e-01
  -1.7779228e-02   1.3670137e-01
  -1.0736850e-02   1.3277679e-01
  -5.9955525e-03   1.2765494e-01
   0.0000000e+00   1.2408225e-01
   2.3892407e-03   1.2375979e-01
   5.9782390e-03   1.2051002e-01
   9.5508120e-03   1.1602527e-01
   1.5582209e-02   1.0657786e-01
   1.9226284e-02   1.0356819e-01
   1.6912903e-02   9.6652171e-02
   1.6930286e-02   9.4425163e-02
   1.3326251e-02   9.0419944e-02
   8.5419021e-03   7.7661075e-02
   4.8769440e-03   6.8905544e-02
   1.2198145e-03   6.1226291e-02
   6.1174966e-03   5.4180962e-02
   1.4669960e-02   4.9637889e-02
   2.0865328e-02   4.0852404e-02
   3.0760217e-02   3.2886848e-02
   2.7105552e-02   3.0697572e-02
   2.3429590e-02   2.4470583e-02
   1.6020553e-02   2.1336862e-02
   1.2346142e-02   1.1124444e-02
   1.8505376e-02   4.8895609e-03
   2.7034772e-02   8.8536003e-04
   2.9517169e-02  -7.9758092e-03
   2.8113719e-02  -1.1892956e-02
   2.0758030e-02  -1.2762785e-02
   2.9329921e-02  -1.4975971e-02
   2.4556688e-02  -1.8150635e-02
   2.9526175e-02  -2.7083051e-02
   2.8462195e-02  -2.8140088e-02
   2.8442783e-02  -3.2606769e-02
   2.9743135e-02  -3.1776453e-02
   3.5953870e-02  -3.5387732e-02
   3.5780488e-02  -3.9707378e-02
   3.4356957e-02  -4.6660071e-02
   3.4078080e-02  -5.5216991e-02
   2.6701687e-02  -6.1349477e-02
   1.6956767e-02  -6.4825277e-02
   1.5777813e-02  -6.7673276e-02
   9.7219799e-03  -6.3695799e-02
   1.2194815e-02  -6.5281180e-02
   2.5559168e-02  -6.5140135e-02
   2.6786875e-02  -6.6977908e-02
   2.0644610e-02  -7.4525687e-02
   9.6768617e-03  -7.9698968e-02
   2.4227938e-03  -8.3492848e-02
  -4.8551688e-03  -8.5970282e-02
   6.0445836e-03  -9.0688179e-02
   1.0881538e-02  -9.4876030e-02
   1.0907417e-02  -9.8387935e-02
   8.4889065e-03  -9.7047850e-02
   6.0563524e-03  -1.0162346e-01
   3.6287518e-03  -1.0241662e-01
   8.4439573e-03  -1.0588594e-01
   6.0144947e-03  -1.0745857e-01
   3.6122008e-03  -1.0946235e-01
   3.6044182e-03  -1.1538641e-01
   3.5960622e-03  -1.1225175e-01
   8.3886467e-03  -1.1459137e-01
   1.5637686e-02  -1.1504549e-01
   1.7945721e-02  -1.1580276e-01
   2.8602991e-02  -1.1910663e-01
   3.2219497e-02  -1.1498321e-01
   4.1776098e-02  -1.1451100e-01
   4.6702547e-02  -1.0640015e-01
   5.1438149e-02  -1.0253063e-01
   4.6900001e-02  -9.5664904e-02
   3.8544085e-02  -9.2144444e-02
   4.4687056e-02  -9.0537098e-02
   4.6196316e-02  -8.9292465e-02
   4.2647331e-02  -8.6263231e-02
   4.0362605e-02  -8.1963815e-02
   3.8024193e-02  -7.9890286e-02
   4.0612679e-02  -7.6448860e-02
   4.9421627e-02  -7.6738781e-02
   4.9438577e-02  -7.3053501e-02
   5.3111135e-02  -7.2069429e-02
   5.0786315e-02  -6.3516651e-02
   4.5958175e-02  -5.7728132e-02
   5.2264386e-02  -5.0952781e-02
   5.6387592e-02  -4.3048514e-02
   5.7309830e-02  -4.1434255e-02
   4.9748414e-02  -4.0012788e-02
   5.1215750e-02  -3.8367792e-02
   5.2535721e-02  -3.6597775e-02
   5.6573157e-02  -3.0845050e-02
   5.3950836e-02  -2.3065430e-02
   5.7831057e-02  -1.1769172e-02
   5.8689847e-02  -2.2472111e-03
   5.0682029e-02   5.3408493e-03
   3.9192292e-02   1.1913641e-02
   3.6565107e-02   1.0099225e-02
   3.3096501e-02   1.4135933e-02
   3.5513963e-02   1.3679856e-02
   4.4219109e-02   1.3275068e-02
   4.6702182e-02   1.8602219e-02
   4.7968302e-02   2.0836697e-02
   3.8193255e-02   2.3550148e-02
   2.7117929e-02   2.7583326e-02
   2.8422485e-02   3.0789200e-02
   3.5824226e-02   3.3015124e-02
   4.3199347e-02   3.2084484e-02
   3.8347384e-02   3.6655581e-02
   3.6983987e-02   3.8775070e-02
   3.7129393e-02   4.8425441e-02
   4.3041432e-02   4.9909197e-02
   5.4956107e-02   5.7175784e-02
   3.2842782e-02   6.6903103e-02
   6.0452615e-02   7.2426164e-02
   4.8076225e-03   7.8270140e-02
   3.8929594e-02   7.5091510e-02
   2.4270323e-02   8.4088184e-02
   3.6490493e-02   7.5540508e-02
   1.5845621e-02   9.4739578e-02
   2.5585609e-02   8.1661927e-02
   2.4340824e-02   9.3641633e-02
   2.9148489e-02   8.9241951e-02
   2.7785483e-02   9.6636054e-02
   2.3997893e-02   1.0246717e-01
   4.7473847e-03   1.1766309e-01
   2.6271878e-02   1.1366522e-01
   2.3625452e-02   1.3085634e-01
   3.4429702e-02   1.2575643e-01
   2.7119754e-02   1.3541842e-01
   2.3547904e-02   1.3135078e-01
   1.7604027e-02   1.3813387e-01
   1.8827674e-02   1.3707628e-01
   1.0563542e-02   1.4108106e-01
   1.8900439e-02   1.3570763e-01
   1.4120198e-02   1.4787581e-01
   2.2356817e-02   1.4637262e-01
   1.2904470e-02   1.5085341e-01
   7.1004573e-03   1.4384934e-01
   2.3753229e-03   1.4144774e-01
   3.5560847e-03   1.3819535e-01
   5.9351930e-03   1.3595808e-01
   0.0000000e+00   1.3403614e-01
  -1.0657901e-02   1.3171467e-01
  -1.0666569e-02   1.3037972e-01
  -8.3127997e-03   1.2873057e-01
  -4.7861566e-03   1.2445573e-01
  -5.9985702e-03   1.2336033e-01
  -1.1996959e-03   1.1807029e-01
  -1.1936028e-03   1.1458078e-01
   0.0000000e+00   1.0825523e-01
   2.3928257e-03   1.0825502e-01
  -2.4027544e-03   1.0402577e-01
  -1.2041104e-03   9.7260431e-02
  -1.2110020e-03   9.1316271e-02
  -3.6315363e-03   8.5269079e-02
  -3.6300700e-03   7.8815569e-02
  -2.4236825e-03   7.4830698e-02
   1.2088797e-03   7.0564881e-02
   0.0000000e+00   6.6727905e-02
   1.2222973e-03   5.4127590e-02
  -6.1278227e-03   5.1567788e-02
  -1.2309140e-03   4.1426406e-02
   0.0000000e+00   3.3441884e-02
  -2.4710628e-03   2.4969890e-02
  -3.7206128e-03   1.7889366e-02
   4.9799576e-03   1.9757659e-02
   1.0000200e-02   1.9837241e-02
   1.3755285e-02   1.5779162e-02
   1.3731353e-02   1.1697962e-02
  -7.4836116e-03  -8.0907605e-03
  -8.6696002e-03  -8.0339043e-03
  -6.1673418e-03  -9.7800978e-03
  -2.4547833e-03  -8.8469010e-03
   0.0000000e+00  -8.8822355e-03
   1.2306402e-03  -1.4641069e-02
   2.3369173e-02  -2.0848702e-02
   2.6838904e-02  -2.2882812e-02
   2.9102479e-02  -3.6817295e-02
   9.7166139e-03  -3.8656248e-02
   7.2766581e-03  -4.5685280e-02
   8.4432485e-03  -4.3669235e-02
   1.8119025e-02  -4.5938956e-02
   1.8188278e-02  -5.0562628e-02
   1.9542185e-02  -5.3180498e-02
   1.9499235e-02  -5.7554896e-02
   1.0987596e-02  -6.1729047e-02
   3.1665912e-02  -7.1993701e-02
   3.8942293e-02  -7.4202853e-02
   3.0391945e-02  -7.9630119e-02
   2.8016445e-02  -7.7041646e-02
   3.0330511e-02  -8.2217120e-02
   1.3350167e-02  -8.1348735e-02
   3.6504518e-03  -8.4804029e-02
   2.4423312e-03  -8.0949585e-02
   1.3431384e-02  -8.3712178e-02
   2.0789116e-02  -8.2445119e-02
   2.6842938e-02  -8.5487112e-02
   1.5846408e-02  -9.2401340e-02
   1.9404656e-02  -9.4706656e-02
   2.7841925e-02  -9.8713643e-02
   2.1777692e-02  -9.7732318e-02
   2.4113529e-02  -1.0486857e-01
   1.3243905e-02  -1.0566993e-01
   1.1955867e-02  -1.0958080e-01
   1.4374062e-02  -1.0979731e-01
   1.4333540e-02  -1.1324038e-01
   1.4318413e-02  -1.1880645e-01
   1.5448981e-02  -1.2066783e-01
   1.7789415e-02  -1.2421343e-01
   2.9516912e-02  -1.2502106e-01
   3.1794988e-02  -1.2608965e-01
   3.3001637e-02  -1.2287853e-01
   3.5471505e-02  -1.1902570e-01
   3.4410071e-02  -1.1805732e-01
   3.9223127e-02  -1.1494811e-01
   3.8150379e-02  -1.1485183e-01
   4.3060679e-02  -1.1429096e-01
   4.3132191e-02  -1.0928998e-01
   5.0342523e-02  -1.0649331e-01
   5.3053405e-02  -9.6375471e-02
   4.9493576e-02  -9.6039313e-02
   3.9993572e-02  -9.1803534e-02
   4.3773393e-02  -8.8852622e-02
   5.0073911e-02  -9.2516654e-02
   4.8939084e-02  -9.0815540e-02
   4.9168348e-02  -8.7032874e-02
   4.6964085e-02  -8.3771315e-02
   3.9716587e-02  -8.0865904e-02
   5.2118626e-02  -8.1288865e-02
   5.2297395e-02  -7.2206310e-02
   4.8172226e-02  -6.2880520e-02
   4.3192790e-02  -5.1899426e-02
   4.1921932e-02  -5.1402160e-02
   3.4596437e-02  -4.2470624e-02
   2.9775534e-02  -4.2197516e-02
   3.7243235e-02  -3.9048711e-02
   3.1066557e-02  -3.3667392e-02
   3.1133706e-02  -3.2835820e-02
   3.6106032e-02  -2.7856738e-02
   2.9926725e-02  -2.3840302e-02
   2.9884848e-02  -1.7956390e-02
   2.8572280e-02  -7.6086274e-03
   3.2237916e-02  -3.5730800e-03
   2.2272358e-02   6.2414699e-03
   1.2419621e-02   1.2534577e-02
   6.1833532e-03   1.6051903e-02
   2.4802035e-03   1.8783882e-02
   4.9661912e-03   1.7011935e-02
   7.5087242e-03   1.8503714e-02
   1.3794502e-02   1.8088301e-02
   1.3731718e-02   2.2969224e-02
   7.4709653e-03   3.3745587e-02
   2.4692174e-03   4.6065234e-02
  -9.8925864e-03   5.5679316e-02
  -1.6125786e-02   6.2276535e-02
  -3.6950736e-03   6.5493652e-02
  -2.4528290e-03   6.9321468e-02
  -7.3679568e-03   6.8494728e-02
  -1.1041722e-02   7.1179175e-02
  -1.5848531e-02   7.4828499e-02
  -1.3287927e-02   8.7841178e-02
  -2.0528533e-02   9.7538431e-02
  -2.5178318e-02   1.0989077e-01
  -1.9080213e-02   1.1068249e-01
  -3.0130384e-02   1.2587739e-01
  -2.7306025e-02   1.1342782e-01
  -1.3124275e-02   1.2070840e-01
  -1.6710712e-02   1.2171648e-01
  -1.9093998e-02   1.2553099e-01
  -2.2460953e-02   1.3289814e-01
  -1.7727468e-02   1.3335166e-01
  -2.6867407e-02   1.4225684e-01
  -2.5396372e-02   1.5254795e-01
  -3.5898905e-02   1.5651616e-01
  -1.7269892e-02   1.5211639e-01
  -2.9992506e-02   1.6333341e-01
  -2.1198075e-02   1.5399579e-01
  -1.8831204e-02   1.6200200e-01
  -1.4235162e-02   1.5374873e-01
  -2.2640998e-02   1.4095066e-01
  -2.3639405e-02   1.5310629e-01
  -2.2526602e-02   1.4710632e-01
  -2.0327775e-02   1.4498846e-01
  -9.5393952e-03   1.4306324e-01
  -2.2569669e-02   1.3800092e-01
  -2.6228581e-02   1.3216797e-01
  -2.9965251e-02   1.2999386e-01
  -1.9138977e-02   1.3168482e-01
  -1.7837809e-02   1.2122893e-01
  -1.7843600e-02   1.1889000e-01
  -2.1606937e-02   1.1145482e-01
  -1.3191708e-02   1.0946338e-01
   0.0000000e+00   1.1058648e-01
  -7.1870312e-03   1.0980322e-01
  -3.6018760e-03   1.0724452e-01
  -2.4015378e-03   1.0303373e-01
   1.0888120e-02   8.4293715e-02
   9.7382211e-03   7.8841316e-02
   2.4398064e-03   7.5801451e-02
   7.3143075e-03   6.9349404e-02
   7.3333096e-03   6.4523839e-02
   0.0000000e+00   5.9007976e-02
   0.0000000e+00   5.4850895e-02
   4.8591530e-03   4.2652829e-02
   1.8317466e-02   3.6196389e-02
   2.3384451e-02   3.1113277e-02
   2.3400946e-02   2.6224048e-02
   2.3373346e-02   1.9074345e-02
   2.5825474e-02   9.7488637e-03
   2.2204203e-02   8.0007046e-03
   1.9700653e-02   2.2180628e-03
   3.1883711e-02  -6.1846320e-03
   3.2064469e-02  -1.2887761e-02
   4.1818519e-02  -2.0840472e-02
   4.5618334e-02  -2.5792351e-02
   4.5746952e-02  -2.7207950e-02
   4.4297944e-02  -3.2431581e-02
   4.1786887e-02  -3.9098332e-02
   3.5570317e-02  -4.3948663e-02
   3.5592460e-02  -4.9819055e-02
   3.9131916e-02  -5.2326317e-02
   4.0148053e-02  -5.2947824e-02
   4.2550805e-02  -5.5591499e-02
   4.2627086e-02  -5.9739903e-02
   3.8865948e-02  -6.5434101e-02
   4.2494550e-02  -6.9475294e-02
   4.7384055e-02  -7.3150106e-02
   5.3569402e-02  -7.8322467e-02
   5.2182027e-02  -7.8979205e-02
   5.0771997e-02  -7.8669044e-02
   5.0829642e-02  -7.8304785e-02
   5.2017723e-02  -8.1921912e-02
   4.6043783e-02  -8.5293209e-02
   5.1963009e-02  -9.1494043e-02
   5.3240107e-02  -9.9536455e-02
   4.6976742e-02  -1.0470465e-01
   3.8644199e-02  -1.0360116e-01
   4.5838625e-02  -1.0581157e-01
   4.2557218e-02  -1.0197165e-01
   4.2409666e-02  -1.0490448e-01
   4.1209268e-02  -1.0636023e-01
   3.9999235e-02  -1.1017630e-01
   4.3541450e-02  -1.1421152e-01
   4.3437837e-02  -1.1487882e-01
   3.9446378e-02  -1.2089167e-01
   3.9542977e-02  -1.1833366e-01
   3.9360648e-02  -1.2637142e-01
   3.7077734e-02  -1.3015833e-01
   2.7608916e-02  -1.2582463e-01
   4.4260733e-02  -1.2820722e-01
   5.0208620e-02  -1.2760494e-01
   4.8655369e-02  -1.3142722e-01
   4.4965889e-02  -1.2958748e-01
   4.5126565e-02  -1.2527440e-01
   4.5154651e-02  -1.2248680e-01
   5.4655909e-02  -1.1910314e-01
   5.8567779e-02  -1.1556135e-01
   5.3801730e-02  -1.1135981e-01
   5.4132198e-02  -1.1113663e-01
   4.3224064e-02  -1.1095489e-01
   5.0798359e-02  -1.1418424e-01
   4.7407185e-02  -1.1240431e-01
   4.6580903e-02  -1.1196243e-01
  -4.7756403e-03   1.1036267e-01
  -4.7834992e-03   1.1102706e-01
   0.0000000e+00   1.1955224e-01
  -7.0800900e-03   1.2260437e-01
  -7.0208429e-03   1.3336560e-01
  -5.8613648e-03   1.3991867e-01
  -5.8529728e-03   1.4213257e-01
  -1.7512573e-02   1.5202089e-01
  -9.3680436e-03   1.4463149e-01
  -4.6840218e-03   1.4463494e-01
  -8.1947877e-03   1.4951634e-01
  -9.3570634e-03   1.4936586e-01
  -2.1129260e-02   1.4994547e-01
  -1.8912408e-02   1.4861333e-01
  -1.6628859e-02   1.4741678e-01
  -2.2751154e-02   1.3971481e-01
  -2.0430016e-02   1.3235085e-01
  -2.7548226e-02   1.3283344e-01
  -2.6373359e-02   1.2807444e-01
  -2.8789972e-02   1.2524582e-01
  -3.1118783e-02   1.2735546e-01
  -4.1839830e-02   1.2425481e-01
  -3.5871939e-02   1.1855366e-01
  -3.5753738e-02   1.1908739e-01
  -2.3917260e-02   1.0912088e-01
  -1.5548632e-02   1.0493152e-01
  -9.5852379e-03   9.7216396e-02
  -4.8097709e-03   9.1564883e-02
  -7.2158159e-03   9.3426196e-02
   0.0000000e+00   8.6343284e-02
  -6.0341763e-03   8.7757876e-02
  -3.6424692e-03   7.7719213e-02
   3.6150419e-03   7.1234865e-02
   0.0000000e+00   6.4390486e-02
   4.8795842e-03   5.7619065e-02
   7.3461457e-03   5.1516042e-02
   4.6240583e-02  -8.7060154e-02
   4.8448023e-02  -9.3116621e-02
   5.4525847e-02  -9.2205914e-02
   5.5483172e-02  -9.7796586e-02
   5.0306805e-02  -9.9883168e-02
   4.5755783e-02  -1.0138683e-01
   3.9321332e-02  -1.0446842e-01
   3.5772348e-02  -1.0502294e-01
   3.5876479e-02  -1.0115175e-01
   3.6974809e-02  -1.1585774e-01
   3.9206753e-02  -1.2105613e-01
   4.3765584e-02  -1.2522362e-01
   5.6731611e-02  -1.2984641e-01
   5.6722390e-02  -1.3175011e-01
   5.0669919e-02  -1.3475160e-01
   4.7273247e-02  -1.3326028e-01
   4.7151660e-02  -1.3579005e-01
   4.6311965e-02  -1.3201538e-01
   6.3064357e-02  -1.3514500e-01
   6.4403287e-02  -1.3303389e-01
   7.2516657e-02  -1.3494734e-01
   6.7734359e-02  -1.2909823e-01
   6.5358169e-02  -1.2574495e-01
   5.1229948e-02  -1.1236486e-01
   5.1205841e-02  -1.0949307e-01
   5.0234043e-02  -1.0484878e-01
   5.0471887e-02  -1.0537210e-01
   5.2065277e-02  -1.0431815e-01
   5.6991668e-02  -1.0540624e-01
   5.4987571e-02  -1.0008851e-01
   5.6266613e-02  -9.3582835e-02
   5.2907652e-02  -8.7109928e-02
   5.5482173e-02  -8.2137678e-02
   5.0772271e-02  -7.8780652e-02
   4.5810842e-02  -7.9246213e-02
   4.1022311e-02  -7.1177884e-02
   4.4906800e-02  -7.0024151e-02
   4.6270838e-02  -6.5541553e-02
   4.4050808e-02  -5.8045706e-02
   4.1447787e-02  -5.0529015e-02
   4.3795315e-02  -4.4834058e-02
   3.5026707e-02  -3.6164224e-02
   2.8618416e-02  -3.1905532e-02
   2.3666839e-02  -2.4268258e-02
   2.4905306e-02  -2.6514792e-02
   1.7511162e-02  -2.3466195e-02
   8.3014513e-03   1.4368965e-01
   7.0878624e-03   1.4803157e-01
   4.7045486e-03   1.5732195e-01
   1.0535924e-02   1.6103672e-01
  -1.1576318e-03   1.6810112e-01
  -1.1592795e-02   1.6887703e-01
  -2.3131225e-02   1.7197838e-01
  -1.1658058e-02   1.6945095e-01
  -8.1353222e-03   1.7090804e-01
  -1.6424768e-02   1.6911906e-01
  -3.7879629e-02   1.6661485e-01
  -1.7815259e-02   1.6213033e-01
  -1.1800646e-02   1.5689164e-01
  -2.3657691e-02   1.5779769e-01
  -3.0917764e-02   1.4258471e-01
  -2.6197996e-02   1.3885966e-01
  -3.3364004e-02   1.3942846e-01
  -3.8217483e-02   1.3581366e-01
  -3.5862107e-02   1.3106004e-01
  -3.2201643e-02   1.3318153e-01
  -2.1435163e-02   1.2910041e-01
  -2.2607694e-02   1.3043812e-01
  -5.9633980e-03   1.1780572e-01
  -2.3814988e-03   1.1712838e-01
   0.0000000e+00   1.1047358e-01
  -4.8030756e-03   1.0303311e-01
  -8.4127020e-03   1.0125501e-01
  -8.4359491e-03   9.9677558e-02
  -6.0700898e-03   9.2483774e-02
  -2.4341746e-03   8.6676532e-02
   4.8995087e-03   7.5658341e-02
   8.5835853e-03   6.9767118e-02
   9.8213938e-03   7.2147709e-02
   4.9483996e-03   5.0241527e-02
  -1.4859878e-02   6.1250543e-02
   3.7433945e-03   3.8813208e-02
  -1.3691378e-02   3.5993729e-02
  -2.4947751e-03   2.0697632e-02
   5.0233949e-03   1.2675378e-02
   2.3933401e-02   1.3165893e-02
   3.0239215e-02   8.6249650e-03
   3.3950509e-02   8.1537414e-03
   3.3778578e-02   8.1124667e-03
   3.1092254e-02   2.2399750e-03
   2.9844569e-02  -7.6161042e-03
   2.2476687e-02  -3.1491246e-03
