   7.0783639e-02   1.9335172e-02
   5.9792002e-02   2.0663183e-02
   5.8396148e-02   2.1041527e-02
   6.9413727e-02   2.1052582e-02
   6.5828254e-02   2.0637637e-02
   6.8205195e-02   1.9737879e-02
   7.0837476e-02   2.1553599e-02
   7.5421185e-02   2.1901898e-02
   7.5569876e-02   2.1945021e-02
   7.5421185e-02   2.1901898e-02
   8.2813184e-02   2.0600233e-02
   7.5651678e-02   2.1087980e-02
   8.4184943e-02   2.1956835e-02
   8.0516713e-02   2.2839613e-02
   7.7941820e-02   2.0605511e-02
   7.9214563e-02   2.3257412e-02
   7.7934545e-02   2.1482342e-02
   7.6796076e-02   2.1065939e-02
   6.7113471e-02   2.0656893e-02
   6.8192727e-02   2.1492357e-02
   6.3449794e-02   2.1099705e-02
   6.4603170e-02   2.1516955e-02
   6.9557119e-02   2.0215177e-02
   6.9283565e-02   2.0135762e-02
   7.1842451e-02   2.1927302e-02
   7.2058812e-02   2.1552367e-02
   7.6878921e-02   2.0208083e-02
   7.9237714e-02   2.0624498e-02
   8.0377502e-02   2.0602912e-02
   8.2727876e-02   2.1017881e-02
   8.6547959e-02   2.1054965e-02
   8.7663452e-02   2.2785559e-02
   8.8968596e-02   2.2806355e-02
   9.0107481e-02   2.1906090e-02
   9.0124305e-02   2.0153603e-02
   9.2473086e-02   1.9693284e-02
   9.2551637e-02   2.1026790e-02
   9.5160898e-02   2.2381559e-02
   9.1311437e-02   2.3218779e-02
   9.0298125e-02   2.0632244e-02
   8.6377635e-02   2.1013639e-02
   8.5157041e-02   2.1452887e-02
   8.3955828e-02   1.9702957e-02
   8.8990048e-02   2.0613436e-02
   9.1329545e-02   2.1466419e-02
   9.2451775e-02   2.1881426e-02
   9.2451775e-02   2.1881426e-02
   9.3580671e-02   2.1421207e-02
   8.7609866e-02   1.9261170e-02
   8.6539697e-02   2.1932255e-02
   5.3640267e-02   2.0208181e-02
   5.1261423e-02   1.8470715e-02
   5.1149319e-02   2.0628871e-02
   5.4695088e-02   2.0585690e-02
   5.4859364e-02   2.0207305e-02
   5.6080948e-02   1.9767139e-02
   5.5905336e-02   2.1460731e-02
   5.9845454e-02   2.1563747e-02
   6.4542589e-02   2.1057083e-02
   6.0897495e-02   1.9743980e-02
   6.1015016e-02   2.0222564e-02
   6.8256662e-02   2.1952582e-02
   6.7047296e-02   2.0636542e-02
   6.5763411e-02   2.0617322e-02
   6.4657361e-02   2.2856843e-02
   6.0949267e-02   2.1081005e-02
   6.2238082e-02   1.9781968e-02
   6.7116518e-02   2.0217385e-02
   6.3256478e-02   2.1914004e-02
   6.4355390e-02   2.0557678e-02
   6.3336136e-02   1.9303311e-02
   6.4542589e-02   2.1057083e-02
   6.2232491e-02   2.0661167e-02
   5.8514004e-02   2.0643788e-02
   6.2361203e-02   1.9821079e-02
   5.8569041e-02   2.1103824e-02
   6.3259516e-02   2.1475724e-02
   6.7176655e-02   2.1117228e-02
   6.9420073e-02   2.0175391e-02
   7.0780563e-02   1.9774607e-02
   6.8128839e-02   2.1033038e-02
   7.3149062e-02   1.9752863e-02
   7.1573824e-02   2.0094041e-02
   7.3269293e-02   2.2870571e-02
   7.5499091e-02   2.1484969e-02
   7.3280148e-02   2.1551115e-02
   7.0697809e-02   2.1511143e-02
   7.5644442e-02   2.1966646e-02
   7.4368213e-02   1.9751700e-02
   7.8102691e-02   1.9767553e-02
   8.0453032e-02   2.1061975e-02
   7.8003777e-02   2.2381178e-02
   7.1906126e-02   2.2826852e-02
   6.9544083e-02   2.1973018e-02
   6.8269431e-02   2.0196375e-02
   7.0716825e-02   1.8877125e-02
   7.1775220e-02   2.1467636e-02
   7.1987704e-02   2.1531122e-02
   7.5502651e-02   2.1046501e-02
   8.1672018e-02   2.1060614e-02
   6.0949267e-02   2.1081005e-02
   6.1017727e-02   1.9782943e-02
   6.4548488e-02   2.0179704e-02
   6.3390171e-02   2.0639767e-02
   7.2000918e-02   1.9773479e-02
   6.8195943e-02   2.1053738e-02
   6.1006529e-02   2.1541427e-02
   6.1921139e-02   2.1434626e-02
   6.3327729e-02   2.0619446e-02
   7.0701149e-02   2.1072140e-02
   7.3152235e-02   1.9313910e-02
   6.9468630e-02   2.2829429e-02
   6.4542589e-02   2.1057083e-02
   6.5822098e-02   2.1515834e-02
   6.4672981e-02   2.0659070e-02
   6.8259954e-02   2.1513530e-02
   7.5509553e-02   2.0169563e-02
   7.8018672e-02   2.0625791e-02
   6.9616141e-02   2.1554810e-02
   6.7229907e-02   2.2899602e-02
   6.8246393e-02   2.3269736e-02
   6.8131979e-02   2.0594849e-02
   6.5634105e-02   2.0576811e-02
   6.6990144e-02   1.9300300e-02
   6.2051567e-02   2.0161891e-02
   6.2229606e-02   2.1100766e-02
   5.9609928e-02   2.1478881e-02
   6.3256478e-02   2.1914004e-02
   6.2098054e-02   2.2375412e-02
   5.9682128e-02   1.9306154e-02
   5.9740992e-02   1.9325186e-02
   5.8516655e-02   2.0204559e-02
   6.2109888e-02   2.0620478e-02
   7.0555302e-02   2.1906993e-02
   6.6968489e-02   2.2370803e-02
   6.3318771e-02   2.1935580e-02
   5.9682128e-02   1.9306154e-02
   5.6083380e-02   1.9327870e-02
   5.4905876e-02   2.1546422e-02
   5.6070676e-02   2.1524218e-02
   5.3422159e-02   2.1441517e-02
   5.2315627e-02   2.0607712e-02
   4.9884593e-02   2.0170895e-02
   4.6329749e-02   1.9334201e-02
   7.9333155e-02   1.8448557e-02
   8.0615732e-02   2.0663849e-02
   8.4034825e-02   2.0160591e-02
   8.5413184e-02   2.1077135e-02
   8.7590099e-02   2.1449939e-02
   8.8977435e-02   2.1929187e-02
   8.8973058e-02   2.2367771e-02
   8.5409141e-02   2.1516242e-02
   8.1833380e-02   2.1102135e-02
   8.2887086e-02   2.1497966e-02
   8.7754249e-02   2.2369346e-02
   9.3866215e-02   2.0607432e-02
   8.7754249e-02   2.2369346e-02
   8.5144525e-02   2.2766329e-02
   8.6555886e-02   2.0177675e-02
   8.1591574e-02   2.1039914e-02
   8.0283134e-02   2.2334396e-02
   8.0215771e-02   2.0999986e-02
   8.2987715e-02   1.9323304e-02
   7.9214563e-02   2.3257412e-02
   7.5424807e-02   2.1463860e-02
   7.3128541e-02   2.2386578e-02
   7.6882336e-02   1.9768777e-02
   7.0637969e-02   2.0174264e-02
   7.1923463e-02   2.0631962e-02
   7.3135665e-02   2.1508673e-02
   6.8195943e-02   2.1053738e-02
   6.9482164e-02   2.1073319e-02
   7.1580040e-02   1.9220387e-02
   7.1862154e-02   1.9296026e-02
   7.3152235e-02   1.9313910e-02
   7.1980679e-02   2.2409943e-02
   7.0767574e-02   2.1532350e-02
   6.6849552e-02   2.0575726e-02
   6.8327313e-02   2.1534744e-02
   6.7044193e-02   2.1075617e-02
   6.0902708e-02   1.8866470e-02
   5.6075920e-02   2.0645679e-02
   5.7184778e-02   2.0165726e-02
   6.2278899e-02   2.2881738e-02
   6.0772320e-02   2.0580955e-02
   5.8569041e-02   2.1103824e-02
   5.8401475e-02   2.0164797e-02
   5.4802842e-02   2.0626253e-02
   5.7300099e-02   1.9766244e-02
   5.6126007e-02   2.1545464e-02
   5.8569041e-02   2.1103824e-02
   5.8341427e-02   2.0582908e-02
   5.6023216e-02   2.0186503e-02
   6.3449794e-02   2.1099705e-02
   6.2173946e-02   2.0201636e-02
   5.8456365e-02   2.0623455e-02
   6.1012246e-02   2.0662185e-02
   6.4681601e-02   1.9340406e-02
   6.4482052e-02   2.0598115e-02
   6.0987959e-02   2.4179152e-02
   6.5686201e-02   2.2349987e-02
   6.3512474e-02   2.1120541e-02
   6.4551345e-02   1.9741015e-02
   6.1979032e-02   2.1893562e-02
   5.9786399e-02   2.1542468e-02
   5.8519250e-02   1.9765329e-02
   6.3387237e-02   2.1078911e-02
   6.3449794e-02   2.1099705e-02
   6.7110359e-02   2.1096402e-02
   6.9488528e-02   2.0195264e-02
   6.4803850e-02   2.0259483e-02
   6.7047296e-02   2.0636542e-02
   6.5822098e-02   2.1515834e-02
   7.1788317e-02   1.9715176e-02
   7.1929911e-02   1.9754007e-02
   6.8122361e-02   2.1909414e-02
   6.8259954e-02   2.1513530e-02
   6.8333716e-02   2.0655775e-02
   7.0777419e-02   2.0214043e-02
   7.0704421e-02   2.0633137e-02
   6.8259954e-02   2.1513530e-02
   7.0707625e-02   2.0194134e-02
   6.8259954e-02   2.1513530e-02
   6.4530041e-02   2.2811840e-02
   6.4666921e-02   2.1538179e-02
   6.3330592e-02   2.0180734e-02
   5.9679545e-02   1.9744930e-02
   5.8459008e-02   2.0184658e-02
   6.0952087e-02   2.0641817e-02
   6.4542589e-02   2.1057083e-02
   6.3333395e-02   1.9742022e-02
   5.9676904e-02   2.0183706e-02
   5.9740992e-02   1.9325186e-02
   5.8508532e-02   2.1522247e-02
   6.3200305e-02   2.1016772e-02
   6.0886363e-02   2.1499000e-02
   6.2293975e-02   2.0681571e-02
   6.7061836e-02   1.8441165e-02
   6.2293975e-02   2.0681571e-02
   6.8195943e-02   2.1053738e-02
   6.8189445e-02   2.1930977e-02
   6.4600055e-02   2.1956076e-02
   7.5590642e-02   1.9311618e-02
   7.7792073e-02   2.0127516e-02
   8.0528619e-02   2.1521943e-02
   7.8092054e-02   2.1085390e-02
   8.1602643e-02   1.9724919e-02
   8.1679498e-02   2.0183088e-02
   8.3140772e-02   2.0681531e-02
   8.1906434e-02   2.2003081e-02
   8.5324942e-02   2.1495083e-02
   8.7684548e-02   2.0594640e-02
   8.4268091e-02   2.1978474e-02
   8.6629271e-02   2.1514766e-02
   8.4019138e-02   2.1913686e-02
   8.6726929e-02   2.0217434e-02
   8.1837182e-02   2.0662508e-02
   8.2968880e-02   2.1519134e-02
   8.1511289e-02   2.1019255e-02
   7.9308488e-02   2.1523317e-02
   7.7834306e-02   2.4089147e-02
   8.0373790e-02   2.1041272e-02
   8.0437361e-02   2.2817140e-02
   7.6806515e-02   1.9749318e-02
   7.5445015e-02   1.8835632e-02
   6.9407114e-02   2.1929773e-02
   6.5938979e-02   2.3318181e-02
   6.5757272e-02   2.1494654e-02
   7.0707625e-02   2.0194134e-02
   6.9491609e-02   1.9756237e-02
   7.3145819e-02   2.0191815e-02
   7.0637969e-02   2.0174264e-02
   6.5689419e-02   2.1911752e-02
   6.2288126e-02   2.1561638e-02
   6.1066790e-02   2.1562703e-02
   5.9674206e-02   2.0622482e-02
   6.3095257e-02   1.7916615e-02
   6.1987766e-02   2.0579949e-02
   5.7233182e-02   2.1502042e-02
   5.9830389e-02   2.3764129e-02
   6.1006529e-02   2.1541427e-02
   6.5910215e-02   1.8020801e-02
   6.4615005e-02   1.9760469e-02
   6.3330592e-02   2.0180734e-02
   6.2168252e-02   2.1079968e-02
   6.0889235e-02   2.1060245e-02
   5.9595040e-02   2.3670604e-02
   5.8456365e-02   2.0623455e-02
   6.0970179e-02   1.7567504e-02
   6.2182036e-02   1.8884138e-02
   5.9743524e-02   1.8885978e-02
   7.6799630e-02   2.0627065e-02
   8.1675797e-02   2.0621851e-02
   7.6792448e-02   2.1504813e-02
   7.9241304e-02   2.0185679e-02
   8.0463968e-02   1.9745602e-02
   7.6868227e-02   2.1526001e-02
   7.6792448e-02   2.1504813e-02
   8.0290924e-02   2.1458538e-02
   8.1507453e-02   2.1457156e-02
   8.5244928e-02   2.1035720e-02
   8.7853561e-02   2.1074222e-02
   8.4106014e-02   2.1496535e-02
   8.0290924e-02   2.1458538e-02
   7.6792448e-02   2.1504813e-02
   8.1606175e-02   1.9286588e-02
   7.9248254e-02   1.9308040e-02
   8.0377502e-02   2.0602912e-02
   8.1515047e-02   2.0581354e-02
   8.1664221e-02   2.1938139e-02
   7.6777192e-02   2.3260308e-02
   7.9156005e-02   2.1042609e-02
   7.9401427e-02   1.9785801e-02
   7.9241304e-02   2.0185679e-02
   7.7934545e-02   2.1482342e-02
   7.4364916e-02   2.0190627e-02
   7.5499091e-02   2.1484969e-02
   7.3056534e-02   2.2364556e-02
   7.3211301e-02   2.1090488e-02
   7.4294944e-02   1.9732272e-02
   7.5435239e-02   2.0149746e-02
   6.8246393e-02   2.3269736e-02
   7.0631512e-02   2.1051406e-02
   6.8330547e-02   2.1095260e-02
   7.6576572e-02   2.0128751e-02
   8.9073749e-02   2.1072735e-02
   9.3493161e-02   2.0963504e-02
   9.2620104e-02   2.3239894e-02
   9.0370011e-02   2.2410227e-02
   9.1415173e-02   2.1926035e-02
   9.2555911e-02   2.0588732e-02
   8.4347229e-02   2.2440158e-02
   8.1358584e-02   2.0103972e-02
   7.4291657e-02   2.0170767e-02
   6.6971777e-02   2.1932159e-02
   6.6023555e-02   2.0698822e-02
   5.6070676e-02   2.1524218e-02
   5.2322559e-02   1.9292326e-02
   4.6373473e-02   1.9793145e-02
   4.1497342e-02   1.8476202e-02
   8.4101959e-02   2.1935239e-02
   7.7987676e-02   2.4136564e-02
   7.8007614e-02   2.1942331e-02
   7.6796076e-02   2.1065939e-02
   7.9323045e-02   1.9766311e-02
   7.8179867e-02   1.9787047e-02
   7.5658620e-02   2.0209314e-02
   8.3050834e-02   2.1540344e-02
   8.4189010e-02   2.1517699e-02
   8.2711824e-02   2.2769371e-02
   8.4031025e-02   2.0598864e-02
   8.0456755e-02   2.0623184e-02
   8.1914301e-02   2.1122957e-02
   8.0596222e-02   2.2862131e-02
   8.6637390e-02   2.0636612e-02
   9.0200653e-02   2.1489069e-02
   9.0196304e-02   2.1927622e-02
   9.8835256e-02   2.1060112e-02
   9.6276161e-02   2.3234649e-02
   9.9740729e-02   2.2746258e-02
   1.0237482e-01   2.2787249e-02
   1.0381354e-01   2.1513059e-02
   1.0593197e-01   2.2321581e-02
   1.0381354e-01   2.1513059e-02
   1.0250057e-01   2.0616400e-02
   1.0106154e-01   2.2328926e-02
   9.8810904e-02   2.3253874e-02
   1.0249097e-01   2.1493694e-02
   9.6295292e-02   2.1481091e-02
   9.1333852e-02   2.1028328e-02
   9.1342201e-02   2.0152148e-02
   8.7853561e-02   2.1074222e-02
   8.6458636e-02   2.1472496e-02
   9.0285301e-02   2.1949195e-02
   8.7927579e-02   2.2413418e-02
   8.2964871e-02   2.1958300e-02
   7.9081762e-02   2.0583985e-02
   7.9017793e-02   1.8813678e-02
   7.5506138e-02   2.0608032e-02
   7.1906126e-02   2.2826852e-02
   7.1855865e-02   2.0173118e-02
   7.5740044e-02   1.9349716e-02
   6.7166900e-02   2.2437054e-02
   7.0565264e-02   2.0592573e-02
   6.8192727e-02   2.1492357e-02
   6.0775057e-02   2.0143062e-02
   6.1027977e-02   1.8024459e-02
   6.4542589e-02   2.1057083e-02
   6.2003623e-02   1.7952721e-02
   5.9735752e-02   2.0203604e-02
   5.6249813e-02   1.9385217e-02
   5.8456365e-02   2.0623455e-02
   6.6978158e-02   2.1054873e-02
   7.6637656e-02   2.1900572e-02
   7.6878921e-02   2.0208083e-02
   7.1849297e-02   2.1050210e-02
   7.0853589e-02   1.9354252e-02
   7.3139120e-02   2.1069720e-02
   7.4277789e-02   2.1924747e-02
   7.6569600e-02   2.1003914e-02
   7.9092240e-02   1.9270113e-02
   8.0539822e-02   2.0204273e-02
   8.4443004e-02   2.1141004e-02
   8.8898282e-02   2.1031345e-02
   9.2913298e-02   2.1549462e-02
   9.3741535e-02   2.3653385e-02
   9.6114757e-02   2.0563917e-02
   9.3861871e-02   2.1045888e-02
   1.0238499e-01   2.1910817e-02
   1.0956223e-01   2.4066113e-02
   1.1066470e-01   2.4477564e-02
   1.0848457e-01   2.1463600e-02
   1.0026256e-01   2.0220748e-02
   9.9853636e-02   2.1454995e-02
   9.7523340e-02   2.0602722e-02
   9.8839839e-02   2.0621360e-02
   9.7317658e-02   2.1874827e-02
   9.3848294e-02   2.2361256e-02
   8.4101959e-02   2.1935239e-02
   7.8018672e-02   2.0625791e-02
   7.4298160e-02   1.9293778e-02
   7.4364916e-02   2.0190627e-02
   7.6713126e-02   2.1922108e-02
   7.2923429e-02   2.1007663e-02
   6.7176655e-02   2.1117228e-02
   6.8275419e-02   1.9318272e-02
   6.4484962e-02   2.0159857e-02
   6.1009417e-02   2.1101806e-02
   6.4545570e-02   2.0618394e-02
   6.3395854e-02   1.9761479e-02
   5.8508532e-02   2.1522247e-02
   6.1017727e-02   1.9782943e-02
   6.0900131e-02   1.9305225e-02
   6.0883433e-02   2.1937755e-02
   5.7189773e-02   1.9288955e-02
   5.8453665e-02   2.1062252e-02
   5.4965272e-02   2.0687398e-02
   6.3401291e-02   1.8883191e-02
   7.0910887e-02   2.1134586e-02
   8.0302028e-02   2.0144750e-02
   8.5312352e-02   2.2811108e-02
   8.2879013e-02   2.2375434e-02
   7.9300748e-02   2.2401819e-02
   7.8022207e-02   2.0186945e-02
   7.5424807e-02   2.1463860e-02
   7.4354592e-02   2.1507407e-02
   7.8007614e-02   2.1942331e-02
   7.9315920e-02   2.0644814e-02
   8.0622988e-02   1.9784536e-02
   8.1672018e-02   2.1060614e-02
   8.7845158e-02   2.1952314e-02
   8.5320828e-02   2.1933758e-02
   8.1744800e-02   2.1959744e-02
   8.4200723e-02   2.0200288e-02
   8.6567148e-02   1.8861740e-02
   8.7778875e-02   1.9737659e-02
   8.9139731e-02   2.3290729e-02
   9.2725444e-02   2.1945992e-02
   9.1509794e-02   2.1508652e-02
   9.0378849e-02   2.1531395e-02
   9.6195825e-02   2.1897973e-02
   9.6498978e-02   2.0205612e-02
   9.2469002e-02   2.0130912e-02
   8.6526676e-02   2.3248191e-02
   8.6616464e-02   2.2831996e-02
   8.5316631e-02   2.2372433e-02
   8.6296694e-02   2.0555682e-02
   9.2560097e-02   2.0150674e-02
   8.8902388e-02   2.0593192e-02
   8.7931921e-02   2.1973940e-02
   9.0103058e-02   2.2344212e-02
   9.1311437e-02   2.3218779e-02
   9.7610447e-02   2.1500547e-02
   9.0018834e-02   2.1884601e-02
   8.8806628e-02   2.1448434e-02
   8.7865527e-02   1.9757083e-02
   8.7762797e-02   2.1492117e-02
   9.0178035e-02   2.3681831e-02
   9.8848718e-02   1.9743855e-02
   9.1320667e-02   2.2342599e-02
   8.7762797e-02   2.1492117e-02
   8.6377635e-02   2.1013639e-02
   8.4027144e-02   2.1037138e-02
   7.8238982e-02   2.2007310e-02
   8.0615732e-02   2.0663849e-02
   8.5096085e-02   1.8807543e-02
   8.5332922e-02   2.0617732e-02
