  -4.1144783e-01   1.7378295e-01
  -3.6962295e-01  -3.1521102e-02
  -3.5442664e-01  -4.1245941e-02
  -3.4420455e-01  -4.7607985e-02
  -3.3051043e-01  -6.6533860e-02
  -2.9040897e-01  -6.0687122e-02
  -2.4973539e-01  -7.4600902e-02
  -2.5557266e-01  -8.3239378e-02
  -2.4272607e-01  -8.4669897e-02
  -2.1782180e-01  -8.2658591e-02
  -2.1380643e-01  -1.0330106e-01
  -1.2948338e-01  -9.5362181e-02
  -1.5722705e-01  -9.5495845e-02
  -1.4895752e-01  -1.0312066e-01
  -1.5020080e-01  -1.0076564e-01
  -1.3114410e-01  -1.0411463e-01
  -1.1100738e-01  -1.0688078e-01
  -1.1588663e-01  -1.0665859e-01
  -9.3502277e-02  -1.0577861e-01
  -7.3934896e-02  -1.0861103e-01
  -6.6269712e-02  -1.0795801e-01
  -6.2078053e-02  -9.5423371e-02
  -2.9046263e-02  -9.9157964e-02
  -2.6684992e-02  -9.6579410e-02
  -2.1879911e-02  -1.0056868e-01
  -2.2954828e-02  -9.4322976e-02
  -7.3222702e-03  -9.2051794e-02
   8.5441046e-03  -8.4610578e-02
   2.0612150e-02  -8.1260761e-02
   2.7754919e-02  -7.8119548e-02
   3.5236087e-02  -6.7275480e-02
   5.8121558e-02  -7.4229668e-02
   5.8437531e-02  -6.4194606e-02
   6.9000249e-02  -6.3344749e-02
   5.6357685e-02  -3.9848636e-02
   8.6119455e-02  -4.9128252e-02
   9.0414049e-02  -5.1717284e-02
   1.0966926e-01  -5.7773776e-02
   1.3692969e-01  -4.8897113e-02
   1.6210278e-01  -4.0664112e-02
   1.7712626e-01  -1.9625516e-02
   2.0688492e-01  -2.6584525e-02
   2.0574213e-01  -2.3537646e-02
   2.0733641e-01  -2.4741679e-02
   2.1682758e-01  -2.3643319e-02
   2.1844520e-01  -3.5231969e-03
   2.4697256e-01  -2.0631842e-02
   2.5293140e-01  -2.3575560e-02
   2.7740579e-01  -1.4323144e-02
   3.0834830e-01   4.0315238e-02
   1.1592630e-01   1.9177061e-01
   9.0382850e-02   2.0141205e-01
   6.3958314e-02   1.9220210e-01
   6.2737789e-02   1.8390794e-01
   5.6375469e-02   1.6535322e-01
   4.2204891e-02   1.7229271e-01
   6.9320641e-02   1.5471132e-01
   6.4783564e-02   1.6088666e-01
   4.0333839e-02   1.5690810e-01
   1.2870925e-03   1.5520962e-01
  -3.2229637e-02   1.5598572e-01
  -7.1782221e-02   1.5915119e-01
  -1.0681028e-01   1.7117535e-01
  -1.2282300e-01   1.7067597e-01
  -1.2860772e-01   1.5557552e-01
  -1.5056995e-01   1.5598576e-01
  -1.4622250e-01   1.4152025e-01
  -1.6800913e-01   1.4279509e-01
  -2.2429835e-01   1.3698371e-01
  -2.6035289e-01   1.4105139e-01
  -2.9077690e-01   1.2172488e-01
  -3.0690893e-01   1.2874399e-01
  -3.2549433e-01   1.2429309e-01
  -3.4859600e-01   1.2372703e-01
  -3.7227834e-01   1.1260877e-01
  -3.7615425e-01   1.6677521e-01
  -3.6874514e-01   1.0305562e-01
  -4.5125280e-01   1.4355740e-01
  -4.1188723e-01   9.4817123e-02
  -4.7123296e-01   1.2473693e-01
  -4.4890312e-01   9.6475668e-02
  -4.6670305e-01   1.1396861e-01
  -4.5449453e-01   8.3070690e-02
  -4.7847754e-01   8.1506460e-02
  -4.6397750e-01   7.5508283e-02
  -4.8913945e-01   7.2253100e-02
  -4.7701588e-01   6.6375576e-02
  -4.7221166e-01   5.8444521e-02
  -4.6704189e-01   6.6162932e-02
  -4.6411908e-01   5.2397423e-02
  -4.4093286e-01   3.1487320e-02
  -4.3533124e-01   2.6307104e-02
  -4.2486970e-01   1.8709716e-02
  -4.2809284e-01   1.0847300e-02
  -4.2408375e-01   2.1897856e-03
  -6.7132315e-02  -5.8191806e-02
  -3.2445054e-02  -5.5718763e-02
  -2.4957568e-02  -6.5895342e-02
  -3.8927205e-02  -4.2705868e-02
  -2.5045481e-03  -5.4090796e-02
   2.5291332e-03  -3.8417185e-02
   3.7581845e-02  -6.3346107e-02
   3.8843766e-02  -5.1792223e-02
   5.3526957e-02  -4.9597888e-02
   7.9035416e-02  -4.0128085e-02
   1.1395349e-01  -4.8201015e-02
   1.1932548e-01  -4.8374252e-02
   1.2939935e-01  -4.7070438e-02
   1.4535590e-01  -5.4627245e-02
   1.4448097e-01  -1.4717880e-02
   1.7683945e-01  -3.2512892e-02
   1.8816558e-01  -2.8466880e-02
   2.0365925e-01  -2.4611508e-02
   2.1738989e-01  -2.6786061e-02
   2.2958555e-01  -7.9146102e-03
   2.5684083e-01  -2.0932477e-02
   2.6231044e-01  -1.7810615e-02
   2.9080223e-01  -1.9549531e-02
   2.9591560e-01   1.0459069e-02
   3.0436675e-01   6.5201560e-03
   3.1751176e-01   8.3557222e-03
   3.4182920e-01   6.1330009e-03
   3.2880801e-01   1.4539062e-02
   3.3041287e-01   2.5746124e-02
   3.1162696e-01   4.7237824e-02
   3.1024913e-01   5.0217782e-02
   3.7560546e-01   2.5305909e-02
   3.2635228e-01   4.1765876e-02
   3.3559375e-01   6.7769925e-02
   3.7033696e-01   7.1981873e-02
   3.6460932e-01   8.7043240e-02
   3.8113110e-01   6.8769637e-02
   3.7846398e-01   6.8288327e-02
   3.9851488e-01   5.2898232e-02
   3.9034983e-01   5.9685182e-02
   3.6936184e-01   7.9618086e-02
   3.5829501e-01   8.4267137e-02
   3.1017352e-01   1.0012239e-01
   2.8166247e-01   8.9479503e-02
   2.3506202e-01   1.2250388e-01
   2.4026992e-01   9.0072198e-02
   1.4629617e-01   1.0052562e-01
   2.1941066e-01   1.4177791e-01
   1.9925505e-01   1.2609866e-01
   2.4893156e-01   1.2886740e-01
  -2.8105869e-01   1.1375279e-01
  -2.8154594e-01   1.2709554e-01
  -3.2288791e-01   1.3395211e-01
  -3.2225290e-01   1.2893809e-01
  -3.5122767e-01   1.2223719e-01
  -3.5376498e-01   1.1787162e-01
  -3.6612867e-01   1.1473388e-01
  -3.7952164e-01   9.0225955e-02
  -3.8903202e-01   9.6278880e-02
  -4.2674131e-01   1.0403777e-01
  -4.2516424e-01   1.0658008e-01
  -4.6246097e-01   1.0442661e-01
  -4.8219226e-01   7.9230106e-02
  -5.0024204e-01   7.5884808e-02
  -5.0561226e-01   7.0413427e-02
  -5.0005383e-01   6.9321506e-02
  -5.3367329e-01   7.5127143e-02
  -5.1820673e-01   6.5751650e-02
  -5.2643868e-01   6.1876202e-02
  -5.1544292e-01   3.6916215e-02
  -5.2446549e-01   3.2263837e-02
  -5.0567131e-01   2.7940132e-02
  -4.9247699e-01   1.2246601e-02
  -4.9689261e-01   2.2029725e-03
  -4.7762144e-01   3.5473585e-03
  -4.7453645e-01  -6.6143987e-03
  -4.9162054e-01  -2.2062190e-03
  -4.7811878e-01  -1.8840580e-02
  -5.1095569e-01  -2.1614812e-02
  -4.9159147e-01  -2.0101064e-02
  -4.8059763e-01  -2.2212190e-02
  -4.7523843e-01  -4.2199607e-02
  -4.7133774e-01  -3.0314045e-02
  -4.2529683e-01  -5.4355432e-02
  -4.3858784e-01  -4.7877209e-02
  -4.1852607e-01  -3.4811502e-02
  -3.7407663e-01  -5.3313405e-02
  -3.7687239e-01  -6.7458779e-02
  -3.6528449e-01  -6.3752105e-02
  -3.4827273e-01  -6.3717453e-02
  -3.0609936e-01  -8.5022916e-02
  -2.9930040e-01  -7.5880753e-02
  -2.8951282e-01  -8.4543254e-02
  -2.8896339e-01  -6.7288416e-02
  -2.8323528e-01  -7.4508188e-02
  -2.8254665e-01  -6.6906403e-02
  -2.3284542e-01  -1.0138077e-01
  -2.9362063e-01  -7.2469547e-02
  -1.1034118e-01  -1.2531478e-01
   3.8085210e-01   3.2432727e-02
   3.7519329e-01   4.2734780e-02
   3.9780202e-01   6.1011118e-02
   4.2523138e-01   5.5391011e-02
   3.9546967e-01   6.0485750e-02
   3.8138605e-01   7.5867186e-02
   3.6848167e-01   8.3431036e-02
   3.2792034e-01   9.4703625e-02
   3.3333335e-01   9.1150529e-02
   3.1916502e-01   9.8035305e-02
   3.2108120e-01   9.1448652e-02
   3.2847988e-01   1.0739735e-01
   2.8521532e-01   1.2099270e-01
   2.7356684e-01   1.2612569e-01
   2.7550488e-01   1.2454700e-01
   2.5947910e-01   1.1622128e-01
   2.3491564e-01   1.3236941e-01
   2.4477313e-01   1.6848046e-01
   2.3574748e-01   1.6580302e-01
   2.0676999e-01   1.5029880e-01
   1.8330310e-01   1.5859562e-01
   2.0191902e-01   1.5370815e-01
   1.9986285e-01   1.4013854e-01
   1.7510326e-01   1.2226883e-01
   1.7769142e-01   1.2567674e-01
   1.4983473e-01   1.8887195e-01
   1.0903162e-01   1.9037440e-01
   9.7436656e-02   1.5678464e-01
   7.3092244e-02   1.5967926e-01
   8.1206812e-02   1.7353538e-01
   5.2860923e-02   1.7609827e-01
   2.3487312e-02   1.8017266e-01
   4.9815576e-03   1.6025576e-01
  -4.9539651e-02   1.9526176e-01
  -9.1606662e-02   2.1740619e-01
  -1.1434414e-01   2.0261263e-01
  -1.3671376e-01   2.0538598e-01
  -1.6250813e-01   2.1567570e-01
  -1.5961151e-01   2.2278196e-01
  -1.7686742e-01   2.2805339e-01
  -1.8908923e-01   2.3087904e-01
  -2.1173889e-01   2.3130391e-01
  -2.3778675e-01   2.4871954e-01
  -2.5336361e-01   2.4109634e-01
  -3.0326097e-01   2.3371390e-01
  -3.1813631e-01   2.3970772e-01
  -3.1930051e-01   2.4807487e-01
  -3.2357490e-01   2.3192245e-01
  -3.2833321e-01   2.2284557e-01
  -3.5578119e-01   2.1269710e-01
  -3.8938525e-01  -9.7029352e-02
  -3.8766275e-01  -9.3839253e-02
  -3.6191111e-01  -1.0218653e-01
  -3.6216375e-01  -1.1375756e-01
  -3.7136700e-01  -1.1212688e-01
  -3.3303059e-01  -1.3404766e-01
  -3.1127479e-01  -1.3049723e-01
  -2.8985047e-01  -1.5126086e-01
  -2.8023561e-01  -1.5811889e-01
  -2.4824071e-01  -1.5061486e-01
  -2.4499959e-01  -1.2649259e-01
  -2.0897651e-01  -1.3635122e-01
  -1.9778013e-01  -1.5599527e-01
  -1.6782860e-01  -1.7444170e-01
  -1.7885681e-01  -1.6036379e-01
  -1.1717823e-01  -1.6563670e-01
  -6.7017486e-02  -1.6493350e-01
  -2.6168511e-02  -1.8407424e-01
  -9.1621527e-03  -1.8084505e-01
  -9.1031301e-03  -1.6983199e-01
   1.0347305e-02  -1.5977112e-01
   3.6718667e-02  -1.7701939e-01
   5.2160087e-02  -1.6209902e-01
   7.9585811e-02  -1.7516751e-01
   9.8841214e-02  -1.6276960e-01
   1.1789684e-01  -1.6795066e-01
   1.1815831e-01  -1.5409098e-01
   1.2997810e-01  -1.5259779e-01
   1.2839342e-01  -1.4372383e-01
   1.2945263e-01  -1.3414193e-01
   1.2283024e-01  -1.2999958e-01
   1.3821038e-01  -1.2469573e-01
   1.4515320e-01  -1.1872337e-01
   1.6219651e-01  -1.1227955e-01
   1.9690399e-01  -1.1825940e-01
   1.9954261e-01  -1.0917545e-01
   2.0640689e-01  -1.0214333e-01
   2.0559390e-01  -9.9855901e-02
   2.1342234e-01  -8.5229733e-02
   2.4721168e-01  -8.4022441e-02
   2.5858923e-01  -6.6498183e-02
   2.6645576e-01  -6.6649048e-02
   2.6893795e-01  -4.4676868e-02
   2.7527906e-01  -3.6817336e-02
   2.8948566e-01  -3.0848389e-02
   3.0204780e-01  -3.0652367e-02
   3.1603236e-01  -1.7085798e-02
   3.5122624e-01  -1.4684442e-02
   2.2096063e-01   1.6955126e-01
   2.0572863e-01   1.6755699e-01
   1.9087214e-01   1.5967341e-01
   1.7492467e-01   1.6659088e-01
   1.6957397e-01   1.8256264e-01
   1.5728311e-01   1.7102901e-01
   1.3032925e-01   1.6617077e-01
   1.0781931e-01   1.6407087e-01
   1.0658508e-01   1.5876521e-01
   8.2120225e-02   1.6710262e-01
   3.7977768e-02   1.6949954e-01
   2.5759849e-02   1.6925648e-01
   1.8767302e-02   1.5675731e-01
   3.8014979e-03   1.4929575e-01
  -3.7550794e-02   1.3522305e-01
  -7.6513299e-02   1.3255190e-01
  -8.0321539e-02   1.2576450e-01
  -7.5649133e-02   1.2346839e-01
  -1.3146684e-01   1.1954566e-01
  -1.5141692e-01   1.4028174e-01
  -1.7178864e-01   1.5317160e-01
  -1.5813369e-01   1.3256622e-01
  -2.2070234e-01   1.3999612e-01
  -2.4317401e-01   9.4997150e-02
  -3.1219541e-01   9.6855241e-02
  -3.4530685e-01   1.0159324e-01
  -3.9997663e-01   1.2398070e-01
  -4.2836601e-01   8.2137080e-02
  -4.4568621e-01   1.0899786e-01
  -4.6269992e-01   9.0597661e-02
  -4.8455877e-01   8.8624144e-02
  -5.0357542e-01   7.3620664e-02
  -5.2950604e-01   7.5085650e-02
  -5.0924933e-01   7.0913958e-02
  -5.2623084e-01   6.1323740e-02
  -5.4870818e-01   4.4415170e-02
  -5.7013109e-01   3.7173828e-02
  -5.7508159e-01   2.9293650e-02
  -5.9145583e-01   2.9603161e-02
  -5.8370613e-01   1.8166191e-02
  -5.6144869e-01   9.4907749e-03
  -5.5102303e-01  -4.7153861e-03
  -5.3912398e-01  -1.3635863e-02
  -5.3061655e-01  -2.0864653e-02
  -5.4814547e-01  -1.9042520e-02
  -5.3469655e-01  -4.0677782e-02
  -5.2805279e-01  -4.4275581e-02
  -4.8949622e-01  -5.9325362e-02
  -4.8355529e-01  -6.4181157e-02
  -4.7563466e-01  -5.4421912e-02
   1.3915042e-01  -1.0320611e-01
   1.5117418e-01  -1.0423549e-01
   1.8514751e-01  -1.0032795e-01
   2.1254153e-01  -9.3060104e-02
   2.5408158e-01  -8.3337388e-02
   2.8237357e-01  -7.4559745e-02
   3.1353571e-01  -6.5279565e-02
   3.3357504e-01  -5.5665731e-02
   3.5072696e-01  -5.6288995e-02
   3.6128066e-01  -5.8257053e-02
   3.5276201e-01  -5.1993739e-02
   3.4507236e-01  -4.0370365e-02
   3.5218100e-01  -2.9820674e-02
   3.5150549e-01  -2.1979787e-02
   3.6395835e-01  -1.4983964e-02
   3.6807649e-01  -7.7303315e-03
   3.5999539e-01   2.1620413e-03
   3.7124315e-01   2.5880247e-03
   3.8142406e-01   5.2009889e-03
   3.8907066e-01   1.5638440e-02
   3.9468571e-01   3.2564273e-02
   3.8077574e-01   4.3485910e-02
   3.7436990e-01   5.6938879e-02
   3.8455007e-01   6.4939381e-02
   3.9262360e-01   6.8414384e-02
   3.7893613e-01   8.0178212e-02
   3.7861799e-01   8.3921113e-02
   3.6808940e-01   9.9841915e-02
   3.6302021e-01   1.0359473e-01
   3.5451085e-01   1.2262372e-01
   3.4907924e-01   1.2345249e-01
   3.4545313e-01   1.3190334e-01
   3.4819235e-01   1.2777004e-01
   3.2819142e-01   1.3507294e-01
   3.2195459e-01   1.3798796e-01
   3.1117843e-01   1.4394966e-01
   3.0171516e-01   1.4482401e-01
   3.0283816e-01   1.4243390e-01
   2.7988917e-01   1.3789060e-01
   2.6396579e-01   1.3986951e-01
   2.6045411e-01   1.5606566e-01
   2.2113937e-01   1.5490314e-01
   1.9338962e-01   1.8172498e-01
   1.5947045e-01   1.8406235e-01
   1.1750156e-01   1.7440801e-01
   1.0672512e-01   1.8136630e-01
   7.9745438e-02   1.8484347e-01
   8.7961413e-02   1.8238303e-01
   5.3342234e-02   1.8243970e-01
  -5.2094974e-01   7.0786503e-02
  -5.1817233e-01   5.8336593e-02
  -5.2981958e-01   4.3390890e-02
  -5.3892455e-01   4.0618055e-02
  -5.3707295e-01   2.4235701e-02
  -5.2494912e-01   1.7822810e-02
  -5.1374797e-01   5.4120207e-03
  -5.0059637e-01  -1.8370050e-03
  -4.8210836e-01  -1.0087826e-02
  -4.8585267e-01  -8.1018943e-03
  -5.0042543e-01  -1.1026932e-02
  -5.1955756e-01  -1.4022025e-02
  -4.9902929e-01  -3.7967522e-02
  -5.1379755e-01  -4.6834878e-02
  -5.2071330e-01  -4.9767008e-02
  -5.1530216e-01  -5.5506010e-02
  -5.1803844e-01  -5.2657985e-02
  -4.9466929e-01  -6.6133585e-02
  -4.9835048e-01  -6.1201550e-02
  -4.8498788e-01  -7.0136289e-02
  -4.5988753e-01  -8.8439468e-02
  -4.3049608e-01  -9.0186571e-02
  -4.1458824e-01  -8.9699314e-02
  -4.1624573e-01  -9.1155859e-02
  -3.8372255e-01  -1.0605743e-01
  -3.6936010e-01  -9.5827359e-02
  -3.4780642e-01  -9.2974651e-02
  -3.0766502e-01  -9.7287749e-02
  -2.6476239e-01  -9.4472576e-02
  -2.3024341e-01  -1.1057512e-01
  -2.2956542e-01  -1.1588272e-01
  -2.1595574e-01  -1.0672307e-01
  -1.8797945e-01  -1.2407341e-01
  -1.6744354e-01  -1.2747034e-01
  -1.3194517e-01  -1.3289920e-01
  -1.2024798e-01  -1.1872289e-01
  -1.1259125e-01  -1.1009107e-01
  -7.0322202e-02  -1.2228442e-01
  -3.2532636e-02  -1.1378473e-01
   0.0000000e+00  -1.0774161e-01
   2.6576973e-02  -1.1459292e-01
   9.7078622e-03  -9.9931299e-02
   1.4444637e-02  -1.0611457e-01
   2.7617632e-02  -9.4637297e-02
   4.5842321e-02  -8.8581993e-02
   5.2193064e-02  -8.5891442e-02
   4.8914967e-02  -7.1802817e-02
   7.0122751e-02  -6.8968901e-02
   7.1982825e-02  -4.9409546e-02
   4.6230886e-01   6.8989715e-02
   5.2784160e-01   6.9259029e-02
   5.1169150e-01   6.1103110e-02
   4.5864776e-01   6.0357154e-02
   4.1275513e-01   8.3985283e-02
   4.5826520e-01   8.6284846e-02
   4.7756882e-01   9.7655945e-02
   4.9771703e-01   9.9984357e-02
   4.8015181e-01   8.9243251e-02
   4.2740832e-01   1.0092599e-01
   4.0277083e-01   1.0858078e-01
   3.8058917e-01   1.3193380e-01
   3.8386435e-01   1.3451343e-01
   3.7881183e-01   1.3271570e-01
   3.6735805e-01   1.4082761e-01
   3.5211734e-01   1.4704498e-01
   3.5621295e-01   1.4577886e-01
   3.6122684e-01   1.5150035e-01
   3.3917537e-01   1.6645490e-01
   3.2648897e-01   1.6837424e-01
   2.8025016e-01   1.8063396e-01
   2.3424248e-01   1.8080664e-01
   2.2888561e-01   1.7571873e-01
   1.7513541e-01   1.9304222e-01
   1.6534990e-01   1.9205293e-01
   1.4809794e-01   1.9132903e-01
   1.4760621e-01   1.7426152e-01
   1.6353035e-01   1.7437681e-01
   1.6944218e-01   1.6737244e-01
   1.3944649e-01   1.7453843e-01
   9.7711972e-02   1.6326812e-01
   6.5525675e-02   1.5975690e-01
   3.7881257e-02   1.3652333e-01
   1.7220697e-02   1.4909627e-01
   1.4000505e-02   1.2529645e-01
  -1.1781287e-02   1.3992078e-01
   1.3190922e-03   1.2756659e-01
  -1.6012688e-02   1.1099232e-01
  -2.1568302e-02   1.0372278e-01
  -6.0171586e-02   6.6622551e-02
  -1.4568360e-01   9.7453309e-02
  -8.8425150e-02   6.6093860e-02
  -1.2625383e-01   7.6219635e-02
  -8.9310137e-02   4.4064963e-02
  -1.1866015e-01   4.9266162e-02
  -1.0347906e-01   3.2712617e-02
  -1.3234330e-01   4.5413078e-02
  -1.4168473e-01   3.2565258e-02
  -1.6223136e-01   3.4700055e-02
