  -5.6437027e-02   1.5465947e-02
   1.2397893e-01   2.0706642e-02
   1.2994216e-01   2.3755175e-02
   1.4298609e-01   2.4533335e-02
   1.5720585e-01   2.4621429e-02
   1.6678398e-01   2.0164483e-02
   1.6657052e-01   2.2772403e-02
   1.7163076e-01   2.3220557e-02
   1.7410914e-01   2.1900200e-02
   1.6915165e-01   2.4541543e-02
   1.6915165e-01   2.4541543e-02
   1.8653654e-01   2.2765966e-02
   1.9582794e-01   2.0056448e-02
   1.9774634e-01   2.4069976e-02
   1.9593439e-01   2.4003763e-02
   1.9014526e-01   2.5819109e-02
   1.9104627e-01   2.3581671e-02
   1.8896103e-01   2.4072258e-02
   1.8935696e-01   2.3242094e-02
   1.9245116e-01   2.4038053e-02
   1.9493359e-01   2.2719962e-02
   1.9632314e-01   2.4050352e-02
   1.8771325e-01   2.4951318e-02
   1.8792043e-01   2.4099269e-02
   1.8251101e-01   2.1857362e-02
   1.7410047e-01   2.2338204e-02
   1.6797018e-01   2.2353315e-02
   1.7409164e-01   2.2776208e-02
   1.7583146e-01   2.3279052e-02
   1.7211480e-01   2.4606913e-02
   1.6611416e-01   2.5527830e-02
   1.6815349e-01   2.1497694e-02
   1.6569059e-01   2.1942225e-02
   1.6794411e-01   2.3668215e-02
   1.6689247e-01   2.3255694e-02
   1.7300977e-01   2.4117035e-02
   1.8178904e-01   2.3678382e-02
   1.8583303e-01   2.4153424e-02
   1.9615959e-01   2.2716470e-02
   2.1522189e-01   2.1416247e-02
   2.1273025e-01   2.2735079e-02
   2.1141918e-01   2.5799867e-02
   2.1370170e-01   2.4456161e-02
   2.1991173e-01   2.1817322e-02
   2.2030406e-01   2.3608286e-02
   2.1903710e-01   2.4924152e-02
   2.2357483e-01   2.2678211e-02
   2.4020881e-01   2.4435765e-02
   2.3868424e-01   2.6160885e-02
   2.5151730e-01   2.5289147e-02
   2.5079585e-01   2.4346981e-02
   2.1944838e-01   2.5848698e-02
   2.2174346e-01   2.4064577e-02
   2.1886713e-01   2.3152689e-02
   2.1861439e-01   2.4439596e-02
   2.1348972e-01   2.4432535e-02
   2.1908495e-01   2.3175089e-02
   2.1146695e-01   2.4050724e-02
   2.0508139e-01   2.5358762e-02
   2.0776715e-01   2.4500114e-02
   2.0016926e-01   2.5374934e-02
   1.9957993e-01   2.3697660e-02
   1.9899583e-01   2.3191082e-02
   1.9801366e-01   2.1026943e-02
   1.9033399e-01   2.5844227e-02
   1.8708378e-01   2.3271685e-02
   1.8407257e-01   2.3210559e-02
   1.7182728e-01   2.1927568e-02
   1.6105913e-01   2.4196291e-02
   1.5879145e-01   2.2464297e-02
   1.5330098e-01   1.9753661e-02
   1.5340956e-01   2.2409419e-02
   1.4967136e-01   2.5494433e-02
   1.4344170e-01   2.2847984e-02
   1.3882696e-01   2.2022310e-02
   1.2912033e-01   2.2504142e-02
   1.2507041e-01   2.1564390e-02
   1.2777620e-01   2.1602539e-02
   1.2381281e-01   2.3767197e-02
   1.2003484e-01   2.2431267e-02
   1.1279749e-01   2.2465893e-02
   1.0303152e-01   1.8514100e-02
   1.0033285e-01   2.2880765e-02
   9.0822991e-02   2.2079531e-02
   8.9515459e-02   2.1176923e-02
   8.5751695e-02   2.1160456e-02
   7.2272979e-02   2.1616356e-02
   7.8401549e-02   2.1168809e-02
   7.0990801e-02   1.9833266e-02
   6.9823048e-02   2.1618821e-02
   6.7239887e-02   2.1578471e-02
   6.1363825e-02   2.2554194e-02
   5.4915954e-02   1.9787530e-02
   5.1462537e-02   1.8985480e-02
   4.4144610e-02   2.1219022e-02
   4.0309699e-02   2.0256517e-02
   3.2951004e-02   1.9360061e-02
   3.1820587e-02   2.0742109e-02
   2.3302772e-02   1.9459750e-02
   2.8181866e-02   1.8997032e-02
   2.9351398e-02   1.8077147e-02
  -6.2440765e-02   1.6754363e-02
  -7.4536373e-02   1.6712122e-02
  -7.3314465e-02   1.6713109e-02
  -6.8371105e-02   1.4502991e-02
  -7.0932544e-02   1.8052459e-02
  -7.2286351e-02   1.9851755e-02
  -8.0879614e-02   1.7638422e-02
  -1.0905157e-01   1.8928203e-02
  -1.1097416e-01   1.6642339e-02
  -1.1366429e-01   1.3600879e-02
  -1.3850598e-01   1.4931113e-02
  -1.4636489e-01   1.4409918e-02
  -1.5934316e-01   1.4901169e-02
  -1.6315899e-01   1.6664143e-02
  -1.6496360e-01   1.6158278e-02
  -1.6237058e-01   1.5273939e-02
  -1.6711035e-01   1.3508206e-02
  -1.6884937e-01   1.1797995e-02
  -1.7371287e-01   1.4411992e-02
  -1.8243825e-01   1.5722022e-02
  -1.7755864e-01   1.4420022e-02
  -1.7943627e-01   1.6987542e-02
  -1.8105285e-01   1.4399931e-02
  -1.8420322e-01   1.2177443e-02
  -1.9001004e-01   1.3102890e-02
  -1.8963923e-01   1.2641600e-02
  -1.9554544e-01   1.3925360e-02
  -2.0061274e-01   1.5236131e-02
  -1.9209156e-01   1.2202031e-02
  -1.9330407e-01   1.3071630e-02
  -1.9411875e-01   1.4783669e-02
  -1.9028624e-01   1.3472296e-02
  -1.8755266e-01   1.3543672e-02
  -1.8856034e-01   1.5710564e-02
  -1.9469582e-01   1.4826601e-02
  -1.9293295e-01   1.2176629e-02
  -1.9518222e-01   1.2161198e-02
  -1.9660151e-01   1.1736387e-02
  -1.9674140e-01   1.5663626e-02
  -1.9778136e-01   1.4776877e-02
  -1.9130523e-01   1.4325514e-02
  -1.8999843e-01   1.3976416e-02
  -1.8596879e-01   1.2647190e-02
  -1.8439502e-01   1.1318566e-02
  -1.8141786e-01   1.3990717e-02
  -6.4825203e-02   1.6736095e-02
  -6.1272435e-02   1.7654517e-02
  -5.7653251e-02   1.7674558e-02
  -4.7797935e-02   1.6338298e-02
  -4.2922348e-02   2.0335609e-02
  -2.3327897e-02   1.8593692e-02
  -2.6880957e-02   1.7179093e-02
  -2.3329787e-02   1.7708278e-02
  -1.4676850e-02   1.7198982e-02
  -3.6683060e-03   1.9846295e-02
   1.2252985e-03   1.9001977e-02
   9.7930900e-03   1.8541083e-02
   1.5898027e-02   1.8521753e-02
   1.5940347e-02   2.1673141e-02
   2.5776587e-02   2.1249093e-02
   2.3325914e-02   1.9479106e-02
   2.8070566e-02   1.8921909e-02
   2.6899711e-02   2.0282593e-02
   3.5460292e-02   1.9838190e-02
   4.1652770e-02   2.0757784e-02
   5.1557962e-02   2.0350396e-02
   6.8755906e-02   1.8568211e-02
   7.5955051e-02   2.0730358e-02
   8.3215230e-02   2.1582889e-02
   8.5560935e-02   2.3318580e-02
   8.0935575e-02   2.0745660e-02
   8.3223075e-02   2.0701955e-02
   8.9527772e-02   1.9853365e-02
   8.9342418e-02   2.0694809e-02
   8.6945885e-02   2.4244679e-02
   9.9315777e-02   2.2045950e-02
   1.1652851e-01   1.8055854e-02
   1.2015983e-01   2.2013093e-02
   1.1998292e-01   2.5949897e-02
   1.2237534e-01   2.1526274e-02
   1.3328760e-01   1.9293103e-02
   1.2944894e-01   2.2347559e-02
   1.1878522e-01   2.4192886e-02
   1.1299791e-01   2.4275785e-02
   1.0925869e-01   1.9847699e-02
   1.1160801e-01   1.9384077e-02
   1.1993914e-01   2.0651636e-02
   1.1643849e-01   2.5102040e-02
   1.3884042e-01   2.1141418e-02
   1.4744809e-01   2.0684453e-02
   1.5319987e-01   2.5460274e-02
   1.6913265e-01   2.5418026e-02
   1.6936416e-01   2.2372161e-02
   1.6953241e-01   2.2394031e-02
   2.0309496e-01   2.2786929e-02
   2.0926006e-01   2.2330590e-02
   2.1804773e-01   2.4077045e-02
   2.2147268e-01   2.5789771e-02
   2.3131591e-01   2.5753220e-02
   2.3755956e-01   2.2676980e-02
   2.4261650e-01   2.6171314e-02
   2.5946159e-01   2.4434849e-02
   2.7073519e-01   2.4291638e-02
   2.8266088e-01   2.6811578e-02
   2.7730765e-01   2.7785366e-02
   2.8478975e-01   2.5581347e-02
   2.9288626e-01   2.4197049e-02
   2.9626674e-01   2.4589273e-02
   2.9280123e-01   2.6357500e-02
   2.9191299e-01   2.5090556e-02
   2.9314469e-01   2.5084926e-02
   2.9425042e-01   2.8106086e-02
   2.9986505e-01   2.5969494e-02
   3.0237860e-01   2.5422983e-02
   2.8885761e-01   2.5486280e-02
   2.7928517e-01   2.5988149e-02
   2.7431362e-01   2.7310853e-02
   2.6821219e-01   2.6037593e-02
   2.6284296e-01   2.3841915e-02
   2.6019176e-01   2.3947717e-02
   2.5322602e-01   2.5206653e-02
   2.5031282e-01   2.4421879e-02
   2.5251302e-01   2.4824426e-02
   2.5054846e-01   2.4881881e-02
   2.4462126e-01   2.5240801e-02
   2.4247043e-01   2.3095782e-02
   2.3482667e-01   2.3971033e-02
   2.3306276e-01   2.4049237e-02
   2.3012492e-01   2.4448145e-02
   2.2688452e-01   2.4508572e-02
   2.2151061e-01   2.4478427e-02
   2.2071918e-01   2.4530114e-02
   2.0042327e-01   2.3209963e-02
   1.9589444e-01   2.3269714e-02
   1.9938133e-01   2.3674613e-02
   1.9563420e-01   2.5878804e-02
   1.9078617e-01   2.2822366e-02
   1.8531875e-01   2.2331434e-02
   1.8795985e-01   2.2346595e-02
   1.8230208e-01   2.5067154e-02
   1.8197941e-01   2.3262570e-02
   1.7916397e-01   2.3223878e-02
   1.8202498e-01   2.1067988e-02
   2.4449682e-02   2.2047205e-02
   3.0621131e-02   2.2530297e-02
   2.9350203e-02   1.8518053e-02
   2.9343802e-02   2.0722583e-02
   2.2032591e-02   1.9421507e-02
   1.4674490e-02   1.8962980e-02
   9.7852963e-03   1.6317624e-02
   9.7930900e-03   1.8541083e-02
   4.8807534e-03   2.1127431e-02
   4.8862417e-03   1.9826577e-02
   3.6681424e-03   2.0287324e-02
   3.6649968e-03   1.8945461e-02
   1.2217164e-02   1.8504044e-02
   9.7632605e-03   1.9366357e-02
  -2.4427875e-03   2.1148473e-02
  -1.9560694e-02   2.1607789e-02
  -3.0512752e-02   1.8480997e-02
  -3.2961306e-02   1.5840050e-02
  -3.5501399e-02   1.8092712e-02
  -3.5400324e-02   1.6719137e-02
  -3.4178338e-02   1.7159592e-02
  -2.4434328e-02   1.8501323e-02
  -2.8122425e-02   2.0282145e-02
  -3.6641812e-02   2.1139192e-02
  -3.7838843e-02   1.7598059e-02
  -4.1462875e-02   1.6700064e-02
  -5.1417865e-02   1.7643421e-02
  -5.0086158e-02   1.9370185e-02
  -5.0092407e-02   1.8049491e-02
  -4.8864544e-02   1.9370953e-02
  -5.2488162e-02   1.7150666e-02
  -6.8494554e-02   1.6733415e-02
  -8.1861569e-02   1.7585113e-02
  -7.9122201e-02   1.4890542e-02
  -8.7813111e-02   1.5351512e-02
  -8.4294927e-02   1.8901487e-02
  -8.4225190e-02   1.7126332e-02
  -8.0657282e-02   1.4948316e-02
  -8.6847614e-02   1.5837944e-02
  -9.1785874e-02   2.1132063e-02
  -9.3993965e-02   1.6677713e-02
  -9.6255496e-02   1.5328581e-02
  -9.0344573e-02   1.4925453e-02
  -8.7810071e-02   1.5790127e-02
  -8.8151669e-02   1.6733161e-02
  -9.1530568e-02   1.9313892e-02
  -1.1125674e-01   2.1083901e-02
  -1.1695624e-01   1.6618533e-02
  -1.2210254e-01   1.3140623e-02
  -1.2209514e-01   1.4016665e-02
  -1.5368801e-01   1.3963335e-02
  -1.4788580e-01   1.3561442e-02
  -1.5229774e-01   1.5695371e-02
  -1.5276501e-01   1.4429515e-02
  -1.5095049e-01   1.3939551e-02
  -1.4677944e-01   1.6203943e-02
  -1.4146157e-01   1.6600785e-02
  -1.3565533e-01   1.4452585e-02
  -1.2833066e-01   1.3585200e-02
  -1.2404346e-01   1.4979273e-02
  -1.2097331e-01   1.6224226e-02
  -1.2300750e-01   2.0107609e-02
  -1.2096887e-01   1.6662719e-02
  -1.1963733e-01   1.5771774e-02
  -1.2012804e-01   1.4074520e-02
  -1.2083539e-01   1.7960583e-02
  -1.1631123e-01   1.6701782e-02
  -1.1496866e-01   1.7126040e-02
  -1.1373667e-01   1.8005938e-02
  -1.0621234e-01   1.5348813e-02
  -9.3154465e-02   1.4982218e-02
  -9.0523448e-02   1.4954879e-02
  -8.8239083e-02   1.6749694e-02
  -7.9424004e-02   1.6708010e-02
  -7.8112645e-02   1.8449717e-02
  -7.7053464e-02   1.7166768e-02
  -7.5827456e-02   1.7608019e-02
  -7.2447958e-02   1.7238976e-02
  -5.9987510e-02   1.7637903e-02
  -5.3861995e-02   1.8524027e-02
  -4.1658366e-02   1.9432819e-02
  -2.9386027e-02   1.5888354e-02
  -2.2080829e-02   1.7248730e-02
  -7.3451170e-03   1.8099878e-02
   0.0000000e+00   1.9020875e-02
   8.5933799e-03   1.9924890e-02
   1.5942587e-02   2.0346214e-02
   2.0847998e-02   2.0345008e-02
   2.3348074e-02   1.9941649e-02
   3.1861666e-02   1.7670377e-02
   3.4373520e-02   1.9917644e-02
   4.5415891e-02   2.1239342e-02
   5.0471134e-02   2.2187023e-02
   6.3781416e-02   1.8553759e-02
   6.5048899e-02   2.2108582e-02
   6.8678839e-02   1.9874797e-02
   7.7282901e-02   1.7217762e-02
   8.7161425e-02   1.9875835e-02
   9.3221476e-02   2.6933049e-02
   2.1385612e-01   2.0209629e-02
   2.1255736e-01   2.2849510e-02
   1.9277857e-01   2.6274323e-02
   2.1640944e-01   2.5497854e-02
   2.3424265e-01   2.5793554e-02
   2.3771817e-01   2.5317918e-02
   2.3062132e-01   2.3183137e-02
   2.2791536e-01   2.3606224e-02
   2.3727333e-01   2.2768842e-02
   2.4204790e-01   2.8002160e-02
   2.4553860e-01   2.7085465e-02
   2.5003518e-01   2.5269819e-02
   2.5014269e-01   2.1784327e-02
   2.5023986e-01   2.6602404e-02
   2.5671960e-01   2.4857316e-02
   2.4832777e-01   2.4915529e-02
   2.5277895e-01   2.4412315e-02
   2.5568016e-01   2.6632553e-02
   2.6933061e-01   2.4830348e-02
   2.7340540e-01   2.6040602e-02
   2.6863174e-01   2.4883138e-02
   2.6654671e-01   2.6123081e-02
   2.6631244e-01   2.5228186e-02
   2.7229753e-01   2.6176269e-02
   2.7590595e-01   2.8775524e-02
   2.8542361e-01   2.3892380e-02
   2.8757532e-01   2.4726756e-02
   2.9215196e-01   2.6413329e-02
   2.8456667e-01   2.8731828e-02
   2.9122697e-01   2.6010781e-02
   2.8862012e-01   2.4167525e-02
   2.8968654e-01   2.6425141e-02
   2.8837032e-01   2.6537542e-02
   2.8572464e-01   2.3480303e-02
   2.9026491e-01   2.6475318e-02
   2.9671870e-01   2.6904477e-02
   2.9329190e-01   2.8571932e-02
   2.9120938e-01   2.6444294e-02
   2.8909800e-01   2.4744752e-02
   2.9340708e-01   2.4340476e-02
   2.9527531e-01   2.4716951e-02
   2.9800924e-01   2.5596794e-02
   2.9209740e-01   2.7712345e-02
   2.9179137e-01   2.6494530e-02
   2.9022892e-01   2.7343361e-02
   2.9579616e-01   2.6501701e-02
   2.9308021e-01   2.5185846e-02
   2.8906444e-01   2.5612989e-02
   2.8682808e-01   2.6952910e-02
   2.8380575e-01   2.6479449e-02
   1.7104582e-01   2.5074257e-02
   1.6492912e-01   2.3330225e-02
   1.5846788e-01   2.2859888e-02
   1.5864149e-01   2.2002220e-02
   1.5481321e-01   2.1109317e-02
   1.5108143e-01   2.3756649e-02
   1.4250551e-01   2.2455201e-02
   1.2912033e-01   2.2504142e-02
   1.2050615e-01   2.2961446e-02
   1.1771896e-01   2.1136583e-02
   1.1772447e-01   2.0696238e-02
   1.2006348e-01   2.0232123e-02
   1.1426690e-01   2.1184212e-02
   1.1290944e-01   2.2488061e-02
   1.1645759e-01   2.3780880e-02
   1.1657314e-01   2.3804333e-02
   1.1548437e-01   2.2064858e-02
   1.0801617e-01   2.1172719e-02
   1.0320386e-01   2.1642512e-02
   9.3282227e-02   2.1634745e-02
   8.7132201e-02   2.2967632e-02
   8.2158024e-02   2.1185671e-02
   7.5961928e-02   1.9848215e-02
   7.0037842e-02   2.0798182e-02
   6.0210741e-02   2.0364208e-02
   5.8976463e-02   2.1250628e-02
   5.3842532e-02   2.2052413e-02
   4.4096620e-02   2.2081227e-02
   3.6792235e-02   1.9896722e-02
   2.5704690e-02   1.9420389e-02
   2.5758934e-02   1.8132233e-02
   2.4532318e-02   1.8132600e-02
   2.0867740e-02   2.0807969e-02
   1.8390895e-02   2.2557135e-02
   8.5755702e-03   2.0769111e-02
   2.4533298e-03   1.7693802e-02
  -2.4457484e-03   1.8964284e-02
  -1.1029467e-02   1.7233671e-02
  -1.1006774e-02   1.8081540e-02
  -8.5787998e-03   1.6792047e-02
  -1.8377063e-02   2.0325451e-02
  -2.0825412e-02   2.1208497e-02
  -2.6986628e-02   1.7689608e-02
  -2.3259537e-02   1.8096984e-02
  -2.2010796e-02   1.9402265e-02
  -2.5681428e-02   1.8519280e-02
  -3.0602129e-02   1.8977299e-02
  -4.0434851e-02   1.8991791e-02
  -5.0187491e-02   1.8967451e-02
  -5.1370916e-02   1.6744667e-02
  -1.5578644e-01   1.7554505e-02
  -1.6039298e-01   1.6198108e-02
  -1.7125478e-01   1.5289600e-02
  -1.7513091e-01   1.2675661e-02
  -1.7917927e-01   1.0943995e-02
  -1.7286692e-01   1.1378573e-02
  -1.7997632e-01   1.6600201e-02
  -1.7454692e-01   1.7432810e-02
  -1.7139954e-01   1.7053565e-02
  -1.8386945e-01   1.3986694e-02
  -1.9677367e-01   1.3488123e-02
  -1.9475135e-01   1.0465836e-02
  -1.9942706e-01   1.2626198e-02
  -2.0364958e-01   1.6148429e-02
  -2.0204949e-01   1.4377111e-02
  -2.0348219e-01   1.3952707e-02
  -2.1287280e-01   1.3473087e-02
  -2.1576566e-01   1.2188625e-02
  -2.1822916e-01   1.1314177e-02
  -2.2556030e-01   1.3041283e-02
  -2.3166045e-01   1.4766986e-02
  -2.3411960e-01   1.4327477e-02
  -2.4907577e-01   1.4308999e-02
  -2.5599984e-01   9.9423068e-03
  -2.6510560e-01   9.5147608e-03
  -2.7045746e-01   7.7547211e-03
  -2.7187367e-01   1.2934079e-02
  -2.6848114e-01   1.2090764e-02
  -2.5840245e-01   1.2963090e-02
  -2.5031077e-01   1.3872713e-02
  -2.4885909e-01   1.2562575e-02
  -2.4074122e-01   1.3472547e-02
  -2.3471660e-01   9.5225354e-03
  -2.3414140e-01   1.3024979e-02
  -2.3579735e-01   1.5222211e-02
  -2.3043473e-01   1.4769638e-02
  -2.2045068e-01   1.2168619e-02
  -2.1495400e-01   1.3086663e-02
  -2.0307279e-01   1.4360960e-02
  -1.9300527e-01   1.5326688e-02
  -1.9366962e-01   1.4406665e-02
  -1.9630939e-01   1.4853076e-02
  -1.9529517e-01   1.3557741e-02
  -1.8792554e-01   1.3570015e-02
  -1.8020307e-01   1.3118165e-02
  -1.7599090e-01   1.3957860e-02
  -1.8016792e-01   1.5741798e-02
  -1.7666624e-01   1.5763777e-02
  -1.6547175e-01   1.4891602e-02
  -1.5721386e-01   1.4055612e-02
