   5.6023216e-02   2.0186503e-02
   6.3449794e-02   2.1099705e-02
   6.2173946e-02   2.0201636e-02
   5.8456365e-02   2.0623455e-02
   6.1012246e-02   2.0662185e-02
   6.4681601e-02   1.9340406e-02
   6.4482052e-02   2.0598115e-02
   6.0987959e-02   2.4179152e-02
   6.5686201e-02   2.2349987e-02
   6.3512474e-02   2.1120541e-02
   6.4551345e-02   1.9741015e-02
   6.1979032e-02   2.1893562e-02
   5.9786399e-02   2.1542468e-02
   5.8519250e-02   1.9765329e-02
   6.3387237e-02   2.1078911e-02
   6.3449794e-02   2.1099705e-02
   6.7110359e-02   2.1096402e-02
   6.9488528e-02   2.0195264e-02
   6.4803850e-02   2.0259483e-02
   6.7047296e-02   2.0636542e-02
   6.5822098e-02   2.1515834e-02
   7.1788317e-02   1.9715176e-02
   7.1929911e-02   1.9754007e-02
   6.8122361e-02   2.1909414e-02
   6.8259954e-02   2.1513530e-02
   6.8333716e-02   2.0655775e-02
   7.0777419e-02   2.0214043e-02
   7.0704421e-02   2.0633137e-02
   6.8259954e-02   2.1513530e-02
   7.0707625e-02   2.0194134e-02
   6.8259954e-02   2.1513530e-02
   6.4530041e-02   2.2811840e-02
   6.4666921e-02   2.1538179e-02
   6.3330592e-02   2.0180734e-02
   5.9679545e-02   1.9744930e-02
   5.8459008e-02   2.0184658e-02
   6.0952087e-02   2.0641817e-02
   6.4542589e-02   2.1057083e-02
   6.3333395e-02   1.9742022e-02
   5.9676904e-02   2.0183706e-02
   5.9740992e-02   1.9325186e-02
   5.8508532e-02   2.1522247e-02
   6.3200305e-02   2.1016772e-02
   6.0886363e-02   2.1499000e-02
   6.2293975e-02   2.0681571e-02
   6.7061836e-02   1.8441165e-02
   6.2293975e-02   2.0681571e-02
   6.8195943e-02   2.1053738e-02
   6.8189445e-02   2.1930977e-02
   6.4600055e-02   2.1956076e-02
   7.5590642e-02   1.9311618e-02
   7.7792073e-02   2.0127516e-02
   8.0528619e-02   2.1521943e-02
   7.8092054e-02   2.1085390e-02
   8.1602643e-02   1.9724919e-02
   8.1679498e-02   2.0183088e-02
   8.3140772e-02   2.0681531e-02
   8.1906434e-02   2.2003081e-02
   8.5324942e-02   2.1495083e-02
   8.7684548e-02   2.0594640e-02
   8.4268091e-02   2.1978474e-02
   8.6629271e-02   2.1514766e-02
   8.4019138e-02   2.1913686e-02
   8.6726929e-02   2.0217434e-02
   8.1837182e-02   2.0662508e-02
   8.2968880e-02   2.1519134e-02
   8.1511289e-02   2.1019255e-02
   7.9308488e-02   2.1523317e-02
   7.7834306e-02   2.4089147e-02
   8.0373790e-02   2.1041272e-02
   8.0437361e-02   2.2817140e-02
   7.6806515e-02   1.9749318e-02
   7.5445015e-02   1.8835632e-02
   6.9407114e-02   2.1929773e-02
   6.5938979e-02   2.3318181e-02
   6.5757272e-02   2.1494654e-02
   7.0707625e-02   2.0194134e-02
   6.9491609e-02   1.9756237e-02
   7.3145819e-02   2.0191815e-02
   7.0637969e-02   2.0174264e-02
   6.5689419e-02   2.1911752e-02
   6.2288126e-02   2.1561638e-02
   6.1066790e-02   2.1562703e-02
   5.9674206e-02   2.0622482e-02
   6.3095257e-02   1.7916615e-02
   6.1987766e-02   2.0579949e-02
   5.7233182e-02   2.1502042e-02
   5.9830389e-02   2.3764129e-02
   6.1006529e-02   2.1541427e-02
   6.5910215e-02   1.8020801e-02
   6.4615005e-02   1.9760469e-02
   6.3330592e-02   2.0180734e-02
   6.2168252e-02   2.1079968e-02
   6.0889235e-02   2.1060245e-02
   5.9595040e-02   2.3670604e-02
   5.8456365e-02   2.0623455e-02
   6.0970179e-02   1.7567504e-02
   6.2182036e-02   1.8884138e-02
   5.9743524e-02   1.8885978e-02
   7.6799630e-02   2.0627065e-02
   8.1675797e-02   2.0621851e-02
   7.6792448e-02   2.1504813e-02
   7.9241304e-02   2.0185679e-02
   8.0463968e-02   1.9745602e-02
   7.6868227e-02   2.1526001e-02
   7.6792448e-02   2.1504813e-02
   8.0290924e-02   2.1458538e-02
   8.1507453e-02   2.1457156e-02
   8.5244928e-02   2.1035720e-02
   8.7853561e-02   2.1074222e-02
   8.4106014e-02   2.1496535e-02
   8.0290924e-02   2.1458538e-02
   7.6792448e-02   2.1504813e-02
   8.1606175e-02   1.9286588e-02
   7.9248254e-02   1.9308040e-02
   8.0377502e-02   2.0602912e-02
   8.1515047e-02   2.0581354e-02
   8.1664221e-02   2.1938139e-02
   7.6777192e-02   2.3260308e-02
   7.9156005e-02   2.1042609e-02
   7.9401427e-02   1.9785801e-02
   7.9241304e-02   2.0185679e-02
   7.7934545e-02   2.1482342e-02
   7.4364916e-02   2.0190627e-02
   7.5499091e-02   2.1484969e-02
   7.3056534e-02   2.2364556e-02
   7.3211301e-02   2.1090488e-02
   7.4294944e-02   1.9732272e-02
   7.5435239e-02   2.0149746e-02
   6.8246393e-02   2.3269736e-02
   7.0631512e-02   2.1051406e-02
   6.8330547e-02   2.1095260e-02
   7.6576572e-02   2.0128751e-02
   8.9073749e-02   2.1072735e-02
   9.3493161e-02   2.0963504e-02
   9.2620104e-02   2.3239894e-02
   9.0370011e-02   2.2410227e-02
   9.1415173e-02   2.1926035e-02
   9.2555911e-02   2.0588732e-02
   8.4347229e-02   2.2440158e-02
   8.1358584e-02   2.0103972e-02
   7.4291657e-02   2.0170767e-02
   6.6971777e-02   2.1932159e-02
   6.6023555e-02   2.0698822e-02
   5.6070676e-02   2.1524218e-02
   5.2322559e-02   1.9292326e-02
   4.6373473e-02   1.9793145e-02
   4.1497342e-02   1.8476202e-02
   8.4101959e-02   2.1935239e-02
   7.7987676e-02   2.4136564e-02
   7.8007614e-02   2.1942331e-02
   7.6796076e-02   2.1065939e-02
   7.9323045e-02   1.9766311e-02
   7.8179867e-02   1.9787047e-02
   7.5658620e-02   2.0209314e-02
   8.3050834e-02   2.1540344e-02
   8.4189010e-02   2.1517699e-02
   8.2711824e-02   2.2769371e-02
   8.4031025e-02   2.0598864e-02
   8.0456755e-02   2.0623184e-02
   8.1914301e-02   2.1122957e-02
   8.0596222e-02   2.2862131e-02
   8.6637390e-02   2.0636612e-02
   9.0200653e-02   2.1489069e-02
   9.0196304e-02   2.1927622e-02
   9.8835256e-02   2.1060112e-02
   9.6276161e-02   2.3234649e-02
   9.9740729e-02   2.2746258e-02
   1.0237482e-01   2.2787249e-02
   1.0381354e-01   2.1513059e-02
   1.0593197e-01   2.2321581e-02
   1.0381354e-01   2.1513059e-02
   1.0250057e-01   2.0616400e-02
   1.0106154e-01   2.2328926e-02
   9.8810904e-02   2.3253874e-02
   1.0249097e-01   2.1493694e-02
   9.6295292e-02   2.1481091e-02
   9.1333852e-02   2.1028328e-02
   9.1342201e-02   2.0152148e-02
   8.7853561e-02   2.1074222e-02
   8.6458636e-02   2.1472496e-02
   9.0285301e-02   2.1949195e-02
   8.7927579e-02   2.2413418e-02
   8.2964871e-02   2.1958300e-02
   7.9081762e-02   2.0583985e-02
   7.9017793e-02   1.8813678e-02
   7.5506138e-02   2.0608032e-02
   7.1906126e-02   2.2826852e-02
   7.1855865e-02   2.0173118e-02
   7.5740044e-02   1.9349716e-02
   6.7166900e-02   2.2437054e-02
   7.0565264e-02   2.0592573e-02
   6.8192727e-02   2.1492357e-02
   6.0775057e-02   2.0143062e-02
   6.1027977e-02   1.8024459e-02
   6.4542589e-02   2.1057083e-02
   6.2003623e-02   1.7952721e-02
   5.9735752e-02   2.0203604e-02
   5.6249813e-02   1.9385217e-02
   5.8456365e-02   2.0623455e-02
   6.6978158e-02   2.1054873e-02
   7.6637656e-02   2.1900572e-02
   7.6878921e-02   2.0208083e-02
   7.1849297e-02   2.1050210e-02
   7.0853589e-02   1.9354252e-02
   7.3139120e-02   2.1069720e-02
   7.4277789e-02   2.1924747e-02
   7.6569600e-02   2.1003914e-02
   7.9092240e-02   1.9270113e-02
   8.0539822e-02   2.0204273e-02
   8.4443004e-02   2.1141004e-02
   8.8898282e-02   2.1031345e-02
   9.2913298e-02   2.1549462e-02
   9.3741535e-02   2.3653385e-02
   9.6114757e-02   2.0563917e-02
   9.3861871e-02   2.1045888e-02
   1.0238499e-01   2.1910817e-02
   1.0956223e-01   2.4066113e-02
   1.1066470e-01   2.4477564e-02
   1.0848457e-01   2.1463600e-02
   1.0026256e-01   2.0220748e-02
   9.9853636e-02   2.1454995e-02
   9.7523340e-02   2.0602722e-02
   9.8839839e-02   2.0621360e-02
   9.7317658e-02   2.1874827e-02
   9.3848294e-02   2.2361256e-02
   8.4101959e-02   2.1935239e-02
   7.8018672e-02   2.0625791e-02
   7.4298160e-02   1.9293778e-02
   7.4364916e-02   2.0190627e-02
   7.6713126e-02   2.1922108e-02
   7.2923429e-02   2.1007663e-02
   6.7176655e-02   2.1117228e-02
   6.8275419e-02   1.9318272e-02
   6.4484962e-02   2.0159857e-02
   6.1009417e-02   2.1101806e-02
   6.4545570e-02   2.0618394e-02
   6.3395854e-02   1.9761479e-02
   5.8508532e-02   2.1522247e-02
   6.1017727e-02   1.9782943e-02
   6.0900131e-02   1.9305225e-02
   6.0883433e-02   2.1937755e-02
   5.7189773e-02   1.9288955e-02
   5.8453665e-02   2.1062252e-02
   5.4965272e-02   2.0687398e-02
   6.3401291e-02   1.8883191e-02
   7.0910887e-02   2.1134586e-02
   8.0302028e-02   2.0144750e-02
   8.5312352e-02   2.2811108e-02
   8.2879013e-02   2.2375434e-02
   7.9300748e-02   2.2401819e-02
   7.8022207e-02   2.0186945e-02
   7.5424807e-02   2.1463860e-02
   7.4354592e-02   2.1507407e-02
   7.8007614e-02   2.1942331e-02
   7.9315920e-02   2.0644814e-02
   8.0622988e-02   1.9784536e-02
   8.1672018e-02   2.1060614e-02
   8.7845158e-02   2.1952314e-02
   8.5320828e-02   2.1933758e-02
   8.1744800e-02   2.1959744e-02
   8.4200723e-02   2.0200288e-02
   8.6567148e-02   1.8861740e-02
   8.7778875e-02   1.9737659e-02
   8.9139731e-02   2.3290729e-02
   9.2725444e-02   2.1945992e-02
   9.1509794e-02   2.1508652e-02
   9.0378849e-02   2.1531395e-02
   9.6195825e-02   2.1897973e-02
   9.6498978e-02   2.0205612e-02
   9.2469002e-02   2.0130912e-02
   8.6526676e-02   2.3248191e-02
   8.6616464e-02   2.2831996e-02
   8.5316631e-02   2.2372433e-02
   8.6296694e-02   2.0555682e-02
   9.2560097e-02   2.0150674e-02
   8.8902388e-02   2.0593192e-02
   8.7931921e-02   2.1973940e-02
   9.0103058e-02   2.2344212e-02
   9.1311437e-02   2.3218779e-02
   9.7610447e-02   2.1500547e-02
   9.0018834e-02   2.1884601e-02
   8.8806628e-02   2.1448434e-02
   8.7865527e-02   1.9757083e-02
   8.7762797e-02   2.1492117e-02
   9.0178035e-02   2.3681831e-02
   9.8848718e-02   1.9743855e-02
   9.1320667e-02   2.2342599e-02
   8.7762797e-02   2.1492117e-02
   8.6377635e-02   2.1013639e-02
   8.4027144e-02   2.1037138e-02
   7.8238982e-02   2.2007310e-02
   8.0615732e-02   2.0663849e-02
   8.5096085e-02   1.8807543e-02
   8.5332922e-02   2.0617732e-02
   5.9428764e-02   2.2289777e-02
   5.9802511e-02   1.8904614e-02
   5.7243645e-02   1.9746773e-02
   5.8687604e-02   2.0705029e-02
   5.6234268e-02   2.2028656e-02
   5.8632290e-02   2.0244478e-02
   5.3748658e-02   1.9807945e-02
   5.7289604e-02   2.1523243e-02
   5.6010009e-02   2.2380688e-02
   5.6015454e-02   2.1503014e-02
   5.3637837e-02   2.0647490e-02
   5.2468099e-02   2.1108513e-02
   5.4810118e-02   1.9309683e-02
   5.8579563e-02   1.9345172e-02
   5.1142084e-02   2.1945608e-02
   5.3580000e-02   2.1504896e-02
   4.7486747e-02   2.2387166e-02
   4.8617856e-02   2.0589929e-02
   5.1206564e-02   1.9331185e-02
   5.6030491e-02   1.8869992e-02
   5.4861797e-02   1.9768016e-02
   5.0012785e-02   2.3749025e-02
   5.2416369e-02   2.1087692e-02
   5.3693214e-02   2.0228132e-02
   5.3543833e-02   1.8414624e-02
   5.6244851e-02   2.0266363e-02
   5.6186722e-02   2.0686477e-02
   5.2418795e-02   2.0648365e-02
   5.3522090e-02   2.2360615e-02
   6.0883433e-02   2.1937755e-02
   6.2112696e-02   2.0181744e-02
   6.4678791e-02   1.9779961e-02
   6.8404338e-02   2.0236245e-02
   6.8189445e-02   2.1930977e-02
   6.5682919e-02   2.2788222e-02
   6.3256478e-02   2.1914004e-02
   6.6975000e-02   2.1493516e-02
   6.9420073e-02   2.0175391e-02
   7.0647141e-02   1.8858551e-02
   6.8205195e-02   1.9737879e-02
   6.8186098e-02   2.2369596e-02
   7.0558691e-02   2.1468853e-02
   6.5893226e-02   2.0657992e-02
   6.3327729e-02   2.0619446e-02
   5.9740992e-02   1.9325186e-02
   5.7125980e-02   2.0583855e-02
   6.1009417e-02   2.1101806e-02
   6.4926283e-02   2.1182201e-02
   7.6844829e-02   2.4161838e-02
   7.6716818e-02   2.1483666e-02
   7.9326492e-02   1.9327060e-02
   7.8936838e-02   1.9232335e-02
   8.1675797e-02   2.0621851e-02
   8.4378318e-02   1.8920133e-02
   8.5240909e-02   2.1473964e-02
   8.2780348e-02   2.4106656e-02
   7.6697619e-02   2.3675877e-02
   7.7948794e-02   1.9728681e-02
   8.0470870e-02   1.8868020e-02
   7.5661981e-02   1.9769981e-02
   7.0621316e-02   2.2367119e-02
   6.8269431e-02   2.0196375e-02
   6.7173469e-02   2.1557170e-02
   6.3515425e-02   2.0680530e-02
   6.8266338e-02   2.0635427e-02
   6.6992979e-02   1.8861657e-02
   7.2000918e-02   1.9773479e-02
   7.8137413e-02   2.4623881e-02
   8.5236807e-02   2.1912208e-02
   8.4097822e-02   2.2373944e-02
   8.7762797e-02   2.1492117e-02
   8.7861623e-02   2.0196129e-02
   9.1338070e-02   2.0590238e-02
   9.0191867e-02   2.2366174e-02
   9.6308662e-02   2.0165922e-02
   1.0005071e-01   2.1497161e-02
   9.8635909e-02   2.1456688e-02
   9.8728387e-02   2.1916077e-02
   9.9858345e-02   2.1017138e-02
   9.2629485e-02   2.2362916e-02
   8.3215230e-02   2.1582889e-02
   8.7680498e-02   2.1032824e-02
   8.5168818e-02   2.0139445e-02
   8.7849402e-02   2.1513268e-02
   8.2968880e-02   2.1519134e-02
   8.4272170e-02   2.1538904e-02
   7.8080737e-02   2.2403227e-02
   8.5168818e-02   2.0139445e-02
   8.6706362e-02   2.2414982e-02
   9.6503273e-02   1.9766359e-02
   9.6394879e-02   2.1063389e-02
   9.5165588e-02   2.1942705e-02
   9.2720875e-02   2.2384912e-02
   9.5254877e-02   2.2403587e-02
   9.8538861e-02   2.1435662e-02
   1.0117578e-01   2.1036087e-02
   9.9853636e-02   2.1454995e-02
   9.7803472e-02   2.1542899e-02
   6.4484962e-02   2.0159857e-02
   6.9494623e-02   1.9317209e-02
   6.9547443e-02   2.1533558e-02
   6.6981252e-02   2.0616230e-02
   6.9331970e-02   2.2784543e-02
   6.9475531e-02   2.1951374e-02
   7.0780563e-02   1.9774607e-02
   6.8068064e-02   2.0136863e-02
   6.4406433e-02   2.2329185e-02
   6.1006529e-02   2.1541427e-02
   6.2361203e-02   1.9821079e-02
   6.4495980e-02   1.8406826e-02
   6.1998576e-02   1.8828464e-02
   6.2366583e-02   1.8940142e-02
   6.4678791e-02   1.9779961e-02
   6.1057744e-02   2.2882868e-02
   6.2165315e-02   2.1519134e-02
   6.1012246e-02   2.0662185e-02
   5.9853796e-02   2.0243517e-02
   5.8526693e-02   1.8447640e-02
   6.2235317e-02   2.0221567e-02
   6.0940451e-02   2.2398568e-02
   5.7168467e-02   2.2796038e-02
   5.4903224e-02   2.1986145e-02
   5.3491170e-02   1.8396516e-02
   4.9888951e-02   1.9293899e-02
   4.8670045e-02   1.9733173e-02
   4.2626360e-02   2.0195254e-02
   4.6275818e-02   2.1071063e-02
   4.8766041e-02   1.9772111e-02
   5.3534685e-02   2.0168398e-02
   5.1105755e-02   1.9293122e-02
   5.7196853e-02   1.7973799e-02
   5.9738401e-02   1.9764395e-02
   5.9607066e-02   2.1917226e-02
   6.4542589e-02   2.1057083e-02
   6.2048767e-02   2.0600193e-02
   6.3327729e-02   2.0619446e-02
   6.4559539e-02   1.8424947e-02
   6.8339854e-02   1.9776806e-02
   6.6971777e-02   2.1932159e-02
   6.9342162e-02   2.1470050e-02
   6.9468630e-02   2.2829429e-02
   6.7047296e-02   2.0636542e-02
   6.6921312e-02   1.9719534e-02
   6.9560209e-02   1.9775716e-02
   7.1987704e-02   2.1531122e-02
   7.4347350e-02   2.2385260e-02
   7.4424370e-02   2.1967962e-02
   7.5587364e-02   1.9750519e-02
   1.0237996e-01   2.2349033e-02
   1.0382329e-01   2.0634975e-02
   1.0117100e-01   2.1474339e-02
   1.0759884e-01   2.0210693e-02
   1.0361855e-01   2.0594480e-02
   9.9642720e-02   2.2723993e-02
   9.6366099e-02   2.3696312e-02
   9.4117029e-02   2.3306861e-02
   9.6412198e-02   1.9308106e-02
   9.1612953e-02   2.0211678e-02
   8.8806628e-02   2.1448434e-02
   9.1681771e-02   2.2430686e-02
   9.1600185e-02   2.1529831e-02
   9.2283201e-02   2.0528277e-02
   8.6629271e-02   2.1514766e-02
   8.5316631e-02   2.2372433e-02
   8.1518726e-02   2.0143452e-02
   8.2898595e-02   2.0181764e-02
   8.1683119e-02   1.9744325e-02
   8.6629271e-02   2.1514766e-02
   8.1829499e-02   2.1541763e-02
   7.8165491e-02   2.1545896e-02
   7.6868227e-02   2.1526001e-02
   8.0437361e-02   2.2817140e-02
   7.9382984e-02   2.1984223e-02
   7.8029050e-02   1.9309252e-02
   8.0546900e-02   1.9325826e-02
   7.6864513e-02   2.1965308e-02
   7.9230303e-02   2.1502136e-02
   7.4288297e-02   2.0609262e-02
   7.7092716e-02   2.2030426e-02
   7.5417490e-02   2.2339936e-02
   7.7941820e-02   2.0605511e-02
   7.4588890e-02   1.9810213e-02
   7.6727449e-02   2.0168339e-02
   7.7850312e-02   2.2337209e-02
   8.0532431e-02   2.1082720e-02
   7.9390593e-02   2.1104854e-02
   7.6868227e-02   2.1526001e-02
   7.5655186e-02   2.0648647e-02
   7.1775220e-02   2.1467636e-02
   7.2998549e-02   2.0590218e-02
   7.5580588e-02   2.0628319e-02
   6.8208147e-02   1.9299260e-02
   6.9547443e-02   2.1533558e-02
   7.3073761e-02   2.0171952e-02
   7.5577091e-02   2.1067220e-02
   7.5487973e-02   2.2800376e-02
   7.4201079e-02   2.2341267e-02
   7.6792448e-02   2.1504813e-02
