  -2.7912717e-01   1.1672505e-02
  -1.5213977e-01   1.4926796e-02
  -1.5135319e-01   1.5853322e-02
  -1.4970031e-01   1.3612986e-02
  -1.3986567e-01   1.5383648e-02
  -1.3701733e-01   1.4026834e-02
  -1.2963006e-01   1.8421913e-02
  -1.1731968e-01   1.4912984e-02
  -1.1530650e-01   1.7617097e-02
  -1.1049592e-01   1.8963911e-02
  -1.0201967e-01   1.7227090e-02
  -1.0202356e-01   1.6785370e-02
  -9.5703990e-02   1.4553735e-02
  -8.8154918e-02   1.6292815e-02
  -7.8674540e-02   1.5923855e-02
  -7.9874989e-02   1.9903551e-02
  -7.6289087e-02   1.6384480e-02
  -5.8830343e-02   1.5890597e-02
  -5.6366090e-02   1.8540745e-02
  -5.7758306e-02   1.9480658e-02
  -5.8826055e-02   1.6773408e-02
  -4.5395000e-02   1.5471646e-02
  -2.8276563e-02   1.4622658e-02
  -1.9623387e-02   1.9460759e-02
  -1.1036152e-02   2.1231755e-02
  -6.1372826e-03   2.1253468e-02
  -8.5879423e-03   1.5924068e-02
  -3.6725585e-03   1.8100118e-02
  -1.2238117e-03   2.1190466e-02
   3.6681424e-03   2.0287324e-02
   6.1218693e-03   1.6334124e-02
   8.5866544e-03   1.7693409e-02
   8.5828449e-03   2.2116761e-02
   1.5955390e-02   2.2137452e-02
   2.9401955e-02   2.0763716e-02
   4.0524784e-02   1.6374260e-02
   4.7920629e-02   2.0815975e-02
   5.7684873e-02   2.2115133e-02
   6.3764436e-02   2.1204296e-02
   6.2594223e-02   2.2110852e-02
   6.1309027e-02   2.1648228e-02
   6.3761388e-02   2.1646052e-02
   7.0037842e-02   2.0798182e-02
   7.7267085e-02   1.9425167e-02
   8.8476911e-02   1.9894129e-02
   8.5573887e-02   2.1998660e-02
   8.8433145e-02   2.4315047e-02
   9.3198541e-02   2.0731183e-02
   1.0034778e-01   2.1560721e-02
   1.0914540e-01   2.0268747e-02
   1.1033977e-01   2.2910487e-02
   2.1131183e-01   2.1843138e-02
   2.1496464e-01   2.3142120e-02
   2.4204165e-01   1.9329744e-02
   2.3777966e-01   2.4757573e-02
   2.2869173e-01   2.3556503e-02
   2.2136197e-01   2.9286689e-02
   2.2870386e-01   2.3120271e-02
   2.2996867e-01   2.1807669e-02
   2.2771253e-01   2.2709981e-02
   2.2890692e-01   2.4015882e-02
   2.3013760e-01   2.4011571e-02
   2.3272136e-01   2.7520736e-02
   2.2935066e-01   2.4499806e-02
   2.2872744e-01   2.2247808e-02
   2.3238031e-01   2.3543780e-02
   2.3162361e-01   2.3156572e-02
   2.3351669e-01   2.6590914e-02
   2.4490579e-01   2.3958224e-02
   2.5147257e-01   2.6597206e-02
   2.5911481e-01   2.5157606e-02
   2.5993261e-01   2.3924811e-02
   2.5230353e-01   2.3495349e-02
   2.6087564e-01   2.4766115e-02
   2.7876332e-01   2.5074270e-02
   2.8280086e-01   2.7814237e-02
   2.8020296e-01   2.6823182e-02
   2.7711646e-01   2.5590276e-02
   2.7565765e-01   2.4271167e-02
   2.8058011e-01   2.4250380e-02
   2.8907489e-01   2.7239908e-02
   2.9300017e-01   2.8544916e-02
   2.9428786e-01   2.7241283e-02
   2.8757673e-01   2.6788112e-02
   2.8636521e-01   2.6361849e-02
   2.8274419e-01   2.4649354e-02
   2.7412332e-01   2.5119439e-02
   2.6860875e-01   2.6823271e-02
   2.6507951e-01   2.5233382e-02
   2.6087564e-01   2.4766115e-02
   2.5856297e-01   2.7845382e-02
   2.6209123e-01   2.5195505e-02
   2.6091878e-01   2.3462635e-02
   2.5568453e-01   2.5196705e-02
   2.4754272e-01   2.6151322e-02
   2.4139923e-01   2.5739986e-02
   2.3259896e-01   2.4002886e-02
   2.2718597e-01   2.5281563e-02
   2.2598341e-01   2.4414108e-02
   2.3560045e-01   2.3485697e-02
   2.3486403e-01   2.2663522e-02
   3.4339419e-02   1.9897861e-02
   2.9404617e-02   1.9880154e-02
   3.3185824e-02   1.7722676e-02
   3.9256298e-02   1.6800648e-02
   3.7980964e-02   1.9876383e-02
   4.1646808e-02   2.2082749e-02
   4.3001606e-02   2.1704943e-02
   3.5528988e-02   2.0319282e-02
   3.0631151e-02   1.9437903e-02
   2.5815992e-02   1.5509556e-02
   2.5759963e-02   1.7689983e-02
   2.0768315e-02   1.8942861e-02
   1.8425540e-02   2.3488415e-02
   1.7111290e-02   2.3813367e-02
   8.5848549e-03   1.9905085e-02
  -1.2267127e-03   1.7251483e-02
  -1.7173978e-02   1.7249821e-02
  -1.9628149e-02   1.6807020e-02
  -1.7171200e-02   1.9019033e-02
  -1.4719391e-02   1.8134893e-02
  -1.7168939e-02   2.0345942e-02
  -3.0654513e-02   2.1668261e-02
  -3.9295304e-02   1.6817348e-02
  -5.5206212e-02   1.6350449e-02
  -6.0108923e-02   1.7231063e-02
  -6.0113431e-02   1.6347419e-02
  -6.2559911e-02   1.7671144e-02
  -7.2429917e-02   1.9891126e-02
  -8.2172931e-02   1.9420198e-02
  -8.7016754e-02   1.6310056e-02
  -8.8167050e-02   1.4531430e-02
  -9.4280169e-02   1.5846690e-02
  -9.7956841e-02   1.5402955e-02
  -9.9272635e-02   1.6297907e-02
  -1.0416719e-01   1.7173289e-02
  -9.9480401e-02   1.5006066e-02
  -1.0040226e-01   1.5840530e-02
  -1.1896678e-01   1.9373371e-02
  -1.4258715e-01   1.6731327e-02
  -1.5461768e-01   1.2728582e-02
  -1.5799393e-01   1.1823216e-02
  -1.5828475e-01   1.4040109e-02
  -1.5779355e-01   1.5748916e-02
  -1.6332111e-01   1.6680439e-02
  -1.8524751e-01   1.6185487e-02
  -1.9328615e-01   1.4378793e-02
  -1.9737655e-01   1.2218211e-02
  -2.0410685e-01   1.3475452e-02
  -2.0305217e-01   1.5666502e-02
  -2.0718969e-01   1.1766921e-02
  -2.0209559e-01   1.0891751e-02
  -2.0736321e-01   1.3443070e-02
  -2.0656338e-01   1.2602028e-02
  -1.9875649e-01   1.5285189e-02
  -1.9834125e-01   1.6563251e-02
  -1.8856034e-01   1.5710564e-02
  -1.8773308e-01   1.3994148e-02
  -1.8385750e-01   1.4860862e-02
  -1.7982952e-01   1.4401974e-02
  -1.8074633e-01   1.2717990e-02
  -1.7914398e-01   1.4008313e-02
  -1.7368746e-01   1.4952484e-02
  -1.5721876e-01   1.3616374e-02
  -1.3864350e-01   1.4945771e-02
  -1.3236351e-01   1.6257314e-02
  -1.3506178e-01   1.8046453e-02
  -1.3017052e-01   1.6292711e-02
  -1.2293750e-01   1.4995523e-02
  -1.1075014e-01   1.5466275e-02
  -9.7401017e-02   1.6397564e-02
  -9.0679588e-02   1.8069450e-02
  -7.5130622e-02   1.6845061e-02
  -7.6277276e-02   1.8155775e-02
  -6.6226023e-02   1.9876951e-02
  -5.1564763e-02   1.9023196e-02
  -4.2934945e-02   1.7241060e-02
  -3.0747463e-02   2.1289499e-02
  -1.8396118e-02   1.9903354e-02
  -8.6019219e-03   1.9944734e-02
   3.6836506e-03   1.7711364e-02
   3.6909843e-03   1.7746680e-02
   1.3503883e-02   1.9924180e-02
   1.4768188e-02   2.4424396e-02
   2.0867740e-02   2.0807969e-02
   1.9640226e-02   2.0808308e-02
   3.3115886e-02   1.9014028e-02
   4.8020460e-02   1.9969909e-02
   6.8604562e-02   2.0737571e-02
   7.6015700e-02   2.2516920e-02
   6.4993719e-02   2.0761466e-02
   5.3991769e-02   2.3887565e-02
   5.5133657e-02   1.9865974e-02
   6.2562349e-02   1.7229365e-02
   7.1076025e-02   1.7647019e-02
   7.9540104e-02   2.2027662e-02
   8.0987654e-02   2.3859054e-02
   8.4686302e-02   2.2087308e-02
   8.7322794e-02   2.1242955e-02
   9.9355889e-02   1.8077679e-02
   1.0402399e-01   2.1115535e-02
   2.1721689e-01   2.2675881e-02
   2.2673032e-01   2.1861508e-02
   2.3639773e-01   2.0064115e-02
   2.2676147e-01   2.8447450e-02
   2.2342103e-01   2.7911644e-02
   2.2275350e-01   2.4037126e-02
   2.1761425e-01   2.4030486e-02
   2.2545280e-01   1.9338425e-02
   2.1415684e-01   2.1313131e-02
   2.3849659e-01   2.3202380e-02
   2.3181680e-01   2.4490954e-02
   2.3596039e-01   2.7016929e-02
   2.4334897e-01   2.6551401e-02
   2.5161653e-01   2.1258759e-02
   2.5713921e-01   2.6085304e-02
   2.5569910e-01   2.4762279e-02
   2.5972608e-01   2.9579767e-02
   2.7046611e-01   2.4268531e-02
   2.7931816e-01   2.8041321e-02
   2.8671710e-01   2.4656527e-02
   2.7498939e-01   2.3888237e-02
   2.8274419e-01   2.4649354e-02
   2.9301925e-01   2.8112417e-02
   2.9608491e-01   2.8903180e-02
   2.9550054e-01   2.7667429e-02
   2.9685677e-01   2.4635713e-02
   2.9595578e-01   2.4997101e-02
   2.9276521e-01   2.7221680e-02
   2.9091984e-01   2.8039147e-02
   2.8689988e-01   2.7277777e-02
   2.7533661e-01   2.5547125e-02
   2.6428930e-01   2.5161228e-02
   2.6710064e-01   2.2570583e-02
   2.6579783e-01   2.4745929e-02
   2.6301354e-01   2.6468067e-02
   2.6228958e-01   2.6958867e-02
   2.6648300e-01   2.5126972e-02
   2.5811286e-01   2.6055180e-02
   2.5442553e-01   2.6070713e-02
   2.5251302e-01   2.4824426e-02
   2.4441939e-01   2.3912304e-02
   2.3698258e-01   2.6115483e-02
   2.3674761e-01   2.6090422e-02
   2.3235497e-01   2.4415772e-02
   2.1959978e-01   2.5283686e-02
   2.1290804e-01   2.4070023e-02
   2.0493413e-01   2.3150224e-02
   2.0061208e-01   2.3670879e-02
   1.9528986e-01   2.4077429e-02
   1.8788894e-01   2.5413775e-02
   4.0495966e-02   2.3455021e-02
   3.3113012e-02   1.9898401e-02
   2.8181866e-02   1.8997032e-02
   2.2015275e-02   1.7197462e-02
   1.3463773e-02   1.9864889e-02
   6.1317641e-03   2.0347661e-02
   1.2213937e-03   2.1148504e-02
   3.6722554e-03   1.8983051e-02
  -1.2227687e-03   1.9846373e-02
  -3.6727047e-03   1.7658652e-02
  -1.8399239e-02   1.8134167e-02
  -2.0874020e-02   1.7708909e-02
  -2.0811165e-02   1.8097625e-02
  -2.0769179e-02   1.8502330e-02
  -2.0787974e-02   1.9402598e-02
  -3.4309794e-02   1.8552909e-02
  -3.9131974e-02   1.8954791e-02
  -4.7694080e-02   1.8509469e-02
  -4.5285212e-02   2.0293873e-02
  -4.1540045e-02   1.8054130e-02
  -5.0046852e-02   1.7152074e-02
  -5.3864191e-02   1.8082979e-02
  -5.9864104e-02   1.8483211e-02
  -5.7475086e-02   1.8943780e-02
  -5.0092407e-02   1.8049491e-02
  -5.3712805e-02   1.6270454e-02
  -5.3810896e-02   1.8065091e-02
  -5.3857445e-02   1.9406124e-02
  -5.9989838e-02   1.7196955e-02
  -7.0783639e-02   1.9335172e-02
  -7.8338102e-02   1.9385569e-02
  -8.6584238e-02   1.6668514e-02
  -9.0529310e-02   1.4075180e-02
  -9.1568444e-02   1.4485419e-02
  -9.5504587e-02   1.5845488e-02
  -9.5218154e-02   1.6237602e-02
  -1.0402884e-01   2.0675628e-02
  -1.0139825e-01   1.8881895e-02
  -1.1352518e-01   1.6655694e-02
  -1.1599038e-01   1.4023290e-02
  -1.2748282e-01   1.4066196e-02
  -1.2585176e-01   1.7094507e-02
  -1.2352537e-01   1.7553507e-02
  -1.1851131e-01   1.7981619e-02
  -1.1986988e-01   1.6241709e-02
  -1.2842244e-01   1.7107816e-02
  -1.3674221e-01   1.4436904e-02
  -1.4189682e-01   1.5335066e-02
  -1.4281663e-01   1.7052363e-02
  -1.9798346e-01   1.4356108e-02
  -1.9099528e-01   1.6578431e-02
  -1.8352697e-01   1.2214624e-02
  -1.7739400e-01   1.3532928e-02
  -1.7404585e-01   1.5315214e-02
  -1.6897555e-01   1.5308591e-02
  -1.6392084e-01   1.4864534e-02
  -1.6054611e-01   1.6652140e-02
  -1.5533000e-01   1.7065549e-02
  -1.5259864e-01   1.5725953e-02
  -1.4942826e-01   1.0956747e-02
  -1.4587867e-01   1.3165591e-02
  -1.3998419e-01   1.7158619e-02
  -1.2978363e-01   1.6244752e-02
  -1.2391174e-01   1.5844798e-02
  -1.1646115e-01   1.2758643e-02
  -1.1755982e-01   1.4063349e-02
  -1.1409695e-01   1.5856840e-02
  -1.0172747e-01   1.5854875e-02
  -8.8245514e-02   1.5868131e-02
  -7.7132710e-02   1.6743124e-02
  -6.9980750e-02   1.9009252e-02
  -6.0104179e-02   1.8114708e-02
  -4.4036944e-02   1.5426260e-02
  -3.3122502e-02   1.6803094e-02
  -3.0629810e-02   1.9879674e-02
  -3.3083060e-02   1.8995160e-02
  -2.9551052e-02   1.9979300e-02
  -2.2164270e-02   1.9537766e-02
  -2.0877157e-02   1.5938018e-02
  -1.1017226e-02   1.8540928e-02
  -4.8971296e-03   1.7217126e-02
   1.3549142e-02   1.5987061e-02
   2.0867740e-02   2.0807969e-02
   1.5922988e-02   2.2535362e-02
   1.9602200e-02   2.0325141e-02
   1.9580054e-02   2.1629220e-02
   2.4532318e-02   1.8132600e-02
   3.0604654e-02   1.8094634e-02
   3.6823696e-02   2.1244268e-02
   4.1723116e-02   2.3454244e-02
   4.7834057e-02   1.9006598e-02
   5.8984607e-02   1.9922464e-02
   6.6360607e-02   1.9473845e-02
   7.1128463e-02   2.0314178e-02
   8.3384263e-02   2.1184264e-02
   8.7118395e-02   2.4292687e-02
   8.7127684e-02   2.3409317e-02
   9.9513128e-02   2.2089583e-02
   1.0689484e-01   2.1195473e-02
   2.1759010e-01   2.4904322e-02
   2.2190554e-01   2.2638487e-02
   2.1705536e-01   2.3227989e-02
   2.1289631e-01   2.4507660e-02
   2.2848857e-01   2.2662196e-02
   2.3254632e-01   2.5748550e-02
   2.3915743e-01   2.7384799e-02
   2.2918700e-01   2.5223981e-02
   2.2549721e-01   2.5672526e-02
   2.3195526e-01   2.2193055e-02
   2.3013760e-01   2.4011571e-02
   2.3333940e-01   2.4823356e-02
   2.3373462e-01   2.7052868e-02
   2.3745391e-01   2.6165746e-02
   2.4982852e-01   2.3939788e-02
   2.5667334e-01   2.4733726e-02
   2.4636801e-01   2.4412596e-02
   2.3742516e-01   2.7037938e-02
   2.4044174e-01   2.5641299e-02
   2.4587828e-01   2.4365780e-02
   2.5547353e-01   2.3870609e-02
   2.6041430e-01   2.2984229e-02
   2.5625078e-01   2.3503934e-02
   2.5143741e-01   2.6898837e-02
   2.5044369e-01   2.7364154e-02
   2.5665874e-01   2.5167651e-02
   2.6925153e-01   2.3840128e-02
   2.7046611e-01   2.4268531e-02
   2.6983097e-01   2.2582736e-02
   2.5587790e-01   2.6960180e-02
   2.5454923e-01   2.9575090e-02
   2.4869701e-01   2.8325124e-02
   2.4560645e-01   2.5211811e-02
   2.4445820e-01   2.2607997e-02
   2.4988113e-01   2.2198712e-02
   2.4664066e-01   2.3563354e-02
   2.4286648e-01   2.6500539e-02
   2.4752783e-01   2.6587177e-02
   2.5076752e-01   2.5216516e-02
   2.4147994e-01   2.3122360e-02
   2.3048752e-01   2.2610555e-02
   2.2002345e-01   2.5769316e-02
   2.1609554e-01   2.6630771e-02
   2.2649837e-01   2.5643341e-02
   2.2862772e-01   2.5737661e-02
   2.2865400e-01   2.4865197e-02
   2.2872744e-01   2.2247808e-02
   2.2522706e-01   2.3591806e-02
   2.2572082e-01   2.5697243e-02
   2.1218864e-01   2.7054819e-02
   8.4462705e-02   2.7334120e-02
   7.7280309e-02   2.6515118e-02
   7.5899543e-02   1.8066057e-02
   6.7407344e-02   1.6326213e-02
   5.8763275e-02   1.7638743e-02
   5.0435043e-02   1.9505146e-02
   4.2907691e-02   2.3430158e-02
   3.7968280e-02   2.2968265e-02
   4.1731523e-02   2.1684112e-02
   5.0282721e-02   1.9889056e-02
   5.7657688e-02   1.6790830e-02
   4.7825567e-02   2.0774653e-02
   3.4261731e-02   2.2506200e-02
   2.4525932e-02   2.0786151e-02
   3.6795428e-03   1.9020790e-02
  -8.5670812e-03   2.0748508e-02
  -9.8057332e-03   1.5024352e-02
  -1.1018542e-02   1.7216576e-02
  -1.7238114e-02   1.9983080e-02
  -1.4689022e-02   1.8981790e-02
  -2.0822369e-02   2.2534028e-02
  -2.2027561e-02   2.1628496e-02
  -2.6938131e-02   1.5447710e-02
  -3.5521508e-02   1.0149570e-02
  -4.6616854e-02   1.6797166e-02
  -4.2883612e-02   1.9432159e-02
  -4.7683678e-02   2.0712977e-02
  -5.1573123e-02   1.7253597e-02
  -5.8695457e-02   1.9383431e-02
  -6.5022992e-02   1.5902399e-02
  -7.4684053e-02   1.6745160e-02
  -7.3540500e-02   1.5439351e-02
  -7.9587156e-02   1.5859917e-02
  -7.9551468e-02   2.0706003e-02
  -7.8415747e-02   1.9404742e-02
  -9.0699949e-02   1.5425140e-02
  -1.0265809e-01   1.4489578e-02
  -1.0163367e-01   1.4959294e-02
  -1.0049070e-01   1.7177503e-02
  -9.7934894e-02   1.8043461e-02
  -1.1016296e-01   1.9347637e-02
  -1.1909994e-01   1.8070256e-02
  -1.2025107e-01   1.3648118e-02
  -1.2991701e-01   1.5821229e-02
  -1.3331976e-01   1.6662225e-02
  -1.3210150e-01   1.6225455e-02
  -1.4309375e-01   1.7523811e-02
  -1.5347300e-01   1.8454816e-02
  -1.5124100e-01   1.2318262e-02
  -2.6187037e-01   9.4915465e-03
  -2.5845532e-01   9.5062658e-03
  -2.5424580e-01   1.1651526e-02
  -2.5055781e-01   1.2953689e-02
  -2.4270767e-01   1.3875340e-02
  -2.3315364e-01   1.2605184e-02
  -2.2308779e-01   1.4350424e-02
  -2.1599149e-01   1.1328925e-02
  -2.0449184e-01   1.4808070e-02
  -2.0309750e-01   1.2620238e-02
  -1.9611466e-01   1.4838690e-02
  -1.8696543e-01   1.5682468e-02
  -1.8019206e-01   1.3992709e-02
  -1.6793931e-01   1.3574061e-02
  -1.6686850e-01   1.4465825e-02
  -1.6039873e-01   1.5760321e-02
  -1.5090242e-01   1.5806743e-02
  -1.4490680e-01   1.6271312e-02
  -1.3968987e-01   1.8442278e-02
  -1.2677155e-01   1.2799091e-02
  -1.1668580e-01   1.3665451e-02
  -1.2119925e-01   1.7574173e-02
  -1.2383819e-01   2.2006664e-02
  -1.1875539e-01   1.7138093e-02
  -1.1176923e-01   1.4111424e-02
  -1.0787343e-01   1.3647096e-02
  -9.5700826e-02   1.4994757e-02
  -8.5781409e-02   1.7633713e-02
  -8.3327189e-02   1.8077005e-02
  -7.9637505e-02   1.9844502e-02
  -7.3647391e-02   2.1215955e-02
  -6.9784097e-02   1.7189801e-02
  -6.7424877e-02   1.2796221e-02
  -6.6320267e-02   1.5033041e-02
  -6.0108923e-02   1.7231063e-02
  -3.9170725e-02   1.8973576e-02
  -2.5701244e-02   2.0744507e-02
  -1.4684327e-02   2.2071849e-02
  -2.0828271e-02   1.9882966e-02
  -1.8435072e-02   1.8613461e-02
  -1.2254487e-02   1.7675395e-02
  -9.7687376e-03   2.3350753e-02
  -2.4495664e-03   2.2979101e-02
   4.9011940e-03   1.9001836e-02
   1.8383821e-02   1.6348733e-02
   2.2016107e-02   1.6756501e-02
   2.8211011e-02   1.8573675e-02
   4.0431349e-02   1.9875130e-02
   3.2941934e-02   2.2000069e-02
