   1.0000200e-02  -1.9837241e-02
   6.1146655e-02  -1.3486934e-01
   5.8516691e-02  -1.3611148e-01
   5.0078536e-02  -1.4072342e-01
   4.7665618e-02  -1.4191421e-01
   4.7825598e-02  -1.4585307e-01
   4.9977995e-02  -1.4380174e-01
   5.3506480e-02  -1.3955017e-01
   5.5942206e-02  -1.3646584e-01
   5.6229802e-02  -1.2812870e-01
   4.9239702e-02  -1.2684561e-01
   4.7283618e-02  -1.1942552e-01
   4.6252734e-02  -1.1890174e-01
   4.8923961e-02  -1.1682013e-01
   4.3240415e-02  -1.1766430e-01
   4.2187379e-02  -1.1859258e-01
   4.6968790e-02  -1.1463468e-01
   4.5991021e-02  -1.1668660e-01
   4.0344723e-02  -1.0926032e-01
   4.0539557e-02  -1.0981942e-01
   4.0685244e-02  -1.0684834e-01
   4.3100876e-02  -1.0094765e-01
   4.4203087e-02  -9.6359614e-02
   4.0739176e-02  -8.8859014e-02
   4.4467382e-02  -8.5136293e-02
   4.3351380e-02  -7.5552328e-02
   4.6965120e-02  -7.0282276e-02
   4.4529297e-02  -6.1602276e-02
   3.7124230e-02  -5.2962619e-02
   4.2201495e-02  -4.9015533e-02
   4.3488424e-02  -4.4517127e-02
   4.7529370e-02  -4.2069290e-02
   4.5365056e-02  -4.0551317e-02
   5.3995465e-02  -3.7652548e-02
   5.0118100e-02  -3.8486415e-02
   5.2610036e-02  -3.4373522e-02
   5.6023043e-02  -2.8288973e-02
   4.5885684e-02  -1.8324019e-02
   3.2291014e-02  -1.2530925e-02
   4.6190747e-02  -1.0341603e-02
   3.8358951e-02   5.3481219e-03
   3.6139600e-02   2.6930954e-03
   4.1165911e-02   2.6954726e-03
   5.4062268e-02   1.0865352e-02
   6.3916467e-02   1.3083997e-02
   5.3578475e-02   2.1555435e-02
   4.0880512e-02   2.7713405e-02
   3.5978117e-02   3.7216963e-02
   3.1012927e-02   4.7181928e-02
  -4.6844598e-03   1.6468015e-01
  -6.9848492e-03   1.6866627e-01
  -1.0457015e-02   1.7916596e-01
  -1.7355581e-02   1.7672375e-01
  -1.7480266e-02   1.7924668e-01
  -1.7590848e-02   1.8162979e-01
  -1.5294187e-02   1.8017919e-01
  -1.8736559e-02   1.8345222e-01
  -1.7709767e-02   1.7560092e-01
  -2.4740988e-02   1.7567720e-01
  -2.7230737e-02   1.7191498e-01
  -3.2180762e-02   1.6429362e-01
  -2.8591331e-02   1.6214278e-01
  -2.8621641e-02   1.5923894e-01
  -2.7454031e-02   1.5940628e-01
  -2.8546569e-02   1.6288912e-01
  -3.0956088e-02   1.6151181e-01
  -2.6159657e-02   1.5616474e-01
  -2.6249836e-02   1.5268872e-01
  -1.9067915e-02   1.4545289e-01
  -8.4004046e-03   1.4107184e-01
   0.0000000e+00   1.3643655e-01
  -4.7972358e-03   1.3404048e-01
  -5.9887448e-03   1.3286773e-01
   7.2521697e-03   1.0186562e-01
   7.2867134e-03   9.3917890e-02
   1.2154564e-03   8.9804172e-02
   0.0000000e+00   8.2540323e-02
   0.0000000e+00   7.6786075e-02
  -2.4654174e-03   7.1991764e-02
   7.4741798e-03   6.8110968e-02
   1.3665999e-02   6.0534296e-02
   7.4835124e-03   5.3869800e-02
   3.7572877e-03   4.5361664e-02
   1.5042453e-02   4.1276219e-02
   2.2503389e-02   3.3877593e-02
   2.5089334e-02   2.4440517e-02
   3.6334781e-02   1.6708496e-02
   3.8700355e-02   1.0343757e-02
   3.4820783e-02   5.8234658e-03
   2.4822002e-02   5.8128962e-03
   2.3630365e-02  -8.9610990e-04
   2.8602394e-02  -6.2722352e-03
   3.8643261e-02  -1.7072440e-02
   4.6350484e-02  -1.4491751e-01
   5.1009660e-02  -1.4310954e-01
   5.6760938e-02  -1.3865084e-01
   5.8821903e-02  -1.3254017e-01
   5.8311078e-02  -1.3224358e-01
   4.9015344e-02  -1.2953504e-01
   4.8901571e-02  -1.3491902e-01
   5.4916353e-02  -1.4023455e-01
   6.8100862e-02  -1.4335098e-01
   6.2927697e-02  -1.4169458e-01
   6.5745102e-02  -1.4373247e-01
   8.9343442e-02  -1.3761504e-01
   8.7144438e-02  -1.3205061e-01
   1.2000878e-01  -1.3394095e-01
   1.0867466e-01  -1.1498040e-01
   8.9312718e-02  -1.1038375e-01
   1.0152832e-01  -1.0184363e-01
   9.8581146e-02  -9.9315525e-02
   9.5409895e-02  -8.4738305e-02
   9.2902029e-02  -8.0509193e-02
   9.6765213e-02  -7.9213778e-02
   9.4715713e-02  -8.2707155e-02
   1.0740436e-01  -7.5977632e-02
   1.0860390e-01  -6.2172109e-02
   8.5723086e-02  -6.0390082e-02
   6.3700391e-02  -4.3808069e-02
   5.7572561e-02  -3.8889284e-02
   6.2572573e-02  -3.3873980e-02
   1.0010126e-01  -3.2854627e-02
   1.0134369e-01  -3.5155483e-02
   8.6504515e-02  -3.6546398e-02
   6.8878108e-02  -4.4919471e-02
   5.2310717e-02  -4.7345505e-02
   6.8704055e-02  -3.8341291e-02
   8.7811808e-02  -3.1640692e-02
   9.2751522e-02  -2.2999080e-02
   8.6498249e-02  -8.1121006e-03
   9.6340398e-02  -5.3939449e-03
   1.0028390e-01   9.0058786e-03
   8.5885060e-02   1.8175069e-02
   8.6532671e-02   1.7593993e-02
   7.2100878e-02   3.1379199e-02
   7.0760752e-02   3.3588750e-02
   6.0532527e-02   6.2403408e-02
   4.2446093e-02   6.1264161e-02
   1.9999170e-02   7.3015810e-02
  -8.5614624e-03   6.5478873e-02
  -2.7234075e-02   6.8583336e-02
  -4.8110876e-02   9.5497597e-02
   3.5991625e-03   6.3758311e-02
  -4.2491696e-02   8.7786713e-02
  -2.9292299e-02   8.2267529e-02
  -2.0856709e-02   7.6697408e-02
  -1.8409220e-02   7.3037992e-02
  -1.8226903e-02   7.8232975e-02
  -1.3360189e-02   7.1355279e-02
  -2.3195084e-02   6.8072714e-02
  -4.1976968e-02   6.7452569e-02
  -4.4632773e-02   5.7163482e-02
  -4.3423245e-02   5.0812478e-02
  -3.2499451e-02   4.0234941e-02
  -1.8868544e-02   3.3632416e-02
  -1.5144905e-02   2.5049288e-02
  -1.6345550e-02   9.5154595e-03
  -2.1444636e-02   3.6358155e-03
  -2.9103468e-02   4.5581607e-04
  -1.7748509e-02  -8.2229699e-03
  -1.0150812e-02  -1.1433324e-02
  -1.6341663e-02  -1.3593514e-02
  -1.2443908e-02  -1.3456978e-02
  -1.2402043e-02  -1.7888544e-02
  -9.9632976e-03  -2.5620376e-02
   0.0000000e+00  -2.9217172e-02
   2.2159204e-02  -3.5594234e-02
   3.7966935e-02  -4.6119552e-02
   3.9257305e-02  -5.8827483e-02
   5.0588556e-02  -6.9232748e-02
   5.1672575e-02  -7.4549104e-02
   5.0201302e-02  -9.1353561e-02
   4.2772759e-02  -9.7775423e-02
   4.7292897e-02  -1.0734603e-01
   4.7979666e-02  -1.0705243e-01
   4.8835595e-02  -1.1281661e-01
   5.4357663e-02  -1.1464941e-01
   6.0000628e-02  -1.1548452e-01
   5.9983375e-02  -1.1778737e-01
   6.3506740e-02  -1.2815654e-01
   6.5120091e-02  -1.3343157e-01
   7.8072958e-02  -1.3953835e-01
   7.9989583e-02  -1.4243230e-01
   7.6670322e-02  -1.4953110e-01
   7.5471283e-02  -1.5105858e-01
   8.3495982e-02  -1.5279174e-01
   7.8891018e-02  -1.5421236e-01
   7.2215500e-02  -1.5908267e-01
   7.2414784e-02  -1.5957634e-01
   6.8360610e-02  -1.6262362e-01
   6.5923832e-02  -1.6201658e-01
   7.0321416e-02  -1.6822818e-01
   6.9247173e-02  -1.6594655e-01
   3.1558709e-02  -4.2019015e-02
   3.5470697e-02  -3.4322182e-02
   4.5461644e-02  -2.8249232e-02
   4.7766627e-02  -2.4477056e-02
   3.3643925e-02  -2.1118410e-02
   1.9850276e-02  -1.3415351e-02
   1.9897590e-02  -5.8250244e-03
   2.4999885e-02   1.3509378e-03
   3.3917720e-02   6.7878774e-03
   3.3951125e-02   7.7007558e-03
   3.1393345e-02   1.4029034e-02
   4.8886285e-02   9.9313048e-03
   3.6122593e-02   1.3914326e-02
   2.3569955e-02   1.4756104e-02
   2.2143280e-02   2.7530488e-02
   2.2068846e-02   4.1254574e-02
   1.3410759e-02   5.6230463e-02
   1.4697276e-02   6.1021624e-02
   2.2158125e-02   6.4073059e-02
   1.8512028e-02   6.2409602e-02
   1.9821851e-02   6.3112275e-02
   1.7344120e-02   6.3114218e-02
   1.3560005e-02   6.6005016e-02
   6.1297547e-03   6.7464009e-02
  -4.9043161e-03   7.2972246e-02
  -6.0752022e-03   8.0988988e-02
  -9.6992416e-03   9.0959002e-02
  -1.9404618e-02   1.0316199e-01
  -1.9513948e-02   1.0807006e-01
  -1.5787329e-02   1.1236853e-01
  -1.8338052e-02   1.1510405e-01
  -1.8185833e-02   1.1168753e-01
  -2.7784592e-02   1.0696835e-01
  -2.8780117e-02   1.0566830e-01
  -2.7517973e-02   1.1011072e-01
  -3.5622826e-02   1.1672743e-01
  -4.2723050e-02   1.2471494e-01
  -4.8673597e-02   1.3245074e-01
  -4.2787895e-02   1.3703988e-01
  -4.0430417e-02   1.3467476e-01
  -5.1216485e-02   1.3682887e-01
  -4.6405266e-02   1.3036195e-01
  -5.2485662e-02   1.3606265e-01
  -5.7619198e-02   1.4267382e-01
  -7.2036969e-02   1.4522478e-01
  -6.9781529e-02   1.6007191e-01
  -5.7006426e-02   1.5972290e-01
  -5.2218445e-02   1.6331288e-01
  -6.2505225e-02   1.6529917e-01
  -6.0176897e-02   1.6831877e-01
   3.7039834e-03   6.4277483e-02
  -9.9084733e-03   5.3488153e-02
  -1.3664036e-02   4.9991841e-02
  -4.9670296e-03   4.7244305e-02
   8.6869638e-03   4.0861746e-02
   4.9427069e-03   3.7083034e-02
   2.4744928e-03   2.9487892e-02
  -1.2402718e-03   2.6413468e-02
  -1.2460111e-03   2.1575747e-02
  -7.4801753e-03   1.5732034e-02
  -6.2058296e-03   3.5778443e-03
  -3.7384575e-03  -4.4903931e-03
  -2.4943337e-03  -9.8888687e-03
   4.9916385e-03  -1.6198047e-02
  -5.0288866e-03  -2.3134364e-02
   0.0000000e+00  -2.5725152e-02
   1.2474665e-03  -2.8375492e-02
   6.2193087e-03  -2.7391175e-02
   1.5004535e-02  -3.2977248e-02
   1.3767352e-02  -3.8929404e-02
   3.7497292e-03  -5.3526763e-02
   1.2498380e-03  -6.0909059e-02
   3.7532003e-03  -6.7479189e-02
   2.3728206e-02  -6.9674646e-02
   2.8618111e-02  -6.8477614e-02
   3.3436053e-02  -7.0450695e-02
   3.0802852e-02  -7.3318339e-02
   3.0596133e-02  -7.7872758e-02
   2.8119132e-02  -8.0561937e-02
   3.1685332e-02  -8.3520744e-02
   3.4122665e-02  -8.3516201e-02
   3.7889212e-02  -7.8675393e-02
   4.6410102e-02  -8.5531555e-02
   5.5289093e-02  -8.3238605e-02
   6.6166803e-02  -9.4184415e-02
   4.9959615e-02  -1.0170396e-01
   3.8963447e-02  -1.1119122e-01
   3.4011175e-02  -1.1380175e-01
   3.1437740e-02  -1.1661449e-01
   2.6547676e-02  -1.2022829e-01
   1.5597747e-02  -1.2143471e-01
   1.5485069e-02  -1.2528496e-01
   1.4199754e-02  -1.2967134e-01
   1.5296360e-02  -1.3561612e-01
   2.6802645e-02  -1.4139404e-01
   2.2135748e-02  -1.4330958e-01
   2.4423329e-02  -1.4741841e-01
   1.6335699e-02  -1.4699071e-01
   1.8719290e-02  -1.5187742e-01
   5.8922775e-03  -1.4713885e-01
   7.3888061e-03  -3.9198492e-02
   4.9238736e-03  -3.6044712e-02
   4.9387630e-03  -2.2272094e-02
   1.6159257e-02  -1.4787252e-02
   2.7267561e-02  -1.2953668e-02
   2.3460308e-02  -8.8983940e-03
   9.8690219e-03  -6.6681187e-03
   6.1565182e-03   8.8732696e-04
   2.1033653e-02   8.0248879e-03
   2.8564305e-02   1.2979423e-02
   3.3651548e-02   1.8871771e-02
   2.2331256e-02   2.4171087e-02
   1.1203152e-02   2.9215964e-02
   2.9706901e-02   3.3085854e-02
   6.1345321e-03   4.7122289e-02
  -2.4417512e-03   4.6888575e-02
  -1.7068239e-02   5.6228375e-02
  -7.3365150e-03   5.6401184e-02
   0.0000000e+00   6.4905095e-02
  -6.0926211e-03   7.3424082e-02
  -1.3475883e-02   7.5206663e-02
  -3.0544315e-02   8.4671055e-02
  -3.0561144e-02   8.3327070e-02
  -2.9165262e-02   9.0224814e-02
  -2.6830476e-02   9.5718793e-02
  -2.6801689e-02   1.0221657e-01
  -2.7927041e-02   1.0280279e-01
  -3.1491276e-02   1.0773286e-01
  -3.1529373e-02   1.0929995e-01
  -3.0337318e-02   1.1561759e-01
  -3.5247758e-02   1.1822239e-01
  -3.8736908e-02   1.1818321e-01
  -4.2147631e-02   1.1847306e-01
  -4.4352018e-02   1.2123897e-01
  -4.6397816e-02   1.2216007e-01
  -5.0930026e-02   1.2632962e-01
  -4.6129260e-02   1.3193287e-01
  -4.4646892e-02   1.3628073e-01
  -4.9501825e-02   1.3916231e-01
  -3.9980505e-02   1.3497253e-01
  -2.8180240e-02   1.3576157e-01
  -3.0423994e-02   1.3959598e-01
  -2.5763521e-02   1.3682258e-01
  -3.0441216e-02   1.3871246e-01
  -3.2890700e-02   1.3823311e-01
  -2.5914768e-02   1.3382246e-01
  -3.1713938e-02   1.3677155e-01
  -2.9453316e-02   1.3674387e-01
  -3.1701065e-02   1.4206420e-01
  -3.6460251e-02   1.3938441e-01
  -4.7495232e-02  -6.3010092e-03
  -5.4220344e-02  -1.3169122e-02
  -4.6451635e-02  -2.6264459e-02
  -5.9675847e-02  -2.6092006e-02
  -5.4256016e-02  -3.9213165e-02
  -4.6278715e-02  -4.6642057e-02
  -5.1102972e-02  -3.3751316e-02
  -3.6265458e-02  -3.7971318e-02
  -1.9697491e-02  -2.9336912e-02
   9.8542843e-03  -3.7861649e-02
   2.2088643e-02  -4.1739773e-02
   3.6888542e-03  -5.0385544e-02
  -4.8891628e-03  -5.7734071e-02
  -6.0957433e-03  -6.3000214e-02
  -8.5518475e-03  -6.5858386e-02
  -1.2108658e-03  -7.4314079e-02
   2.3095786e-02  -7.4597369e-02
   4.2299259e-02  -8.1865793e-02
   4.2081825e-02  -8.2341663e-02
   2.5188564e-02  -8.5812350e-02
   1.1934735e-02  -9.4975600e-02
   0.0000000e+00  -9.0059524e-02
   7.2251433e-03  -1.0334148e-01
   8.4538995e-03  -1.0554513e-01
   1.6815717e-02  -1.1772977e-01
   1.5657723e-02  -1.2000481e-01
   7.2471110e-03  -1.2037771e-01
   1.9053478e-02  -1.2910483e-01
   1.7810417e-02  -1.3063154e-01
  -1.1770770e-03  -1.3181902e-01
  -1.1806765e-02  -1.2505342e-01
   5.8686557e-03  -1.2997365e-01
   1.1720681e-03  -1.2739382e-01
  -1.1595038e-03  -1.3537776e-01
  -1.8898235e-02  -1.2940588e-01
  -1.1684843e-03  -1.4185197e-01
  -1.0507342e-02  -1.3542943e-01
  -1.1673797e-02  -1.4024088e-01
  -2.3524439e-03  -1.3460670e-01
   0.0000000e+00  -1.3654916e-01
  -4.6813353e-03  -1.3627742e-01
  -8.2140409e-03  -1.3522017e-01
   0.0000000e+00  -1.3665005e-01
   2.3697082e-03  -1.3082974e-01
  -2.3788421e-03  -1.2943805e-01
  -5.9867152e-03  -1.2502863e-01
  -1.3198094e-02  -1.2143767e-01
  -1.5711755e-02  -1.1562702e-01
  -1.0934533e-02  -1.1531530e-01
  -1.5779702e-02  -1.1327109e-01
  -3.6115099e-02   3.2832198e-02
  -3.2334141e-02   3.5048521e-02
  -3.8536520e-02   3.7289804e-02
  -4.4699651e-02   3.8143357e-02
  -4.1154911e-02   4.1498063e-02
  -3.7418020e-02   4.5608293e-02
  -2.9870519e-02   5.4197113e-02
  -3.2282250e-02   5.9102174e-02
  -3.7050352e-02   6.3349708e-02
  -6.2386160e-02   7.0875236e-02
  -5.9765314e-02   7.6155758e-02
  -5.7470945e-02   8.0046383e-02
  -5.3757995e-02   8.4614860e-02
  -4.8005121e-02   8.8568674e-02
  -4.5582981e-02   9.5743010e-02
  -3.9334581e-02   9.8382942e-02
  -3.5581550e-02   1.0010402e-01
  -3.9163800e-02   1.0316000e-01
  -3.7869207e-02   1.0486667e-01
  -4.3854066e-02   1.0835405e-01
  -4.6092525e-02   1.1263185e-01
  -5.3085622e-02   1.1866927e-01
  -5.4088392e-02   1.2348361e-01
  -5.7694503e-02   1.3027675e-01
  -5.8613118e-02   1.3154100e-01
  -6.3149532e-02   1.3779762e-01
  -5.7139373e-02   1.3769428e-01
  -4.9032223e-02   1.3843514e-01
  -4.1759465e-02   1.4207583e-01
  -3.9147996e-02   1.4465703e-01
  -4.3430720e-02   1.5284913e-01
  -4.4469431e-02   1.5432125e-01
  -4.9055463e-02   1.5846861e-01
  -5.4834348e-02   1.6277589e-01
  -5.5719306e-02   1.6690468e-01
  -5.1022372e-02   1.7236360e-01
  -5.2138551e-02   1.7476987e-01
  -6.2360937e-02   1.7764789e-01
  -6.5893918e-02   1.7887187e-01
  -6.8324624e-02   1.7921122e-01
  -6.4940570e-02   1.8005490e-01
  -6.7460534e-02   1.7751262e-01
  -6.9967180e-02   1.7281168e-01
  -7.9508372e-02   1.7585689e-01
  -8.1577284e-02   1.6657470e-01
  -7.7872175e-02   1.6933366e-01
  -8.0232926e-02   1.6517450e-01
  -8.9263089e-02   1.6576113e-01
  -8.6698883e-02   1.6226450e-01
  -3.8502927e-02  -1.1634182e-02
  -4.6031500e-02  -1.6586249e-02
  -4.9749474e-02  -1.9721877e-02
  -4.0037013e-02  -3.5255752e-02
  -2.7532257e-02  -3.9374677e-02
  -1.9950184e-02  -5.1095888e-02
  -1.2461531e-02  -5.3361066e-02
  -7.4416196e-03  -5.5849173e-02
  -1.7322006e-02  -6.3951070e-02
  -1.3560005e-02  -6.6005016e-02
  -2.0926432e-02  -6.7278428e-02
  -2.2050739e-02  -7.7963023e-02
  -2.1011301e-02  -7.5887176e-02
  -1.7245272e-02  -8.4473701e-02
   0.0000000e+00  -8.8185976e-02
  -2.4689176e-03  -9.3636168e-02
  -7.3831667e-03  -1.0045266e-01
  -1.7223602e-02  -1.0089877e-01
   1.2158050e-03  -1.1589007e-01
  -1.4586035e-02  -1.1633416e-01
  -8.4681842e-03  -1.2986403e-01
  -1.5706439e-02  -1.3362458e-01
  -1.4499528e-02  -1.3512787e-01
  -2.3812497e-02  -1.4379520e-01
  -3.7686186e-02  -1.4350340e-01
  -4.4459392e-02  -1.4733919e-01
  -4.4459432e-02  -1.4881888e-01
  -3.0355941e-02  -1.4902272e-01
  -2.9346195e-02  -1.4992278e-01
  -2.7177588e-02  -1.5204180e-01
  -1.4106170e-02  -1.6229804e-01
  -5.8962006e-03  -1.5931337e-01
  -2.3471772e-03  -1.6456400e-01
   0.0000000e+00  -1.6075681e-01
  -1.1678222e-03  -1.6161461e-01
  -3.5105995e-03  -1.5592801e-01
   0.0000000e+00  -1.5147029e-01
   5.8777598e-03  -1.5370903e-01
   1.2985792e-02  -1.4296317e-01
   1.8921336e-02  -1.4027307e-01
   1.0662858e-02  -1.3420797e-01
   8.3177887e-03  -1.3269251e-01
   3.5706021e-03  -1.3001447e-01
   2.3901522e-03  -1.3156885e-01
   1.2027620e-03  -1.3101516e-01
   2.4221228e-03  -1.2805075e-01
   1.5938556e-02  -1.2281083e-01
   2.0915619e-02  -1.2030141e-01
   2.2212903e-02  -1.1674635e-01
   1.9774866e-02  -1.1203839e-01
