  -1.5779702e-02  -1.1327109e-01
  -3.6115099e-02   3.2832198e-02
  -3.2334141e-02   3.5048521e-02
  -3.8536520e-02   3.7289804e-02
  -4.4699651e-02   3.8143357e-02
  -4.1154911e-02   4.1498063e-02
  -3.7418020e-02   4.5608293e-02
  -2.9870519e-02   5.4197113e-02
  -3.2282250e-02   5.9102174e-02
  -3.7050352e-02   6.3349708e-02
  -6.2386160e-02   7.0875236e-02
  -5.9765314e-02   7.6155758e-02
  -5.7470945e-02   8.0046383e-02
  -5.3757995e-02   8.4614860e-02
  -4.8005121e-02   8.8568674e-02
  -4.5582981e-02   9.5743010e-02
  -3.9334581e-02   9.8382942e-02
  -3.5581550e-02   1.0010402e-01
  -3.9163800e-02   1.0316000e-01
  -3.7869207e-02   1.0486667e-01
  -4.3854066e-02   1.0835405e-01
  -4.6092525e-02   1.1263185e-01
  -5.3085622e-02   1.1866927e-01
  -5.4088392e-02   1.2348361e-01
  -5.7694503e-02   1.3027675e-01
  -5.8613118e-02   1.3154100e-01
  -6.3149532e-02   1.3779762e-01
  -5.7139373e-02   1.3769428e-01
  -4.9032223e-02   1.3843514e-01
  -4.1759465e-02   1.4207583e-01
  -3.9147996e-02   1.4465703e-01
  -4.3430720e-02   1.5284913e-01
  -4.4469431e-02   1.5432125e-01
  -4.9055463e-02   1.5846861e-01
  -5.4834348e-02   1.6277589e-01
  -5.5719306e-02   1.6690468e-01
  -5.1022372e-02   1.7236360e-01
  -5.2138551e-02   1.7476987e-01
  -6.2360937e-02   1.7764789e-01
  -6.5893918e-02   1.7887187e-01
  -6.8324624e-02   1.7921122e-01
  -6.4940570e-02   1.8005490e-01
  -6.7460534e-02   1.7751262e-01
  -6.9967180e-02   1.7281168e-01
  -7.9508372e-02   1.7585689e-01
  -8.1577284e-02   1.6657470e-01
  -7.7872175e-02   1.6933366e-01
  -8.0232926e-02   1.6517450e-01
  -8.9263089e-02   1.6576113e-01
  -8.6698883e-02   1.6226450e-01
  -3.8502927e-02  -1.1634182e-02
  -4.6031500e-02  -1.6586249e-02
  -4.9749474e-02  -1.9721877e-02
  -4.0037013e-02  -3.5255752e-02
  -2.7532257e-02  -3.9374677e-02
  -1.9950184e-02  -5.1095888e-02
  -1.2461531e-02  -5.3361066e-02
  -7.4416196e-03  -5.5849173e-02
  -1.7322006e-02  -6.3951070e-02
  -1.3560005e-02  -6.6005016e-02
  -2.0926432e-02  -6.7278428e-02
  -2.2050739e-02  -7.7963023e-02
  -2.1011301e-02  -7.5887176e-02
  -1.7245272e-02  -8.4473701e-02
   0.0000000e+00  -8.8185976e-02
  -2.4689176e-03  -9.3636168e-02
  -7.3831667e-03  -1.0045266e-01
  -1.7223602e-02  -1.0089877e-01
   1.2158050e-03  -1.1589007e-01
  -1.4586035e-02  -1.1633416e-01
  -8.4681842e-03  -1.2986403e-01
  -1.5706439e-02  -1.3362458e-01
  -1.4499528e-02  -1.3512787e-01
  -2.3812497e-02  -1.4379520e-01
  -3.7686186e-02  -1.4350340e-01
  -4.4459392e-02  -1.4733919e-01
  -4.4459432e-02  -1.4881888e-01
  -3.0355941e-02  -1.4902272e-01
  -2.9346195e-02  -1.4992278e-01
  -2.7177588e-02  -1.5204180e-01
  -1.4106170e-02  -1.6229804e-01
  -5.8962006e-03  -1.5931337e-01
  -2.3471772e-03  -1.6456400e-01
   0.0000000e+00  -1.6075681e-01
  -1.1678222e-03  -1.6161461e-01
  -3.5105995e-03  -1.5592801e-01
   0.0000000e+00  -1.5147029e-01
   5.8777598e-03  -1.5370903e-01
   1.2985792e-02  -1.4296317e-01
   1.8921336e-02  -1.4027307e-01
   1.0662858e-02  -1.3420797e-01
   8.3177887e-03  -1.3269251e-01
   3.5706021e-03  -1.3001447e-01
   2.3901522e-03  -1.3156885e-01
   1.2027620e-03  -1.3101516e-01
   2.4221228e-03  -1.2805075e-01
   1.5938556e-02  -1.2281083e-01
   2.0915619e-02  -1.2030141e-01
   2.2212903e-02  -1.1674635e-01
   1.9774866e-02  -1.1203839e-01
   0.0000000e+00   7.0948537e-02
  -7.3489848e-03   7.8422536e-02
  -8.5752876e-03   7.7973893e-02
  -1.3463164e-02   8.5312605e-02
  -1.8258251e-02   9.5538474e-02
  -1.4716959e-02   9.6771260e-02
  -2.4581264e-02   1.0078514e-01
  -3.2135638e-02   1.0184770e-01
  -3.4705426e-02   1.0649838e-01
  -4.0773903e-02   1.0661039e-01
  -4.3089032e-02   1.0764349e-01
  -3.8000154e-02   1.1005720e-01
  -2.5572882e-02   1.1848811e-01
  -2.5408344e-02   1.2789119e-01
  -3.7408232e-02   1.3388711e-01
  -4.0678628e-02   1.4251396e-01
  -4.7679133e-02   1.4041129e-01
  -4.7280326e-02   1.4552649e-01
  -4.2629839e-02   1.4584225e-01
  -4.0115841e-02   1.4675522e-01
  -3.1693432e-02   1.5140522e-01
  -2.9275663e-02   1.5051344e-01
  -3.0351872e-02   1.5645493e-01
  -4.2887183e-02   1.6215200e-01
  -3.2475998e-02   1.6131053e-01
  -3.3667347e-02   1.6552177e-01
  -3.3479274e-02   1.6902894e-01
  -3.0114836e-02   1.6865881e-01
  -3.3537879e-02   1.6936739e-01
  -4.1770718e-02   1.6894473e-01
  -4.4364868e-02   1.6602330e-01
  -5.2665424e-02   1.6541026e-01
  -4.8384944e-02   1.5525605e-01
  -4.4929832e-02   1.5107154e-01
  -4.8606945e-02   1.4252953e-01
  -5.3302027e-02   1.4384905e-01
  -5.5703810e-02   1.4293946e-01
  -5.3386660e-02   1.3671452e-01
  -5.6900658e-02   1.3951550e-01
  -4.5207813e-02   1.3228547e-01
  -3.8027698e-02   1.3410152e-01
  -2.9714546e-02   1.3220736e-01
  -1.5495300e-02   1.2924023e-01
  -1.4269559e-02   1.3474370e-01
  -7.2177360e-03   1.2566064e-01
  -7.2791540e-03   1.1610444e-01
  -1.7070177e-02   1.0660852e-01
  -2.2026317e-02   9.2768006e-02
  -2.5753193e-02   8.7809115e-02
  -2.4747735e-03  -7.2735891e-02
   3.6971758e-03  -8.0785630e-02
  -8.6803139e-03  -7.5222121e-02
  -1.2349722e-03  -8.5646595e-02
   4.9400074e-03  -8.8001307e-02
   1.1084532e-02  -8.7277854e-02
   1.5903735e-02  -9.5574284e-02
   2.0637268e-02  -9.4800235e-02
   2.4143208e-02  -9.6100782e-02
   2.9903348e-02  -9.6556095e-02
   2.0286729e-02  -9.0830431e-02
   2.5020674e-02  -9.4333815e-02
   2.0189572e-02  -9.4937573e-02
   2.8500567e-02  -1.0134736e-01
   3.3148695e-02  -1.0747876e-01
   3.4357165e-02  -1.1362644e-01
   3.6759096e-02  -1.2271542e-01
   4.6340400e-02  -1.3747206e-01
   3.9217316e-02  -1.4196156e-01
   3.9054129e-02  -1.4825099e-01
   3.4466510e-02  -1.4796847e-01
   3.0956966e-02  -1.4527405e-01
   2.3848488e-02  -1.4303853e-01
   2.0306912e-02  -1.4033918e-01
   1.0779330e-02  -1.3778613e-01
   1.1948714e-02  -1.3990153e-01
   1.9134526e-02  -1.3853653e-01
   1.9057297e-02  -1.3693977e-01
   3.5716771e-03  -1.3444047e-01
   1.1907427e-02  -1.3739966e-01
   9.5267390e-03  -1.2911732e-01
   1.6647664e-02  -1.2649409e-01
   1.6742145e-02  -1.1290604e-01
   1.5466355e-02  -1.0947502e-01
   3.5629925e-03  -9.9083311e-02
   0.0000000e+00  -9.8742604e-02
  -4.7516477e-03  -9.8644554e-02
  -2.3917754e-03  -9.7026569e-02
  -1.2035757e-03  -1.0234995e-01
  -6.0545006e-03  -1.0017964e-01
  -1.2162790e-03  -1.0348832e-01
   7.3137802e-03  -1.0515525e-01
   7.3676837e-03  -9.4063292e-02
   1.5936137e-02  -9.1066063e-02
   1.2289379e-02  -8.5208393e-02
   3.6933034e-03  -7.2817847e-02
   0.0000000e+00  -7.5438951e-02
  -1.8598826e-02  -6.3628540e-02
  -1.7322693e-02  -5.7080151e-02
  -1.4941065e-02  -4.8738784e-02
  -4.5657736e-02   8.5046592e-02
  -5.1606831e-02   9.0273303e-02
  -4.3994838e-02   9.7771865e-02
  -4.0170494e-02   9.3161058e-02
  -4.6059725e-02   1.1015633e-01
  -5.0785380e-02   1.0700906e-01
  -7.1052680e-02   1.1642732e-01
  -6.9447528e-02   1.1953645e-01
  -7.2984196e-02   1.2085287e-01
  -6.0934961e-02   1.2844601e-01
  -5.0017403e-02   1.3387326e-01
  -3.4484767e-02   1.3469621e-01
  -3.5395846e-02   1.4528574e-01
  -4.1471039e-02   1.4644386e-01
  -4.3784747e-02   1.5424235e-01
  -4.9263014e-02   1.6379943e-01
  -4.7994851e-02   1.6650649e-01
  -5.4762066e-02   1.7797799e-01
  -5.2330740e-02   1.7916845e-01
  -5.7161782e-02   1.8031547e-01
  -6.0683009e-02   1.7983418e-01
  -6.3171029e-02   1.7402551e-01
  -6.8017300e-02   1.7343312e-01
  -6.3494449e-02   1.6724530e-01
  -6.9826197e-02   1.5967642e-01
  -7.5533822e-02   1.6065648e-01
  -7.0174280e-02   1.5698790e-01
  -5.8197993e-02   1.5327358e-01
  -5.0330174e-02   1.4622913e-01
  -5.2421562e-02   1.4728169e-01
  -4.9975180e-02   1.4309950e-01
  -5.6907422e-02   1.4397350e-01
  -5.2024588e-02   1.4654443e-01
  -5.5386753e-02   1.4549071e-01
  -4.3479766e-02   1.4068755e-01
  -5.5183335e-02   1.4195969e-01
  -4.5095220e-02   1.3144283e-01
  -5.0940077e-02   1.3261995e-01
  -5.7427061e-02   1.2622724e-01
  -5.4056681e-02   1.2099452e-01
  -5.9165190e-02   1.1537896e-01
  -5.0831595e-02   1.0521811e-01
  -4.6394157e-02   9.7665643e-02
  -4.0170494e-02   9.3161058e-02
  -4.2556971e-02   9.1179788e-02
  -4.8959149e-02   8.0151514e-02
  -5.6316022e-02   7.6919690e-02
  -6.5479822e-02   5.8740473e-02
  -5.9252365e-02   5.4608947e-02
   0.0000000e+00  -1.0754167e-01
  -6.2037403e-03  -1.1055753e-01
  -8.6788922e-03  -1.1193805e-01
  -8.6977289e-03  -1.0779220e-01
  -2.4658645e-03  -1.1273920e-01
  -1.1060884e-02  -1.1673882e-01
  -3.6474363e-03  -1.2662172e-01
  -6.0848218e-03  -1.2675039e-01
   0.0000000e+00  -1.3458758e-01
  -1.1949284e-03  -1.4140602e-01
  -2.3733844e-03  -1.4728209e-01
   0.0000000e+00  -1.5653266e-01
  -1.1827397e-02  -1.4922471e-01
   0.0000000e+00  -1.5998489e-01
   2.3407349e-03  -1.5998457e-01
   8.1966071e-03  -1.6209989e-01
   1.4006729e-02  -1.6916854e-01
   1.9946332e-02  -1.6347277e-01
   1.6344608e-02  -1.7023595e-01
   1.6263876e-02  -1.6876093e-01
   1.5122255e-02  -1.6697264e-01
   2.0894740e-02  -1.6707111e-01
   2.3399838e-02  -1.6040050e-01
   2.5720127e-02  -1.5723072e-01
   2.7079499e-02  -1.5142968e-01
   3.1779057e-02  -1.4441610e-01
   2.4886873e-02  -1.4009449e-01
   2.0229730e-02  -1.3679947e-01
   2.1507554e-02  -1.3347794e-01
   2.8869301e-02  -1.3246569e-01
   2.5449266e-02  -1.2517010e-01
   2.4415293e-02  -1.2665875e-01
   2.2068770e-02  -1.2280074e-01
   1.3536027e-02  -1.2181548e-01
   9.8692976e-03  -1.1918413e-01
   7.3824997e-03  -1.1835856e-01
   4.9412923e-03  -1.1297117e-01
   3.7041833e-03  -1.0998918e-01
   3.7120559e-03  -1.0586458e-01
   2.4933003e-03  -9.4602482e-02
   8.7099351e-03  -8.9637968e-02
   8.7154219e-03  -8.0699769e-02
   9.9565363e-03  -7.3633905e-02
   1.4904412e-02  -6.4664907e-02
   1.4927265e-02  -5.9690683e-02
   1.6208302e-02  -5.5224062e-02
   1.1254538e-02  -5.1710362e-02
   7.5409468e-03  -5.1976477e-02
   1.3871781e-02  -4.6598671e-02
  -9.4955368e-03   1.3447859e-01
  -4.7303341e-03   1.4029003e-01
  -9.4247311e-03   1.4609469e-01
  -1.2872730e-02   1.5442390e-01
  -1.1605984e-02   1.6047651e-01
  -1.5016265e-02   1.6563975e-01
  -1.7224444e-02   1.6956818e-01
  -2.7514618e-02   1.7431202e-01
  -1.4847771e-02   1.7922722e-01
  -1.8352261e-02   1.8271237e-01
  -1.0301811e-02   1.8280820e-01
  -9.1631456e-03   1.8451714e-01
  -1.4933798e-02   1.8461661e-01
  -1.2672128e-02   1.8103622e-01
  -1.7334438e-02   1.7959598e-01
  -1.7431444e-02   1.7761880e-01
  -2.0943339e-02   1.7733861e-01
  -2.1208849e-02   1.7150981e-01
  -2.2362583e-02   1.7024862e-01
  -2.1261973e-02   1.6678999e-01
  -2.4880002e-02   1.6268985e-01
  -3.2065672e-02   1.5643923e-01
  -3.0985881e-02   1.4843232e-01
  -2.6241888e-02   1.4408082e-01
  -2.8710042e-02   1.3806256e-01
  -2.5089199e-02   1.3689216e-01
  -2.3986179e-02   1.3401402e-01
  -1.7986073e-02   1.3105271e-01
  -3.5887081e-03   1.2829578e-01
   0.0000000e+00   1.2336190e-01
   3.5950040e-03   1.1649396e-01
  -1.2012334e-03   1.1203104e-01
  -1.2121640e-03   1.0217517e-01
   0.0000000e+00   9.5005035e-02
   4.8776096e-03   8.4526955e-02
   0.0000000e+00   7.1039157e-02
  -3.6759190e-03   6.2870457e-02
   3.6677991e-03   5.6846053e-02
   4.8883560e-03   5.0970711e-02
   9.7937396e-03   5.1959422e-02
   1.1064018e-02   4.7215301e-02
   6.1577578e-03   4.3696846e-02
   2.4534000e-03   3.8599126e-02
   0.0000000e+00   3.0381526e-02
   0.0000000e+00   2.5861723e-02
   0.0000000e+00   2.0145875e-02
   0.0000000e+00   9.4108761e-03
  -1.2472686e-03   8.0909050e-03
   8.7058710e-03  -1.7925033e-03
   9.9294025e-03  -3.1305521e-03
   2.5115478e-02  -1.4001894e-01
   3.3225357e-02  -1.4273819e-01
   2.7175846e-02  -1.4159378e-01
   2.8239011e-02  -1.4339206e-01
   2.3589061e-02  -1.4279976e-01
   2.5956953e-02  -1.4531624e-01
   2.5948725e-02  -1.4427706e-01
   3.1904709e-02  -1.4603867e-01
   3.6510087e-02  -1.4945450e-01
   4.0091331e-02  -1.5063735e-01
   4.3556180e-02  -1.5737221e-01
   4.1157092e-02  -1.5316773e-01
   4.9174272e-02  -1.5789231e-01
   4.1020851e-02  -1.5359997e-01
   4.3576555e-02  -1.4942368e-01
   4.3523983e-02  -1.4674452e-01
   4.3690480e-02  -1.4094610e-01
   4.0248307e-02  -1.3547251e-01
   3.4373174e-02  -1.3665895e-01
   2.9835653e-02  -1.3377177e-01
   3.6005678e-02  -1.3114004e-01
   3.4913892e-02  -1.2766792e-01
   3.5166462e-02  -1.2229902e-01
   4.6431767e-02  -1.2326351e-01
   4.4299726e-02  -1.2173919e-01
   3.9360324e-02  -1.2071335e-01
   3.2122771e-02  -1.1834741e-01
   2.0979680e-02  -1.1479142e-01
   3.2227376e-02  -1.1432121e-01
   3.1065047e-02  -1.0145747e-01
   1.7375121e-02  -9.0816279e-02
   9.9796554e-03  -8.6067044e-02
   4.9775327e-03  -8.2068983e-02
   8.7098953e-03  -7.9706245e-02
   9.9713319e-03  -7.2344205e-02
   1.1243954e-02  -7.4391703e-02
   1.3736294e-02  -6.6882273e-02
   2.3682504e-02  -6.6283462e-02
   1.7423160e-02  -6.4794841e-02
   1.6238808e-02  -5.5790209e-02
   7.5122232e-03  -4.6721858e-02
   7.5063352e-03  -3.5725962e-02
   1.2501454e-03  -2.7530412e-02
  -3.7448169e-03  -2.3420945e-02
   2.4963240e-03  -1.3498456e-02
   1.3673217e-02  -1.4787612e-02
   2.2359659e-02  -8.9522546e-03
   2.2429649e-02  -6.2855425e-03
   1.0010003e-02  -2.2542319e-03
  -6.2622137e-03   5.4157519e-03
  -3.8041437e-02   1.4300908e-01
  -3.5482223e-02   1.4766696e-01
  -3.5209708e-02   1.5738268e-01
  -4.2256669e-02   1.6142494e-01
  -4.3278514e-02   1.6484956e-01
  -4.9060532e-02   1.7072189e-01
  -4.5316037e-02   1.6971306e-01
  -4.4172077e-02   1.7185655e-01
  -4.0728563e-02   1.7312216e-01
  -4.2959237e-02   1.7473155e-01
  -4.8791003e-02   1.7792915e-01
  -5.2375364e-02   1.7412616e-01
  -5.7122041e-02   1.7597529e-01
  -5.2930780e-02   1.7363020e-01
  -4.1290348e-02   1.7114917e-01
  -3.6592493e-02   1.6350816e-01
  -3.7658219e-02   1.5784965e-01
  -4.4870894e-02   1.5588248e-01
  -5.0546857e-02   1.5506608e-01
  -5.0286999e-02   1.5667634e-01
  -5.0336289e-02   1.5384394e-01
  -4.4565470e-02   1.5119914e-01
  -3.8621103e-02   1.4840090e-01
  -3.4102147e-02   1.4426355e-01
  -3.0616101e-02   1.3909894e-01
  -2.8412684e-02   1.3698639e-01
  -2.1424080e-02   1.3486707e-01
  -1.6774727e-02   1.3389231e-01
  -1.3193400e-02   1.3060931e-01
  -2.0480266e-02   1.2487003e-01
  -2.6606419e-02   1.1809630e-01
  -3.3986313e-02   1.0749485e-01
  -3.7793977e-02   1.0274569e-01
  -4.1617280e-02   9.6524780e-02
  -4.0571625e-02   9.1300298e-02
  -3.8397246e-02   8.5866054e-02
  -3.3562026e-02   7.9596462e-02
  -3.3602440e-02   7.0809865e-02
  -4.2373931e-02   6.3468518e-02
  -4.3773818e-02   5.8598927e-02
  -4.8783595e-02   5.4446699e-02
  -4.7818472e-02   4.6926536e-02
  -3.5156621e-02   4.3164168e-02
  -3.1297585e-02   3.7561608e-02
  -2.5094409e-02   3.0355212e-02
  -2.3787924e-02   2.3939709e-02
  -2.2580971e-02   1.3564804e-02
  -1.3735248e-02   4.9491378e-03
  -1.1204614e-02  -8.9714050e-04
  -1.4968933e-02  -4.4946193e-03
   1.7850955e-02  -1.3828890e-01
   2.7251294e-02  -1.4350982e-01
   3.4422068e-02  -1.4228521e-01
   4.3853147e-02  -1.5198735e-01
   3.5796433e-02  -1.4660519e-01
   3.2030976e-02  -1.4917925e-01
   2.3668191e-02  -1.5281058e-01
   2.1124566e-02  -1.5893443e-01
   9.4484865e-03  -1.5856837e-01
   4.7090672e-03  -1.6721348e-01
   3.5396443e-03  -1.6971802e-01
   4.7024124e-03  -1.7318037e-01
  -2.3663998e-03  -1.6869842e-01
  -4.7101116e-03  -1.7772437e-01
  -1.6529569e-02  -1.6879150e-01
  -1.0544478e-02  -1.7093797e-01
  -1.5212373e-02  -1.6298799e-01
  -9.3670331e-03  -1.5652760e-01
  -8.1970382e-03  -1.5204536e-01
  -1.2989584e-02  -1.4251641e-01
  -1.3024060e-02  -1.3997637e-01
  -1.3117891e-02  -1.3174418e-01
  -1.6775967e-02  -1.3047227e-01
  -1.4476177e-02  -1.2603633e-01
  -1.8151230e-02  -1.2596290e-01
  -2.2979251e-02  -1.2686017e-01
  -3.0444025e-02  -1.2384892e-01
  -3.5357585e-02  -1.1813000e-01
  -3.4288214e-02  -1.1576180e-01
  -3.8183566e-02  -1.0868213e-01
  -4.6056278e-02  -1.0208662e-01
  -4.2408257e-02  -1.0426090e-01
  -4.5028863e-02  -1.0066696e-01
  -4.3648703e-02  -1.0035858e-01
  -4.0252790e-02  -9.3023364e-02
  -4.8089469e-02  -8.6330858e-02
  -5.2103522e-02  -8.3797156e-02
  -5.7034088e-02  -7.7326551e-02
  -5.2007791e-02  -7.7885057e-02
  -5.9968643e-02  -6.7343077e-02
  -4.9552967e-02  -6.4245564e-02
  -3.1676748e-02  -5.2389556e-02
  -1.5063488e-02  -4.8682430e-02
  -2.6205781e-02  -4.3360705e-02
  -2.9782342e-02  -3.5876599e-02
  -4.0829131e-02  -2.9471780e-02
  -4.2056396e-02  -1.2923364e-02
  -4.7200646e-02  -1.0289265e-02
  -5.1094750e-02  -8.9731512e-04
  -3.9877611e-02  -3.5904596e-03
