  -1.8942134e-01  -7.8954239e-02
   2.9101074e-01  -1.4278853e-02
   2.9763485e-01  -4.3261398e-04
   3.0528812e-01   2.0859614e-02
   3.0501229e-01   2.7812818e-02
   3.1121611e-01   4.3354758e-02
   3.1491336e-01   5.1013170e-02
   3.0681855e-01   5.9116392e-02
   2.9581293e-01   7.5920449e-02
   3.0395035e-01   7.4482534e-02
   2.8147969e-01   9.8225912e-02
   2.7871348e-01   1.0271540e-01
   2.7929543e-01   1.1087741e-01
   2.8179342e-01   1.1183422e-01
   2.7221689e-01   1.1907698e-01
   2.7145884e-01   1.2205727e-01
   2.5060736e-01   1.4372314e-01
   2.4139656e-01   1.4292401e-01
   2.0845481e-01   1.6467490e-01
   2.1906354e-01   1.5416749e-01
   2.0001618e-01   1.6234348e-01
   2.0612579e-01   1.5719729e-01
   2.0065554e-01   1.6498569e-01
   2.2489680e-01   1.8187264e-01
   2.2416533e-01   1.8593590e-01
   1.9833772e-01   1.9187665e-01
   1.6114175e-01   1.9391352e-01
   1.2814242e-01   2.0505347e-01
   1.0024638e-01   2.0185347e-01
   7.0097700e-02   2.0350323e-01
   7.2205830e-02   2.0090762e-01
   6.9905553e-02   2.0417989e-01
   5.4675947e-02   1.9083324e-01
   0.0000000e+00   1.7837553e-01
  -3.2845219e-02   1.6762705e-01
  -6.0115868e-02   1.7052959e-01
  -6.8229637e-02   1.8028652e-01
  -6.8849511e-02   1.8554189e-01
  -7.9109828e-02   1.5945830e-01
  -1.0593229e-01   1.5710211e-01
  -1.6895927e-01   1.7413302e-01
  -1.9087226e-01   1.6337492e-01
  -2.2529329e-01   1.6682741e-01
  -2.4343697e-01   1.6439600e-01
  -2.9693451e-01   1.7491235e-01
  -3.0647714e-01   1.7214809e-01
  -3.1604475e-01   1.5533872e-01
  -3.4611511e-01   1.5637971e-01
  -3.9466983e-01   1.5065822e-01
  -4.0309643e-01   1.4821207e-01
  -4.3858458e-01  -8.3681164e-02
  -4.2154025e-01  -8.8767420e-02
  -4.0087533e-01  -1.0459323e-01
  -3.6762925e-01  -1.1442200e-01
  -3.5100719e-01  -1.1330278e-01
  -2.9160294e-01  -1.1381167e-01
  -2.7466272e-01  -1.2125783e-01
  -2.5827222e-01  -1.3151929e-01
  -2.6183215e-01  -1.2656712e-01
  -2.2583114e-01  -1.4656505e-01
  -2.0989032e-01  -1.3846542e-01
  -1.7707687e-01  -1.4818407e-01
  -1.6485941e-01  -1.3107011e-01
  -1.2985113e-01  -1.3524781e-01
  -1.3427164e-01  -1.3310829e-01
  -1.3378835e-01  -1.4630680e-01
  -1.0615807e-01  -1.5552062e-01
  -3.3151135e-02  -1.3747437e-01
  -2.8346976e-02  -1.2796455e-01
  -2.9312805e-02  -1.2228091e-01
   2.2194407e-02  -1.2008778e-01
   6.2774431e-02  -1.2119555e-01
   7.8678126e-02  -1.0828179e-01
   1.0748260e-01  -1.0877491e-01
   1.0352010e-01  -1.0847503e-01
   1.1171052e-01  -1.1076957e-01
   1.1926726e-01  -1.0195305e-01
   1.3166754e-01  -9.3743643e-02
   1.4737458e-01  -9.5264309e-02
   1.7466204e-01  -1.0004861e-01
   1.9256075e-01  -9.3244292e-02
   2.0344933e-01  -6.7393621e-02
   2.6784365e-01  -9.2878149e-02
   2.7232324e-01  -6.0993689e-02
   2.7977059e-01  -6.1103738e-02
   2.9832178e-01  -4.7806667e-02
   3.1872631e-01  -4.7809941e-02
   3.5150536e-01  -3.2254568e-02
   3.7590929e-01  -3.5608821e-02
   3.6788167e-01  -1.5890126e-02
   3.7205939e-01  -6.8241007e-03
   3.8793120e-01   5.5748297e-03
   4.0747702e-01   3.0031857e-03
   4.2368783e-01   1.2038018e-02
   4.3907444e-01   1.2782549e-02
   4.2410831e-01   3.3249674e-02
   4.1676459e-01   3.6761524e-02
   4.0225900e-01   4.5171332e-02
   3.9248853e-01   5.3517415e-02
   2.5375728e-02   2.1279188e-01
   9.6523321e-03   2.0079112e-01
  -2.0783370e-02   1.7787591e-01
  -8.2927447e-02   1.8465135e-01
  -9.4260105e-02   1.8918491e-01
  -9.9725492e-02   1.8837781e-01
  -1.2318270e-01   1.7858122e-01
  -1.3965269e-01   1.7810883e-01
  -1.7416391e-01   1.7089865e-01
  -1.9608822e-01   1.6260546e-01
  -2.3653212e-01   1.6719704e-01
  -2.7046369e-01   1.6116290e-01
  -2.8706312e-01   1.6409362e-01
  -2.9636375e-01   1.5569361e-01
  -3.0498901e-01   1.5323685e-01
  -3.3251181e-01   1.3427085e-01
  -3.5623794e-01   1.3283239e-01
  -3.7863512e-01   1.1467720e-01
  -4.1974041e-01   1.1605083e-01
  -4.6015656e-01   9.6359971e-02
  -4.7499067e-01   9.5487001e-02
  -4.9189079e-01   9.8484796e-02
  -5.0801881e-01   8.5092318e-02
  -5.1837424e-01   8.2163273e-02
  -5.4603545e-01   6.8324570e-02
  -5.4852078e-01   6.9649317e-02
  -5.5078200e-01   5.6416449e-02
  -5.7637048e-01   4.8619252e-02
  -5.8797546e-01   4.4831220e-02
  -5.7105584e-01   3.9404535e-02
  -5.7542884e-01   3.5540850e-02
  -5.7701487e-01   3.3359945e-02
  -5.7753505e-01   2.1643221e-02
  -5.8207300e-01   8.2500645e-03
  -6.0322377e-01   7.4286934e-03
  -6.0201056e-01   8.7242409e-04
  -5.9788576e-01  -4.8150735e-03
  -5.8053995e-01  -1.8860246e-02
  -5.8053022e-01  -2.0131720e-02
  -5.5442615e-01  -3.3228674e-02
  -5.2998648e-01  -5.3953741e-02
  -5.0511690e-01  -5.8938164e-02
  -5.2499789e-01  -6.7257620e-02
  -5.0266733e-01  -5.4165922e-02
  -4.4441822e-01  -7.5308002e-02
  -4.3095417e-01  -8.3409594e-02
  -4.1968629e-01  -9.5103199e-02
  -3.6761970e-01  -1.0422380e-01
  -3.5897772e-01  -1.0308224e-01
   1.2460028e-01  -5.3540289e-02
   1.5804300e-01  -5.7858508e-02
   1.5653747e-01  -4.5448030e-02
   1.6928324e-01  -4.4083689e-02
   1.7215002e-01  -3.9779618e-02
   1.8404720e-01  -3.8328651e-02
   1.6818721e-01  -1.5905103e-02
   2.7404731e-01  -3.3379932e-02
   2.6454607e-01  -3.4845121e-03
   2.9364589e-01  -1.9047954e-02
   3.2499808e-01  -1.9248927e-02
   3.3935483e-01  -1.6127415e-02
   3.5173152e-01  -8.1559970e-03
   3.6458901e-01  -6.4730059e-03
   3.6500000e-01   0.0000000e+00
   3.5284247e-01   3.9016245e-03
   3.6736378e-01   1.2990746e-03
   3.8386120e-01   4.7795351e-03
   3.8955195e-01   1.5171336e-02
   3.9534021e-01   1.6916635e-02
   3.8339003e-01   2.3390963e-02
   3.9360637e-01   3.2237096e-02
   4.1456117e-01   3.3669368e-02
   4.2248778e-01   3.3964408e-02
   4.2415693e-01   3.9182835e-02
   4.3411176e-01   3.7128524e-02
   4.4970304e-01   3.8857133e-02
   4.3861265e-01   4.5257312e-02
   4.1410875e-01   7.0074769e-02
   4.1832798e-01   6.9855742e-02
   4.1516369e-01   7.1366035e-02
   4.0969731e-01   7.3856505e-02
   4.0194259e-01   7.5103860e-02
   4.0847096e-01   8.5644419e-02
   4.1523213e-01   8.7974828e-02
   4.1671699e-01   9.5375609e-02
   4.1779349e-01   1.0383403e-01
   4.0186621e-01   1.0746130e-01
   3.6853007e-01   1.2507991e-01
   3.6902798e-01   1.2814673e-01
   3.5302917e-01   1.4025967e-01
   3.4090525e-01   1.4804706e-01
   3.1586522e-01   1.6030973e-01
   3.3389737e-01   1.5121031e-01
   3.2721073e-01   1.6756028e-01
   3.1603219e-01   1.6407404e-01
   2.9378581e-01   1.6753133e-01
   2.7310924e-01   1.6290849e-01
   2.4680923e-01   1.5733583e-01
  -2.7812571e-01   1.0266850e-01
  -2.7579255e-01   9.7427248e-02
  -2.8350706e-01   1.0215437e-01
  -2.9337299e-01   8.4482076e-02
  -3.1492321e-01   8.8782955e-02
  -3.2868751e-01   7.5407270e-02
  -3.3476835e-01   8.0090206e-02
  -3.5512641e-01   7.3699599e-02
  -3.9211359e-01   6.9882346e-02
  -3.8740232e-01   5.2324367e-02
  -3.9491079e-01   4.9550241e-02
  -4.1288572e-01   2.7416001e-02
  -4.3209481e-01   3.4810606e-02
  -4.2545344e-01   3.0447970e-02
  -4.1744656e-01   4.4534064e-02
  -4.2181243e-01   2.7864713e-02
  -4.5284794e-01   3.1324438e-02
  -4.5542896e-01   2.3653213e-02
  -4.4266258e-01   2.2484838e-02
  -4.4214922e-01   1.3201752e-02
  -4.6186221e-01   9.6622120e-03
  -4.4352435e-01  -5.7010321e-03
  -4.4015099e-01  -1.4860174e-02
  -4.5046331e-01  -1.4384752e-02
  -4.3682273e-01  -1.4935106e-02
  -4.2710523e-01  -2.0233665e-02
  -4.2746299e-01  -2.6114034e-02
  -4.2688999e-01  -3.0284128e-02
  -4.1273122e-01  -2.3836095e-02
  -3.9795946e-01  -3.0059922e-02
  -4.1511649e-01  -3.2909384e-02
  -3.9562698e-01  -1.9220529e-02
  -3.7446536e-01  -2.6499283e-02
  -3.8944789e-01  -3.2984710e-02
  -3.6196116e-01  -4.2823354e-02
  -3.3049961e-01  -6.1041257e-02
  -3.0021909e-01  -7.6107112e-02
  -2.6326947e-01  -8.1027433e-02
  -2.2404283e-01  -9.7677908e-02
  -1.9323286e-01  -1.0488627e-01
  -1.9072707e-01  -1.0537007e-01
  -1.8440812e-01  -1.0418729e-01
  -1.5070881e-01  -1.0822225e-01
  -1.2701684e-01  -1.0586249e-01
  -1.0594480e-01  -1.1805103e-01
  -4.4178072e-02  -1.3989126e-01
  -4.0196726e-02  -1.2336363e-01
  -4.2714077e-02  -1.2360756e-01
  -5.1995153e-02  -1.1462881e-01
   3.3866201e-01  -3.6330786e-02
   3.2913318e-01  -1.1419334e-02
   3.3952900e-01  -1.7620308e-02
   3.2171755e-01  -1.4309065e-02
   3.0186606e-01  -9.9789024e-03
   3.0355009e-01  -6.3283440e-03
   3.1445532e-01  -5.3349103e-03
   3.0480416e-01   1.1204043e-02
   3.4309068e-01   1.3888331e-02
   3.4341265e-01   2.1457098e-02
   3.5271505e-01   2.6907381e-02
   3.6332828e-01   3.9938643e-02
   3.6533007e-01   5.4372526e-02
   3.5018484e-01   5.9893416e-02
   3.2792642e-01   8.1310369e-02
   3.1618259e-01   1.0473221e-01
   3.2955815e-01   8.1330594e-02
   2.9483830e-01   1.0434477e-01
   3.0847027e-01   1.0180792e-01
   2.9557486e-01   1.1349134e-01
   2.9081298e-01   1.2166833e-01
   3.0601936e-01   1.2898328e-01
   3.1837737e-01   1.3075105e-01
   3.0088428e-01   1.2746906e-01
   2.7948425e-01   1.1330517e-01
   3.2911287e-01   1.5634014e-01
   4.0024949e-01   9.9710651e-02
   2.5348575e-01   1.5058109e-01
   3.0422551e-01   1.4443415e-01
   3.1456828e-01   1.4470266e-01
   3.3012057e-01   1.5080193e-01
   3.0218637e-01   1.6781425e-01
   2.8391985e-01   1.3386301e-01
   2.6492992e-01   2.0350678e-01
   2.6562719e-01   2.0300226e-01
   2.5389153e-01   2.0222481e-01
   2.1781051e-01   1.6432935e-01
   2.0435875e-01   1.7875345e-01
   2.0618412e-01   1.7004308e-01
   2.0015204e-01   1.7234382e-01
   1.7716423e-01   1.8494517e-01
   1.7138259e-01   1.8101651e-01
   1.4610546e-01   2.0610606e-01
   1.2045396e-01   2.0939876e-01
   9.2629589e-02   1.8434019e-01
   6.9829111e-02   1.7553020e-01
   5.9998329e-02   1.5701569e-01
   4.8616019e-03   1.7724417e-01
  -8.5963066e-03   1.6198497e-01
  -3.3387347e-01   6.2971595e-02
  -3.6984211e-01   5.6063624e-02
  -3.8522066e-01   2.7358893e-02
  -3.9963987e-01   3.5497850e-02
  -3.7428131e-01   2.6498457e-02
  -3.8221178e-01   1.7768393e-02
  -4.0719166e-01   7.6921244e-03
  -4.0631376e-01   8.1289012e-03
  -3.8957347e-01   2.7320959e-03
  -3.8137985e-01   5.8864714e-03
  -3.7607702e-01  -1.7116919e-02
  -3.8248471e-01  -4.9427679e-03
  -3.3673417e-01  -1.4865911e-02
  -3.4775813e-01  -1.2466952e-02
  -3.4881733e-01  -2.4404888e-02
  -3.4176214e-01  -2.3503899e-02
  -3.3260456e-01  -2.4236309e-02
  -3.7271007e-01  -1.7387456e-02
  -2.7841359e-01  -3.3456583e-02
  -3.1472617e-01  -2.1826477e-02
  -2.3816685e-01  -5.3770579e-02
  -2.5984485e-01  -5.1139146e-02
  -2.6521433e-01  -5.0940009e-02
  -2.7243418e-01  -4.7107302e-02
  -2.5748643e-01  -4.3201665e-02
  -2.3571865e-01  -4.4149049e-02
  -2.2495188e-01  -5.4436626e-02
  -2.6453926e-01  -5.3326573e-02
  -2.5033615e-01  -5.7077323e-02
  -2.0921683e-01  -7.5385821e-02
  -1.9170111e-01  -7.6814813e-02
  -1.7467690e-01  -6.5675692e-02
  -1.6078161e-01  -7.3454395e-02
  -1.7485738e-01  -5.5684532e-02
  -1.4838857e-01  -6.5279374e-02
  -1.4849613e-01  -6.9771673e-02
  -1.7572665e-01  -4.8402784e-02
  -1.3135524e-01  -6.8992768e-02
  -1.2893912e-01  -5.6887121e-02
  -1.0101455e-01  -7.0777830e-02
  -1.0149985e-01  -5.5547158e-02
  -7.0444469e-02  -6.1030240e-02
  -2.4472941e-03  -5.7347538e-02
   1.3481422e-02  -5.8795235e-02
   2.6023781e-01   1.1997125e-01
   2.3500886e-01   1.4412332e-01
   2.4707500e-01   1.4042102e-01
   2.4910846e-01   1.2607796e-01
   2.4971405e-01   1.2335127e-01
   2.3354401e-01   1.3057736e-01
   2.1194691e-01   1.3922929e-01
   2.2563576e-01   1.5135581e-01
   2.3401359e-01   1.2392696e-01
   2.0186413e-01   1.5266949e-01
   2.0262803e-01   1.4983598e-01
   1.6082893e-01   1.3379196e-01
   1.2574474e-01   1.4243173e-01
   1.4309904e-01   1.4073704e-01
   1.4108209e-01   1.3120181e-01
   1.1748492e-01   1.3089563e-01
   1.2637586e-01   1.6416536e-01
   9.4867956e-02   2.0783245e-01
   7.8493933e-02   1.5453479e-01
   1.8769729e-02   1.3061720e-01
   6.1305763e-03   1.4291777e-01
  -4.8526967e-03   1.4328051e-01
  -2.7004013e-02   1.7079328e-01
  -1.2075654e-02   1.4405714e-01
  -2.3324347e-02   1.4103593e-01
  -1.4645012e-02   1.5141818e-01
  -4.4496139e-02   1.6329263e-01
  -8.2771053e-02   1.5787427e-01
  -8.3947721e-02   1.4642001e-01
  -7.6939490e-02   1.2746403e-01
  -1.1195980e-01   1.4262070e-01
  -1.1904395e-01   1.4528430e-01
  -1.3066601e-01   1.5270529e-01
  -1.4068648e-01   1.4365751e-01
  -1.4957023e-01   1.5080359e-01
  -1.6811011e-01   1.5007125e-01
  -2.1743454e-01   1.5510782e-01
  -2.3191898e-01   1.4121765e-01
  -2.9574998e-01   1.6026355e-01
  -2.9804900e-01   1.4672437e-01
  -3.2876306e-01   1.5535116e-01
  -3.2532756e-01   1.5606875e-01
  -3.2252914e-01   1.5799345e-01
  -3.4902368e-01   1.5427726e-01
  -3.4530519e-01   1.6345328e-01
  -3.6882801e-01   1.5526068e-01
  -3.9487578e-01   1.6261163e-01
  -3.9133878e-01   1.6317220e-01
  -4.1144783e-01   1.7378295e-01
  -3.6962295e-01  -3.1521102e-02
  -3.5442664e-01  -4.1245941e-02
  -3.4420455e-01  -4.7607985e-02
  -3.3051043e-01  -6.6533860e-02
  -2.9040897e-01  -6.0687122e-02
  -2.4973539e-01  -7.4600902e-02
  -2.5557266e-01  -8.3239378e-02
  -2.4272607e-01  -8.4669897e-02
  -2.1782180e-01  -8.2658591e-02
  -2.1380643e-01  -1.0330106e-01
  -1.2948338e-01  -9.5362181e-02
  -1.5722705e-01  -9.5495845e-02
  -1.4895752e-01  -1.0312066e-01
  -1.5020080e-01  -1.0076564e-01
  -1.3114410e-01  -1.0411463e-01
  -1.1100738e-01  -1.0688078e-01
  -1.1588663e-01  -1.0665859e-01
  -9.3502277e-02  -1.0577861e-01
  -7.3934896e-02  -1.0861103e-01
  -6.6269712e-02  -1.0795801e-01
  -6.2078053e-02  -9.5423371e-02
  -2.9046263e-02  -9.9157964e-02
  -2.6684992e-02  -9.6579410e-02
  -2.1879911e-02  -1.0056868e-01
  -2.2954828e-02  -9.4322976e-02
  -7.3222702e-03  -9.2051794e-02
   8.5441046e-03  -8.4610578e-02
   2.0612150e-02  -8.1260761e-02
   2.7754919e-02  -7.8119548e-02
   3.5236087e-02  -6.7275480e-02
   5.8121558e-02  -7.4229668e-02
   5.8437531e-02  -6.4194606e-02
   6.9000249e-02  -6.3344749e-02
   5.6357685e-02  -3.9848636e-02
   8.6119455e-02  -4.9128252e-02
   9.0414049e-02  -5.1717284e-02
   1.0966926e-01  -5.7773776e-02
   1.3692969e-01  -4.8897113e-02
   1.6210278e-01  -4.0664112e-02
   1.7712626e-01  -1.9625516e-02
   2.0688492e-01  -2.6584525e-02
   2.0574213e-01  -2.3537646e-02
   2.0733641e-01  -2.4741679e-02
   2.1682758e-01  -2.3643319e-02
   2.1844520e-01  -3.5231969e-03
   2.4697256e-01  -2.0631842e-02
   2.5293140e-01  -2.3575560e-02
   2.7740579e-01  -1.4323144e-02
   3.0834830e-01   4.0315238e-02
   1.1592630e-01   1.9177061e-01
   9.0382850e-02   2.0141205e-01
   6.3958314e-02   1.9220210e-01
   6.2737789e-02   1.8390794e-01
   5.6375469e-02   1.6535322e-01
   4.2204891e-02   1.7229271e-01
   6.9320641e-02   1.5471132e-01
   6.4783564e-02   1.6088666e-01
   4.0333839e-02   1.5690810e-01
   1.2870925e-03   1.5520962e-01
  -3.2229637e-02   1.5598572e-01
  -7.1782221e-02   1.5915119e-01
  -1.0681028e-01   1.7117535e-01
  -1.2282300e-01   1.7067597e-01
  -1.2860772e-01   1.5557552e-01
  -1.5056995e-01   1.5598576e-01
  -1.4622250e-01   1.4152025e-01
  -1.6800913e-01   1.4279509e-01
  -2.2429835e-01   1.3698371e-01
  -2.6035289e-01   1.4105139e-01
  -2.9077690e-01   1.2172488e-01
  -3.0690893e-01   1.2874399e-01
  -3.2549433e-01   1.2429309e-01
  -3.4859600e-01   1.2372703e-01
  -3.7227834e-01   1.1260877e-01
  -3.7615425e-01   1.6677521e-01
  -3.6874514e-01   1.0305562e-01
  -4.5125280e-01   1.4355740e-01
  -4.1188723e-01   9.4817123e-02
  -4.7123296e-01   1.2473693e-01
  -4.4890312e-01   9.6475668e-02
  -4.6670305e-01   1.1396861e-01
  -4.5449453e-01   8.3070690e-02
  -4.7847754e-01   8.1506460e-02
  -4.6397750e-01   7.5508283e-02
  -4.8913945e-01   7.2253100e-02
  -4.7701588e-01   6.6375576e-02
  -4.7221166e-01   5.8444521e-02
  -4.6704189e-01   6.6162932e-02
  -4.6411908e-01   5.2397423e-02
  -4.4093286e-01   3.1487320e-02
  -4.3533124e-01   2.6307104e-02
  -4.2486970e-01   1.8709716e-02
  -4.2809284e-01   1.0847300e-02
  -4.2408375e-01   2.1897856e-03
