   2.6271878e-02   1.1366522e-01
   2.3625452e-02   1.3085634e-01
   3.4429702e-02   1.2575643e-01
   2.7119754e-02   1.3541842e-01
   2.3547904e-02   1.3135078e-01
   1.7604027e-02   1.3813387e-01
   1.8827674e-02   1.3707628e-01
   1.0563542e-02   1.4108106e-01
   1.8900439e-02   1.3570763e-01
   1.4120198e-02   1.4787581e-01
   2.2356817e-02   1.4637262e-01
   1.2904470e-02   1.5085341e-01
   7.1004573e-03   1.4384934e-01
   2.3753229e-03   1.4144774e-01
   3.5560847e-03   1.3819535e-01
   5.9351930e-03   1.3595808e-01
   0.0000000e+00   1.3403614e-01
  -1.0657901e-02   1.3171467e-01
  -1.0666569e-02   1.3037972e-01
  -8.3127997e-03   1.2873057e-01
  -4.7861566e-03   1.2445573e-01
  -5.9985702e-03   1.2336033e-01
  -1.1996959e-03   1.1807029e-01
  -1.1936028e-03   1.1458078e-01
   0.0000000e+00   1.0825523e-01
   2.3928257e-03   1.0825502e-01
  -2.4027544e-03   1.0402577e-01
  -1.2041104e-03   9.7260431e-02
  -1.2110020e-03   9.1316271e-02
  -3.6315363e-03   8.5269079e-02
  -3.6300700e-03   7.8815569e-02
  -2.4236825e-03   7.4830698e-02
   1.2088797e-03   7.0564881e-02
   0.0000000e+00   6.6727905e-02
   1.2222973e-03   5.4127590e-02
  -6.1278227e-03   5.1567788e-02
  -1.2309140e-03   4.1426406e-02
   0.0000000e+00   3.3441884e-02
  -2.4710628e-03   2.4969890e-02
  -3.7206128e-03   1.7889366e-02
   4.9799576e-03   1.9757659e-02
   1.0000200e-02   1.9837241e-02
   1.3755285e-02   1.5779162e-02
   1.3731353e-02   1.1697962e-02
  -7.4836116e-03  -8.0907605e-03
  -8.6696002e-03  -8.0339043e-03
  -6.1673418e-03  -9.7800978e-03
  -2.4547833e-03  -8.8469010e-03
   0.0000000e+00  -8.8822355e-03
   1.2306402e-03  -1.4641069e-02
   2.3369173e-02  -2.0848702e-02
   2.6838904e-02  -2.2882812e-02
   2.9102479e-02  -3.6817295e-02
   9.7166139e-03  -3.8656248e-02
   7.2766581e-03  -4.5685280e-02
   8.4432485e-03  -4.3669235e-02
   1.8119025e-02  -4.5938956e-02
   1.8188278e-02  -5.0562628e-02
   1.9542185e-02  -5.3180498e-02
   1.9499235e-02  -5.7554896e-02
   1.0987596e-02  -6.1729047e-02
   3.1665912e-02  -7.1993701e-02
   3.8942293e-02  -7.4202853e-02
   3.0391945e-02  -7.9630119e-02
   2.8016445e-02  -7.7041646e-02
   3.0330511e-02  -8.2217120e-02
   1.3350167e-02  -8.1348735e-02
   3.6504518e-03  -8.4804029e-02
   2.4423312e-03  -8.0949585e-02
   1.3431384e-02  -8.3712178e-02
   2.0789116e-02  -8.2445119e-02
   2.6842938e-02  -8.5487112e-02
   1.5846408e-02  -9.2401340e-02
   1.9404656e-02  -9.4706656e-02
   2.7841925e-02  -9.8713643e-02
   2.1777692e-02  -9.7732318e-02
   2.4113529e-02  -1.0486857e-01
   1.3243905e-02  -1.0566993e-01
   1.1955867e-02  -1.0958080e-01
   1.4374062e-02  -1.0979731e-01
   1.4333540e-02  -1.1324038e-01
   1.4318413e-02  -1.1880645e-01
   1.5448981e-02  -1.2066783e-01
   1.7789415e-02  -1.2421343e-01
   2.9516912e-02  -1.2502106e-01
   3.1794988e-02  -1.2608965e-01
   3.3001637e-02  -1.2287853e-01
   3.5471505e-02  -1.1902570e-01
   3.4410071e-02  -1.1805732e-01
   3.9223127e-02  -1.1494811e-01
   3.8150379e-02  -1.1485183e-01
   4.3060679e-02  -1.1429096e-01
   4.3132191e-02  -1.0928998e-01
   5.0342523e-02  -1.0649331e-01
   5.3053405e-02  -9.6375471e-02
   4.9493576e-02  -9.6039313e-02
   3.9993572e-02  -9.1803534e-02
   4.3773393e-02  -8.8852622e-02
   5.0073911e-02  -9.2516654e-02
   4.8939084e-02  -9.0815540e-02
   4.9168348e-02  -8.7032874e-02
   4.6964085e-02  -8.3771315e-02
   3.9716587e-02  -8.0865904e-02
   5.2118626e-02  -8.1288865e-02
   5.2297395e-02  -7.2206310e-02
   4.8172226e-02  -6.2880520e-02
   4.3192790e-02  -5.1899426e-02
   4.1921932e-02  -5.1402160e-02
   3.4596437e-02  -4.2470624e-02
   2.9775534e-02  -4.2197516e-02
   3.7243235e-02  -3.9048711e-02
   3.1066557e-02  -3.3667392e-02
   3.1133706e-02  -3.2835820e-02
   3.6106032e-02  -2.7856738e-02
   2.9926725e-02  -2.3840302e-02
   2.9884848e-02  -1.7956390e-02
   2.8572280e-02  -7.6086274e-03
   3.2237916e-02  -3.5730800e-03
   2.2272358e-02   6.2414699e-03
   1.2419621e-02   1.2534577e-02
   6.1833532e-03   1.6051903e-02
   2.4802035e-03   1.8783882e-02
   4.9661912e-03   1.7011935e-02
   7.5087242e-03   1.8503714e-02
   1.3794502e-02   1.8088301e-02
   1.3731718e-02   2.2969224e-02
   7.4709653e-03   3.3745587e-02
   2.4692174e-03   4.6065234e-02
  -9.8925864e-03   5.5679316e-02
  -1.6125786e-02   6.2276535e-02
  -3.6950736e-03   6.5493652e-02
  -2.4528290e-03   6.9321468e-02
  -7.3679568e-03   6.8494728e-02
  -1.1041722e-02   7.1179175e-02
  -1.5848531e-02   7.4828499e-02
  -1.3287927e-02   8.7841178e-02
  -2.0528533e-02   9.7538431e-02
  -2.5178318e-02   1.0989077e-01
  -1.9080213e-02   1.1068249e-01
  -3.0130384e-02   1.2587739e-01
  -2.7306025e-02   1.1342782e-01
  -1.3124275e-02   1.2070840e-01
  -1.6710712e-02   1.2171648e-01
  -1.9093998e-02   1.2553099e-01
  -2.2460953e-02   1.3289814e-01
  -1.7727468e-02   1.3335166e-01
  -2.6867407e-02   1.4225684e-01
  -2.5396372e-02   1.5254795e-01
  -3.5898905e-02   1.5651616e-01
  -1.7269892e-02   1.5211639e-01
  -2.9992506e-02   1.6333341e-01
  -2.1198075e-02   1.5399579e-01
  -1.8831204e-02   1.6200200e-01
  -1.4235162e-02   1.5374873e-01
  -2.2640998e-02   1.4095066e-01
  -2.3639405e-02   1.5310629e-01
  -2.2526602e-02   1.4710632e-01
  -2.0327775e-02   1.4498846e-01
  -9.5393952e-03   1.4306324e-01
  -2.2569669e-02   1.3800092e-01
  -2.6228581e-02   1.3216797e-01
  -2.9965251e-02   1.2999386e-01
  -1.9138977e-02   1.3168482e-01
  -1.7837809e-02   1.2122893e-01
  -1.7843600e-02   1.1889000e-01
  -2.1606937e-02   1.1145482e-01
  -1.3191708e-02   1.0946338e-01
   0.0000000e+00   1.1058648e-01
  -7.1870312e-03   1.0980322e-01
  -3.6018760e-03   1.0724452e-01
  -2.4015378e-03   1.0303373e-01
   1.0888120e-02   8.4293715e-02
   9.7382211e-03   7.8841316e-02
   2.4398064e-03   7.5801451e-02
   7.3143075e-03   6.9349404e-02
   7.3333096e-03   6.4523839e-02
   0.0000000e+00   5.9007976e-02
   0.0000000e+00   5.4850895e-02
   4.8591530e-03   4.2652829e-02
   1.8317466e-02   3.6196389e-02
   2.3384451e-02   3.1113277e-02
   2.3400946e-02   2.6224048e-02
   2.3373346e-02   1.9074345e-02
   2.5825474e-02   9.7488637e-03
   2.2204203e-02   8.0007046e-03
   1.9700653e-02   2.2180628e-03
   3.1883711e-02  -6.1846320e-03
   3.2064469e-02  -1.2887761e-02
   4.1818519e-02  -2.0840472e-02
   4.5618334e-02  -2.5792351e-02
   4.5746952e-02  -2.7207950e-02
   4.4297944e-02  -3.2431581e-02
   4.1786887e-02  -3.9098332e-02
   3.5570317e-02  -4.3948663e-02
   3.5592460e-02  -4.9819055e-02
   3.9131916e-02  -5.2326317e-02
   4.0148053e-02  -5.2947824e-02
   4.2550805e-02  -5.5591499e-02
   4.2627086e-02  -5.9739903e-02
   3.8865948e-02  -6.5434101e-02
   4.2494550e-02  -6.9475294e-02
   4.7384055e-02  -7.3150106e-02
   5.3569402e-02  -7.8322467e-02
   5.2182027e-02  -7.8979205e-02
   5.0771997e-02  -7.8669044e-02
   5.0829642e-02  -7.8304785e-02
   5.2017723e-02  -8.1921912e-02
   4.6043783e-02  -8.5293209e-02
   5.1963009e-02  -9.1494043e-02
   5.3240107e-02  -9.9536455e-02
   4.6976742e-02  -1.0470465e-01
   3.8644199e-02  -1.0360116e-01
   4.5838625e-02  -1.0581157e-01
   4.2557218e-02  -1.0197165e-01
   4.2409666e-02  -1.0490448e-01
   4.1209268e-02  -1.0636023e-01
   3.9999235e-02  -1.1017630e-01
   4.3541450e-02  -1.1421152e-01
   4.3437837e-02  -1.1487882e-01
   3.9446378e-02  -1.2089167e-01
   3.9542977e-02  -1.1833366e-01
   3.9360648e-02  -1.2637142e-01
   3.7077734e-02  -1.3015833e-01
   2.7608916e-02  -1.2582463e-01
   4.4260733e-02  -1.2820722e-01
   5.0208620e-02  -1.2760494e-01
   4.8655369e-02  -1.3142722e-01
   4.4965889e-02  -1.2958748e-01
   4.5126565e-02  -1.2527440e-01
   4.5154651e-02  -1.2248680e-01
   5.4655909e-02  -1.1910314e-01
   5.8567779e-02  -1.1556135e-01
   5.3801730e-02  -1.1135981e-01
   5.4132198e-02  -1.1113663e-01
   4.3224064e-02  -1.1095489e-01
   5.0798359e-02  -1.1418424e-01
   4.7407185e-02  -1.1240431e-01
   4.6580903e-02  -1.1196243e-01
  -4.7756403e-03   1.1036267e-01
  -4.7834992e-03   1.1102706e-01
   0.0000000e+00   1.1955224e-01
  -7.0800900e-03   1.2260437e-01
  -7.0208429e-03   1.3336560e-01
  -5.8613648e-03   1.3991867e-01
  -5.8529728e-03   1.4213257e-01
  -1.7512573e-02   1.5202089e-01
  -9.3680436e-03   1.4463149e-01
  -4.6840218e-03   1.4463494e-01
  -8.1947877e-03   1.4951634e-01
  -9.3570634e-03   1.4936586e-01
  -2.1129260e-02   1.4994547e-01
  -1.8912408e-02   1.4861333e-01
  -1.6628859e-02   1.4741678e-01
  -2.2751154e-02   1.3971481e-01
  -2.0430016e-02   1.3235085e-01
  -2.7548226e-02   1.3283344e-01
  -2.6373359e-02   1.2807444e-01
  -2.8789972e-02   1.2524582e-01
  -3.1118783e-02   1.2735546e-01
  -4.1839830e-02   1.2425481e-01
  -3.5871939e-02   1.1855366e-01
  -3.5753738e-02   1.1908739e-01
  -2.3917260e-02   1.0912088e-01
  -1.5548632e-02   1.0493152e-01
  -9.5852379e-03   9.7216396e-02
  -4.8097709e-03   9.1564883e-02
  -7.2158159e-03   9.3426196e-02
   0.0000000e+00   8.6343284e-02
  -6.0341763e-03   8.7757876e-02
  -3.6424692e-03   7.7719213e-02
   3.6150419e-03   7.1234865e-02
   0.0000000e+00   6.4390486e-02
   4.8795842e-03   5.7619065e-02
   7.3461457e-03   5.1516042e-02
   4.6240583e-02  -8.7060154e-02
   4.8448023e-02  -9.3116621e-02
   5.4525847e-02  -9.2205914e-02
   5.5483172e-02  -9.7796586e-02
   5.0306805e-02  -9.9883168e-02
   4.5755783e-02  -1.0138683e-01
   3.9321332e-02  -1.0446842e-01
   3.5772348e-02  -1.0502294e-01
   3.5876479e-02  -1.0115175e-01
   3.6974809e-02  -1.1585774e-01
   3.9206753e-02  -1.2105613e-01
   4.3765584e-02  -1.2522362e-01
   5.6731611e-02  -1.2984641e-01
   5.6722390e-02  -1.3175011e-01
   5.0669919e-02  -1.3475160e-01
   4.7273247e-02  -1.3326028e-01
   4.7151660e-02  -1.3579005e-01
   4.6311965e-02  -1.3201538e-01
   6.3064357e-02  -1.3514500e-01
   6.4403287e-02  -1.3303389e-01
   7.2516657e-02  -1.3494734e-01
   6.7734359e-02  -1.2909823e-01
   6.5358169e-02  -1.2574495e-01
   5.1229948e-02  -1.1236486e-01
   5.1205841e-02  -1.0949307e-01
   5.0234043e-02  -1.0484878e-01
   5.0471887e-02  -1.0537210e-01
   5.2065277e-02  -1.0431815e-01
   5.6991668e-02  -1.0540624e-01
   5.4987571e-02  -1.0008851e-01
   5.6266613e-02  -9.3582835e-02
   5.2907652e-02  -8.7109928e-02
   5.5482173e-02  -8.2137678e-02
   5.0772271e-02  -7.8780652e-02
   4.5810842e-02  -7.9246213e-02
   4.1022311e-02  -7.1177884e-02
   4.4906800e-02  -7.0024151e-02
   4.6270838e-02  -6.5541553e-02
   4.4050808e-02  -5.8045706e-02
   4.1447787e-02  -5.0529015e-02
   4.3795315e-02  -4.4834058e-02
   3.5026707e-02  -3.6164224e-02
   2.8618416e-02  -3.1905532e-02
   2.3666839e-02  -2.4268258e-02
   2.4905306e-02  -2.6514792e-02
   1.7511162e-02  -2.3466195e-02
   8.3014513e-03   1.4368965e-01
   7.0878624e-03   1.4803157e-01
   4.7045486e-03   1.5732195e-01
   1.0535924e-02   1.6103672e-01
  -1.1576318e-03   1.6810112e-01
  -1.1592795e-02   1.6887703e-01
  -2.3131225e-02   1.7197838e-01
  -1.1658058e-02   1.6945095e-01
  -8.1353222e-03   1.7090804e-01
  -1.6424768e-02   1.6911906e-01
  -3.7879629e-02   1.6661485e-01
  -1.7815259e-02   1.6213033e-01
  -1.1800646e-02   1.5689164e-01
  -2.3657691e-02   1.5779769e-01
  -3.0917764e-02   1.4258471e-01
  -2.6197996e-02   1.3885966e-01
  -3.3364004e-02   1.3942846e-01
  -3.8217483e-02   1.3581366e-01
  -3.5862107e-02   1.3106004e-01
  -3.2201643e-02   1.3318153e-01
  -2.1435163e-02   1.2910041e-01
  -2.2607694e-02   1.3043812e-01
  -5.9633980e-03   1.1780572e-01
  -2.3814988e-03   1.1712838e-01
   0.0000000e+00   1.1047358e-01
  -4.8030756e-03   1.0303311e-01
  -8.4127020e-03   1.0125501e-01
  -8.4359491e-03   9.9677558e-02
  -6.0700898e-03   9.2483774e-02
  -2.4341746e-03   8.6676532e-02
   4.8995087e-03   7.5658341e-02
   8.5835853e-03   6.9767118e-02
   9.8213938e-03   7.2147709e-02
   4.9483996e-03   5.0241527e-02
  -1.4859878e-02   6.1250543e-02
   3.7433945e-03   3.8813208e-02
  -1.3691378e-02   3.5993729e-02
  -2.4947751e-03   2.0697632e-02
   5.0233949e-03   1.2675378e-02
   2.3933401e-02   1.3165893e-02
   3.0239215e-02   8.6249650e-03
   3.3950509e-02   8.1537414e-03
   3.3778578e-02   8.1124667e-03
   3.1092254e-02   2.2399750e-03
   2.9844569e-02  -7.6161042e-03
   2.2476687e-02  -3.1491246e-03
   2.2605973e-02  -1.4021660e-01
   3.3233719e-02  -1.4080078e-01
   4.3666695e-02  -1.4331982e-01
   4.0074950e-02  -1.4067931e-01
   4.1068629e-02  -1.4144432e-01
   4.1104117e-02  -1.3381691e-01
   4.2468058e-02  -1.3301505e-01
   4.4843784e-02  -1.3402541e-01
   4.5881084e-02  -1.3260417e-01
   4.3827724e-02  -1.3118523e-01
   4.7615083e-02  -1.2799633e-01
   4.2988457e-02  -1.2266329e-01
   4.3234281e-02  -1.2148757e-01
   4.8423624e-02  -1.1622678e-01
   5.3470889e-02  -1.1475322e-01
   6.2083120e-02  -1.1155251e-01
   6.5097136e-02  -1.0201928e-01
   6.0022879e-02  -1.0127812e-01
   5.5550646e-02  -9.3537602e-02
   5.9477196e-02  -9.1989230e-02
   5.9689925e-02  -8.8527062e-02
   6.0945423e-02  -8.8066245e-02
   4.7414878e-02  -8.0349550e-02
   5.9752114e-02  -8.1059816e-02
   5.8755237e-02  -7.8115497e-02
   5.6306875e-02  -6.0452401e-02
   7.0525310e-02  -6.3851317e-02
   4.8454852e-02  -5.6821694e-02
   4.4789065e-02  -4.3210191e-02
   3.6011347e-02  -4.2683711e-02
   2.7304837e-02  -3.4981318e-02
   0.0000000e+00  -2.0655903e-02
   2.1097850e-02  -2.9124635e-02
   4.2281200e-02  -2.1071297e-02
   6.6059536e-02  -1.8402940e-02
   5.1147587e-02  -1.9780785e-02
   3.2299639e-02  -7.1605287e-03
   2.2248229e-02  -8.4620900e-03
   1.4922988e-02   6.2734594e-03
   3.6244635e-02   7.6535863e-03
   4.4671484e-02   1.0279706e-02
   4.5724044e-02   1.2018787e-02
   1.7390723e-02   2.1956529e-02
   2.1214464e-02   1.6195788e-02
   1.6265195e-02   2.8911188e-02
   3.6344957e-02   3.1222428e-02
   3.6268564e-02   3.7519279e-02
  -1.3986704e-02   1.7771544e-01
  -5.8203534e-03   1.8325960e-01
  -6.9662058e-03   1.8269986e-01
  -1.1716930e-03   1.8146507e-01
  -8.1764042e-03   1.8666698e-01
  -1.1731654e-03   1.7854648e-01
  -2.3345925e-03   1.8492285e-01
  -4.6538378e-03   1.9280125e-01
  -6.9515132e-03   1.9292070e-01
  -1.1600167e-02   1.9265623e-01
  -1.5170061e-02   1.8913100e-01
  -1.4062563e-02   1.8255028e-01
  -1.1721209e-02   1.7572044e-01
  -9.4748309e-03   1.7149986e-01
  -1.3028426e-02   1.6732032e-01
  -1.5444970e-02   1.6167965e-01
  -2.4118552e-03   1.3336364e-01
  -4.8325122e-03   1.2869547e-01
  -1.3343172e-02   1.2531864e-01
  -1.5663631e-02   1.2635819e-01
  -7.2489591e-03   1.1992686e-01
  -3.6199044e-03   1.1304384e-01
  -7.2794069e-03   1.0843582e-01
  -1.8374351e-02   1.0139206e-01
  -1.6019907e-02   9.2983681e-02
  -2.7061632e-02   8.2937859e-02
  -3.3161855e-02   7.9081706e-02
  -3.1949474e-02   6.9437431e-02
  -2.8332998e-02   6.5027887e-02
  -2.1034698e-02   5.7077444e-02
  -7.4092221e-03   5.3327325e-02
  -6.1872350e-03   4.4813128e-02
  -8.6749543e-03   4.7148168e-02
  -3.7208661e-03   4.3556814e-02
  -1.1215104e-02   3.5130121e-02
  -1.2401974e-02   2.6859808e-02
  -8.7180760e-03   1.5716056e-02
  -7.4987556e-03   8.1071380e-03
   2.4949291e-03   1.7979761e-03
   5.0101008e-03  -1.8052590e-03
   0.0000000e+00  -6.7697769e-03
   1.0000200e-02  -1.9837241e-02
   6.1146655e-02  -1.3486934e-01
   5.8516691e-02  -1.3611148e-01
   5.0078536e-02  -1.4072342e-01
   4.7665618e-02  -1.4191421e-01
   4.7825598e-02  -1.4585307e-01
   4.9977995e-02  -1.4380174e-01
   5.3506480e-02  -1.3955017e-01
   5.5942206e-02  -1.3646584e-01
   5.6229802e-02  -1.2812870e-01
   4.9239702e-02  -1.2684561e-01
   4.7283618e-02  -1.1942552e-01
   4.6252734e-02  -1.1890174e-01
   4.8923961e-02  -1.1682013e-01
   4.3240415e-02  -1.1766430e-01
   4.2187379e-02  -1.1859258e-01
   4.6968790e-02  -1.1463468e-01
   4.5991021e-02  -1.1668660e-01
   4.0344723e-02  -1.0926032e-01
   4.0539557e-02  -1.0981942e-01
   4.0685244e-02  -1.0684834e-01
   4.3100876e-02  -1.0094765e-01
   4.4203087e-02  -9.6359614e-02
   4.0739176e-02  -8.8859014e-02
   4.4467382e-02  -8.5136293e-02
   4.3351380e-02  -7.5552328e-02
   4.6965120e-02  -7.0282276e-02
   4.4529297e-02  -6.1602276e-02
   3.7124230e-02  -5.2962619e-02
   4.2201495e-02  -4.9015533e-02
   4.3488424e-02  -4.4517127e-02
   4.7529370e-02  -4.2069290e-02
   4.5365056e-02  -4.0551317e-02
   5.3995465e-02  -3.7652548e-02
   5.0118100e-02  -3.8486415e-02
   5.2610036e-02  -3.4373522e-02
   5.6023043e-02  -2.8288973e-02
   4.5885684e-02  -1.8324019e-02
   3.2291014e-02  -1.2530925e-02
   4.6190747e-02  -1.0341603e-02
   3.8358951e-02   5.3481219e-03
   3.6139600e-02   2.6930954e-03
   4.1165911e-02   2.6954726e-03
   5.4062268e-02   1.0865352e-02
   6.3916467e-02   1.3083997e-02
   5.3578475e-02   2.1555435e-02
   4.0880512e-02   2.7713405e-02
   3.5978117e-02   3.7216963e-02
   3.1012927e-02   4.7181928e-02
  -4.6844598e-03   1.6468015e-01
  -6.9848492e-03   1.6866627e-01
  -1.0457015e-02   1.7916596e-01
  -1.7355581e-02   1.7672375e-01
  -1.7480266e-02   1.7924668e-01
  -1.7590848e-02   1.8162979e-01
  -1.5294187e-02   1.8017919e-01
  -1.8736559e-02   1.8345222e-01
  -1.7709767e-02   1.7560092e-01
  -2.4740988e-02   1.7567720e-01
  -2.7230737e-02   1.7191498e-01
  -3.2180762e-02   1.6429362e-01
  -2.8591331e-02   1.6214278e-01
  -2.8621641e-02   1.5923894e-01
  -2.7454031e-02   1.5940628e-01
  -2.8546569e-02   1.6288912e-01
  -3.0956088e-02   1.6151181e-01
  -2.6159657e-02   1.5616474e-01
  -2.6249836e-02   1.5268872e-01
  -1.9067915e-02   1.4545289e-01
  -8.4004046e-03   1.4107184e-01
   0.0000000e+00   1.3643655e-01
  -4.7972358e-03   1.3404048e-01
  -5.9887448e-03   1.3286773e-01
   7.2521697e-03   1.0186562e-01
   7.2867134e-03   9.3917890e-02
   1.2154564e-03   8.9804172e-02
   0.0000000e+00   8.2540323e-02
   0.0000000e+00   7.6786075e-02
  -2.4654174e-03   7.1991764e-02
   7.4741798e-03   6.8110968e-02
   1.3665999e-02   6.0534296e-02
   7.4835124e-03   5.3869800e-02
   3.7572877e-03   4.5361664e-02
   1.5042453e-02   4.1276219e-02
   2.2503389e-02   3.3877593e-02
   2.5089334e-02   2.4440517e-02
   3.6334781e-02   1.6708496e-02
   3.8700355e-02   1.0343757e-02
   3.4820783e-02   5.8234658e-03
   2.4822002e-02   5.8128962e-03
   2.3630365e-02  -8.9610990e-04
   2.8602394e-02  -6.2722352e-03
   3.8643261e-02  -1.7072440e-02
