   7.9361839e-02   1.4056043e-02
   8.1668159e-02   2.1499376e-02
   7.9163241e-02   2.0165834e-02
   8.1770781e-02   1.8885380e-02
   9.0298125e-02   2.0632244e-02
   9.4995889e-02   2.0147667e-02
   8.8929806e-02   2.6315025e-02
   9.3916373e-02   2.4577682e-02
   9.8606003e-02   2.4084038e-02
   1.0345679e-01   1.6180921e-02
   1.0017658e-01   1.8883412e-02
   9.9871892e-02   1.9703567e-02
   1.1193111e-01   2.0541857e-02
   1.0497335e-01   2.6340329e-02
   9.8858467e-02   2.7229406e-02
   8.9286668e-02   2.5978590e-02
   8.9329655e-02   2.2015755e-02
   8.2827683e-02   1.8847022e-02
   8.4145246e-02   1.6670782e-02
   8.6400275e-02   1.8386934e-02
   8.1752619e-02   2.1081354e-02
   8.4426425e-02   2.2902754e-02
   8.6764539e-02   2.5076744e-02
   8.3042713e-02   2.2419542e-02
   8.2887086e-02   2.1497966e-02
   7.3155336e-02   1.8874958e-02
   6.3406483e-02   1.8004903e-02
   5.3604943e-02   1.6677267e-02
   4.3896796e-02   1.8017260e-02
   2.8086562e-02   2.2904953e-02
   2.1979660e-02   2.3347778e-02
   1.7067358e-02   2.0225337e-02
   1.8255733e-02   1.7113512e-02
   2.4294037e-02   1.6640477e-02
   3.2859059e-02   1.7548021e-02
   3.7756447e-02   1.9758766e-02
   3.6670858e-02   2.2923468e-02
   3.7779253e-02   2.3294409e-02
   3.7751325e-02   2.1076017e-02
   4.1367711e-02   2.0176038e-02
   4.7459306e-02   1.8418335e-02
   4.5023638e-02   1.8858258e-02
   4.7406634e-02   1.9714516e-02
   4.6286058e-02   1.8876161e-02
   3.9040368e-02   2.2436835e-02
   3.4222581e-02   2.3806494e-02
   3.5285783e-02   1.9740449e-02
   4.1378074e-02   1.7544381e-02
   4.4948731e-02   1.5319569e-02
   4.6244264e-02   1.7980475e-02
   4.2630092e-02   1.9317200e-02
   3.5305253e-02   2.3711904e-02
   3.4126653e-02   2.2417311e-02
   3.1660909e-02   2.1518086e-02
   4.3856947e-02   1.7121472e-02
   5.5876286e-02   1.6626668e-02
   4.8770224e-02   1.8893350e-02
   4.2620454e-02   2.1512336e-02
   4.0269911e-02   2.0236502e-02
   4.0271700e-02   1.9796579e-02
   3.6415137e-02   2.3641271e-02
   4.0128956e-02   2.5001556e-02
   4.6323586e-02   2.0652442e-02
   5.3508673e-02   1.4454405e-02
   4.8728068e-02   1.7557887e-02
   4.5231912e-02   2.2036725e-02
   3.8955458e-02   2.4148862e-02
   4.1560306e-02   2.2920588e-02
   4.8862417e-02   1.9811202e-02
   5.8351601e-02   1.8831171e-02
   5.3431868e-02   1.9691189e-02
   4.6240493e-02   1.8857572e-02
   3.6543135e-02   1.8442063e-02
   3.0537651e-02   2.0261121e-02
   1.9501904e-02   2.1983419e-02
   1.4624227e-02   2.3303698e-02
   1.0938514e-02   2.1043508e-02
   9.7552286e-03   1.7588383e-02
   3.6553948e-03   1.4935769e-02
   0.0000000e+00   1.2726824e-02
  -4.8802865e-03   2.2007741e-02
  -3.6533541e-03   2.1085791e-02
   0.0000000e+00   2.2403751e-02
   4.8763879e-03   2.0227115e-02
   6.0720645e-03   1.9271420e-02
   1.4617844e-02   1.8009595e-02
   1.0954248e-02   1.6237033e-02
   1.3399150e-02   1.8449060e-02
   1.4642939e-02   2.0685981e-02
   1.3418064e-02   2.3767139e-02
   2.3116207e-02   2.0622613e-02
   3.2887462e-02   1.8882731e-02
   2.8100619e-02   1.8059674e-02
   3.1701959e-02   1.8462287e-02
   4.1492054e-02   1.9795930e-02
   4.0296043e-02   2.3339031e-02
   3.9068706e-02   2.4660893e-02
   4.8807534e-02   2.1111080e-02
   5.2436373e-02   1.7133750e-02
   5.9755319e-02   1.6689934e-02
   5.4925179e-02   1.8028639e-02
   5.1139574e-02   2.2384520e-02
   5.5060712e-02   2.2933508e-02
   5.8563439e-02   2.1983150e-02
   6.3455617e-02   2.0220551e-02
   6.2168252e-02   2.1079968e-02
   6.8336818e-02   2.0216291e-02
   6.8226963e-02   1.6228923e-02
   5.9982677e-02   1.8519798e-02
   5.8684872e-02   2.1145561e-02
   5.7388332e-02   2.3766360e-02
   5.3822746e-02   2.5139751e-02
   4.9973628e-02   2.1968144e-02
   4.6519074e-02   1.8087350e-02
   4.3910859e-02   1.4062252e-02
   4.7692093e-02   1.8950171e-02
   5.9799971e-02   1.9344257e-02
   6.8445161e-02   2.3779064e-02
   7.5766217e-02   2.5091427e-02
   8.6864530e-02   2.3780368e-02
   8.8122574e-02   2.0255932e-02
   8.7948435e-02   2.0216024e-02
   8.4549134e-02   1.8516662e-02
   8.1925502e-02   1.9802773e-02
   8.6898649e-02   2.0257350e-02
   1.0032768e-01   2.3320780e-02
   1.1633604e-01   2.4197426e-02
   1.2468092e-01   2.2817306e-02
   1.2002256e-01   2.3310925e-02
   1.1967920e-01   2.2365262e-02
   1.2165027e-01   2.0290044e-02
   1.2116301e-01   2.0649653e-02
   1.3118839e-01   2.2433108e-02
   1.3579503e-01   2.4134863e-02
   1.4682100e-01   2.3233758e-02
   1.5417779e-01   2.2341018e-02
   1.6923669e-01   2.0159124e-02
   1.7305462e-01   2.1924577e-02
   1.7423679e-01   2.4113722e-02
   1.7162172e-01   2.3658681e-02
   1.5795471e-01   2.4984510e-02
   1.5293854e-01   2.3219961e-02
   1.4987648e-01   2.2439522e-02
   1.5331428e-01   1.8875720e-02
   1.6065222e-01   2.0177557e-02
   1.5725531e-01   2.1983419e-02
   1.5677225e-01   2.2795728e-02
   1.5106500e-01   2.4636525e-02
   1.5096254e-01   2.1975333e-02
   1.5327990e-01   2.1070571e-02
   1.5429833e-01   2.4116812e-02
   1.5215862e-01   2.3730501e-02
   1.5818485e-01   2.1060163e-02
   1.5849924e-01   2.1101435e-02
   1.5988681e-01   2.1119457e-02
   1.6211853e-01   2.4608940e-02
   1.6561038e-01   2.5891825e-02
   1.6027959e-01   2.3202695e-02
   1.5266648e-01   2.0715233e-02
   1.3308740e-01   2.1657527e-02
   1.3062281e-01   2.1662101e-02
   1.3612516e-01   2.0225170e-02
   1.4485983e-01   1.9789433e-02
   1.6416092e-01   2.0588133e-02
   1.7337228e-01   2.3285495e-02
   1.7683665e-01   2.5446770e-02
   1.7015381e-01   2.5126870e-02
   1.6009263e-01   2.6892046e-02
   1.5491184e-01   2.4211500e-02
   1.6500067e-01   1.9368489e-02
   1.8594164e-01   1.8883586e-02
   1.9429535e-01   2.2351493e-02
   2.0674324e-01   2.4527892e-02
   2.1085464e-01   2.4563458e-02
   2.0810769e-01   2.7177821e-02
   1.9887438e-01   2.6412028e-02
   1.8467600e-01   2.8577035e-02
   1.8203355e-01   2.0629072e-02
   1.8616461e-01   1.6704121e-02
   1.9068534e-01   1.8415500e-02
   1.8979091e-01   2.0651143e-02
   1.9916259e-01   2.2912800e-02
   1.9600068e-01   2.6808245e-02
   1.9829222e-01   2.5895956e-02
   1.9795359e-01   2.3655310e-02
   1.9595295e-01   2.0635407e-02
   1.9820127e-01   2.1485887e-02
   2.0230708e-01   2.1078418e-02
   2.1420999e-01   2.3330396e-02
   2.2186015e-01   2.7591579e-02
   2.3289504e-01   2.7246556e-02
   2.3930814e-01   2.8860255e-02
   2.4248307e-01   2.2660012e-02
   2.2052351e-01   2.3631140e-02
   2.1529751e-01   2.0665574e-02
   2.1609205e-01   2.1060685e-02
   2.2431586e-01   2.4200833e-02
   2.2047437e-01   2.5381595e-02
   2.2279820e-01   2.9747378e-02
   2.2583772e-01   2.5851129e-02
   2.4031966e-01   2.0508588e-02
   2.3987694e-01   2.6287309e-02
   2.1477716e-01   2.7779404e-02
   2.3025870e-01   2.7530713e-02
   2.7276458e-01   2.4791014e-02
   2.7492691e-01   2.5625564e-02
   2.9314469e-01   2.5084926e-02
   3.0058333e-01   3.0694496e-02
   3.1321516e-01   2.4249955e-02
   3.1279096e-01   2.6822866e-02
   3.0939110e-01   2.6867367e-02
   3.1253549e-01   2.5500954e-02
   3.0844633e-01   2.7223566e-02
   3.1651945e-01   2.6371215e-02
   3.3523641e-01   2.2396986e-02
   3.4816522e-01   2.1863340e-02
   3.4808186e-01   2.7115309e-02
   3.3876420e-01   3.2739547e-02
   3.2503635e-01   3.4990446e-02
   3.2613179e-01   2.6833177e-02
   3.3453165e-01   2.3215040e-02
   3.3740748e-01   2.1504532e-02
   3.1861407e-01   2.7628774e-02
   3.0782637e-01   2.7281393e-02
   2.9795503e-01   2.6898326e-02
   2.8651970e-01   2.5291806e-02
   2.8522800e-01   2.6605892e-02
   2.8899390e-01   2.7349462e-02
   2.9330277e-01   2.6948384e-02
   2.9257653e-01   2.2971035e-02
   2.8637155e-01   2.1346840e-02
   2.7308250e-01   2.3508658e-02
   2.7215761e-01   2.9666439e-02
   2.7980773e-01   2.6905500e-02
   2.8930689e-01   2.8564066e-02
   2.9004378e-01   2.4715766e-02
   2.8920641e-01   2.1705923e-02
   2.8637313e-01   2.3864424e-02
   2.8516953e-01   2.3001690e-02
   2.8821984e-01   3.0017875e-02
   2.8735843e-01   2.9932389e-02
   2.8496801e-01   2.8209620e-02
   2.8160140e-01   2.6950917e-02
   2.7228095e-01   2.3007380e-02
   2.6428147e-01   2.2762925e-02
   2.5779149e-01   2.3639749e-02
   2.5154588e-01   2.4417108e-02
   2.5073948e-01   2.6653600e-02
   2.4354134e-01   2.7585996e-02
   2.2490836e-01   3.0296730e-02
   2.2818994e-01   2.1878750e-02
   2.3441278e-01   1.9673050e-02
   2.3065686e-01   2.1870884e-02
   2.2885143e-01   2.2820091e-02
   2.1348417e-01   2.6334768e-02
   1.9946286e-01   2.8086116e-02
   2.0018885e-01   2.3326939e-02
   2.0080102e-01   2.4132692e-02
   2.0595594e-01   2.3262842e-02
   2.0619336e-01   2.1967449e-02
   1.9755052e-01   2.1991997e-02
   1.9011302e-01   2.3332999e-02
   1.7517514e-01   2.8665814e-02
   1.7504463e-01   2.6875395e-02
   1.7932277e-01   2.4123758e-02
   1.6874295e-01   2.5546068e-02
   1.7206067e-01   1.8437154e-02
   1.7007237e-01   2.0698336e-02
   1.6605178e-01   2.0226384e-02
   1.6120146e-01   2.5100762e-02
   1.4762186e-01   2.7339568e-02
   1.3411401e-01   2.6048922e-02
   1.3143552e-01   2.3358757e-02
   1.3012247e-01   2.0255803e-02
   1.2433744e-01   2.1651761e-02
   1.3424466e-01   1.7218779e-02
   1.2414000e-01   2.6486192e-02
   1.1446073e-01   3.0985440e-02
   9.6816739e-02   2.6018308e-02
   9.0852202e-02   1.8988396e-02
   8.8262728e-02   1.3223442e-02
   8.4835069e-02   1.3707706e-02
   8.2346705e-02   1.8131982e-02
   8.2391067e-02   2.2576804e-02
   7.9793227e-02   2.8307272e-02
   7.8245154e-02   2.9078353e-02
   7.7180018e-02   2.8696270e-02
   5.6353747e-02   2.0747977e-02
   4.2892373e-02   1.7223959e-02
   4.1602693e-02   1.1019514e-02
   4.4051986e-02   1.0137256e-02
   3.4269890e-02   2.0299710e-02
   3.5575564e-02   2.6113509e-02
   3.9188978e-02   2.3850920e-02
   4.0544372e-02   2.1706406e-02
   4.1582798e-02   1.7631222e-02
   3.6763461e-02   1.7668427e-02
   4.2776885e-02   1.3650222e-02
   4.4027097e-02   1.8070761e-02
   4.5236256e-02   2.1155256e-02
   4.5135845e-02   2.3312781e-02
   4.4018507e-02   2.8235966e-02
   4.0256294e-02   2.3315970e-02
   3.3028826e-02   1.4989679e-02
   2.4465797e-02   1.4992100e-02
   2.0817885e-02   1.4124975e-02
   1.8361277e-02   1.8981033e-02
   1.4653106e-02   2.3349837e-02
   9.7682267e-03   2.3791333e-02
   8.5573887e-03   2.2051006e-02
   4.8812013e-03   2.0247121e-02
   3.6655851e-03   1.7183093e-02
   1.5889032e-02   1.3216727e-02
   2.3221021e-02   1.4096516e-02
   2.4437234e-02   1.7179800e-02
   2.4448472e-02   2.2488150e-02
   8.5359207e-03   2.6408863e-02
  -1.2205482e-03   2.6876224e-02
  -2.4409188e-03   1.8926768e-02
  -1.3402664e-02   1.5374217e-02
  -7.3189192e-03   1.3191468e-02
   0.0000000e+00   1.4950593e-02
  -2.4503848e-03   1.9885760e-02
  -6.1178569e-03   2.2956067e-02
  -1.2213937e-02   2.1147478e-02
  -2.0768315e-02   1.8942861e-02
  -2.3244731e-02   1.3669529e-02
  -3.0577926e-02   1.6754026e-02
  -3.3058094e-02   1.6328469e-02
  -3.4071942e-02   1.8863618e-02
  -3.4229555e-02   2.2043050e-02
  -2.8122425e-02   2.0282145e-02
  -2.5627445e-02   1.9802850e-02
  -3.0485089e-02   1.7583568e-02
  -3.7773644e-02   1.4489762e-02
  -5.4929472e-02   1.7149193e-02
  -6.1097630e-02   1.6282041e-02
  -6.2270437e-02   1.3627578e-02
  -7.0650062e-02   1.8419980e-02
  -8.6859885e-02   2.4220745e-02
  -9.3967300e-02   1.9749923e-02
  -9.5301528e-02   1.7571441e-02
  -1.0388352e-01   1.4049344e-02
  -9.7707772e-02   8.3369468e-03
  -9.5140196e-02   1.4029536e-02
  -1.0120650e-01   1.7968325e-02
  -9.9952075e-02   2.1476058e-02
  -9.5015988e-02   1.7957703e-02
  -1.0141060e-01   1.7564553e-02
  -9.4000761e-02   1.5799938e-02
  -1.0538859e-01   1.7612155e-02
  -1.0745023e-01   1.3155008e-02
  -9.8613525e-02   1.2686412e-02
  -9.7763100e-02   1.5372644e-02
  -1.0027141e-01   1.9341585e-02
  -9.1436328e-02   1.9733432e-02
  -8.9100847e-02   1.7999628e-02
  -9.1455268e-02   1.7540828e-02
  -8.3919017e-02   1.3122423e-02
  -6.3169019e-02   1.5747105e-02
  -7.5620976e-02   2.4602643e-02
  -8.5493506e-02   2.1537444e-02
  -8.5469227e-02   1.3612317e-02
  -9.2437741e-02   1.2241594e-02
  -9.5231181e-02   1.4482185e-02
  -8.1566873e-02   1.3137034e-02
  -8.9097235e-02   1.8438643e-02
  -8.3869578e-02   2.0121048e-02
  -7.5919126e-02   1.4981608e-02
  -7.5459851e-02   1.6645442e-02
  -8.7893681e-02   1.6244713e-02
  -9.2586887e-02   1.7084267e-02
  -9.5211084e-02   1.7115310e-02
  -8.9129450e-02   1.4048490e-02
  -9.0146926e-02   1.7524872e-02
  -8.4225190e-02   1.7126332e-02
  -8.2671497e-02   1.7935165e-02
  -9.6428019e-02   1.7552824e-02
  -9.9910768e-02   1.5324997e-02
  -1.0020718e-01   1.5370219e-02
  -9.5413378e-02   1.5390158e-02
  -7.8193026e-02   1.8028198e-02
  -8.5601192e-02   1.8918848e-02
  -9.2742825e-02   2.0190313e-02
  -1.0254628e-01   1.5791285e-02
  -1.0878494e-01   1.2289014e-02
  -1.1328372e-01   1.8372883e-02
  -1.1111331e-01   1.3151580e-02
  -1.1098975e-01   1.4890513e-02
  -1.1475816e-01   1.5339379e-02
  -1.0964647e-01   1.6627496e-02
  -1.1138212e-01   1.9785608e-02
  -1.0863410e-01   1.7538504e-02
  -1.0841130e-01   1.8379349e-02
  -1.1733778e-01   1.2719899e-02
  -1.3455733e-01   1.5345155e-02
  -1.4602863e-01   1.8304222e-02
  -1.5489257e-01   1.5270540e-02
  -1.4532155e-01   1.0928512e-02
  -1.4803666e-01   1.3136799e-02
  -1.5154772e-01   1.3993939e-02
  -1.4651416e-01   1.3986883e-02
  -1.4939894e-01   1.4024636e-02
  -1.5164889e-01   1.7947240e-02
  -1.5863904e-01   2.0081941e-02
  -1.6741931e-01   1.5280855e-02
  -1.6696440e-01   1.1753806e-02
  -1.7828922e-01   1.1326618e-02
  -1.8088511e-01   1.3514096e-02
  -1.7790168e-01   1.4348287e-02
  -1.8262557e-01   1.5300153e-02
  -1.7965166e-01   1.4388010e-02
  -1.7703795e-01   1.3942397e-02
  -1.7946222e-01   1.5245230e-02
  -1.8663244e-01   1.3043474e-02
  -1.9187897e-01   1.3931697e-02
  -1.8734881e-01   1.4839946e-02
  -1.8802054e-01   1.4359587e-02
  -1.8244462e-01   1.5285299e-02
  -1.7390117e-01   1.3114556e-02
  -1.7005356e-01   1.3544038e-02
  -1.7232442e-01   1.3963596e-02
  -1.8013378e-01   1.7928159e-02
  -1.6114975e-01   1.5275886e-02
  -1.5248611e-01   1.2219392e-02
  -1.5412930e-01   1.5317109e-02
  -1.5472526e-01   1.6695171e-02
  -1.5028899e-01   1.7057147e-02
  -1.3989612e-01   1.2306919e-02
  -1.3915466e-01   1.7058070e-02
  -1.3357910e-01   1.7134276e-02
  -1.2488613e-01   1.6251334e-02
  -1.1377684e-01   1.3614246e-02
  -1.0999770e-01   1.3604510e-02
  -1.0893892e-01   1.9349328e-02
  -1.0495951e-01   1.8858698e-02
  -1.0396877e-01   1.6260541e-02
  -9.9056936e-02   1.8463891e-02
  -1.0019644e-01   1.6687666e-02
  -1.0652806e-01   1.5394157e-02
  -1.0763826e-01   1.6256427e-02
  -9.7872550e-02   1.3629181e-02
  -8.4301856e-02   1.8022349e-02
  -8.0888813e-02   1.6315541e-02
  -8.4388620e-02   1.7600124e-02
  -7.6215961e-02   1.5925838e-02
  -6.7258080e-02   1.8936210e-02
  -5.7600513e-02   1.6774192e-02
  -4.9027000e-02   1.5454545e-02
  -5.1455776e-02   2.0310048e-02
  -4.1661892e-02   1.8549509e-02
  -2.8127278e-02   1.8518480e-02
  -2.5759963e-02   1.7689983e-02
  -1.8433502e-02   1.9499816e-02
  -1.3451616e-02   1.8963194e-02
  -3.6728472e-03   1.7217186e-02
  -1.2288460e-03   1.9945209e-02
   1.7154897e-02   1.8558286e-02
   2.3350108e-02   1.9055353e-02
   3.3106874e-02   2.1667148e-02
   3.3211855e-02   1.9957875e-02
   3.1915367e-02   2.0803984e-02
   3.7979263e-02   2.0318081e-02
   3.5675107e-02   1.9069797e-02
   3.5634928e-02   2.0379946e-02
   4.4202038e-02   1.8142593e-02
   5.1509129e-02   1.9888241e-02
   5.5221772e-02   2.3444172e-02
   6.2733504e-02   1.9939345e-02
   6.6220016e-02   2.0760371e-02
   6.5239900e-02   2.2618082e-02
   7.4975381e-02   1.7696451e-02
   8.1084771e-02   2.2113626e-02
   9.1098722e-02   2.1702373e-02
   9.8396516e-02   2.0786428e-02
   9.4886384e-02   2.1719054e-02
   1.0948567e-01   1.9003101e-02
   1.1168773e-01   2.2049100e-02
   1.1828813e-01   2.2568776e-02
   1.2668551e-01   2.0743354e-02
   1.3199303e-01   2.1238765e-02
   1.4415627e-01   2.2960575e-02
   1.5651588e-01   2.0727945e-02
   1.6015674e-01   2.3806074e-02
   1.6607460e-01   2.7288370e-02
   1.6626988e-01   2.5993444e-02
   1.7096395e-01   2.0655040e-02
   1.8730819e-01   2.1536341e-02
   1.9778601e-01   2.0252403e-02
   2.0635646e-01   2.3747970e-02
   2.0543569e-01   2.7323904e-02
   2.1332077e-01   2.4555252e-02
   2.0710754e-01   2.6331002e-02
   2.0524308e-01   2.6856959e-02
   2.0715543e-01   2.4575602e-02
   2.0747730e-01   1.9767476e-02
   2.1460006e-01   2.2797465e-02
   2.2193975e-01   2.4963810e-02
   2.2233057e-01   2.6767510e-02
   2.2312027e-01   2.6710987e-02
   2.1893187e-01   2.3731230e-02
   2.2391486e-01   2.2397193e-02
   2.2815478e-01   2.3191475e-02
   2.5457675e-01   2.1291083e-02
   2.4875045e-01   2.7153394e-02
   2.3237004e-01   2.8948214e-02
   2.4480801e-01   2.6705143e-02
   2.4591099e-01   2.3176018e-02
   2.4392698e-01   2.3229690e-02
   2.4119612e-01   2.3654119e-02
   2.4547333e-01   2.1054515e-02
   2.5747546e-01   2.5366415e-02
   2.5591988e-01   2.7095181e-02
   2.5924714e-01   2.4972072e-02
   2.6653629e-01   2.1420215e-02
   2.6942500e-01   2.5392697e-02
   2.6982210e-01   2.6187296e-02
   2.6535288e-01   2.7572464e-02
   2.6546436e-01   2.4508857e-02
   2.6447401e-01   2.4975691e-02
   2.7105712e-01   2.1906696e-02
   2.7282678e-01   2.6663589e-02
   2.7809968e-01   2.5791998e-02
   2.7525499e-01   2.7962990e-02
   2.8470844e-01   2.5249182e-02
   2.7577137e-01   2.8892202e-02
   2.7921327e-01   2.1395339e-02
   2.8052007e-01   1.9207972e-02
   2.8089159e-01   2.7879462e-02
   2.7301294e-01   2.8876823e-02
   2.6971138e-01   2.4978900e-02
   2.7302190e-01   2.0981185e-02
   2.8141294e-01   2.6293286e-02
   3.0048221e-01   2.4817450e-02
   3.1008951e-01   2.5283262e-02
   3.1317642e-01   2.5651981e-02
   2.9584109e-01   3.1000455e-02
   2.9232545e-01   2.6215480e-02
   3.1043803e-01   2.4434637e-02
   3.2828527e-01   2.0808003e-02
   3.3718659e-01   2.4255732e-02
   3.4193143e-01   2.4739337e-02
   3.4473824e-01   2.9435171e-02
   3.4926567e-01   3.3832129e-02
   3.6294110e-01   2.8515571e-02
   3.6663697e-01   2.4938781e-02
   3.5954115e-01   2.5002906e-02
   3.5494248e-01   2.4621282e-02
   3.5940769e-01   2.7589414e-02
   3.4722834e-01   3.2144350e-02
   3.4241311e-01   3.0223850e-02
   3.5000070e-01   2.3782758e-02
   3.5968042e-01   2.1985314e-02
   3.6202933e-01   2.4989308e-02
   3.6013147e-01   2.7640821e-02
   3.5871282e-01   3.0672372e-02
   3.6174751e-01   3.0159510e-02
   3.6476999e-01   2.9649235e-02
   3.6578293e-01   2.4538282e-02
   3.5525819e-01   2.5508981e-02
   3.5145365e-01   2.6827595e-02
   3.4099085e-01   2.7183097e-02
   3.4854249e-01   2.8114343e-02
   3.5161522e-01   2.7176813e-02
   3.4126617e-01   2.8504167e-02
   3.4045465e-01   2.6808654e-02
   3.3428326e-01   2.5977175e-02
   3.2472566e-01   2.4751325e-02
   3.3272641e-01   2.5526734e-02
   3.2578687e-01   2.8652295e-02
   3.3022352e-01   2.5972505e-02
   3.2273508e-01   2.6878419e-02
   3.1441918e-01   2.5645800e-02
   3.1156348e-01   2.6937272e-02
   3.2127845e-01   2.5663056e-02
   3.1780910e-01   2.6036888e-02
   3.2223734e-01   2.4763589e-02
   3.1675590e-01   2.8126941e-02
   3.0097669e-01   2.7482058e-02
   2.9144320e-01   2.4496728e-02
   2.8489593e-01   2.5375706e-02
   2.7690644e-01   2.4485822e-02
   2.6917048e-01   2.4930929e-02
   2.6152372e-01   2.3187876e-02
   2.5700910e-01   2.5444964e-02
   2.4653713e-01   2.6751621e-02
   2.4183849e-01   2.6358742e-02
   2.3766965e-01   2.5445187e-02
   2.2763792e-01   2.5330364e-02
   2.2904362e-01   2.4160061e-02
   2.1813126e-01   2.3781579e-02
   2.0966568e-01   2.3833035e-02
   2.0406651e-01   2.4659565e-02
   1.9307197e-01   2.6925748e-02
   1.8972414e-01   2.3726845e-02
   1.8292594e-01   2.1612342e-02
   1.7943918e-01   1.9434456e-02
   1.7915205e-01   2.4710491e-02
   1.6564702e-01   2.8311132e-02
   1.6345208e-01   2.3031546e-02
   1.6298724e-01   2.1638750e-02
   1.4957567e-01   2.0361911e-02
   1.4318656e-01   2.4335988e-02
   1.3114562e-01   2.1748040e-02
   1.1991323e-01   1.9971021e-02
   1.1581786e-01   2.3015626e-02
   1.1325787e-01   2.1670326e-02
   1.0597178e-01   2.2146189e-02
   1.0206133e-01   2.2992198e-02
   9.4886384e-02   2.1719054e-02
   8.6358681e-02   2.0420032e-02
   8.0879614e-02   1.7638422e-02
   6.8880738e-02   2.0377038e-02
   5.9096700e-02   2.0849345e-02
   4.6748663e-02   1.8620739e-02
   4.4247766e-02   1.7717698e-02
   4.6742611e-02   1.9950791e-02
   3.6931914e-02   2.1751730e-02
   2.5809101e-02   1.8611467e-02
   1.7209433e-02   1.6397808e-02
   1.4748057e-02   1.8614208e-02
   1.8447590e-02   2.1737350e-02
   2.0820240e-02   2.3417716e-02
   2.3370250e-02   2.0405113e-02
   1.8380247e-02   1.8558021e-02
   1.2253998e-02   1.8117279e-02
   9.8222723e-03   1.8596426e-02
   2.4433312e-03   1.8945507e-02
   0.0000000e+00   2.0287413e-02
   3.6701360e-03   2.4280646e-02
   0.0000000e+00   2.3514457e-02
   0.0000000e+00   1.5908640e-02
   1.2268489e-03   1.5924445e-02
   3.6654434e-03   1.7623685e-02
   1.2226584e-03   2.0728434e-02
  -4.9013991e-03   1.8559933e-02
  -2.4505970e-03   1.9001949e-02
  -1.3473967e-02   2.2094015e-02
  -2.5745946e-02   2.2996978e-02
  -2.4453168e-02   2.0724373e-02
  -3.3099485e-02   1.2810689e-02
  -3.4256418e-02   1.3225830e-02
  -3.4212128e-02   1.7176569e-02
  -4.0518535e-02   1.8144450e-02
  -5.2680913e-02   2.0309199e-02
  -6.0034427e-02   1.9862299e-02
  -6.2385670e-02   1.5416395e-02
  -6.2440765e-02   1.6754363e-02
  -6.1153543e-02   1.7179119e-02
  -6.1259619e-02   1.9861332e-02
  -6.5077828e-02   1.7686865e-02
  -6.6252162e-02   1.5459851e-02
  -6.9847791e-02   1.8089217e-02
  -7.8341449e-02   1.8944987e-02
  -8.6831218e-02   1.8037658e-02
  -9.6806587e-02   1.8062674e-02
  -9.5413378e-02   1.5390158e-02
  -9.8985139e-02   1.5371439e-02
  -9.7756209e-02   1.6251081e-02
  -1.0182102e-01   1.6752225e-02
  -1.1007211e-01   1.7571467e-02
  -1.1743968e-01   1.4488584e-02
  -1.2111354e-01   1.4045537e-02
  -1.1741480e-01   1.7122872e-02
  -1.1152017e-01   1.7164417e-02
  -1.1372730e-01   1.8884276e-02
  -1.0886142e-01   1.6255025e-02
  -1.1388244e-01   1.4506840e-02
  -1.1987835e-01   1.5363779e-02
  -1.2869587e-01   1.5383333e-02
  -1.2965518e-01   1.6228828e-02
  -1.3210623e-01   1.5786929e-02
  -1.4092660e-01   1.7562117e-02
  -1.4080805e-01   1.5790426e-02
  -1.4069600e-01   1.3145814e-02
  -1.3373577e-01   1.4952250e-02
  -1.3343085e-01   1.8434203e-02
  -1.3699905e-01   1.5780188e-02
  -1.4772559e-01   1.4859336e-02
  -1.6025097e-01   1.4870240e-02
  -1.7160599e-01   1.4443998e-02
  -1.7667845e-01   1.4888012e-02
  -1.7654937e-01   1.0936414e-02
  -1.8223756e-01   1.7015671e-02
  -1.9979841e-01   1.4395551e-02
  -1.9348987e-01   1.3520430e-02
  -1.9963034e-01   1.2202598e-02
  -2.0408047e-01   1.5214220e-02
  -2.1348646e-01   1.4819722e-02
  -2.1914655e-01   1.6952050e-02
  -2.3532137e-01   1.5627127e-02
  -2.5598775e-01   1.0806855e-02
  -2.6457985e-01   9.4967119e-03
  -2.7291831e-01   6.4595800e-03
  -2.7138509e-01   9.8973973e-03
  -2.7032849e-01   1.5509442e-02
  -2.7061495e-01   1.4661672e-02
  -2.6943217e-01   1.2508134e-02
  -2.6727614e-01   1.0797547e-02
  -2.6405036e-01   9.9095812e-03
  -2.6823597e-01   1.0785098e-02
  -2.6577273e-01   1.1652682e-02
  -2.4714965e-01   1.2108592e-02
  -2.4689825e-01   1.2529103e-02
  -2.4318237e-01   1.4336357e-02
  -2.4024839e-01   1.4314300e-02
  -2.3370925e-01   1.0833380e-02
  -2.2411858e-01   1.2596672e-02
  -2.0536284e-01   1.0865564e-02
  -2.0019559e-01   1.4423465e-02
  -1.9997637e-01   1.5719449e-02
  -1.8894778e-01   1.4866579e-02
  -1.8807452e-01   1.6212236e-02
  -1.8954729e-01   1.2278842e-02
  -1.7585116e-01   1.0531167e-02
  -1.6336504e-01   1.3168767e-02
  -1.5241493e-01   1.7155509e-02
  -1.4701650e-01   2.0184894e-02
  -1.3984525e-01   1.7141780e-02
  -1.3361180e-01   1.4058893e-02
  -1.3594078e-01   1.2725655e-02
  -1.4002718e-01   1.3198938e-02
  -1.4707057e-01   1.6235675e-02
  -1.4244005e-01   1.7154763e-02
  -1.3466584e-01   1.7554514e-02
  -1.3246910e-01   1.8472384e-02
  -1.1875078e-01   1.7577532e-02
  -1.0879602e-01   1.0533441e-02
  -9.9407679e-02   1.1022975e-02
  -1.0148527e-01   2.0219121e-02
  -9.0754180e-02   1.9851931e-02
  -8.5582105e-02   2.1118714e-02
  -8.2030025e-02   1.6738858e-02
  -8.0894550e-02   1.5433620e-02
  -8.5797249e-02   1.5429499e-02
  -7.4786397e-02   1.1468551e-02
  -8.0879614e-02   1.7638422e-02
  -6.9971519e-02   2.0335478e-02
  -4.7690059e-02   1.9390872e-02
  -3.3152856e-02   1.7705055e-02
  -2.0835746e-02   1.5906373e-02
  -1.5963717e-02   1.6824463e-02
  -2.5703566e-02   1.9861762e-02
  -2.6919931e-02   2.2509520e-02
  -2.3275460e-02   2.1207745e-02
  -2.4531314e-02   1.8574858e-02
   0.0000000e+00   1.1455446e-02
   7.3667042e-03   1.8596684e-02
   9.8001937e-03   2.1210850e-02
   1.2296546e-02   2.3069641e-02
   2.0802796e-02   2.2070274e-02
   2.6959871e-02   1.7672049e-02
   2.8207380e-02   1.9900366e-02
   3.0700594e-02   1.6378018e-02
   3.0657415e-02   2.0783842e-02
   3.4339419e-02   1.9897861e-02
   3.9223570e-02   2.4758849e-02
   5.2616229e-02   2.2494423e-02
   5.9925770e-02   1.8060975e-02
   6.1274818e-02   1.7213154e-02
   5.4073935e-02   1.9040489e-02
   5.7567727e-02   2.2512732e-02
   7.7180132e-02   2.0729085e-02
   9.1823662e-02   2.6000479e-02
   9.9970385e-02   1.9722910e-02
   1.0299414e-01   2.2040595e-02
   9.3101840e-02   2.1151366e-02
   8.1966370e-02   2.4227295e-02
   9.1743317e-02   2.5094324e-02
   9.4144698e-02   2.0668348e-02
   9.5854210e-02   1.9443404e-02
   9.9469925e-02   1.6330131e-02
   9.9423978e-02   2.1185035e-02
   1.0920475e-01   2.4258298e-02
   1.2475671e-01   2.5914290e-02
   1.2357434e-01   2.3281241e-02
   1.2373889e-01   2.0226226e-02
   1.1060101e-01   1.9424106e-02
   1.1071585e-01   1.9001424e-02
   1.1446573e-01   2.3437191e-02
   1.2149420e-01   2.2913969e-02
   1.2904870e-01   2.6916718e-02
   1.3853771e-01   2.2858237e-02
   1.5283943e-01   1.9412065e-02
   1.6980474e-01   1.6262547e-02
   1.7422725e-01   2.4552153e-02
   1.6727316e-01   2.8604984e-02
   1.6609470e-01   2.6408100e-02
   1.6949686e-01   2.4150426e-02
   1.8315754e-01   1.6221738e-02
   1.7567489e-01   2.2378730e-02
   1.7688519e-01   2.3253083e-02
   1.8703224e-01   2.5467127e-02
   1.9506349e-01   2.5366096e-02
   2.0563210e-01   2.7625181e-02
   2.0389852e-01   2.3613677e-02
   2.0827704e-01   2.0602542e-02
   2.0828668e-01   2.0164190e-02
   2.0573981e-01   2.3678727e-02
   2.0561912e-01   2.8063676e-02
   2.1396892e-01   2.9754308e-02
   2.1541476e-01   2.2311967e-02
   2.1215497e-01   2.1928005e-02
   2.2159149e-01   2.1418623e-02
   2.2259000e-01   2.1830833e-02
   2.2536116e-01   2.6675766e-02
   2.3571170e-01   2.7426308e-02
   2.3082933e-01   2.6574968e-02
   2.3280469e-01   2.4899714e-02
   2.3581403e-01   2.2313552e-02
   2.4694862e-01   2.1509793e-02
   2.3788339e-01   2.7527010e-02
   2.3034115e-01   2.4908741e-02
   2.2558569e-01   2.6701577e-02
   2.3398584e-01   1.7889800e-02
   2.3156911e-01   2.2394849e-02
   2.4299145e-01   2.1830424e-02
   2.3312494e-01   2.9324657e-02
   2.2358446e-01   2.9684747e-02
   2.1756509e-01   2.5778158e-02
   2.1808256e-01   2.2763751e-02
   2.2332863e-01   1.8829056e-02
   2.2516337e-01   2.1954152e-02
   2.3503419e-01   2.4866631e-02
   2.3535733e-01   2.9285601e-02
   2.2802294e-01   2.7567225e-02
   2.2356574e-01   2.6762813e-02
   2.2104179e-01   2.0607742e-02
   2.1979648e-01   2.1049852e-02
   2.2969656e-01   2.0144311e-02
   2.2600805e-01   2.7630507e-02
   2.3322838e-01   2.6260886e-02
   2.2058509e-01   2.8910491e-02
   2.1722428e-01   2.5005298e-02
   2.2016877e-01   2.3727123e-02
   2.2355177e-01   1.8847305e-02
   2.1367124e-01   2.7239065e-02
   2.1142510e-01   2.6834837e-02
   2.1100340e-01   2.6782645e-02
   2.2021472e-01   2.1969558e-02
   2.3358979e-01   2.1905241e-02
   2.3553195e-01   2.1964933e-02
   2.4071466e-01   2.3608503e-02
   2.4972260e-01   2.7559391e-02
   2.4881367e-01   3.2001804e-02
