   1.2878184e-01   1.5270995e-01
   1.0963245e-01   1.5045485e-01
   8.7903215e-02   1.5940819e-01
   8.0672727e-02   1.5185090e-01
   8.1412851e-02   1.5078481e-01
   7.5589523e-02   1.5795247e-01
   4.3639982e-02   1.5393088e-01
   1.2269954e-03   1.6023750e-01
  -2.9775414e-02   1.2736852e-01
  -6.8439616e-02   1.3932699e-01
  -5.7956354e-02   1.2430166e-01
  -4.1797186e-02   1.1695916e-01
  -4.3795480e-02   1.0735884e-01
  -8.1544733e-02   1.1231278e-01
  -9.5600732e-02   1.0339570e-01
  -1.1858743e-01   1.2329478e-01
  -1.2034040e-01   1.0640130e-01
  -1.4968188e-01   8.4349575e-02
  -1.8833209e-01   7.3216731e-02
  -1.7490046e-01   6.8233346e-02
  -1.9254133e-01   6.3317790e-02
  -1.8269364e-01   5.6865637e-02
  -2.1242969e-01   3.6237242e-02
  -2.2559592e-01   5.6469523e-02
  -2.1611944e-01   3.1210635e-02
  -2.5317581e-01   3.8312958e-02
  -2.5930345e-01   3.6249407e-02
  -2.9184430e-01   1.7968984e-02
  -2.8883008e-01   2.2898545e-02
  -3.0715603e-01   2.7357577e-02
  -2.8428933e-01   1.6800802e-02
  -3.4346470e-01   5.4614818e-03
  -3.5876641e-01   5.8476840e-03
  -3.6036378e-01   2.2179911e-03
  -3.9069419e-01   1.3383487e-02
  -3.7303662e-01   1.3409448e-02
  -3.6591681e-01  -1.0169009e-02
  -3.9351298e-01  -3.9097889e-03
  -4.1823082e-01  -1.2981518e-02
  -4.4768726e-01   4.3579224e-04
  -4.4600885e-01  -5.2426563e-03
  -4.6124234e-01  -1.4978925e-02
  -4.9220367e-01  -5.4501671e-03
  -5.0493392e-01  -1.6968164e-03
  -4.9988473e-01  -1.0965470e-02
  -5.3583142e-01  -9.1921641e-03
  -5.3788325e-01   0.0000000e+00
  -5.7517253e-01  -6.1806165e-03
  -5.5543759e-01  -1.2145071e-02
  -5.0413815e-01  -1.9554952e-02
  -5.0640790e-01  -2.4765705e-02
  -5.0020306e-01  -2.8538314e-02
  -4.8992612e-01  -2.3046334e-02
  -4.8723884e-01  -2.8273341e-02
  -4.8812973e-01  -3.5222057e-02
  -4.6468538e-01  -4.2700462e-02
  -4.5111430e-01  -4.8291841e-02
  -4.1353624e-01  -6.2786064e-02
  -4.0082858e-01  -5.2868799e-02
  -3.6622947e-01  -6.9110902e-02
  -3.6354760e-01  -5.9427645e-02
  -3.4285956e-01  -7.5686132e-02
  -3.4535680e-01  -8.2876752e-02
  -2.9959870e-01  -9.3584295e-02
  -2.7641647e-01  -9.6338629e-02
  -2.6543216e-01  -9.8479038e-02
  -2.4151449e-01  -1.0609077e-01
  -2.3398469e-01  -1.0780814e-01
  -1.7166285e-01  -1.1421587e-01
  -1.6869190e-01  -1.2316616e-01
  -1.8655423e-01  -1.1953298e-01
  -1.0998696e-01  -1.1743225e-01
  -6.3416110e-02  -1.3719402e-01
  -3.7016808e-02  -1.1642383e-01
  -3.2459109e-02  -1.3434220e-01
  -1.2466610e-03  -1.2807766e-01
   1.1233980e-02  -1.2773876e-01
   2.8315213e-02  -1.4146534e-01
   2.6925377e-02  -1.4721067e-01
   6.9976912e-02  -1.5320560e-01
   6.3884971e-02  -1.5969550e-01
   7.6721059e-02  -1.5083445e-01
   1.1294843e-01  -1.5765657e-01
   1.0755626e-01  -1.5467354e-01
   1.1168021e-01  -1.6124253e-01
   1.1616437e-01  -1.5385774e-01
   1.4972655e-01  -1.5269711e-01
   1.5172637e-01  -1.4679577e-01
   1.5065775e-01  -1.5546115e-01
   1.9255702e-01  -1.5012793e-01
   2.1847081e-01  -1.5128903e-01
   2.3078371e-01  -1.4376304e-01
   2.5607254e-01  -1.4593969e-01
   2.5597229e-01  -1.4712737e-01
   2.6195296e-01  -1.4255616e-01
   2.7122121e-01  -1.4729037e-01
   2.7895077e-01  -1.4776801e-01
   3.0068060e-01  -1.4023587e-01
   3.4109679e-01  -1.3535807e-01
   3.4697811e-01  -1.3009428e-01
   3.3500740e-01  -1.1562359e-01
   3.4680036e-01  -1.0138697e-01
   3.5069652e-01  -9.5953378e-02
   3.4652604e-01  -9.9045269e-02
   3.4784303e-01  -1.0683852e-01
   3.4676577e-01  -1.0055384e-01
   3.5413066e-01  -8.9679791e-02
   3.4971544e-01  -7.3295145e-02
   3.7425688e-01  -7.2892549e-02
   3.7930487e-01  -7.1313421e-02
   3.5770062e-01  -5.6609223e-02
   3.3475339e-01  -5.1514820e-02
   3.3519392e-01  -4.7841456e-02
   3.5010314e-01  -3.4844161e-02
   3.6655474e-01  -3.0650498e-02
   3.6244942e-01  -3.0647297e-02
   3.3492965e-01  -1.3966524e-02
   3.3461808e-01  -8.5901534e-03
   3.1520668e-01  -3.0092124e-03
   3.1178103e-01   7.7507592e-03
   3.3074382e-01   1.2843802e-02
   3.0411762e-01   2.7300596e-02
   2.8638237e-01   2.5929688e-02
   2.5804994e-01   3.6440434e-02
   2.8475178e-01   4.9865327e-02
   2.7685734e-01   6.3810444e-02
   2.5434594e-01   5.9054355e-02
   2.2000543e-01   6.9332238e-02
   2.3852093e-01   6.6955319e-02
   2.2668167e-01   6.1817614e-02
   1.9568184e-01   8.8303692e-02
   2.1256181e-01   6.8020003e-02
   1.9448677e-01   9.2494121e-02
   2.1723180e-01   8.8307384e-02
   1.7975942e-01   9.5431669e-02
   1.5187880e-01   8.2875443e-02
   1.3513487e-01   8.7913025e-02
   1.1661920e-01   8.0091689e-02
   8.5692864e-02   9.8239549e-02
   9.7317302e-02   9.7863710e-02
   9.0308837e-02   1.0796274e-01
   5.3760961e-02   9.7204064e-02
   1.9950906e-02   1.0282006e-01
   0.0000000e+00   1.1786236e-01
  -1.6180645e-02   1.1436519e-01
  -4.1326339e-02   1.1455990e-01
  -6.9565321e-02   1.0807425e-01
  -8.2798298e-02   1.0402910e-01
  -1.1388606e-01   9.1600916e-02
  -1.3096030e-01   9.7907869e-02
  -1.4682119e-01   8.7273954e-02
  -1.9962528e-01   9.6108394e-02
  -2.1891500e-01   9.5695264e-02
  -2.0492118e-01   7.8504724e-02
  -2.1479455e-01   8.8728637e-02
  -2.4495675e-01   8.0223924e-02
  -2.7103895e-01   7.8679350e-02
  -2.8270992e-01   7.5539356e-02
  -3.0021289e-01   6.6141616e-02
  -3.5889576e-01   7.5215823e-02
  -3.4746067e-01   6.1711710e-02
  -3.5642800e-01   6.4537292e-02
  -3.6255659e-01   5.9512472e-02
  -3.7802616e-01   5.7539714e-02
  -3.8047422e-01   5.1263830e-02
  -3.9812170e-01   5.1487197e-02
  -4.1377877e-01   5.7902251e-02
  -4.1287764e-01   4.7739084e-02
  -4.1681840e-01   3.7328468e-02
  -4.1062694e-01   3.0061218e-02
  -4.0526890e-01   2.1884887e-03
  -4.0260725e-01  -2.1107791e-02
  -4.4615638e-01  -4.7657946e-03
  -4.4050132e-01  -9.5353997e-03
  -3.8854129e-01  -2.0767817e-02
  -4.2314435e-01  -1.7286997e-02
  -4.1748940e-01  -2.1248915e-02
  -4.1707071e-01  -2.9325749e-02
  -4.2065992e-01  -4.7066736e-02
  -3.6980028e-01  -5.6798355e-02
  -4.4795509e-01  -2.8204573e-02
  -3.0790820e-01  -7.8266842e-02
  -3.4697180e-01  -7.6559431e-02
  -3.1408681e-01  -8.2878738e-02
  -3.1531291e-01  -8.5673828e-02
  -2.7482967e-01  -1.0525360e-01
  -2.1115872e-01  -1.0735778e-01
  -2.4804042e-01  -1.0352773e-01
  -2.5839728e-01  -9.4060099e-02
  -2.1624688e-01  -1.0727917e-01
  -1.9767875e-01  -1.1832103e-01
  -1.7065783e-01  -1.1921824e-01
  -1.8113852e-01  -1.1513292e-01
  -1.4258705e-01  -1.3194979e-01
  -1.1271556e-01  -1.4096665e-01
  -7.5008955e-02  -1.5170649e-01
  -6.2041091e-02  -1.4047665e-01
  -4.8740969e-02  -1.4589704e-01
  -1.8334055e-02  -1.3481832e-01
  -2.4367164e-03  -1.3989629e-01
  -3.6641364e-03  -1.3926358e-01
   1.3344916e-02  -1.4327250e-01
   2.9246703e-02  -1.2788726e-01
   7.1753536e-02  -1.3435149e-01
   9.3041120e-02  -1.3015731e-01
   9.0041888e-02  -1.2277356e-01
   1.0923270e-01  -1.2245217e-01
   1.3227138e-01  -1.1480603e-01
   1.3471607e-01  -1.0941446e-01
   1.5937776e-01  -1.0275096e-01
   1.7580275e-01  -9.9827282e-02
   2.0258660e-01  -1.0563656e-01
   2.1410079e-01  -9.3380450e-02
   2.1825361e-01  -8.4189534e-02
   2.3154436e-01  -7.8393006e-02
   2.5503008e-01  -7.8455295e-02
   2.7627462e-01  -7.6264113e-02
   2.8637765e-01  -6.9758143e-02
   2.9972633e-01  -6.9930077e-02
   3.1148382e-01  -6.8825638e-02
   3.2557430e-01  -6.7702156e-02
   3.2889850e-01  -5.8404086e-02
   3.3993419e-01  -5.2018137e-02
   3.5424898e-01  -4.9733167e-02
   3.9327565e-01  -5.8863282e-02
   4.0923749e-01  -5.6787561e-02
   4.2318657e-01  -5.4878885e-02
   4.3921256e-01  -5.0016255e-02
   4.5081217e-01  -5.9706494e-02
   4.6126963e-01  -5.2112528e-02
   4.8528006e-01  -5.6082976e-02
   5.0778168e-01  -5.6160952e-02
   4.9426142e-01  -4.1621578e-02
   4.9929222e-01  -4.5380797e-02
   5.1237596e-01  -4.1661088e-02
   4.9864066e-01  -4.1192234e-02
   4.9059406e-01  -2.7790489e-02
   5.1175051e-01  -3.3144546e-02
   5.0148945e-01  -1.7052922e-02
   4.9593999e-01  -2.7549618e-02
   4.7439282e-01  -9.3633807e-03
   4.9507687e-01  -1.1437640e-02
   4.8843007e-01   1.2719640e-03
   4.8278862e-01  -1.0128889e-02
   4.5091185e-01  -8.4788980e-04
   4.5323908e-01  -6.3359436e-03
   4.5578029e-01  -2.5327167e-03
   4.6339396e-01   1.2191548e-02
   4.6958492e-01   1.6285497e-02
   4.5424467e-01   2.4090155e-02
   4.5396017e-01   2.1112898e-02
   4.2555097e-01   2.3346133e-02
   4.0538812e-01   3.3728500e-02
   4.0624414e-01   3.3585911e-02
   3.6946142e-01   4.6195987e-02
   4.0219924e-01   5.9520440e-02
   3.5147712e-01   5.7518745e-02
   3.1634270e-01   6.6103999e-02
   3.5942825e-01   3.6390184e-02
   3.1264232e-01   7.4250881e-02
   3.5129672e-01   4.8732731e-02
   3.0470072e-01   8.3318969e-02
   3.4872958e-01   5.1553616e-02
   2.9694488e-01   9.2471962e-02
   3.2250984e-01   7.1622621e-02
   2.8821435e-01   8.8444513e-02
   2.5238888e-01   8.7217222e-02
   2.4917751e-01   8.6553361e-02
   2.2115068e-01   9.7064681e-02
   2.3122489e-01   1.0650909e-01
   2.1055390e-01   1.1276086e-01
   2.0291442e-01   1.0247649e-01
   1.6461354e-01   1.1270126e-01
   1.7324793e-01   1.0999367e-01
   1.5012167e-01   1.0971846e-01
   1.5421419e-01   1.1717969e-01
   1.6307261e-01   1.1057177e-01
   1.1651436e-01   1.1382396e-01
   1.0236052e-01   1.3161836e-01
   9.1336675e-02   1.4353761e-01
   6.5493981e-02   1.4033404e-01
   7.8855330e-02   1.2987660e-01
   9.1427950e-02   1.0443120e-01
   0.0000000e+00   1.2875396e-01
  -2.4909055e-02   1.2791517e-01
  -3.1354874e-02   1.1179416e-01
  -7.1173446e-02   1.1209623e-01
  -7.7167036e-02   1.0630414e-01
  -8.3995727e-02   1.0219412e-01
  -7.0521311e-02   1.2480667e-01
  -1.0305753e-01   1.1072591e-01
  -1.1315223e-01   9.9674951e-02
  -1.0971304e-01   8.9458292e-02
  -1.4523137e-01   9.2084416e-02
  -1.5172115e-01   9.2362096e-02
  -1.7446531e-01   8.2616841e-02
  -1.8476723e-01   7.8143066e-02
  -1.9323532e-01   7.1961242e-02
  -2.2231012e-01   6.6968401e-02
  -2.0085572e-01   5.5231978e-02
  -2.2791890e-01   5.1656698e-02
  -2.6031046e-01   5.5133019e-02
  -2.6092490e-01   4.1753577e-02
  -2.6923698e-01   3.4367482e-02
  -2.7143812e-01   3.2223601e-02
  -2.7077125e-01   1.5523663e-02
  -2.9619083e-01   1.8121595e-02
  -3.0179898e-01   8.7682516e-03
  -3.0733607e-01   1.3659514e-02
  -3.2418636e-01   4.3964906e-03
  -3.6755560e-01   6.9562802e-03
  -3.4557652e-01  -8.7544969e-03
  -3.4286585e-01  -1.1340859e-02
  -3.4968511e-01  -1.0506942e-02
  -3.7389733e-01  -1.3024731e-03
   9.6381905e-02  -2.5672945e-02
   1.2022007e-01  -2.4036803e-02
   1.2553635e-01  -1.5604286e-02
   1.3175102e-01  -1.5596186e-02
   1.2273024e-01  -7.6347957e-03
   1.3885915e-01  -9.4087724e-03
   1.4447512e-01   4.0466645e-03
   1.6249592e-01   3.1258908e-03
   1.7070647e-01   7.5617869e-03
   1.5910237e-01   1.7922707e-02
   1.8154278e-01   2.1746580e-02
   1.7836441e-01   2.8974400e-02
   1.8771091e-01   3.1074240e-02
   1.9742925e-01   3.1891334e-02
   2.1128182e-01   3.3395277e-02
   2.2877091e-01   3.5796080e-02
   2.3603375e-01   3.5980927e-02
   2.5163570e-01   4.4645451e-02
   2.6143960e-01   4.2560983e-02
   2.6691325e-01   4.5497528e-02
   2.7150619e-01   3.9861744e-02
   2.7931664e-01   4.2955095e-02
   2.9971869e-01   4.3757499e-02
   3.0276111e-01   4.8445760e-02
   3.3429393e-01   4.5082758e-02
   3.4982988e-01   4.5165637e-02
   3.5977293e-01   4.4013644e-02
   3.7505066e-01   4.3596962e-02
   3.7030979e-01   4.2220089e-02
   3.7112491e-01   4.6945946e-02
   3.8720231e-01   4.3299615e-02
   4.1430179e-01   3.6246243e-02
   4.2833035e-01   4.3393940e-02
   4.5360830e-01   3.8499365e-02
   4.6330355e-01   3.7509286e-02
   4.6656391e-01   3.7863133e-02
   2.4772017e-01  -5.3061631e-02
   3.1189914e-01  -8.0951072e-02
   2.7296232e-01  -7.1016824e-02
   2.7119154e-01  -6.7484454e-02
   2.2242560e-01  -6.3837512e-02
   2.2726358e-01  -7.1714606e-02
   1.7978347e-01  -5.0890935e-02
   1.8208818e-01  -6.4686486e-02
   1.9033026e-01  -5.9323017e-02
   1.8193146e-01  -4.5863321e-02
   1.9452159e-01  -5.8716723e-02
   1.5891591e-01  -4.2010225e-02
   1.4577339e-01  -4.6768639e-02
   1.3117494e-01  -4.1469578e-02
   1.4547760e-01  -2.9374384e-02
   1.5066071e-01  -3.5600039e-02
   1.4038571e-01  -1.8533132e-02
   1.1134570e-01  -9.7699725e-03
   8.0194805e-02   0.0000000e+00
   8.3645045e-02  -1.3266420e-03
   5.8096555e-02   6.6742992e-03
   5.6855474e-02   8.8994794e-03
   5.5823578e-02   1.4743723e-02
   4.6187278e-02   1.1690507e-02
   2.2425962e-02   2.2471034e-02
   2.4828836e-03   2.6888163e-02
  -2.4731912e-02   3.8454544e-02
  -2.0966066e-02   3.0731286e-02
  -2.3336305e-02   3.7298684e-02
  -2.2116994e-02   3.5079171e-02
  -3.9364405e-02   3.9584738e-02
  -4.3860831e-02   2.5487831e-02
  -6.5823541e-02   3.5197254e-02
  -6.4424306e-02   3.4217759e-02
  -9.9157911e-02   3.8839231e-02
  -1.0104346e-01   2.9715265e-02
  -1.1965407e-01   2.9261785e-02
  -1.1316632e-01   1.9881643e-02
  -1.2041028e-01   2.1174269e-02
  -1.3619915e-01   1.2087592e-02
  -1.4038119e-01   1.1222104e-02
  -1.5168244e-01   8.5197145e-03
  -1.7842907e-01   1.8388176e-02
  -1.8999184e-01   2.4683205e-02
  -1.8518811e-01   2.2924827e-02
  -4.6299149e-01  -2.1647919e-02
  -4.6195347e-01  -1.9781900e-02
  -4.9421115e-01  -2.3963977e-02
  -4.8212343e-01  -2.3024883e-02
  -4.7108810e-01  -2.1374318e-02
  -4.5214578e-01  -1.7207493e-02
  -3.9163108e-01  -2.8097595e-02
  -3.9019869e-01  -2.3692131e-02
  -3.8858679e-01  -7.9095074e-03
  -3.8039213e-01  -1.7701701e-03
  -3.6429418e-01   2.2323116e-03
  -3.4423301e-01   5.7746553e-03
  -3.3527770e-01   7.0401907e-03
  -3.1772168e-01   3.0307989e-02
  -2.6692469e-01   3.2442342e-02
  -2.6547072e-01   3.4904745e-02
  -2.6169313e-01   4.7039442e-02
  -2.4858762e-01   6.0849062e-02
  -2.4211687e-01   5.7999348e-02
  -2.3559759e-01   6.8381228e-02
  -2.0780840e-01   7.3035918e-02
  -1.9398717e-01   9.4888076e-02
  -1.8372119e-01   1.0141213e-01
  -1.7866272e-01   1.0193009e-01
  -1.6939229e-01   1.1584902e-01
  -1.6417529e-01   1.1382971e-01
  -1.9028711e-01   1.2848786e-01
  -1.8702797e-01   1.2288876e-01
  -1.8113481e-01   1.4238275e-01
  -1.5857586e-01   1.4065222e-01
  -1.4020935e-01   1.5078043e-01
  -1.2401590e-01   1.5149556e-01
  -1.3135074e-01   1.6551862e-01
  -1.3250297e-01   1.7719770e-01
  -1.3949693e-01   1.7952614e-01
  -1.5256316e-01   1.7982632e-01
  -1.3813766e-01   1.8904886e-01
  -9.7133033e-02   1.9464910e-01
  -7.9919596e-02   2.0493753e-01
  -7.6076213e-02   2.1509563e-01
  -3.6629320e-02   2.0527512e-01
  -2.2158407e-02   2.0716256e-01
  -1.2879144e-02   2.0989171e-01
  -2.2289097e-02   2.2553424e-01
  -9.4408311e-03   2.1775807e-01
  -2.3512200e-03   2.1966511e-01
   5.8800138e-03   2.1450018e-01
   4.8170891e-01   9.4911115e-02
   4.5193383e-01   1.0843062e-01
   5.0223862e-01   8.6240270e-02
   5.0115827e-01   8.8953874e-02
   5.1377562e-01   7.4521145e-02
   4.9794433e-01   7.9575501e-02
   5.1946138e-01   6.8438669e-02
   4.9054542e-01   7.0781328e-02
   5.2559285e-01   6.6173161e-02
   5.0043524e-01   3.7315736e-02
   4.7165403e-01   3.7029464e-02
   4.9285306e-01   3.1188639e-02
   4.6966672e-01   3.8822741e-02
   4.5851081e-01   3.0258693e-02
   4.5167513e-01   2.1485001e-02
   4.5134380e-01   7.8122253e-03
   4.2973211e-01   2.6316980e-02
   4.3779901e-01   3.8676395e-03
   4.1763961e-01   2.1864516e-03
   4.2011691e-01   5.6461197e-03
   4.1280794e-01   1.1501898e-02
   4.0384459e-01  -2.2308032e-03
   3.9554134e-01  -1.0683585e-02
   3.7530442e-01  -1.4586826e-02
   3.6513414e-01  -7.3416694e-03
   3.5681294e-01  -2.7197110e-02
   3.1749964e-01  -2.7074304e-02
   3.0853654e-01  -4.2533970e-02
   2.8905752e-01  -4.2371645e-02
   2.9271203e-01  -4.8447705e-02
   2.9758013e-01  -5.1330870e-02
   3.0377768e-01  -6.7471725e-02
   2.8827039e-01  -6.5633893e-02
   2.7373957e-01  -7.7761202e-02
   2.6428247e-01  -9.0588292e-02
   2.5530402e-01  -1.0127463e-01
   2.5666332e-01  -1.0359328e-01
   2.5465656e-01  -1.0562314e-01
   2.5026389e-01  -1.1217794e-01
   2.4767597e-01  -1.1353811e-01
   2.3925103e-01  -1.1195458e-01
   2.3026147e-01  -1.1766900e-01
   2.3307171e-01  -1.2192023e-01
   2.2283529e-01  -1.2585197e-01
   1.9560887e-01  -1.2798650e-01
   1.8357843e-01  -1.3009764e-01
  -1.7498835e-01   1.7965305e-03
  -1.7458405e-01   7.2754263e-03
  -1.7096074e-01   0.0000000e+00
  -2.0867597e-01   1.5379670e-02
  -2.1772792e-01   1.0721411e-02
  -2.3633979e-01   1.2462069e-02
  -2.6000234e-01   1.3802455e-02
  -2.5075418e-01   1.9942845e-02
  -2.6598979e-01   2.8164446e-02
  -2.6723251e-01   3.4897114e-02
  -2.5987935e-01   2.3840996e-02
  -2.7485174e-01   2.4652934e-02
  -2.8132254e-01   2.7531448e-02
  -2.9081922e-01   2.5764630e-02
  -3.0156251e-01   3.8122636e-02
  -2.8772226e-01   3.1967198e-02
  -2.8624221e-01   3.2254479e-02
  -3.0695571e-01   4.2422704e-02
  -3.2475612e-01   4.7458201e-02
  -3.3626844e-01   4.3275049e-02
  -3.3638701e-01   4.5890829e-02
  -3.3496363e-01   3.9270746e-02
  -3.3960960e-01   3.1335859e-02
  -3.0885556e-01   4.6714817e-02
  -2.9102847e-01   4.5998772e-02
  -2.9223604e-01   6.5838136e-02
  -2.8126389e-01   6.0088839e-02
  -2.9066811e-01   7.3369754e-02
  -2.7113766e-01   8.2245361e-02
  -2.5775415e-01   9.9273434e-02
  -2.6090598e-01   1.0552319e-01
  -2.6211949e-01   1.0550100e-01
  -2.4525751e-01   1.0069094e-01
  -2.4447857e-01   1.1239842e-01
  -2.3055563e-01   1.1574799e-01
  -2.4139140e-01   1.1914635e-01
  -2.5298126e-01   1.2998482e-01
  -2.6796097e-01   1.2488850e-01
  -2.9573090e-01   1.3563687e-01
  -2.9352418e-01   1.2701639e-01
  -3.1555889e-01   1.3194368e-01
  -3.2573771e-01   1.3048810e-01
  -3.3016590e-01   1.1896666e-01
  -3.5024546e-01   1.0743304e-01
  -3.7755552e-01   1.0555952e-01
  -3.8487695e-01   1.0104891e-01
  -3.7297563e-01   7.6823839e-02
  -3.1551725e-02   1.3473127e-01
  -3.9973252e-02   1.4396826e-01
  -3.4976320e-02   1.4430977e-01
  -5.2529294e-02   1.5470501e-01
  -5.1852984e-02   1.5801419e-01
  -6.8446963e-02   1.6223565e-01
  -6.9582622e-02   1.8197981e-01
  -3.9866549e-02   1.7780159e-01
  -3.3668016e-02   1.8526037e-01
  -6.8905641e-03   1.7470715e-01
  -1.0350356e-02   1.7808201e-01
   9.2176171e-03   1.7433809e-01
   3.3548383e-02   1.7819314e-01
   3.6054765e-02   1.8298420e-01
   3.6214066e-02   1.8127278e-01
   3.0429363e-02   1.8542676e-01
   2.6951681e-02   1.8517438e-01
   3.2715876e-02   1.7711234e-01
   3.8852011e-02   1.6148159e-01
   1.8802470e-02   1.8420774e-01
   4.9322600e-02   1.7124721e-01
   5.4666212e-02   1.6511508e-01
   5.6502083e-02   1.5706731e-01
   6.7087225e-02   1.5741224e-01
   6.8531724e-02   1.5472243e-01
   9.7898176e-02   1.3896404e-01
   1.1836203e-01   1.1025574e-01
   8.0348950e-02   1.3593827e-01
   1.1594718e-01   1.1518685e-01
   8.3933304e-02   1.3543700e-01
   1.2882136e-01   1.2049335e-01
   1.5223943e-01   1.2577712e-01
   1.7531483e-01   1.2169155e-01
   1.8527345e-01   1.2341475e-01
   1.9167189e-01   1.1647162e-01
   2.0439722e-01   1.2449359e-01
   2.3522541e-01   1.1202927e-01
   2.3607796e-01   1.0744057e-01
   2.3183598e-01   1.1405992e-01
   2.5063111e-01   1.0821830e-01
   2.5145606e-01   1.0682860e-01
   3.0166983e-01   9.6232997e-02
   2.9114797e-01   1.0490757e-01
   2.9257420e-01   9.5287224e-02
   3.2023415e-01   7.5059699e-02
   3.5101282e-01   6.2326936e-02
   3.9274565e-01   6.4308197e-02
