   3.5122624e-01  -1.4684442e-02
   2.2096063e-01   1.6955126e-01
   2.0572863e-01   1.6755699e-01
   1.9087214e-01   1.5967341e-01
   1.7492467e-01   1.6659088e-01
   1.6957397e-01   1.8256264e-01
   1.5728311e-01   1.7102901e-01
   1.3032925e-01   1.6617077e-01
   1.0781931e-01   1.6407087e-01
   1.0658508e-01   1.5876521e-01
   8.2120225e-02   1.6710262e-01
   3.7977768e-02   1.6949954e-01
   2.5759849e-02   1.6925648e-01
   1.8767302e-02   1.5675731e-01
   3.8014979e-03   1.4929575e-01
  -3.7550794e-02   1.3522305e-01
  -7.6513299e-02   1.3255190e-01
  -8.0321539e-02   1.2576450e-01
  -7.5649133e-02   1.2346839e-01
  -1.3146684e-01   1.1954566e-01
  -1.5141692e-01   1.4028174e-01
  -1.7178864e-01   1.5317160e-01
  -1.5813369e-01   1.3256622e-01
  -2.2070234e-01   1.3999612e-01
  -2.4317401e-01   9.4997150e-02
  -3.1219541e-01   9.6855241e-02
  -3.4530685e-01   1.0159324e-01
  -3.9997663e-01   1.2398070e-01
  -4.2836601e-01   8.2137080e-02
  -4.4568621e-01   1.0899786e-01
  -4.6269992e-01   9.0597661e-02
  -4.8455877e-01   8.8624144e-02
  -5.0357542e-01   7.3620664e-02
  -5.2950604e-01   7.5085650e-02
  -5.0924933e-01   7.0913958e-02
  -5.2623084e-01   6.1323740e-02
  -5.4870818e-01   4.4415170e-02
  -5.7013109e-01   3.7173828e-02
  -5.7508159e-01   2.9293650e-02
  -5.9145583e-01   2.9603161e-02
  -5.8370613e-01   1.8166191e-02
  -5.6144869e-01   9.4907749e-03
  -5.5102303e-01  -4.7153861e-03
  -5.3912398e-01  -1.3635863e-02
  -5.3061655e-01  -2.0864653e-02
  -5.4814547e-01  -1.9042520e-02
  -5.3469655e-01  -4.0677782e-02
  -5.2805279e-01  -4.4275581e-02
  -4.8949622e-01  -5.9325362e-02
  -4.8355529e-01  -6.4181157e-02
  -4.7563466e-01  -5.4421912e-02
   1.3915042e-01  -1.0320611e-01
   1.5117418e-01  -1.0423549e-01
   1.8514751e-01  -1.0032795e-01
   2.1254153e-01  -9.3060104e-02
   2.5408158e-01  -8.3337388e-02
   2.8237357e-01  -7.4559745e-02
   3.1353571e-01  -6.5279565e-02
   3.3357504e-01  -5.5665731e-02
   3.5072696e-01  -5.6288995e-02
   3.6128066e-01  -5.8257053e-02
   3.5276201e-01  -5.1993739e-02
   3.4507236e-01  -4.0370365e-02
   3.5218100e-01  -2.9820674e-02
   3.5150549e-01  -2.1979787e-02
   3.6395835e-01  -1.4983964e-02
   3.6807649e-01  -7.7303315e-03
   3.5999539e-01   2.1620413e-03
   3.7124315e-01   2.5880247e-03
   3.8142406e-01   5.2009889e-03
   3.8907066e-01   1.5638440e-02
   3.9468571e-01   3.2564273e-02
   3.8077574e-01   4.3485910e-02
   3.7436990e-01   5.6938879e-02
   3.8455007e-01   6.4939381e-02
   3.9262360e-01   6.8414384e-02
   3.7893613e-01   8.0178212e-02
   3.7861799e-01   8.3921113e-02
   3.6808940e-01   9.9841915e-02
   3.6302021e-01   1.0359473e-01
   3.5451085e-01   1.2262372e-01
   3.4907924e-01   1.2345249e-01
   3.4545313e-01   1.3190334e-01
   3.4819235e-01   1.2777004e-01
   3.2819142e-01   1.3507294e-01
   3.2195459e-01   1.3798796e-01
   3.1117843e-01   1.4394966e-01
   3.0171516e-01   1.4482401e-01
   3.0283816e-01   1.4243390e-01
   2.7988917e-01   1.3789060e-01
   2.6396579e-01   1.3986951e-01
   2.6045411e-01   1.5606566e-01
   2.2113937e-01   1.5490314e-01
   1.9338962e-01   1.8172498e-01
   1.5947045e-01   1.8406235e-01
   1.1750156e-01   1.7440801e-01
   1.0672512e-01   1.8136630e-01
   7.9745438e-02   1.8484347e-01
   8.7961413e-02   1.8238303e-01
   5.3342234e-02   1.8243970e-01
  -5.2094974e-01   7.0786503e-02
  -5.1817233e-01   5.8336593e-02
  -5.2981958e-01   4.3390890e-02
  -5.3892455e-01   4.0618055e-02
  -5.3707295e-01   2.4235701e-02
  -5.2494912e-01   1.7822810e-02
  -5.1374797e-01   5.4120207e-03
  -5.0059637e-01  -1.8370050e-03
  -4.8210836e-01  -1.0087826e-02
  -4.8585267e-01  -8.1018943e-03
  -5.0042543e-01  -1.1026932e-02
  -5.1955756e-01  -1.4022025e-02
  -4.9902929e-01  -3.7967522e-02
  -5.1379755e-01  -4.6834878e-02
  -5.2071330e-01  -4.9767008e-02
  -5.1530216e-01  -5.5506010e-02
  -5.1803844e-01  -5.2657985e-02
  -4.9466929e-01  -6.6133585e-02
  -4.9835048e-01  -6.1201550e-02
  -4.8498788e-01  -7.0136289e-02
  -4.5988753e-01  -8.8439468e-02
  -4.3049608e-01  -9.0186571e-02
  -4.1458824e-01  -8.9699314e-02
  -4.1624573e-01  -9.1155859e-02
  -3.8372255e-01  -1.0605743e-01
  -3.6936010e-01  -9.5827359e-02
  -3.4780642e-01  -9.2974651e-02
  -3.0766502e-01  -9.7287749e-02
  -2.6476239e-01  -9.4472576e-02
  -2.3024341e-01  -1.1057512e-01
  -2.2956542e-01  -1.1588272e-01
  -2.1595574e-01  -1.0672307e-01
  -1.8797945e-01  -1.2407341e-01
  -1.6744354e-01  -1.2747034e-01
  -1.3194517e-01  -1.3289920e-01
  -1.2024798e-01  -1.1872289e-01
  -1.1259125e-01  -1.1009107e-01
  -7.0322202e-02  -1.2228442e-01
  -3.2532636e-02  -1.1378473e-01
   0.0000000e+00  -1.0774161e-01
   2.6576973e-02  -1.1459292e-01
   9.7078622e-03  -9.9931299e-02
   1.4444637e-02  -1.0611457e-01
   2.7617632e-02  -9.4637297e-02
   4.5842321e-02  -8.8581993e-02
   5.2193064e-02  -8.5891442e-02
   4.8914967e-02  -7.1802817e-02
   7.0122751e-02  -6.8968901e-02
   7.1982825e-02  -4.9409546e-02
   4.6230886e-01   6.8989715e-02
   5.2784160e-01   6.9259029e-02
   5.1169150e-01   6.1103110e-02
   4.5864776e-01   6.0357154e-02
   4.1275513e-01   8.3985283e-02
   4.5826520e-01   8.6284846e-02
   4.7756882e-01   9.7655945e-02
   4.9771703e-01   9.9984357e-02
   4.8015181e-01   8.9243251e-02
   4.2740832e-01   1.0092599e-01
   4.0277083e-01   1.0858078e-01
   3.8058917e-01   1.3193380e-01
   3.8386435e-01   1.3451343e-01
   3.7881183e-01   1.3271570e-01
   3.6735805e-01   1.4082761e-01
   3.5211734e-01   1.4704498e-01
   3.5621295e-01   1.4577886e-01
   3.6122684e-01   1.5150035e-01
   3.3917537e-01   1.6645490e-01
   3.2648897e-01   1.6837424e-01
   2.8025016e-01   1.8063396e-01
   2.3424248e-01   1.8080664e-01
   2.2888561e-01   1.7571873e-01
   1.7513541e-01   1.9304222e-01
   1.6534990e-01   1.9205293e-01
   1.4809794e-01   1.9132903e-01
   1.4760621e-01   1.7426152e-01
   1.6353035e-01   1.7437681e-01
   1.6944218e-01   1.6737244e-01
   1.3944649e-01   1.7453843e-01
   9.7711972e-02   1.6326812e-01
   6.5525675e-02   1.5975690e-01
   3.7881257e-02   1.3652333e-01
   1.7220697e-02   1.4909627e-01
   1.4000505e-02   1.2529645e-01
  -1.1781287e-02   1.3992078e-01
   1.3190922e-03   1.2756659e-01
  -1.6012688e-02   1.1099232e-01
  -2.1568302e-02   1.0372278e-01
  -6.0171586e-02   6.6622551e-02
  -1.4568360e-01   9.7453309e-02
  -8.8425150e-02   6.6093860e-02
  -1.2625383e-01   7.6219635e-02
  -8.9310137e-02   4.4064963e-02
  -1.1866015e-01   4.9266162e-02
  -1.0347906e-01   3.2712617e-02
  -1.3234330e-01   4.5413078e-02
  -1.4168473e-01   3.2565258e-02
  -1.6223136e-01   3.4700055e-02
  -3.7421932e-01  -4.7319540e-03
  -3.7313661e-01   1.3000450e-03
  -3.3128718e-01  -9.7580411e-03
  -2.9084591e-01  -2.1051509e-02
  -2.8005936e-01  -1.9065226e-02
  -2.6524465e-01  -2.1344059e-02
  -2.5220686e-01  -2.4771201e-02
  -2.5437523e-01  -2.5819749e-02
  -2.4060947e-01  -2.1972899e-02
  -2.0970635e-01  -3.1302976e-02
  -1.8074281e-01  -3.4109505e-02
  -1.3942718e-01  -4.5662869e-02
  -1.1055381e-01  -4.4042863e-02
  -6.7089556e-02  -4.3472879e-02
  -5.8058377e-02  -5.0947201e-02
  -5.3167936e-02  -3.1355023e-02
  -2.6871276e-02  -3.6072487e-02
  -1.1355270e-02  -2.7327397e-02
  -2.5228984e-03  -3.5107508e-02
  -1.1529475e-02  -2.0793484e-02
   4.1503758e-02  -2.8137113e-02
   7.7987039e-02  -2.9982203e-02
   1.0303591e-01  -2.8155755e-02
   1.4008995e-01  -1.9344458e-02
   1.6142452e-01  -1.5904702e-02
   1.9106578e-01  -3.1540734e-03
   2.1390849e-01  -1.0217594e-02
   2.2756373e-01  -1.3076671e-03
   2.3108884e-01  -4.4724793e-04
   2.3308942e-01   6.1464835e-03
   2.5840116e-01   6.5729263e-03
   2.9000579e-01   1.9311571e-02
   3.0616894e-01   3.1494481e-03
   3.0684453e-01   5.2031788e-02
   4.6842606e-01  -1.7548584e-02
   3.2394353e-01   6.2958371e-02
   3.5083837e-01   2.8646745e-02
   3.5239126e-01   5.0090990e-02
   4.0990727e-01   3.4312075e-02
   4.3853794e-01   4.5111711e-02
   4.3957938e-01   4.9909811e-02
   4.9170971e-01   5.7516762e-02
   5.1071057e-01   3.3527796e-02
   4.7584035e-01   5.3576207e-02
   4.8058885e-01   4.8744689e-02
   5.1283444e-01   5.8739078e-02
   5.2538437e-01   5.3200894e-02
   5.2210466e-01   5.5224771e-02
   5.2128717e-01   5.5020342e-02
   1.6051083e-01   1.6936240e-02
   1.4482119e-01   4.7118474e-03
   1.2079916e-01   7.2209649e-03
   1.3696786e-01  -1.7325602e-02
   1.6952403e-01  -5.1323990e-02
   1.4850351e-01  -5.9826598e-02
   1.1037624e-01  -6.1633883e-02
   1.1043190e-01  -6.9977012e-02
   1.0643795e-01  -7.3729663e-02
   8.6443322e-02  -8.0105492e-02
   9.0560456e-02  -1.0057005e-01
   7.6405948e-02  -1.0934631e-01
   6.0382443e-02  -1.3896932e-01
   3.1322700e-02  -1.3538721e-01
   2.7471632e-02  -1.3902475e-01
   3.0896635e-02  -1.4516027e-01
   3.1633380e-02  -1.6023382e-01
   2.9887651e-02  -1.7544012e-01
   2.8667335e-02  -1.8718619e-01
   4.2123394e-02  -1.9452398e-01
   5.8299564e-02  -2.1196970e-01
   7.3868643e-02  -2.3466443e-01
   8.6392359e-02  -2.4061102e-01
   1.0010121e-01  -2.4601275e-01
   1.0171017e-01  -2.4278623e-01
   8.6722851e-02  -2.4319473e-01
   8.5217382e-02  -2.4590088e-01
   8.7250674e-02  -2.3566758e-01
   1.0162984e-01  -2.3491972e-01
   9.7814027e-02  -2.2072211e-01
   1.2875884e-01  -2.2213163e-01
   1.3675306e-01  -2.1314398e-01
   1.2658321e-01  -2.0911473e-01
   1.2802217e-01  -1.9448489e-01
   1.2849088e-01  -1.8008093e-01
   1.4069099e-01  -1.6664358e-01
   1.4769000e-01  -1.6020776e-01
   1.6146683e-01  -1.6098504e-01
   2.0042145e-01  -1.4953255e-01
   2.0878919e-01  -1.2633971e-01
   1.9556178e-01  -1.1501689e-01
   1.8117957e-01  -1.0772198e-01
   1.5683528e-01  -9.1035530e-02
   1.4135559e-01  -7.3455098e-02
   1.6220691e-01  -5.9778888e-02
   1.5415764e-01  -4.5811620e-02
   1.6303168e-01  -3.4437562e-02
   1.7411173e-01  -3.5737260e-02
   1.3839751e-01  -3.0331123e-02
  -1.6385291e-01   1.9450249e-01
  -1.7805781e-01   1.9796030e-01
  -1.9248216e-01   1.8562986e-01
  -1.8676483e-01   1.8777322e-01
  -1.9297971e-01   1.8109699e-01
  -2.1134443e-01   1.8903316e-01
  -2.2513794e-01   1.8167285e-01
  -2.3814427e-01   1.8100666e-01
  -2.7430173e-01   1.8012197e-01
  -3.0606812e-01   1.8885230e-01
  -2.9529788e-01   1.8143492e-01
  -3.1725159e-01   1.8215095e-01
  -3.5999207e-01   1.7827610e-01
  -3.8942668e-01   1.8559629e-01
  -3.7731914e-01   1.7935060e-01
  -4.0386933e-01   1.8420933e-01
  -4.1633977e-01   1.7036000e-01
  -4.4966692e-01   1.6950611e-01
  -4.7136938e-01   1.5587379e-01
  -4.6139197e-01   1.5076647e-01
  -4.6959233e-01   1.3419122e-01
  -4.7876878e-01   1.2988049e-01
  -4.9887172e-01   1.1110399e-01
  -4.9171779e-01   1.0645213e-01
  -5.0359994e-01   1.0013236e-01
  -5.2227391e-01   8.5631663e-02
  -5.3705799e-01   7.5511404e-02
  -5.3172514e-01   6.2075478e-02
  -5.1814585e-01   6.3615255e-02
  -5.2753238e-01   5.2528561e-02
  -4.9425540e-01   3.9300319e-02
  -4.8637218e-01   2.2663994e-02
  -4.5463909e-01  -1.4929386e-02
  -4.4586789e-01  -1.7818829e-02
  -4.3134100e-01  -2.4028609e-02
  -4.2602221e-01  -3.6282748e-02
  -4.3236670e-01  -2.1704937e-02
  -3.9807868e-01  -4.7507339e-02
  -4.1537073e-01  -5.6155601e-02
  -4.1034578e-01  -5.9532234e-02
  -3.4586568e-01  -9.3357590e-02
  -3.2449466e-01  -1.1885671e-01
  -3.2794427e-01  -1.2204135e-01
  -2.9523087e-01  -1.1659581e-01
  -2.5870007e-01  -1.3507349e-01
  -2.0348411e-01  -1.5194814e-01
  -1.7867593e-01  -1.6627204e-01
  -1.6472408e-01  -1.7177956e-01
   2.9789023e-01  -3.0126881e-02
   3.0596654e-01  -3.0205657e-03
   3.2370132e-01  -3.8319727e-03
   3.3236527e-01   9.8536116e-03
   3.4684608e-01   1.2511508e-02
   3.2864855e-01   1.4635226e-02
   3.0776670e-01   2.8580507e-02
   2.8801405e-01   3.7114414e-02
   2.6963096e-01   4.4458323e-02
   2.4659056e-01   6.0646916e-02
   2.4480186e-01   7.0608569e-02
   2.4600076e-01   7.8665326e-02
   2.2709711e-01   9.0878623e-02
   2.0827893e-01   1.0226668e-01
   1.9304277e-01   1.1431611e-01
   1.8856884e-01   1.1753211e-01
   1.6312508e-01   1.2646458e-01
   1.5950237e-01   1.2461433e-01
   1.5515213e-01   1.4049810e-01
   1.5002546e-01   1.4535679e-01
   1.2455945e-01   1.3463045e-01
   9.1504426e-02   1.5040301e-01
   6.9107497e-02   1.4247333e-01
   2.1050372e-02   1.5679669e-01
   7.1044246e-03   1.5495652e-01
  -3.3877971e-02   1.6500254e-01
  -8.5932283e-02   1.7806413e-01
  -1.0527729e-01   1.7940675e-01
  -1.0938180e-01   1.7580576e-01
  -1.2881498e-01   1.7606132e-01
  -1.3265401e-01   1.7480037e-01
  -1.4340484e-01   1.7195669e-01
  -1.3491540e-01   1.5180032e-01
  -1.3475261e-01   1.4599071e-01
  -1.3499047e-01   1.4021238e-01
  -1.3891548e-01   1.3545898e-01
  -1.4517324e-01   1.2483298e-01
  -1.3553618e-01   1.1353032e-01
  -1.2818017e-01   1.0945999e-01
  -1.2848785e-01   1.0482185e-01
  -1.3449317e-01   1.0696942e-01
  -1.4134005e-01   1.1129817e-01
  -1.2543002e-01   1.0795972e-01
  -1.1974572e-01   1.0565348e-01
  -9.8297348e-02   1.0159190e-01
  -4.1607538e-02   8.4848287e-02
  -3.2105976e-02   1.0053999e-01
  -5.7821151e-02   7.9877965e-02
  -5.4505239e-02   8.7422072e-02
  -1.9251713e-02   7.7442838e-02
   5.4976132e-01   7.9906212e-02
   5.3537943e-01   9.0512258e-02
   5.5534447e-01   8.6462369e-02
   5.6101423e-01   9.3845472e-02
   5.5307097e-01   8.7592068e-02
   5.5047913e-01   9.5724461e-02
   5.4145126e-01   1.0533397e-01
   5.2731191e-01   1.0919607e-01
   5.3549360e-01   1.0146545e-01
   5.2358130e-01   8.9398626e-02
   4.9824030e-01   9.3937478e-02
   4.9929983e-01   9.3685744e-02
   5.0030223e-01   9.4377356e-02
   4.8850134e-01   1.0774784e-01
   4.5307921e-01   1.1301280e-01
   4.1740592e-01   1.1227002e-01
   3.9121868e-01   1.0532047e-01
   3.7847005e-01   1.0301765e-01
   3.7870888e-01   1.0343880e-01
   3.6000004e-01   1.0879035e-01
   3.3878282e-01   1.0367185e-01
   3.2797351e-01   9.2605417e-02
   3.0037001e-01   9.4289893e-02
   2.6711119e-01   9.2911837e-02
   2.3823870e-01   9.1486841e-02
   2.3281315e-01   8.8125381e-02
   2.1617563e-01   8.2600873e-02
   2.0415508e-01   7.4962506e-02
   1.8666793e-01   6.2125636e-02
   1.4990791e-01   4.9841738e-02
   1.1530027e-01   5.3702438e-02
   1.0090015e-01   7.0627382e-02
   8.9961965e-02   5.2266621e-02
   6.1406650e-02   5.8682639e-02
   6.7644954e-02   4.4387441e-02
   3.2937058e-02   4.9120608e-02
   4.0417091e-02   3.3756183e-02
   1.2723544e-03   3.8655615e-02
  -1.7806772e-02   3.4934363e-02
  -5.9996058e-02   4.2923986e-02
  -7.0169855e-02   4.0556452e-02
  -6.3901862e-02   3.0886905e-02
  -7.7096495e-02   2.9639648e-02
  -9.9902341e-02   3.6461781e-02
  -1.3593926e-01   3.5016356e-02
  -1.8347643e-01   3.2093812e-02
  -2.1215600e-01   3.6430520e-02
  -2.1943457e-01   3.1032372e-02
  -2.3396611e-01   2.3830647e-02
  -5.8278737e-01  -2.6709117e-02
  -5.7745774e-01  -2.3439125e-02
  -5.4812456e-01  -2.3379076e-02
  -5.3016869e-01  -2.6631907e-02
  -5.1092461e-01  -2.2625961e-02
  -5.0854874e-01  -2.5414215e-02
  -4.8819246e-01  -2.1550205e-02
  -4.7256552e-01  -2.6187435e-02
  -4.4479037e-01  -2.8109362e-02
  -4.1735553e-01  -3.2283247e-02
  -4.0270395e-01  -2.5771051e-02
  -3.6897814e-01  -3.5298035e-02
  -3.5455129e-01  -2.3335851e-02
  -3.2492615e-01  -2.8023442e-02
  -3.1265112e-01  -1.9504380e-02
  -2.7774092e-01  -2.3992283e-02
  -2.6087873e-01  -2.8145882e-02
  -2.2981704e-01  -1.9119647e-02
  -2.1062390e-01  -1.7454392e-02
  -1.9395513e-01  -6.9048748e-03
  -1.5610035e-01  -1.1071728e-02
  -1.4422229e-01  -5.5307100e-03
  -1.1845672e-01  -8.3142791e-03
  -8.7387380e-02  -1.8476176e-03
  -6.1935966e-02   6.9661647e-03
  -4.7886722e-02   9.7882385e-03
  -2.7033084e-02   1.2525673e-02
  -5.1262220e-03   1.6635371e-02
   2.5641066e-03   2.3128848e-02
   3.4605651e-02   2.5431773e-02
   8.2885343e-02   2.4794101e-02
   1.0576365e-01   2.1985445e-02
   1.1819611e-01   2.6486789e-02
   1.4085737e-01   1.9830403e-02
   1.5945696e-01   2.3180788e-02
   1.6830082e-01   3.4119940e-02
   2.0025422e-01   3.3718642e-02
   2.2069677e-01   3.1034256e-02
   2.4248472e-01   4.0409038e-02
   2.4458018e-01   3.2282498e-02
   2.4712331e-01   4.6343767e-02
   2.3870379e-01   5.2985688e-02
   2.8901296e-01   4.4228213e-02
   2.9192263e-01   4.9314190e-02
   2.8610717e-01   5.2090668e-02
   2.7783771e-01   5.5060516e-02
   3.1514626e-01   4.7795521e-02
   3.3851844e-01   4.6713400e-02
   3.4835506e-01   4.4184743e-02
