  -6.7258080e-02   1.8936210e-02
  -5.7600513e-02   1.6774192e-02
  -4.9027000e-02   1.5454545e-02
  -5.1455776e-02   2.0310048e-02
  -4.1661892e-02   1.8549509e-02
  -2.8127278e-02   1.8518480e-02
  -2.5759963e-02   1.7689983e-02
  -1.8433502e-02   1.9499816e-02
  -1.3451616e-02   1.8963194e-02
  -3.6728472e-03   1.7217186e-02
  -1.2288460e-03   1.9945209e-02
   1.7154897e-02   1.8558286e-02
   2.3350108e-02   1.9055353e-02
   3.3106874e-02   2.1667148e-02
   3.3211855e-02   1.9957875e-02
   3.1915367e-02   2.0803984e-02
   3.7979263e-02   2.0318081e-02
   3.5675107e-02   1.9069797e-02
   3.5634928e-02   2.0379946e-02
   4.4202038e-02   1.8142593e-02
   5.1509129e-02   1.9888241e-02
   5.5221772e-02   2.3444172e-02
   6.2733504e-02   1.9939345e-02
   6.6220016e-02   2.0760371e-02
   6.5239900e-02   2.2618082e-02
   7.4975381e-02   1.7696451e-02
   8.1084771e-02   2.2113626e-02
   9.1098722e-02   2.1702373e-02
   9.8396516e-02   2.0786428e-02
   9.4886384e-02   2.1719054e-02
   1.0948567e-01   1.9003101e-02
   1.1168773e-01   2.2049100e-02
   1.1828813e-01   2.2568776e-02
   1.2668551e-01   2.0743354e-02
   1.3199303e-01   2.1238765e-02
   1.4415627e-01   2.2960575e-02
   1.5651588e-01   2.0727945e-02
   1.6015674e-01   2.3806074e-02
   1.6607460e-01   2.7288370e-02
   1.6626988e-01   2.5993444e-02
   1.7096395e-01   2.0655040e-02
   1.8730819e-01   2.1536341e-02
   1.9778601e-01   2.0252403e-02
   2.0635646e-01   2.3747970e-02
   2.0543569e-01   2.7323904e-02
   2.1332077e-01   2.4555252e-02
   2.0710754e-01   2.6331002e-02
   2.0524308e-01   2.6856959e-02
   2.0715543e-01   2.4575602e-02
   2.0747730e-01   1.9767476e-02
   2.1460006e-01   2.2797465e-02
   2.2193975e-01   2.4963810e-02
   2.2233057e-01   2.6767510e-02
   2.2312027e-01   2.6710987e-02
   2.1893187e-01   2.3731230e-02
   2.2391486e-01   2.2397193e-02
   2.2815478e-01   2.3191475e-02
   2.5457675e-01   2.1291083e-02
   2.4875045e-01   2.7153394e-02
   2.3237004e-01   2.8948214e-02
   2.4480801e-01   2.6705143e-02
   2.4591099e-01   2.3176018e-02
   2.4392698e-01   2.3229690e-02
   2.4119612e-01   2.3654119e-02
   2.4547333e-01   2.1054515e-02
   2.5747546e-01   2.5366415e-02
   2.5591988e-01   2.7095181e-02
   2.5924714e-01   2.4972072e-02
   2.6653629e-01   2.1420215e-02
   2.6942500e-01   2.5392697e-02
   2.6982210e-01   2.6187296e-02
   2.6535288e-01   2.7572464e-02
   2.6546436e-01   2.4508857e-02
   2.6447401e-01   2.4975691e-02
   2.7105712e-01   2.1906696e-02
   2.7282678e-01   2.6663589e-02
   2.7809968e-01   2.5791998e-02
   2.7525499e-01   2.7962990e-02
   2.8470844e-01   2.5249182e-02
   2.7577137e-01   2.8892202e-02
   2.7921327e-01   2.1395339e-02
   2.8052007e-01   1.9207972e-02
   2.8089159e-01   2.7879462e-02
   2.7301294e-01   2.8876823e-02
   2.6971138e-01   2.4978900e-02
   2.7302190e-01   2.0981185e-02
   2.8141294e-01   2.6293286e-02
   3.0048221e-01   2.4817450e-02
   3.1008951e-01   2.5283262e-02
   3.1317642e-01   2.5651981e-02
   2.9584109e-01   3.1000455e-02
   2.9232545e-01   2.6215480e-02
   3.1043803e-01   2.4434637e-02
   3.2828527e-01   2.0808003e-02
   3.3718659e-01   2.4255732e-02
   3.4193143e-01   2.4739337e-02
   3.4473824e-01   2.9435171e-02
   3.4926567e-01   3.3832129e-02
   3.6294110e-01   2.8515571e-02
   3.6663697e-01   2.4938781e-02
   3.5954115e-01   2.5002906e-02
   3.5494248e-01   2.4621282e-02
   3.5940769e-01   2.7589414e-02
   3.4722834e-01   3.2144350e-02
   3.4241311e-01   3.0223850e-02
   3.5000070e-01   2.3782758e-02
   3.5968042e-01   2.1985314e-02
   3.6202933e-01   2.4989308e-02
   3.6013147e-01   2.7640821e-02
   3.5871282e-01   3.0672372e-02
   3.6174751e-01   3.0159510e-02
   3.6476999e-01   2.9649235e-02
   3.6578293e-01   2.4538282e-02
   3.5525819e-01   2.5508981e-02
   3.5145365e-01   2.6827595e-02
   3.4099085e-01   2.7183097e-02
   3.4854249e-01   2.8114343e-02
   3.5161522e-01   2.7176813e-02
   3.4126617e-01   2.8504167e-02
   3.4045465e-01   2.6808654e-02
   3.3428326e-01   2.5977175e-02
   3.2472566e-01   2.4751325e-02
   3.3272641e-01   2.5526734e-02
   3.2578687e-01   2.8652295e-02
   3.3022352e-01   2.5972505e-02
   3.2273508e-01   2.6878419e-02
   3.1441918e-01   2.5645800e-02
   3.1156348e-01   2.6937272e-02
   3.2127845e-01   2.5663056e-02
   3.1780910e-01   2.6036888e-02
   3.2223734e-01   2.4763589e-02
   3.1675590e-01   2.8126941e-02
   3.0097669e-01   2.7482058e-02
   2.9144320e-01   2.4496728e-02
   2.8489593e-01   2.5375706e-02
   2.7690644e-01   2.4485822e-02
   2.6917048e-01   2.4930929e-02
   2.6152372e-01   2.3187876e-02
   2.5700910e-01   2.5444964e-02
   2.4653713e-01   2.6751621e-02
   2.4183849e-01   2.6358742e-02
   2.3766965e-01   2.5445187e-02
   2.2763792e-01   2.5330364e-02
   2.2904362e-01   2.4160061e-02
   2.1813126e-01   2.3781579e-02
   2.0966568e-01   2.3833035e-02
   2.0406651e-01   2.4659565e-02
   1.9307197e-01   2.6925748e-02
   1.8972414e-01   2.3726845e-02
   1.8292594e-01   2.1612342e-02
   1.7943918e-01   1.9434456e-02
   1.7915205e-01   2.4710491e-02
   1.6564702e-01   2.8311132e-02
   1.6345208e-01   2.3031546e-02
   1.6298724e-01   2.1638750e-02
   1.4957567e-01   2.0361911e-02
   1.4318656e-01   2.4335988e-02
   1.3114562e-01   2.1748040e-02
   1.1991323e-01   1.9971021e-02
   1.1581786e-01   2.3015626e-02
   1.1325787e-01   2.1670326e-02
   1.0597178e-01   2.2146189e-02
   1.0206133e-01   2.2992198e-02
   9.4886384e-02   2.1719054e-02
   8.6358681e-02   2.0420032e-02
   8.0879614e-02   1.7638422e-02
   6.8880738e-02   2.0377038e-02
   5.9096700e-02   2.0849345e-02
   4.6748663e-02   1.8620739e-02
   4.4247766e-02   1.7717698e-02
   4.6742611e-02   1.9950791e-02
   3.6931914e-02   2.1751730e-02
   2.5809101e-02   1.8611467e-02
   1.7209433e-02   1.6397808e-02
   1.4748057e-02   1.8614208e-02
   1.8447590e-02   2.1737350e-02
   2.0820240e-02   2.3417716e-02
   2.3370250e-02   2.0405113e-02
   1.8380247e-02   1.8558021e-02
   1.2253998e-02   1.8117279e-02
   9.8222723e-03   1.8596426e-02
   2.4433312e-03   1.8945507e-02
   0.0000000e+00   2.0287413e-02
   3.6701360e-03   2.4280646e-02
   0.0000000e+00   2.3514457e-02
   0.0000000e+00   1.5908640e-02
   1.2268489e-03   1.5924445e-02
   3.6654434e-03   1.7623685e-02
   1.2226584e-03   2.0728434e-02
  -4.9013991e-03   1.8559933e-02
  -2.4505970e-03   1.9001949e-02
  -1.3473967e-02   2.2094015e-02
  -2.5745946e-02   2.2996978e-02
  -2.4453168e-02   2.0724373e-02
  -3.3099485e-02   1.2810689e-02
  -3.4256418e-02   1.3225830e-02
  -3.4212128e-02   1.7176569e-02
  -4.0518535e-02   1.8144450e-02
  -5.2680913e-02   2.0309199e-02
  -6.0034427e-02   1.9862299e-02
  -6.2385670e-02   1.5416395e-02
  -6.2440765e-02   1.6754363e-02
  -6.1153543e-02   1.7179119e-02
  -6.1259619e-02   1.9861332e-02
  -6.5077828e-02   1.7686865e-02
  -6.6252162e-02   1.5459851e-02
  -6.9847791e-02   1.8089217e-02
  -7.8341449e-02   1.8944987e-02
  -8.6831218e-02   1.8037658e-02
  -9.6806587e-02   1.8062674e-02
  -9.5413378e-02   1.5390158e-02
  -9.8985139e-02   1.5371439e-02
  -9.7756209e-02   1.6251081e-02
  -1.0182102e-01   1.6752225e-02
  -1.1007211e-01   1.7571467e-02
  -1.1743968e-01   1.4488584e-02
  -1.2111354e-01   1.4045537e-02
  -1.1741480e-01   1.7122872e-02
  -1.1152017e-01   1.7164417e-02
  -1.1372730e-01   1.8884276e-02
  -1.0886142e-01   1.6255025e-02
  -1.1388244e-01   1.4506840e-02
  -1.1987835e-01   1.5363779e-02
  -1.2869587e-01   1.5383333e-02
  -1.2965518e-01   1.6228828e-02
  -1.3210623e-01   1.5786929e-02
  -1.4092660e-01   1.7562117e-02
  -1.4080805e-01   1.5790426e-02
  -1.4069600e-01   1.3145814e-02
  -1.3373577e-01   1.4952250e-02
  -1.3343085e-01   1.8434203e-02
  -1.3699905e-01   1.5780188e-02
  -1.4772559e-01   1.4859336e-02
  -1.6025097e-01   1.4870240e-02
  -1.7160599e-01   1.4443998e-02
  -1.7667845e-01   1.4888012e-02
  -1.7654937e-01   1.0936414e-02
  -1.8223756e-01   1.7015671e-02
  -1.9979841e-01   1.4395551e-02
  -1.9348987e-01   1.3520430e-02
  -1.9963034e-01   1.2202598e-02
  -2.0408047e-01   1.5214220e-02
  -2.1348646e-01   1.4819722e-02
  -2.1914655e-01   1.6952050e-02
  -2.3532137e-01   1.5627127e-02
  -2.5598775e-01   1.0806855e-02
  -2.6457985e-01   9.4967119e-03
  -2.7291831e-01   6.4595800e-03
  -2.7138509e-01   9.8973973e-03
  -2.7032849e-01   1.5509442e-02
  -2.7061495e-01   1.4661672e-02
  -2.6943217e-01   1.2508134e-02
  -2.6727614e-01   1.0797547e-02
  -2.6405036e-01   9.9095812e-03
  -2.6823597e-01   1.0785098e-02
  -2.6577273e-01   1.1652682e-02
  -2.4714965e-01   1.2108592e-02
  -2.4689825e-01   1.2529103e-02
  -2.4318237e-01   1.4336357e-02
  -2.4024839e-01   1.4314300e-02
  -2.3370925e-01   1.0833380e-02
  -2.2411858e-01   1.2596672e-02
  -2.0536284e-01   1.0865564e-02
  -2.0019559e-01   1.4423465e-02
  -1.9997637e-01   1.5719449e-02
  -1.8894778e-01   1.4866579e-02
  -1.8807452e-01   1.6212236e-02
  -1.8954729e-01   1.2278842e-02
  -1.7585116e-01   1.0531167e-02
  -1.6336504e-01   1.3168767e-02
  -1.5241493e-01   1.7155509e-02
  -1.4701650e-01   2.0184894e-02
  -1.3984525e-01   1.7141780e-02
  -1.3361180e-01   1.4058893e-02
  -1.3594078e-01   1.2725655e-02
  -1.4002718e-01   1.3198938e-02
  -1.4707057e-01   1.6235675e-02
  -1.4244005e-01   1.7154763e-02
  -1.3466584e-01   1.7554514e-02
  -1.3246910e-01   1.8472384e-02
  -1.1875078e-01   1.7577532e-02
  -1.0879602e-01   1.0533441e-02
  -9.9407679e-02   1.1022975e-02
  -1.0148527e-01   2.0219121e-02
  -9.0754180e-02   1.9851931e-02
  -8.5582105e-02   2.1118714e-02
  -8.2030025e-02   1.6738858e-02
  -8.0894550e-02   1.5433620e-02
  -8.5797249e-02   1.5429499e-02
  -7.4786397e-02   1.1468551e-02
  -8.0879614e-02   1.7638422e-02
  -6.9971519e-02   2.0335478e-02
  -4.7690059e-02   1.9390872e-02
  -3.3152856e-02   1.7705055e-02
  -2.0835746e-02   1.5906373e-02
  -1.5963717e-02   1.6824463e-02
  -2.5703566e-02   1.9861762e-02
  -2.6919931e-02   2.2509520e-02
  -2.3275460e-02   2.1207745e-02
  -2.4531314e-02   1.8574858e-02
   0.0000000e+00   1.1455446e-02
   7.3667042e-03   1.8596684e-02
   9.8001937e-03   2.1210850e-02
   1.2296546e-02   2.3069641e-02
   2.0802796e-02   2.2070274e-02
   2.6959871e-02   1.7672049e-02
   2.8207380e-02   1.9900366e-02
   3.0700594e-02   1.6378018e-02
   3.0657415e-02   2.0783842e-02
   3.4339419e-02   1.9897861e-02
   3.9223570e-02   2.4758849e-02
   5.2616229e-02   2.2494423e-02
   5.9925770e-02   1.8060975e-02
   6.1274818e-02   1.7213154e-02
   5.4073935e-02   1.9040489e-02
   5.7567727e-02   2.2512732e-02
   7.7180132e-02   2.0729085e-02
   9.1823662e-02   2.6000479e-02
   9.9970385e-02   1.9722910e-02
   1.0299414e-01   2.2040595e-02
   9.3101840e-02   2.1151366e-02
   8.1966370e-02   2.4227295e-02
   9.1743317e-02   2.5094324e-02
   9.4144698e-02   2.0668348e-02
   9.5854210e-02   1.9443404e-02
   9.9469925e-02   1.6330131e-02
   9.9423978e-02   2.1185035e-02
   1.0920475e-01   2.4258298e-02
   1.2475671e-01   2.5914290e-02
   1.2357434e-01   2.3281241e-02
   1.2373889e-01   2.0226226e-02
   1.1060101e-01   1.9424106e-02
   1.1071585e-01   1.9001424e-02
   1.1446573e-01   2.3437191e-02
   1.2149420e-01   2.2913969e-02
   1.2904870e-01   2.6916718e-02
   1.3853771e-01   2.2858237e-02
   1.5283943e-01   1.9412065e-02
   1.6980474e-01   1.6262547e-02
   1.7422725e-01   2.4552153e-02
   1.6727316e-01   2.8604984e-02
   1.6609470e-01   2.6408100e-02
   1.6949686e-01   2.4150426e-02
   1.8315754e-01   1.6221738e-02
   1.7567489e-01   2.2378730e-02
   1.7688519e-01   2.3253083e-02
   1.8703224e-01   2.5467127e-02
   1.9506349e-01   2.5366096e-02
   2.0563210e-01   2.7625181e-02
   2.0389852e-01   2.3613677e-02
   2.0827704e-01   2.0602542e-02
   2.0828668e-01   2.0164190e-02
   2.0573981e-01   2.3678727e-02
   2.0561912e-01   2.8063676e-02
   2.1396892e-01   2.9754308e-02
   2.1541476e-01   2.2311967e-02
   2.1215497e-01   2.1928005e-02
   2.2159149e-01   2.1418623e-02
   2.2259000e-01   2.1830833e-02
   2.2536116e-01   2.6675766e-02
   2.3571170e-01   2.7426308e-02
   2.3082933e-01   2.6574968e-02
   2.3280469e-01   2.4899714e-02
   2.3581403e-01   2.2313552e-02
   2.4694862e-01   2.1509793e-02
   2.3788339e-01   2.7527010e-02
   2.3034115e-01   2.4908741e-02
   2.2558569e-01   2.6701577e-02
   2.3398584e-01   1.7889800e-02
   2.3156911e-01   2.2394849e-02
   2.4299145e-01   2.1830424e-02
   2.3312494e-01   2.9324657e-02
   2.2358446e-01   2.9684747e-02
   2.1756509e-01   2.5778158e-02
   2.1808256e-01   2.2763751e-02
   2.2332863e-01   1.8829056e-02
   2.2516337e-01   2.1954152e-02
   2.3503419e-01   2.4866631e-02
   2.3535733e-01   2.9285601e-02
   2.2802294e-01   2.7567225e-02
   2.2356574e-01   2.6762813e-02
   2.2104179e-01   2.0607742e-02
   2.1979648e-01   2.1049852e-02
   2.2969656e-01   2.0144311e-02
   2.2600805e-01   2.7630507e-02
   2.3322838e-01   2.6260886e-02
   2.2058509e-01   2.8910491e-02
   2.1722428e-01   2.5005298e-02
   2.2016877e-01   2.3727123e-02
   2.2355177e-01   1.8847305e-02
   2.1367124e-01   2.7239065e-02
   2.1142510e-01   2.6834837e-02
   2.1100340e-01   2.6782645e-02
   2.2021472e-01   2.1969558e-02
   2.3358979e-01   2.1905241e-02
   2.3553195e-01   2.1964933e-02
   2.4071466e-01   2.3608503e-02
   2.4972260e-01   2.7559391e-02
   2.4881367e-01   3.2001804e-02
   2.0867744e-01   2.9015776e-02
   2.0084339e-01   2.2377587e-02
   1.9695270e-01   1.9854029e-02
   1.9166233e-01   1.7183766e-02
   1.7154796e-01   2.5589322e-02
   1.6023233e-01   2.7801065e-02
   1.5886115e-01   2.6895465e-02
   1.5159327e-01   2.0296895e-02
   1.5036761e-01   1.9858050e-02
   1.4556241e-01   2.1212827e-02
   1.4786760e-01   2.2069753e-02
   1.4795983e-01   2.5184321e-02
   1.4301964e-01   2.5638083e-02
   1.2031861e-01   2.7350098e-02
   1.1429745e-01   1.8536185e-02
   9.4948418e-02   1.4627118e-02
   8.1222252e-02   1.4609482e-02
   6.8946150e-02   2.0840731e-02
   5.6608268e-02   2.4844093e-02
   6.2750594e-02   2.6168720e-02
   6.7556739e-02   2.3898431e-02
   7.2586440e-02   1.8159039e-02
   6.5282231e-02   1.5965705e-02
   5.8821538e-02   1.7656219e-02
   3.6858520e-02   2.1708439e-02
   1.4740432e-02   2.3489358e-02
   1.1079574e-02   2.1760599e-02
   1.4735739e-02   1.6824671e-02
   1.7224593e-02   1.7745031e-02
   2.5806903e-02   1.9497727e-02
   1.9619827e-02   2.1229919e-02
   1.2261805e-02   2.1673880e-02
   2.4596787e-03   2.1739737e-02
  -2.4560475e-03   1.6383052e-02
  -1.5948461e-02   1.6365433e-02
  -1.4751995e-02   1.5511840e-02
  -2.1285243e-01   1.4776934e-02
  -2.0106507e-01   1.1340167e-02
  -2.0635584e-01   1.3101786e-02
  -2.3044233e-01   1.4335237e-02
  -2.4982802e-01   1.3915264e-02
  -2.5601193e-01   1.2163927e-02
  -2.4764685e-01   1.1698436e-02
  -2.4176929e-01   1.0852522e-02
  -2.5845086e-01   1.3461843e-02
  -2.7394317e-01   1.1239082e-02
  -2.8529006e-01   1.0796189e-02
  -2.7983369e-01   9.4909087e-03
  -2.7380317e-01   1.1613841e-02
  -2.7584426e-01   1.1644355e-02
  -2.7486787e-01   1.2953158e-02
  -2.9107807e-01   1.0817313e-02
  -2.9082002e-01   1.2916771e-02
  -2.9355200e-01   1.0379969e-02
  -2.9175735e-01   1.2901755e-02
  -2.8751754e-01   1.2456506e-02
  -2.9547500e-01   1.0744255e-02
  -2.9701646e-01   9.4616978e-03
  -2.9548213e-01   1.0314485e-02
  -2.8987208e-01   1.3362876e-02
  -2.8565206e-01   1.1624370e-02
  -2.8281608e-01   1.1664961e-02
  -2.8348884e-01   1.1209278e-02
  -2.7145620e-01   1.2973608e-02
  -2.5799789e-01   9.5353499e-03
  -2.4937427e-01   1.1284535e-02
  -2.3584878e-01   1.2177769e-02
  -2.1759937e-01   1.4840860e-02
  -2.0615690e-01   1.2652812e-02
  -2.0675422e-01   1.4002346e-02
  -2.0143653e-01   1.3547179e-02
  -1.9528281e-01   1.4432434e-02
  -1.9243751e-01   1.4845481e-02
  -1.8663830e-01   1.7512281e-02
  -1.9179504e-01   1.4015096e-02
  -1.9425395e-01   1.4010835e-02
  -1.9021480e-01   1.1804052e-02
  -1.8181881e-01   1.0513476e-02
  -1.6948513e-01   1.4914774e-02
  -1.6069937e-01   1.7107059e-02
  -1.5228044e-01   1.5820334e-02
   4.0569374e-02   1.5061587e-02
   4.7841796e-02   1.7238542e-02
   5.2895289e-02   1.9503521e-02
   5.8952194e-02   2.4792400e-02
   6.3770346e-02   2.0320784e-02
   7.3650847e-02   2.0773956e-02
   7.7340419e-02   1.9886339e-02
   8.1004289e-02   2.2091717e-02
   9.0917682e-02   2.1659375e-02
   9.9428644e-02   2.0743680e-02
   9.5696953e-02   2.5163133e-02
   1.0582087e-01   2.5664129e-02
   1.2017144e-01   2.1132569e-02
   1.3123140e-01   1.9354054e-02
   1.4267495e-01   2.0714369e-02
   1.4422373e-01   2.3654451e-02
   1.2919240e-01   2.6059903e-02
   1.3263503e-01   2.5119033e-02
   1.4481863e-01   2.2428025e-02
   1.5484142e-01   1.9350207e-02
   1.5248496e-01   2.2456158e-02
   1.5219732e-01   2.1533232e-02
   1.6109298e-01   2.2436561e-02
   1.6824042e-01   2.5471132e-02
   1.7541403e-01   2.6302240e-02
   1.6804398e-01   2.6762436e-02
   1.7415756e-01   1.9272176e-02
   1.7781301e-01   2.0577608e-02
   1.7164835e-01   2.2344310e-02
   1.7016990e-01   2.6265359e-02
   1.5970445e-01   2.2417442e-02
   1.6253079e-01   1.9813840e-02
   1.7076944e-01   2.1951973e-02
   1.8025716e-01   2.1009492e-02
   1.8491308e-01   2.4036141e-02
   1.7925018e-01   2.7194054e-02
   1.7826175e-01   2.4589836e-02
   1.7967962e-01   2.4170909e-02
   1.7335372e-01   2.4164193e-02
   1.7128841e-01   2.1576189e-02
   1.6601185e-01   2.2424904e-02
   1.7581264e-01   2.4157507e-02
   1.7926108e-01   2.6755441e-02
   1.9266263e-01   2.3186442e-02
   1.9342006e-01   2.3716061e-02
   1.8562771e-01   2.5007327e-02
   1.8391048e-01   2.4672034e-02
   3.2541515e-01   2.6676049e-02
   3.3516379e-01   2.4119831e-02
   3.2859462e-01   2.5420182e-02
   3.2440137e-01   2.8861441e-02
   3.2104222e-01   2.8478294e-02
   3.2838442e-01   2.9728688e-02
   3.2819837e-01   2.8523302e-02
   3.1273126e-01   2.8120746e-02
   3.1519177e-01   2.0736603e-02
   3.0583738e-01   2.2983520e-02
   3.0819130e-01   2.6006832e-02
   3.0861054e-01   3.0276927e-02
   3.0060442e-01   3.0262179e-02
   2.9419210e-01   2.9403290e-02
   2.9402293e-01   2.5156280e-02
   2.8224902e-01   2.4824735e-02
   2.7133125e-01   2.6206892e-02
   2.6632770e-01   2.4793217e-02
   2.6609215e-01   2.3900444e-02
   2.5688347e-01   2.7500259e-02
   2.4443652e-01   3.0178336e-02
   2.4015925e-01   2.4997100e-02
   2.4084306e-01   1.8799363e-02
   2.3524109e-01   2.5763955e-02
   2.3469647e-01   2.6281463e-02
   2.2291161e-01   2.6247686e-02
   2.1722428e-01   2.5005298e-02
   2.0671984e-01   2.5403888e-02
   2.0900174e-01   2.5083512e-02
   2.1439724e-01   2.2337371e-02
   2.1296356e-01   2.1881839e-02
   1.9876495e-01   2.2868091e-02
   1.9055567e-01   2.4554000e-02
   1.7758127e-01   2.3784666e-02
   1.8584309e-01   2.3714271e-02
   1.9077622e-01   2.3261258e-02
   1.9360240e-01   2.4178822e-02
   1.9098605e-01   2.2405312e-02
   1.8002794e-01   2.4658575e-02
   1.6996476e-01   2.5983017e-02
   1.6522181e-01   2.5140295e-02
   1.6602831e-01   2.1545496e-02
   0.0000000e+00   2.0347913e-02
  -1.1015814e-02   1.9865280e-02
  -9.8053999e-03   1.5466245e-02
  -9.7949909e-03   1.6333811e-02
  -2.2048310e-02   2.2091804e-02
  -2.8179425e-02   1.9880615e-02
  -2.0791399e-02   1.7638726e-02
  -2.5708933e-02   1.7654899e-02
  -2.9490975e-02   2.0382624e-02
  -3.5670382e-02   2.0400248e-02
  -3.4278577e-02   1.7651921e-02
  -3.4389426e-02   1.4606273e-02
  -4.8912881e-02   1.9390121e-02
  -6.1209309e-02   1.8077972e-02
  -7.4659403e-02   2.0270457e-02
  -7.5853496e-02   1.3206014e-02
  -7.8285173e-02   1.5845263e-02
  -7.4749390e-02   1.8085022e-02
  -7.5961928e-02   1.9848215e-02
  -7.2226984e-02   1.8069273e-02
  -7.4768715e-02   1.4997335e-02
  -8.3336912e-02   1.6754297e-02
  -8.8148333e-02   1.7173508e-02
  -1.0039866e-01   1.6280544e-02
  -1.0765304e-01   1.4498975e-02
  -1.1509114e-01   1.6263761e-02
  -1.1655870e-01   1.4973147e-02
  -1.1484601e-01   1.7986625e-02
  -1.0143264e-01   1.4929870e-02
  -1.0152245e-01   1.6263206e-02
  -1.0152962e-01   1.5384114e-02
  -1.1030293e-01   1.6285633e-02
  -1.2719444e-01   1.7548260e-02
  -1.3468112e-01   1.6237925e-02
  -1.3226286e-01   1.3168678e-02
  -1.2806079e-01   1.5308140e-02
  -1.3822226e-01   1.5778466e-02
  -1.4525794e-01   1.7048479e-02
  -1.5078654e-01   1.2720751e-02
  -1.5155692e-01   1.3119318e-02
  -1.5505082e-01   1.4848684e-02
  -1.5930833e-01   1.7530787e-02
  -1.6055204e-01   1.6213926e-02
  -1.6548764e-01   1.3577638e-02
  -1.7161681e-01   1.3568604e-02
  -1.8034029e-01   1.6194816e-02
  -1.7001327e-01   1.6602369e-02
  -1.6224071e-01   1.2643257e-02
