   7.1982825e-02  -4.9409546e-02
   4.6230886e-01   6.8989715e-02
   5.2784160e-01   6.9259029e-02
   5.1169150e-01   6.1103110e-02
   4.5864776e-01   6.0357154e-02
   4.1275513e-01   8.3985283e-02
   4.5826520e-01   8.6284846e-02
   4.7756882e-01   9.7655945e-02
   4.9771703e-01   9.9984357e-02
   4.8015181e-01   8.9243251e-02
   4.2740832e-01   1.0092599e-01
   4.0277083e-01   1.0858078e-01
   3.8058917e-01   1.3193380e-01
   3.8386435e-01   1.3451343e-01
   3.7881183e-01   1.3271570e-01
   3.6735805e-01   1.4082761e-01
   3.5211734e-01   1.4704498e-01
   3.5621295e-01   1.4577886e-01
   3.6122684e-01   1.5150035e-01
   3.3917537e-01   1.6645490e-01
   3.2648897e-01   1.6837424e-01
   2.8025016e-01   1.8063396e-01
   2.3424248e-01   1.8080664e-01
   2.2888561e-01   1.7571873e-01
   1.7513541e-01   1.9304222e-01
   1.6534990e-01   1.9205293e-01
   1.4809794e-01   1.9132903e-01
   1.4760621e-01   1.7426152e-01
   1.6353035e-01   1.7437681e-01
   1.6944218e-01   1.6737244e-01
   1.3944649e-01   1.7453843e-01
   9.7711972e-02   1.6326812e-01
   6.5525675e-02   1.5975690e-01
   3.7881257e-02   1.3652333e-01
   1.7220697e-02   1.4909627e-01
   1.4000505e-02   1.2529645e-01
  -1.1781287e-02   1.3992078e-01
   1.3190922e-03   1.2756659e-01
  -1.6012688e-02   1.1099232e-01
  -2.1568302e-02   1.0372278e-01
  -6.0171586e-02   6.6622551e-02
  -1.4568360e-01   9.7453309e-02
  -8.8425150e-02   6.6093860e-02
  -1.2625383e-01   7.6219635e-02
  -8.9310137e-02   4.4064963e-02
  -1.1866015e-01   4.9266162e-02
  -1.0347906e-01   3.2712617e-02
  -1.3234330e-01   4.5413078e-02
  -1.4168473e-01   3.2565258e-02
  -1.6223136e-01   3.4700055e-02
  -3.7421932e-01  -4.7319540e-03
  -3.7313661e-01   1.3000450e-03
  -3.3128718e-01  -9.7580411e-03
  -2.9084591e-01  -2.1051509e-02
  -2.8005936e-01  -1.9065226e-02
  -2.6524465e-01  -2.1344059e-02
  -2.5220686e-01  -2.4771201e-02
  -2.5437523e-01  -2.5819749e-02
  -2.4060947e-01  -2.1972899e-02
  -2.0970635e-01  -3.1302976e-02
  -1.8074281e-01  -3.4109505e-02
  -1.3942718e-01  -4.5662869e-02
  -1.1055381e-01  -4.4042863e-02
  -6.7089556e-02  -4.3472879e-02
  -5.8058377e-02  -5.0947201e-02
  -5.3167936e-02  -3.1355023e-02
  -2.6871276e-02  -3.6072487e-02
  -1.1355270e-02  -2.7327397e-02
  -2.5228984e-03  -3.5107508e-02
  -1.1529475e-02  -2.0793484e-02
   4.1503758e-02  -2.8137113e-02
   7.7987039e-02  -2.9982203e-02
   1.0303591e-01  -2.8155755e-02
   1.4008995e-01  -1.9344458e-02
   1.6142452e-01  -1.5904702e-02
   1.9106578e-01  -3.1540734e-03
   2.1390849e-01  -1.0217594e-02
   2.2756373e-01  -1.3076671e-03
   2.3108884e-01  -4.4724793e-04
   2.3308942e-01   6.1464835e-03
   2.5840116e-01   6.5729263e-03
   2.9000579e-01   1.9311571e-02
   3.0616894e-01   3.1494481e-03
   3.0684453e-01   5.2031788e-02
   4.6842606e-01  -1.7548584e-02
   3.2394353e-01   6.2958371e-02
   3.5083837e-01   2.8646745e-02
   3.5239126e-01   5.0090990e-02
   4.0990727e-01   3.4312075e-02
   4.3853794e-01   4.5111711e-02
   4.3957938e-01   4.9909811e-02
   4.9170971e-01   5.7516762e-02
   5.1071057e-01   3.3527796e-02
   4.7584035e-01   5.3576207e-02
   4.8058885e-01   4.8744689e-02
   5.1283444e-01   5.8739078e-02
   5.2538437e-01   5.3200894e-02
   5.2210466e-01   5.5224771e-02
   5.2128717e-01   5.5020342e-02
   1.6051083e-01   1.6936240e-02
   1.4482119e-01   4.7118474e-03
   1.2079916e-01   7.2209649e-03
   1.3696786e-01  -1.7325602e-02
   1.6952403e-01  -5.1323990e-02
   1.4850351e-01  -5.9826598e-02
   1.1037624e-01  -6.1633883e-02
   1.1043190e-01  -6.9977012e-02
   1.0643795e-01  -7.3729663e-02
   8.6443322e-02  -8.0105492e-02
   9.0560456e-02  -1.0057005e-01
   7.6405948e-02  -1.0934631e-01
   6.0382443e-02  -1.3896932e-01
   3.1322700e-02  -1.3538721e-01
   2.7471632e-02  -1.3902475e-01
   3.0896635e-02  -1.4516027e-01
   3.1633380e-02  -1.6023382e-01
   2.9887651e-02  -1.7544012e-01
   2.8667335e-02  -1.8718619e-01
   4.2123394e-02  -1.9452398e-01
   5.8299564e-02  -2.1196970e-01
   7.3868643e-02  -2.3466443e-01
   8.6392359e-02  -2.4061102e-01
   1.0010121e-01  -2.4601275e-01
   1.0171017e-01  -2.4278623e-01
   8.6722851e-02  -2.4319473e-01
   8.5217382e-02  -2.4590088e-01
   8.7250674e-02  -2.3566758e-01
   1.0162984e-01  -2.3491972e-01
   9.7814027e-02  -2.2072211e-01
   1.2875884e-01  -2.2213163e-01
   1.3675306e-01  -2.1314398e-01
   1.2658321e-01  -2.0911473e-01
   1.2802217e-01  -1.9448489e-01
   1.2849088e-01  -1.8008093e-01
   1.4069099e-01  -1.6664358e-01
   1.4769000e-01  -1.6020776e-01
   1.6146683e-01  -1.6098504e-01
   2.0042145e-01  -1.4953255e-01
   2.0878919e-01  -1.2633971e-01
   1.9556178e-01  -1.1501689e-01
   1.8117957e-01  -1.0772198e-01
   1.5683528e-01  -9.1035530e-02
   1.4135559e-01  -7.3455098e-02
   1.6220691e-01  -5.9778888e-02
   1.5415764e-01  -4.5811620e-02
   1.6303168e-01  -3.4437562e-02
   1.7411173e-01  -3.5737260e-02
   1.3839751e-01  -3.0331123e-02
  -1.6385291e-01   1.9450249e-01
  -1.7805781e-01   1.9796030e-01
  -1.9248216e-01   1.8562986e-01
  -1.8676483e-01   1.8777322e-01
  -1.9297971e-01   1.8109699e-01
  -2.1134443e-01   1.8903316e-01
  -2.2513794e-01   1.8167285e-01
  -2.3814427e-01   1.8100666e-01
  -2.7430173e-01   1.8012197e-01
  -3.0606812e-01   1.8885230e-01
  -2.9529788e-01   1.8143492e-01
  -3.1725159e-01   1.8215095e-01
  -3.5999207e-01   1.7827610e-01
  -3.8942668e-01   1.8559629e-01
  -3.7731914e-01   1.7935060e-01
  -4.0386933e-01   1.8420933e-01
  -4.1633977e-01   1.7036000e-01
  -4.4966692e-01   1.6950611e-01
  -4.7136938e-01   1.5587379e-01
  -4.6139197e-01   1.5076647e-01
  -4.6959233e-01   1.3419122e-01
  -4.7876878e-01   1.2988049e-01
  -4.9887172e-01   1.1110399e-01
  -4.9171779e-01   1.0645213e-01
  -5.0359994e-01   1.0013236e-01
  -5.2227391e-01   8.5631663e-02
  -5.3705799e-01   7.5511404e-02
  -5.3172514e-01   6.2075478e-02
  -5.1814585e-01   6.3615255e-02
  -5.2753238e-01   5.2528561e-02
  -4.9425540e-01   3.9300319e-02
  -4.8637218e-01   2.2663994e-02
  -4.5463909e-01  -1.4929386e-02
  -4.4586789e-01  -1.7818829e-02
  -4.3134100e-01  -2.4028609e-02
  -4.2602221e-01  -3.6282748e-02
  -4.3236670e-01  -2.1704937e-02
  -3.9807868e-01  -4.7507339e-02
  -4.1537073e-01  -5.6155601e-02
  -4.1034578e-01  -5.9532234e-02
  -3.4586568e-01  -9.3357590e-02
  -3.2449466e-01  -1.1885671e-01
  -3.2794427e-01  -1.2204135e-01
  -2.9523087e-01  -1.1659581e-01
  -2.5870007e-01  -1.3507349e-01
  -2.0348411e-01  -1.5194814e-01
  -1.7867593e-01  -1.6627204e-01
  -1.6472408e-01  -1.7177956e-01
   2.9789023e-01  -3.0126881e-02
   3.0596654e-01  -3.0205657e-03
   3.2370132e-01  -3.8319727e-03
   3.3236527e-01   9.8536116e-03
   3.4684608e-01   1.2511508e-02
   3.2864855e-01   1.4635226e-02
   3.0776670e-01   2.8580507e-02
   2.8801405e-01   3.7114414e-02
   2.6963096e-01   4.4458323e-02
   2.4659056e-01   6.0646916e-02
   2.4480186e-01   7.0608569e-02
   2.4600076e-01   7.8665326e-02
   2.2709711e-01   9.0878623e-02
   2.0827893e-01   1.0226668e-01
   1.9304277e-01   1.1431611e-01
   1.8856884e-01   1.1753211e-01
   1.6312508e-01   1.2646458e-01
   1.5950237e-01   1.2461433e-01
   1.5515213e-01   1.4049810e-01
   1.5002546e-01   1.4535679e-01
   1.2455945e-01   1.3463045e-01
   9.1504426e-02   1.5040301e-01
   6.9107497e-02   1.4247333e-01
   2.1050372e-02   1.5679669e-01
   7.1044246e-03   1.5495652e-01
  -3.3877971e-02   1.6500254e-01
  -8.5932283e-02   1.7806413e-01
  -1.0527729e-01   1.7940675e-01
  -1.0938180e-01   1.7580576e-01
  -1.2881498e-01   1.7606132e-01
  -1.3265401e-01   1.7480037e-01
  -1.4340484e-01   1.7195669e-01
  -1.3491540e-01   1.5180032e-01
  -1.3475261e-01   1.4599071e-01
  -1.3499047e-01   1.4021238e-01
  -1.3891548e-01   1.3545898e-01
  -1.4517324e-01   1.2483298e-01
  -1.3553618e-01   1.1353032e-01
  -1.2818017e-01   1.0945999e-01
  -1.2848785e-01   1.0482185e-01
  -1.3449317e-01   1.0696942e-01
  -1.4134005e-01   1.1129817e-01
  -1.2543002e-01   1.0795972e-01
  -1.1974572e-01   1.0565348e-01
  -9.8297348e-02   1.0159190e-01
  -4.1607538e-02   8.4848287e-02
  -3.2105976e-02   1.0053999e-01
  -5.7821151e-02   7.9877965e-02
  -5.4505239e-02   8.7422072e-02
  -1.9251713e-02   7.7442838e-02
   5.4976132e-01   7.9906212e-02
   5.3537943e-01   9.0512258e-02
   5.5534447e-01   8.6462369e-02
   5.6101423e-01   9.3845472e-02
   5.5307097e-01   8.7592068e-02
   5.5047913e-01   9.5724461e-02
   5.4145126e-01   1.0533397e-01
   5.2731191e-01   1.0919607e-01
   5.3549360e-01   1.0146545e-01
   5.2358130e-01   8.9398626e-02
   4.9824030e-01   9.3937478e-02
   4.9929983e-01   9.3685744e-02
   5.0030223e-01   9.4377356e-02
   4.8850134e-01   1.0774784e-01
   4.5307921e-01   1.1301280e-01
   4.1740592e-01   1.1227002e-01
   3.9121868e-01   1.0532047e-01
   3.7847005e-01   1.0301765e-01
   3.7870888e-01   1.0343880e-01
   3.6000004e-01   1.0879035e-01
   3.3878282e-01   1.0367185e-01
   3.2797351e-01   9.2605417e-02
   3.0037001e-01   9.4289893e-02
   2.6711119e-01   9.2911837e-02
   2.3823870e-01   9.1486841e-02
   2.3281315e-01   8.8125381e-02
   2.1617563e-01   8.2600873e-02
   2.0415508e-01   7.4962506e-02
   1.8666793e-01   6.2125636e-02
   1.4990791e-01   4.9841738e-02
   1.1530027e-01   5.3702438e-02
   1.0090015e-01   7.0627382e-02
   8.9961965e-02   5.2266621e-02
   6.1406650e-02   5.8682639e-02
   6.7644954e-02   4.4387441e-02
   3.2937058e-02   4.9120608e-02
   4.0417091e-02   3.3756183e-02
   1.2723544e-03   3.8655615e-02
  -1.7806772e-02   3.4934363e-02
  -5.9996058e-02   4.2923986e-02
  -7.0169855e-02   4.0556452e-02
  -6.3901862e-02   3.0886905e-02
  -7.7096495e-02   2.9639648e-02
  -9.9902341e-02   3.6461781e-02
  -1.3593926e-01   3.5016356e-02
  -1.8347643e-01   3.2093812e-02
  -2.1215600e-01   3.6430520e-02
  -2.1943457e-01   3.1032372e-02
  -2.3396611e-01   2.3830647e-02
  -5.8278737e-01  -2.6709117e-02
  -5.7745774e-01  -2.3439125e-02
  -5.4812456e-01  -2.3379076e-02
  -5.3016869e-01  -2.6631907e-02
  -5.1092461e-01  -2.2625961e-02
  -5.0854874e-01  -2.5414215e-02
  -4.8819246e-01  -2.1550205e-02
  -4.7256552e-01  -2.6187435e-02
  -4.4479037e-01  -2.8109362e-02
  -4.1735553e-01  -3.2283247e-02
  -4.0270395e-01  -2.5771051e-02
  -3.6897814e-01  -3.5298035e-02
  -3.5455129e-01  -2.3335851e-02
  -3.2492615e-01  -2.8023442e-02
  -3.1265112e-01  -1.9504380e-02
  -2.7774092e-01  -2.3992283e-02
  -2.6087873e-01  -2.8145882e-02
  -2.2981704e-01  -1.9119647e-02
  -2.1062390e-01  -1.7454392e-02
  -1.9395513e-01  -6.9048748e-03
  -1.5610035e-01  -1.1071728e-02
  -1.4422229e-01  -5.5307100e-03
  -1.1845672e-01  -8.3142791e-03
  -8.7387380e-02  -1.8476176e-03
  -6.1935966e-02   6.9661647e-03
  -4.7886722e-02   9.7882385e-03
  -2.7033084e-02   1.2525673e-02
  -5.1262220e-03   1.6635371e-02
   2.5641066e-03   2.3128848e-02
   3.4605651e-02   2.5431773e-02
   8.2885343e-02   2.4794101e-02
   1.0576365e-01   2.1985445e-02
   1.1819611e-01   2.6486789e-02
   1.4085737e-01   1.9830403e-02
   1.5945696e-01   2.3180788e-02
   1.6830082e-01   3.4119940e-02
   2.0025422e-01   3.3718642e-02
   2.2069677e-01   3.1034256e-02
   2.4248472e-01   4.0409038e-02
   2.4458018e-01   3.2282498e-02
   2.4712331e-01   4.6343767e-02
   2.3870379e-01   5.2985688e-02
   2.8901296e-01   4.4228213e-02
   2.9192263e-01   4.9314190e-02
   2.8610717e-01   5.2090668e-02
   2.7783771e-01   5.5060516e-02
   3.1514626e-01   4.7795521e-02
   3.3851844e-01   4.6713400e-02
   3.4835506e-01   4.4184743e-02
   3.7030022e-01   5.9129917e-02
   3.6457018e-01   5.4590065e-02
   3.3950827e-01   4.6368183e-02
   2.9146029e-01   5.7809462e-02
   2.7563611e-01   6.0406441e-02
   2.6428838e-01   7.5100568e-02
   2.3759098e-01   6.3693681e-02
   1.9960584e-01   6.8193239e-02
   1.9086818e-01   6.7848260e-02
   1.8236964e-01   7.1246199e-02
   1.6999715e-01   7.5475503e-02
   1.3860092e-01   6.9694929e-02
   1.1796637e-01   7.2985268e-02
   9.9522501e-02   7.1019048e-02
   8.2526501e-02   6.6459693e-02
   6.5668020e-02   6.0532098e-02
   4.1673936e-02   6.0584073e-02
   2.3617530e-02   6.8413876e-02
   0.0000000e+00   6.8149087e-02
  -2.0905828e-02   6.7210695e-02
  -4.0462382e-02   6.6981318e-02
  -6.5306759e-02   6.0860001e-02
  -9.5937459e-02   6.3376602e-02
  -1.1845462e-01   7.7261436e-02
  -1.0305300e-01   6.8565786e-02
  -1.0957800e-01   6.5963470e-02
  -1.1075454e-01   5.8101245e-02
  -1.2975171e-01   5.0358729e-02
  -1.4522225e-01   5.0529969e-02
  -1.6694786e-01   5.2523532e-02
  -1.7414223e-01   4.8314126e-02
  -1.5849788e-01   3.7600135e-02
  -1.8036381e-01   2.9293817e-02
  -1.9744211e-01   1.7576443e-02
  -2.2588729e-01   2.1615846e-02
  -2.3048957e-01   8.5245500e-03
  -2.3574804e-01   7.6685103e-03
  -2.3722462e-01  -1.1286305e-02
  -2.5485027e-01  -1.1754240e-02
  -2.6595721e-01  -2.5052069e-02
  -2.7479841e-01  -3.5964594e-02
  -2.8535099e-01  -4.5313883e-02
  -2.9739241e-01  -5.1747791e-02
  -2.7480682e-01  -6.7832234e-02
  -2.9237098e-01  -6.2295962e-02
  -2.7579014e-01  -7.8986566e-02
  -2.6965929e-01  -8.9449662e-02
  -2.5452560e-01  -1.0431261e-01
  -2.4017932e-01  -1.1829230e-01
  -2.3481663e-01  -1.3582084e-01
   2.8170788e-01  -1.7864663e-01
   2.9187702e-01  -1.8379595e-01
   4.0899053e-01   4.8372966e-02
   2.9071331e-01  -2.2336855e-01
   3.0470995e-01  -5.8726816e-02
   2.2429333e-01  -1.9497902e-01
   2.7846270e-01  -1.1184630e-01
   4.2146372e-01  -1.1509348e-01
   2.4508299e-01  -1.6084651e-01
   3.6936009e-01  -1.2897526e-01
   3.1362352e-01  -8.3356542e-02
   3.8673296e-01  -1.4453822e-01
   3.0337395e-01  -1.2189279e-01
   3.4595708e-01  -1.7449068e-01
   2.7649936e-01  -6.8959997e-02
   3.2088184e-01  -1.6644807e-01
   3.3066635e-01  -1.2153405e-01
   3.4064647e-01  -7.8681136e-02
   3.1962134e-01  -1.0956444e-01
   2.5036476e-01  -5.6211951e-02
   3.2394774e-01  -1.0327048e-01
   3.3145893e-01  -4.7593102e-02
   3.3098043e-01  -8.4112662e-02
   2.9793860e-01  -7.4149974e-02
   3.3938124e-01  -7.4338291e-02
   3.7367625e-01  -4.4454299e-02
   3.0678217e-01  -4.0226641e-02
   3.6305159e-01  -5.2886088e-02
   3.9690921e-01  -1.9661479e-02
   3.7495249e-01  -2.8839464e-02
   3.4692760e-01  -1.4820273e-02
   4.0861580e-01  -4.7771554e-02
   3.9679184e-01   5.3913052e-03
   3.9463417e-01  -2.3748727e-02
   3.1965718e-01   3.5273881e-02
   3.7655528e-01   3.4563465e-02
   3.8959812e-01   4.4250086e-02
   3.8667745e-01   3.7471393e-02
   3.5157909e-01   2.7177487e-02
   3.6982641e-01   1.2459171e-02
   3.0607346e-01   8.0342082e-02
   3.1048384e-01   7.3463468e-02
   3.0288758e-01   8.5349200e-02
   2.9422768e-01   9.3733278e-02
   2.8558467e-01   1.1611966e-01
   2.6760413e-01   1.0982443e-01
   2.6581808e-01   1.0158614e-01
   2.3974009e-01   1.2298806e-01
   1.8643464e-01   1.4123764e-01
   1.5158059e-01   1.4973805e-01
  -4.1688824e-01   1.4135656e-01
  -4.3540667e-01   1.2554439e-01
  -4.5675644e-01   1.6458026e-01
  -4.6329019e-01   1.3750438e-01
  -4.5747988e-01   1.4263393e-01
  -4.8266394e-01   1.3125651e-01
  -4.9067268e-01   1.3159770e-01
  -5.1060973e-01   1.0574084e-01
  -5.2155954e-01   1.0233339e-01
  -5.4151983e-01   9.5857302e-02
  -5.3312506e-01   8.8584758e-02
  -5.0130546e-01   6.4233283e-02
  -5.3750719e-01   6.8069473e-02
  -5.2403623e-01   5.3773461e-02
  -5.4114518e-01   4.7492834e-02
  -5.2281458e-01   4.0025904e-02
  -5.3942572e-01   1.6933512e-02
  -5.7041989e-01   0.0000000e+00
  -5.5601779e-01  -1.7954490e-03
  -5.3047375e-01  -1.8438618e-03
  -4.7068889e-01  -1.3563621e-02
  -4.6168914e-01  -1.2715987e-02
  -4.5548609e-01  -2.1820783e-02
  -4.4871238e-01  -3.2921111e-02
  -4.5906922e-01  -4.5186009e-02
  -4.3961438e-01  -6.8847918e-02
  -4.2970405e-01  -8.7506404e-02
  -3.9948909e-01  -9.2652085e-02
  -3.5496667e-01  -1.1140181e-01
  -3.1289069e-01  -1.3114278e-01
  -3.1770768e-01  -1.2101574e-01
  -3.0682635e-01  -1.2434878e-01
  -3.3973538e-01  -1.2093712e-01
  -3.1744571e-01  -1.3083622e-01
  -2.9544195e-01  -1.4383092e-01
  -2.7480690e-01  -1.6311223e-01
  -2.6651372e-01  -1.6977584e-01
  -2.4340995e-01  -1.9312922e-01
  -2.1480458e-01  -1.7121020e-01
  -1.7201761e-01  -1.8246098e-01
  -1.5444103e-01  -1.8112835e-01
  -1.3549870e-01  -1.8911074e-01
  -1.2438921e-01  -1.8873235e-01
  -7.2971689e-02  -1.8658058e-01
  -8.0880978e-02  -1.8701565e-01
  -4.8833647e-02  -1.7810928e-01
  -3.7402632e-02  -1.7926670e-01
  -2.0968918e-02  -1.7969012e-01
   1.5096422e-02  -1.8114666e-01
