  -3.5897772e-01  -1.0308224e-01
   1.2460028e-01  -5.3540289e-02
   1.5804300e-01  -5.7858508e-02
   1.5653747e-01  -4.5448030e-02
   1.6928324e-01  -4.4083689e-02
   1.7215002e-01  -3.9779618e-02
   1.8404720e-01  -3.8328651e-02
   1.6818721e-01  -1.5905103e-02
   2.7404731e-01  -3.3379932e-02
   2.6454607e-01  -3.4845121e-03
   2.9364589e-01  -1.9047954e-02
   3.2499808e-01  -1.9248927e-02
   3.3935483e-01  -1.6127415e-02
   3.5173152e-01  -8.1559970e-03
   3.6458901e-01  -6.4730059e-03
   3.6500000e-01   0.0000000e+00
   3.5284247e-01   3.9016245e-03
   3.6736378e-01   1.2990746e-03
   3.8386120e-01   4.7795351e-03
   3.8955195e-01   1.5171336e-02
   3.9534021e-01   1.6916635e-02
   3.8339003e-01   2.3390963e-02
   3.9360637e-01   3.2237096e-02
   4.1456117e-01   3.3669368e-02
   4.2248778e-01   3.3964408e-02
   4.2415693e-01   3.9182835e-02
   4.3411176e-01   3.7128524e-02
   4.4970304e-01   3.8857133e-02
   4.3861265e-01   4.5257312e-02
   4.1410875e-01   7.0074769e-02
   4.1832798e-01   6.9855742e-02
   4.1516369e-01   7.1366035e-02
   4.0969731e-01   7.3856505e-02
   4.0194259e-01   7.5103860e-02
   4.0847096e-01   8.5644419e-02
   4.1523213e-01   8.7974828e-02
   4.1671699e-01   9.5375609e-02
   4.1779349e-01   1.0383403e-01
   4.0186621e-01   1.0746130e-01
   3.6853007e-01   1.2507991e-01
   3.6902798e-01   1.2814673e-01
   3.5302917e-01   1.4025967e-01
   3.4090525e-01   1.4804706e-01
   3.1586522e-01   1.6030973e-01
   3.3389737e-01   1.5121031e-01
   3.2721073e-01   1.6756028e-01
   3.1603219e-01   1.6407404e-01
   2.9378581e-01   1.6753133e-01
   2.7310924e-01   1.6290849e-01
   2.4680923e-01   1.5733583e-01
  -2.7812571e-01   1.0266850e-01
  -2.7579255e-01   9.7427248e-02
  -2.8350706e-01   1.0215437e-01
  -2.9337299e-01   8.4482076e-02
  -3.1492321e-01   8.8782955e-02
  -3.2868751e-01   7.5407270e-02
  -3.3476835e-01   8.0090206e-02
  -3.5512641e-01   7.3699599e-02
  -3.9211359e-01   6.9882346e-02
  -3.8740232e-01   5.2324367e-02
  -3.9491079e-01   4.9550241e-02
  -4.1288572e-01   2.7416001e-02
  -4.3209481e-01   3.4810606e-02
  -4.2545344e-01   3.0447970e-02
  -4.1744656e-01   4.4534064e-02
  -4.2181243e-01   2.7864713e-02
  -4.5284794e-01   3.1324438e-02
  -4.5542896e-01   2.3653213e-02
  -4.4266258e-01   2.2484838e-02
  -4.4214922e-01   1.3201752e-02
  -4.6186221e-01   9.6622120e-03
  -4.4352435e-01  -5.7010321e-03
  -4.4015099e-01  -1.4860174e-02
  -4.5046331e-01  -1.4384752e-02
  -4.3682273e-01  -1.4935106e-02
  -4.2710523e-01  -2.0233665e-02
  -4.2746299e-01  -2.6114034e-02
  -4.2688999e-01  -3.0284128e-02
  -4.1273122e-01  -2.3836095e-02
  -3.9795946e-01  -3.0059922e-02
  -4.1511649e-01  -3.2909384e-02
  -3.9562698e-01  -1.9220529e-02
  -3.7446536e-01  -2.6499283e-02
  -3.8944789e-01  -3.2984710e-02
  -3.6196116e-01  -4.2823354e-02
  -3.3049961e-01  -6.1041257e-02
  -3.0021909e-01  -7.6107112e-02
  -2.6326947e-01  -8.1027433e-02
  -2.2404283e-01  -9.7677908e-02
  -1.9323286e-01  -1.0488627e-01
  -1.9072707e-01  -1.0537007e-01
  -1.8440812e-01  -1.0418729e-01
  -1.5070881e-01  -1.0822225e-01
  -1.2701684e-01  -1.0586249e-01
  -1.0594480e-01  -1.1805103e-01
  -4.4178072e-02  -1.3989126e-01
  -4.0196726e-02  -1.2336363e-01
  -4.2714077e-02  -1.2360756e-01
  -5.1995153e-02  -1.1462881e-01
   3.3866201e-01  -3.6330786e-02
   3.2913318e-01  -1.1419334e-02
   3.3952900e-01  -1.7620308e-02
   3.2171755e-01  -1.4309065e-02
   3.0186606e-01  -9.9789024e-03
   3.0355009e-01  -6.3283440e-03
   3.1445532e-01  -5.3349103e-03
   3.0480416e-01   1.1204043e-02
   3.4309068e-01   1.3888331e-02
   3.4341265e-01   2.1457098e-02
   3.5271505e-01   2.6907381e-02
   3.6332828e-01   3.9938643e-02
   3.6533007e-01   5.4372526e-02
   3.5018484e-01   5.9893416e-02
   3.2792642e-01   8.1310369e-02
   3.1618259e-01   1.0473221e-01
   3.2955815e-01   8.1330594e-02
   2.9483830e-01   1.0434477e-01
   3.0847027e-01   1.0180792e-01
   2.9557486e-01   1.1349134e-01
   2.9081298e-01   1.2166833e-01
   3.0601936e-01   1.2898328e-01
   3.1837737e-01   1.3075105e-01
   3.0088428e-01   1.2746906e-01
   2.7948425e-01   1.1330517e-01
   3.2911287e-01   1.5634014e-01
   4.0024949e-01   9.9710651e-02
   2.5348575e-01   1.5058109e-01
   3.0422551e-01   1.4443415e-01
   3.1456828e-01   1.4470266e-01
   3.3012057e-01   1.5080193e-01
   3.0218637e-01   1.6781425e-01
   2.8391985e-01   1.3386301e-01
   2.6492992e-01   2.0350678e-01
   2.6562719e-01   2.0300226e-01
   2.5389153e-01   2.0222481e-01
   2.1781051e-01   1.6432935e-01
   2.0435875e-01   1.7875345e-01
   2.0618412e-01   1.7004308e-01
   2.0015204e-01   1.7234382e-01
   1.7716423e-01   1.8494517e-01
   1.7138259e-01   1.8101651e-01
   1.4610546e-01   2.0610606e-01
   1.2045396e-01   2.0939876e-01
   9.2629589e-02   1.8434019e-01
   6.9829111e-02   1.7553020e-01
   5.9998329e-02   1.5701569e-01
   4.8616019e-03   1.7724417e-01
  -8.5963066e-03   1.6198497e-01
  -3.3387347e-01   6.2971595e-02
  -3.6984211e-01   5.6063624e-02
  -3.8522066e-01   2.7358893e-02
  -3.9963987e-01   3.5497850e-02
  -3.7428131e-01   2.6498457e-02
  -3.8221178e-01   1.7768393e-02
  -4.0719166e-01   7.6921244e-03
  -4.0631376e-01   8.1289012e-03
  -3.8957347e-01   2.7320959e-03
  -3.8137985e-01   5.8864714e-03
  -3.7607702e-01  -1.7116919e-02
  -3.8248471e-01  -4.9427679e-03
  -3.3673417e-01  -1.4865911e-02
  -3.4775813e-01  -1.2466952e-02
  -3.4881733e-01  -2.4404888e-02
  -3.4176214e-01  -2.3503899e-02
  -3.3260456e-01  -2.4236309e-02
  -3.7271007e-01  -1.7387456e-02
  -2.7841359e-01  -3.3456583e-02
  -3.1472617e-01  -2.1826477e-02
  -2.3816685e-01  -5.3770579e-02
  -2.5984485e-01  -5.1139146e-02
  -2.6521433e-01  -5.0940009e-02
  -2.7243418e-01  -4.7107302e-02
  -2.5748643e-01  -4.3201665e-02
  -2.3571865e-01  -4.4149049e-02
  -2.2495188e-01  -5.4436626e-02
  -2.6453926e-01  -5.3326573e-02
  -2.5033615e-01  -5.7077323e-02
  -2.0921683e-01  -7.5385821e-02
  -1.9170111e-01  -7.6814813e-02
  -1.7467690e-01  -6.5675692e-02
  -1.6078161e-01  -7.3454395e-02
  -1.7485738e-01  -5.5684532e-02
  -1.4838857e-01  -6.5279374e-02
  -1.4849613e-01  -6.9771673e-02
  -1.7572665e-01  -4.8402784e-02
  -1.3135524e-01  -6.8992768e-02
  -1.2893912e-01  -5.6887121e-02
  -1.0101455e-01  -7.0777830e-02
  -1.0149985e-01  -5.5547158e-02
  -7.0444469e-02  -6.1030240e-02
  -2.4472941e-03  -5.7347538e-02
   1.3481422e-02  -5.8795235e-02
   2.6023781e-01   1.1997125e-01
   2.3500886e-01   1.4412332e-01
   2.4707500e-01   1.4042102e-01
   2.4910846e-01   1.2607796e-01
   2.4971405e-01   1.2335127e-01
   2.3354401e-01   1.3057736e-01
   2.1194691e-01   1.3922929e-01
   2.2563576e-01   1.5135581e-01
   2.3401359e-01   1.2392696e-01
   2.0186413e-01   1.5266949e-01
   2.0262803e-01   1.4983598e-01
   1.6082893e-01   1.3379196e-01
   1.2574474e-01   1.4243173e-01
   1.4309904e-01   1.4073704e-01
   1.4108209e-01   1.3120181e-01
   1.1748492e-01   1.3089563e-01
   1.2637586e-01   1.6416536e-01
   9.4867956e-02   2.0783245e-01
   7.8493933e-02   1.5453479e-01
   1.8769729e-02   1.3061720e-01
   6.1305763e-03   1.4291777e-01
  -4.8526967e-03   1.4328051e-01
  -2.7004013e-02   1.7079328e-01
  -1.2075654e-02   1.4405714e-01
  -2.3324347e-02   1.4103593e-01
  -1.4645012e-02   1.5141818e-01
  -4.4496139e-02   1.6329263e-01
  -8.2771053e-02   1.5787427e-01
  -8.3947721e-02   1.4642001e-01
  -7.6939490e-02   1.2746403e-01
  -1.1195980e-01   1.4262070e-01
  -1.1904395e-01   1.4528430e-01
  -1.3066601e-01   1.5270529e-01
  -1.4068648e-01   1.4365751e-01
  -1.4957023e-01   1.5080359e-01
  -1.6811011e-01   1.5007125e-01
  -2.1743454e-01   1.5510782e-01
  -2.3191898e-01   1.4121765e-01
  -2.9574998e-01   1.6026355e-01
  -2.9804900e-01   1.4672437e-01
  -3.2876306e-01   1.5535116e-01
  -3.2532756e-01   1.5606875e-01
  -3.2252914e-01   1.5799345e-01
  -3.4902368e-01   1.5427726e-01
  -3.4530519e-01   1.6345328e-01
  -3.6882801e-01   1.5526068e-01
  -3.9487578e-01   1.6261163e-01
  -3.9133878e-01   1.6317220e-01
  -4.1144783e-01   1.7378295e-01
  -3.6962295e-01  -3.1521102e-02
  -3.5442664e-01  -4.1245941e-02
  -3.4420455e-01  -4.7607985e-02
  -3.3051043e-01  -6.6533860e-02
  -2.9040897e-01  -6.0687122e-02
  -2.4973539e-01  -7.4600902e-02
  -2.5557266e-01  -8.3239378e-02
  -2.4272607e-01  -8.4669897e-02
  -2.1782180e-01  -8.2658591e-02
  -2.1380643e-01  -1.0330106e-01
  -1.2948338e-01  -9.5362181e-02
  -1.5722705e-01  -9.5495845e-02
  -1.4895752e-01  -1.0312066e-01
  -1.5020080e-01  -1.0076564e-01
  -1.3114410e-01  -1.0411463e-01
  -1.1100738e-01  -1.0688078e-01
  -1.1588663e-01  -1.0665859e-01
  -9.3502277e-02  -1.0577861e-01
  -7.3934896e-02  -1.0861103e-01
  -6.6269712e-02  -1.0795801e-01
  -6.2078053e-02  -9.5423371e-02
  -2.9046263e-02  -9.9157964e-02
  -2.6684992e-02  -9.6579410e-02
  -2.1879911e-02  -1.0056868e-01
  -2.2954828e-02  -9.4322976e-02
  -7.3222702e-03  -9.2051794e-02
   8.5441046e-03  -8.4610578e-02
   2.0612150e-02  -8.1260761e-02
   2.7754919e-02  -7.8119548e-02
   3.5236087e-02  -6.7275480e-02
   5.8121558e-02  -7.4229668e-02
   5.8437531e-02  -6.4194606e-02
   6.9000249e-02  -6.3344749e-02
   5.6357685e-02  -3.9848636e-02
   8.6119455e-02  -4.9128252e-02
   9.0414049e-02  -5.1717284e-02
   1.0966926e-01  -5.7773776e-02
   1.3692969e-01  -4.8897113e-02
   1.6210278e-01  -4.0664112e-02
   1.7712626e-01  -1.9625516e-02
   2.0688492e-01  -2.6584525e-02
   2.0574213e-01  -2.3537646e-02
   2.0733641e-01  -2.4741679e-02
   2.1682758e-01  -2.3643319e-02
   2.1844520e-01  -3.5231969e-03
   2.4697256e-01  -2.0631842e-02
   2.5293140e-01  -2.3575560e-02
   2.7740579e-01  -1.4323144e-02
   3.0834830e-01   4.0315238e-02
   1.1592630e-01   1.9177061e-01
   9.0382850e-02   2.0141205e-01
   6.3958314e-02   1.9220210e-01
   6.2737789e-02   1.8390794e-01
   5.6375469e-02   1.6535322e-01
   4.2204891e-02   1.7229271e-01
   6.9320641e-02   1.5471132e-01
   6.4783564e-02   1.6088666e-01
   4.0333839e-02   1.5690810e-01
   1.2870925e-03   1.5520962e-01
  -3.2229637e-02   1.5598572e-01
  -7.1782221e-02   1.5915119e-01
  -1.0681028e-01   1.7117535e-01
  -1.2282300e-01   1.7067597e-01
  -1.2860772e-01   1.5557552e-01
  -1.5056995e-01   1.5598576e-01
  -1.4622250e-01   1.4152025e-01
  -1.6800913e-01   1.4279509e-01
  -2.2429835e-01   1.3698371e-01
  -2.6035289e-01   1.4105139e-01
  -2.9077690e-01   1.2172488e-01
  -3.0690893e-01   1.2874399e-01
  -3.2549433e-01   1.2429309e-01
  -3.4859600e-01   1.2372703e-01
  -3.7227834e-01   1.1260877e-01
  -3.7615425e-01   1.6677521e-01
  -3.6874514e-01   1.0305562e-01
  -4.5125280e-01   1.4355740e-01
  -4.1188723e-01   9.4817123e-02
  -4.7123296e-01   1.2473693e-01
  -4.4890312e-01   9.6475668e-02
  -4.6670305e-01   1.1396861e-01
  -4.5449453e-01   8.3070690e-02
  -4.7847754e-01   8.1506460e-02
  -4.6397750e-01   7.5508283e-02
  -4.8913945e-01   7.2253100e-02
  -4.7701588e-01   6.6375576e-02
  -4.7221166e-01   5.8444521e-02
  -4.6704189e-01   6.6162932e-02
  -4.6411908e-01   5.2397423e-02
  -4.4093286e-01   3.1487320e-02
  -4.3533124e-01   2.6307104e-02
  -4.2486970e-01   1.8709716e-02
  -4.2809284e-01   1.0847300e-02
  -4.2408375e-01   2.1897856e-03
  -6.7132315e-02  -5.8191806e-02
  -3.2445054e-02  -5.5718763e-02
  -2.4957568e-02  -6.5895342e-02
  -3.8927205e-02  -4.2705868e-02
  -2.5045481e-03  -5.4090796e-02
   2.5291332e-03  -3.8417185e-02
   3.7581845e-02  -6.3346107e-02
   3.8843766e-02  -5.1792223e-02
   5.3526957e-02  -4.9597888e-02
   7.9035416e-02  -4.0128085e-02
   1.1395349e-01  -4.8201015e-02
   1.1932548e-01  -4.8374252e-02
   1.2939935e-01  -4.7070438e-02
   1.4535590e-01  -5.4627245e-02
   1.4448097e-01  -1.4717880e-02
   1.7683945e-01  -3.2512892e-02
   1.8816558e-01  -2.8466880e-02
   2.0365925e-01  -2.4611508e-02
   2.1738989e-01  -2.6786061e-02
   2.2958555e-01  -7.9146102e-03
   2.5684083e-01  -2.0932477e-02
   2.6231044e-01  -1.7810615e-02
   2.9080223e-01  -1.9549531e-02
   2.9591560e-01   1.0459069e-02
   3.0436675e-01   6.5201560e-03
   3.1751176e-01   8.3557222e-03
   3.4182920e-01   6.1330009e-03
   3.2880801e-01   1.4539062e-02
   3.3041287e-01   2.5746124e-02
   3.1162696e-01   4.7237824e-02
   3.1024913e-01   5.0217782e-02
   3.7560546e-01   2.5305909e-02
   3.2635228e-01   4.1765876e-02
   3.3559375e-01   6.7769925e-02
   3.7033696e-01   7.1981873e-02
   3.6460932e-01   8.7043240e-02
   3.8113110e-01   6.8769637e-02
   3.7846398e-01   6.8288327e-02
   3.9851488e-01   5.2898232e-02
   3.9034983e-01   5.9685182e-02
   3.6936184e-01   7.9618086e-02
   3.5829501e-01   8.4267137e-02
   3.1017352e-01   1.0012239e-01
   2.8166247e-01   8.9479503e-02
   2.3506202e-01   1.2250388e-01
   2.4026992e-01   9.0072198e-02
   1.4629617e-01   1.0052562e-01
   2.1941066e-01   1.4177791e-01
   1.9925505e-01   1.2609866e-01
   2.4893156e-01   1.2886740e-01
  -2.8105869e-01   1.1375279e-01
  -2.8154594e-01   1.2709554e-01
  -3.2288791e-01   1.3395211e-01
  -3.2225290e-01   1.2893809e-01
  -3.5122767e-01   1.2223719e-01
  -3.5376498e-01   1.1787162e-01
  -3.6612867e-01   1.1473388e-01
  -3.7952164e-01   9.0225955e-02
  -3.8903202e-01   9.6278880e-02
  -4.2674131e-01   1.0403777e-01
  -4.2516424e-01   1.0658008e-01
  -4.6246097e-01   1.0442661e-01
  -4.8219226e-01   7.9230106e-02
  -5.0024204e-01   7.5884808e-02
  -5.0561226e-01   7.0413427e-02
  -5.0005383e-01   6.9321506e-02
  -5.3367329e-01   7.5127143e-02
  -5.1820673e-01   6.5751650e-02
  -5.2643868e-01   6.1876202e-02
  -5.1544292e-01   3.6916215e-02
  -5.2446549e-01   3.2263837e-02
  -5.0567131e-01   2.7940132e-02
  -4.9247699e-01   1.2246601e-02
  -4.9689261e-01   2.2029725e-03
  -4.7762144e-01   3.5473585e-03
  -4.7453645e-01  -6.6143987e-03
  -4.9162054e-01  -2.2062190e-03
  -4.7811878e-01  -1.8840580e-02
  -5.1095569e-01  -2.1614812e-02
  -4.9159147e-01  -2.0101064e-02
  -4.8059763e-01  -2.2212190e-02
  -4.7523843e-01  -4.2199607e-02
  -4.7133774e-01  -3.0314045e-02
  -4.2529683e-01  -5.4355432e-02
  -4.3858784e-01  -4.7877209e-02
  -4.1852607e-01  -3.4811502e-02
  -3.7407663e-01  -5.3313405e-02
  -3.7687239e-01  -6.7458779e-02
  -3.6528449e-01  -6.3752105e-02
  -3.4827273e-01  -6.3717453e-02
  -3.0609936e-01  -8.5022916e-02
  -2.9930040e-01  -7.5880753e-02
  -2.8951282e-01  -8.4543254e-02
  -2.8896339e-01  -6.7288416e-02
  -2.8323528e-01  -7.4508188e-02
  -2.8254665e-01  -6.6906403e-02
  -2.3284542e-01  -1.0138077e-01
  -2.9362063e-01  -7.2469547e-02
  -1.1034118e-01  -1.2531478e-01
   3.8085210e-01   3.2432727e-02
   3.7519329e-01   4.2734780e-02
   3.9780202e-01   6.1011118e-02
   4.2523138e-01   5.5391011e-02
   3.9546967e-01   6.0485750e-02
   3.8138605e-01   7.5867186e-02
   3.6848167e-01   8.3431036e-02
   3.2792034e-01   9.4703625e-02
   3.3333335e-01   9.1150529e-02
   3.1916502e-01   9.8035305e-02
   3.2108120e-01   9.1448652e-02
   3.2847988e-01   1.0739735e-01
   2.8521532e-01   1.2099270e-01
   2.7356684e-01   1.2612569e-01
   2.7550488e-01   1.2454700e-01
   2.5947910e-01   1.1622128e-01
   2.3491564e-01   1.3236941e-01
   2.4477313e-01   1.6848046e-01
   2.3574748e-01   1.6580302e-01
   2.0676999e-01   1.5029880e-01
   1.8330310e-01   1.5859562e-01
   2.0191902e-01   1.5370815e-01
   1.9986285e-01   1.4013854e-01
   1.7510326e-01   1.2226883e-01
   1.7769142e-01   1.2567674e-01
   1.4983473e-01   1.8887195e-01
   1.0903162e-01   1.9037440e-01
   9.7436656e-02   1.5678464e-01
   7.3092244e-02   1.5967926e-01
   8.1206812e-02   1.7353538e-01
   5.2860923e-02   1.7609827e-01
   2.3487312e-02   1.8017266e-01
   4.9815576e-03   1.6025576e-01
  -4.9539651e-02   1.9526176e-01
  -9.1606662e-02   2.1740619e-01
  -1.1434414e-01   2.0261263e-01
  -1.3671376e-01   2.0538598e-01
  -1.6250813e-01   2.1567570e-01
  -1.5961151e-01   2.2278196e-01
  -1.7686742e-01   2.2805339e-01
  -1.8908923e-01   2.3087904e-01
  -2.1173889e-01   2.3130391e-01
  -2.3778675e-01   2.4871954e-01
  -2.5336361e-01   2.4109634e-01
  -3.0326097e-01   2.3371390e-01
  -3.1813631e-01   2.3970772e-01
  -3.1930051e-01   2.4807487e-01
  -3.2357490e-01   2.3192245e-01
  -3.2833321e-01   2.2284557e-01
  -3.5578119e-01   2.1269710e-01
