  -1.7486319e-02  -3.3394200e-02
  -3.5508042e-03  -1.6824203e-01
   2.3600268e-03  -1.6404243e-01
   2.3484807e-03  -1.6930789e-01
   0.0000000e+00  -1.7111902e-01
   1.1807768e-03  -1.7143434e-01
  -7.0976458e-03  -1.6761199e-01
  -9.4286099e-03  -1.6845867e-01
  -1.3088665e-02  -1.6663542e-01
  -5.9299115e-03  -1.6967402e-01
  -3.5621707e-03  -1.6107286e-01
   0.0000000e+00  -1.6618827e-01
   2.3849655e-03  -1.6082102e-01
   5.9767939e-03  -1.5303791e-01
   0.0000000e+00  -1.4848469e-01
  -1.2039708e-03  -1.3758666e-01
  -2.4010521e-03  -1.3567045e-01
   0.0000000e+00  -1.3494422e-01
  -6.0019015e-03  -1.2926454e-01
  -1.1997508e-03  -1.2675751e-01
  -7.2215465e-03  -1.2475985e-01
  -1.2077484e-02  -1.2230101e-01
  -1.5605040e-02  -1.2584774e-01
  -1.9362186e-02  -1.2060845e-01
  -1.9419859e-02  -1.1711358e-01
  -2.2011401e-02  -1.0885018e-01
  -1.9750591e-02  -1.0848839e-01
  -1.5009521e-02  -9.6370787e-02
   8.6943061e-03  -1.0240703e-01
   1.1242626e-02  -9.2397866e-02
  -1.0009433e-02  -8.6333487e-02
  -1.6259030e-02  -7.9653370e-02
  -1.8723090e-02  -7.9487494e-02
  -2.6302731e-02  -6.7076751e-02
  -2.4982846e-02  -6.2714187e-02
  -3.2538156e-02  -5.2654941e-02
  -3.0008978e-02  -4.8020284e-02
  -3.3876561e-02  -4.1759664e-02
  -2.2764168e-02  -4.3027602e-02
  -2.0176537e-02  -3.6926391e-02
  -1.3761615e-02  -3.5724394e-02
  -1.1238527e-02  -2.8403075e-02
  -1.2433813e-02  -2.2428296e-02
  -1.6195234e-02  -1.1674071e-02
  -1.9958130e-02  -5.3932351e-03
  -2.1160014e-02   8.9704571e-03
  -1.1122644e-02   1.1135684e-02
  -1.6067023e-02   2.2292698e-02
  -9.9150572e-03   2.4149973e-02
  -4.9717365e-03   1.5684666e-02
  -6.1265212e-02   1.6455121e-01
  -6.1395429e-02   1.5880424e-01
  -5.6631931e-02   1.6125643e-01
  -6.1061602e-02   1.5935104e-01
  -6.0172937e-02   1.5112695e-01
  -6.7436669e-02   1.4853683e-01
  -6.7780405e-02   1.3453251e-01
  -6.8779363e-02   1.3412128e-01
  -7.2403468e-02   1.3423142e-01
  -7.0221842e-02   1.2978755e-01
  -6.5347400e-02   1.3102445e-01
  -6.5540190e-02   1.2612218e-01
  -6.4548618e-02   1.2078084e-01
  -6.8173653e-02   1.1796907e-01
  -6.0090103e-02   1.1099892e-01
  -5.8719642e-02   1.0690319e-01
  -5.7518764e-02   1.0502935e-01
  -5.3974095e-02   9.9084802e-02
  -5.4325695e-02   9.3706558e-02
  -4.6106826e-02   8.6799090e-02
  -4.2676463e-02   8.2158124e-02
  -4.2989610e-02   7.6289468e-02
  -4.4567224e-02   6.5331430e-02
  -5.5709198e-02   6.2091500e-02
  -4.7395579e-02   5.3830597e-02
  -4.8448723e-02   4.5409601e-02
  -5.7253340e-02   4.5937978e-02
  -4.9788472e-02   2.9642481e-02
  -6.3740957e-02   2.9296536e-02
  -4.8564829e-02   1.7499068e-02
  -4.4840403e-02   1.4359852e-02
  -4.8380434e-02   1.4747470e-02
  -3.8399254e-02   3.1228639e-03
  -2.9878972e-02   8.9691496e-04
  -2.9908939e-02  -1.7956390e-03
  -1.8689804e-02  -8.5308089e-03
  -2.7322378e-02  -1.2979719e-02
  -2.8653923e-02  -2.2918058e-02
  -8.6943149e-03  -3.0503273e-02
   3.7279868e-03  -3.3677949e-02
   1.8518844e-02  -4.1546493e-02
   1.6032210e-02  -4.1952301e-02
   1.7324641e-02  -5.2981595e-02
   4.9210560e-03  -5.9481931e-02
   2.4581508e-03  -7.1774048e-02
  -1.2240707e-03  -7.1932695e-02
   0.0000000e+00  -7.6247495e-02
  -2.4373391e-03  -7.8476796e-02
   4.8563135e-03  -8.0463893e-02
   2.1418083e-02  -1.3531513e-01
   2.1420102e-02  -1.3191309e-01
   2.0198287e-02  -1.3120460e-01
   1.5458545e-02  -1.2649580e-01
   1.5501611e-02  -1.2687674e-01
   1.5580001e-02  -1.2514550e-01
   1.3192448e-02  -1.2042019e-01
   1.4383104e-02  -1.2322867e-01
   1.0814856e-02  -1.2405548e-01
   1.5567135e-02  -1.2310315e-01
   1.5688334e-02  -1.1832648e-01
   1.6952993e-02  -1.1394099e-01
   1.5895938e-02  -1.0501625e-01
   9.8427273e-03  -9.4253492e-02
  -1.2289896e-03  -8.0090960e-02
   0.0000000e+00  -7.9480323e-02
   1.2244840e-03  -7.3793933e-02
   1.8355210e-02  -7.5574327e-02
   3.0512200e-02  -7.1694271e-02
   2.3333063e-02  -6.5284581e-02
   1.7307299e-02  -6.3436516e-02
   6.2054159e-03  -4.9493806e-02
  -2.5038081e-03  -4.7176253e-02
  -8.7683257e-03  -3.9876787e-02
  -1.5006750e-02  -3.2073762e-02
   0.0000000e+00  -2.9874749e-02
  -1.3813907e-02  -2.4015805e-02
   0.0000000e+00  -2.1707317e-02
  -8.7753429e-03  -7.6800091e-03
  -5.0013605e-03  -1.7132585e-02
  -3.0968589e-02   3.4460933e-02
  -3.8547985e-02   4.0925300e-02
  -2.9769947e-02   3.8118886e-02
  -2.7272080e-02   4.1260016e-02
  -1.3645818e-02   4.2656303e-02
  -2.3517538e-02   5.2079228e-02
  -2.8460881e-02   6.0276928e-02
  -2.4569720e-02   7.3105103e-02
  -2.9307975e-02   8.0926211e-02
  -3.4270815e-02   8.7616479e-02
  -2.9283949e-02   9.0139954e-02
  -3.5396590e-02   9.3904165e-02
  -3.6581786e-02   9.3806673e-02
  -3.0317362e-02   1.0124687e-01
  -3.1590547e-02   1.0144844e-01
  -3.6281480e-02   8.7450833e-02
  -3.5138676e-02   8.5318848e-02
  -3.2776664e-02   7.8135311e-02
  -3.7901482e-02   6.9525585e-02
  -4.4111029e-02   6.2829878e-02
  -4.0650379e-02   5.4979820e-02
  -4.3226297e-02   5.6487030e-02
  -3.9687497e-02   5.2166836e-02
  -4.8720811e-02   4.7495696e-02
  -4.5052785e-02   3.9358152e-02
  -4.4993617e-02   2.9316166e-02
  -4.2574625e-02   2.2575387e-02
  -5.0171525e-02   1.5815190e-02
  -5.1449726e-02   8.1331869e-03
  -6.1494411e-02   5.4201133e-03
  -6.1435408e-02  -2.7073121e-03
  -6.5321968e-02  -7.2330201e-03
  -6.0025186e-02  -1.5311185e-02
  -5.3653952e-02  -1.7531466e-02
  -4.0847071e-02  -2.6345985e-02
  -4.4341214e-02  -2.5767557e-02
  -3.7011214e-02  -2.8495663e-02
  -2.4628974e-02  -3.3813238e-02
  -2.9567795e-02  -3.6961307e-02
  -2.3288215e-02  -4.7067387e-02
  -2.3275781e-02  -4.9287547e-02
  -2.3211749e-02  -5.2291434e-02
  -2.3238039e-02  -5.5503994e-02
  -1.2235900e-02  -6.4140931e-02
  -1.2271844e-03  -6.1148415e-02
   1.3388578e-02  -7.3791748e-02
   6.0687177e-03  -7.8606806e-02
   8.5194744e-03  -7.9287343e-02
   9.7291137e-03  -8.6140657e-02
   1.3452572e-02  -8.4778054e-02
   1.3523352e-02  -9.3702170e-02
   2.0975575e-02  -9.6902540e-02
   2.4658485e-02  -1.0063910e-01
   2.5853997e-02  -1.0962545e-01
   2.6934001e-02  -1.1623584e-01
   2.7785403e-02  -1.2182284e-01
   1.8155170e-02  -1.2208947e-01
   2.3918292e-02  -1.2871880e-01
   2.3806623e-02  -1.3146088e-01
   2.8301569e-02  -1.3204395e-01
   2.1013773e-02  -1.4168872e-01
   1.5114721e-02  -1.4787957e-01
   1.9741832e-02  -1.4963646e-01
   2.6691372e-02  -1.5493456e-01
  -2.3688127e-02  -7.9856634e-02
  -3.0123989e-02  -7.5672717e-02
  -2.3772757e-02  -7.3086711e-02
  -2.5089023e-02  -6.8587773e-02
  -2.5224366e-02  -6.1461164e-02
  -5.0080073e-03  -6.1944210e-02
  -6.2889798e-03  -5.2942894e-02
  -8.8401661e-03  -4.4818984e-02
  -2.2775659e-02  -3.5209803e-02
  -2.3954231e-02  -3.2332679e-02
  -1.2531847e-02  -3.1687068e-02
  -2.4940272e-03  -2.3397323e-02
  -6.2024101e-03  -1.5205838e-02
  -1.2386264e-02  -5.3557988e-03
  -2.3370355e-02   4.4314775e-03
  -2.7190605e-02   9.7974244e-03
  -3.2354160e-02   1.3453041e-02
  -2.8480030e-02   1.2047948e-02
  -2.3507764e-02   8.4704090e-03
  -5.3224089e-02   1.7391054e-02
  -9.8503263e-03   2.2182744e-03
  -7.4449354e-03   2.2831576e-02
  -1.3676522e-02   3.6406844e-02
  -2.2344417e-02   4.8586494e-02
  -3.6027395e-02   4.9523206e-02
  -3.2299018e-02   5.3633877e-02
  -2.3585666e-02   5.6347210e-02
  -2.8436967e-02   6.6191581e-02
  -2.1168822e-02   6.2979362e-02
  -1.7276417e-02   8.7450380e-02
  -3.0814586e-02   9.0148999e-02
  -3.8006876e-02   9.9543595e-02
  -3.4123047e-02   9.9398999e-02
  -3.9885367e-02   1.1174936e-01
  -5.5343643e-02   1.2700500e-01
  -5.9111056e-02   1.2589001e-01
  -5.5790268e-02   1.2370200e-01
  -2.0704021e-02   1.0886196e-01
  -4.2234798e-02   1.4034012e-01
  -2.9013543e-02   1.3916297e-01
  -4.4200374e-02   1.5384059e-01
  -5.3130660e-02   1.5885969e-01
  -6.2290626e-02   1.6511141e-01
  -5.6369321e-02   1.6346942e-01
  -6.0890395e-02   1.7008295e-01
  -5.8575556e-02   1.6812576e-01
  -6.4486518e-02   1.7238259e-01
  -5.8524076e-02   1.7731529e-01
  -5.1410409e-02   1.7963536e-01
  -5.7986921e-02   1.9020664e-01
  -7.0092475e-02   5.5817848e-02
  -7.0365411e-02   5.2802499e-02
  -7.5526732e-02   4.5508350e-02
  -7.9296932e-02   3.5871459e-02
  -7.0388950e-02   2.4908481e-02
  -6.6284436e-02   1.3956590e-02
  -6.5112560e-02   1.0816611e-02
  -4.8600838e-02   3.5895524e-03
  -5.0736244e-02   1.3365480e-03
  -4.3136574e-02  -4.4384109e-03
  -4.3002266e-02  -8.4078382e-03
  -3.6946620e-02  -1.7756514e-02
  -2.9450056e-02  -2.3903633e-02
  -2.5769117e-02  -3.1019112e-02
  -1.5945417e-02  -3.3682436e-02
  -1.3459906e-02  -4.1176638e-02
  -8.5731790e-03  -4.6140452e-02
  -1.2194220e-03  -4.7725895e-02
   1.2149811e-03  -5.7832313e-02
  -9.7311946e-03  -6.6925166e-02
  -7.3349154e-03  -7.2751942e-02
  -4.9034849e-03  -7.6182665e-02
   2.4465449e-03  -7.6477232e-02
   6.0912485e-03  -7.9367741e-02
   0.0000000e+00  -7.6311067e-02
   2.4223837e-03  -7.8894266e-02
   1.2061191e-02  -7.9460376e-02
   1.3313893e-02  -8.0662490e-02
   1.2165274e-02  -8.2931709e-02
   1.1038242e-02  -8.2703653e-02
   1.9601863e-02  -8.5392889e-02
   2.0847289e-02  -8.5477767e-02
   1.3555724e-02  -9.0625679e-02
   1.4750468e-02  -9.8427906e-02
   4.9424100e-03  -1.0040941e-01
   7.4101408e-03  -1.0952932e-01
   4.9305596e-03  -1.1124906e-01
   9.7936770e-03  -1.1820628e-01
   1.2139781e-03  -1.1860625e-01
  -3.5982068e-03  -1.2380992e-01
   0.0000000e+00  -1.2217435e-01
   8.3192637e-03  -1.2402794e-01
   5.9205416e-03  -1.2688776e-01
   2.3599815e-03  -1.3265677e-01
  -1.1764381e-03  -1.3270371e-01
   1.1792079e-03  -1.3692301e-01
   9.4795790e-03  -1.3715923e-01
   1.0647998e-02  -1.3643734e-01
   1.1831923e-02  -1.3791182e-01
   5.9113134e-03  -1.3438832e-01
  -3.3511192e-02  -4.0236445e-03
  -3.3580043e-02  -4.4797139e-04
  -2.2296610e-02   2.2313315e-03
  -2.9757221e-02   4.9132324e-03
  -2.6048283e-02   1.6096918e-02
  -3.3510414e-02   2.0585968e-02
  -3.2353618e-02   2.4239893e-02
  -3.0993123e-02   2.9537943e-02
  -3.4762285e-02   3.3182349e-02
  -3.4788996e-02   3.9989060e-02
  -2.8496077e-02   3.8977461e-02
  -2.7131609e-02   4.6454532e-02
  -3.3393891e-02   4.7036996e-02
  -3.5907581e-02   5.0719963e-02
  -3.7197652e-02   6.3606468e-02
  -3.5918414e-02   6.9995051e-02
  -3.8485551e-02   7.2016060e-02
  -4.7260155e-02   6.9804938e-02
  -4.3804220e-02   6.9329703e-02
  -3.6229945e-02   7.1551414e-02
  -3.1082941e-02   7.6338750e-02
  -3.6132463e-02   7.8843277e-02
  -3.2242824e-02   8.7875746e-02
  -2.9609621e-02   9.9263811e-02
  -3.8164571e-02   1.0765842e-01
  -3.8879375e-02   1.1333615e-01
  -5.9235784e-02   1.1504594e-01
  -6.0532932e-02   1.1043500e-01
  -5.8163507e-02   1.1630243e-01
  -4.3436116e-02   1.1679149e-01
  -3.8522453e-02   1.2085103e-01
  -3.8304915e-02   1.2541325e-01
  -4.5103800e-02   1.3438516e-01
  -6.0079927e-02   1.4294474e-01
  -6.8267425e-02   1.4570651e-01
  -7.5329572e-02   1.4565307e-01
  -7.4806656e-02   1.4608489e-01
  -6.7885716e-02   1.4313537e-01
  -6.4607232e-02   1.4238451e-01
  -5.4124317e-02   1.3580453e-01
  -4.9220615e-02   1.4351057e-01
  -5.8081219e-02   1.5902193e-01
  -6.2337615e-02   1.6269110e-01
  -6.4799743e-02   1.6452396e-01
  -6.1299699e-02   1.6517083e-01
  -5.1609593e-02   1.6789349e-01
  -5.2567889e-02   1.7330148e-01
  -5.7252501e-02   1.7959198e-01
  -3.8919059e-02   6.7336325e-02
  -5.1261423e-02   6.2564822e-02
  -5.1369026e-02   6.2245124e-02
  -5.2772395e-02   5.7466724e-02
  -5.5418029e-02   4.8155587e-02
  -6.1478983e-02   4.1777810e-02
  -6.5565242e-02   3.0338603e-02
  -7.0593612e-02   2.9469272e-02
  -6.5881681e-02   2.4637241e-02
  -5.8883070e-02   2.6651526e-02
  -4.6578472e-02   2.0419125e-02
  -3.8959117e-02   1.6758454e-02
  -4.9086614e-02   9.5184749e-03
  -5.6475130e-02   4.9693997e-03
  -5.0253049e-02   3.1662505e-03
  -5.4078383e-02   4.5272300e-04
  -5.5448720e-02  -1.3608739e-03
  -4.7984456e-02  -3.1826700e-03
  -3.2956292e-02  -1.1417904e-02
  -1.5201479e-02  -1.9187456e-02
  -1.0062159e-02  -2.7698057e-02
  -1.5025141e-02  -3.0749746e-02
  -1.9922574e-02  -3.3741793e-02
  -1.5081800e-02  -3.2691427e-02
  -8.7185460e-03  -3.7833059e-02
  -1.2370124e-02  -3.6671515e-02
  -8.6200166e-03  -4.4142201e-02
  -1.2247399e-02  -4.6139282e-02
  -4.8849706e-03  -5.3630052e-02
  -1.5879882e-02  -5.2739603e-02
  -2.4478673e-03  -5.2849196e-02
   0.0000000e+00  -4.8803589e-02
   7.3211301e-03  -5.3133381e-02
   6.0913285e-03  -5.5292558e-02
   7.2846110e-03  -5.6891957e-02
   1.4521263e-02  -5.8039398e-02
   9.6865259e-03  -5.9419505e-02
   9.7044196e-03  -6.3127972e-02
   1.4651710e-02  -6.7635130e-02
   1.4621885e-02  -7.0679237e-02
   1.2192984e-02  -7.1641418e-02
   2.4358015e-03  -7.7507352e-02
  -2.4368883e-03  -8.3995815e-02
   0.0000000e+00  -8.8461150e-02
  -9.8433525e-03  -8.9539724e-02
  -1.1093251e-02  -9.0174421e-02
  -1.2384047e-02  -8.8722356e-02
  -1.3590267e-02  -8.7089326e-02
  -2.3432919e-02  -8.8802117e-02
  -2.4574000e-02  -9.2689190e-02
  -2.8434811e-02  -1.2072609e-01
  -2.6155487e-02  -1.2165731e-01
  -2.7639524e-02  -1.1681481e-01
  -2.6655041e-02  -1.2026466e-01
  -2.3028764e-02  -1.1596732e-01
  -2.8051506e-02  -1.1382703e-01
  -2.6877327e-02  -1.1065515e-01
  -3.1655447e-02  -1.0546493e-01
  -3.7766016e-02  -1.0219161e-01
  -3.7921092e-02  -9.7887737e-02
  -3.9530418e-02  -9.6509148e-02
  -3.8415895e-02  -9.6352648e-02
  -3.7302233e-02  -9.5737016e-02
  -3.4831910e-02  -9.2441077e-02
  -4.5947091e-02  -8.7022531e-02
  -4.2035992e-02  -8.2878038e-02
  -4.4538457e-02  -7.5924814e-02
  -4.1989475e-02  -6.6553201e-02
  -4.6850772e-02  -6.2308132e-02
  -4.5700256e-02  -5.9680920e-02
  -4.0794672e-02  -6.0198889e-02
  -3.8337539e-02  -5.8854991e-02
  -3.9738105e-02  -5.4976179e-02
  -2.7324990e-02  -5.0432843e-02
  -2.6273629e-02  -4.0733331e-02
  -2.3708165e-02  -3.8806183e-02
  -2.3586917e-02  -3.3637984e-02
  -2.2243684e-02  -3.0792374e-02
  -4.3104455e-02  -2.6657037e-02
  -4.9284195e-02  -2.3098449e-02
  -4.9547848e-02  -2.0089227e-02
  -4.7331536e-02  -1.4358772e-02
  -3.2497986e-02  -4.9527388e-03
  -3.5994084e-02   3.1293244e-03
  -3.9426807e-02   1.1984908e-02
  -5.1628300e-02   1.6385072e-02
  -5.4140642e-02   1.6399980e-02
  -6.4603429e-02   2.0586093e-02
  -5.6348769e-02   2.2565296e-02
  -6.0688986e-02   2.6895632e-02
  -4.1103285e-02   2.4708499e-02
  -5.1060966e-02   4.3245379e-02
  -4.1953244e-02   3.9255014e-02
  -6.0430637e-02   5.0476518e-02
  -5.9017484e-02   5.8014997e-02
  -6.7759800e-02   6.7701061e-02
  -6.6608222e-02   7.0087717e-02
  -7.4121461e-02   7.4330052e-02
  -7.0749458e-02   6.9598249e-02
  -7.7248715e-02   7.8719403e-02
  -6.1190773e-02   1.5922294e-01
  -6.6841876e-02   1.5553925e-01
  -6.8985050e-02   1.5252202e-01
  -7.0114330e-02   1.5043430e-01
  -6.7673807e-02   1.5267101e-01
  -6.8019447e-02   1.5254278e-01
  -6.9528052e-02   1.4539773e-01
  -7.2735206e-02   1.4760390e-01
  -6.3793651e-02   1.3699720e-01
  -6.0555418e-02   1.3047604e-01
  -5.4939275e-02   1.2745414e-01
  -4.6749425e-02   1.2122966e-01
  -5.3922242e-02   1.1827794e-01
  -5.5175184e-02   1.1648728e-01
  -6.2550745e-02   1.1489822e-01
  -5.6779247e-02   1.1258284e-01
  -4.7461495e-02   1.0632027e-01
  -4.7936575e-02   9.4086712e-02
  -4.9197331e-02   9.0372517e-02
  -4.7930095e-02   8.9833166e-02
  -5.4030535e-02   8.4592268e-02
  -6.9258556e-02   7.6755883e-02
  -6.7000395e-02   6.7733449e-02
  -6.0944805e-02   6.0072922e-02
  -5.5253230e-02   5.5113080e-02
  -5.0369865e-02   4.8338825e-02
  -5.0427857e-02   4.3322532e-02
  -5.2797756e-02   3.7238475e-02
  -4.8838437e-02   2.9824145e-02
  -4.1151449e-02   2.3384357e-02
  -4.7705975e-02   1.7189602e-02
  -5.1764261e-02   8.6376074e-03
  -3.6691364e-02   6.8361223e-03
  -2.7752447e-02  -2.2721536e-03
  -1.8804626e-02  -7.2275884e-03
  -1.8741928e-02  -1.3060236e-02
  -1.9865518e-02  -1.6562241e-02
  -3.7118491e-03  -2.1424176e-02
  -3.6965041e-03  -2.2672226e-02
  -6.1505296e-03  -2.7978694e-02
  -4.9373715e-03  -3.7492176e-02
   7.3928206e-03  -4.1467186e-02
   1.6022914e-02  -4.4630108e-02
   1.3604919e-02  -4.7051494e-02
   1.4822224e-02  -4.8346578e-02
   2.0975020e-02  -4.8741630e-02
   2.4529814e-02  -5.2499501e-02
   2.6827389e-02  -5.8935056e-02
   3.0649861e-02  -6.4252622e-02
   3.4200145e-02  -6.9462211e-02
