   2.4881367e-01   3.2001804e-02
   2.0867744e-01   2.9015776e-02
   2.0084339e-01   2.2377587e-02
   1.9695270e-01   1.9854029e-02
   1.9166233e-01   1.7183766e-02
   1.7154796e-01   2.5589322e-02
   1.6023233e-01   2.7801065e-02
   1.5886115e-01   2.6895465e-02
   1.5159327e-01   2.0296895e-02
   1.5036761e-01   1.9858050e-02
   1.4556241e-01   2.1212827e-02
   1.4786760e-01   2.2069753e-02
   1.4795983e-01   2.5184321e-02
   1.4301964e-01   2.5638083e-02
   1.2031861e-01   2.7350098e-02
   1.1429745e-01   1.8536185e-02
   9.4948418e-02   1.4627118e-02
   8.1222252e-02   1.4609482e-02
   6.8946150e-02   2.0840731e-02
   5.6608268e-02   2.4844093e-02
   6.2750594e-02   2.6168720e-02
   6.7556739e-02   2.3898431e-02
   7.2586440e-02   1.8159039e-02
   6.5282231e-02   1.5965705e-02
   5.8821538e-02   1.7656219e-02
   3.6858520e-02   2.1708439e-02
   1.4740432e-02   2.3489358e-02
   1.1079574e-02   2.1760599e-02
   1.4735739e-02   1.6824671e-02
   1.7224593e-02   1.7745031e-02
   2.5806903e-02   1.9497727e-02
   1.9619827e-02   2.1229919e-02
   1.2261805e-02   2.1673880e-02
   2.4596787e-03   2.1739737e-02
  -2.4560475e-03   1.6383052e-02
  -1.5948461e-02   1.6365433e-02
  -1.4751995e-02   1.5511840e-02
  -2.1285243e-01   1.4776934e-02
  -2.0106507e-01   1.1340167e-02
  -2.0635584e-01   1.3101786e-02
  -2.3044233e-01   1.4335237e-02
  -2.4982802e-01   1.3915264e-02
  -2.5601193e-01   1.2163927e-02
  -2.4764685e-01   1.1698436e-02
  -2.4176929e-01   1.0852522e-02
  -2.5845086e-01   1.3461843e-02
  -2.7394317e-01   1.1239082e-02
  -2.8529006e-01   1.0796189e-02
  -2.7983369e-01   9.4909087e-03
  -2.7380317e-01   1.1613841e-02
  -2.7584426e-01   1.1644355e-02
  -2.7486787e-01   1.2953158e-02
  -2.9107807e-01   1.0817313e-02
  -2.9082002e-01   1.2916771e-02
  -2.9355200e-01   1.0379969e-02
  -2.9175735e-01   1.2901755e-02
  -2.8751754e-01   1.2456506e-02
  -2.9547500e-01   1.0744255e-02
  -2.9701646e-01   9.4616978e-03
  -2.9548213e-01   1.0314485e-02
  -2.8987208e-01   1.3362876e-02
  -2.8565206e-01   1.1624370e-02
  -2.8281608e-01   1.1664961e-02
  -2.8348884e-01   1.1209278e-02
  -2.7145620e-01   1.2973608e-02
  -2.5799789e-01   9.5353499e-03
  -2.4937427e-01   1.1284535e-02
  -2.3584878e-01   1.2177769e-02
  -2.1759937e-01   1.4840860e-02
  -2.0615690e-01   1.2652812e-02
  -2.0675422e-01   1.4002346e-02
  -2.0143653e-01   1.3547179e-02
  -1.9528281e-01   1.4432434e-02
  -1.9243751e-01   1.4845481e-02
  -1.8663830e-01   1.7512281e-02
  -1.9179504e-01   1.4015096e-02
  -1.9425395e-01   1.4010835e-02
  -1.9021480e-01   1.1804052e-02
  -1.8181881e-01   1.0513476e-02
  -1.6948513e-01   1.4914774e-02
  -1.6069937e-01   1.7107059e-02
  -1.5228044e-01   1.5820334e-02
   4.0569374e-02   1.5061587e-02
   4.7841796e-02   1.7238542e-02
   5.2895289e-02   1.9503521e-02
   5.8952194e-02   2.4792400e-02
   6.3770346e-02   2.0320784e-02
   7.3650847e-02   2.0773956e-02
   7.7340419e-02   1.9886339e-02
   8.1004289e-02   2.2091717e-02
   9.0917682e-02   2.1659375e-02
   9.9428644e-02   2.0743680e-02
   9.5696953e-02   2.5163133e-02
   1.0582087e-01   2.5664129e-02
   1.2017144e-01   2.1132569e-02
   1.3123140e-01   1.9354054e-02
   1.4267495e-01   2.0714369e-02
   1.4422373e-01   2.3654451e-02
   1.2919240e-01   2.6059903e-02
   1.3263503e-01   2.5119033e-02
   1.4481863e-01   2.2428025e-02
   1.5484142e-01   1.9350207e-02
   1.5248496e-01   2.2456158e-02
   1.5219732e-01   2.1533232e-02
   1.6109298e-01   2.2436561e-02
   1.6824042e-01   2.5471132e-02
   1.7541403e-01   2.6302240e-02
   1.6804398e-01   2.6762436e-02
   1.7415756e-01   1.9272176e-02
   1.7781301e-01   2.0577608e-02
   1.7164835e-01   2.2344310e-02
   1.7016990e-01   2.6265359e-02
   1.5970445e-01   2.2417442e-02
   1.6253079e-01   1.9813840e-02
   1.7076944e-01   2.1951973e-02
   1.8025716e-01   2.1009492e-02
   1.8491308e-01   2.4036141e-02
   1.7925018e-01   2.7194054e-02
   1.7826175e-01   2.4589836e-02
   1.7967962e-01   2.4170909e-02
   1.7335372e-01   2.4164193e-02
   1.7128841e-01   2.1576189e-02
   1.6601185e-01   2.2424904e-02
   1.7581264e-01   2.4157507e-02
   1.7926108e-01   2.6755441e-02
   1.9266263e-01   2.3186442e-02
   1.9342006e-01   2.3716061e-02
   1.8562771e-01   2.5007327e-02
   1.8391048e-01   2.4672034e-02
   3.2541515e-01   2.6676049e-02
   3.3516379e-01   2.4119831e-02
   3.2859462e-01   2.5420182e-02
   3.2440137e-01   2.8861441e-02
   3.2104222e-01   2.8478294e-02
   3.2838442e-01   2.9728688e-02
   3.2819837e-01   2.8523302e-02
   3.1273126e-01   2.8120746e-02
   3.1519177e-01   2.0736603e-02
   3.0583738e-01   2.2983520e-02
   3.0819130e-01   2.6006832e-02
   3.0861054e-01   3.0276927e-02
   3.0060442e-01   3.0262179e-02
   2.9419210e-01   2.9403290e-02
   2.9402293e-01   2.5156280e-02
   2.8224902e-01   2.4824735e-02
   2.7133125e-01   2.6206892e-02
   2.6632770e-01   2.4793217e-02
   2.6609215e-01   2.3900444e-02
   2.5688347e-01   2.7500259e-02
   2.4443652e-01   3.0178336e-02
   2.4015925e-01   2.4997100e-02
   2.4084306e-01   1.8799363e-02
   2.3524109e-01   2.5763955e-02
   2.3469647e-01   2.6281463e-02
   2.2291161e-01   2.6247686e-02
   2.1722428e-01   2.5005298e-02
   2.0671984e-01   2.5403888e-02
   2.0900174e-01   2.5083512e-02
   2.1439724e-01   2.2337371e-02
   2.1296356e-01   2.1881839e-02
   1.9876495e-01   2.2868091e-02
   1.9055567e-01   2.4554000e-02
   1.7758127e-01   2.3784666e-02
   1.8584309e-01   2.3714271e-02
   1.9077622e-01   2.3261258e-02
   1.9360240e-01   2.4178822e-02
   1.9098605e-01   2.2405312e-02
   1.8002794e-01   2.4658575e-02
   1.6996476e-01   2.5983017e-02
   1.6522181e-01   2.5140295e-02
   1.6602831e-01   2.1545496e-02
   0.0000000e+00   2.0347913e-02
  -1.1015814e-02   1.9865280e-02
  -9.8053999e-03   1.5466245e-02
  -9.7949909e-03   1.6333811e-02
  -2.2048310e-02   2.2091804e-02
  -2.8179425e-02   1.9880615e-02
  -2.0791399e-02   1.7638726e-02
  -2.5708933e-02   1.7654899e-02
  -2.9490975e-02   2.0382624e-02
  -3.5670382e-02   2.0400248e-02
  -3.4278577e-02   1.7651921e-02
  -3.4389426e-02   1.4606273e-02
  -4.8912881e-02   1.9390121e-02
  -6.1209309e-02   1.8077972e-02
  -7.4659403e-02   2.0270457e-02
  -7.5853496e-02   1.3206014e-02
  -7.8285173e-02   1.5845263e-02
  -7.4749390e-02   1.8085022e-02
  -7.5961928e-02   1.9848215e-02
  -7.2226984e-02   1.8069273e-02
  -7.4768715e-02   1.4997335e-02
  -8.3336912e-02   1.6754297e-02
  -8.8148333e-02   1.7173508e-02
  -1.0039866e-01   1.6280544e-02
  -1.0765304e-01   1.4498975e-02
  -1.1509114e-01   1.6263761e-02
  -1.1655870e-01   1.4973147e-02
  -1.1484601e-01   1.7986625e-02
  -1.0143264e-01   1.4929870e-02
  -1.0152245e-01   1.6263206e-02
  -1.0152962e-01   1.5384114e-02
  -1.1030293e-01   1.6285633e-02
  -1.2719444e-01   1.7548260e-02
  -1.3468112e-01   1.6237925e-02
  -1.3226286e-01   1.3168678e-02
  -1.2806079e-01   1.5308140e-02
  -1.3822226e-01   1.5778466e-02
  -1.4525794e-01   1.7048479e-02
  -1.5078654e-01   1.2720751e-02
  -1.5155692e-01   1.3119318e-02
  -1.5505082e-01   1.4848684e-02
  -1.5930833e-01   1.7530787e-02
  -1.6055204e-01   1.6213926e-02
  -1.6548764e-01   1.3577638e-02
  -1.7161681e-01   1.3568604e-02
  -1.8034029e-01   1.6194816e-02
  -1.7001327e-01   1.6602369e-02
  -1.6224071e-01   1.2643257e-02
  -1.4080805e-01   1.5790426e-02
  -1.3237290e-01   1.5378541e-02
  -1.1431556e-01   1.6770834e-02
  -1.0756263e-01   1.2290072e-02
  -1.0266136e-01   1.4050500e-02
  -9.3038149e-02   1.8048970e-02
  -8.9269815e-02   1.8914882e-02
  -8.5784745e-02   1.7192871e-02
  -8.3336912e-02   1.6754297e-02
  -7.8347915e-02   1.8063825e-02
  -7.1143723e-02   1.8106116e-02
  -7.1005624e-02   1.7629570e-02
  -6.3863961e-02   1.5034615e-02
  -6.1335636e-02   1.7230223e-02
  -5.5086131e-02   1.8523218e-02
  -5.4974952e-02   1.8926768e-02
  -4.1620633e-02   1.8531128e-02
  -2.9383890e-02   1.6771041e-02
  -2.0807649e-02   1.9863247e-02
  -1.9544097e-02   2.0264784e-02
  -2.2051466e-02   2.0766295e-02
  -1.8362793e-02   1.8098195e-02
  -1.2263528e-02   2.0346907e-02
  -3.6798477e-03   1.8136102e-02
   2.4509927e-03   1.7234325e-02
  -4.9005501e-03   2.0327546e-02
  -6.1317641e-03   2.0347661e-02
   0.0000000e+00   1.9866071e-02
   0.0000000e+00   1.6350546e-02
   4.9060571e-03   1.9020724e-02
   1.1048631e-02   1.9924574e-02
   1.8380247e-02   1.8558021e-02
   2.3273216e-02   2.2091401e-02
   2.8153958e-02   1.8978195e-02
   3.6748973e-02   2.1643823e-02
   3.8005921e-02   2.2991075e-02
   4.6603498e-02   1.9891381e-02
   5.6314805e-02   1.7640371e-02
   5.7760794e-02   1.9037916e-02
   6.0070767e-02   2.3416573e-02
   6.4990676e-02   2.1203199e-02
   7.3581169e-02   2.0311818e-02
   8.3388168e-02   2.0742925e-02
   9.3286696e-02   2.1193219e-02
   9.3268271e-02   2.2959321e-02
   9.4678479e-02   2.3445469e-02
   2.5262085e-01   2.2322725e-02
   2.4701877e-01   2.7106346e-02
   2.3389062e-01   2.1816829e-02
   2.2980884e-01   2.4547257e-02
   2.3950559e-01   2.2738383e-02
   2.4038591e-01   2.5460274e-02
   2.5606619e-01   2.2724991e-02
   2.5839253e-01   2.7084317e-02
   2.6068238e-01   2.4866153e-02
   2.6363352e-01   2.6214482e-02
   2.8173218e-01   2.3473379e-02
   2.8250075e-01   2.8221970e-02
   2.7564851e-01   2.8312461e-02
   2.7399729e-01   2.8405978e-02
   2.7364397e-01   2.3117472e-02
   2.8080689e-01   2.2630463e-02
   2.8190014e-01   2.6541500e-02
   2.7773477e-01   2.7950975e-02
   2.8011546e-01   2.3114763e-02
   2.8064644e-01   2.6982475e-02
   2.9584920e-01   2.5198338e-02
   3.0497233e-01   2.8681969e-02
   2.9789050e-01   2.7442478e-02
   2.9557051e-01   2.4740396e-02
   2.8502632e-01   2.4401780e-02
   2.8442384e-01   2.5225137e-02
   3.0291901e-01   2.6440066e-02
   3.1162959e-01   2.5098349e-02
   3.1867145e-01   2.7306293e-02
   3.1312313e-01   2.6415130e-02
   3.0466825e-01   2.8334622e-02
   3.0395761e-01   2.3811340e-02
   3.0478305e-01   2.6049822e-02
   3.0724225e-01   2.6471541e-02
   3.1406558e-01   2.6490076e-02
   3.1813073e-01   2.5091801e-02
   3.1954802e-01   2.9122405e-02
   3.1243130e-01   2.8207232e-02
   3.1441714e-01   2.5109998e-02
   3.2134045e-01   2.1574465e-02
   3.2559520e-01   2.4190926e-02
   3.1982760e-01   2.9032934e-02
   3.0980202e-01   3.1259861e-02
   3.1223548e-01   2.5579307e-02
   3.1077350e-01   2.3395053e-02
   3.1167496e-01   2.4330439e-02
   3.1316088e-01   2.5549060e-02
   3.1323263e-01   2.3816920e-02
   3.0531818e-01   2.7839208e-02
   1.8569663e-01   2.1936252e-02
   1.8120818e-01   2.6856381e-02
   1.8315863e-01   2.5453476e-02
   1.7716768e-01   2.6375726e-02
   1.6400713e-01   2.4261361e-02
   1.6265436e-01   2.2036995e-02
   1.6145299e-01   2.0276651e-02
   1.5630512e-01   2.3791694e-02
   1.5648534e-01   2.2492026e-02
   1.5399686e-01   2.3820983e-02
   1.5014325e-01   2.4247082e-02
   1.3906710e-01   2.4272287e-02
   1.3165027e-01   1.7205463e-02
   1.2273977e-01   2.1589903e-02
   1.1692736e-01   2.3432841e-02
   1.2140336e-01   2.0690313e-02
   1.1555632e-01   2.5178799e-02
   1.0450402e-01   2.4314639e-02
   1.0813358e-01   2.0310578e-02
   1.0178262e-01   2.0719857e-02
   9.6767582e-02   2.2027652e-02
   9.3198541e-02   2.0731183e-02
   8.7405531e-02   2.1707051e-02
   8.2165639e-02   2.0302934e-02
   8.0919939e-02   2.2511248e-02
   9.0831783e-02   2.1196349e-02
   8.8345415e-02   2.4290976e-02
   8.0927915e-02   2.1628454e-02
   7.3517911e-02   1.8968346e-02
   6.2482014e-02   2.0301686e-02
   5.8751008e-02   1.9843586e-02
   5.9789229e-02   2.1102825e-02
   5.8687604e-02   2.0705029e-02
   5.6345681e-02   2.2072316e-02
   5.5193143e-02   1.9001874e-02
   4.4021593e-02   1.9393012e-02
   3.5461839e-02   1.9397342e-02
   2.6954232e-02   1.9881055e-02
   2.9350203e-02   1.8518053e-02
   2.6895955e-02   2.1605370e-02
   1.8376222e-02   2.0767309e-02
   1.7104724e-02   1.8062621e-02
   1.0996755e-02   1.7182486e-02
   3.6649968e-03   1.8945461e-02
   0.0000000e+00   2.2425889e-02
   0.0000000e+00   2.0728444e-02
  -2.4357920e-03   2.0207266e-02
   0.0000000e+00   1.9405352e-02
   4.8872578e-03   1.7623624e-02
  -7.4459951e-02   1.7135011e-02
  -8.3109377e-02   1.3627565e-02
  -9.7786847e-02   1.1858897e-02
  -1.0374756e-01   1.7983043e-02
  -1.1105709e-01   1.9288983e-02
  -1.1327424e-01   1.9247782e-02
  -1.1209113e-01   1.5749593e-02
  -1.1476203e-01   1.4901111e-02
  -1.2612371e-01   1.4932168e-02
  -1.3701296e-01   1.4465172e-02
  -1.4162586e-01   1.4430546e-02
  -1.6023996e-01   1.5744960e-02
  -1.6971746e-01   1.3517742e-02
  -1.7827981e-01   1.2197896e-02
  -1.8210169e-01   1.3948047e-02
  -1.7251535e-01   1.2230024e-02
  -1.6969557e-01   1.5261967e-02
  -1.6602140e-01   1.6140474e-02
  -1.5991181e-01   1.6587346e-02
  -1.5352142e-01   1.5257551e-02
  -1.5149899e-01   1.7929734e-02
  -1.5594734e-01   1.6125480e-02
  -1.5735208e-01   1.3522008e-02
  -1.6695050e-01   1.3059784e-02
  -1.7456022e-01   1.6561169e-02
  -1.7476318e-01   1.4396028e-02
  -1.7079769e-01   1.0889377e-02
  -1.6622852e-01   1.2662944e-02
  -1.6813670e-01   1.5669679e-02
  -1.7119508e-01   1.9221211e-02
  -1.7106708e-01   1.6584011e-02
  -1.7476318e-01   1.4396028e-02
  -1.8124911e-01   1.3103559e-02
  -1.8068915e-01   1.4807559e-02
  -1.8802054e-01   1.4359587e-02
  -1.9013421e-01   1.0420107e-02
  -1.9472033e-01   1.3082295e-02
  -2.0224421e-01   1.6039768e-02
  -1.9697440e-01   1.3065637e-02
  -1.9432928e-01   1.3492251e-02
  -1.9088294e-01   1.0896306e-02
  -1.8983766e-01   1.1781173e-02
  -1.8979782e-01   1.4835551e-02
  -1.8487364e-01   1.6590675e-02
  -1.7859427e-01   1.5276974e-02
  -1.7320395e-01   1.3934638e-02
  -1.6514956e-01   1.4425469e-02
  -1.4926443e-01   1.2697412e-02
  -1.3716931e-01   1.2285507e-02
  -1.2624452e-01   1.5386456e-02
  -1.2084018e-01   1.7522520e-02
   6.6097773e-02   1.9396790e-02
   7.3559847e-02   2.2961186e-02
   7.9540104e-02   2.2027662e-02
   8.1876396e-02   2.5083512e-02
   8.7058818e-02   2.1621169e-02
   8.3470960e-02   2.0763471e-02
   8.0775337e-02   2.0704674e-02
   8.6804707e-02   2.1117259e-02
   9.1534456e-02   1.8874940e-02
   8.0608163e-02   2.1543161e-02
   7.7016498e-02   2.2008677e-02
   7.7310480e-02   2.3421688e-02
   8.4610502e-02   2.1182837e-02
   1.0151488e-01   1.7142298e-02
   9.7977598e-02   2.3347492e-02
   9.3180536e-02   2.2495539e-02
   9.0827431e-02   2.1637940e-02
   9.0852202e-02   1.8988396e-02
   1.0387304e-01   2.5050022e-02
   1.2384423e-01   2.1566531e-02
   1.3228329e-01   2.2408731e-02
   1.2468721e-01   2.2378512e-02
   1.2036734e-01   2.4262184e-02
   1.1938899e-01   2.3428401e-02
   1.2500389e-01   2.5965286e-02
   1.2478462e-01   2.4157389e-02
   1.1894520e-01   2.1134586e-02
   1.0928164e-01   1.7642399e-02
   1.0914540e-01   2.0268747e-02
   1.2286173e-01   2.1611195e-02
   1.3988024e-01   2.4198053e-02
   1.5246924e-01   2.3336791e-02
   1.5213362e-01   2.5048862e-02
   1.5000210e-01   2.3782837e-02
   1.5018240e-01   2.2042802e-02
   1.5123965e-01   2.3339614e-02
   1.7466976e-01   1.9767977e-02
   1.7266718e-01   2.4070058e-02
   1.7319091e-01   2.3701671e-02
   1.7630870e-01   2.5550085e-02
   1.8074982e-01   2.3265909e-02
   1.8912772e-01   2.4971890e-02
   1.9197587e-01   2.4574216e-02
   1.9546229e-01   2.4977241e-02
   2.0577206e-01   2.2363242e-02
   2.0885471e-01   2.1850341e-02
   2.2213546e-01   2.5864786e-02
   2.2119632e-01   2.3261077e-02
   2.1340365e-01   2.8968244e-02
