  -3.7389733e-01  -1.3024731e-03
   9.6381905e-02  -2.5672945e-02
   1.2022007e-01  -2.4036803e-02
   1.2553635e-01  -1.5604286e-02
   1.3175102e-01  -1.5596186e-02
   1.2273024e-01  -7.6347957e-03
   1.3885915e-01  -9.4087724e-03
   1.4447512e-01   4.0466645e-03
   1.6249592e-01   3.1258908e-03
   1.7070647e-01   7.5617869e-03
   1.5910237e-01   1.7922707e-02
   1.8154278e-01   2.1746580e-02
   1.7836441e-01   2.8974400e-02
   1.8771091e-01   3.1074240e-02
   1.9742925e-01   3.1891334e-02
   2.1128182e-01   3.3395277e-02
   2.2877091e-01   3.5796080e-02
   2.3603375e-01   3.5980927e-02
   2.5163570e-01   4.4645451e-02
   2.6143960e-01   4.2560983e-02
   2.6691325e-01   4.5497528e-02
   2.7150619e-01   3.9861744e-02
   2.7931664e-01   4.2955095e-02
   2.9971869e-01   4.3757499e-02
   3.0276111e-01   4.8445760e-02
   3.3429393e-01   4.5082758e-02
   3.4982988e-01   4.5165637e-02
   3.5977293e-01   4.4013644e-02
   3.7505066e-01   4.3596962e-02
   3.7030979e-01   4.2220089e-02
   3.7112491e-01   4.6945946e-02
   3.8720231e-01   4.3299615e-02
   4.1430179e-01   3.6246243e-02
   4.2833035e-01   4.3393940e-02
   4.5360830e-01   3.8499365e-02
   4.6330355e-01   3.7509286e-02
   4.6656391e-01   3.7863133e-02
   2.4772017e-01  -5.3061631e-02
   3.1189914e-01  -8.0951072e-02
   2.7296232e-01  -7.1016824e-02
   2.7119154e-01  -6.7484454e-02
   2.2242560e-01  -6.3837512e-02
   2.2726358e-01  -7.1714606e-02
   1.7978347e-01  -5.0890935e-02
   1.8208818e-01  -6.4686486e-02
   1.9033026e-01  -5.9323017e-02
   1.8193146e-01  -4.5863321e-02
   1.9452159e-01  -5.8716723e-02
   1.5891591e-01  -4.2010225e-02
   1.4577339e-01  -4.6768639e-02
   1.3117494e-01  -4.1469578e-02
   1.4547760e-01  -2.9374384e-02
   1.5066071e-01  -3.5600039e-02
   1.4038571e-01  -1.8533132e-02
   1.1134570e-01  -9.7699725e-03
   8.0194805e-02   0.0000000e+00
   8.3645045e-02  -1.3266420e-03
   5.8096555e-02   6.6742992e-03
   5.6855474e-02   8.8994794e-03
   5.5823578e-02   1.4743723e-02
   4.6187278e-02   1.1690507e-02
   2.2425962e-02   2.2471034e-02
   2.4828836e-03   2.6888163e-02
  -2.4731912e-02   3.8454544e-02
  -2.0966066e-02   3.0731286e-02
  -2.3336305e-02   3.7298684e-02
  -2.2116994e-02   3.5079171e-02
  -3.9364405e-02   3.9584738e-02
  -4.3860831e-02   2.5487831e-02
  -6.5823541e-02   3.5197254e-02
  -6.4424306e-02   3.4217759e-02
  -9.9157911e-02   3.8839231e-02
  -1.0104346e-01   2.9715265e-02
  -1.1965407e-01   2.9261785e-02
  -1.1316632e-01   1.9881643e-02
  -1.2041028e-01   2.1174269e-02
  -1.3619915e-01   1.2087592e-02
  -1.4038119e-01   1.1222104e-02
  -1.5168244e-01   8.5197145e-03
  -1.7842907e-01   1.8388176e-02
  -1.8999184e-01   2.4683205e-02
  -1.8518811e-01   2.2924827e-02
  -4.6299149e-01  -2.1647919e-02
  -4.6195347e-01  -1.9781900e-02
  -4.9421115e-01  -2.3963977e-02
  -4.8212343e-01  -2.3024883e-02
  -4.7108810e-01  -2.1374318e-02
  -4.5214578e-01  -1.7207493e-02
  -3.9163108e-01  -2.8097595e-02
  -3.9019869e-01  -2.3692131e-02
  -3.8858679e-01  -7.9095074e-03
  -3.8039213e-01  -1.7701701e-03
  -3.6429418e-01   2.2323116e-03
  -3.4423301e-01   5.7746553e-03
  -3.3527770e-01   7.0401907e-03
  -3.1772168e-01   3.0307989e-02
  -2.6692469e-01   3.2442342e-02
  -2.6547072e-01   3.4904745e-02
  -2.6169313e-01   4.7039442e-02
  -2.4858762e-01   6.0849062e-02
  -2.4211687e-01   5.7999348e-02
  -2.3559759e-01   6.8381228e-02
  -2.0780840e-01   7.3035918e-02
  -1.9398717e-01   9.4888076e-02
  -1.8372119e-01   1.0141213e-01
  -1.7866272e-01   1.0193009e-01
  -1.6939229e-01   1.1584902e-01
  -1.6417529e-01   1.1382971e-01
  -1.9028711e-01   1.2848786e-01
  -1.8702797e-01   1.2288876e-01
  -1.8113481e-01   1.4238275e-01
  -1.5857586e-01   1.4065222e-01
  -1.4020935e-01   1.5078043e-01
  -1.2401590e-01   1.5149556e-01
  -1.3135074e-01   1.6551862e-01
  -1.3250297e-01   1.7719770e-01
  -1.3949693e-01   1.7952614e-01
  -1.5256316e-01   1.7982632e-01
  -1.3813766e-01   1.8904886e-01
  -9.7133033e-02   1.9464910e-01
  -7.9919596e-02   2.0493753e-01
  -7.6076213e-02   2.1509563e-01
  -3.6629320e-02   2.0527512e-01
  -2.2158407e-02   2.0716256e-01
  -1.2879144e-02   2.0989171e-01
  -2.2289097e-02   2.2553424e-01
  -9.4408311e-03   2.1775807e-01
  -2.3512200e-03   2.1966511e-01
   5.8800138e-03   2.1450018e-01
   4.8170891e-01   9.4911115e-02
   4.5193383e-01   1.0843062e-01
   5.0223862e-01   8.6240270e-02
   5.0115827e-01   8.8953874e-02
   5.1377562e-01   7.4521145e-02
   4.9794433e-01   7.9575501e-02
   5.1946138e-01   6.8438669e-02
   4.9054542e-01   7.0781328e-02
   5.2559285e-01   6.6173161e-02
   5.0043524e-01   3.7315736e-02
   4.7165403e-01   3.7029464e-02
   4.9285306e-01   3.1188639e-02
   4.6966672e-01   3.8822741e-02
   4.5851081e-01   3.0258693e-02
   4.5167513e-01   2.1485001e-02
   4.5134380e-01   7.8122253e-03
   4.2973211e-01   2.6316980e-02
   4.3779901e-01   3.8676395e-03
   4.1763961e-01   2.1864516e-03
   4.2011691e-01   5.6461197e-03
   4.1280794e-01   1.1501898e-02
   4.0384459e-01  -2.2308032e-03
   3.9554134e-01  -1.0683585e-02
   3.7530442e-01  -1.4586826e-02
   3.6513414e-01  -7.3416694e-03
   3.5681294e-01  -2.7197110e-02
   3.1749964e-01  -2.7074304e-02
   3.0853654e-01  -4.2533970e-02
   2.8905752e-01  -4.2371645e-02
   2.9271203e-01  -4.8447705e-02
   2.9758013e-01  -5.1330870e-02
   3.0377768e-01  -6.7471725e-02
   2.8827039e-01  -6.5633893e-02
   2.7373957e-01  -7.7761202e-02
   2.6428247e-01  -9.0588292e-02
   2.5530402e-01  -1.0127463e-01
   2.5666332e-01  -1.0359328e-01
   2.5465656e-01  -1.0562314e-01
   2.5026389e-01  -1.1217794e-01
   2.4767597e-01  -1.1353811e-01
   2.3925103e-01  -1.1195458e-01
   2.3026147e-01  -1.1766900e-01
   2.3307171e-01  -1.2192023e-01
   2.2283529e-01  -1.2585197e-01
   1.9560887e-01  -1.2798650e-01
   1.8357843e-01  -1.3009764e-01
  -1.7498835e-01   1.7965305e-03
  -1.7458405e-01   7.2754263e-03
  -1.7096074e-01   0.0000000e+00
  -2.0867597e-01   1.5379670e-02
  -2.1772792e-01   1.0721411e-02
  -2.3633979e-01   1.2462069e-02
  -2.6000234e-01   1.3802455e-02
  -2.5075418e-01   1.9942845e-02
  -2.6598979e-01   2.8164446e-02
  -2.6723251e-01   3.4897114e-02
  -2.5987935e-01   2.3840996e-02
  -2.7485174e-01   2.4652934e-02
  -2.8132254e-01   2.7531448e-02
  -2.9081922e-01   2.5764630e-02
  -3.0156251e-01   3.8122636e-02
  -2.8772226e-01   3.1967198e-02
  -2.8624221e-01   3.2254479e-02
  -3.0695571e-01   4.2422704e-02
  -3.2475612e-01   4.7458201e-02
  -3.3626844e-01   4.3275049e-02
  -3.3638701e-01   4.5890829e-02
  -3.3496363e-01   3.9270746e-02
  -3.3960960e-01   3.1335859e-02
  -3.0885556e-01   4.6714817e-02
  -2.9102847e-01   4.5998772e-02
  -2.9223604e-01   6.5838136e-02
  -2.8126389e-01   6.0088839e-02
  -2.9066811e-01   7.3369754e-02
  -2.7113766e-01   8.2245361e-02
  -2.5775415e-01   9.9273434e-02
  -2.6090598e-01   1.0552319e-01
  -2.6211949e-01   1.0550100e-01
  -2.4525751e-01   1.0069094e-01
  -2.4447857e-01   1.1239842e-01
  -2.3055563e-01   1.1574799e-01
  -2.4139140e-01   1.1914635e-01
  -2.5298126e-01   1.2998482e-01
  -2.6796097e-01   1.2488850e-01
  -2.9573090e-01   1.3563687e-01
  -2.9352418e-01   1.2701639e-01
  -3.1555889e-01   1.3194368e-01
  -3.2573771e-01   1.3048810e-01
  -3.3016590e-01   1.1896666e-01
  -3.5024546e-01   1.0743304e-01
  -3.7755552e-01   1.0555952e-01
  -3.8487695e-01   1.0104891e-01
  -3.7297563e-01   7.6823839e-02
  -3.1551725e-02   1.3473127e-01
  -3.9973252e-02   1.4396826e-01
  -3.4976320e-02   1.4430977e-01
  -5.2529294e-02   1.5470501e-01
  -5.1852984e-02   1.5801419e-01
  -6.8446963e-02   1.6223565e-01
  -6.9582622e-02   1.8197981e-01
  -3.9866549e-02   1.7780159e-01
  -3.3668016e-02   1.8526037e-01
  -6.8905641e-03   1.7470715e-01
  -1.0350356e-02   1.7808201e-01
   9.2176171e-03   1.7433809e-01
   3.3548383e-02   1.7819314e-01
   3.6054765e-02   1.8298420e-01
   3.6214066e-02   1.8127278e-01
   3.0429363e-02   1.8542676e-01
   2.6951681e-02   1.8517438e-01
   3.2715876e-02   1.7711234e-01
   3.8852011e-02   1.6148159e-01
   1.8802470e-02   1.8420774e-01
   4.9322600e-02   1.7124721e-01
   5.4666212e-02   1.6511508e-01
   5.6502083e-02   1.5706731e-01
   6.7087225e-02   1.5741224e-01
   6.8531724e-02   1.5472243e-01
   9.7898176e-02   1.3896404e-01
   1.1836203e-01   1.1025574e-01
   8.0348950e-02   1.3593827e-01
   1.1594718e-01   1.1518685e-01
   8.3933304e-02   1.3543700e-01
   1.2882136e-01   1.2049335e-01
   1.5223943e-01   1.2577712e-01
   1.7531483e-01   1.2169155e-01
   1.8527345e-01   1.2341475e-01
   1.9167189e-01   1.1647162e-01
   2.0439722e-01   1.2449359e-01
   2.3522541e-01   1.1202927e-01
   2.3607796e-01   1.0744057e-01
   2.3183598e-01   1.1405992e-01
   2.5063111e-01   1.0821830e-01
   2.5145606e-01   1.0682860e-01
   3.0166983e-01   9.6232997e-02
   2.9114797e-01   1.0490757e-01
   2.9257420e-01   9.5287224e-02
   3.2023415e-01   7.5059699e-02
   3.5101282e-01   6.2326936e-02
   3.9274565e-01   6.4308197e-02
   4.9602715e-01  -3.0067652e-02
   4.8973719e-01  -4.5637463e-02
   4.8209260e-01  -4.7969912e-02
   4.6638381e-01  -4.9160642e-02
   4.3892247e-01  -6.4785204e-02
   4.4432627e-01  -4.9807718e-02
   4.4968134e-01  -5.3144207e-02
   4.4345928e-01  -6.6860852e-02
   4.3470378e-01  -6.3651799e-02
   4.2307958e-01  -6.9915462e-02
   4.2537629e-01  -7.5455983e-02
   4.1493114e-01  -7.7117357e-02
   4.0929911e-01  -7.8442930e-02
   4.2470867e-01  -8.6912666e-02
   4.1773678e-01  -9.3054061e-02
   3.9787783e-01  -8.8663490e-02
   3.8470242e-01  -8.9247046e-02
   3.6550140e-01  -8.5738029e-02
   3.5742724e-01  -8.5004776e-02
   3.5185000e-01  -9.5766932e-02
   3.4567732e-01  -9.5205603e-02
   3.3602152e-01  -9.2152191e-02
   3.2891228e-01  -9.1119136e-02
   3.2399239e-01  -9.2257843e-02
   3.1167811e-01  -9.1227254e-02
   2.9070131e-01  -8.6098662e-02
   2.7222766e-01  -8.7367031e-02
   2.6217897e-01  -8.6984851e-02
   2.4586900e-01  -8.5778040e-02
   2.2570083e-01  -9.0195759e-02
   2.1024057e-01  -8.6429358e-02
   2.0394058e-01  -8.7404155e-02
   1.9588822e-01  -8.4516736e-02
   1.9014398e-01  -9.1262975e-02
   1.8169765e-01  -9.0548022e-02
   1.6740664e-01  -9.8402146e-02
   1.5424762e-01  -9.4101906e-02
   1.6792883e-01  -1.0254737e-01
   1.5540778e-01  -1.0167131e-01
   1.4420797e-01  -1.0999489e-01
   1.3989416e-01  -1.1392814e-01
   1.3990738e-01  -1.1932668e-01
   1.1273928e-01  -1.1477578e-01
   9.8901921e-02  -1.2052966e-01
   9.7596919e-02  -1.1995622e-01
   9.8328271e-02  -1.2520309e-01
   8.8495444e-02  -1.2528402e-01
   8.5721210e-02  -1.2629014e-01
  -1.7171324e-01  -6.9002873e-02
  -1.7179899e-01  -6.4572848e-02
  -1.5681755e-01  -6.7601630e-02
  -1.6204951e-01  -5.9720836e-02
  -1.6043549e-01  -5.8250813e-02
  -1.5890934e-01  -3.8433202e-02
  -1.5823049e-01  -2.5271527e-02
  -1.5988018e-01  -1.8769892e-02
  -1.5982151e-01  -2.2261964e-02
  -1.7923335e-01  -1.9718387e-02
  -1.9850276e-01  -1.3246910e-02
  -2.0399549e-01  -1.7811002e-02
  -2.3525363e-01  -8.5536537e-03
  -2.2659560e-01  -1.5262861e-02
  -2.6292912e-01  -1.0746659e-02
  -2.8150075e-01  -1.1534224e-02
  -2.9915656e-01  -1.2381912e-02
  -3.1215615e-01  -1.1623821e-02
  -2.9731575e-01  -1.2231423e-02
  -3.0081541e-01  -2.3282496e-02
  -3.5995932e-01  -1.4043857e-02
  -4.0588108e-01  -9.8625144e-03
  -4.2575503e-01  -3.9317781e-03
  -4.4486982e-01  -8.1417362e-03
  -4.5993398e-01  -1.1950836e-02
  -4.7108350e-01  -6.9151215e-03
  -4.8205479e-01  -7.7886750e-03
  -5.1784013e-01   3.7959221e-03
  -5.4801049e-01   1.0375808e-02
  -5.6039340e-01   1.2843705e-02
  -5.6086182e-01   1.8995465e-02
  -5.5249604e-01   1.6081126e-02
  -5.4906460e-01   1.7640913e-02
  -5.2674452e-01   1.9093048e-02
  -5.0007531e-01   3.1393434e-02
  -4.7806792e-01   3.2297070e-02
  -4.7838841e-01   3.1810873e-02
  -4.5429564e-01   2.4315483e-02
  -4.2966370e-01   2.3275085e-02
  -4.1327916e-01   2.0011789e-02
  -3.9299765e-01   1.8006599e-02
  -3.6992508e-01   8.2815260e-03
  -3.5312972e-01   9.6837328e-03
  -3.3624566e-01   1.1031876e-02
  -3.2449272e-01   1.1046779e-02
  -3.1500394e-01   9.2776247e-03
  -3.1249558e-01   8.8765083e-03
  -2.7284986e-01   6.3104505e-03
   4.3913248e-01   3.3597766e-02
   4.3445009e-01   3.8943452e-02
   4.4818193e-01   4.0930299e-02
   4.3194749e-01   6.2263267e-02
   4.3399323e-01   6.1171581e-02
   4.3430451e-01   6.1464131e-02
   4.3713230e-01   6.0101524e-02
   4.4515181e-01   6.2546738e-02
   4.3826500e-01   6.4080717e-02
   4.0208657e-01   7.9733489e-02
   4.1368043e-01   8.3201752e-02
   3.9818469e-01   9.5463935e-02
   4.2743547e-01   7.7716903e-02
   3.6252300e-01   1.1923781e-01
   3.6936400e-01   1.0609461e-01
   3.1617290e-01   1.2857709e-01
   3.1155760e-01   1.2514065e-01
   2.9976720e-01   1.2753918e-01
   2.7860146e-01   1.4016519e-01
   2.9419192e-01   1.4785115e-01
   2.0464982e-01   1.4733375e-01
   1.8480459e-01   1.7827010e-01
   2.6856266e-01   1.2283705e-01
   1.9090267e-01   1.3054979e-01
   1.7089733e-01   1.5724015e-01
   1.6375157e-01   1.5457382e-01
   1.5634111e-01   1.6582126e-01
   1.4765806e-01   1.8009044e-01
   1.2448481e-01   1.8504857e-01
   9.2704702e-02   1.9654390e-01
   7.8778521e-02   2.0169240e-01
   7.0434824e-02   1.9000911e-01
   2.0735643e-02   1.9934938e-01
   2.6478664e-02   1.9730182e-01
   1.8091148e-02   1.9611681e-01
  -1.0662151e-02   1.9476622e-01
  -6.5588234e-02   1.8767055e-01
  -7.8033878e-02   1.9165302e-01
  -8.2632576e-02   1.9562603e-01
  -7.8512936e-02   1.8794353e-01
  -9.2324192e-02   2.0665917e-01
  -1.0482286e-01   2.0822226e-01
  -1.0500537e-01   2.0131186e-01
  -1.3142650e-01   1.9210770e-01
  -1.7372510e-01   1.9851127e-01
  -1.8830958e-01   2.0592884e-01
  -1.7860509e-01   1.9845424e-01
  -1.9944721e-01   2.1055217e-01
  -1.8493615e-01   1.9997026e-01
  -4.0763072e-01   0.0000000e+00
  -3.8465743e-01  -3.7146871e-03
  -3.5830227e-01  -2.1689746e-02
  -3.6810343e-01  -4.4432145e-02
  -3.2714963e-01  -5.1762968e-02
  -3.1810914e-01  -6.3330064e-02
  -3.0114970e-01  -8.1299378e-02
  -3.2482342e-01  -8.4614721e-02
  -3.0485407e-01  -1.1318471e-01
  -2.5568301e-01  -1.2769922e-01
  -2.3751857e-01  -1.2623696e-01
  -2.2365679e-01  -1.1098292e-01
  -2.1995784e-01  -1.2106533e-01
  -2.0154682e-01  -1.4028182e-01
  -1.5809061e-01  -1.6234778e-01
  -1.5990939e-01  -1.6834954e-01
  -1.3720922e-01  -1.8078975e-01
  -1.3192592e-01  -1.6847025e-01
  -7.4079437e-02  -1.5963424e-01
  -6.8904562e-02  -1.4838845e-01
  -2.4353977e-02  -1.6199476e-01
   2.4282037e-02  -1.6888484e-01
   1.1888059e-02  -1.6646603e-01
   2.3891871e-03  -1.6687464e-01
   2.4791181e-02  -1.7030867e-01
   6.8126668e-02  -1.8060410e-01
   1.0212750e-01  -1.6261391e-01
   1.4341565e-01  -1.5796047e-01
   1.4173546e-01  -1.5590842e-01
   1.7261597e-01  -1.5253474e-01
   2.5475102e-01  -1.2462349e-01
   2.7125212e-01  -1.2457448e-01
   3.2111456e-01  -1.3737285e-01
   3.4841131e-01  -1.0901259e-01
   3.8612114e-01  -1.2725485e-01
   4.1471931e-01  -1.0460621e-01
   4.0949543e-01  -9.8677016e-02
   4.2367015e-01  -8.0333751e-02
   4.5166139e-01  -9.1926531e-02
   4.2163339e-01  -6.3807914e-02
   4.4371477e-01  -7.6114498e-02
   4.3480027e-01  -5.5199565e-02
   4.8499780e-01  -5.5789786e-02
   4.8631999e-01  -5.0255862e-02
