   2.6691372e-02  -1.5493456e-01
  -2.3688127e-02  -7.9856634e-02
  -3.0123989e-02  -7.5672717e-02
  -2.3772757e-02  -7.3086711e-02
  -2.5089023e-02  -6.8587773e-02
  -2.5224366e-02  -6.1461164e-02
  -5.0080073e-03  -6.1944210e-02
  -6.2889798e-03  -5.2942894e-02
  -8.8401661e-03  -4.4818984e-02
  -2.2775659e-02  -3.5209803e-02
  -2.3954231e-02  -3.2332679e-02
  -1.2531847e-02  -3.1687068e-02
  -2.4940272e-03  -2.3397323e-02
  -6.2024101e-03  -1.5205838e-02
  -1.2386264e-02  -5.3557988e-03
  -2.3370355e-02   4.4314775e-03
  -2.7190605e-02   9.7974244e-03
  -3.2354160e-02   1.3453041e-02
  -2.8480030e-02   1.2047948e-02
  -2.3507764e-02   8.4704090e-03
  -5.3224089e-02   1.7391054e-02
  -9.8503263e-03   2.2182744e-03
  -7.4449354e-03   2.2831576e-02
  -1.3676522e-02   3.6406844e-02
  -2.2344417e-02   4.8586494e-02
  -3.6027395e-02   4.9523206e-02
  -3.2299018e-02   5.3633877e-02
  -2.3585666e-02   5.6347210e-02
  -2.8436967e-02   6.6191581e-02
  -2.1168822e-02   6.2979362e-02
  -1.7276417e-02   8.7450380e-02
  -3.0814586e-02   9.0148999e-02
  -3.8006876e-02   9.9543595e-02
  -3.4123047e-02   9.9398999e-02
  -3.9885367e-02   1.1174936e-01
  -5.5343643e-02   1.2700500e-01
  -5.9111056e-02   1.2589001e-01
  -5.5790268e-02   1.2370200e-01
  -2.0704021e-02   1.0886196e-01
  -4.2234798e-02   1.4034012e-01
  -2.9013543e-02   1.3916297e-01
  -4.4200374e-02   1.5384059e-01
  -5.3130660e-02   1.5885969e-01
  -6.2290626e-02   1.6511141e-01
  -5.6369321e-02   1.6346942e-01
  -6.0890395e-02   1.7008295e-01
  -5.8575556e-02   1.6812576e-01
  -6.4486518e-02   1.7238259e-01
  -5.8524076e-02   1.7731529e-01
  -5.1410409e-02   1.7963536e-01
  -5.7986921e-02   1.9020664e-01
  -7.0092475e-02   5.5817848e-02
  -7.0365411e-02   5.2802499e-02
  -7.5526732e-02   4.5508350e-02
  -7.9296932e-02   3.5871459e-02
  -7.0388950e-02   2.4908481e-02
  -6.6284436e-02   1.3956590e-02
  -6.5112560e-02   1.0816611e-02
  -4.8600838e-02   3.5895524e-03
  -5.0736244e-02   1.3365480e-03
  -4.3136574e-02  -4.4384109e-03
  -4.3002266e-02  -8.4078382e-03
  -3.6946620e-02  -1.7756514e-02
  -2.9450056e-02  -2.3903633e-02
  -2.5769117e-02  -3.1019112e-02
  -1.5945417e-02  -3.3682436e-02
  -1.3459906e-02  -4.1176638e-02
  -8.5731790e-03  -4.6140452e-02
  -1.2194220e-03  -4.7725895e-02
   1.2149811e-03  -5.7832313e-02
  -9.7311946e-03  -6.6925166e-02
  -7.3349154e-03  -7.2751942e-02
  -4.9034849e-03  -7.6182665e-02
   2.4465449e-03  -7.6477232e-02
   6.0912485e-03  -7.9367741e-02
   0.0000000e+00  -7.6311067e-02
   2.4223837e-03  -7.8894266e-02
   1.2061191e-02  -7.9460376e-02
   1.3313893e-02  -8.0662490e-02
   1.2165274e-02  -8.2931709e-02
   1.1038242e-02  -8.2703653e-02
   1.9601863e-02  -8.5392889e-02
   2.0847289e-02  -8.5477767e-02
   1.3555724e-02  -9.0625679e-02
   1.4750468e-02  -9.8427906e-02
   4.9424100e-03  -1.0040941e-01
   7.4101408e-03  -1.0952932e-01
   4.9305596e-03  -1.1124906e-01
   9.7936770e-03  -1.1820628e-01
   1.2139781e-03  -1.1860625e-01
  -3.5982068e-03  -1.2380992e-01
   0.0000000e+00  -1.2217435e-01
   8.3192637e-03  -1.2402794e-01
   5.9205416e-03  -1.2688776e-01
   2.3599815e-03  -1.3265677e-01
  -1.1764381e-03  -1.3270371e-01
   1.1792079e-03  -1.3692301e-01
   9.4795790e-03  -1.3715923e-01
   1.0647998e-02  -1.3643734e-01
   1.1831923e-02  -1.3791182e-01
   5.9113134e-03  -1.3438832e-01
  -3.3511192e-02  -4.0236445e-03
  -3.3580043e-02  -4.4797139e-04
  -2.2296610e-02   2.2313315e-03
  -2.9757221e-02   4.9132324e-03
  -2.6048283e-02   1.6096918e-02
  -3.3510414e-02   2.0585968e-02
  -3.2353618e-02   2.4239893e-02
  -3.0993123e-02   2.9537943e-02
  -3.4762285e-02   3.3182349e-02
  -3.4788996e-02   3.9989060e-02
  -2.8496077e-02   3.8977461e-02
  -2.7131609e-02   4.6454532e-02
  -3.3393891e-02   4.7036996e-02
  -3.5907581e-02   5.0719963e-02
  -3.7197652e-02   6.3606468e-02
  -3.5918414e-02   6.9995051e-02
  -3.8485551e-02   7.2016060e-02
  -4.7260155e-02   6.9804938e-02
  -4.3804220e-02   6.9329703e-02
  -3.6229945e-02   7.1551414e-02
  -3.1082941e-02   7.6338750e-02
  -3.6132463e-02   7.8843277e-02
  -3.2242824e-02   8.7875746e-02
  -2.9609621e-02   9.9263811e-02
  -3.8164571e-02   1.0765842e-01
  -3.8879375e-02   1.1333615e-01
  -5.9235784e-02   1.1504594e-01
  -6.0532932e-02   1.1043500e-01
  -5.8163507e-02   1.1630243e-01
  -4.3436116e-02   1.1679149e-01
  -3.8522453e-02   1.2085103e-01
  -3.8304915e-02   1.2541325e-01
  -4.5103800e-02   1.3438516e-01
  -6.0079927e-02   1.4294474e-01
  -6.8267425e-02   1.4570651e-01
  -7.5329572e-02   1.4565307e-01
  -7.4806656e-02   1.4608489e-01
  -6.7885716e-02   1.4313537e-01
  -6.4607232e-02   1.4238451e-01
  -5.4124317e-02   1.3580453e-01
  -4.9220615e-02   1.4351057e-01
  -5.8081219e-02   1.5902193e-01
  -6.2337615e-02   1.6269110e-01
  -6.4799743e-02   1.6452396e-01
  -6.1299699e-02   1.6517083e-01
  -5.1609593e-02   1.6789349e-01
  -5.2567889e-02   1.7330148e-01
  -5.7252501e-02   1.7959198e-01
  -3.8919059e-02   6.7336325e-02
  -5.1261423e-02   6.2564822e-02
  -5.1369026e-02   6.2245124e-02
  -5.2772395e-02   5.7466724e-02
  -5.5418029e-02   4.8155587e-02
  -6.1478983e-02   4.1777810e-02
  -6.5565242e-02   3.0338603e-02
  -7.0593612e-02   2.9469272e-02
  -6.5881681e-02   2.4637241e-02
  -5.8883070e-02   2.6651526e-02
  -4.6578472e-02   2.0419125e-02
  -3.8959117e-02   1.6758454e-02
  -4.9086614e-02   9.5184749e-03
  -5.6475130e-02   4.9693997e-03
  -5.0253049e-02   3.1662505e-03
  -5.4078383e-02   4.5272300e-04
  -5.5448720e-02  -1.3608739e-03
  -4.7984456e-02  -3.1826700e-03
  -3.2956292e-02  -1.1417904e-02
  -1.5201479e-02  -1.9187456e-02
  -1.0062159e-02  -2.7698057e-02
  -1.5025141e-02  -3.0749746e-02
  -1.9922574e-02  -3.3741793e-02
  -1.5081800e-02  -3.2691427e-02
  -8.7185460e-03  -3.7833059e-02
  -1.2370124e-02  -3.6671515e-02
  -8.6200166e-03  -4.4142201e-02
  -1.2247399e-02  -4.6139282e-02
  -4.8849706e-03  -5.3630052e-02
  -1.5879882e-02  -5.2739603e-02
  -2.4478673e-03  -5.2849196e-02
   0.0000000e+00  -4.8803589e-02
   7.3211301e-03  -5.3133381e-02
   6.0913285e-03  -5.5292558e-02
   7.2846110e-03  -5.6891957e-02
   1.4521263e-02  -5.8039398e-02
   9.6865259e-03  -5.9419505e-02
   9.7044196e-03  -6.3127972e-02
   1.4651710e-02  -6.7635130e-02
   1.4621885e-02  -7.0679237e-02
   1.2192984e-02  -7.1641418e-02
   2.4358015e-03  -7.7507352e-02
  -2.4368883e-03  -8.3995815e-02
   0.0000000e+00  -8.8461150e-02
  -9.8433525e-03  -8.9539724e-02
  -1.1093251e-02  -9.0174421e-02
  -1.2384047e-02  -8.8722356e-02
  -1.3590267e-02  -8.7089326e-02
  -2.3432919e-02  -8.8802117e-02
  -2.4574000e-02  -9.2689190e-02
  -2.8434811e-02  -1.2072609e-01
  -2.6155487e-02  -1.2165731e-01
  -2.7639524e-02  -1.1681481e-01
  -2.6655041e-02  -1.2026466e-01
  -2.3028764e-02  -1.1596732e-01
  -2.8051506e-02  -1.1382703e-01
  -2.6877327e-02  -1.1065515e-01
  -3.1655447e-02  -1.0546493e-01
  -3.7766016e-02  -1.0219161e-01
  -3.7921092e-02  -9.7887737e-02
  -3.9530418e-02  -9.6509148e-02
  -3.8415895e-02  -9.6352648e-02
  -3.7302233e-02  -9.5737016e-02
  -3.4831910e-02  -9.2441077e-02
  -4.5947091e-02  -8.7022531e-02
  -4.2035992e-02  -8.2878038e-02
  -4.4538457e-02  -7.5924814e-02
  -4.1989475e-02  -6.6553201e-02
  -4.6850772e-02  -6.2308132e-02
  -4.5700256e-02  -5.9680920e-02
  -4.0794672e-02  -6.0198889e-02
  -3.8337539e-02  -5.8854991e-02
  -3.9738105e-02  -5.4976179e-02
  -2.7324990e-02  -5.0432843e-02
  -2.6273629e-02  -4.0733331e-02
  -2.3708165e-02  -3.8806183e-02
  -2.3586917e-02  -3.3637984e-02
  -2.2243684e-02  -3.0792374e-02
  -4.3104455e-02  -2.6657037e-02
  -4.9284195e-02  -2.3098449e-02
  -4.9547848e-02  -2.0089227e-02
  -4.7331536e-02  -1.4358772e-02
  -3.2497986e-02  -4.9527388e-03
  -3.5994084e-02   3.1293244e-03
  -3.9426807e-02   1.1984908e-02
  -5.1628300e-02   1.6385072e-02
  -5.4140642e-02   1.6399980e-02
  -6.4603429e-02   2.0586093e-02
  -5.6348769e-02   2.2565296e-02
  -6.0688986e-02   2.6895632e-02
  -4.1103285e-02   2.4708499e-02
  -5.1060966e-02   4.3245379e-02
  -4.1953244e-02   3.9255014e-02
  -6.0430637e-02   5.0476518e-02
  -5.9017484e-02   5.8014997e-02
  -6.7759800e-02   6.7701061e-02
  -6.6608222e-02   7.0087717e-02
  -7.4121461e-02   7.4330052e-02
  -7.0749458e-02   6.9598249e-02
  -7.7248715e-02   7.8719403e-02
  -6.1190773e-02   1.5922294e-01
  -6.6841876e-02   1.5553925e-01
  -6.8985050e-02   1.5252202e-01
  -7.0114330e-02   1.5043430e-01
  -6.7673807e-02   1.5267101e-01
  -6.8019447e-02   1.5254278e-01
  -6.9528052e-02   1.4539773e-01
  -7.2735206e-02   1.4760390e-01
  -6.3793651e-02   1.3699720e-01
  -6.0555418e-02   1.3047604e-01
  -5.4939275e-02   1.2745414e-01
  -4.6749425e-02   1.2122966e-01
  -5.3922242e-02   1.1827794e-01
  -5.5175184e-02   1.1648728e-01
  -6.2550745e-02   1.1489822e-01
  -5.6779247e-02   1.1258284e-01
  -4.7461495e-02   1.0632027e-01
  -4.7936575e-02   9.4086712e-02
  -4.9197331e-02   9.0372517e-02
  -4.7930095e-02   8.9833166e-02
  -5.4030535e-02   8.4592268e-02
  -6.9258556e-02   7.6755883e-02
  -6.7000395e-02   6.7733449e-02
  -6.0944805e-02   6.0072922e-02
  -5.5253230e-02   5.5113080e-02
  -5.0369865e-02   4.8338825e-02
  -5.0427857e-02   4.3322532e-02
  -5.2797756e-02   3.7238475e-02
  -4.8838437e-02   2.9824145e-02
  -4.1151449e-02   2.3384357e-02
  -4.7705975e-02   1.7189602e-02
  -5.1764261e-02   8.6376074e-03
  -3.6691364e-02   6.8361223e-03
  -2.7752447e-02  -2.2721536e-03
  -1.8804626e-02  -7.2275884e-03
  -1.8741928e-02  -1.3060236e-02
  -1.9865518e-02  -1.6562241e-02
  -3.7118491e-03  -2.1424176e-02
  -3.6965041e-03  -2.2672226e-02
  -6.1505296e-03  -2.7978694e-02
  -4.9373715e-03  -3.7492176e-02
   7.3928206e-03  -4.1467186e-02
   1.6022914e-02  -4.4630108e-02
   1.3604919e-02  -4.7051494e-02
   1.4822224e-02  -4.8346578e-02
   2.0975020e-02  -4.8741630e-02
   2.4529814e-02  -5.2499501e-02
   2.6827389e-02  -5.8935056e-02
   3.0649861e-02  -6.4252622e-02
   3.4200145e-02  -6.9462211e-02
  -3.4885954e-03  -1.6743385e-01
  -1.1712556e-03  -1.6726942e-01
  -2.3524343e-03  -1.6704442e-01
  -5.8672250e-03  -1.7021143e-01
  -5.8797659e-03  -1.6596839e-01
   0.0000000e+00  -1.7136364e-01
  -1.1792294e-03  -1.6909082e-01
  -3.5525340e-03  -1.6058029e-01
  -1.1827261e-03  -1.6087059e-01
  -9.4993106e-03  -1.4938149e-01
  -9.5078620e-03  -1.5104176e-01
  -4.7670408e-03  -1.4697541e-01
  -5.9786060e-03  -1.4350272e-01
  -1.6703786e-02  -1.4215099e-01
  -1.3157868e-02  -1.3660246e-01
  -1.4427890e-02  -1.3489331e-01
  -1.8068528e-02  -1.3516259e-01
  -2.0556460e-02  -1.3225279e-01
  -1.8199439e-02  -1.3175186e-01
  -1.4607509e-02  -1.2628656e-01
  -1.8303933e-02  -1.2562679e-01
  -1.8430783e-02  -1.2260141e-01
  -1.3530111e-02  -1.2077137e-01
  -1.6051269e-02  -1.1388036e-01
  -2.2284608e-02  -1.1077114e-01
  -2.1045686e-02  -1.0687534e-01
  -2.2398067e-02  -1.0696585e-01
  -2.4964808e-02  -1.0487354e-01
  -2.1323679e-02  -1.0346133e-01
  -1.6277864e-02  -1.0278976e-01
  -1.2446328e-03  -9.5881392e-02
   6.1858844e-03  -9.1000856e-02
   4.9214809e-03  -8.4847172e-02
  -6.1498829e-03  -8.0621437e-02
  -1.3559937e-02  -7.4762573e-02
  -1.1229564e-02  -5.6189086e-02
  -7.4813190e-03  -5.1101692e-02
   0.0000000e+00  -4.7340426e-02
   0.0000000e+00  -4.3829146e-02
  -1.3468165e-02  -4.2990448e-02
  -2.0814478e-02  -3.8074155e-02
  -3.4488228e-02  -3.2472273e-02
  -3.7085155e-02  -2.8552774e-02
  -4.1098603e-02  -2.5606990e-02
  -3.1227790e-02  -2.6141565e-02
  -2.6180013e-02  -2.5641339e-02
  -2.4990670e-02  -2.3439970e-02
  -2.0027954e-02  -1.5794067e-02
  -1.9977163e-02  -7.1982492e-03
  -2.1185574e-02   1.3469259e-03
  -8.8896320e-02   1.3587698e-01
  -9.9583972e-02   1.5007259e-01
  -1.0078473e-01   1.4854410e-01
  -1.0068286e-01   1.5446656e-01
  -9.2526492e-02   1.5091051e-01
  -8.8537582e-02   1.5275828e-01
  -8.4474089e-02   1.5640740e-01
  -8.4823081e-02   1.6024271e-01
  -9.1458389e-02   1.6388784e-01
  -8.7407401e-02   1.6533975e-01
  -8.4719422e-02   1.6966380e-01
  -7.6496104e-02   1.6745695e-01
  -6.1489566e-02   1.6624971e-01
  -6.2436157e-02   1.6408325e-01
  -5.7664339e-02   1.6214081e-01
  -5.4181899e-02   1.5859909e-01
  -5.1913753e-02   1.5478246e-01
  -5.1994915e-02   1.4965005e-01
  -6.1634147e-02   1.4139713e-01
  -6.2049344e-02   1.3710724e-01
  -5.8639463e-02   1.3113644e-01
  -4.8452327e-02   1.2508006e-01
  -5.0963646e-02   1.2689917e-01
  -4.3852440e-02   1.2692946e-01
  -4.2605424e-02   1.2769444e-01
  -4.9936258e-02   1.2830327e-01
  -5.8260020e-02   1.1964793e-01
  -6.2141543e-02   1.1220928e-01
  -5.6322922e-02   1.0691339e-01
  -5.2815461e-02   1.0758591e-01
  -5.1846484e-02   1.0668275e-01
  -5.3102628e-02   1.0678509e-01
  -5.1042025e-02   1.0094369e-01
  -5.8476640e-02   9.1313321e-02
  -7.1408619e-02   8.0565170e-02
  -6.2039907e-02   7.8907569e-02
  -5.5875073e-02   7.1523720e-02
  -4.8487594e-02   6.4684615e-02
  -4.9813930e-02   5.9254117e-02
  -5.1246299e-02   5.3480325e-02
  -4.3807189e-02   4.8053014e-02
  -4.2573750e-02   4.6241349e-02
  -4.0186100e-02   3.7214860e-02
  -3.8888086e-02   3.1705184e-02
  -3.6370248e-02   1.7177501e-02
  -4.6325138e-02   1.2628029e-02
  -3.6391270e-02   8.1367110e-03
  -3.7496236e-02   6.3027631e-03
  -3.1122079e-02   4.9329096e-03
  -2.9788403e-02   2.6826368e-03
   7.2612276e-03  -1.0341361e-01
   3.6271516e-03  -1.0331109e-01
   0.0000000e+00  -1.0911705e-01
   2.4236230e-03  -1.1068734e-01
   2.4340044e-03  -1.0831621e-01
   2.4299609e-03  -1.1339571e-01
   0.0000000e+00  -1.1113660e-01
  -9.7543158e-03  -1.1624102e-01
  -1.3325071e-02  -1.1880985e-01
  -1.5781715e-02  -1.1859594e-01
  -6.0387422e-03  -1.2230573e-01
  -4.8143644e-03  -1.2476112e-01
  -7.1602391e-03  -1.2893125e-01
  -5.9042674e-03  -1.3469862e-01
  -1.7702965e-02  -1.3557419e-01
  -1.7605045e-02  -1.3960095e-01
  -2.4656384e-02  -1.4208457e-01
  -1.7735753e-02  -1.4816668e-01
  -1.8992890e-02  -1.4831385e-01
  -1.4217229e-02  -1.5555754e-01
  -1.1868582e-02  -1.5739753e-01
  -7.0950327e-03  -1.5827958e-01
  -8.3343741e-03  -1.5286563e-01
  -8.3755540e-03  -1.4711870e-01
  -8.3934373e-03  -1.4545083e-01
  -9.5774391e-03  -1.4319280e-01
  -1.4280764e-02  -1.3829460e-01
  -2.3782598e-02  -1.3472625e-01
  -2.4941778e-02  -1.3503525e-01
  -2.4898098e-02  -1.3137738e-01
  -2.7399656e-02  -1.2335570e-01
  -3.3321520e-02  -1.2512103e-01
  -3.7132733e-02  -1.2599192e-01
  -3.3485562e-02  -1.2530241e-01
  -1.7998462e-02  -1.2481920e-01
  -1.8106809e-02  -1.2319568e-01
  -1.4525357e-02  -1.2016367e-01
  -1.9462503e-02  -1.1496951e-01
  -2.0669617e-02  -1.1010534e-01
  -2.4415019e-02  -1.0625346e-01
  -2.0808712e-02  -1.0083353e-01
  -1.5880285e-02  -9.2138521e-02
  -2.5738237e-02  -8.9160024e-02
  -2.8231263e-02  -8.3218147e-02
  -1.9592341e-02  -8.1632528e-02
  -2.0908150e-02  -7.2734001e-02
  -1.9662227e-02  -7.4980137e-02
  -2.4656778e-02  -6.8758698e-02
  -2.7104783e-02  -6.1379701e-02
  -3.0905054e-02  -6.0213128e-02
  -6.1449479e-02   7.9988844e-02
  -6.9129417e-02   8.4065122e-02
  -6.3116102e-02   8.2900280e-02
  -4.7946431e-02   8.4245302e-02
  -3.8112739e-02   8.6610348e-02
  -5.3857656e-02   9.6486128e-02
  -7.4219802e-02   1.0856019e-01
  -8.5431867e-02   1.1606732e-01
  -6.3415849e-02   1.1756155e-01
  -6.7435276e-02   1.1334988e-01
  -6.0021196e-02   1.0940850e-01
  -4.4021528e-02   1.0687322e-01
  -4.2841402e-02   1.1277034e-01
  -5.0857781e-02   1.2644380e-01
  -6.1455361e-02   1.3604040e-01
  -6.8133663e-02   1.4221586e-01
  -7.4989053e-02   1.4998730e-01
  -7.4761748e-02   1.4848203e-01
  -7.0290456e-02   1.4416404e-01
  -6.6637038e-02   1.4899671e-01
  -6.3028472e-02   1.4992496e-01
  -6.9140927e-02   1.5230492e-01
  -6.5404237e-02   1.5292733e-01
  -6.6266068e-02   1.5561166e-01
  -7.9830304e-02   1.6372536e-01
  -8.6193587e-02   1.6881859e-01
  -8.6712781e-02   1.7197296e-01
  -9.0387253e-02   1.7289643e-01
  -9.1852828e-02   1.7509904e-01
  -9.9489186e-02   1.7426692e-01
  -9.5426097e-02   1.7248907e-01
  -9.5278126e-02   1.7584525e-01
  -9.3936044e-02   1.7813211e-01
  -9.6589431e-02   1.7401295e-01
  -1.0620135e-01   1.7424232e-01
  -1.0755122e-01   1.6672359e-01
  -1.1019199e-01   1.6047800e-01
  -1.0714827e-01   1.5525443e-01
  -1.1260954e-01   1.4916278e-01
  -1.1014635e-01   1.4858737e-01
  -1.0390548e-01   1.4775343e-01
  -1.0233545e-01   1.4867107e-01
  -8.8346704e-02   1.4236024e-01
  -8.4658975e-02   1.4120554e-01
  -8.1264300e-02   1.3615058e-01
  -7.8403276e-02   1.3285121e-01
  -8.5684266e-02   1.2821174e-01
  -8.0033610e-02   1.2012039e-01
