   8.5721210e-02  -1.2629014e-01
  -1.7171324e-01  -6.9002873e-02
  -1.7179899e-01  -6.4572848e-02
  -1.5681755e-01  -6.7601630e-02
  -1.6204951e-01  -5.9720836e-02
  -1.6043549e-01  -5.8250813e-02
  -1.5890934e-01  -3.8433202e-02
  -1.5823049e-01  -2.5271527e-02
  -1.5988018e-01  -1.8769892e-02
  -1.5982151e-01  -2.2261964e-02
  -1.7923335e-01  -1.9718387e-02
  -1.9850276e-01  -1.3246910e-02
  -2.0399549e-01  -1.7811002e-02
  -2.3525363e-01  -8.5536537e-03
  -2.2659560e-01  -1.5262861e-02
  -2.6292912e-01  -1.0746659e-02
  -2.8150075e-01  -1.1534224e-02
  -2.9915656e-01  -1.2381912e-02
  -3.1215615e-01  -1.1623821e-02
  -2.9731575e-01  -1.2231423e-02
  -3.0081541e-01  -2.3282496e-02
  -3.5995932e-01  -1.4043857e-02
  -4.0588108e-01  -9.8625144e-03
  -4.2575503e-01  -3.9317781e-03
  -4.4486982e-01  -8.1417362e-03
  -4.5993398e-01  -1.1950836e-02
  -4.7108350e-01  -6.9151215e-03
  -4.8205479e-01  -7.7886750e-03
  -5.1784013e-01   3.7959221e-03
  -5.4801049e-01   1.0375808e-02
  -5.6039340e-01   1.2843705e-02
  -5.6086182e-01   1.8995465e-02
  -5.5249604e-01   1.6081126e-02
  -5.4906460e-01   1.7640913e-02
  -5.2674452e-01   1.9093048e-02
  -5.0007531e-01   3.1393434e-02
  -4.7806792e-01   3.2297070e-02
  -4.7838841e-01   3.1810873e-02
  -4.5429564e-01   2.4315483e-02
  -4.2966370e-01   2.3275085e-02
  -4.1327916e-01   2.0011789e-02
  -3.9299765e-01   1.8006599e-02
  -3.6992508e-01   8.2815260e-03
  -3.5312972e-01   9.6837328e-03
  -3.3624566e-01   1.1031876e-02
  -3.2449272e-01   1.1046779e-02
  -3.1500394e-01   9.2776247e-03
  -3.1249558e-01   8.8765083e-03
  -2.7284986e-01   6.3104505e-03
   4.3913248e-01   3.3597766e-02
   4.3445009e-01   3.8943452e-02
   4.4818193e-01   4.0930299e-02
   4.3194749e-01   6.2263267e-02
   4.3399323e-01   6.1171581e-02
   4.3430451e-01   6.1464131e-02
   4.3713230e-01   6.0101524e-02
   4.4515181e-01   6.2546738e-02
   4.3826500e-01   6.4080717e-02
   4.0208657e-01   7.9733489e-02
   4.1368043e-01   8.3201752e-02
   3.9818469e-01   9.5463935e-02
   4.2743547e-01   7.7716903e-02
   3.6252300e-01   1.1923781e-01
   3.6936400e-01   1.0609461e-01
   3.1617290e-01   1.2857709e-01
   3.1155760e-01   1.2514065e-01
   2.9976720e-01   1.2753918e-01
   2.7860146e-01   1.4016519e-01
   2.9419192e-01   1.4785115e-01
   2.0464982e-01   1.4733375e-01
   1.8480459e-01   1.7827010e-01
   2.6856266e-01   1.2283705e-01
   1.9090267e-01   1.3054979e-01
   1.7089733e-01   1.5724015e-01
   1.6375157e-01   1.5457382e-01
   1.5634111e-01   1.6582126e-01
   1.4765806e-01   1.8009044e-01
   1.2448481e-01   1.8504857e-01
   9.2704702e-02   1.9654390e-01
   7.8778521e-02   2.0169240e-01
   7.0434824e-02   1.9000911e-01
   2.0735643e-02   1.9934938e-01
   2.6478664e-02   1.9730182e-01
   1.8091148e-02   1.9611681e-01
  -1.0662151e-02   1.9476622e-01
  -6.5588234e-02   1.8767055e-01
  -7.8033878e-02   1.9165302e-01
  -8.2632576e-02   1.9562603e-01
  -7.8512936e-02   1.8794353e-01
  -9.2324192e-02   2.0665917e-01
  -1.0482286e-01   2.0822226e-01
  -1.0500537e-01   2.0131186e-01
  -1.3142650e-01   1.9210770e-01
  -1.7372510e-01   1.9851127e-01
  -1.8830958e-01   2.0592884e-01
  -1.7860509e-01   1.9845424e-01
  -1.9944721e-01   2.1055217e-01
  -1.8493615e-01   1.9997026e-01
  -4.0763072e-01   0.0000000e+00
  -3.8465743e-01  -3.7146871e-03
  -3.5830227e-01  -2.1689746e-02
  -3.6810343e-01  -4.4432145e-02
  -3.2714963e-01  -5.1762968e-02
  -3.1810914e-01  -6.3330064e-02
  -3.0114970e-01  -8.1299378e-02
  -3.2482342e-01  -8.4614721e-02
  -3.0485407e-01  -1.1318471e-01
  -2.5568301e-01  -1.2769922e-01
  -2.3751857e-01  -1.2623696e-01
  -2.2365679e-01  -1.1098292e-01
  -2.1995784e-01  -1.2106533e-01
  -2.0154682e-01  -1.4028182e-01
  -1.5809061e-01  -1.6234778e-01
  -1.5990939e-01  -1.6834954e-01
  -1.3720922e-01  -1.8078975e-01
  -1.3192592e-01  -1.6847025e-01
  -7.4079437e-02  -1.5963424e-01
  -6.8904562e-02  -1.4838845e-01
  -2.4353977e-02  -1.6199476e-01
   2.4282037e-02  -1.6888484e-01
   1.1888059e-02  -1.6646603e-01
   2.3891871e-03  -1.6687464e-01
   2.4791181e-02  -1.7030867e-01
   6.8126668e-02  -1.8060410e-01
   1.0212750e-01  -1.6261391e-01
   1.4341565e-01  -1.5796047e-01
   1.4173546e-01  -1.5590842e-01
   1.7261597e-01  -1.5253474e-01
   2.5475102e-01  -1.2462349e-01
   2.7125212e-01  -1.2457448e-01
   3.2111456e-01  -1.3737285e-01
   3.4841131e-01  -1.0901259e-01
   3.8612114e-01  -1.2725485e-01
   4.1471931e-01  -1.0460621e-01
   4.0949543e-01  -9.8677016e-02
   4.2367015e-01  -8.0333751e-02
   4.5166139e-01  -9.1926531e-02
   4.2163339e-01  -6.3807914e-02
   4.4371477e-01  -7.6114498e-02
   4.3480027e-01  -5.5199565e-02
   4.8499780e-01  -5.5789786e-02
   4.8631999e-01  -5.0255862e-02
   2.9929827e-01   1.8415210e-01
   2.2937483e-01   1.7563978e-01
   2.1249986e-01   1.7677499e-01
   1.6839468e-01   1.9729235e-01
   1.5603175e-01   1.7951274e-01
   1.6491117e-01   2.1467252e-01
   2.4009645e-01   1.4832829e-01
   1.3217149e-01   1.9447518e-01
   1.2954014e-01   2.0102585e-01
   1.2477687e-01   2.0360031e-01
   1.4237301e-01   1.9984659e-01
   1.0875499e-01   2.1030810e-01
   6.2174850e-02   2.2522193e-01
   2.7705896e-02   2.5181215e-01
   2.9855077e-02   2.1146602e-01
   3.2167223e-02   2.0679237e-01
   6.0560582e-03   2.0638077e-01
  -3.0197567e-02   2.0446312e-01
  -7.1896898e-02   2.0965184e-01
  -7.5917687e-02   1.7565542e-01
  -1.0976856e-01   2.0169958e-01
  -1.0486252e-01   1.8321864e-01
  -1.1386459e-01   1.7788478e-01
  -1.3450206e-01   1.5919423e-01
  -1.6574976e-01   1.5770900e-01
  -1.8591060e-01   1.4446628e-01
  -2.0154263e-01   1.3366961e-01
  -2.2085519e-01   1.1805617e-01
  -2.7482582e-01   1.0635017e-01
  -2.9753854e-01   1.0231788e-01
  -2.8167043e-01   9.3290174e-02
  -2.6399571e-01   1.0504683e-01
  -3.6276566e-01   6.0288737e-02
  -3.6072654e-01   8.8306540e-02
  -3.2899965e-01   4.6531079e-02
  -4.0187122e-01   7.7233342e-02
  -3.7339927e-01   5.4016631e-02
  -4.0268780e-01   4.9173833e-02
  -4.0614523e-01   3.6804591e-02
  -4.5468279e-01   3.4215584e-02
  -4.5002465e-01   1.5061641e-02
  -4.7893120e-01   2.1904639e-02
  -4.8063556e-01   8.1846880e-03
  -4.7999884e-01  -6.3048252e-03
  -4.8449737e-01  -2.1182726e-02
  -5.0646176e-01  -2.0446238e-02
  -5.2795650e-01  -2.1721578e-02
  -4.8866487e-01  -4.9191562e-02
  -5.2791544e-01  -5.0808458e-02
   1.5608399e-01  -2.0983649e-01
   1.5918207e-01  -2.0440016e-01
   1.8028536e-01  -1.9591502e-01
   2.1603815e-01  -1.7011080e-01
   2.6430357e-01  -1.6647595e-01
   2.8613521e-01  -1.6165232e-01
   2.9431212e-01  -1.5864379e-01
   3.1498009e-01  -1.3907420e-01
   3.4484571e-01  -1.4303206e-01
   3.8257869e-01  -1.3109427e-01
   3.9525336e-01  -1.1796207e-01
   3.9234933e-01  -1.0191950e-01
   4.0405622e-01  -9.3230521e-02
   4.2403814e-01  -8.3387590e-02
   4.5352632e-01  -8.3956255e-02
   4.7681464e-01  -8.2376323e-02
   4.8795072e-01  -6.6664082e-02
   4.9246164e-01  -6.0283784e-02
   5.0970683e-01  -4.7078997e-02
   5.1934504e-01  -3.3114081e-02
   5.3977275e-01  -1.9579084e-02
   5.5598081e-01  -1.8282946e-02
   5.4672136e-01  -8.2684949e-03
   5.7253462e-01  -2.1612691e-03
   5.7637751e-01   8.6344633e-03
   5.6566018e-01   2.2542933e-02
   5.4580391e-01   4.2261998e-02
   5.3873350e-01   4.0369659e-02
   5.2434217e-01   4.5849640e-02
   5.1905617e-01   4.7288126e-02
   5.1667944e-01   5.4092952e-02
   5.2048455e-01   7.2271531e-02
   5.4922351e-01   8.5647586e-02
   5.6559019e-01   9.4941558e-02
   5.5973126e-01   1.0100418e-01
   5.6051372e-01   1.0782891e-01
   5.3691984e-01   1.2331869e-01
   5.3573350e-01   1.2619918e-01
   4.9353021e-01   1.4698318e-01
   4.7917382e-01   1.4700777e-01
   4.5534919e-01   1.6305308e-01
   4.3438061e-01   1.7944078e-01
   4.2031843e-01   1.7541563e-01
   3.9305331e-01   1.7543902e-01
   3.6045586e-01   1.7656475e-01
   3.3833646e-01   1.8613077e-01
   3.1536576e-01   1.9377602e-01
   3.4788464e-01   1.7760464e-01
   3.0064742e-01   1.9070156e-01
  -2.1678418e-01   2.3244771e-01
  -2.9352002e-01   2.1644917e-01
  -3.3814754e-01   1.9085753e-01
  -3.2073065e-01   1.4536057e-01
  -3.3608298e-01   1.8469143e-01
  -3.6800258e-01   1.7179578e-01
  -3.3108493e-01   1.6598148e-01
  -3.4308799e-01   1.5929636e-01
  -3.9953153e-01   1.7677021e-01
  -3.6572984e-01   1.7128752e-01
  -3.9095181e-01   1.2954975e-01
  -4.1009193e-01   1.7818690e-01
  -3.8256557e-01   1.2884852e-01
  -4.7492847e-01   1.4145667e-01
  -4.1265732e-01   1.4766470e-01
  -4.5346739e-01   9.7092772e-02
  -4.7975942e-01   1.3140945e-01
  -4.9192901e-01   1.1137026e-01
  -5.2883350e-01   1.2183060e-01
  -5.7713767e-01   1.1531493e-01
  -5.2497293e-01   1.4591990e-01
  -4.8870150e-01   8.7661005e-02
  -5.5675643e-01   1.2261258e-01
  -4.7879514e-01   8.0109364e-02
  -5.6991029e-01   8.9501449e-02
  -5.7112527e-01   8.3160734e-02
  -5.2825752e-01   8.5673961e-02
  -5.3864200e-01   6.7299881e-02
  -5.5969379e-01   8.2581722e-02
  -5.7544412e-01   6.1925217e-02
  -5.9907518e-01   6.3484110e-02
  -5.5242677e-01   5.9603349e-02
  -4.8841314e-01   6.2672177e-02
  -4.9565072e-01   6.3538241e-02
  -5.6989930e-01   4.9822188e-02
  -6.0848980e-01   2.2169884e-02
  -5.5109178e-01   1.5384368e-02
  -5.2470240e-01   9.4201284e-03
  -5.2984545e-01   2.2293235e-02
  -5.1144837e-01  -1.3406689e-03
  -5.3376041e-01  -2.5962741e-03
  -4.8723489e-01  -2.1384285e-02
  -4.7428719e-01  -2.7322604e-02
  -4.3894060e-01  -4.0393786e-02
  -4.3981487e-01  -3.9295786e-02
  -4.6354587e-01  -4.5358998e-02
  -4.3912838e-01  -4.4862336e-02
  -3.9956707e-01  -6.4961152e-02
  -4.0484177e-01  -6.9934761e-02
   1.3475543e-01  -1.0634644e-01
   1.9580531e-01  -1.1951627e-01
   2.0848826e-01  -1.0422491e-01
   2.1105917e-01  -1.1220889e-01
   2.0362759e-01  -9.9035496e-02
   2.2622174e-01  -1.1779316e-01
   2.3476200e-01  -9.9646243e-02
   2.5165701e-01  -1.0217426e-01
   2.6201984e-01  -8.3375938e-02
   2.7818767e-01  -8.0100043e-02
   2.8397904e-01  -7.8667655e-02
   2.9108436e-01  -8.0297777e-02
   2.9841006e-01  -6.9054771e-02
   2.9812745e-01  -4.3903753e-02
   3.6828573e-01  -6.8159598e-02
   3.4954711e-01  -4.0275986e-02
   3.6253280e-01  -5.8511639e-02
   3.9671786e-01  -6.0713229e-02
   4.4021694e-01  -7.6227463e-02
   4.4873762e-01  -5.6577078e-02
   4.6642091e-01  -5.6603694e-02
   4.3612488e-01  -2.9963300e-02
   4.3197310e-01  -2.6328200e-02
   4.3889733e-01  -2.8318607e-02
   4.4434013e-01  -2.5437106e-02
   4.6964022e-01  -2.3909459e-02
   4.8350032e-01  -2.0459686e-02
   5.0004686e-01  -7.2436701e-03
   5.0195616e-01   1.2828476e-02
   5.1252943e-01   1.2402223e-02
   5.1260854e-01   1.2896625e-02
   5.1848732e-01   1.0235878e-02
   4.8422271e-01   2.7839681e-02
   4.5389447e-01   3.5504970e-02
   4.3121632e-01   5.1078614e-02
   4.3560455e-01   4.1557672e-02
   4.4216893e-01   2.9544640e-02
   4.4769478e-01   4.5869485e-02
   4.3866972e-01   6.1451362e-02
   4.2171256e-01   6.7464906e-02
   3.7613561e-01   8.8265610e-02
   3.6569710e-01   8.4407167e-02
   3.4491574e-01   8.3395979e-02
   3.3908882e-01   8.8229869e-02
   3.4102433e-01   8.7145327e-02
   3.3219666e-01   9.9124211e-02
   3.2830647e-01   1.0295005e-01
   2.9888519e-01   1.1001679e-01
   3.0584928e-01   1.3254594e-01
   2.9403225e-01   1.4416138e-01
   4.9749373e-03   1.6651459e-01
   0.0000000e+00   1.5714363e-01
  -1.9624490e-02   1.6655609e-01
  -1.4490598e-02   1.7053104e-01
  -2.6519423e-02   1.7282849e-01
  -3.2378120e-02   1.5867050e-01
   0.0000000e+00   1.4163244e-01
  -3.8281456e-02   1.5769994e-01
  -4.3445538e-02   1.4942071e-01
  -5.1274321e-02   1.3503440e-01
  -6.6714223e-02   1.3481057e-01
  -1.0243974e-01   1.3792502e-01
  -1.1288659e-01   1.4219129e-01
  -1.1819150e-01   1.3419295e-01
  -1.2494190e-01   1.2546802e-01
  -1.3748249e-01   1.1498791e-01
  -1.9346005e-01   1.1116481e-01
  -2.2650960e-01   1.0323357e-01
  -2.7236620e-01   9.9519704e-02
  -2.6973467e-01   9.9028969e-02
  -2.4172418e-01   8.7098995e-02
  -2.7205811e-01   8.0935273e-02
  -2.8629091e-01   6.8236113e-02
  -2.9446282e-01   6.0101835e-02
  -2.8721699e-01   6.5798982e-02
  -2.8900268e-01   4.4322925e-02
  -3.1520648e-01   3.8616870e-02
  -3.3820297e-01   2.2563879e-02
  -3.6441115e-01   1.2642474e-02
  -4.1547936e-01   3.0468471e-03
  -3.8937679e-01  -8.8049270e-03
  -4.1422933e-01  -3.9677004e-03
  -4.1932882e-01  -5.2507146e-03
  -4.3359342e-01  -3.0711723e-03
  -4.4608116e-01  -7.4502195e-03
  -4.4224292e-01  -4.8255557e-03
  -4.4002983e-01  -1.5685595e-02
  -4.5992376e-01  -2.4627084e-02
  -4.5425579e-01  -1.7705875e-02
  -4.4114768e-01  -1.5151094e-02
  -4.7834998e-01  -1.7236139e-03
  -4.3391892e-01  -2.7108440e-02
  -4.4528103e-01  -3.5343501e-02
  -4.4885753e-01  -4.6628560e-02
  -4.2382836e-01  -5.7654522e-02
  -4.4212873e-01  -4.3867992e-02
  -3.8947761e-01  -6.5661615e-02
  -4.1340792e-01  -5.7589333e-02
  -3.4925611e-01  -7.1892313e-02
   3.2606607e-01  -1.0110626e-01
   3.3652389e-01  -1.1189209e-01
   3.6724974e-01  -8.5083706e-02
   3.7306455e-01  -7.3221045e-02
   3.7226072e-01  -6.3785007e-02
   3.5764567e-01  -4.5683415e-02
   3.7708734e-01  -7.2280651e-02
   3.8878694e-01  -5.6009170e-02
   4.0505825e-01  -6.6306233e-02
   4.1124238e-01  -4.2539677e-02
   4.4928326e-01  -3.1511184e-02
   4.4587679e-01  -1.1368766e-02
   4.3235334e-01   1.6395267e-02
   4.3507703e-01   2.5132676e-03
   4.2692543e-01   1.6856869e-03
   4.2377610e-01  -2.9912277e-03
   4.3495468e-01   1.8115960e-02
   4.9083712e-01   3.3734027e-02
   4.6342530e-01   5.5114950e-02
   4.3971863e-01   7.3237508e-02
   4.4851788e-01   6.0362776e-02
   4.0115236e-01   7.2265446e-02
   3.9484161e-01   6.7442773e-02
   3.8707102e-01   7.5687798e-02
   4.3888055e-01   6.6574287e-02
   4.2689004e-01   8.5084874e-02
   4.2915222e-01   9.5429417e-02
   4.2197913e-01   1.2068324e-01
   4.3361985e-01   1.0824426e-01
   4.0306925e-01   1.1854334e-01
   3.7188534e-01   1.1397923e-01
   3.2375498e-01   1.4936248e-01
   3.7625649e-01   1.4345675e-01
   4.0180691e-01   1.4031137e-01
   4.0129216e-01   1.5459390e-01
   4.0951260e-01   1.5207180e-01
   3.8652377e-01   1.6285903e-01
   3.6668541e-01   1.7356797e-01
   3.8844888e-01   1.5774695e-01
   3.7608688e-01   1.5430229e-01
   3.6920855e-01   1.6907477e-01
   3.7006570e-01   1.8416544e-01
   3.7351668e-01   1.8836680e-01
   3.8175086e-01   1.8539920e-01
   3.8924186e-01   1.6595377e-01
   3.4798338e-01   1.7944249e-01
   3.3730818e-01   1.7030846e-01
   3.2636754e-01   1.7055664e-01
   3.2540857e-01   1.6179426e-01
  -1.6225222e-01   1.9920537e-01
  -1.0459144e-01   1.9980767e-01
  -1.4288893e-01   2.0337768e-01
  -1.2445276e-01   1.9927075e-01
  -1.8543276e-01   1.7789897e-01
  -1.8301696e-01   2.1339734e-01
  -1.7813225e-01   1.9076949e-01
  -1.9306322e-01   2.1343651e-01
  -1.9688911e-01   1.9079931e-01
  -1.9859848e-01   2.0519610e-01
  -1.8865112e-01   1.9522143e-01
  -1.9804304e-01   1.9450106e-01
  -2.0985356e-01   1.8682239e-01
  -2.1213090e-01   1.7996535e-01
  -2.2301157e-01   1.7765684e-01
  -2.2795553e-01   1.7815530e-01
  -2.3817490e-01   1.7510705e-01
  -2.4853763e-01   1.7738433e-01
  -2.6256590e-01   1.7778364e-01
  -2.7208864e-01   1.6348006e-01
  -2.7349278e-01   1.5075602e-01
  -2.8506913e-01   1.3580250e-01
  -3.0892306e-01   1.2802269e-01
  -3.1381304e-01   1.2331252e-01
  -3.1143574e-01   1.3518706e-01
  -2.8651292e-01   1.1741382e-01
  -2.9774944e-01   1.2025197e-01
  -2.7653386e-01   1.0262367e-01
  -2.8320051e-01   8.5819433e-02
  -3.1177013e-01   6.6548057e-02
  -3.1617747e-01   5.8688848e-02
  -3.2742328e-01   4.3138921e-02
  -3.6026714e-01   5.1932186e-02
  -3.6395206e-01   4.0419147e-02
  -3.6322223e-01   3.2161000e-02
  -4.0358884e-01   4.4935058e-02
  -4.0207381e-01   3.6176904e-02
  -3.8117316e-01   2.9174964e-02
  -3.7605066e-01   1.4822393e-02
  -3.7256680e-01   7.8044289e-03
  -3.7315246e-01   1.8321709e-03
  -3.7165955e-01  -1.2829009e-02
  -3.8266226e-01  -1.9092064e-02
  -3.5456569e-01  -3.1234325e-02
  -3.4664117e-01  -3.4395795e-02
  -3.2269968e-01  -4.8231366e-02
  -3.1227321e-01  -3.6639755e-02
  -2.9004661e-01  -6.1062403e-02
  -2.5667170e-01  -6.8128390e-02
  -2.2967609e-01  -8.2757782e-02
