   1.7511162e-02  -2.3466195e-02
   8.3014513e-03   1.4368965e-01
   7.0878624e-03   1.4803157e-01
   4.7045486e-03   1.5732195e-01
   1.0535924e-02   1.6103672e-01
  -1.1576318e-03   1.6810112e-01
  -1.1592795e-02   1.6887703e-01
  -2.3131225e-02   1.7197838e-01
  -1.1658058e-02   1.6945095e-01
  -8.1353222e-03   1.7090804e-01
  -1.6424768e-02   1.6911906e-01
  -3.7879629e-02   1.6661485e-01
  -1.7815259e-02   1.6213033e-01
  -1.1800646e-02   1.5689164e-01
  -2.3657691e-02   1.5779769e-01
  -3.0917764e-02   1.4258471e-01
  -2.6197996e-02   1.3885966e-01
  -3.3364004e-02   1.3942846e-01
  -3.8217483e-02   1.3581366e-01
  -3.5862107e-02   1.3106004e-01
  -3.2201643e-02   1.3318153e-01
  -2.1435163e-02   1.2910041e-01
  -2.2607694e-02   1.3043812e-01
  -5.9633980e-03   1.1780572e-01
  -2.3814988e-03   1.1712838e-01
   0.0000000e+00   1.1047358e-01
  -4.8030756e-03   1.0303311e-01
  -8.4127020e-03   1.0125501e-01
  -8.4359491e-03   9.9677558e-02
  -6.0700898e-03   9.2483774e-02
  -2.4341746e-03   8.6676532e-02
   4.8995087e-03   7.5658341e-02
   8.5835853e-03   6.9767118e-02
   9.8213938e-03   7.2147709e-02
   4.9483996e-03   5.0241527e-02
  -1.4859878e-02   6.1250543e-02
   3.7433945e-03   3.8813208e-02
  -1.3691378e-02   3.5993729e-02
  -2.4947751e-03   2.0697632e-02
   5.0233949e-03   1.2675378e-02
   2.3933401e-02   1.3165893e-02
   3.0239215e-02   8.6249650e-03
   3.3950509e-02   8.1537414e-03
   3.3778578e-02   8.1124667e-03
   3.1092254e-02   2.2399750e-03
   2.9844569e-02  -7.6161042e-03
   2.2476687e-02  -3.1491246e-03
   2.2605973e-02  -1.4021660e-01
   3.3233719e-02  -1.4080078e-01
   4.3666695e-02  -1.4331982e-01
   4.0074950e-02  -1.4067931e-01
   4.1068629e-02  -1.4144432e-01
   4.1104117e-02  -1.3381691e-01
   4.2468058e-02  -1.3301505e-01
   4.4843784e-02  -1.3402541e-01
   4.5881084e-02  -1.3260417e-01
   4.3827724e-02  -1.3118523e-01
   4.7615083e-02  -1.2799633e-01
   4.2988457e-02  -1.2266329e-01
   4.3234281e-02  -1.2148757e-01
   4.8423624e-02  -1.1622678e-01
   5.3470889e-02  -1.1475322e-01
   6.2083120e-02  -1.1155251e-01
   6.5097136e-02  -1.0201928e-01
   6.0022879e-02  -1.0127812e-01
   5.5550646e-02  -9.3537602e-02
   5.9477196e-02  -9.1989230e-02
   5.9689925e-02  -8.8527062e-02
   6.0945423e-02  -8.8066245e-02
   4.7414878e-02  -8.0349550e-02
   5.9752114e-02  -8.1059816e-02
   5.8755237e-02  -7.8115497e-02
   5.6306875e-02  -6.0452401e-02
   7.0525310e-02  -6.3851317e-02
   4.8454852e-02  -5.6821694e-02
   4.4789065e-02  -4.3210191e-02
   3.6011347e-02  -4.2683711e-02
   2.7304837e-02  -3.4981318e-02
   0.0000000e+00  -2.0655903e-02
   2.1097850e-02  -2.9124635e-02
   4.2281200e-02  -2.1071297e-02
   6.6059536e-02  -1.8402940e-02
   5.1147587e-02  -1.9780785e-02
   3.2299639e-02  -7.1605287e-03
   2.2248229e-02  -8.4620900e-03
   1.4922988e-02   6.2734594e-03
   3.6244635e-02   7.6535863e-03
   4.4671484e-02   1.0279706e-02
   4.5724044e-02   1.2018787e-02
   1.7390723e-02   2.1956529e-02
   2.1214464e-02   1.6195788e-02
   1.6265195e-02   2.8911188e-02
   3.6344957e-02   3.1222428e-02
   3.6268564e-02   3.7519279e-02
  -1.3986704e-02   1.7771544e-01
  -5.8203534e-03   1.8325960e-01
  -6.9662058e-03   1.8269986e-01
  -1.1716930e-03   1.8146507e-01
  -8.1764042e-03   1.8666698e-01
  -1.1731654e-03   1.7854648e-01
  -2.3345925e-03   1.8492285e-01
  -4.6538378e-03   1.9280125e-01
  -6.9515132e-03   1.9292070e-01
  -1.1600167e-02   1.9265623e-01
  -1.5170061e-02   1.8913100e-01
  -1.4062563e-02   1.8255028e-01
  -1.1721209e-02   1.7572044e-01
  -9.4748309e-03   1.7149986e-01
  -1.3028426e-02   1.6732032e-01
  -1.5444970e-02   1.6167965e-01
  -2.4118552e-03   1.3336364e-01
  -4.8325122e-03   1.2869547e-01
  -1.3343172e-02   1.2531864e-01
  -1.5663631e-02   1.2635819e-01
  -7.2489591e-03   1.1992686e-01
  -3.6199044e-03   1.1304384e-01
  -7.2794069e-03   1.0843582e-01
  -1.8374351e-02   1.0139206e-01
  -1.6019907e-02   9.2983681e-02
  -2.7061632e-02   8.2937859e-02
  -3.3161855e-02   7.9081706e-02
  -3.1949474e-02   6.9437431e-02
  -2.8332998e-02   6.5027887e-02
  -2.1034698e-02   5.7077444e-02
  -7.4092221e-03   5.3327325e-02
  -6.1872350e-03   4.4813128e-02
  -8.6749543e-03   4.7148168e-02
  -3.7208661e-03   4.3556814e-02
  -1.1215104e-02   3.5130121e-02
  -1.2401974e-02   2.6859808e-02
  -8.7180760e-03   1.5716056e-02
  -7.4987556e-03   8.1071380e-03
   2.4949291e-03   1.7979761e-03
   5.0101008e-03  -1.8052590e-03
   0.0000000e+00  -6.7697769e-03
   1.0000200e-02  -1.9837241e-02
   6.1146655e-02  -1.3486934e-01
   5.8516691e-02  -1.3611148e-01
   5.0078536e-02  -1.4072342e-01
   4.7665618e-02  -1.4191421e-01
   4.7825598e-02  -1.4585307e-01
   4.9977995e-02  -1.4380174e-01
   5.3506480e-02  -1.3955017e-01
   5.5942206e-02  -1.3646584e-01
   5.6229802e-02  -1.2812870e-01
   4.9239702e-02  -1.2684561e-01
   4.7283618e-02  -1.1942552e-01
   4.6252734e-02  -1.1890174e-01
   4.8923961e-02  -1.1682013e-01
   4.3240415e-02  -1.1766430e-01
   4.2187379e-02  -1.1859258e-01
   4.6968790e-02  -1.1463468e-01
   4.5991021e-02  -1.1668660e-01
   4.0344723e-02  -1.0926032e-01
   4.0539557e-02  -1.0981942e-01
   4.0685244e-02  -1.0684834e-01
   4.3100876e-02  -1.0094765e-01
   4.4203087e-02  -9.6359614e-02
   4.0739176e-02  -8.8859014e-02
   4.4467382e-02  -8.5136293e-02
   4.3351380e-02  -7.5552328e-02
   4.6965120e-02  -7.0282276e-02
   4.4529297e-02  -6.1602276e-02
   3.7124230e-02  -5.2962619e-02
   4.2201495e-02  -4.9015533e-02
   4.3488424e-02  -4.4517127e-02
   4.7529370e-02  -4.2069290e-02
   4.5365056e-02  -4.0551317e-02
   5.3995465e-02  -3.7652548e-02
   5.0118100e-02  -3.8486415e-02
   5.2610036e-02  -3.4373522e-02
   5.6023043e-02  -2.8288973e-02
   4.5885684e-02  -1.8324019e-02
   3.2291014e-02  -1.2530925e-02
   4.6190747e-02  -1.0341603e-02
   3.8358951e-02   5.3481219e-03
   3.6139600e-02   2.6930954e-03
   4.1165911e-02   2.6954726e-03
   5.4062268e-02   1.0865352e-02
   6.3916467e-02   1.3083997e-02
   5.3578475e-02   2.1555435e-02
   4.0880512e-02   2.7713405e-02
   3.5978117e-02   3.7216963e-02
   3.1012927e-02   4.7181928e-02
  -4.6844598e-03   1.6468015e-01
  -6.9848492e-03   1.6866627e-01
  -1.0457015e-02   1.7916596e-01
  -1.7355581e-02   1.7672375e-01
  -1.7480266e-02   1.7924668e-01
  -1.7590848e-02   1.8162979e-01
  -1.5294187e-02   1.8017919e-01
  -1.8736559e-02   1.8345222e-01
  -1.7709767e-02   1.7560092e-01
  -2.4740988e-02   1.7567720e-01
  -2.7230737e-02   1.7191498e-01
  -3.2180762e-02   1.6429362e-01
  -2.8591331e-02   1.6214278e-01
  -2.8621641e-02   1.5923894e-01
  -2.7454031e-02   1.5940628e-01
  -2.8546569e-02   1.6288912e-01
  -3.0956088e-02   1.6151181e-01
  -2.6159657e-02   1.5616474e-01
  -2.6249836e-02   1.5268872e-01
  -1.9067915e-02   1.4545289e-01
  -8.4004046e-03   1.4107184e-01
   0.0000000e+00   1.3643655e-01
  -4.7972358e-03   1.3404048e-01
  -5.9887448e-03   1.3286773e-01
   7.2521697e-03   1.0186562e-01
   7.2867134e-03   9.3917890e-02
   1.2154564e-03   8.9804172e-02
   0.0000000e+00   8.2540323e-02
   0.0000000e+00   7.6786075e-02
  -2.4654174e-03   7.1991764e-02
   7.4741798e-03   6.8110968e-02
   1.3665999e-02   6.0534296e-02
   7.4835124e-03   5.3869800e-02
   3.7572877e-03   4.5361664e-02
   1.5042453e-02   4.1276219e-02
   2.2503389e-02   3.3877593e-02
   2.5089334e-02   2.4440517e-02
   3.6334781e-02   1.6708496e-02
   3.8700355e-02   1.0343757e-02
   3.4820783e-02   5.8234658e-03
   2.4822002e-02   5.8128962e-03
   2.3630365e-02  -8.9610990e-04
   2.8602394e-02  -6.2722352e-03
   3.8643261e-02  -1.7072440e-02
   4.6350484e-02  -1.4491751e-01
   5.1009660e-02  -1.4310954e-01
   5.6760938e-02  -1.3865084e-01
   5.8821903e-02  -1.3254017e-01
   5.8311078e-02  -1.3224358e-01
   4.9015344e-02  -1.2953504e-01
   4.8901571e-02  -1.3491902e-01
   5.4916353e-02  -1.4023455e-01
   6.8100862e-02  -1.4335098e-01
   6.2927697e-02  -1.4169458e-01
   6.5745102e-02  -1.4373247e-01
   8.9343442e-02  -1.3761504e-01
   8.7144438e-02  -1.3205061e-01
   1.2000878e-01  -1.3394095e-01
   1.0867466e-01  -1.1498040e-01
   8.9312718e-02  -1.1038375e-01
   1.0152832e-01  -1.0184363e-01
   9.8581146e-02  -9.9315525e-02
   9.5409895e-02  -8.4738305e-02
   9.2902029e-02  -8.0509193e-02
   9.6765213e-02  -7.9213778e-02
   9.4715713e-02  -8.2707155e-02
   1.0740436e-01  -7.5977632e-02
   1.0860390e-01  -6.2172109e-02
   8.5723086e-02  -6.0390082e-02
   6.3700391e-02  -4.3808069e-02
   5.7572561e-02  -3.8889284e-02
   6.2572573e-02  -3.3873980e-02
   1.0010126e-01  -3.2854627e-02
   1.0134369e-01  -3.5155483e-02
   8.6504515e-02  -3.6546398e-02
   6.8878108e-02  -4.4919471e-02
   5.2310717e-02  -4.7345505e-02
   6.8704055e-02  -3.8341291e-02
   8.7811808e-02  -3.1640692e-02
   9.2751522e-02  -2.2999080e-02
   8.6498249e-02  -8.1121006e-03
   9.6340398e-02  -5.3939449e-03
   1.0028390e-01   9.0058786e-03
   8.5885060e-02   1.8175069e-02
   8.6532671e-02   1.7593993e-02
   7.2100878e-02   3.1379199e-02
   7.0760752e-02   3.3588750e-02
   6.0532527e-02   6.2403408e-02
   4.2446093e-02   6.1264161e-02
   1.9999170e-02   7.3015810e-02
  -8.5614624e-03   6.5478873e-02
  -2.7234075e-02   6.8583336e-02
  -4.8110876e-02   9.5497597e-02
   3.5991625e-03   6.3758311e-02
  -4.2491696e-02   8.7786713e-02
  -2.9292299e-02   8.2267529e-02
  -2.0856709e-02   7.6697408e-02
  -1.8409220e-02   7.3037992e-02
  -1.8226903e-02   7.8232975e-02
  -1.3360189e-02   7.1355279e-02
  -2.3195084e-02   6.8072714e-02
  -4.1976968e-02   6.7452569e-02
  -4.4632773e-02   5.7163482e-02
  -4.3423245e-02   5.0812478e-02
  -3.2499451e-02   4.0234941e-02
  -1.8868544e-02   3.3632416e-02
  -1.5144905e-02   2.5049288e-02
  -1.6345550e-02   9.5154595e-03
  -2.1444636e-02   3.6358155e-03
  -2.9103468e-02   4.5581607e-04
  -1.7748509e-02  -8.2229699e-03
  -1.0150812e-02  -1.1433324e-02
  -1.6341663e-02  -1.3593514e-02
  -1.2443908e-02  -1.3456978e-02
  -1.2402043e-02  -1.7888544e-02
  -9.9632976e-03  -2.5620376e-02
   0.0000000e+00  -2.9217172e-02
   2.2159204e-02  -3.5594234e-02
   3.7966935e-02  -4.6119552e-02
   3.9257305e-02  -5.8827483e-02
   5.0588556e-02  -6.9232748e-02
   5.1672575e-02  -7.4549104e-02
   5.0201302e-02  -9.1353561e-02
   4.2772759e-02  -9.7775423e-02
   4.7292897e-02  -1.0734603e-01
   4.7979666e-02  -1.0705243e-01
   4.8835595e-02  -1.1281661e-01
   5.4357663e-02  -1.1464941e-01
   6.0000628e-02  -1.1548452e-01
   5.9983375e-02  -1.1778737e-01
   6.3506740e-02  -1.2815654e-01
   6.5120091e-02  -1.3343157e-01
   7.8072958e-02  -1.3953835e-01
   7.9989583e-02  -1.4243230e-01
   7.6670322e-02  -1.4953110e-01
   7.5471283e-02  -1.5105858e-01
   8.3495982e-02  -1.5279174e-01
   7.8891018e-02  -1.5421236e-01
   7.2215500e-02  -1.5908267e-01
   7.2414784e-02  -1.5957634e-01
   6.8360610e-02  -1.6262362e-01
   6.5923832e-02  -1.6201658e-01
   7.0321416e-02  -1.6822818e-01
   6.9247173e-02  -1.6594655e-01
   3.1558709e-02  -4.2019015e-02
   3.5470697e-02  -3.4322182e-02
   4.5461644e-02  -2.8249232e-02
   4.7766627e-02  -2.4477056e-02
   3.3643925e-02  -2.1118410e-02
   1.9850276e-02  -1.3415351e-02
   1.9897590e-02  -5.8250244e-03
   2.4999885e-02   1.3509378e-03
   3.3917720e-02   6.7878774e-03
   3.3951125e-02   7.7007558e-03
   3.1393345e-02   1.4029034e-02
   4.8886285e-02   9.9313048e-03
   3.6122593e-02   1.3914326e-02
   2.3569955e-02   1.4756104e-02
   2.2143280e-02   2.7530488e-02
   2.2068846e-02   4.1254574e-02
   1.3410759e-02   5.6230463e-02
   1.4697276e-02   6.1021624e-02
   2.2158125e-02   6.4073059e-02
   1.8512028e-02   6.2409602e-02
   1.9821851e-02   6.3112275e-02
   1.7344120e-02   6.3114218e-02
   1.3560005e-02   6.6005016e-02
   6.1297547e-03   6.7464009e-02
  -4.9043161e-03   7.2972246e-02
  -6.0752022e-03   8.0988988e-02
  -9.6992416e-03   9.0959002e-02
  -1.9404618e-02   1.0316199e-01
  -1.9513948e-02   1.0807006e-01
  -1.5787329e-02   1.1236853e-01
  -1.8338052e-02   1.1510405e-01
  -1.8185833e-02   1.1168753e-01
  -2.7784592e-02   1.0696835e-01
  -2.8780117e-02   1.0566830e-01
  -2.7517973e-02   1.1011072e-01
  -3.5622826e-02   1.1672743e-01
  -4.2723050e-02   1.2471494e-01
  -4.8673597e-02   1.3245074e-01
  -4.2787895e-02   1.3703988e-01
  -4.0430417e-02   1.3467476e-01
  -5.1216485e-02   1.3682887e-01
  -4.6405266e-02   1.3036195e-01
  -5.2485662e-02   1.3606265e-01
  -5.7619198e-02   1.4267382e-01
  -7.2036969e-02   1.4522478e-01
  -6.9781529e-02   1.6007191e-01
  -5.7006426e-02   1.5972290e-01
  -5.2218445e-02   1.6331288e-01
  -6.2505225e-02   1.6529917e-01
  -6.0176897e-02   1.6831877e-01
   3.7039834e-03   6.4277483e-02
  -9.9084733e-03   5.3488153e-02
  -1.3664036e-02   4.9991841e-02
  -4.9670296e-03   4.7244305e-02
   8.6869638e-03   4.0861746e-02
   4.9427069e-03   3.7083034e-02
   2.4744928e-03   2.9487892e-02
  -1.2402718e-03   2.6413468e-02
  -1.2460111e-03   2.1575747e-02
  -7.4801753e-03   1.5732034e-02
  -6.2058296e-03   3.5778443e-03
  -3.7384575e-03  -4.4903931e-03
  -2.4943337e-03  -9.8888687e-03
   4.9916385e-03  -1.6198047e-02
  -5.0288866e-03  -2.3134364e-02
   0.0000000e+00  -2.5725152e-02
   1.2474665e-03  -2.8375492e-02
   6.2193087e-03  -2.7391175e-02
   1.5004535e-02  -3.2977248e-02
   1.3767352e-02  -3.8929404e-02
   3.7497292e-03  -5.3526763e-02
   1.2498380e-03  -6.0909059e-02
   3.7532003e-03  -6.7479189e-02
   2.3728206e-02  -6.9674646e-02
   2.8618111e-02  -6.8477614e-02
   3.3436053e-02  -7.0450695e-02
   3.0802852e-02  -7.3318339e-02
   3.0596133e-02  -7.7872758e-02
   2.8119132e-02  -8.0561937e-02
   3.1685332e-02  -8.3520744e-02
   3.4122665e-02  -8.3516201e-02
   3.7889212e-02  -7.8675393e-02
   4.6410102e-02  -8.5531555e-02
   5.5289093e-02  -8.3238605e-02
   6.6166803e-02  -9.4184415e-02
   4.9959615e-02  -1.0170396e-01
   3.8963447e-02  -1.1119122e-01
   3.4011175e-02  -1.1380175e-01
   3.1437740e-02  -1.1661449e-01
   2.6547676e-02  -1.2022829e-01
   1.5597747e-02  -1.2143471e-01
   1.5485069e-02  -1.2528496e-01
   1.4199754e-02  -1.2967134e-01
   1.5296360e-02  -1.3561612e-01
   2.6802645e-02  -1.4139404e-01
   2.2135748e-02  -1.4330958e-01
   2.4423329e-02  -1.4741841e-01
   1.6335699e-02  -1.4699071e-01
   1.8719290e-02  -1.5187742e-01
   5.8922775e-03  -1.4713885e-01
   7.3888061e-03  -3.9198492e-02
   4.9238736e-03  -3.6044712e-02
   4.9387630e-03  -2.2272094e-02
   1.6159257e-02  -1.4787252e-02
   2.7267561e-02  -1.2953668e-02
   2.3460308e-02  -8.8983940e-03
   9.8690219e-03  -6.6681187e-03
   6.1565182e-03   8.8732696e-04
   2.1033653e-02   8.0248879e-03
   2.8564305e-02   1.2979423e-02
   3.3651548e-02   1.8871771e-02
   2.2331256e-02   2.4171087e-02
   1.1203152e-02   2.9215964e-02
   2.9706901e-02   3.3085854e-02
   6.1345321e-03   4.7122289e-02
  -2.4417512e-03   4.6888575e-02
  -1.7068239e-02   5.6228375e-02
  -7.3365150e-03   5.6401184e-02
   0.0000000e+00   6.4905095e-02
  -6.0926211e-03   7.3424082e-02
  -1.3475883e-02   7.5206663e-02
  -3.0544315e-02   8.4671055e-02
  -3.0561144e-02   8.3327070e-02
  -2.9165262e-02   9.0224814e-02
  -2.6830476e-02   9.5718793e-02
  -2.6801689e-02   1.0221657e-01
  -2.7927041e-02   1.0280279e-01
  -3.1491276e-02   1.0773286e-01
  -3.1529373e-02   1.0929995e-01
  -3.0337318e-02   1.1561759e-01
  -3.5247758e-02   1.1822239e-01
  -3.8736908e-02   1.1818321e-01
  -4.2147631e-02   1.1847306e-01
  -4.4352018e-02   1.2123897e-01
  -4.6397816e-02   1.2216007e-01
  -5.0930026e-02   1.2632962e-01
  -4.6129260e-02   1.3193287e-01
  -4.4646892e-02   1.3628073e-01
  -4.9501825e-02   1.3916231e-01
  -3.9980505e-02   1.3497253e-01
  -2.8180240e-02   1.3576157e-01
  -3.0423994e-02   1.3959598e-01
  -2.5763521e-02   1.3682258e-01
  -3.0441216e-02   1.3871246e-01
  -3.2890700e-02   1.3823311e-01
  -2.5914768e-02   1.3382246e-01
  -3.1713938e-02   1.3677155e-01
  -2.9453316e-02   1.3674387e-01
  -3.1701065e-02   1.4206420e-01
  -3.6460251e-02   1.3938441e-01
