  -3.0905054e-02  -6.0213128e-02
  -6.1449479e-02   7.9988844e-02
  -6.9129417e-02   8.4065122e-02
  -6.3116102e-02   8.2900280e-02
  -4.7946431e-02   8.4245302e-02
  -3.8112739e-02   8.6610348e-02
  -5.3857656e-02   9.6486128e-02
  -7.4219802e-02   1.0856019e-01
  -8.5431867e-02   1.1606732e-01
  -6.3415849e-02   1.1756155e-01
  -6.7435276e-02   1.1334988e-01
  -6.0021196e-02   1.0940850e-01
  -4.4021528e-02   1.0687322e-01
  -4.2841402e-02   1.1277034e-01
  -5.0857781e-02   1.2644380e-01
  -6.1455361e-02   1.3604040e-01
  -6.8133663e-02   1.4221586e-01
  -7.4989053e-02   1.4998730e-01
  -7.4761748e-02   1.4848203e-01
  -7.0290456e-02   1.4416404e-01
  -6.6637038e-02   1.4899671e-01
  -6.3028472e-02   1.4992496e-01
  -6.9140927e-02   1.5230492e-01
  -6.5404237e-02   1.5292733e-01
  -6.6266068e-02   1.5561166e-01
  -7.9830304e-02   1.6372536e-01
  -8.6193587e-02   1.6881859e-01
  -8.6712781e-02   1.7197296e-01
  -9.0387253e-02   1.7289643e-01
  -9.1852828e-02   1.7509904e-01
  -9.9489186e-02   1.7426692e-01
  -9.5426097e-02   1.7248907e-01
  -9.5278126e-02   1.7584525e-01
  -9.3936044e-02   1.7813211e-01
  -9.6589431e-02   1.7401295e-01
  -1.0620135e-01   1.7424232e-01
  -1.0755122e-01   1.6672359e-01
  -1.1019199e-01   1.6047800e-01
  -1.0714827e-01   1.5525443e-01
  -1.1260954e-01   1.4916278e-01
  -1.1014635e-01   1.4858737e-01
  -1.0390548e-01   1.4775343e-01
  -1.0233545e-01   1.4867107e-01
  -8.8346704e-02   1.4236024e-01
  -8.4658975e-02   1.4120554e-01
  -8.1264300e-02   1.3615058e-01
  -7.8403276e-02   1.3285121e-01
  -8.5684266e-02   1.2821174e-01
  -8.0033610e-02   1.2012039e-01
   2.3310129e-02  -6.5219058e-02
   2.8313159e-02  -6.4066402e-02
   3.9061740e-02  -7.1234735e-02
   4.7557365e-02  -6.8409637e-02
   4.3817164e-02  -7.3748526e-02
   2.9187568e-02  -7.5997141e-02
   2.3024374e-02  -7.7550856e-02
   8.5126030e-03  -8.3825593e-02
   8.5420481e-03  -8.2736646e-02
   1.9639139e-02  -8.3229756e-02
   2.4522124e-02  -8.8261270e-02
   2.3382547e-02  -8.9073844e-02
   1.9716229e-02  -9.9633907e-02
   2.4760378e-02  -1.0059540e-01
   4.0736225e-02  -1.1038426e-01
   2.3494092e-02  -1.1111383e-01
   2.2155307e-02  -1.1203119e-01
   8.6076123e-03  -1.0999204e-01
  -1.2323410e-03  -1.1170776e-01
  -8.6528734e-03  -1.1746586e-01
  -7.3678111e-03  -1.2006980e-01
  -7.3864819e-03  -1.2286733e-01
   7.3584869e-03  -1.2930982e-01
   1.7116220e-02  -1.2588715e-01
   2.7956134e-02  -1.2704259e-01
   2.6818918e-02  -1.2203662e-01
   2.6827441e-02  -1.2502459e-01
   2.6834597e-02  -1.2456829e-01
   2.3103520e-02  -1.2809561e-01
   2.6664936e-02  -1.3506306e-01
   2.2668451e-02  -1.4064264e-01
   2.9363974e-02  -1.4903039e-01
   3.1457631e-02  -1.4916508e-01
   2.9118691e-02  -1.4961541e-01
   3.3797709e-02  -1.5019134e-01
   3.1307968e-02  -1.5033766e-01
   2.7610143e-02  -1.5885238e-01
   2.4124078e-02  -1.5811016e-01
   2.6317696e-02  -1.6086018e-01
   1.7294627e-02  -1.5432593e-01
   1.6216623e-02  -1.5761655e-01
   1.2846475e-02  -1.5158425e-01
   1.3997773e-02  -1.5039303e-01
   1.2881407e-02  -1.4906598e-01
   1.4120095e-02  -1.4638859e-01
   1.0644579e-02  -1.4623390e-01
   1.1928387e-03  -1.4561984e-01
  -2.4068942e-03  -1.4301915e-01
  -3.6012294e-03  -1.4062116e-01
  -2.4200560e-03  -1.3934776e-01
  -1.3569776e-02   3.5223311e-02
  -2.4516398e-02   4.2140177e-02
  -3.0803956e-02   4.5958472e-02
  -2.9669149e-02   4.4755568e-02
  -9.8974299e-03   5.3883209e-02
  -7.4332803e-03   5.6242645e-02
  -1.8562385e-02   5.6629864e-02
  -9.8252782e-03   5.8468529e-02
  -9.7788141e-03   6.7260106e-02
  -9.7847108e-03   7.4164274e-02
  -1.5920052e-02   7.8865347e-02
  -1.5869506e-02   8.1837236e-02
  -2.3259800e-02   8.9523420e-02
  -2.8200304e-02   9.0598505e-02
  -4.5304482e-02   9.7966441e-02
  -4.4193761e-02   9.6812006e-02
  -3.9215826e-02   1.0044527e-01
  -3.7908523e-02   1.0881418e-01
  -3.1461876e-02   1.1334810e-01
  -3.3777634e-02   1.1344776e-01
  -4.5807717e-02   1.1475455e-01
  -6.2637802e-02   1.2664449e-01
  -5.9541419e-02   1.2393577e-01
  -6.8922784e-02   1.3700528e-01
  -6.1610109e-02   1.3691185e-01
  -5.2837877e-02   1.4303743e-01
  -5.5170163e-02   1.4182683e-01
  -6.3714336e-02   1.3815224e-01
  -6.3453933e-02   1.4751127e-01
  -6.5725801e-02   1.5173367e-01
  -6.5455082e-02   1.5763947e-01
  -6.7892567e-02   1.5930847e-01
  -6.5539122e-02   1.5582230e-01
  -6.7014214e-02   1.5706793e-01
  -6.0939068e-02   1.5633499e-01
  -5.9345022e-02   1.6284727e-01
  -7.2318016e-02   1.6150498e-01
  -7.5831048e-02   1.6085633e-01
  -7.4225194e-02   1.6857040e-01
  -7.6613910e-02   1.6245084e-01
  -8.1153463e-02   1.5694251e-01
  -7.3101525e-02   1.5492842e-01
  -6.6880780e-02   1.5614277e-01
  -7.2986031e-02   1.5717376e-01
  -7.5783246e-02   1.5312604e-01
  -7.2697372e-02   1.4669502e-01
  -6.9971053e-02   1.4492972e-01
  -6.1479209e-02   1.4202728e-01
  -6.1187079e-02   1.4620048e-01
  -4.7210198e-02   3.4999506e-02
  -4.4734053e-02   2.7345910e-02
  -4.7271949e-02   1.7482138e-02
  -4.8671955e-02   1.5286400e-02
  -4.9895325e-02   5.3895420e-03
  -4.8602397e-02   4.4869405e-04
  -3.7457181e-02  -7.1958813e-03
  -3.3642281e-02  -8.0797465e-03
  -3.2490415e-02  -1.0805976e-02
  -3.3767543e-02  -1.3971470e-02
  -2.8772809e-02  -2.2108590e-02
  -2.5028194e-02  -2.7552697e-02
  -3.6355985e-02  -4.0807861e-02
  -3.1300930e-02  -4.6707567e-02
  -2.9981945e-02  -5.1644456e-02
  -1.6079419e-02  -5.4778334e-02
  -1.7277151e-02  -5.9207814e-02
  -6.1541573e-03  -6.4530904e-02
  -1.2330263e-03  -6.8323197e-02
   0.0000000e+00  -7.3717172e-02
  -1.2290754e-03  -7.1774157e-02
   1.2246194e-03  -7.8872065e-02
   1.0989314e-02  -8.3713872e-02
   1.3440077e-02  -8.9353729e-02
   9.8009603e-03  -9.2423509e-02
   4.9145374e-03  -9.5065337e-02
   2.4765841e-03  -1.0015909e-01
  -4.9480024e-03  -1.0438183e-01
  -9.8968737e-03  -1.1412226e-01
   6.1480293e-03  -1.1582666e-01
   1.5799036e-02  -1.2902032e-01
   9.7094231e-03  -1.2785360e-01
   1.0862218e-02  -1.3695228e-01
   1.3355791e-02  -1.2889152e-01
   7.2942364e-03  -1.3354320e-01
  -8.4965166e-03  -1.3931667e-01
   3.6037634e-03  -1.4423756e-01
   4.7992729e-03  -1.4757297e-01
   0.0000000e+00  -1.4426321e-01
  -3.5883293e-03  -1.4455635e-01
   1.0794814e-02  -1.4499387e-01
   1.2057460e-03  -1.4787544e-01
  -7.2316950e-03  -1.5445984e-01
  -1.5736128e-02  -1.5571271e-01
  -7.2529027e-03  -1.6489760e-01
  -7.2704349e-03  -1.6588154e-01
  -1.3263452e-02  -1.6971188e-01
  -9.5836866e-03  -1.7004605e-01
  -7.1566817e-03  -1.6189826e-01
  -1.2005572e-02  -1.4817358e-01
  -2.2898187e-02  -1.3920686e-01
  -2.0589340e-02  -1.3297885e-01
  -1.3400486e-02  -1.3184341e-01
  -9.8421998e-03  -1.2924866e-01
  -4.8955327e-03  -1.3101644e-01
  -1.1063207e-02  -1.3063227e-01
  -4.9251852e-03  -1.2786716e-01
  -8.6364498e-03  -1.2265999e-01
  -6.1539128e-03  -1.0623324e-01
  -1.0985449e-02  -1.0244502e-01
  -2.5882241e-02  -9.4881280e-02
  -1.9648196e-02  -9.8321981e-02
  -1.4786767e-02  -9.5349995e-02
  -6.2035117e-03  -9.6041897e-02
  -2.4898574e-03  -9.9757018e-02
   0.0000000e+00  -9.7502596e-02
   0.0000000e+00  -9.0656670e-02
  -3.7336044e-03  -7.0836403e-02
  -2.2169559e-02  -5.9084881e-02
  -3.6877357e-02  -5.5320999e-02
  -4.4511084e-02  -5.6093172e-02
  -4.1229963e-02  -5.1177832e-02
  -3.1318977e-02  -4.8570933e-02
  -2.2507368e-02  -4.3451515e-02
  -1.3753466e-02  -3.8889847e-02
  -1.2424711e-02  -3.4574425e-02
  -1.2379691e-02  -3.2199379e-02
  -2.8483208e-02  -2.2333403e-02
  -3.9498499e-02  -1.4677487e-02
  -4.3433438e-02  -8.9391949e-03
  -5.0730743e-02  -6.6827398e-03
  -3.5849396e-02  -4.0073209e-03
  -4.9350428e-02   1.3326028e-03
  -2.7277742e-02   4.4667820e-03
  -1.3621931e-02   1.0711484e-02
  -1.8587260e-02   1.6082514e-02
  -2.0958553e-02   2.6251207e-02
  -4.1839959e-02   3.1989544e-02
  -5.2934166e-02   4.0943071e-02
  -4.3331858e-02   4.2546591e-02
  -3.8442785e-02   3.9456545e-02
  -2.8475221e-02   4.2561596e-02
  -3.0920487e-02   5.1122881e-02
  -3.0803051e-02   5.7733252e-02
  -3.3036930e-02   6.4120730e-02
  -3.6718010e-02   6.3224752e-02
  -3.8128990e-02   6.3540535e-02
  -3.9336608e-02   6.2133704e-02
  -3.9316377e-02   6.9873094e-02
  -3.0722490e-02   1.4455317e-01
  -2.3696777e-02   1.4351922e-01
  -3.1990649e-02   1.4349525e-01
  -2.7219045e-02   1.4530369e-01
  -3.0872074e-02   1.4483368e-01
  -3.3277270e-02   1.4497216e-01
  -3.5802700e-02   1.4015311e-01
  -2.8673370e-02   1.3688270e-01
  -2.9656779e-02   1.4319864e-01
  -4.0392238e-02   1.4091608e-01
  -4.0298600e-02   1.4899581e-01
  -4.6236769e-02   1.5303238e-01
  -5.4754217e-02   1.4711885e-01
  -5.8372908e-02   1.4125351e-01
  -5.1603777e-02   1.3450134e-01
  -4.7869925e-02   1.3411078e-01
  -4.2991130e-02   1.3431022e-01
  -5.2276082e-02   1.4384154e-01
  -5.6909467e-02   1.4845850e-01
  -5.6943537e-02   1.4606164e-01
  -5.4290604e-02   1.4623685e-01
  -4.3913755e-02   1.3927395e-01
  -4.5040711e-02   1.3661747e-01
  -4.3755590e-02   1.4019446e-01
  -4.8491127e-02   1.4462501e-01
  -5.1011919e-02   1.4609555e-01
  -4.2889092e-02   1.4432574e-01
  -3.4820125e-02   1.3860556e-01
  -2.5153308e-02   1.3925691e-01
  -2.4046484e-02   1.3487544e-01
  -3.8331500e-02   1.3428608e-01
  -4.1214926e-02   1.2810459e-01
  -3.6652550e-02   1.2525394e-01
  -2.9425476e-02   1.1543683e-01
  -2.9398137e-02   1.0951255e-01
  -3.2872708e-02   9.9301460e-02
  -3.5357241e-02   8.7261663e-02
  -3.5513527e-02   8.3934806e-02
  -2.9456469e-02   8.0885326e-02
  -2.3214373e-02   7.9593530e-02
  -2.2044277e-02   7.3334735e-02
  -2.8201860e-02   6.3809502e-02
  -2.3305978e-02   5.9292863e-02
  -1.7192001e-02   5.8910942e-02
  -1.4750395e-02   5.1719708e-02
  -1.4786326e-02   5.0036529e-02
  -2.7170856e-02   3.9754359e-02
  -2.2341788e-02   2.8227991e-02
  -1.8666563e-02   2.3796467e-02
  -2.4756696e-02  -9.4360313e-02
  -7.3618345e-03  -1.0829040e-01
   1.2123888e-03  -1.1170035e-01
   8.3868148e-03  -1.1314037e-01
   3.5917590e-03  -1.1447896e-01
   3.5660460e-03  -1.2023376e-01
  -2.3959453e-03  -1.1884514e-01
  -4.8045996e-03  -1.2303633e-01
   3.6156461e-03  -1.2591727e-01
   3.6214811e-03  -1.2662543e-01
   2.4161393e-03  -1.3213748e-01
   0.0000000e+00  -1.3272727e-01
   4.8248699e-03  -1.3786695e-01
   6.0163785e-03  -1.3849310e-01
   6.0134451e-03  -1.4241634e-01
   8.4113002e-03  -1.4377955e-01
  -1.2012545e-03  -1.4423817e-01
  -3.6239524e-03  -1.4817970e-01
   0.0000000e+00  -1.3851603e-01
   1.2090540e-03  -1.4375507e-01
   0.0000000e+00  -1.4741201e-01
   3.6408385e-03  -1.4741130e-01
   0.0000000e+00  -1.5233402e-01
  -4.8756374e-03  -1.5018620e-01
  -6.0744967e-03  -1.5793104e-01
  -1.2197431e-03  -1.5969561e-01
   1.0971825e-02  -1.5749039e-01
   1.6866848e-02  -1.5799066e-01
   1.3177216e-02  -1.5288771e-01
   1.4282720e-02  -1.6201337e-01
   2.2760645e-02  -1.5286841e-01
   2.6353564e-02  -1.5438567e-01
   2.0355607e-02  -1.5792338e-01
   2.1566948e-02  -1.5700497e-01
   2.0320861e-02  -1.6175173e-01
   2.7415795e-02  -1.6277056e-01
   3.5535420e-02  -1.6987837e-01
   4.2390908e-02  -1.6817935e-01
   3.5567958e-02  -1.6588477e-01
   3.4315553e-02  -1.7125368e-01
   3.3148208e-02  -1.6510106e-01
   3.9098459e-02  -1.6677969e-01
   3.5579879e-02  -1.6542904e-01
   3.7986060e-02  -1.6558776e-01
   3.1921546e-02  -1.6692515e-01
   3.0739266e-02  -1.6692977e-01
   3.5455584e-02  -1.6322645e-01
   2.9507528e-02  -1.5942582e-01
   2.6027567e-02  -1.5174882e-01
   2.3748276e-02  -1.4935569e-01
  -3.3841771e-02  -2.3055347e-02
  -3.2352123e-02  -1.4349911e-02
  -3.2224341e-02  -1.3399050e-02
  -3.3306885e-02  -7.5546949e-03
  -2.3463580e-02  -4.8941167e-03
  -2.9758901e-02  -1.3399725e-03
  -2.8690148e-02   4.9431106e-03
  -3.3710895e-02   7.6462917e-03
  -2.6162211e-02   1.1223515e-02
  -2.8519867e-02   1.9673137e-02
  -3.9606914e-02   2.6793404e-02
  -2.9460237e-02   2.8801533e-02
  -3.5396123e-02   3.8833139e-02
  -3.6694591e-02   4.7404141e-02
  -3.1987118e-02   5.2203917e-02
  -2.7124131e-02   6.2338502e-02
  -2.4812394e-02   6.5042431e-02
  -3.0960258e-02   7.3238562e-02
  -3.3351921e-02   8.0015615e-02
  -4.3443352e-02   8.3213601e-02
  -4.0587919e-02   8.8047048e-02
  -4.9155567e-02   9.4535194e-02
  -5.1238683e-02   1.0135205e-01
  -5.3730368e-02   1.0144570e-01
  -4.6509867e-02   1.0505376e-01
  -4.6322661e-02   1.0699148e-01
  -5.3215899e-02   1.0655205e-01
  -4.9564826e-02   1.0746131e-01
  -3.7645926e-02   1.0043484e-01
  -4.2403033e-02   1.1298075e-01
  -4.3755837e-02   1.1819453e-01
  -5.5454616e-02   1.2533021e-01
  -6.9917541e-02   1.2184994e-01
  -5.9955525e-02   1.2749407e-01
  -6.8421677e-02   1.2905160e-01
  -7.6554868e-02   1.3632465e-01
  -7.9876054e-02   1.3678307e-01
  -7.7617467e-02   1.3901498e-01
  -7.1873355e-02   1.4202638e-01
  -7.2895547e-02   1.4413272e-01
  -7.2942481e-02   1.4774468e-01
  -7.8678706e-02   1.4469585e-01
  -8.2177446e-02   1.4302479e-01
  -8.1881763e-02   1.4692452e-01
  -7.2453780e-02   1.5015397e-01
  -7.0658550e-02   1.5003374e-01
  -6.4969703e-02   1.4932314e-01
  -6.0118631e-02   1.5179518e-01
  -6.1043243e-02   9.1039596e-02
  -5.0374332e-02   7.8145135e-02
  -5.9170016e-02   7.1907271e-02
  -6.3964588e-02   7.2196339e-02
  -7.1238798e-02   7.0685168e-02
  -6.4549234e-02   6.3160778e-02
  -6.4238600e-02   6.2393788e-02
  -5.9171225e-02   4.8197075e-02
  -5.4400718e-02   3.9318359e-02
  -4.9681799e-02   3.0479264e-02
  -4.9698265e-02   2.8238142e-02
  -5.6049933e-02   2.4696722e-02
  -4.7234750e-02   1.4777703e-02
  -3.4782379e-02   8.5026635e-03
  -2.2385572e-02   4.4806335e-03
  -2.1037074e-02   0.0000000e+00
  -8.6358422e-03  -4.8899903e-03
  -1.1080962e-02  -5.3238136e-03
  -1.9815860e-02  -8.4793495e-03
  -6.1914758e-03  -1.1604669e-02
  -8.6621942e-03  -2.0084761e-02
  -1.2353181e-03  -2.6307602e-02
   2.4681742e-03  -3.2995926e-02
   3.7141257e-03  -3.7605463e-02
   0.0000000e+00  -3.7383603e-02
   2.3584392e-02  -4.4491807e-02
   3.7277943e-02  -4.8621316e-02
   3.3576315e-02  -4.9576185e-02
   2.4761024e-02  -5.1180295e-02
   2.8353147e-02  -5.5945790e-02
   2.0992796e-02  -5.3320485e-02
   1.9747553e-02  -5.1477235e-02
   2.4728380e-02  -5.6118744e-02
   4.7206376e-02  -5.7274925e-02
   4.0674848e-02  -6.3216039e-02
   2.5881674e-02  -6.9656048e-02
   1.7272236e-02  -7.5286246e-02
   2.2317095e-02  -7.2871812e-02
   3.2022092e-02  -7.9774758e-02
   4.4398551e-02  -8.6406978e-02
   4.5507531e-02  -9.0383281e-02
   3.5466707e-02  -9.1750251e-02
   4.1425287e-02  -9.5589570e-02
   3.4079222e-02  -9.7851969e-02
   2.7912597e-02  -1.0180228e-01
   2.1914042e-02  -1.0357593e-01
   2.0517787e-02  -1.1067361e-01
   2.0512234e-02  -1.0732102e-01
   2.7569355e-02  -1.1411800e-01
   2.8814123e-02  -1.1669470e-01
  -2.3791191e-03  -1.3578522e-01
  -5.9587899e-03  -1.3117037e-01
  -1.3117891e-02  -1.3174418e-01
  -2.7509286e-02  -1.3018694e-01
  -3.2380044e-02  -1.2908739e-01
  -2.2865017e-02  -1.3008748e-01
  -2.0494088e-02  -1.2886796e-01
  -2.5305281e-02  -1.3125184e-01
  -3.0130169e-02  -1.2929771e-01
  -2.6517806e-02  -1.2395604e-01
  -1.6876648e-02  -1.2204746e-01
  -1.7000852e-02  -1.1621283e-01
  -2.4398671e-02  -1.0952972e-01
  -2.0793755e-02  -1.1225580e-01
  -3.4697302e-02  -1.0695742e-01
  -3.1185835e-02  -1.1017084e-01
  -1.9913073e-02  -1.0455605e-01
  -1.2373532e-02  -9.9594340e-02
  -9.8335722e-03  -9.1800828e-02
  -1.8438131e-02  -8.7094385e-02
  -2.9540190e-02  -7.8797605e-02
  -3.9635548e-02  -7.5560178e-02
  -3.2480274e-02  -6.8752527e-02
  -2.2616658e-02  -6.6830106e-02
  -2.1329840e-02  -6.1606021e-02
   1.2386595e-03  -6.0354220e-02
  -8.6602511e-03  -5.3883620e-02
  -9.9282444e-03  -5.3596421e-02
  -3.7131687e-02  -3.8930965e-02
  -4.2123723e-02  -3.3556834e-02
  -4.3535161e-02  -2.7374456e-02
  -4.1088743e-02  -2.7403972e-02
  -2.9991690e-02  -3.0229383e-02
  -3.7497158e-03  -2.8884248e-02
  -1.2425352e-03  -2.7812486e-02
  -1.9867727e-02  -2.5092413e-02
  -2.5002702e-02  -1.8932284e-02
  -2.8629869e-02  -7.6239591e-03
  -3.2532778e-02   1.3521145e-03
  -2.4973905e-02   3.5988598e-03
  -2.4940895e-02   1.1684485e-02
  -2.3640353e-02   1.5249219e-02
  -1.9920711e-02   1.9306263e-02
  -2.4798772e-02   2.0121564e-02
  -3.7226537e-02   3.0011483e-02
  -3.2391326e-02   3.6470168e-02
  -2.4970689e-02   3.5646826e-02
  -2.7316316e-02   4.3140864e-02
  -1.8535643e-02   4.6554056e-02
  -2.5830021e-02   5.6729360e-02
