   5.8800138e-03   2.1450018e-01
   4.8170891e-01   9.4911115e-02
   4.5193383e-01   1.0843062e-01
   5.0223862e-01   8.6240270e-02
   5.0115827e-01   8.8953874e-02
   5.1377562e-01   7.4521145e-02
   4.9794433e-01   7.9575501e-02
   5.1946138e-01   6.8438669e-02
   4.9054542e-01   7.0781328e-02
   5.2559285e-01   6.6173161e-02
   5.0043524e-01   3.7315736e-02
   4.7165403e-01   3.7029464e-02
   4.9285306e-01   3.1188639e-02
   4.6966672e-01   3.8822741e-02
   4.5851081e-01   3.0258693e-02
   4.5167513e-01   2.1485001e-02
   4.5134380e-01   7.8122253e-03
   4.2973211e-01   2.6316980e-02
   4.3779901e-01   3.8676395e-03
   4.1763961e-01   2.1864516e-03
   4.2011691e-01   5.6461197e-03
   4.1280794e-01   1.1501898e-02
   4.0384459e-01  -2.2308032e-03
   3.9554134e-01  -1.0683585e-02
   3.7530442e-01  -1.4586826e-02
   3.6513414e-01  -7.3416694e-03
   3.5681294e-01  -2.7197110e-02
   3.1749964e-01  -2.7074304e-02
   3.0853654e-01  -4.2533970e-02
   2.8905752e-01  -4.2371645e-02
   2.9271203e-01  -4.8447705e-02
   2.9758013e-01  -5.1330870e-02
   3.0377768e-01  -6.7471725e-02
   2.8827039e-01  -6.5633893e-02
   2.7373957e-01  -7.7761202e-02
   2.6428247e-01  -9.0588292e-02
   2.5530402e-01  -1.0127463e-01
   2.5666332e-01  -1.0359328e-01
   2.5465656e-01  -1.0562314e-01
   2.5026389e-01  -1.1217794e-01
   2.4767597e-01  -1.1353811e-01
   2.3925103e-01  -1.1195458e-01
   2.3026147e-01  -1.1766900e-01
   2.3307171e-01  -1.2192023e-01
   2.2283529e-01  -1.2585197e-01
   1.9560887e-01  -1.2798650e-01
   1.8357843e-01  -1.3009764e-01
  -1.7498835e-01   1.7965305e-03
  -1.7458405e-01   7.2754263e-03
  -1.7096074e-01   0.0000000e+00
  -2.0867597e-01   1.5379670e-02
  -2.1772792e-01   1.0721411e-02
  -2.3633979e-01   1.2462069e-02
  -2.6000234e-01   1.3802455e-02
  -2.5075418e-01   1.9942845e-02
  -2.6598979e-01   2.8164446e-02
  -2.6723251e-01   3.4897114e-02
  -2.5987935e-01   2.3840996e-02
  -2.7485174e-01   2.4652934e-02
  -2.8132254e-01   2.7531448e-02
  -2.9081922e-01   2.5764630e-02
  -3.0156251e-01   3.8122636e-02
  -2.8772226e-01   3.1967198e-02
  -2.8624221e-01   3.2254479e-02
  -3.0695571e-01   4.2422704e-02
  -3.2475612e-01   4.7458201e-02
  -3.3626844e-01   4.3275049e-02
  -3.3638701e-01   4.5890829e-02
  -3.3496363e-01   3.9270746e-02
  -3.3960960e-01   3.1335859e-02
  -3.0885556e-01   4.6714817e-02
  -2.9102847e-01   4.5998772e-02
  -2.9223604e-01   6.5838136e-02
  -2.8126389e-01   6.0088839e-02
  -2.9066811e-01   7.3369754e-02
  -2.7113766e-01   8.2245361e-02
  -2.5775415e-01   9.9273434e-02
  -2.6090598e-01   1.0552319e-01
  -2.6211949e-01   1.0550100e-01
  -2.4525751e-01   1.0069094e-01
  -2.4447857e-01   1.1239842e-01
  -2.3055563e-01   1.1574799e-01
  -2.4139140e-01   1.1914635e-01
  -2.5298126e-01   1.2998482e-01
  -2.6796097e-01   1.2488850e-01
  -2.9573090e-01   1.3563687e-01
  -2.9352418e-01   1.2701639e-01
  -3.1555889e-01   1.3194368e-01
  -3.2573771e-01   1.3048810e-01
  -3.3016590e-01   1.1896666e-01
  -3.5024546e-01   1.0743304e-01
  -3.7755552e-01   1.0555952e-01
  -3.8487695e-01   1.0104891e-01
  -3.7297563e-01   7.6823839e-02
  -3.1551725e-02   1.3473127e-01
  -3.9973252e-02   1.4396826e-01
  -3.4976320e-02   1.4430977e-01
  -5.2529294e-02   1.5470501e-01
  -5.1852984e-02   1.5801419e-01
  -6.8446963e-02   1.6223565e-01
  -6.9582622e-02   1.8197981e-01
  -3.9866549e-02   1.7780159e-01
  -3.3668016e-02   1.8526037e-01
  -6.8905641e-03   1.7470715e-01
  -1.0350356e-02   1.7808201e-01
   9.2176171e-03   1.7433809e-01
   3.3548383e-02   1.7819314e-01
   3.6054765e-02   1.8298420e-01
   3.6214066e-02   1.8127278e-01
   3.0429363e-02   1.8542676e-01
   2.6951681e-02   1.8517438e-01
   3.2715876e-02   1.7711234e-01
   3.8852011e-02   1.6148159e-01
   1.8802470e-02   1.8420774e-01
   4.9322600e-02   1.7124721e-01
   5.4666212e-02   1.6511508e-01
   5.6502083e-02   1.5706731e-01
   6.7087225e-02   1.5741224e-01
   6.8531724e-02   1.5472243e-01
   9.7898176e-02   1.3896404e-01
   1.1836203e-01   1.1025574e-01
   8.0348950e-02   1.3593827e-01
   1.1594718e-01   1.1518685e-01
   8.3933304e-02   1.3543700e-01
   1.2882136e-01   1.2049335e-01
   1.5223943e-01   1.2577712e-01
   1.7531483e-01   1.2169155e-01
   1.8527345e-01   1.2341475e-01
   1.9167189e-01   1.1647162e-01
   2.0439722e-01   1.2449359e-01
   2.3522541e-01   1.1202927e-01
   2.3607796e-01   1.0744057e-01
   2.3183598e-01   1.1405992e-01
   2.5063111e-01   1.0821830e-01
   2.5145606e-01   1.0682860e-01
   3.0166983e-01   9.6232997e-02
   2.9114797e-01   1.0490757e-01
   2.9257420e-01   9.5287224e-02
   3.2023415e-01   7.5059699e-02
   3.5101282e-01   6.2326936e-02
   3.9274565e-01   6.4308197e-02
   4.9602715e-01  -3.0067652e-02
   4.8973719e-01  -4.5637463e-02
   4.8209260e-01  -4.7969912e-02
   4.6638381e-01  -4.9160642e-02
   4.3892247e-01  -6.4785204e-02
   4.4432627e-01  -4.9807718e-02
   4.4968134e-01  -5.3144207e-02
   4.4345928e-01  -6.6860852e-02
   4.3470378e-01  -6.3651799e-02
   4.2307958e-01  -6.9915462e-02
   4.2537629e-01  -7.5455983e-02
   4.1493114e-01  -7.7117357e-02
   4.0929911e-01  -7.8442930e-02
   4.2470867e-01  -8.6912666e-02
   4.1773678e-01  -9.3054061e-02
   3.9787783e-01  -8.8663490e-02
   3.8470242e-01  -8.9247046e-02
   3.6550140e-01  -8.5738029e-02
   3.5742724e-01  -8.5004776e-02
   3.5185000e-01  -9.5766932e-02
   3.4567732e-01  -9.5205603e-02
   3.3602152e-01  -9.2152191e-02
   3.2891228e-01  -9.1119136e-02
   3.2399239e-01  -9.2257843e-02
   3.1167811e-01  -9.1227254e-02
   2.9070131e-01  -8.6098662e-02
   2.7222766e-01  -8.7367031e-02
   2.6217897e-01  -8.6984851e-02
   2.4586900e-01  -8.5778040e-02
   2.2570083e-01  -9.0195759e-02
   2.1024057e-01  -8.6429358e-02
   2.0394058e-01  -8.7404155e-02
   1.9588822e-01  -8.4516736e-02
   1.9014398e-01  -9.1262975e-02
   1.8169765e-01  -9.0548022e-02
   1.6740664e-01  -9.8402146e-02
   1.5424762e-01  -9.4101906e-02
   1.6792883e-01  -1.0254737e-01
   1.5540778e-01  -1.0167131e-01
   1.4420797e-01  -1.0999489e-01
   1.3989416e-01  -1.1392814e-01
   1.3990738e-01  -1.1932668e-01
   1.1273928e-01  -1.1477578e-01
   9.8901921e-02  -1.2052966e-01
   9.7596919e-02  -1.1995622e-01
   9.8328271e-02  -1.2520309e-01
   8.8495444e-02  -1.2528402e-01
   8.5721210e-02  -1.2629014e-01
  -1.7171324e-01  -6.9002873e-02
  -1.7179899e-01  -6.4572848e-02
  -1.5681755e-01  -6.7601630e-02
  -1.6204951e-01  -5.9720836e-02
  -1.6043549e-01  -5.8250813e-02
  -1.5890934e-01  -3.8433202e-02
  -1.5823049e-01  -2.5271527e-02
  -1.5988018e-01  -1.8769892e-02
  -1.5982151e-01  -2.2261964e-02
  -1.7923335e-01  -1.9718387e-02
  -1.9850276e-01  -1.3246910e-02
  -2.0399549e-01  -1.7811002e-02
  -2.3525363e-01  -8.5536537e-03
  -2.2659560e-01  -1.5262861e-02
  -2.6292912e-01  -1.0746659e-02
  -2.8150075e-01  -1.1534224e-02
  -2.9915656e-01  -1.2381912e-02
  -3.1215615e-01  -1.1623821e-02
  -2.9731575e-01  -1.2231423e-02
  -3.0081541e-01  -2.3282496e-02
  -3.5995932e-01  -1.4043857e-02
  -4.0588108e-01  -9.8625144e-03
  -4.2575503e-01  -3.9317781e-03
  -4.4486982e-01  -8.1417362e-03
  -4.5993398e-01  -1.1950836e-02
  -4.7108350e-01  -6.9151215e-03
  -4.8205479e-01  -7.7886750e-03
  -5.1784013e-01   3.7959221e-03
  -5.4801049e-01   1.0375808e-02
  -5.6039340e-01   1.2843705e-02
  -5.6086182e-01   1.8995465e-02
  -5.5249604e-01   1.6081126e-02
  -5.4906460e-01   1.7640913e-02
  -5.2674452e-01   1.9093048e-02
  -5.0007531e-01   3.1393434e-02
  -4.7806792e-01   3.2297070e-02
  -4.7838841e-01   3.1810873e-02
  -4.5429564e-01   2.4315483e-02
  -4.2966370e-01   2.3275085e-02
  -4.1327916e-01   2.0011789e-02
  -3.9299765e-01   1.8006599e-02
  -3.6992508e-01   8.2815260e-03
  -3.5312972e-01   9.6837328e-03
  -3.3624566e-01   1.1031876e-02
  -3.2449272e-01   1.1046779e-02
  -3.1500394e-01   9.2776247e-03
  -3.1249558e-01   8.8765083e-03
  -2.7284986e-01   6.3104505e-03
   4.3913248e-01   3.3597766e-02
   4.3445009e-01   3.8943452e-02
   4.4818193e-01   4.0930299e-02
   4.3194749e-01   6.2263267e-02
   4.3399323e-01   6.1171581e-02
   4.3430451e-01   6.1464131e-02
   4.3713230e-01   6.0101524e-02
   4.4515181e-01   6.2546738e-02
   4.3826500e-01   6.4080717e-02
   4.0208657e-01   7.9733489e-02
   4.1368043e-01   8.3201752e-02
   3.9818469e-01   9.5463935e-02
   4.2743547e-01   7.7716903e-02
   3.6252300e-01   1.1923781e-01
   3.6936400e-01   1.0609461e-01
   3.1617290e-01   1.2857709e-01
   3.1155760e-01   1.2514065e-01
   2.9976720e-01   1.2753918e-01
   2.7860146e-01   1.4016519e-01
   2.9419192e-01   1.4785115e-01
   2.0464982e-01   1.4733375e-01
   1.8480459e-01   1.7827010e-01
   2.6856266e-01   1.2283705e-01
   1.9090267e-01   1.3054979e-01
   1.7089733e-01   1.5724015e-01
   1.6375157e-01   1.5457382e-01
   1.5634111e-01   1.6582126e-01
   1.4765806e-01   1.8009044e-01
   1.2448481e-01   1.8504857e-01
   9.2704702e-02   1.9654390e-01
   7.8778521e-02   2.0169240e-01
   7.0434824e-02   1.9000911e-01
   2.0735643e-02   1.9934938e-01
   2.6478664e-02   1.9730182e-01
   1.8091148e-02   1.9611681e-01
  -1.0662151e-02   1.9476622e-01
  -6.5588234e-02   1.8767055e-01
  -7.8033878e-02   1.9165302e-01
  -8.2632576e-02   1.9562603e-01
  -7.8512936e-02   1.8794353e-01
  -9.2324192e-02   2.0665917e-01
  -1.0482286e-01   2.0822226e-01
  -1.0500537e-01   2.0131186e-01
  -1.3142650e-01   1.9210770e-01
  -1.7372510e-01   1.9851127e-01
  -1.8830958e-01   2.0592884e-01
  -1.7860509e-01   1.9845424e-01
  -1.9944721e-01   2.1055217e-01
  -1.8493615e-01   1.9997026e-01
  -4.0763072e-01   0.0000000e+00
  -3.8465743e-01  -3.7146871e-03
  -3.5830227e-01  -2.1689746e-02
  -3.6810343e-01  -4.4432145e-02
  -3.2714963e-01  -5.1762968e-02
  -3.1810914e-01  -6.3330064e-02
  -3.0114970e-01  -8.1299378e-02
  -3.2482342e-01  -8.4614721e-02
  -3.0485407e-01  -1.1318471e-01
  -2.5568301e-01  -1.2769922e-01
  -2.3751857e-01  -1.2623696e-01
  -2.2365679e-01  -1.1098292e-01
  -2.1995784e-01  -1.2106533e-01
  -2.0154682e-01  -1.4028182e-01
  -1.5809061e-01  -1.6234778e-01
  -1.5990939e-01  -1.6834954e-01
  -1.3720922e-01  -1.8078975e-01
  -1.3192592e-01  -1.6847025e-01
  -7.4079437e-02  -1.5963424e-01
  -6.8904562e-02  -1.4838845e-01
  -2.4353977e-02  -1.6199476e-01
   2.4282037e-02  -1.6888484e-01
   1.1888059e-02  -1.6646603e-01
   2.3891871e-03  -1.6687464e-01
   2.4791181e-02  -1.7030867e-01
   6.8126668e-02  -1.8060410e-01
   1.0212750e-01  -1.6261391e-01
   1.4341565e-01  -1.5796047e-01
   1.4173546e-01  -1.5590842e-01
   1.7261597e-01  -1.5253474e-01
   2.5475102e-01  -1.2462349e-01
   2.7125212e-01  -1.2457448e-01
   3.2111456e-01  -1.3737285e-01
   3.4841131e-01  -1.0901259e-01
   3.8612114e-01  -1.2725485e-01
   4.1471931e-01  -1.0460621e-01
   4.0949543e-01  -9.8677016e-02
   4.2367015e-01  -8.0333751e-02
   4.5166139e-01  -9.1926531e-02
   4.2163339e-01  -6.3807914e-02
   4.4371477e-01  -7.6114498e-02
   4.3480027e-01  -5.5199565e-02
   4.8499780e-01  -5.5789786e-02
   4.8631999e-01  -5.0255862e-02
   2.9929827e-01   1.8415210e-01
   2.2937483e-01   1.7563978e-01
   2.1249986e-01   1.7677499e-01
   1.6839468e-01   1.9729235e-01
   1.5603175e-01   1.7951274e-01
   1.6491117e-01   2.1467252e-01
   2.4009645e-01   1.4832829e-01
   1.3217149e-01   1.9447518e-01
   1.2954014e-01   2.0102585e-01
   1.2477687e-01   2.0360031e-01
   1.4237301e-01   1.9984659e-01
   1.0875499e-01   2.1030810e-01
   6.2174850e-02   2.2522193e-01
   2.7705896e-02   2.5181215e-01
   2.9855077e-02   2.1146602e-01
   3.2167223e-02   2.0679237e-01
   6.0560582e-03   2.0638077e-01
  -3.0197567e-02   2.0446312e-01
  -7.1896898e-02   2.0965184e-01
  -7.5917687e-02   1.7565542e-01
  -1.0976856e-01   2.0169958e-01
  -1.0486252e-01   1.8321864e-01
  -1.1386459e-01   1.7788478e-01
  -1.3450206e-01   1.5919423e-01
  -1.6574976e-01   1.5770900e-01
  -1.8591060e-01   1.4446628e-01
  -2.0154263e-01   1.3366961e-01
  -2.2085519e-01   1.1805617e-01
  -2.7482582e-01   1.0635017e-01
  -2.9753854e-01   1.0231788e-01
  -2.8167043e-01   9.3290174e-02
  -2.6399571e-01   1.0504683e-01
  -3.6276566e-01   6.0288737e-02
  -3.6072654e-01   8.8306540e-02
  -3.2899965e-01   4.6531079e-02
  -4.0187122e-01   7.7233342e-02
  -3.7339927e-01   5.4016631e-02
  -4.0268780e-01   4.9173833e-02
  -4.0614523e-01   3.6804591e-02
  -4.5468279e-01   3.4215584e-02
  -4.5002465e-01   1.5061641e-02
  -4.7893120e-01   2.1904639e-02
  -4.8063556e-01   8.1846880e-03
  -4.7999884e-01  -6.3048252e-03
  -4.8449737e-01  -2.1182726e-02
  -5.0646176e-01  -2.0446238e-02
  -5.2795650e-01  -2.1721578e-02
  -4.8866487e-01  -4.9191562e-02
  -5.2791544e-01  -5.0808458e-02
   1.5608399e-01  -2.0983649e-01
   1.5918207e-01  -2.0440016e-01
   1.8028536e-01  -1.9591502e-01
   2.1603815e-01  -1.7011080e-01
   2.6430357e-01  -1.6647595e-01
   2.8613521e-01  -1.6165232e-01
   2.9431212e-01  -1.5864379e-01
   3.1498009e-01  -1.3907420e-01
   3.4484571e-01  -1.4303206e-01
   3.8257869e-01  -1.3109427e-01
   3.9525336e-01  -1.1796207e-01
   3.9234933e-01  -1.0191950e-01
   4.0405622e-01  -9.3230521e-02
   4.2403814e-01  -8.3387590e-02
   4.5352632e-01  -8.3956255e-02
   4.7681464e-01  -8.2376323e-02
   4.8795072e-01  -6.6664082e-02
   4.9246164e-01  -6.0283784e-02
   5.0970683e-01  -4.7078997e-02
   5.1934504e-01  -3.3114081e-02
   5.3977275e-01  -1.9579084e-02
   5.5598081e-01  -1.8282946e-02
   5.4672136e-01  -8.2684949e-03
   5.7253462e-01  -2.1612691e-03
   5.7637751e-01   8.6344633e-03
   5.6566018e-01   2.2542933e-02
   5.4580391e-01   4.2261998e-02
   5.3873350e-01   4.0369659e-02
   5.2434217e-01   4.5849640e-02
   5.1905617e-01   4.7288126e-02
   5.1667944e-01   5.4092952e-02
   5.2048455e-01   7.2271531e-02
   5.4922351e-01   8.5647586e-02
   5.6559019e-01   9.4941558e-02
   5.5973126e-01   1.0100418e-01
   5.6051372e-01   1.0782891e-01
   5.3691984e-01   1.2331869e-01
   5.3573350e-01   1.2619918e-01
   4.9353021e-01   1.4698318e-01
   4.7917382e-01   1.4700777e-01
   4.5534919e-01   1.6305308e-01
   4.3438061e-01   1.7944078e-01
   4.2031843e-01   1.7541563e-01
   3.9305331e-01   1.7543902e-01
   3.6045586e-01   1.7656475e-01
   3.3833646e-01   1.8613077e-01
   3.1536576e-01   1.9377602e-01
   3.4788464e-01   1.7760464e-01
   3.0064742e-01   1.9070156e-01
  -2.1678418e-01   2.3244771e-01
  -2.9352002e-01   2.1644917e-01
  -3.3814754e-01   1.9085753e-01
  -3.2073065e-01   1.4536057e-01
  -3.3608298e-01   1.8469143e-01
  -3.6800258e-01   1.7179578e-01
  -3.3108493e-01   1.6598148e-01
  -3.4308799e-01   1.5929636e-01
  -3.9953153e-01   1.7677021e-01
  -3.6572984e-01   1.7128752e-01
  -3.9095181e-01   1.2954975e-01
  -4.1009193e-01   1.7818690e-01
  -3.8256557e-01   1.2884852e-01
  -4.7492847e-01   1.4145667e-01
  -4.1265732e-01   1.4766470e-01
  -4.5346739e-01   9.7092772e-02
  -4.7975942e-01   1.3140945e-01
  -4.9192901e-01   1.1137026e-01
  -5.2883350e-01   1.2183060e-01
  -5.7713767e-01   1.1531493e-01
  -5.2497293e-01   1.4591990e-01
  -4.8870150e-01   8.7661005e-02
  -5.5675643e-01   1.2261258e-01
  -4.7879514e-01   8.0109364e-02
  -5.6991029e-01   8.9501449e-02
  -5.7112527e-01   8.3160734e-02
  -5.2825752e-01   8.5673961e-02
  -5.3864200e-01   6.7299881e-02
  -5.5969379e-01   8.2581722e-02
  -5.7544412e-01   6.1925217e-02
  -5.9907518e-01   6.3484110e-02
  -5.5242677e-01   5.9603349e-02
  -4.8841314e-01   6.2672177e-02
  -4.9565072e-01   6.3538241e-02
  -5.6989930e-01   4.9822188e-02
  -6.0848980e-01   2.2169884e-02
  -5.5109178e-01   1.5384368e-02
  -5.2470240e-01   9.4201284e-03
  -5.2984545e-01   2.2293235e-02
  -5.1144837e-01  -1.3406689e-03
  -5.3376041e-01  -2.5962741e-03
  -4.8723489e-01  -2.1384285e-02
  -4.7428719e-01  -2.7322604e-02
  -4.3894060e-01  -4.0393786e-02
  -4.3981487e-01  -3.9295786e-02
  -4.6354587e-01  -4.5358998e-02
  -4.3912838e-01  -4.4862336e-02
  -3.9956707e-01  -6.4961152e-02
  -4.0484177e-01  -6.9934761e-02
