   9.7885710e-02   2.2884390e-02
   8.5328974e-02   2.1056407e-02
   8.0449231e-02   2.1500767e-02
   8.6637390e-02   2.0636612e-02
   8.1748749e-02   2.1520549e-02
   8.0622988e-02   1.9784536e-02
   7.5655186e-02   2.0648647e-02
   7.5428357e-02   2.1025822e-02
   7.0847351e-02   2.0233991e-02
   7.4361547e-02   2.0629554e-02
   7.3283624e-02   2.1111296e-02
   7.4291657e-02   2.0170767e-02
   7.8018672e-02   2.0625791e-02
   7.5726412e-02   2.1108781e-02
   7.0830549e-02   2.2433338e-02
   7.3211301e-02   2.1090488e-02
   6.9351752e-02   2.0155557e-02
   6.7119500e-02   1.9777877e-02
   7.3221272e-02   1.9772332e-02
   7.5566159e-02   2.2383921e-02
   7.2977305e-02   2.3218757e-02
   7.0764155e-02   2.1971786e-02
   6.8199093e-02   2.0615118e-02
   7.0783639e-02   1.9335172e-02
   6.6992979e-02   1.8861657e-02
   6.8202177e-02   2.0176499e-02
   6.4545570e-02   2.0618394e-02
   6.2343604e-02   2.2463890e-02
   6.1015016e-02   2.0222564e-02
   6.3268265e-02   2.0160884e-02
   6.1022971e-02   1.8903701e-02
   6.0772320e-02   2.0580955e-02
   6.2299581e-02   1.9801504e-02
   5.9730281e-02   2.1082022e-02
   5.7408173e-02   2.0685536e-02
   6.5766384e-02   2.0178655e-02
   6.2173946e-02   2.0201636e-02
   6.0897495e-02   1.9743980e-02
   5.9789229e-02   2.1102825e-02
   6.3211570e-02   1.9265374e-02
   6.5689419e-02   2.1911752e-02
   6.6915337e-02   2.0595958e-02
   6.7047296e-02   2.0636542e-02
   6.8128839e-02   2.1033038e-02
   7.4361547e-02   2.0629554e-02
   7.1913269e-02   2.1948896e-02
   7.4347350e-02   2.2385260e-02
   7.5655186e-02   2.0648647e-02
   7.0637969e-02   2.0174264e-02
   7.4515186e-02   1.9790670e-02
   9.9026015e-02   2.1541206e-02
   9.8708390e-02   2.3669364e-02
   1.0481232e-01   2.2783494e-02
   1.0136596e-01   2.1955691e-02
   1.0259707e-01   2.1075750e-02
   9.7619594e-02   2.0622974e-02
   1.0280018e-01   2.1117279e-02
   1.0370609e-01   2.1930540e-02
   1.0145604e-01   2.2856397e-02
   1.0248602e-01   2.1932340e-02
   9.8928200e-02   2.1520014e-02
   1.0118047e-01   2.0597836e-02
   1.0128493e-01   2.0179391e-02
   1.0493123e-01   2.1490144e-02
   1.0258724e-01   2.1953907e-02
   9.8913545e-02   2.2837566e-02
   1.0023874e-01   2.2418656e-02
   9.8751234e-02   1.9724470e-02
   9.9035332e-02   2.0661973e-02
   9.5367357e-02   2.0666784e-02
   9.4033661e-02   2.2405280e-02
   9.7504722e-02   2.2356145e-02
   1.0014954e-01   2.1518306e-02
   9.8825803e-02   2.1937617e-02
   1.0025332e-01   2.1099911e-02
   1.0127084e-01   2.1495438e-02
   9.5264192e-02   2.1525015e-02
   9.6195825e-02   2.1897973e-02
   9.7702134e-02   2.1960920e-02
   9.7331399e-02   2.0562337e-02
   9.6886219e-02   1.9844472e-02
   9.6299842e-02   2.1042701e-02
   9.9217394e-02   2.2024198e-02
   9.3746408e-02   2.3215359e-02
   9.2547272e-02   2.1464848e-02
   9.2825924e-02   2.1088894e-02
   8.9342418e-02   2.0694809e-02
   8.6466707e-02   2.0596068e-02
   8.5489367e-02   2.1976984e-02
   9.0023157e-02   2.1446909e-02
   9.0209089e-02   2.0611964e-02
   8.2820593e-02   1.9723628e-02
   8.5328974e-02   2.1056407e-02
   8.3073261e-02   1.8902751e-02
   7.9226483e-02   2.1940955e-02
   8.0604261e-02   2.1982818e-02
   7.7926969e-02   2.2359172e-02
   7.9156005e-02   2.1042609e-02
   7.8011376e-02   2.1503485e-02
   6.3509462e-02   2.1560552e-02
   6.5952133e-02   2.1558318e-02
   6.5828254e-02   2.0637637e-02
   6.2285111e-02   2.2001671e-02
   5.3577421e-02   2.1943772e-02
   5.5972970e-02   1.9289826e-02
   5.8466600e-02   1.8868267e-02
   5.8684872e-02   2.1145561e-02
   6.0880445e-02   2.2376510e-02
   6.7179777e-02   2.0677285e-02
   6.8186098e-02   2.2369596e-02
   6.5964263e-02   1.9798455e-02
   6.4730797e-02   2.1559446e-02
   6.8401227e-02   2.0676164e-02
   7.1849297e-02   2.1050210e-02
   7.3135665e-02   2.1508673e-02
   7.3056534e-02   2.2364556e-02
   7.6961657e-02   1.9348535e-02
   7.8095675e-02   2.0646111e-02
   7.8018672e-02   2.0625791e-02
   8.2980422e-02   2.0201636e-02
   8.5480841e-02   2.2856063e-02
   8.1910407e-02   2.1563019e-02
   8.1515047e-02   2.0581354e-02
   7.9397893e-02   2.0225486e-02
   8.1679498e-02   2.0183088e-02
   8.4276168e-02   2.1099335e-02
   8.2891003e-02   2.1059232e-02
   8.6526676e-02   2.3248191e-02
   8.5161048e-02   2.1015073e-02
   8.0532431e-02   2.1082720e-02
   8.5428530e-02   1.9320707e-02
   8.9081924e-02   2.0194704e-02
   9.1509794e-02   2.1508652e-02
   8.5303547e-02   2.3688458e-02
   8.9161743e-02   2.1093490e-02
   9.0656028e-02   2.0713759e-02
   9.5071780e-02   2.1921150e-02
   9.3677153e-02   2.1004615e-02
   9.8733147e-02   2.1477756e-02
   9.5174691e-02   2.1064997e-02
   9.2729924e-02   2.1507072e-02
   9.3677153e-02   2.1004615e-02
   9.7918347e-02   1.9803799e-02
   9.9965953e-02   2.0161197e-02
   1.0737149e-01   2.1486513e-02
   1.0013470e-01   2.2835754e-02
   1.0461136e-01   2.2301591e-02
   9.7518827e-02   2.1041078e-02
   9.1491578e-02   2.3264460e-02
   8.8977435e-02   2.1929187e-02
   8.5400806e-02   2.2394456e-02
   8.0370000e-02   2.1479631e-02
   8.4200723e-02   2.0200288e-02
   8.1599033e-02   2.0163251e-02
   8.0536165e-02   2.0643496e-02
   8.1763754e-02   1.9763769e-02
   8.0441395e-02   2.2378349e-02
   7.8076813e-02   2.2842506e-02
   8.0358164e-02   2.2794711e-02
   7.9461466e-02   2.2005922e-02
   8.0539822e-02   2.0204273e-02
   7.6951380e-02   2.0667753e-02
   8.0373790e-02   2.1041272e-02
   8.0532431e-02   2.1082720e-02
   8.4101959e-02   2.1935239e-02
   7.9241304e-02   2.0185679e-02
   7.9319521e-02   2.0205563e-02
   7.4434941e-02   2.0649885e-02
   7.6796076e-02   2.1065939e-02
   7.6799630e-02   2.0627065e-02
   7.6784968e-02   2.2382560e-02
   7.5584013e-02   2.0189419e-02
   6.9553961e-02   2.0654637e-02
   6.6912252e-02   2.1034170e-02
   6.7116518e-02   2.0217385e-02
   6.8263179e-02   2.1074478e-02
   6.9348622e-02   2.0593721e-02
   6.2168252e-02   2.1079968e-02
   6.4548488e-02   2.0179704e-02
   6.7053307e-02   1.9758391e-02
   6.7053307e-02   1.9758391e-02
   6.3566028e-02   2.2462756e-02
   6.4675917e-02   2.0219515e-02
   6.3333395e-02   1.9742022e-02
   6.2115445e-02   1.9743011e-02
   6.3265409e-02   2.0599164e-02
   6.0954849e-02   2.0202630e-02
   6.8266338e-02   2.0635427e-02
   7.0634774e-02   2.0612835e-02
   6.8320644e-02   2.2413713e-02
   6.5763411e-02   2.0617322e-02
   6.5964263e-02   1.9798455e-02
   6.9571894e-02   1.8017875e-02
   7.1984227e-02   2.1970533e-02
   6.6971777e-02   2.1932159e-02
   7.0694400e-02   2.1950146e-02
   7.0767574e-02   2.1532350e-02
   8.1591574e-02   2.1039914e-02
   8.4276168e-02   2.1099335e-02
   9.2564193e-02   1.9712615e-02
   9.1346243e-02   1.9714058e-02
   9.6295292e-02   2.1481091e-02
   9.6076721e-02   2.4064158e-02
   9.1306690e-02   2.3656869e-02
   9.5556354e-02   2.0707586e-02
   1.0250057e-01   2.0616400e-02
   1.0828118e-01   2.0547239e-02
   1.0605663e-01   2.0591046e-02
   1.0358827e-01   2.3223563e-02
   1.0236959e-01   2.3225466e-02
   1.0471951e-01   2.1885734e-02
   1.0625107e-01   2.1948426e-02
   1.0260184e-01   2.0636672e-02
   1.0117100e-01   2.1474339e-02
   9.6295292e-02   2.1481091e-02
   9.3940886e-02   2.2383246e-02
   9.5160898e-02   2.2381559e-02
   9.8737812e-02   2.1039434e-02
   9.5085256e-02   2.0605881e-02
   9.2742825e-02   2.0190313e-02
   8.7936177e-02   2.1534461e-02
   8.6450232e-02   2.2348925e-02
   8.8964048e-02   2.3244938e-02
   8.7766944e-02   2.1053502e-02
   8.8994080e-02   2.0174852e-02
   8.6816576e-02   1.9797430e-02
   8.2720009e-02   2.1893626e-02
   8.1829499e-02   2.1541763e-02
   8.0516713e-02   2.2839613e-02
   8.2891003e-02   2.1059232e-02
   8.1599033e-02   2.0163251e-02
   7.6944155e-02   2.1547232e-02
   7.0777419e-02   2.0214043e-02
   6.9485380e-02   2.0634292e-02
   7.5648096e-02   2.1527313e-02
   7.5343374e-02   2.2318008e-02
   7.8246496e-02   2.1127018e-02
   7.3139120e-02   2.1069720e-02
   6.9482164e-02   2.1073319e-02
   7.2068857e-02   2.0232835e-02
   7.4281363e-02   2.1486252e-02
   7.6734165e-02   1.9291455e-02
   6.9488528e-02   2.0195264e-02
   6.8266338e-02   2.0635427e-02
   6.4669982e-02   2.1098625e-02
   6.9335434e-02   2.2346378e-02
   4.8622189e-02   1.9713762e-02
   4.5015772e-02   2.0612515e-02
   4.8661166e-02   2.1487233e-02
   5.1110022e-02   1.8416162e-02
   5.2418795e-02   2.0648365e-02
   5.1298537e-02   2.1130253e-02
   5.4908476e-02   2.1106699e-02
   5.1189979e-02   2.2406601e-02
   5.2408788e-02   2.2405673e-02
   5.1149319e-02   2.0628871e-02
   4.8809797e-02   2.0671265e-02
   5.1204344e-02   1.9770530e-02
   5.4812437e-02   1.8870827e-02
   5.6133815e-02   2.0226354e-02
   5.9724580e-02   2.1960439e-02
   5.9604145e-02   2.2355570e-02
   6.0840185e-02   1.9286232e-02
   5.5962975e-02   2.1043446e-02
   5.4753801e-02   1.9729102e-02
   5.9687121e-02   1.8428601e-02
   6.0769524e-02   2.1018848e-02
   6.3440598e-02   2.2418437e-02
   6.3518314e-02   2.0240519e-02
   6.2235317e-02   2.0221567e-02
   5.9665765e-02   2.1938811e-02
   6.4487810e-02   1.9721600e-02
   6.9488528e-02   2.0195264e-02
   6.8202177e-02   2.0176499e-02
   6.8333716e-02   2.0655775e-02
   7.0716825e-02   1.8877125e-02
   6.8131979e-02   2.0594849e-02
   6.7044193e-02   2.1075617e-02
   6.4539545e-02   2.1495772e-02
   6.3443725e-02   2.1978860e-02
   5.7400004e-02   2.2005889e-02
   6.0834870e-02   2.0162879e-02
   6.0892047e-02   2.0621490e-02
   6.2173946e-02   2.0201636e-02
   6.7050334e-02   2.0197466e-02
   6.9488528e-02   2.0195264e-02
   6.9407114e-02   2.1929773e-02
   6.9550736e-02   2.1094097e-02
   7.3152235e-02   1.9313910e-02
   7.5290360e-02   1.9673050e-02
   6.7107182e-02   2.1535910e-02
   7.2933283e-02   1.9694684e-02
   7.4497877e-02   2.1989634e-02
   7.4347350e-02   2.2385260e-02
   9.5057476e-02   2.3236419e-02
   1.0126096e-01   2.2372803e-02
   1.0871888e-01   1.9750202e-02
   1.0493620e-01   2.1051570e-02
   9.9838932e-02   2.2768566e-02
   1.0013974e-01   2.2396605e-02
   1.0127563e-01   2.1056755e-02
   9.9862957e-02   2.0579281e-02
   9.8820932e-02   2.2376369e-02
   9.7418181e-02   2.1458361e-02
   9.7706864e-02   2.1521702e-02
   9.5268711e-02   2.1085729e-02
   9.3769421e-02   2.1025231e-02
   9.7702134e-02   2.1960920e-02
   9.8835256e-02   2.1060112e-02
   9.6299842e-02   2.1042701e-02
   9.6285913e-02   2.2357870e-02
   9.5160898e-02   2.2381559e-02
   9.8820932e-02   2.2376369e-02
   9.2638508e-02   2.1485939e-02
   9.5165588e-02   2.1942705e-02
   9.3967300e-02   1.9749923e-02
   8.9934671e-02   2.1425891e-02
   9.0548860e-02   2.2454454e-02
   8.7831915e-02   2.3269453e-02
   9.0027394e-02   2.1009217e-02
   8.7758566e-02   2.1930732e-02
   8.5324942e-02   2.1495083e-02
   8.7940349e-02   2.1094982e-02
   8.7944435e-02   2.0655503e-02
   8.4109988e-02   2.1057830e-02
   8.3132951e-02   2.1561596e-02
   8.6543870e-02   2.1493610e-02
   8.4038543e-02   1.9722317e-02
   8.2816929e-02   2.0161930e-02
   7.9234047e-02   2.1063317e-02
   7.5347058e-02   2.1880400e-02
   7.9465321e-02   2.1565803e-02
   7.9394281e-02   2.0665170e-02
   8.0377502e-02   2.0602912e-02
   7.9390593e-02   2.1104854e-02
   7.4291657e-02   2.0170767e-02
   6.9547443e-02   2.1533558e-02
   7.6569600e-02   2.1003914e-02
   7.0701149e-02   2.1072140e-02
   6.7122416e-02   1.9338368e-02
   6.9426149e-02   1.9298200e-02
   6.4603170e-02   2.1516955e-02
   6.8465684e-02   2.1136946e-02
   6.8146696e-02   1.8403908e-02
   7.4511869e-02   2.0230463e-02
   7.9166744e-02   1.9727446e-02
   8.0449231e-02   2.1500767e-02
   8.4272170e-02   2.1538904e-02
   7.8095675e-02   2.0646111e-02
   8.1837182e-02   2.0662508e-02
   8.5424818e-02   1.9759814e-02
   8.1668159e-02   2.1499376e-02
   7.9390593e-02   2.1104854e-02
   8.0532431e-02   2.1082720e-02
   8.1829499e-02   2.1541763e-02
   8.2891003e-02   2.1059232e-02
   8.6555886e-02   2.0177675e-02
   8.5582105e-02   2.1118714e-02
   8.5489367e-02   2.1976984e-02
   8.6629271e-02   2.1514766e-02
   8.4097822e-02   2.2373944e-02
   8.7422176e-02   2.0971030e-02
   8.5505423e-02   2.0218825e-02
   8.8010059e-02   2.2875431e-02
   9.2568199e-02   1.9274557e-02
   9.5156115e-02   2.2820413e-02
   9.1509794e-02   2.1508652e-02
   9.5353760e-02   2.1985941e-02
   9.4148989e-02   2.0228596e-02
   9.7514219e-02   2.1479433e-02
   1.0394431e-01   1.8897385e-02
   1.0371601e-01   2.1053318e-02
   1.0289712e-01   2.1578482e-02
   1.0351170e-01   2.1012043e-02
   1.0381847e-01   2.1074017e-02
   1.0736630e-01   2.1925013e-02
   1.0703883e-01   2.2735057e-02
   1.0006463e-01   2.0181009e-02
   9.8733147e-02   2.1477756e-02
   9.6195825e-02   2.1897973e-02
   1.0126595e-01   2.1934120e-02
   9.8626320e-02   2.2332472e-02
   1.0249097e-01   2.1493694e-02
   1.0238993e-01   2.1472600e-02
   1.0341461e-01   2.0554144e-02
   9.8835256e-02   2.1060112e-02
   9.8844326e-02   2.0182607e-02
   9.8635909e-02   2.1456688e-02
   8.1693509e-02   1.8428037e-02
   8.0437361e-02   2.2817140e-02
   7.9206234e-02   2.4135051e-02
   7.8007614e-02   2.1942331e-02
   7.8260610e-02   1.9366433e-02
   7.9105142e-02   1.7518285e-02
   8.2898595e-02   2.0181764e-02
   8.1748749e-02   2.1520549e-02
   8.4259687e-02   2.2857613e-02
   8.0524728e-02   2.1961166e-02
   8.0539822e-02   2.0204273e-02
   8.2820593e-02   1.9723628e-02
   8.0391574e-02   1.8849472e-02
   7.9085331e-02   2.0146028e-02
   8.1511289e-02   2.1019255e-02
   8.0362187e-02   2.2356351e-02
   8.1660204e-02   2.2376902e-02
   8.2902270e-02   1.9743030e-02
   8.1770781e-02   1.8885380e-02
   8.5248866e-02   2.0597476e-02
   8.1579796e-02   2.2354909e-02
   8.0532431e-02   2.1082720e-02
   7.5715415e-02   2.2428079e-02
   7.2058812e-02   2.1552367e-02
   7.9173520e-02   1.8850671e-02
   8.0633283e-02   1.8465567e-02
   8.4291339e-02   1.9341057e-02
   7.9222586e-02   2.2379774e-02
   7.5417490e-02   2.2339936e-02
   7.5350670e-02   2.1442792e-02
   7.8025666e-02   1.9748098e-02
   7.5573520e-02   2.1506120e-02
   7.5448128e-02   1.8397594e-02
   6.7047296e-02   2.0636542e-02
   6.3327729e-02   2.0619446e-02
   5.9607066e-02   2.1917226e-02
   6.0892047e-02   2.0621490e-02
   6.7128054e-02   1.8459352e-02
   6.4612140e-02   2.0199590e-02
   6.3318771e-02   2.1935580e-02
   5.9780564e-02   2.2421752e-02
   5.8338743e-02   2.1020843e-02
   5.9851074e-02   2.0683594e-02
   6.2307537e-02   1.8481404e-02
   6.4482052e-02   2.0598115e-02
   6.4551345e-02   1.9741015e-02
   6.3446790e-02   2.1539283e-02
   6.2168252e-02   2.1079968e-02
   5.9665765e-02   2.1938811e-02
   5.7297558e-02   2.0205494e-02
   9.1690755e-02   2.1551052e-02
   9.6096479e-02   2.2314038e-02
   9.7619594e-02   2.0622974e-02
   9.7605731e-02   2.1939334e-02
   9.4033661e-02   2.2405280e-02
   1.0004094e-01   2.2374596e-02
   9.8820932e-02   2.2376369e-02
   9.6385659e-02   2.1941030e-02
   9.2821521e-02   2.1528246e-02
   9.5289917e-02   1.8889299e-02
   9.9965953e-02   2.0161197e-02
   1.0737149e-01   2.1486513e-02
   1.1611233e-01   2.3710796e-02
   1.1090606e-01   2.2773726e-02
   1.0834487e-01   2.4068196e-02
   1.0969821e-01   2.1899734e-02
   1.1447705e-01   2.0558274e-02
   1.1946609e-01   2.0570769e-02
   1.1722485e-01   2.3246711e-02
   1.1601556e-01   2.2371552e-02
   1.1489009e-01   2.3712978e-02
   1.1366179e-01   2.4154307e-02
   1.1602128e-01   2.1932895e-02
   1.1093280e-01   2.0583945e-02
   1.0858638e-01   2.1923129e-02
   1.0838284e-01   2.1004971e-02
   1.0247057e-01   2.3248281e-02
   9.8903296e-02   2.3715934e-02
   9.0204915e-02   2.1050517e-02
   8.6824067e-02   1.8917544e-02
   8.7793591e-02   1.7983200e-02
   8.0539822e-02   2.0204273e-02
   7.7854126e-02   2.1899224e-02
   7.1913269e-02   2.1948896e-02
   7.1916737e-02   2.1509918e-02
   6.9494623e-02   1.9317209e-02
   6.9488528e-02   2.0195264e-02
   7.0716825e-02   1.8877125e-02
   6.8465684e-02   2.1136946e-02
   6.9619443e-02   2.1114916e-02
   6.5873936e-02   2.3295182e-02
   7.0697809e-02   2.1511143e-02
   7.0713827e-02   1.9316128e-02
   6.5839802e-02   1.8881242e-02
   7.0923677e-02   1.9373371e-02
   7.3056534e-02   2.2364556e-02
   7.6875431e-02   2.0647389e-02
   8.2972808e-02   2.1079968e-02
   8.4338636e-02   2.3320164e-02
   8.5336789e-02   2.0179057e-02
