  -1.5721386e-01   1.4055612e-02
   3.4309794e-02   1.8552909e-02
   3.6761995e-02   1.8110138e-02
   4.4102933e-02   2.0756353e-02
   5.4064299e-02   2.0811697e-02
   6.4858929e-02   2.1602105e-02
   6.4935196e-02   1.9858314e-02
   6.6174230e-02   1.7650906e-02
   6.8675758e-02   2.0316460e-02
   6.7503574e-02   2.2106224e-02
   7.8615638e-02   2.3443454e-02
   8.7136632e-02   2.2525946e-02
   9.3185174e-02   2.2054450e-02
   1.0795072e-01   1.7185864e-02
   1.1282952e-01   1.9822847e-02
   1.2664112e-01   2.3832789e-02
   1.3226976e-01   2.3287504e-02
   1.1185550e-01   2.6069395e-02
   1.1523780e-01   2.3342654e-02
   1.1807582e-01   2.0757580e-02
   1.2636089e-01   1.6281683e-02
   1.2411344e-01   1.9845057e-02
   1.3045939e-01   2.3848958e-02
   1.3275927e-01   2.5584909e-02
   1.3760514e-01   2.1584243e-02
   1.4522052e-01   2.4258513e-02
   1.4621248e-01   2.1127018e-02
   1.5604923e-01   2.0666986e-02
   1.6221482e-01   1.9335596e-02
   1.5581427e-01   2.5039670e-02
   1.5886115e-01   2.6895465e-02
   1.5977458e-01   2.6839310e-02
   1.6760756e-01   2.0703892e-02
   1.8043611e-01   2.1029959e-02
   1.8185264e-01   2.0608962e-02
   1.8086936e-01   2.5925089e-02
   1.8562771e-01   2.5007327e-02
   1.8702138e-01   2.5906215e-02
   1.8350182e-01   2.6382652e-02
   1.9655932e-01   2.2322898e-02
   1.9972268e-01   2.5917118e-02
   1.9869943e-01   2.5506717e-02
   2.0728886e-01   2.7235190e-02
   2.1538107e-01   2.3624436e-02
   2.2864609e-01   2.1921140e-02
   2.1318629e-01   2.1465004e-02
   2.0896082e-01   2.5808392e-02
   2.1715847e-01   2.4856254e-02
   2.9770409e-01   2.6765375e-02
   2.9662285e-01   2.9074193e-02
   3.0078092e-01   2.6371327e-02
   2.9673699e-01   2.6470534e-02
   2.9031675e-01   2.5173253e-02
   2.8318721e-01   2.5230669e-02
   2.7674338e-01   2.4798857e-02
   2.7279509e-01   2.3921154e-02
   2.6733042e-01   2.6634873e-02
   2.6371625e-01   2.8719737e-02
   2.6376707e-01   2.7414294e-02
   2.6094625e-01   2.2593649e-02
   2.6243834e-01   2.2610663e-02
   2.6162621e-01   2.5708771e-02
   2.5545578e-01   2.5734631e-02
   2.4602118e-01   2.7437812e-02
   2.4329828e-01   2.7559391e-02
   2.4267249e-01   2.4426560e-02
   2.4372642e-01   2.2220035e-02
   2.4371395e-01   2.2655722e-02
   2.4145399e-01   2.3994902e-02
   2.3716696e-01   2.6271741e-02
   2.3250444e-01   2.7057798e-02
   2.3300980e-01   2.5798273e-02
   2.3039157e-01   2.3160759e-02
   2.2502680e-01   2.2696115e-02
   2.1916039e-01   2.0114228e-02
   2.1767095e-01   2.4614402e-02
   2.0726280e-01   2.8113744e-02
   1.9802191e-01   2.8501687e-02
   2.0036816e-01   2.5399582e-02
   2.0293325e-01   2.1013670e-02
   1.9820127e-01   2.1485887e-02
   1.9997833e-01   2.3743889e-02
   1.9524584e-01   2.5828515e-02
   1.8472226e-01   2.6818449e-02
   1.7735454e-01   2.5961515e-02
   1.6862157e-01   2.3320951e-02
   1.6779765e-01   1.9401398e-02
   1.6623921e-01   1.8925805e-02
   1.5155667e-01   2.2503080e-02
   1.4286893e-01   2.6054411e-02
   1.4509169e-01   2.3353397e-02
   1.3895807e-01   2.2484871e-02
   1.3405249e-01   2.1612533e-02
   1.2288460e-01   1.9847016e-02
   1.2166111e-01   1.9407868e-02
   1.1825665e-01   2.4781401e-02
   1.1289188e-01   2.3810888e-02
   1.0918018e-01   2.6022538e-02
   1.0076537e-01   1.9879028e-02
  -4.1623986e-02   1.7648693e-02
  -4.4072456e-02   1.7647479e-02
  -4.2888994e-02   1.8107239e-02
  -4.6563291e-02   1.8546879e-02
  -5.5142993e-02   1.8100109e-02
  -5.6261259e-02   1.7182351e-02
  -7.0050325e-02   1.9028124e-02
  -6.7466570e-02   1.7667452e-02
  -5.8826055e-02   1.6773408e-02
  -6.6043268e-02   1.7616019e-02
  -7.1076025e-02   1.7647019e-02
  -7.2229858e-02   1.7628559e-02
  -8.5955205e-02   1.7226920e-02
  -8.9553430e-02   1.6765064e-02
  -9.8060567e-02   1.4537117e-02
  -1.0763024e-01   1.7135153e-02
  -1.1677830e-01   1.6326478e-02
  -1.1913085e-01   1.4985091e-02
  -1.1667056e-01   1.5428735e-02
  -1.2033729e-01   1.7187137e-02
  -1.2525842e-01   1.6299352e-02
  -1.3237290e-01   1.5378541e-02
  -1.4312491e-01   1.4895239e-02
  -1.4340885e-01   1.4924429e-02
  -1.4109257e-01   1.5381930e-02
  -1.4368397e-01   1.5833364e-02
  -1.5367697e-01   1.4514434e-02
  -1.5840919e-01   1.6688950e-02
  -1.6927300e-01   1.7967915e-02
  -1.7894855e-01   1.5306691e-02
  -1.8387516e-01   1.3549610e-02
  -1.8635767e-01   1.0923922e-02
  -1.9615060e-01   1.2220098e-02
  -1.9977804e-01   1.5704237e-02
  -1.9592033e-01   1.4824331e-02
  -2.0469468e-01   1.4822382e-02
  -2.1104634e-01   1.3952606e-02
  -2.1309635e-01   1.2615998e-02
  -2.2475202e-01   1.4811184e-02
  -2.2868584e-01   1.3510155e-02
  -2.4342432e-01   1.4350102e-02
  -2.4640728e-01   1.2567388e-02
  -2.4760293e-01   1.4298088e-02
  -2.4913283e-01   1.0840151e-02
  -2.5203023e-01   1.4330813e-02
  -2.6040142e-01   1.2997548e-02
  -2.7584426e-01   1.1644355e-02
  -2.7204956e-01   1.1164953e-02
  -2.7071011e-01   9.0557385e-03
  -2.7912717e-01   1.1672505e-02
  -1.5213977e-01   1.4926796e-02
  -1.5135319e-01   1.5853322e-02
  -1.4970031e-01   1.3612986e-02
  -1.3986567e-01   1.5383648e-02
  -1.3701733e-01   1.4026834e-02
  -1.2963006e-01   1.8421913e-02
  -1.1731968e-01   1.4912984e-02
  -1.1530650e-01   1.7617097e-02
  -1.1049592e-01   1.8963911e-02
  -1.0201967e-01   1.7227090e-02
  -1.0202356e-01   1.6785370e-02
  -9.5703990e-02   1.4553735e-02
  -8.8154918e-02   1.6292815e-02
  -7.8674540e-02   1.5923855e-02
  -7.9874989e-02   1.9903551e-02
  -7.6289087e-02   1.6384480e-02
  -5.8830343e-02   1.5890597e-02
  -5.6366090e-02   1.8540745e-02
  -5.7758306e-02   1.9480658e-02
  -5.8826055e-02   1.6773408e-02
  -4.5395000e-02   1.5471646e-02
  -2.8276563e-02   1.4622658e-02
  -1.9623387e-02   1.9460759e-02
  -1.1036152e-02   2.1231755e-02
  -6.1372826e-03   2.1253468e-02
  -8.5879423e-03   1.5924068e-02
  -3.6725585e-03   1.8100118e-02
  -1.2238117e-03   2.1190466e-02
   3.6681424e-03   2.0287324e-02
   6.1218693e-03   1.6334124e-02
   8.5866544e-03   1.7693409e-02
   8.5828449e-03   2.2116761e-02
   1.5955390e-02   2.2137452e-02
   2.9401955e-02   2.0763716e-02
   4.0524784e-02   1.6374260e-02
   4.7920629e-02   2.0815975e-02
   5.7684873e-02   2.2115133e-02
   6.3764436e-02   2.1204296e-02
   6.2594223e-02   2.2110852e-02
   6.1309027e-02   2.1648228e-02
   6.3761388e-02   2.1646052e-02
   7.0037842e-02   2.0798182e-02
   7.7267085e-02   1.9425167e-02
   8.8476911e-02   1.9894129e-02
   8.5573887e-02   2.1998660e-02
   8.8433145e-02   2.4315047e-02
   9.3198541e-02   2.0731183e-02
   1.0034778e-01   2.1560721e-02
   1.0914540e-01   2.0268747e-02
   1.1033977e-01   2.2910487e-02
   2.1131183e-01   2.1843138e-02
   2.1496464e-01   2.3142120e-02
   2.4204165e-01   1.9329744e-02
   2.3777966e-01   2.4757573e-02
   2.2869173e-01   2.3556503e-02
   2.2136197e-01   2.9286689e-02
   2.2870386e-01   2.3120271e-02
   2.2996867e-01   2.1807669e-02
   2.2771253e-01   2.2709981e-02
   2.2890692e-01   2.4015882e-02
   2.3013760e-01   2.4011571e-02
   2.3272136e-01   2.7520736e-02
   2.2935066e-01   2.4499806e-02
   2.2872744e-01   2.2247808e-02
   2.3238031e-01   2.3543780e-02
   2.3162361e-01   2.3156572e-02
   2.3351669e-01   2.6590914e-02
   2.4490579e-01   2.3958224e-02
   2.5147257e-01   2.6597206e-02
   2.5911481e-01   2.5157606e-02
   2.5993261e-01   2.3924811e-02
   2.5230353e-01   2.3495349e-02
   2.6087564e-01   2.4766115e-02
   2.7876332e-01   2.5074270e-02
   2.8280086e-01   2.7814237e-02
   2.8020296e-01   2.6823182e-02
   2.7711646e-01   2.5590276e-02
   2.7565765e-01   2.4271167e-02
   2.8058011e-01   2.4250380e-02
   2.8907489e-01   2.7239908e-02
   2.9300017e-01   2.8544916e-02
   2.9428786e-01   2.7241283e-02
   2.8757673e-01   2.6788112e-02
   2.8636521e-01   2.6361849e-02
   2.8274419e-01   2.4649354e-02
   2.7412332e-01   2.5119439e-02
   2.6860875e-01   2.6823271e-02
   2.6507951e-01   2.5233382e-02
   2.6087564e-01   2.4766115e-02
   2.5856297e-01   2.7845382e-02
   2.6209123e-01   2.5195505e-02
   2.6091878e-01   2.3462635e-02
   2.5568453e-01   2.5196705e-02
   2.4754272e-01   2.6151322e-02
   2.4139923e-01   2.5739986e-02
   2.3259896e-01   2.4002886e-02
   2.2718597e-01   2.5281563e-02
   2.2598341e-01   2.4414108e-02
   2.3560045e-01   2.3485697e-02
   2.3486403e-01   2.2663522e-02
   3.4339419e-02   1.9897861e-02
   2.9404617e-02   1.9880154e-02
   3.3185824e-02   1.7722676e-02
   3.9256298e-02   1.6800648e-02
   3.7980964e-02   1.9876383e-02
   4.1646808e-02   2.2082749e-02
   4.3001606e-02   2.1704943e-02
   3.5528988e-02   2.0319282e-02
   3.0631151e-02   1.9437903e-02
   2.5815992e-02   1.5509556e-02
   2.5759963e-02   1.7689983e-02
   2.0768315e-02   1.8942861e-02
   1.8425540e-02   2.3488415e-02
   1.7111290e-02   2.3813367e-02
   8.5848549e-03   1.9905085e-02
  -1.2267127e-03   1.7251483e-02
  -1.7173978e-02   1.7249821e-02
  -1.9628149e-02   1.6807020e-02
  -1.7171200e-02   1.9019033e-02
  -1.4719391e-02   1.8134893e-02
  -1.7168939e-02   2.0345942e-02
  -3.0654513e-02   2.1668261e-02
  -3.9295304e-02   1.6817348e-02
  -5.5206212e-02   1.6350449e-02
  -6.0108923e-02   1.7231063e-02
  -6.0113431e-02   1.6347419e-02
  -6.2559911e-02   1.7671144e-02
  -7.2429917e-02   1.9891126e-02
  -8.2172931e-02   1.9420198e-02
  -8.7016754e-02   1.6310056e-02
  -8.8167050e-02   1.4531430e-02
  -9.4280169e-02   1.5846690e-02
  -9.7956841e-02   1.5402955e-02
  -9.9272635e-02   1.6297907e-02
  -1.0416719e-01   1.7173289e-02
  -9.9480401e-02   1.5006066e-02
  -1.0040226e-01   1.5840530e-02
  -1.1896678e-01   1.9373371e-02
  -1.4258715e-01   1.6731327e-02
  -1.5461768e-01   1.2728582e-02
  -1.5799393e-01   1.1823216e-02
  -1.5828475e-01   1.4040109e-02
  -1.5779355e-01   1.5748916e-02
  -1.6332111e-01   1.6680439e-02
  -1.8524751e-01   1.6185487e-02
  -1.9328615e-01   1.4378793e-02
  -1.9737655e-01   1.2218211e-02
  -2.0410685e-01   1.3475452e-02
  -2.0305217e-01   1.5666502e-02
  -2.0718969e-01   1.1766921e-02
  -2.0209559e-01   1.0891751e-02
  -2.0736321e-01   1.3443070e-02
  -2.0656338e-01   1.2602028e-02
  -1.9875649e-01   1.5285189e-02
  -1.9834125e-01   1.6563251e-02
  -1.8856034e-01   1.5710564e-02
  -1.8773308e-01   1.3994148e-02
  -1.8385750e-01   1.4860862e-02
  -1.7982952e-01   1.4401974e-02
  -1.8074633e-01   1.2717990e-02
  -1.7914398e-01   1.4008313e-02
  -1.7368746e-01   1.4952484e-02
  -1.5721876e-01   1.3616374e-02
  -1.3864350e-01   1.4945771e-02
  -1.3236351e-01   1.6257314e-02
  -1.3506178e-01   1.8046453e-02
  -1.3017052e-01   1.6292711e-02
  -1.2293750e-01   1.4995523e-02
  -1.1075014e-01   1.5466275e-02
  -9.7401017e-02   1.6397564e-02
  -9.0679588e-02   1.8069450e-02
  -7.5130622e-02   1.6845061e-02
  -7.6277276e-02   1.8155775e-02
  -6.6226023e-02   1.9876951e-02
  -5.1564763e-02   1.9023196e-02
  -4.2934945e-02   1.7241060e-02
  -3.0747463e-02   2.1289499e-02
  -1.8396118e-02   1.9903354e-02
  -8.6019219e-03   1.9944734e-02
   3.6836506e-03   1.7711364e-02
   3.6909843e-03   1.7746680e-02
   1.3503883e-02   1.9924180e-02
   1.4768188e-02   2.4424396e-02
   2.0867740e-02   2.0807969e-02
   1.9640226e-02   2.0808308e-02
   3.3115886e-02   1.9014028e-02
   4.8020460e-02   1.9969909e-02
   6.8604562e-02   2.0737571e-02
   7.6015700e-02   2.2516920e-02
   6.4993719e-02   2.0761466e-02
   5.3991769e-02   2.3887565e-02
   5.5133657e-02   1.9865974e-02
   6.2562349e-02   1.7229365e-02
   7.1076025e-02   1.7647019e-02
   7.9540104e-02   2.2027662e-02
   8.0987654e-02   2.3859054e-02
   8.4686302e-02   2.2087308e-02
   8.7322794e-02   2.1242955e-02
   9.9355889e-02   1.8077679e-02
   1.0402399e-01   2.1115535e-02
   2.1721689e-01   2.2675881e-02
   2.2673032e-01   2.1861508e-02
   2.3639773e-01   2.0064115e-02
   2.2676147e-01   2.8447450e-02
   2.2342103e-01   2.7911644e-02
   2.2275350e-01   2.4037126e-02
   2.1761425e-01   2.4030486e-02
   2.2545280e-01   1.9338425e-02
   2.1415684e-01   2.1313131e-02
   2.3849659e-01   2.3202380e-02
   2.3181680e-01   2.4490954e-02
   2.3596039e-01   2.7016929e-02
   2.4334897e-01   2.6551401e-02
   2.5161653e-01   2.1258759e-02
   2.5713921e-01   2.6085304e-02
   2.5569910e-01   2.4762279e-02
   2.5972608e-01   2.9579767e-02
   2.7046611e-01   2.4268531e-02
   2.7931816e-01   2.8041321e-02
   2.8671710e-01   2.4656527e-02
   2.7498939e-01   2.3888237e-02
   2.8274419e-01   2.4649354e-02
   2.9301925e-01   2.8112417e-02
   2.9608491e-01   2.8903180e-02
   2.9550054e-01   2.7667429e-02
   2.9685677e-01   2.4635713e-02
   2.9595578e-01   2.4997101e-02
   2.9276521e-01   2.7221680e-02
   2.9091984e-01   2.8039147e-02
   2.8689988e-01   2.7277777e-02
   2.7533661e-01   2.5547125e-02
   2.6428930e-01   2.5161228e-02
   2.6710064e-01   2.2570583e-02
   2.6579783e-01   2.4745929e-02
   2.6301354e-01   2.6468067e-02
   2.6228958e-01   2.6958867e-02
   2.6648300e-01   2.5126972e-02
   2.5811286e-01   2.6055180e-02
   2.5442553e-01   2.6070713e-02
   2.5251302e-01   2.4824426e-02
   2.4441939e-01   2.3912304e-02
   2.3698258e-01   2.6115483e-02
   2.3674761e-01   2.6090422e-02
   2.3235497e-01   2.4415772e-02
   2.1959978e-01   2.5283686e-02
   2.1290804e-01   2.4070023e-02
   2.0493413e-01   2.3150224e-02
   2.0061208e-01   2.3670879e-02
   1.9528986e-01   2.4077429e-02
   1.8788894e-01   2.5413775e-02
   4.0495966e-02   2.3455021e-02
   3.3113012e-02   1.9898401e-02
   2.8181866e-02   1.8997032e-02
   2.2015275e-02   1.7197462e-02
   1.3463773e-02   1.9864889e-02
   6.1317641e-03   2.0347661e-02
   1.2213937e-03   2.1148504e-02
   3.6722554e-03   1.8983051e-02
  -1.2227687e-03   1.9846373e-02
  -3.6727047e-03   1.7658652e-02
  -1.8399239e-02   1.8134167e-02
  -2.0874020e-02   1.7708909e-02
  -2.0811165e-02   1.8097625e-02
  -2.0769179e-02   1.8502330e-02
  -2.0787974e-02   1.9402598e-02
  -3.4309794e-02   1.8552909e-02
  -3.9131974e-02   1.8954791e-02
  -4.7694080e-02   1.8509469e-02
  -4.5285212e-02   2.0293873e-02
  -4.1540045e-02   1.8054130e-02
  -5.0046852e-02   1.7152074e-02
  -5.3864191e-02   1.8082979e-02
  -5.9864104e-02   1.8483211e-02
  -5.7475086e-02   1.8943780e-02
  -5.0092407e-02   1.8049491e-02
  -5.3712805e-02   1.6270454e-02
  -5.3810896e-02   1.8065091e-02
  -5.3857445e-02   1.9406124e-02
  -5.9989838e-02   1.7196955e-02
  -7.0783639e-02   1.9335172e-02
  -7.8338102e-02   1.9385569e-02
  -8.6584238e-02   1.6668514e-02
  -9.0529310e-02   1.4075180e-02
  -9.1568444e-02   1.4485419e-02
  -9.5504587e-02   1.5845488e-02
  -9.5218154e-02   1.6237602e-02
  -1.0402884e-01   2.0675628e-02
  -1.0139825e-01   1.8881895e-02
  -1.1352518e-01   1.6655694e-02
  -1.1599038e-01   1.4023290e-02
  -1.2748282e-01   1.4066196e-02
  -1.2585176e-01   1.7094507e-02
  -1.2352537e-01   1.7553507e-02
  -1.1851131e-01   1.7981619e-02
  -1.1986988e-01   1.6241709e-02
  -1.2842244e-01   1.7107816e-02
  -1.3674221e-01   1.4436904e-02
  -1.4189682e-01   1.5335066e-02
  -1.4281663e-01   1.7052363e-02
  -1.9798346e-01   1.4356108e-02
  -1.9099528e-01   1.6578431e-02
  -1.8352697e-01   1.2214624e-02
  -1.7739400e-01   1.3532928e-02
  -1.7404585e-01   1.5315214e-02
  -1.6897555e-01   1.5308591e-02
  -1.6392084e-01   1.4864534e-02
  -1.6054611e-01   1.6652140e-02
  -1.5533000e-01   1.7065549e-02
  -1.5259864e-01   1.5725953e-02
  -1.4942826e-01   1.0956747e-02
  -1.4587867e-01   1.3165591e-02
  -1.3998419e-01   1.7158619e-02
  -1.2978363e-01   1.6244752e-02
  -1.2391174e-01   1.5844798e-02
  -1.1646115e-01   1.2758643e-02
  -1.1755982e-01   1.4063349e-02
  -1.1409695e-01   1.5856840e-02
  -1.0172747e-01   1.5854875e-02
  -8.8245514e-02   1.5868131e-02
  -7.7132710e-02   1.6743124e-02
  -6.9980750e-02   1.9009252e-02
  -6.0104179e-02   1.8114708e-02
  -4.4036944e-02   1.5426260e-02
  -3.3122502e-02   1.6803094e-02
  -3.0629810e-02   1.9879674e-02
  -3.3083060e-02   1.8995160e-02
  -2.9551052e-02   1.9979300e-02
  -2.2164270e-02   1.9537766e-02
  -2.0877157e-02   1.5938018e-02
  -1.1017226e-02   1.8540928e-02
  -4.8971296e-03   1.7217126e-02
   1.3549142e-02   1.5987061e-02
   2.0867740e-02   2.0807969e-02
   1.5922988e-02   2.2535362e-02
   1.9602200e-02   2.0325141e-02
   1.9580054e-02   2.1629220e-02
   2.4532318e-02   1.8132600e-02
   3.0604654e-02   1.8094634e-02
   3.6823696e-02   2.1244268e-02
   4.1723116e-02   2.3454244e-02
   4.7834057e-02   1.9006598e-02
   5.8984607e-02   1.9922464e-02
   6.6360607e-02   1.9473845e-02
   7.1128463e-02   2.0314178e-02
   8.3384263e-02   2.1184264e-02
   8.7118395e-02   2.4292687e-02
   8.7127684e-02   2.3409317e-02
   9.9513128e-02   2.2089583e-02
   1.0689484e-01   2.1195473e-02
