  -1.2462507e-01   1.7534572e-02
  -1.0385423e-01   1.7561681e-02
  -9.8941990e-02   2.0202463e-02
  -9.7240091e-02   2.0105135e-02
  -9.5187654e-02   1.9748434e-02
  -1.0622277e-01   1.4033201e-02
  -1.0986308e-01   1.6660131e-02
  -1.0741349e-01   1.7540011e-02
  -1.0264769e-01   1.5806813e-02
  -9.6721970e-02   1.6724509e-02
  -9.2956895e-02   1.6711828e-02
  -8.6850639e-02   1.5398001e-02
  -8.0725725e-02   1.6723429e-02
  -7.5746418e-02   1.8470183e-02
  -6.7207393e-02   1.6277863e-02
  -5.9763711e-02   1.4933099e-02
  -5.4962718e-02   2.1127555e-02
  -5.6037278e-02   1.7553481e-02
  -5.2597851e-02   1.5862708e-02
  -5.7361592e-02   1.8906386e-02
  -5.1202073e-02   2.0209875e-02
  -5.0133516e-02   1.9830018e-02
  -4.2769870e-02   1.5851871e-02
  -3.6591223e-02   1.4504498e-02
  -3.2888822e-02   1.8443598e-02
  -2.9347729e-02   1.9399865e-02
  -2.1878035e-02   2.0602672e-02
  -2.3206481e-02   2.1144774e-02
  -2.4456441e-02   1.9401541e-02
  -2.4437234e-02   1.7179800e-02
  -2.8024693e-02   1.4931986e-02
  -2.5635657e-02   1.6282343e-02
  -3.5422064e-02   2.0699390e-02
  -3.7753069e-02   2.0636933e-02
  -3.1797348e-02   1.8076259e-02
  -2.6902085e-02   1.9400741e-02
  -2.3261366e-02   1.7214204e-02
  -1.5854032e-02   1.6268421e-02
  -2.5707910e-02   1.8096272e-02
  -2.8093361e-02   2.0702554e-02
  -2.5597483e-02   2.1541805e-02
  -2.3211646e-02   1.8942193e-02
  -1.7092776e-02   1.4523830e-02
  -1.3467616e-02   1.6774795e-02
  -6.1025504e-03   1.8486421e-02
   4.8722166e-03   1.8889290e-02
   1.4702309e-02   1.9884388e-02
   2.1986109e-02   2.0704633e-02
   2.8099477e-02   1.8500154e-02
   2.9351398e-02   1.8077147e-02
   3.6641812e-02   2.1139192e-02
   1.8601937e-01   2.0953586e-02
   1.8643799e-01   1.8370025e-02
   1.8650699e-01   2.4079387e-02
   1.8987511e-01   2.8854349e-02
   1.9365560e-01   2.4908380e-02
   1.8210330e-01   2.3996459e-02
   1.6828660e-01   2.3275345e-02
   1.6127713e-01   2.1137484e-02
   1.5559247e-01   2.0167948e-02
   1.5589429e-01   2.0646745e-02
   1.5210728e-01   2.6367223e-02
   1.5595108e-01   2.5943663e-02
   1.6622467e-01   1.9806075e-02
   1.6673565e-01   2.2794633e-02
   1.7459261e-01   2.3721573e-02
   1.7686629e-01   2.4130557e-02
   1.7954773e-01   2.1952101e-02
   1.7948110e-01   2.5025395e-02
   1.7842910e-01   2.5053407e-02
   1.9058655e-01   2.3238607e-02
   1.9992183e-01   1.8776008e-02
   2.0618245e-01   2.2273036e-02
   1.8943631e-01   2.7654331e-02
   1.8841671e-01   2.6806559e-02
   2.0168375e-01   2.1892725e-02
   2.0021361e-01   2.3624938e-02
   2.0608010e-01   2.6360938e-02
   2.1884371e-01   2.4026375e-02
   2.3366948e-01   2.1359915e-02
   2.4234589e-01   2.7017707e-02
   2.4972699e-01   2.6986670e-02
   2.4618586e-01   2.9643867e-02
   2.5259445e-01   2.2211328e-02
   2.4220343e-01   2.3944313e-02
   2.3652635e-01   2.4012819e-02
   2.4606623e-01   2.6131250e-02
   2.7290961e-01   2.4691549e-02
   2.7900771e-01   2.5963502e-02
   2.9522542e-01   2.7209420e-02
   3.0917448e-01   2.4578742e-02
   3.1435966e-01   2.5872081e-02
   3.1150681e-01   2.7584133e-02
   3.0401884e-01   2.9781079e-02
   3.0821402e-01   2.5471091e-02
   3.1340102e-01   2.6766017e-02
   3.0453439e-01   2.5387362e-02
   2.8661468e-01   2.7251951e-02
   2.7688827e-01   2.4265999e-02
   2.7253793e-01   2.3463832e-02
   2.7753529e-01   2.5079632e-02
   1.4126981e-01   2.2898089e-02
   1.4362575e-01   2.0231520e-02
   1.4484667e-01   2.0668964e-02
   1.4960118e-01   2.1078172e-02
   1.4261725e-01   2.4240219e-02
   1.3344259e-01   2.6360424e-02
   1.3235706e-01   2.5949301e-02
   1.2654758e-01   2.1604734e-02
   1.1905176e-01   2.2036898e-02
   1.1393258e-01   2.0681601e-02
   1.1015814e-01   1.9787356e-02
   1.0557581e-01   1.9852819e-02
   1.0042704e-01   2.3343786e-02
   1.0041637e-01   2.4224684e-02
   9.3365677e-02   2.2540096e-02
   8.6019219e-02   1.9896918e-02
   7.6109372e-02   2.0329510e-02
   7.7267085e-02   1.9425167e-02
   6.1235999e-02   2.3392235e-02
   5.0313170e-02   2.3448157e-02
   3.9285750e-02   1.9472718e-02
   3.5472969e-02   1.5870552e-02
   3.3078713e-02   2.0320403e-02
   2.9457545e-02   2.1690333e-02
   2.9432468e-02   2.0342124e-02
   2.6874329e-02   1.9822031e-02
   2.0787068e-02   1.9843566e-02
   1.3489262e-02   2.0789016e-02
   1.3507246e-02   1.7267622e-02
   3.6728472e-03   1.7217186e-02
  -7.3366121e-03   1.9846032e-02
  -1.5926788e-02   2.0326012e-02
  -1.5893064e-02   2.1608712e-02
  -2.4533298e-02   1.7690341e-02
  -3.2917078e-02   1.9780511e-02
  -4.5296691e-02   1.7646846e-02
  -4.4075834e-02   1.6765105e-02
  -4.4072456e-02   1.7647479e-02
  -5.4913515e-02   2.0227253e-02
  -5.3799422e-02   2.0268151e-02
  -4.5219884e-02   1.4089559e-02
  -5.0189586e-02   1.8526348e-02
  -5.5136072e-02   1.9424508e-02
  -6.3578238e-02   2.0700972e-02
  -6.2371720e-02   1.8059205e-02
  -5.8651572e-02   1.6723699e-02
  -5.6154296e-02   1.6269024e-02
  -5.6361318e-02   1.9423638e-02
  -5.3748658e-02   1.9807945e-02
  -4.6473046e-02   1.8069450e-02
  -1.6896359e-01   1.6183368e-02
  -1.6464958e-01   1.5255179e-02
  -1.7245299e-01   1.7034677e-02
  -1.7092776e-01   1.4387928e-02
  -1.6864704e-01   1.4842295e-02
  -1.7020578e-01   1.4869213e-02
  -1.6829665e-01   1.6120572e-02
  -1.7231894e-01   1.4399959e-02
  -1.8087953e-01   1.3950035e-02
  -1.9203644e-01   1.6124112e-02
  -1.9657317e-01   1.3909792e-02
  -2.0020941e-01   1.5641242e-02
  -2.0103301e-01   1.5608713e-02
  -1.9902713e-01   1.3036401e-02
  -1.9536969e-01   1.2607680e-02
  -2.0184946e-01   1.4363234e-02
  -1.9674824e-01   1.5228525e-02
  -1.9781181e-01   1.2603807e-02
  -1.9575096e-01   1.3067646e-02
  -1.9331508e-01   1.2200188e-02
  -1.9016824e-01   1.5301549e-02
  -1.9085147e-01   1.3511419e-02
  -1.8417582e-01   1.4351987e-02
  -1.8490590e-01   1.4407691e-02
  -1.7512058e-01   1.3549845e-02
  -1.7021139e-01   1.4431884e-02
  -1.6707100e-01   1.6558446e-02
  -1.6147426e-01   1.4868352e-02
  -1.5079486e-01   1.1843458e-02
  -1.4542752e-01   1.4877291e-02
  -1.4556149e-01   1.5767823e-02
  -1.3808558e-01   1.5763037e-02
  -1.3727560e-01   1.5371948e-02
  -1.3235862e-01   1.6696701e-02
  -1.1986988e-01   1.6241709e-02
  -1.1475816e-01   1.5339379e-02
  -1.0397250e-01   1.5821067e-02
  -1.0151871e-01   1.6702752e-02
  -1.0254263e-01   1.6229932e-02
  -9.8133193e-02   1.7638154e-02
  -9.0603665e-02   1.6290486e-02
  -8.6758635e-02   1.6261849e-02
  -8.4398180e-02   1.6280115e-02
  -8.6913674e-02   1.8495842e-02
  -8.5611643e-02   1.7598928e-02
  -7.9578357e-02   1.7181577e-02
  -7.6140221e-02   1.5910052e-02
  -6.2389832e-02   1.4535458e-02
  -5.7479821e-02   1.8062674e-02
   9.4550725e-02   1.7218194e-02
   9.5565006e-02   1.9826412e-02
   9.7142716e-02   2.2999557e-02
   1.0144009e-01   2.4175036e-02
   1.0877892e-01   2.3723549e-02
   1.1069608e-01   2.0768998e-02
   1.1906887e-01   2.0714684e-02
   1.1934650e-01   1.7222738e-02
   1.2379939e-01   2.4647464e-02
   1.2955691e-01   2.3685317e-02
   1.3493387e-01   2.6409444e-02
   1.4577092e-01   2.1503798e-02
   1.3747513e-01   2.1122968e-02
   1.3629507e-01   1.7604393e-02
   1.3254586e-01   2.2452817e-02
   1.3274376e-01   2.6467147e-02
   1.4325315e-01   2.5459320e-02
   1.4958673e-01   2.1956429e-02
   1.5234855e-01   2.1554358e-02
   1.5421193e-01   2.0311928e-02
   1.6036537e-01   2.1181764e-02
   1.6289617e-01   2.2781307e-02
   1.7436024e-01   2.6331566e-02
   1.8036201e-01   2.4534952e-02
   1.7707931e-01   2.2397466e-02
   1.7655187e-01   2.2488492e-02
   1.8218848e-01   2.1967256e-02
   1.8439839e-01   2.5010986e-02
   1.9114826e-01   2.7101533e-02
   1.8911697e-01   2.5409994e-02
   2.0434654e-01   2.1906993e-02
   2.0597730e-01   2.2384999e-02
   2.0332797e-01   2.1493182e-02
   2.1165382e-01   2.4949459e-02
   2.1999730e-01   2.6642852e-02
   2.1775554e-01   2.6677788e-02
   2.1753923e-01   2.6651994e-02
   2.1561835e-01   2.2771510e-02
   2.1482535e-01   2.2380775e-02
   2.2002668e-01   2.0631330e-02
   2.2007993e-01   2.6802861e-02
   2.2499100e-01   2.4005506e-02
   2.2061364e-01   2.8034416e-02
   2.2338639e-01   2.1349265e-02
   2.2179025e-01   2.2314426e-02
   2.2698943e-01   2.0569695e-02
   2.2888146e-01   2.4889187e-02
   2.2886840e-01   2.5325839e-02
   2.3204304e-01   2.7005745e-02
   2.3550274e-01   2.4914616e-02
   2.4067463e-01   2.4920086e-02
   2.4063245e-01   2.6231670e-02
   2.4738054e-01   2.3513609e-02
   2.4935898e-01   2.3025102e-02
   2.5230353e-01   2.3495349e-02
   2.4457843e-01   2.6242031e-02
   2.3825180e-01   2.4805117e-02
   2.3799530e-01   2.4031517e-02
   2.4022208e-01   2.3999412e-02
   2.3873922e-01   2.4416826e-02
   2.3482667e-01   2.3971033e-02
   2.3382964e-01   2.3998512e-02
   2.2534738e-01   2.7113073e-02
   2.2148554e-01   2.5352656e-02
   2.2001049e-01   2.6206084e-02
   2.1368976e-01   2.4892878e-02
   2.0798532e-01   2.4085962e-02
   2.0578241e-01   2.1924747e-02
   2.0413309e-01   2.2323449e-02
   2.0264817e-01   2.4492172e-02
   1.9192013e-01   2.6768343e-02
   1.9304573e-01   2.3231572e-02
   1.8815619e-01   2.1929773e-02
   1.8549341e-01   2.2791482e-02
   1.7953874e-01   2.2391143e-02
   1.6931944e-01   2.4565510e-02
   1.7215165e-01   2.2849276e-02
   1.6721546e-01   2.3740875e-02
   1.6210948e-01   2.5048386e-02
   1.6510205e-01   2.2912497e-02
   1.6937260e-01   2.1933491e-02
   1.6126936e-01   2.1577848e-02
   1.4971236e-01   2.3296637e-02
   1.4327702e-01   2.4142458e-02
   1.3595094e-01   2.2840804e-02
   1.3855840e-01   2.1539493e-02
   1.3746854e-01   2.1563030e-02
   1.3353388e-01   2.0648999e-02
   1.2508225e-01   2.0684211e-02
   1.2219670e-01   2.5455072e-02
   1.2515600e-01   2.4228766e-02
   1.2640948e-01   2.2464418e-02
   1.2262966e-01   2.0688298e-02
   1.1525535e-01   2.2021372e-02
   1.0778638e-01   2.2451674e-02
   1.0299916e-01   2.1599783e-02
   1.0544113e-01   2.2477658e-02
   1.0399821e-01   2.3315070e-02
   9.7977598e-02   2.3347492e-02
   9.3211086e-02   1.9407916e-02
  -5.6312564e-02   1.8081381e-02
  -6.8497074e-02   1.6293062e-02
  -7.4826560e-02   1.7661399e-02
  -7.0862430e-02   1.8034644e-02
  -6.3471607e-02   1.7583088e-02
  -6.9712338e-02   1.7613147e-02
  -8.0792993e-02   1.8502049e-02
  -8.0899968e-02   1.4551699e-02
  -8.9388649e-02   1.4970713e-02
  -9.0417766e-02   1.7137233e-02
  -9.8970798e-02   1.7128175e-02
  -1.0648620e-01   1.9792488e-02
  -1.1119769e-01   1.6236212e-02
  -1.1865097e-01   1.5804243e-02
  -1.1366429e-01   1.3600879e-02
  -1.1608965e-01   1.5791684e-02
  -1.1618262e-01   1.8002642e-02
  -1.2353482e-01   1.6675831e-02
  -1.2732537e-01   1.7126348e-02
  -1.3099822e-01   1.7121072e-02
  -1.3088758e-01   1.5350006e-02
  -1.2452481e-01   1.5327727e-02
  -1.2710454e-01   1.4024854e-02
  -1.2937407e-01   1.8385867e-02
  -1.3221211e-01   1.7997193e-02
  -1.3728479e-01   1.4493551e-02
  -1.3658858e-01   1.6171031e-02
  -1.3074413e-01   1.6649403e-02
  -1.3578058e-01   1.5343510e-02
  -1.3580996e-01   1.2274808e-02
  -1.3793920e-01   1.6622507e-02
  -1.4828506e-01   1.7111275e-02
  -1.4676850e-01   1.7079832e-02
  -1.4269631e-01   1.5288480e-02
  -1.5153792e-01   1.4868560e-02
  -1.6271311e-01   1.3554704e-02
  -1.7510956e-01   1.4424029e-02
  -1.7981126e-01   1.5711244e-02
  -1.8613044e-01   1.4405591e-02
  -1.8803230e-01   1.3489309e-02
  -1.9150602e-01   1.3470286e-02
  -2.0066157e-01   1.1753587e-02
  -2.0411295e-01   1.3040760e-02
  -2.1060721e-01   1.5231241e-02
  -2.1571126e-01   1.5671089e-02
  -2.1551946e-01   1.4351335e-02
  -2.1856354e-01   1.3002522e-02
  -2.1880375e-01   1.1279670e-02
  -2.2203700e-01   1.0819507e-02
  -2.2491559e-01   1.1269953e-02
  -9.6643073e-02   1.4509609e-02
  -8.8309028e-02   1.8972345e-02
  -7.9558657e-02   1.9824896e-02
  -7.1089150e-02   1.5441142e-02
  -6.9803307e-02   1.3663688e-02
  -6.3920752e-02   1.6377451e-02
  -5.3870464e-02   1.6759834e-02
  -4.0318279e-02   1.8054722e-02
  -2.8119835e-02   2.1163977e-02
  -2.9454636e-02   2.2575653e-02
  -2.8191483e-02   1.5020909e-02
  -2.6961942e-02   1.6788447e-02
  -2.4483723e-02   1.8096637e-02
  -6.1193437e-03   2.0748753e-02
  -1.2238687e-03   2.0748998e-02
  -1.2215060e-03   2.0267317e-02
  -6.1279404e-03   1.6350345e-02
  -8.5859599e-03   1.8578079e-02
   0.0000000e+00   1.9905567e-02
   1.2240851e-03   1.8983126e-02
   0.0000000e+00   2.0307540e-02
   0.0000000e+00   1.9020875e-02
   8.5933799e-03   1.9924890e-02
   2.8270512e-02   1.7281323e-02
   3.1916833e-02   2.0361347e-02
   3.1847559e-02   2.2087972e-02
   3.4336304e-02   2.0782210e-02
   2.7010114e-02   1.9035241e-02
   2.4504921e-02   1.9440059e-02
   3.3175820e-02   2.0824145e-02
   4.2933272e-02   1.7683138e-02
   5.8933634e-02   1.8575840e-02
   6.8805873e-02   2.1241884e-02
   7.7528715e-02   2.4821247e-02
   8.7342503e-02   1.9030147e-02
   9.4908356e-02   1.9502824e-02
   1.0672806e-01   1.6746638e-02
   1.1182498e-01   1.9863794e-02
   1.1826318e-01   2.4338876e-02
   1.2910702e-01   2.3386657e-02
   1.3524780e-01   2.3815332e-02
   1.3687055e-01   2.4767885e-02
   1.3649166e-01   2.2930794e-02
   1.4252645e-01   2.1134307e-02
   1.4977692e-01   1.9340604e-02
   1.5771751e-01   2.2489209e-02
   1.5890737e-01   2.4690919e-02
   1.6400713e-01   2.4261361e-02
   1.6014805e-01   2.4246927e-02
   2.6321126e-01   2.3111744e-02
   2.5715621e-01   2.7089760e-02
   2.5824041e-01   2.4003347e-02
   2.6097231e-01   2.4016691e-02
   2.7489669e-01   2.2676468e-02
   2.7627025e-01   2.6621011e-02
   2.8578310e-01   2.7093796e-02
   2.8743767e-01   2.6133190e-02
   2.9867470e-01   2.3906726e-02
   3.1447070e-01   2.3811205e-02
   3.1752832e-01   2.5145246e-02
   3.2042543e-01   2.8971231e-02
   3.2110995e-01   2.8159378e-02
   3.2574286e-01   2.8105131e-02
   3.3246477e-01   2.8872265e-02
   3.3861419e-01   2.5038612e-02
   3.3424226e-01   2.4579735e-02
   3.3445588e-01   2.7192507e-02
   3.2698143e-01   2.8098142e-02
   3.2351177e-01   2.8464327e-02
   3.1978378e-01   2.9899589e-02
   3.1530217e-01   2.5945157e-02
   3.0797206e-01   2.3817089e-02
   3.0120193e-01   2.3367163e-02
   2.9834216e-01   2.4752562e-02
   3.0099107e-01   2.7805898e-02
   3.0186798e-01   2.9074981e-02
   3.0134407e-01   2.7287466e-02
   3.0049997e-01   2.5151382e-02
   2.9309711e-01   2.4751607e-02
   2.8534150e-01   2.6064415e-02
   2.8497683e-01   2.5709018e-02
   2.8380575e-01   2.6479449e-02
   2.7937483e-01   2.7858914e-02
   2.7824071e-01   2.5252590e-02
   2.7456222e-01   2.4397476e-02
   2.7213331e-01   2.3100257e-02
   2.6858438e-01   2.6192777e-02
   2.6360122e-01   2.7088298e-02
   2.6187186e-01   2.6169579e-02
   2.5619368e-01   2.5244967e-02
   2.4832777e-01   2.4915529e-02
   2.4860395e-01   2.4064472e-02
   2.4591099e-01   2.3176018e-02
   2.5225678e-01   2.5799469e-02
   2.5471469e-01   2.6226367e-02
   2.5471469e-01   2.6226367e-02
   2.5898651e-01   2.3081543e-02
   2.5061667e-01   2.2699260e-02
   2.3990532e-01   2.5411065e-02
   1.1675054e-01   1.8974015e-02
   1.1675054e-01   1.8974015e-02
   1.1301585e-01   2.2951651e-02
   1.1398070e-01   2.5547131e-02
   1.1278593e-01   2.3346908e-02
   1.0188367e-01   2.0740334e-02
   9.6702726e-02   1.8925102e-02
   8.9535542e-02   1.8970993e-02
   8.2407082e-02   2.0806074e-02
   8.2165639e-02   2.0302934e-02
   7.3577795e-02   2.0753379e-02
   6.6394373e-02   2.3923479e-02
   6.8594742e-02   2.2061246e-02
   6.8753018e-02   1.9010312e-02
   6.8480954e-02   1.8935180e-02
   6.2616986e-02   1.8573116e-02
   3.9264629e-02   2.4340898e-02
   3.0621131e-02   2.2530297e-02
   3.3020322e-02   1.8075789e-02
   3.5610013e-02   1.7261472e-02
   4.3013357e-02   1.9047195e-02
   3.3141326e-02   2.1246065e-02
   2.2029637e-02   2.0745701e-02
   7.3654231e-03   2.0367796e-02
  -9.8387148e-03   2.1739089e-02
  -1.5928199e-02   1.9442273e-02
  -1.8367531e-02   1.5008259e-02
  -2.4563062e-02   1.5051746e-02
  -3.3051679e-02   1.8535019e-02
  -3.9082746e-02   2.1578281e-02
  -4.7721696e-02   2.2498048e-02
  -4.6568862e-02   1.7222102e-02
  -4.2905493e-02   1.3249199e-02
  -5.3870464e-02   1.6759834e-02
  -6.2314947e-02   1.7161304e-02
  -6.7130775e-02   1.8019843e-02
  -7.2204888e-02   2.1154270e-02
  -8.4355494e-02   2.1560152e-02
  -8.5630288e-02   1.4959089e-02
  -8.5654663e-02   1.0559357e-02
  -8.8095323e-02   1.1877628e-02
  -8.4639879e-02   1.7652364e-02
  -8.6992469e-02   1.9395743e-02
  -8.7952350e-02   1.9776546e-02
  -8.2919443e-02   1.7549360e-02
  -7.8295620e-02   1.4084678e-02
  -9.3048984e-02   1.6728313e-02
  -9.7737313e-02   1.8447173e-02
  -9.6537706e-02   1.5813087e-02
  -9.5117142e-02   1.7098497e-02
