   6.6723840e-02   8.7299007e-04
   6.3408986e-02   1.7565759e-02
   7.1909732e-02   2.9879924e-02
   8.6850639e-02   1.5398001e-02
   7.6508012e-02   1.9234711e-02
   7.6514375e-02   1.8360405e-02
   5.6006335e-02   3.0309614e-02
   5.4751383e-02   2.0167527e-02
   4.7515900e-02   2.5485035e-02
   5.4745087e-02   7.8838812e-03
   6.3362242e-02   1.4477483e-02
   7.7689342e-02   1.2227533e-02
   8.1719441e-02   2.4594913e-02
   8.2742410e-02   2.7613079e-02
   7.6226605e-02   2.5716354e-02
   6.2114056e-02   2.8106624e-02
   6.1888966e-02   1.6606468e-02
   6.0728132e-02   1.7935971e-02
   7.7936439e-02   7.8837208e-03
   7.7761384e-02   1.3113772e-02
   6.8275419e-02   1.9318272e-02
   5.4765816e-02   3.2946693e-02
   4.6194480e-02   3.3801498e-02
   4.0192347e-02   1.9757535e-02
   3.7808423e-02   1.5383101e-02
   5.8279958e-02   7.8673483e-03
   6.5650895e-02   1.7949984e-02
   4.6262056e-02   2.3704946e-02
   4.4881209e-02   2.0989064e-02
   2.9198074e-02   2.1059191e-02
   1.0961981e-02   2.7701474e-02
  -2.4412407e-03   2.6435592e-02
  -1.2174846e-03   1.2287962e-02
   1.8267730e-02   5.7045041e-03
   3.7751105e-02   7.4570682e-03
   3.7714179e-02   2.1055251e-02
   1.8239966e-02   3.2064599e-02
   1.7072832e-02   2.5966848e-02
   1.3440479e-02   1.7182149e-02
   4.8792961e-03   2.3768360e-02
   2.1837041e-02   1.9687182e-02
   5.2251594e-02   1.1377610e-02
   7.2744081e-02   1.6997384e-02
   4.3922129e-02   3.5700773e-02
   5.7140289e-02   2.6741506e-02
   6.8443713e-02   2.4235427e-02
   1.1715883e-01   1.3871126e-02
   1.2009845e-01   2.0033133e-02
   1.3091944e-01   1.1841433e-02
   9.6278739e-02   1.1824905e-02
   6.0470208e-02   2.6249724e-02
   5.2695228e-02   4.3439660e-02
   3.6625230e-02   6.8894444e-02
   6.1479719e-02   7.1887720e-02
   8.4007578e-02   7.5500761e-02
   9.5336854e-02   5.5562653e-02
   1.0782288e-01   5.9824527e-02
   1.4959766e-01   3.6609020e-02
   7.7060868e-02   5.9567289e-02
   7.8836556e-02   3.8877843e-02
   7.5388153e-02   5.3411801e-02
   7.1394792e-02   3.8262933e-02
   6.0352645e-02   3.7947120e-02
   4.7910557e-02   3.5009702e-02
   4.5571775e-02   3.3312039e-02
   3.5552322e-02   3.0483255e-02
   2.2420099e-02   2.4673195e-02
   1.3470696e-02   2.7962811e-02
   1.9033677e-02   1.9380634e-02
   2.2586105e-02   1.4654454e-02
   2.9427252e-02   7.7475711e-03
   1.5884239e-02   1.3496125e-02
   1.3747089e-02   4.1277591e-03
   4.1542334e-02  -1.8615477e-02
   3.3797303e-02  -9.3350072e-03
   3.5312346e-02  -3.4153397e-02
   2.7596258e-02  -3.3647015e-02
   8.1845679e-03  -2.9131236e-02
  -9.4676242e-03  -3.1204650e-02
  -1.7964469e-02  -4.0292684e-02
  -3.6110339e-03  -4.8426261e-02
   3.7747899e-03  -4.2814537e-02
   1.0936126e-02  -4.1332358e-02
   3.7502286e-03  -5.6759938e-02
   3.5502856e-02  -4.9628003e-02
   0.0000000e+00  -3.6844086e-02
   9.1923882e-03  -6.3569632e-02
   3.5189194e-02  -4.9042699e-02
   4.4896309e-02  -4.8790240e-02
   3.8856336e-02  -2.0512888e-02
   3.1125527e-02  -2.0406351e-02
   4.6744209e-02  -1.9911087e-02
   7.9311718e-02  -1.0185440e-03
   1.1032975e-01  -2.4094023e-02
   1.1226134e-01  -3.0408349e-02
   1.1016082e-01  -4.2165148e-02
   1.0440200e-01  -6.3751701e-02
   1.1504239e-01  -8.2074615e-02
   1.1179967e-01  -8.6327925e-02
   1.0480881e-01  -7.5886254e-02
   1.2123713e-01  -8.3503836e-02
   1.3481635e-01  -7.8916507e-02
   1.5020337e-01  -8.0338234e-02
   1.6506164e-01  -5.8121129e-02
   1.6955399e-01  -5.2042886e-02
   1.8404123e-01  -3.5119828e-02
   2.0097184e-01  -2.3116145e-02
   2.1597207e-01  -2.9754096e-02
   2.4234422e-01  -2.4455773e-02
   2.4597701e-01  -2.0422014e-02
   2.4925994e-01  -1.8945545e-02
   2.6517824e-01  -1.5725453e-02
   2.7293500e-01   0.0000000e+00
   2.8269536e-01  -7.7383467e-03
   2.7305819e-01   5.1932848e-03
   2.9600422e-01   1.3778528e-02
   3.2489995e-01   6.3850695e-03
   3.1478523e-01   2.1837283e-02
   3.1067173e-01   3.1707980e-02
   3.3309184e-01   3.7775281e-02
   3.2900170e-01   5.3615485e-02
   3.2976786e-01   6.3167851e-02
   3.5937835e-01   5.7733919e-02
   3.8571987e-01   6.2898697e-02
   3.8667847e-01   7.5649414e-02
   3.7157955e-01   8.7845051e-02
   3.7439883e-01   8.6232335e-02
   3.7968749e-01   8.2537101e-02
   3.6378239e-01   8.8901052e-02
   3.6905700e-01   9.4699843e-02
   3.9998222e-01   8.8939459e-02
   3.8023708e-01   1.0678459e-01
   3.5575396e-01   1.1520259e-01
   3.5565022e-01   1.0858796e-01
   3.4251619e-01   1.1917537e-01
   3.1656802e-01   1.3024376e-01
   2.8944424e-01   1.3047781e-01
   2.7886152e-01   1.3181304e-01
   2.6143262e-01   1.2833581e-01
   2.4429047e-01   1.1293477e-01
   2.3872677e-01   1.1033595e-01
   2.2717558e-01   1.1884437e-01
   2.0714005e-01   1.2713514e-01
   1.9590974e-01   1.2674713e-01
   1.8284813e-01   1.3833330e-01
   1.7871788e-01   1.3998598e-01
   1.4447242e-01   1.2076981e-01
   7.9204886e-02   1.1738063e-01
   4.2935985e-02   8.9820369e-02
   1.9205622e-02   1.0767622e-01
   5.1682016e-02   1.0304184e-01
   3.2803472e-02   9.2990895e-02
   0.0000000e+00   1.0386318e-01
  -1.3373758e-02   1.0628896e-01
  -5.4409908e-02   1.2720358e-01
  -5.5839026e-02   1.2040768e-01
  -6.8401422e-02   1.2271090e-01
  -8.1623644e-02   9.1212552e-02
  -9.8750657e-02   9.3985267e-02
  -1.1871550e-01   9.4226900e-02
  -1.3907154e-01   1.0218409e-01
  -1.3259314e-01   9.8640022e-02
  -1.5384282e-01   1.0268324e-01
  -1.8715117e-01   1.0473183e-01
  -1.9884204e-01   1.1018716e-01
  -2.0296130e-01   1.1252866e-01
  -2.2646271e-01   9.6166116e-02
  -2.5529414e-01   9.2447662e-02
  -2.4096645e-01   7.7680334e-02
  -2.4933579e-01   6.9370900e-02
  -2.7504048e-01   7.5334609e-02
  -2.6122539e-01   6.9690242e-02
  -2.6040625e-01   6.0331379e-02
  -2.7365396e-01   5.4502329e-02
  -2.5938663e-01   4.4015095e-02
  -2.6785117e-01   4.8307635e-02
  -2.7164174e-01   4.4542298e-02
  -2.6804473e-01   4.2822581e-02
  -2.6934484e-01   3.9039699e-02
  -2.7835448e-01   3.6096438e-02
  -2.8124629e-01   2.3730174e-02
  -2.7215491e-01   1.4845266e-02
  -2.7146609e-01   1.3525343e-02
  -2.5791044e-01   4.9296465e-03
  -2.3499892e-01  -1.3273972e-03
  -2.3451393e-01  -1.0984495e-02
  -2.3007895e-01  -1.0691698e-02
  -2.4033994e-01  -2.1614153e-02
  -2.4220659e-01  -1.5497722e-02
  -2.1890239e-01  -2.6388855e-02
  -2.2873809e-01  -2.7063745e-02
  -2.2890549e-01  -3.8655647e-02
  -2.1266586e-01  -3.4678936e-02
  -1.8005830e-01  -5.3658693e-02
  -1.8481436e-01  -4.5941437e-02
  -1.5705576e-01  -4.7949390e-02
  -1.4668064e-01  -5.4670741e-02
  -1.4746038e-01  -5.2672976e-02
  -1.1435699e-01  -6.6094718e-02
  -1.1543485e-01  -7.1915547e-02
  -6.8646832e-02  -6.8958700e-02
  -2.7502240e-02  -6.9741506e-02
  -3.4855311e-02  -6.7108246e-02
  -2.2174147e-02  -7.6556122e-02
  -3.4646846e-02  -7.5492817e-02
  -3.8721608e-02  -7.7630095e-02
   2.3156154e-02  -9.0507100e-02
   7.7444444e-02  -8.2697164e-02
   8.5032019e-02  -7.9922970e-02
   8.0997468e-02  -6.0152784e-02
   1.0001500e-01  -9.0507700e-02
   9.0625617e-02  -7.7433428e-02
   8.3666516e-02  -6.6730096e-02
   9.3553227e-02  -8.0915489e-02
   1.1929321e-01  -7.8467194e-02
   1.2808971e-01  -9.3371902e-02
   1.5323845e-01  -8.9791538e-02
   1.8565901e-01  -9.4596714e-02
   1.9850588e-01  -8.3839482e-02
   2.2933951e-01  -6.8128848e-02
   2.4613097e-01  -6.3700664e-02
   2.3744540e-01  -5.7806745e-02
   2.4223160e-01  -6.2992482e-02
   2.2390205e-01  -8.0217002e-02
   2.2396112e-01  -8.3481583e-02
   2.6947466e-01  -7.6384684e-02
   2.8121177e-01  -7.3220558e-02
   2.6401712e-01  -6.6235559e-02
   2.8712902e-01  -7.0949432e-02
   3.2422143e-01  -8.7792832e-02
   3.4690600e-01  -7.5922525e-02
   3.6517068e-01  -5.5660391e-02
   3.7919478e-01  -5.7729740e-02
   3.9587894e-01  -5.8720292e-02
   4.0538964e-01  -5.7777833e-02
   3.9129507e-01  -5.4334941e-02
   3.9204758e-01  -5.5130243e-02
   3.8166776e-01  -6.4877016e-02
   3.9805439e-01  -7.1500918e-02
   4.1203912e-01  -7.8507441e-02
   4.1562805e-01  -7.2108185e-02
   4.0996535e-01  -5.4189203e-02
   4.4791258e-01  -5.6028894e-02
   4.4748529e-01  -4.0166910e-02
   4.7261045e-01  -5.7546771e-02
   4.7188401e-01  -4.6292755e-02
   4.8778608e-01  -5.0887869e-02
   4.9140482e-01  -5.1839058e-02
   4.9054755e-01  -3.6770113e-02
   4.7473831e-01  -3.4316372e-02
   4.7838081e-01  -2.9326541e-02
   5.1143997e-01  -2.5473141e-02
   4.8633699e-01  -2.3140916e-02
   4.7377817e-01  -1.7723769e-02
   4.7381433e-01  -8.9759845e-03
   4.7554293e-01  -1.9792713e-02
   4.5230978e-01  -3.4391400e-03
   4.6010330e-01  -3.8413400e-03
   4.8789891e-01  -1.2773862e-03
   4.5987381e-01   1.6834795e-02
   4.4821204e-01   2.0349442e-02
   4.1892292e-01   2.6034957e-02
   4.1733587e-01   3.0817688e-02
   4.2070562e-01   3.9995944e-02
   4.3100779e-01   4.8293295e-02
   4.4939384e-01   4.0432706e-02
   3.9539288e-01   5.7328465e-02
   3.8094092e-01   6.2064637e-02
   3.6354357e-01   6.3690951e-02
   3.3617751e-01   7.3545439e-02
   3.6550573e-01   7.7518865e-02
   3.5664316e-01   9.9461793e-02
   3.4810025e-01   9.1220412e-02
   3.3827447e-01   9.4488653e-02
   3.2631541e-01   8.6981221e-02
   2.7713155e-01   1.1582719e-01
   2.7495920e-01   1.4291956e-01
   2.7316388e-01   1.4046607e-01
   2.7131716e-01   1.2188211e-01
   2.6164126e-01   1.2811288e-01
   2.5686561e-01   1.3379188e-01
   2.3538852e-01   1.2086887e-01
   2.2260643e-01   1.2641978e-01
   2.0883795e-01   1.1423858e-01
   1.7481784e-01   1.4025873e-01
   1.5700266e-01   1.3057377e-01
   1.2348221e-01   1.4017094e-01
   1.2995142e-01   1.5741886e-01
   1.0781163e-01   1.7256019e-01
   7.4102406e-02   1.6921993e-01
   7.7110281e-02   1.5891411e-01
   5.5440746e-02   1.6026302e-01
   3.9971755e-02   1.5747159e-01
   2.2562541e-02   1.6467655e-01
   7.5131692e-03   1.7334777e-01
   2.8952245e-02   1.5726491e-01
   3.7264516e-03   1.7396237e-01
  -3.2229308e-02   1.5775104e-01
  -4.5676619e-02   1.5749281e-01
  -6.0761021e-02   1.6460571e-01
  -5.0427039e-02   1.4122886e-01
  -5.6457842e-02   1.4754099e-01
  -6.0413560e-02   1.5770612e-01
  -6.0652686e-02   1.5205695e-01
  -8.5711899e-02   1.5679978e-01
  -9.2897687e-02   1.5018546e-01
  -1.0569624e-01   1.5728594e-01
  -1.3364630e-01   1.5535777e-01
  -1.4776090e-01   1.4319605e-01
  -1.5686717e-01   1.5584095e-01
  -1.7096837e-01   1.4586335e-01
  -1.8542375e-01   1.5461924e-01
  -1.8215718e-01   1.6840844e-01
  -2.3083734e-01   1.5615146e-01
  -2.1748216e-01   1.5411940e-01
  -2.3765470e-01   1.5773837e-01
  -2.4954715e-01   1.4507902e-01
  -2.7777365e-01   1.7557757e-01
  -2.6448624e-01   1.5239761e-01
  -3.1237637e-01   1.5241814e-01
  -3.1538050e-01   1.5958991e-01
  -3.2399893e-01   1.4657157e-01
  -3.5072277e-01   1.4015363e-01
  -3.5559094e-01   1.3883125e-01
  -3.6738112e-01   1.3334087e-01
  -3.8432743e-01   1.3079843e-01
  -3.8030509e-01   1.1553757e-01
  -3.9207638e-01   1.0507964e-01
  -3.9660437e-01   1.0141260e-01
  -4.0663610e-01   9.0371090e-02
  -4.1910237e-01   9.1459576e-02
  -4.0391096e-01   6.5649925e-02
  -4.0498929e-01   5.4516588e-02
  -4.0186978e-01   5.2533047e-02
  -3.8372330e-01   4.5694751e-02
  -3.8576178e-01   4.9015509e-02
  -3.8496449e-01   5.0028461e-02
  -3.9169163e-01   5.0158509e-02
  -4.0108272e-01   4.1414000e-02
  -4.1832447e-01   4.1992193e-02
  -4.3962978e-01   4.1989637e-02
  -4.2097856e-01   3.2390152e-02
  -4.0851584e-01   2.1834496e-02
  -4.2222793e-01   1.4137974e-02
  -4.0479123e-01   0.0000000e+00
  -3.8087392e-01  -1.7292025e-02
  -3.7909606e-01  -2.1939640e-02
  -3.6855455e-01  -2.7736923e-02
  -3.4982368e-01  -3.5335085e-02
  -3.5170509e-01  -2.8497329e-02
  -3.3128037e-01  -2.9227710e-02
  -2.6717186e-01  -4.3998805e-02
  -2.7354839e-01  -5.7465986e-02
  -2.6175101e-01  -7.4659779e-02
  -2.7712041e-01  -7.8512807e-02
  -2.9404185e-01  -9.0934903e-02
  -2.4090772e-01  -1.1227705e-01
  -1.8032321e-01  -1.2053184e-01
  -1.6433448e-01  -1.2510500e-01
  -1.5006537e-01  -1.5032455e-01
  -1.6023564e-01  -1.2044526e-01
  -1.3374350e-01  -1.5391391e-01
  -8.0545530e-02  -1.5776305e-01
  -8.2961957e-02  -1.5151336e-01
  -7.8004043e-02  -1.5449816e-01
  -5.7458892e-02  -1.6362287e-01
  -1.3479538e-02  -1.5003193e-01
  -4.2616403e-02  -1.8137513e-01
  -4.5328738e-02  -2.0006506e-01
  -3.4800050e-02  -1.6346155e-01
  -2.3763439e-03  -1.9881937e-01
  -2.2001965e-02  -1.6110793e-01
  -3.3427936e-02  -1.8650250e-01
   1.2039365e-03  -1.8127885e-01
  -2.9025537e-02  -1.8902929e-01
  -9.5407042e-02  -1.7140699e-01
  -8.7013536e-02  -1.6601538e-01
  -8.0980560e-02  -1.6452827e-01
  -4.3975251e-02  -1.7768980e-01
  -9.9666682e-02  -2.0611031e-01
  -1.6047249e-01  -1.7334303e-01
  -1.4482721e-01  -1.2442597e-01
  -1.7746264e-01  -1.4415266e-01
  -1.9079945e-01  -1.3206014e-01
  -2.6402394e-01  -1.4573319e-01
  -2.5009960e-01  -1.2041830e-01
  -2.4611852e-01  -9.2701833e-02
  -2.9237560e-01  -1.1132918e-01
  -2.9857056e-01  -7.3268418e-02
  -3.2197920e-01  -8.0193866e-02
  -3.1778786e-01  -6.9563737e-02
  -3.2288960e-01  -6.9035010e-02
  -3.2463996e-01  -7.9078829e-02
  -2.9433499e-01  -8.7011175e-02
  -2.9475009e-01  -6.4577911e-02
  -2.7220295e-01  -6.2428521e-02
  -3.0111736e-01  -5.7702592e-02
  -3.3234997e-01  -4.7201869e-02
  -3.0155998e-01  -4.5783569e-02
  -2.7018118e-01  -4.6518670e-02
  -2.4517004e-01  -4.1357524e-02
  -2.1686783e-01  -5.1654537e-02
  -2.1538870e-01  -4.1847853e-02
  -2.0360047e-01  -3.4593405e-02
  -2.0321619e-01  -2.7843589e-02
  -1.9437938e-01  -1.4710440e-02
  -1.7633667e-01  -1.4224470e-02
  -1.7152364e-01   3.0608963e-03
  -1.4802241e-01   8.8279012e-03
  -1.1601302e-01   2.6851480e-03
  -1.0105757e-01   2.7382826e-02
  -6.4627534e-02   2.5982472e-02
  -5.5717821e-02   4.6605298e-02
  -3.6224385e-02   3.2932007e-02
  -3.8679512e-02   4.8365232e-02
  -3.4955606e-02   6.1276015e-02
  -4.0380300e-02   8.3218006e-02
  -1.8926784e-02   8.0857274e-02
   0.0000000e+00   8.0062762e-02
   7.6076064e-03   1.0070852e-01
   4.6097594e-02   9.7715293e-02
   6.9451081e-02   9.9567980e-02
   8.6927621e-02   9.1961457e-02
   8.3980202e-02   9.0560301e-02
   7.5145037e-02   1.1044200e-01
   8.1398073e-02   1.0189843e-01
   8.1584276e-02   8.3193169e-02
   1.7249468e-01   8.7841971e-02
   1.9010279e-01   7.1712059e-02
   2.0261782e-01   7.8510541e-02
   2.2054385e-01   7.2085600e-02
   2.3420169e-01   6.3708147e-02
   2.1560930e-01   7.9542186e-02
   2.7980844e-01   6.5373181e-02
   2.8132422e-01   7.5750284e-02
   2.9937966e-01   7.0465017e-02
   3.1761112e-01   5.4952746e-02
   3.3896156e-01   4.9925689e-02
   3.0831582e-01   4.9374204e-02
   3.4764585e-01   3.8889614e-02
   3.1975165e-01   5.3711218e-02
   3.6376518e-01   2.8837180e-02
   3.4779393e-01   3.0778273e-02
   3.6894654e-01   2.9907543e-02
   3.8231196e-01   3.0198789e-02
   3.8220422e-01   3.7339974e-02
   4.1633123e-01   2.1280960e-02
   4.1244921e-01   8.9803017e-03
   4.3694885e-01   9.5342005e-03
   4.2439388e-01   6.7586594e-03
   4.4997471e-01   1.5599917e-02
   4.5947713e-01   6.6130612e-03
   4.5933904e-01  -3.1026435e-03
   4.5812901e-01  -1.1251359e-02
   4.7392897e-01  -2.5119079e-02
   4.8291397e-01  -2.0334718e-02
   4.5876734e-01  -2.2617898e-02
   4.7293238e-01  -3.9832032e-02
   4.5636137e-01  -3.7362294e-02
   4.4955275e-01  -5.6315993e-02
   4.5499963e-01  -5.3413401e-02
   4.6327662e-01  -5.5433941e-02
   4.9078168e-01  -8.2922532e-02
   4.9795762e-01  -6.7051781e-02
   5.3745407e-01  -9.9926200e-02
   4.9538430e-01  -8.4988217e-02
   5.5890159e-01  -1.1676021e-01
   5.6891220e-01  -1.1850438e-01
   5.6051372e-01  -1.0782891e-01
   5.8497543e-01  -1.1565287e-01
   6.1914299e-01  -1.1827821e-01
   6.1787533e-01  -1.1151106e-01
   6.0218793e-01  -1.2155769e-01
   5.7350978e-01  -1.1747003e-01
   5.8178923e-01  -1.0315965e-01
   6.2350879e-01  -1.0638955e-01
   6.3854321e-01  -9.6754905e-02
   6.2484524e-01  -1.0989394e-01
   6.1600294e-01  -8.9781441e-02
   6.2333006e-01  -1.0098583e-01
   6.1246045e-01  -7.9016697e-02
   6.4229555e-01  -7.8707442e-02
   6.2208535e-01  -6.5090610e-02
   6.1364469e-01  -7.0866083e-02
   6.2235755e-01  -5.9599823e-02
   6.2005122e-01  -5.5256297e-02
   5.7807909e-01  -5.7058866e-02
   5.5070360e-01  -5.1467680e-02
   5.2837882e-01  -3.4004950e-02
   5.4888757e-01  -2.4586417e-02
   5.2778069e-01  -5.0937134e-03
   4.9499248e-01   5.1739425e-03
   4.8041349e-01   1.0411117e-02
   4.6656854e-01   7.3257608e-03
   4.1795754e-01   2.0898955e-02
   3.9288991e-01   3.0095942e-02
   3.5710543e-01   3.1304919e-02
   3.6767655e-01   4.7945677e-02
   4.2172915e-01   5.8722099e-02
   3.9126305e-01   7.5485432e-02
   3.8442813e-01   7.1169433e-02
   3.1829252e-01   9.5316730e-02
   2.7924907e-01   1.0062011e-01
   2.8120062e-01   9.6155196e-02
   2.5067129e-01   1.2208336e-01
   2.9955818e-01   9.9858154e-02
   2.3452112e-01   1.2995814e-01
   2.4982738e-01   1.3462014e-01
   2.0219494e-01   1.5145574e-01
   2.4068077e-01   1.3426583e-01
   1.8677068e-01   1.4994819e-01
   2.0209701e-01   1.6399063e-01
   1.8707218e-01   1.7234197e-01
   1.4637644e-01   1.4493496e-01
   9.6131421e-02   1.5087322e-01
   1.0867299e-01   1.4043374e-01
   1.2878184e-01   1.5270995e-01
   1.0963245e-01   1.5045485e-01
   8.7903215e-02   1.5940819e-01
   8.0672727e-02   1.5185090e-01
   8.1412851e-02   1.5078481e-01
   7.5589523e-02   1.5795247e-01
   4.3639982e-02   1.5393088e-01
   1.2269954e-03   1.6023750e-01
  -2.9775414e-02   1.2736852e-01
  -6.8439616e-02   1.3932699e-01
  -5.7956354e-02   1.2430166e-01
  -4.1797186e-02   1.1695916e-01
  -4.3795480e-02   1.0735884e-01
  -8.1544733e-02   1.1231278e-01
  -9.5600732e-02   1.0339570e-01
  -1.1858743e-01   1.2329478e-01
  -1.2034040e-01   1.0640130e-01
  -1.4968188e-01   8.4349575e-02
  -1.8833209e-01   7.3216731e-02
  -1.7490046e-01   6.8233346e-02
  -1.9254133e-01   6.3317790e-02
  -1.8269364e-01   5.6865637e-02
  -2.1242969e-01   3.6237242e-02
  -2.2559592e-01   5.6469523e-02
  -2.1611944e-01   3.1210635e-02
  -2.5317581e-01   3.8312958e-02
  -2.5930345e-01   3.6249407e-02
  -2.9184430e-01   1.7968984e-02
  -2.8883008e-01   2.2898545e-02
  -3.0715603e-01   2.7357577e-02
  -2.8428933e-01   1.6800802e-02
  -3.4346470e-01   5.4614818e-03
  -3.5876641e-01   5.8476840e-03
  -3.6036378e-01   2.2179911e-03
  -3.9069419e-01   1.3383487e-02
  -3.7303662e-01   1.3409448e-02
  -3.6591681e-01  -1.0169009e-02
  -3.9351298e-01  -3.9097889e-03
  -4.1823082e-01  -1.2981518e-02
  -4.4768726e-01   4.3579224e-04
  -4.4600885e-01  -5.2426563e-03
  -4.6124234e-01  -1.4978925e-02
  -4.9220367e-01  -5.4501671e-03
  -5.0493392e-01  -1.6968164e-03
  -4.9988473e-01  -1.0965470e-02
  -5.3583142e-01  -9.1921641e-03
  -5.3788325e-01   0.0000000e+00
  -5.7517253e-01  -6.1806165e-03
  -5.5543759e-01  -1.2145071e-02
  -5.0413815e-01  -1.9554952e-02
  -5.0640790e-01  -2.4765705e-02
  -5.0020306e-01  -2.8538314e-02
  -4.8992612e-01  -2.3046334e-02
  -4.8723884e-01  -2.8273341e-02
  -4.8812973e-01  -3.5222057e-02
  -4.6468538e-01  -4.2700462e-02
  -4.5111430e-01  -4.8291841e-02
  -4.1353624e-01  -6.2786064e-02
  -4.0082858e-01  -5.2868799e-02
  -3.6622947e-01  -6.9110902e-02
  -3.6354760e-01  -5.9427645e-02
  -3.4285956e-01  -7.5686132e-02
  -3.4535680e-01  -8.2876752e-02
  -2.9959870e-01  -9.3584295e-02
  -2.7641647e-01  -9.6338629e-02
  -2.6543216e-01  -9.8479038e-02
  -2.4151449e-01  -1.0609077e-01
  -2.3398469e-01  -1.0780814e-01
  -1.7166285e-01  -1.1421587e-01
  -1.6869190e-01  -1.2316616e-01
  -1.8655423e-01  -1.1953298e-01
  -1.0998696e-01  -1.1743225e-01
  -6.3416110e-02  -1.3719402e-01
  -3.7016808e-02  -1.1642383e-01
  -3.2459109e-02  -1.3434220e-01
  -1.2466610e-03  -1.2807766e-01
   1.1233980e-02  -1.2773876e-01
   2.8315213e-02  -1.4146534e-01
   2.6925377e-02  -1.4721067e-01
   6.9976912e-02  -1.5320560e-01
   6.3884971e-02  -1.5969550e-01
   7.6721059e-02  -1.5083445e-01
   1.1294843e-01  -1.5765657e-01
   1.0755626e-01  -1.5467354e-01
   1.1168021e-01  -1.6124253e-01
   1.1616437e-01  -1.5385774e-01
   1.4972655e-01  -1.5269711e-01
   1.5172637e-01  -1.4679577e-01
   1.5065775e-01  -1.5546115e-01
   1.9255702e-01  -1.5012793e-01
   2.1847081e-01  -1.5128903e-01
   2.3078371e-01  -1.4376304e-01
   2.5607254e-01  -1.4593969e-01
   2.5597229e-01  -1.4712737e-01
   2.6195296e-01  -1.4255616e-01
   2.7122121e-01  -1.4729037e-01
   2.7895077e-01  -1.4776801e-01
   3.0068060e-01  -1.4023587e-01
   3.4109679e-01  -1.3535807e-01
   3.4697811e-01  -1.3009428e-01
   3.3500740e-01  -1.1562359e-01
   3.4680036e-01  -1.0138697e-01
   3.5069652e-01  -9.5953378e-02
   3.4652604e-01  -9.9045269e-02
   3.4784303e-01  -1.0683852e-01
   3.4676577e-01  -1.0055384e-01
   3.5413066e-01  -8.9679791e-02
   3.4971544e-01  -7.3295145e-02
   3.7425688e-01  -7.2892549e-02
   3.7930487e-01  -7.1313421e-02
   3.5770062e-01  -5.6609223e-02
   3.3475339e-01  -5.1514820e-02
   3.3519392e-01  -4.7841456e-02
   3.5010314e-01  -3.4844161e-02
   3.6655474e-01  -3.0650498e-02
   3.6244942e-01  -3.0647297e-02
   3.3492965e-01  -1.3966524e-02
   3.3461808e-01  -8.5901534e-03
   3.1520668e-01  -3.0092124e-03
   3.1178103e-01   7.7507592e-03
   3.3074382e-01   1.2843802e-02
   3.0411762e-01   2.7300596e-02
   2.8638237e-01   2.5929688e-02
   2.5804994e-01   3.6440434e-02
   2.8475178e-01   4.9865327e-02
   2.7685734e-01   6.3810444e-02
   2.5434594e-01   5.9054355e-02
   2.2000543e-01   6.9332238e-02
   2.3852093e-01   6.6955319e-02
   2.2668167e-01   6.1817614e-02
   1.9568184e-01   8.8303692e-02
   2.1256181e-01   6.8020003e-02
   1.9448677e-01   9.2494121e-02
   2.1723180e-01   8.8307384e-02
   1.7975942e-01   9.5431669e-02
   1.5187880e-01   8.2875443e-02
   1.3513487e-01   8.7913025e-02
   1.1661920e-01   8.0091689e-02
   8.5692864e-02   9.8239549e-02
   9.7317302e-02   9.7863710e-02
   9.0308837e-02   1.0796274e-01
   5.3760961e-02   9.7204064e-02
   1.9950906e-02   1.0282006e-01
   0.0000000e+00   1.1786236e-01
  -1.6180645e-02   1.1436519e-01
  -4.1326339e-02   1.1455990e-01
  -6.9565321e-02   1.0807425e-01
  -8.2798298e-02   1.0402910e-01
  -1.1388606e-01   9.1600916e-02
  -1.3096030e-01   9.7907869e-02
  -1.4682119e-01   8.7273954e-02
  -1.9962528e-01   9.6108394e-02
  -2.1891500e-01   9.5695264e-02
  -2.0492118e-01   7.8504724e-02
  -2.1479455e-01   8.8728637e-02
  -2.4495675e-01   8.0223924e-02
  -2.7103895e-01   7.8679350e-02
  -2.8270992e-01   7.5539356e-02
  -3.0021289e-01   6.6141616e-02
  -3.5889576e-01   7.5215823e-02
  -3.4746067e-01   6.1711710e-02
  -3.5642800e-01   6.4537292e-02
  -3.6255659e-01   5.9512472e-02
  -3.7802616e-01   5.7539714e-02
  -3.8047422e-01   5.1263830e-02
  -3.9812170e-01   5.1487197e-02
  -4.1377877e-01   5.7902251e-02
  -4.1287764e-01   4.7739084e-02
  -4.1681840e-01   3.7328468e-02
  -4.1062694e-01   3.0061218e-02
  -4.0526890e-01   2.1884887e-03
  -4.0260725e-01  -2.1107791e-02
  -4.4615638e-01  -4.7657946e-03
  -4.4050132e-01  -9.5353997e-03
  -3.8854129e-01  -2.0767817e-02
  -4.2314435e-01  -1.7286997e-02
  -4.1748940e-01  -2.1248915e-02
  -4.1707071e-01  -2.9325749e-02
  -4.2065992e-01  -4.7066736e-02
  -3.6980028e-01  -5.6798355e-02
  -4.4795509e-01  -2.8204573e-02
  -3.0790820e-01  -7.8266842e-02
  -3.4697180e-01  -7.6559431e-02
  -3.1408681e-01  -8.2878738e-02
  -3.1531291e-01  -8.5673828e-02
  -2.7482967e-01  -1.0525360e-01
  -2.1115872e-01  -1.0735778e-01
  -2.4804042e-01  -1.0352773e-01
  -2.5839728e-01  -9.4060099e-02
  -2.1624688e-01  -1.0727917e-01
  -1.9767875e-01  -1.1832103e-01
  -1.7065783e-01  -1.1921824e-01
  -1.8113852e-01  -1.1513292e-01
  -1.4258705e-01  -1.3194979e-01
  -1.1271556e-01  -1.4096665e-01
  -7.5008955e-02  -1.5170649e-01
  -6.2041091e-02  -1.4047665e-01
  -4.8740969e-02  -1.4589704e-01
  -1.8334055e-02  -1.3481832e-01
  -2.4367164e-03  -1.3989629e-01
  -3.6641364e-03  -1.3926358e-01
   1.3344916e-02  -1.4327250e-01
   2.9246703e-02  -1.2788726e-01
   7.1753536e-02  -1.3435149e-01
   9.3041120e-02  -1.3015731e-01
   9.0041888e-02  -1.2277356e-01
   1.0923270e-01  -1.2245217e-01
   1.3227138e-01  -1.1480603e-01
   1.3471607e-01  -1.0941446e-01
   1.5937776e-01  -1.0275096e-01
   1.7580275e-01  -9.9827282e-02
   2.0258660e-01  -1.0563656e-01
   2.1410079e-01  -9.3380450e-02
   2.1825361e-01  -8.4189534e-02
   2.3154436e-01  -7.8393006e-02
   2.5503008e-01  -7.8455295e-02
   2.7627462e-01  -7.6264113e-02
   2.8637765e-01  -6.9758143e-02
   2.9972633e-01  -6.9930077e-02
   3.1148382e-01  -6.8825638e-02
   3.2557430e-01  -6.7702156e-02
   3.2889850e-01  -5.8404086e-02
   3.3993419e-01  -5.2018137e-02
   3.5424898e-01  -4.9733167e-02
   3.9327565e-01  -5.8863282e-02
   4.0923749e-01  -5.6787561e-02
   4.2318657e-01  -5.4878885e-02
   4.3921256e-01  -5.0016255e-02
   4.5081217e-01  -5.9706494e-02
   4.6126963e-01  -5.2112528e-02
   4.8528006e-01  -5.6082976e-02
   5.0778168e-01  -5.6160952e-02
   4.9426142e-01  -4.1621578e-02
   4.9929222e-01  -4.5380797e-02
   5.1237596e-01  -4.1661088e-02
   4.9864066e-01  -4.1192234e-02
   4.9059406e-01  -2.7790489e-02
   5.1175051e-01  -3.3144546e-02
   5.0148945e-01  -1.7052922e-02
   4.9593999e-01  -2.7549618e-02
   4.7439282e-01  -9.3633807e-03
   4.9507687e-01  -1.1437640e-02
   4.8843007e-01   1.2719640e-03
   4.8278862e-01  -1.0128889e-02
   4.5091185e-01  -8.4788980e-04
   4.5323908e-01  -6.3359436e-03
   4.5578029e-01  -2.5327167e-03
   4.6339396e-01   1.2191548e-02
   4.6958492e-01   1.6285497e-02
   4.5424467e-01   2.4090155e-02
   4.5396017e-01   2.1112898e-02
   4.2555097e-01   2.3346133e-02
   4.0538812e-01   3.3728500e-02
   4.0624414e-01   3.3585911e-02
   3.6946142e-01   4.6195987e-02
   4.0219924e-01   5.9520440e-02
   3.5147712e-01   5.7518745e-02
   3.1634270e-01   6.6103999e-02
   3.5942825e-01   3.6390184e-02
   3.1264232e-01   7.4250881e-02
   3.5129672e-01   4.8732731e-02
   3.0470072e-01   8.3318969e-02
   3.4872958e-01   5.1553616e-02
   2.9694488e-01   9.2471962e-02
   3.2250984e-01   7.1622621e-02
   2.8821435e-01   8.8444513e-02
   2.5238888e-01   8.7217222e-02
   2.4917751e-01   8.6553361e-02
   2.2115068e-01   9.7064681e-02
   2.3122489e-01   1.0650909e-01
   2.1055390e-01   1.1276086e-01
   2.0291442e-01   1.0247649e-01
   1.6461354e-01   1.1270126e-01
   1.7324793e-01   1.0999367e-01
   1.5012167e-01   1.0971846e-01
   1.5421419e-01   1.1717969e-01
   1.6307261e-01   1.1057177e-01
   1.1651436e-01   1.1382396e-01
   1.0236052e-01   1.3161836e-01
   9.1336675e-02   1.4353761e-01
   6.5493981e-02   1.4033404e-01
   7.8855330e-02   1.2987660e-01
   9.1427950e-02   1.0443120e-01
   0.0000000e+00   1.2875396e-01
  -2.4909055e-02   1.2791517e-01
  -3.1354874e-02   1.1179416e-01
  -7.1173446e-02   1.1209623e-01
  -7.7167036e-02   1.0630414e-01
  -8.3995727e-02   1.0219412e-01
  -7.0521311e-02   1.2480667e-01
  -1.0305753e-01   1.1072591e-01
  -1.1315223e-01   9.9674951e-02
  -1.0971304e-01   8.9458292e-02
  -1.4523137e-01   9.2084416e-02
  -1.5172115e-01   9.2362096e-02
  -1.7446531e-01   8.2616841e-02
  -1.8476723e-01   7.8143066e-02
  -1.9323532e-01   7.1961242e-02
  -2.2231012e-01   6.6968401e-02
  -2.0085572e-01   5.5231978e-02
  -2.2791890e-01   5.1656698e-02
  -2.6031046e-01   5.5133019e-02
  -2.6092490e-01   4.1753577e-02
  -2.6923698e-01   3.4367482e-02
  -2.7143812e-01   3.2223601e-02
  -2.7077125e-01   1.5523663e-02
  -2.9619083e-01   1.8121595e-02
  -3.0179898e-01   8.7682516e-03
  -3.0733607e-01   1.3659514e-02
  -3.2418636e-01   4.3964906e-03
  -3.6755560e-01   6.9562802e-03
  -3.4557652e-01  -8.7544969e-03
  -3.4286585e-01  -1.1340859e-02
  -3.4968511e-01  -1.0506942e-02
  -3.7389733e-01  -1.3024731e-03
