  -4.6473046e-02   1.8069450e-02
  -1.6896359e-01   1.6183368e-02
  -1.6464958e-01   1.5255179e-02
  -1.7245299e-01   1.7034677e-02
  -1.7092776e-01   1.4387928e-02
  -1.6864704e-01   1.4842295e-02
  -1.7020578e-01   1.4869213e-02
  -1.6829665e-01   1.6120572e-02
  -1.7231894e-01   1.4399959e-02
  -1.8087953e-01   1.3950035e-02
  -1.9203644e-01   1.6124112e-02
  -1.9657317e-01   1.3909792e-02
  -2.0020941e-01   1.5641242e-02
  -2.0103301e-01   1.5608713e-02
  -1.9902713e-01   1.3036401e-02
  -1.9536969e-01   1.2607680e-02
  -2.0184946e-01   1.4363234e-02
  -1.9674824e-01   1.5228525e-02
  -1.9781181e-01   1.2603807e-02
  -1.9575096e-01   1.3067646e-02
  -1.9331508e-01   1.2200188e-02
  -1.9016824e-01   1.5301549e-02
  -1.9085147e-01   1.3511419e-02
  -1.8417582e-01   1.4351987e-02
  -1.8490590e-01   1.4407691e-02
  -1.7512058e-01   1.3549845e-02
  -1.7021139e-01   1.4431884e-02
  -1.6707100e-01   1.6558446e-02
  -1.6147426e-01   1.4868352e-02
  -1.5079486e-01   1.1843458e-02
  -1.4542752e-01   1.4877291e-02
  -1.4556149e-01   1.5767823e-02
  -1.3808558e-01   1.5763037e-02
  -1.3727560e-01   1.5371948e-02
  -1.3235862e-01   1.6696701e-02
  -1.1986988e-01   1.6241709e-02
  -1.1475816e-01   1.5339379e-02
  -1.0397250e-01   1.5821067e-02
  -1.0151871e-01   1.6702752e-02
  -1.0254263e-01   1.6229932e-02
  -9.8133193e-02   1.7638154e-02
  -9.0603665e-02   1.6290486e-02
  -8.6758635e-02   1.6261849e-02
  -8.4398180e-02   1.6280115e-02
  -8.6913674e-02   1.8495842e-02
  -8.5611643e-02   1.7598928e-02
  -7.9578357e-02   1.7181577e-02
  -7.6140221e-02   1.5910052e-02
  -6.2389832e-02   1.4535458e-02
  -5.7479821e-02   1.8062674e-02
   9.4550725e-02   1.7218194e-02
   9.5565006e-02   1.9826412e-02
   9.7142716e-02   2.2999557e-02
   1.0144009e-01   2.4175036e-02
   1.0877892e-01   2.3723549e-02
   1.1069608e-01   2.0768998e-02
   1.1906887e-01   2.0714684e-02
   1.1934650e-01   1.7222738e-02
   1.2379939e-01   2.4647464e-02
   1.2955691e-01   2.3685317e-02
   1.3493387e-01   2.6409444e-02
   1.4577092e-01   2.1503798e-02
   1.3747513e-01   2.1122968e-02
   1.3629507e-01   1.7604393e-02
   1.3254586e-01   2.2452817e-02
   1.3274376e-01   2.6467147e-02
   1.4325315e-01   2.5459320e-02
   1.4958673e-01   2.1956429e-02
   1.5234855e-01   2.1554358e-02
   1.5421193e-01   2.0311928e-02
   1.6036537e-01   2.1181764e-02
   1.6289617e-01   2.2781307e-02
   1.7436024e-01   2.6331566e-02
   1.8036201e-01   2.4534952e-02
   1.7707931e-01   2.2397466e-02
   1.7655187e-01   2.2488492e-02
   1.8218848e-01   2.1967256e-02
   1.8439839e-01   2.5010986e-02
   1.9114826e-01   2.7101533e-02
   1.8911697e-01   2.5409994e-02
   2.0434654e-01   2.1906993e-02
   2.0597730e-01   2.2384999e-02
   2.0332797e-01   2.1493182e-02
   2.1165382e-01   2.4949459e-02
   2.1999730e-01   2.6642852e-02
   2.1775554e-01   2.6677788e-02
   2.1753923e-01   2.6651994e-02
   2.1561835e-01   2.2771510e-02
   2.1482535e-01   2.2380775e-02
   2.2002668e-01   2.0631330e-02
   2.2007993e-01   2.6802861e-02
   2.2499100e-01   2.4005506e-02
   2.2061364e-01   2.8034416e-02
   2.2338639e-01   2.1349265e-02
   2.2179025e-01   2.2314426e-02
   2.2698943e-01   2.0569695e-02
   2.2888146e-01   2.4889187e-02
   2.2886840e-01   2.5325839e-02
   2.3204304e-01   2.7005745e-02
   2.3550274e-01   2.4914616e-02
   2.4067463e-01   2.4920086e-02
   2.4063245e-01   2.6231670e-02
   2.4738054e-01   2.3513609e-02
   2.4935898e-01   2.3025102e-02
   2.5230353e-01   2.3495349e-02
   2.4457843e-01   2.6242031e-02
   2.3825180e-01   2.4805117e-02
   2.3799530e-01   2.4031517e-02
   2.4022208e-01   2.3999412e-02
   2.3873922e-01   2.4416826e-02
   2.3482667e-01   2.3971033e-02
   2.3382964e-01   2.3998512e-02
   2.2534738e-01   2.7113073e-02
   2.2148554e-01   2.5352656e-02
   2.2001049e-01   2.6206084e-02
   2.1368976e-01   2.4892878e-02
   2.0798532e-01   2.4085962e-02
   2.0578241e-01   2.1924747e-02
   2.0413309e-01   2.2323449e-02
   2.0264817e-01   2.4492172e-02
   1.9192013e-01   2.6768343e-02
   1.9304573e-01   2.3231572e-02
   1.8815619e-01   2.1929773e-02
   1.8549341e-01   2.2791482e-02
   1.7953874e-01   2.2391143e-02
   1.6931944e-01   2.4565510e-02
   1.7215165e-01   2.2849276e-02
   1.6721546e-01   2.3740875e-02
   1.6210948e-01   2.5048386e-02
   1.6510205e-01   2.2912497e-02
   1.6937260e-01   2.1933491e-02
   1.6126936e-01   2.1577848e-02
   1.4971236e-01   2.3296637e-02
   1.4327702e-01   2.4142458e-02
   1.3595094e-01   2.2840804e-02
   1.3855840e-01   2.1539493e-02
   1.3746854e-01   2.1563030e-02
   1.3353388e-01   2.0648999e-02
   1.2508225e-01   2.0684211e-02
   1.2219670e-01   2.5455072e-02
   1.2515600e-01   2.4228766e-02
   1.2640948e-01   2.2464418e-02
   1.2262966e-01   2.0688298e-02
   1.1525535e-01   2.2021372e-02
   1.0778638e-01   2.2451674e-02
   1.0299916e-01   2.1599783e-02
   1.0544113e-01   2.2477658e-02
   1.0399821e-01   2.3315070e-02
   9.7977598e-02   2.3347492e-02
   9.3211086e-02   1.9407916e-02
  -5.6312564e-02   1.8081381e-02
  -6.8497074e-02   1.6293062e-02
  -7.4826560e-02   1.7661399e-02
  -7.0862430e-02   1.8034644e-02
  -6.3471607e-02   1.7583088e-02
  -6.9712338e-02   1.7613147e-02
  -8.0792993e-02   1.8502049e-02
  -8.0899968e-02   1.4551699e-02
  -8.9388649e-02   1.4970713e-02
  -9.0417766e-02   1.7137233e-02
  -9.8970798e-02   1.7128175e-02
  -1.0648620e-01   1.9792488e-02
  -1.1119769e-01   1.6236212e-02
  -1.1865097e-01   1.5804243e-02
  -1.1366429e-01   1.3600879e-02
  -1.1608965e-01   1.5791684e-02
  -1.1618262e-01   1.8002642e-02
  -1.2353482e-01   1.6675831e-02
  -1.2732537e-01   1.7126348e-02
  -1.3099822e-01   1.7121072e-02
  -1.3088758e-01   1.5350006e-02
  -1.2452481e-01   1.5327727e-02
  -1.2710454e-01   1.4024854e-02
  -1.2937407e-01   1.8385867e-02
  -1.3221211e-01   1.7997193e-02
  -1.3728479e-01   1.4493551e-02
  -1.3658858e-01   1.6171031e-02
  -1.3074413e-01   1.6649403e-02
  -1.3578058e-01   1.5343510e-02
  -1.3580996e-01   1.2274808e-02
  -1.3793920e-01   1.6622507e-02
  -1.4828506e-01   1.7111275e-02
  -1.4676850e-01   1.7079832e-02
  -1.4269631e-01   1.5288480e-02
  -1.5153792e-01   1.4868560e-02
  -1.6271311e-01   1.3554704e-02
  -1.7510956e-01   1.4424029e-02
  -1.7981126e-01   1.5711244e-02
  -1.8613044e-01   1.4405591e-02
  -1.8803230e-01   1.3489309e-02
  -1.9150602e-01   1.3470286e-02
  -2.0066157e-01   1.1753587e-02
  -2.0411295e-01   1.3040760e-02
  -2.1060721e-01   1.5231241e-02
  -2.1571126e-01   1.5671089e-02
  -2.1551946e-01   1.4351335e-02
  -2.1856354e-01   1.3002522e-02
  -2.1880375e-01   1.1279670e-02
  -2.2203700e-01   1.0819507e-02
  -2.2491559e-01   1.1269953e-02
  -9.6643073e-02   1.4509609e-02
  -8.8309028e-02   1.8972345e-02
  -7.9558657e-02   1.9824896e-02
  -7.1089150e-02   1.5441142e-02
  -6.9803307e-02   1.3663688e-02
  -6.3920752e-02   1.6377451e-02
  -5.3870464e-02   1.6759834e-02
  -4.0318279e-02   1.8054722e-02
  -2.8119835e-02   2.1163977e-02
  -2.9454636e-02   2.2575653e-02
  -2.8191483e-02   1.5020909e-02
  -2.6961942e-02   1.6788447e-02
  -2.4483723e-02   1.8096637e-02
  -6.1193437e-03   2.0748753e-02
  -1.2238687e-03   2.0748998e-02
  -1.2215060e-03   2.0267317e-02
  -6.1279404e-03   1.6350345e-02
  -8.5859599e-03   1.8578079e-02
   0.0000000e+00   1.9905567e-02
   1.2240851e-03   1.8983126e-02
   0.0000000e+00   2.0307540e-02
   0.0000000e+00   1.9020875e-02
   8.5933799e-03   1.9924890e-02
   2.8270512e-02   1.7281323e-02
   3.1916833e-02   2.0361347e-02
   3.1847559e-02   2.2087972e-02
   3.4336304e-02   2.0782210e-02
   2.7010114e-02   1.9035241e-02
   2.4504921e-02   1.9440059e-02
   3.3175820e-02   2.0824145e-02
   4.2933272e-02   1.7683138e-02
   5.8933634e-02   1.8575840e-02
   6.8805873e-02   2.1241884e-02
   7.7528715e-02   2.4821247e-02
   8.7342503e-02   1.9030147e-02
   9.4908356e-02   1.9502824e-02
   1.0672806e-01   1.6746638e-02
   1.1182498e-01   1.9863794e-02
   1.1826318e-01   2.4338876e-02
   1.2910702e-01   2.3386657e-02
   1.3524780e-01   2.3815332e-02
   1.3687055e-01   2.4767885e-02
   1.3649166e-01   2.2930794e-02
   1.4252645e-01   2.1134307e-02
   1.4977692e-01   1.9340604e-02
   1.5771751e-01   2.2489209e-02
   1.5890737e-01   2.4690919e-02
   1.6400713e-01   2.4261361e-02
   1.6014805e-01   2.4246927e-02
   2.6321126e-01   2.3111744e-02
   2.5715621e-01   2.7089760e-02
   2.5824041e-01   2.4003347e-02
   2.6097231e-01   2.4016691e-02
   2.7489669e-01   2.2676468e-02
   2.7627025e-01   2.6621011e-02
   2.8578310e-01   2.7093796e-02
   2.8743767e-01   2.6133190e-02
   2.9867470e-01   2.3906726e-02
   3.1447070e-01   2.3811205e-02
   3.1752832e-01   2.5145246e-02
   3.2042543e-01   2.8971231e-02
   3.2110995e-01   2.8159378e-02
   3.2574286e-01   2.8105131e-02
   3.3246477e-01   2.8872265e-02
   3.3861419e-01   2.5038612e-02
   3.3424226e-01   2.4579735e-02
   3.3445588e-01   2.7192507e-02
   3.2698143e-01   2.8098142e-02
   3.2351177e-01   2.8464327e-02
   3.1978378e-01   2.9899589e-02
   3.1530217e-01   2.5945157e-02
   3.0797206e-01   2.3817089e-02
   3.0120193e-01   2.3367163e-02
   2.9834216e-01   2.4752562e-02
   3.0099107e-01   2.7805898e-02
   3.0186798e-01   2.9074981e-02
   3.0134407e-01   2.7287466e-02
   3.0049997e-01   2.5151382e-02
   2.9309711e-01   2.4751607e-02
   2.8534150e-01   2.6064415e-02
   2.8497683e-01   2.5709018e-02
   2.8380575e-01   2.6479449e-02
   2.7937483e-01   2.7858914e-02
   2.7824071e-01   2.5252590e-02
   2.7456222e-01   2.4397476e-02
   2.7213331e-01   2.3100257e-02
   2.6858438e-01   2.6192777e-02
   2.6360122e-01   2.7088298e-02
   2.6187186e-01   2.6169579e-02
   2.5619368e-01   2.5244967e-02
   2.4832777e-01   2.4915529e-02
   2.4860395e-01   2.4064472e-02
   2.4591099e-01   2.3176018e-02
   2.5225678e-01   2.5799469e-02
   2.5471469e-01   2.6226367e-02
   2.5471469e-01   2.6226367e-02
   2.5898651e-01   2.3081543e-02
   2.5061667e-01   2.2699260e-02
   2.3990532e-01   2.5411065e-02
   1.1675054e-01   1.8974015e-02
   1.1675054e-01   1.8974015e-02
   1.1301585e-01   2.2951651e-02
   1.1398070e-01   2.5547131e-02
   1.1278593e-01   2.3346908e-02
   1.0188367e-01   2.0740334e-02
   9.6702726e-02   1.8925102e-02
   8.9535542e-02   1.8970993e-02
   8.2407082e-02   2.0806074e-02
   8.2165639e-02   2.0302934e-02
   7.3577795e-02   2.0753379e-02
   6.6394373e-02   2.3923479e-02
   6.8594742e-02   2.2061246e-02
   6.8753018e-02   1.9010312e-02
   6.8480954e-02   1.8935180e-02
   6.2616986e-02   1.8573116e-02
   3.9264629e-02   2.4340898e-02
   3.0621131e-02   2.2530297e-02
   3.3020322e-02   1.8075789e-02
   3.5610013e-02   1.7261472e-02
   4.3013357e-02   1.9047195e-02
   3.3141326e-02   2.1246065e-02
   2.2029637e-02   2.0745701e-02
   7.3654231e-03   2.0367796e-02
  -9.8387148e-03   2.1739089e-02
  -1.5928199e-02   1.9442273e-02
  -1.8367531e-02   1.5008259e-02
  -2.4563062e-02   1.5051746e-02
  -3.3051679e-02   1.8535019e-02
  -3.9082746e-02   2.1578281e-02
  -4.7721696e-02   2.2498048e-02
  -4.6568862e-02   1.7222102e-02
  -4.2905493e-02   1.3249199e-02
  -5.3870464e-02   1.6759834e-02
  -6.2314947e-02   1.7161304e-02
  -6.7130775e-02   1.8019843e-02
  -7.2204888e-02   2.1154270e-02
  -8.4355494e-02   2.1560152e-02
  -8.5630288e-02   1.4959089e-02
  -8.5654663e-02   1.0559357e-02
  -8.8095323e-02   1.1877628e-02
  -8.4639879e-02   1.7652364e-02
  -8.6992469e-02   1.9395743e-02
  -8.7952350e-02   1.9776546e-02
  -8.2919443e-02   1.7549360e-02
  -7.8295620e-02   1.4084678e-02
  -9.3048984e-02   1.6728313e-02
  -9.7737313e-02   1.8447173e-02
  -9.6537706e-02   1.5813087e-02
  -9.5117142e-02   1.7098497e-02
  -2.0776042e-01   1.4337922e-02
  -2.1142678e-01   1.4330895e-02
  -2.2164925e-01   1.3904599e-02
  -2.2903593e-01   1.1285614e-02
  -2.3639060e-01   1.0839801e-02
  -2.4250231e-01   1.1696135e-02
  -2.4687489e-01   1.3893999e-02
  -2.4416629e-01   1.5112665e-02
  -2.3492086e-01   1.1697926e-02
  -2.3784526e-01   1.1282115e-02
  -2.4030912e-01   1.0410400e-02
  -2.5226379e-01   1.3840907e-02
  -2.5618354e-01   1.1624882e-02
  -2.5765096e-01   1.2064483e-02
  -2.5571425e-01   1.2092176e-02
  -2.4860520e-01   1.2983378e-02
  -2.3227653e-01   9.0929798e-03
  -2.2291756e-01   1.0861089e-02
  -2.1347919e-01   1.5255596e-02
  -2.0278786e-01   1.9129488e-02
  -1.9202212e-01   1.6995685e-02
  -1.7600158e-01   1.3085494e-02
  -1.5953917e-01   1.1406153e-02
  -1.4300542e-01   1.2692350e-02
  -1.3617532e-01   1.6268071e-02
  -1.2965518e-01   1.6228828e-02
  -1.3233224e-01   1.8893636e-02
  -1.3341958e-01   1.9312022e-02
  -1.3212386e-01   1.4032826e-02
  -1.3472350e-01   1.1849297e-02
  -1.3090454e-01   1.3595720e-02
  -1.3210150e-01   1.6225455e-02
  -1.2826384e-01   1.9720452e-02
  -1.2623557e-01   1.6265682e-02
  -1.1657343e-01   1.3211600e-02
  -1.0543381e-01   1.1888205e-02
  -1.0203812e-01   1.5018489e-02
  -9.1889429e-02   1.9830874e-02
  -8.3323785e-02   1.8517907e-02
  -8.5520149e-02   1.8460666e-02
  -8.4555960e-02   1.7634916e-02
  -8.7016754e-02   1.6310056e-02
  -8.0829651e-02   1.2775224e-02
  -8.5699769e-02   1.7175896e-02
  -8.5777988e-02   1.8074556e-02
  -8.3289478e-02   2.2486030e-02
  -7.4746336e-02   1.8526120e-02
  -6.9720236e-02   1.6292161e-02
  -5.7496512e-02   1.4538250e-02
  -5.6437027e-02   1.5465947e-02
   1.2397893e-01   2.0706642e-02
   1.2994216e-01   2.3755175e-02
   1.4298609e-01   2.4533335e-02
   1.5720585e-01   2.4621429e-02
   1.6678398e-01   2.0164483e-02
   1.6657052e-01   2.2772403e-02
   1.7163076e-01   2.3220557e-02
   1.7410914e-01   2.1900200e-02
   1.6915165e-01   2.4541543e-02
   1.6915165e-01   2.4541543e-02
   1.8653654e-01   2.2765966e-02
   1.9582794e-01   2.0056448e-02
   1.9774634e-01   2.4069976e-02
   1.9593439e-01   2.4003763e-02
   1.9014526e-01   2.5819109e-02
   1.9104627e-01   2.3581671e-02
   1.8896103e-01   2.4072258e-02
   1.8935696e-01   2.3242094e-02
   1.9245116e-01   2.4038053e-02
   1.9493359e-01   2.2719962e-02
   1.9632314e-01   2.4050352e-02
   1.8771325e-01   2.4951318e-02
   1.8792043e-01   2.4099269e-02
   1.8251101e-01   2.1857362e-02
   1.7410047e-01   2.2338204e-02
   1.6797018e-01   2.2353315e-02
   1.7409164e-01   2.2776208e-02
   1.7583146e-01   2.3279052e-02
   1.7211480e-01   2.4606913e-02
   1.6611416e-01   2.5527830e-02
   1.6815349e-01   2.1497694e-02
   1.6569059e-01   2.1942225e-02
   1.6794411e-01   2.3668215e-02
   1.6689247e-01   2.3255694e-02
   1.7300977e-01   2.4117035e-02
   1.8178904e-01   2.3678382e-02
   1.8583303e-01   2.4153424e-02
   1.9615959e-01   2.2716470e-02
   2.1522189e-01   2.1416247e-02
   2.1273025e-01   2.2735079e-02
   2.1141918e-01   2.5799867e-02
   2.1370170e-01   2.4456161e-02
   2.1991173e-01   2.1817322e-02
   2.2030406e-01   2.3608286e-02
   2.1903710e-01   2.4924152e-02
   2.2357483e-01   2.2678211e-02
   2.4020881e-01   2.4435765e-02
   2.3868424e-01   2.6160885e-02
   2.5151730e-01   2.5289147e-02
   2.5079585e-01   2.4346981e-02
   2.1944838e-01   2.5848698e-02
   2.2174346e-01   2.4064577e-02
   2.1886713e-01   2.3152689e-02
   2.1861439e-01   2.4439596e-02
   2.1348972e-01   2.4432535e-02
   2.1908495e-01   2.3175089e-02
   2.1146695e-01   2.4050724e-02
   2.0508139e-01   2.5358762e-02
   2.0776715e-01   2.4500114e-02
   2.0016926e-01   2.5374934e-02
   1.9957993e-01   2.3697660e-02
   1.9899583e-01   2.3191082e-02
   1.9801366e-01   2.1026943e-02
   1.9033399e-01   2.5844227e-02
   1.8708378e-01   2.3271685e-02
   1.8407257e-01   2.3210559e-02
   1.7182728e-01   2.1927568e-02
   1.6105913e-01   2.4196291e-02
   1.5879145e-01   2.2464297e-02
   1.5330098e-01   1.9753661e-02
   1.5340956e-01   2.2409419e-02
   1.4967136e-01   2.5494433e-02
   1.4344170e-01   2.2847984e-02
   1.3882696e-01   2.2022310e-02
   1.2912033e-01   2.2504142e-02
   1.2507041e-01   2.1564390e-02
   1.2777620e-01   2.1602539e-02
   1.2381281e-01   2.3767197e-02
   1.2003484e-01   2.2431267e-02
   1.1279749e-01   2.2465893e-02
   1.0303152e-01   1.8514100e-02
   1.0033285e-01   2.2880765e-02
   9.0822991e-02   2.2079531e-02
   8.9515459e-02   2.1176923e-02
   8.5751695e-02   2.1160456e-02
   7.2272979e-02   2.1616356e-02
   7.8401549e-02   2.1168809e-02
   7.0990801e-02   1.9833266e-02
   6.9823048e-02   2.1618821e-02
   6.7239887e-02   2.1578471e-02
   6.1363825e-02   2.2554194e-02
   5.4915954e-02   1.9787530e-02
   5.1462537e-02   1.8985480e-02
   4.4144610e-02   2.1219022e-02
   4.0309699e-02   2.0256517e-02
   3.2951004e-02   1.9360061e-02
   3.1820587e-02   2.0742109e-02
   2.3302772e-02   1.9459750e-02
   2.8181866e-02   1.8997032e-02
   2.9351398e-02   1.8077147e-02
