   6.5763411e-02   2.0617322e-02
   8.7813068e-02   2.5025638e-02
   9.0280852e-02   2.2388179e-02
   8.8810808e-02   2.1010711e-02
   9.0200653e-02   2.1489069e-02
   9.2642886e-02   2.1047451e-02
   9.1419581e-02   2.1487515e-02
   8.7667840e-02   2.2347375e-02
   8.1499546e-02   2.2332958e-02
   8.3058633e-02   2.0661146e-02
   8.2805454e-02   2.1476839e-02
   8.0377502e-02   2.0602912e-02
   7.6720436e-02   2.1045224e-02
   7.8095675e-02   2.0646111e-02
   6.5676167e-02   2.3664692e-02
   6.9550736e-02   2.1094097e-02
   5.8396148e-02   2.1041527e-02
   5.7235880e-02   2.1063225e-02
   5.8514004e-02   2.0643788e-02
   6.3214234e-02   1.8827525e-02
   5.8448096e-02   2.1939846e-02
   6.0883433e-02   2.1937755e-02
   6.2168252e-02   2.1079968e-02
   5.9730281e-02   2.1082022e-02
   5.9609928e-02   2.1478881e-02
   5.7348852e-02   2.1104803e-02
   5.7351512e-02   2.0665120e-02
   6.3384243e-02   2.1518055e-02
   6.4545570e-02   2.0618394e-02
   6.0952087e-02   2.0641817e-02
   6.0769524e-02   2.1018848e-02
   5.9802511e-02   1.8904614e-02
   6.3446790e-02   2.1539283e-02
   6.5945684e-02   2.2438250e-02
   6.6971777e-02   2.1932159e-02
   6.9338831e-02   2.1908214e-02
   6.2048767e-02   2.0600193e-02
   5.5968080e-02   2.0166636e-02
   5.2380609e-02   1.7994654e-02
   4.5068004e-02   1.8876850e-02
   4.0190568e-02   2.0196591e-02
   3.1693619e-02   2.1099757e-02
   3.2852281e-02   1.9741523e-02
   3.4174282e-02   1.8479561e-02
   3.6569560e-02   2.1097451e-02
   3.0477425e-02   2.0221104e-02
   3.6572910e-02   2.0218391e-02
   4.0154522e-02   1.9299447e-02
   4.0224616e-02   2.1534996e-02
   8.2642670e-02   2.1434709e-02
   8.8994080e-02   2.0174852e-02
   9.1401419e-02   2.3241597e-02
   9.3741535e-02   2.3653385e-02
   9.6114757e-02   2.0563917e-02
   9.3786202e-02   1.9273129e-02
   9.3852911e-02   2.1922800e-02
   9.5085256e-02   2.0605881e-02
   9.6585519e-02   2.1104885e-02
   9.4865574e-02   2.3628421e-02
   9.6096479e-02   2.2314038e-02
   9.5165588e-02   2.1942705e-02
   9.2555911e-02   2.0588732e-02
   8.8894091e-02   2.1469498e-02
   8.6466707e-02   2.0596068e-02
   8.2630548e-02   2.2747038e-02
   8.6462713e-02   2.1034282e-02
   8.6288671e-02   2.1430392e-02
   8.1664221e-02   2.1938139e-02
   8.0373790e-02   2.1041272e-02
   7.8018672e-02   2.0625791e-02
   7.5729930e-02   2.0669014e-02
   7.3197012e-02   2.2848028e-02
   7.6720436e-02   2.1045224e-02
   7.1852615e-02   2.0611664e-02
   6.5831237e-02   2.0198538e-02
   6.0826458e-02   2.1477850e-02
   6.0840185e-02   1.9286232e-02
   5.6123295e-02   2.1985168e-02
   5.2418795e-02   2.0648365e-02
   5.3640267e-02   2.0208181e-02
   5.4915954e-02   1.9787530e-02
   5.0032313e-02   2.0230651e-02
   4.6367157e-02   2.1112688e-02
   4.5055909e-02   2.1510829e-02
   4.3754057e-02   2.1031111e-02
   3.9084599e-02   2.1137908e-02
   3.8972672e-02   2.0197230e-02
   4.0238729e-02   1.8019079e-02
   4.1413841e-02   1.8878807e-02
   4.7495797e-02   2.0631310e-02
   4.6362722e-02   2.1992384e-02
   4.5011579e-02   2.1489643e-02
   4.5060115e-02   2.0632836e-02
   4.0186895e-02   2.1074704e-02
   3.6475547e-02   1.7091058e-02
   3.5326457e-02   1.8003483e-02
   3.8939362e-02   1.8861419e-02
   3.6564271e-02   2.2416042e-02
   4.1355912e-02   2.2807695e-02
   5.6075920e-02   2.0645679e-02
   5.8464126e-02   1.9307064e-02
   5.3589796e-02   1.9749395e-02
   4.3895020e-02   1.8456705e-02
   4.6286058e-02   1.8876161e-02
   4.6287972e-02   1.8437180e-02
   4.8713638e-02   2.0630517e-02
   5.2418795e-02   2.0648365e-02
   5.5968080e-02   2.0166636e-02
   6.2104091e-02   2.1497945e-02
   6.6975000e-02   2.1493516e-02
   7.1926722e-02   2.0192985e-02
   7.1788317e-02   1.9715176e-02
   7.1714567e-02   2.0133502e-02
   6.8394805e-02   2.1556001e-02
   7.5655186e-02   2.0648647e-02
   8.2968880e-02   2.1519134e-02
   7.9315920e-02   2.0644814e-02
   8.0604261e-02   2.1982818e-02
   8.4027144e-02   2.1037138e-02
   8.8906409e-02   2.0155039e-02
   8.8885449e-02   2.2345804e-02
   8.8906409e-02   2.0155039e-02
   8.8973058e-02   2.2367771e-02
   8.0223075e-02   2.0124986e-02
   8.1756410e-02   2.0642159e-02
   8.0604261e-02   2.1982818e-02
   8.3076716e-02   1.8463152e-02
   8.4121422e-02   1.9741715e-02
   8.1522326e-02   1.9705551e-02
   7.8161707e-02   2.1985608e-02
   8.5244928e-02   2.1035720e-02
   8.0370000e-02   2.1479631e-02
   8.4192996e-02   2.1078562e-02
   8.5157041e-02   2.1452887e-02
   8.1829499e-02   2.1541763e-02
   7.9296763e-02   2.2841071e-02
   7.7784990e-02   2.1002625e-02
   7.4364916e-02   2.0190627e-02
   7.6860725e-02   2.2404614e-02
   7.9312243e-02   2.1084065e-02
   7.6803110e-02   2.0188192e-02
   7.5495457e-02   2.1923438e-02
   7.3132138e-02   2.1947625e-02
   7.0856605e-02   1.8914383e-02
   7.2864774e-02   1.9238136e-02
   7.3049149e-02   2.3241597e-02
   7.8007614e-02   2.1942331e-02
   7.6875431e-02   2.0647389e-02
   7.5665269e-02   1.9330648e-02
   7.4358105e-02   2.1068480e-02
   7.8106084e-02   1.9328275e-02
   7.5569876e-02   2.1945021e-02
   7.9156005e-02   2.1042609e-02
   7.3139120e-02   2.1069720e-02
   7.3221272e-02   1.9772332e-02
   6.8330547e-02   2.1095260e-02
   6.9351752e-02   2.0155557e-02
   7.1785146e-02   2.0153291e-02
   7.3290363e-02   2.0231659e-02
   6.9475531e-02   2.1951374e-02
   6.4600055e-02   2.1956076e-02
   6.0829320e-02   2.1039526e-02
   6.2304946e-02   1.8921437e-02
   6.3583971e-02   1.9820079e-02
   6.0817518e-02   2.2792820e-02
   6.0949267e-02   2.1081005e-02
   5.3683152e-02   2.1987100e-02
   5.4807746e-02   1.9748540e-02
   5.3750999e-02   1.9367769e-02
   5.1199753e-02   2.0649220e-02
   5.4756166e-02   1.9290678e-02
   5.6083380e-02   1.9327870e-02
   5.4856879e-02   2.0646594e-02
   5.6065215e-02   2.2402758e-02
   6.0946387e-02   2.1520193e-02
   5.6080948e-02   1.9767139e-02
   5.9623381e-02   1.9287159e-02
   5.7194549e-02   1.8412185e-02
   5.8557610e-02   2.2862476e-02
   5.4903224e-02   2.1986145e-02
   4.8805223e-02   2.1550894e-02
   5.0034536e-02   1.9790854e-02
   4.8728068e-02   1.7557887e-02
   5.3598763e-02   1.7993893e-02
   5.1103547e-02   1.9731602e-02
   5.1192497e-02   2.1967256e-02
   5.2408788e-02   2.2405673e-02
   5.2413893e-02   2.1527019e-02
   4.9940220e-02   1.8873985e-02
   4.7593827e-02   1.9792401e-02
   4.3848094e-02   1.9316532e-02
   4.7542628e-02   2.0651666e-02
   7.5421185e-02   2.1901898e-02
   7.6944155e-02   2.1547232e-02
   8.0611986e-02   2.1103505e-02
   9.0124305e-02   2.0153603e-02
   9.3777993e-02   2.0149180e-02
   8.6385515e-02   2.0138071e-02
   8.1736663e-02   2.2838134e-02
   7.1980679e-02   2.2409943e-02
   6.6836864e-02   2.2326851e-02
   6.4620547e-02   1.8882226e-02
   6.6995748e-02   1.8423014e-02
   7.3089222e-02   1.7979349e-02
   7.8106084e-02   1.9328275e-02
   8.1795587e-02   2.5058786e-02
   8.9047155e-02   2.3706827e-02
   9.0014423e-02   2.2322293e-02
   9.0043473e-02   1.9258449e-02
   9.7720484e-02   2.0204047e-02
   1.0240415e-01   2.0157951e-02
   1.0878462e-01   2.3284224e-02
   1.0712751e-01   2.4070256e-02
   1.1187466e-01   2.4912465e-02
   1.0967017e-01   2.4089707e-02
   1.0574384e-01   2.0530631e-02
   9.9876215e-02   1.9265710e-02
   9.7509518e-02   2.1917789e-02
   9.6195825e-02   2.1897973e-02
   9.4038304e-02   2.1965960e-02
   9.3945516e-02   2.1944359e-02
   9.2725444e-02   2.1945992e-02
   8.9165885e-02   2.0654043e-02
   8.0467458e-02   1.9306811e-02
   8.1643348e-02   2.4131953e-02
   7.9074395e-02   2.1459899e-02
   7.7850312e-02   2.2337209e-02
   7.6716818e-02   2.1483666e-02
   7.5525529e-02   1.7977219e-02
   7.5648096e-02   2.1527313e-02
   7.9397893e-02   2.0225486e-02
   8.3853984e-02   2.1870705e-02
   8.0445352e-02   2.1939558e-02
   7.9312243e-02   2.1084065e-02
   7.6958306e-02   1.9788274e-02
   7.4288297e-02   2.0609262e-02
   7.0767574e-02   2.1532350e-02
   7.6583249e-02   1.9253588e-02
   7.4294944e-02   1.9732272e-02
   7.3052877e-02   2.2803077e-02
   7.4197372e-02   2.2779331e-02
   3.0478776e-02   1.9781514e-02
   3.2918506e-02   1.9340944e-02
   2.9232063e-02   1.9323304e-02
   2.8069374e-02   1.9361954e-02
   3.2853700e-02   1.9302823e-02
   4.1492054e-02   1.9795930e-02
   3.6531818e-02   2.1515740e-02
   3.2914127e-02   2.0659644e-02
   3.5323571e-02   1.8881702e-02
   3.5401621e-02   1.6279160e-02
   3.6576117e-02   1.9339330e-02
   4.3752002e-02   2.1469259e-02
   4.1367711e-02   2.0176038e-02
   4.7540428e-02   2.1091064e-02
   5.1098984e-02   2.0608562e-02
   5.2574312e-02   2.0709646e-02
   5.4800311e-02   2.1065109e-02
   6.4625838e-02   1.8003983e-02
   6.3330592e-02   2.0180734e-02
   6.8324012e-02   2.1974229e-02
   7.6705521e-02   2.2798992e-02
   7.4145569e-02   2.0131165e-02
   7.4294944e-02   1.9732272e-02
   7.4075999e-02   1.9674217e-02
   7.1920135e-02   2.1070940e-02
   7.1831664e-02   2.3242940e-02
   7.6781117e-02   2.2821434e-02
   7.5343374e-02   2.2318008e-02
   8.0140674e-02   2.0542332e-02
   8.2883090e-02   2.1936700e-02
   8.4446943e-02   2.0700566e-02
   9.2638508e-02   2.1485939e-02
   9.5067103e-02   2.2359573e-02
   9.9956798e-02   2.1037771e-02
   9.4033661e-02   2.2405280e-02
   9.2464829e-02   2.0568541e-02
   9.4978156e-02   2.1899638e-02
   9.2538276e-02   2.2340964e-02
   9.5254877e-02   2.2403587e-02
   9.2347096e-02   2.3171588e-02
   8.5316631e-02   2.2372433e-02
   8.5252721e-02   2.0159232e-02
   8.1679498e-02   2.0183088e-02
   8.4023181e-02   2.1475412e-02
   7.9066723e-02   2.2335813e-02
   7.9222586e-02   2.2379774e-02
   7.6951380e-02   2.0667753e-02
   7.0774206e-02   2.0653479e-02
   6.6978158e-02   2.1054873e-02
   7.0910887e-02   2.1134586e-02
   5.2408788e-02   2.2405673e-02
   5.6018096e-02   2.1064177e-02
   5.9567259e-02   1.8830287e-02
   6.2304946e-02   1.8921437e-02
   5.6020683e-02   2.0625340e-02
   5.6128664e-02   2.1105761e-02
   5.6025696e-02   1.9747666e-02
   5.8516655e-02   2.0204559e-02
   6.3152127e-02   1.8809042e-02
   5.8519250e-02   1.9765329e-02
   5.7297558e-02   2.0205494e-02
   5.8327446e-02   2.2772579e-02
   6.0883433e-02   2.1937755e-02
   6.0832124e-02   2.0601203e-02
   6.5704561e-02   1.9720576e-02
   6.0892047e-02   2.0621490e-02
   5.6073325e-02   2.1084949e-02
   5.9740992e-02   1.9325186e-02
   6.8199093e-02   2.0615118e-02
   6.8131979e-02   2.0594849e-02
   6.7100633e-02   2.2414927e-02
   6.6915337e-02   2.0595958e-02
   6.3393043e-02   2.0200623e-02
   6.3393043e-02   2.0200623e-02
   6.9609333e-02   2.2434599e-02
   6.8259954e-02   2.1513530e-02
   7.0551845e-02   2.2345133e-02
   6.8263179e-02   2.1074478e-02
   6.5958326e-02   2.0678387e-02
   6.5692574e-02   2.1473517e-02
   6.9283565e-02   2.0135762e-02
   7.6720436e-02   2.1045224e-02
   6.9209223e-02   2.0990614e-02
   6.5955262e-02   2.1118353e-02
   6.7047296e-02   2.0636542e-02
   6.8199093e-02   2.0615118e-02
   6.2156142e-02   2.2836632e-02
   6.3330592e-02   2.0180734e-02
   6.5639955e-02   1.9701202e-02
   6.9494623e-02   1.9317209e-02
   6.8189445e-02   2.1930977e-02
   7.3211301e-02   2.1090488e-02
   7.3132138e-02   2.1947625e-02
   6.8182685e-02   2.2808216e-02
   5.9551336e-02   2.1457769e-02
   5.8516655e-02   2.0204559e-02
   5.8579563e-02   1.9345172e-02
   6.2173946e-02   2.0201636e-02
   6.5812386e-02   2.2833130e-02
   5.6028120e-02   1.9308829e-02
   5.8404054e-02   1.9726431e-02
   6.0949267e-02   2.1081005e-02
   6.3271059e-02   1.9722604e-02
   5.9966771e-02   2.1165484e-02
   5.9730281e-02   2.1082022e-02
   6.5822098e-02   2.1515834e-02
   6.3458436e-02   1.9780974e-02
   6.5698694e-02   2.0597046e-02
   6.3500054e-02   2.2880586e-02
   6.3387237e-02   2.1078911e-02
   6.8263179e-02   2.1074478e-02
   6.4539545e-02   2.1495772e-02
   6.4733868e-02   2.1119457e-02
   5.6018096e-02   2.1064177e-02
   6.0952087e-02   2.0641817e-02
   6.3393043e-02   2.0200623e-02
   5.4802842e-02   2.0626253e-02
   6.2173946e-02   2.0201636e-02
   6.7053307e-02   1.9758391e-02
   6.5760373e-02   2.1055988e-02
   6.0883433e-02   2.1937755e-02
   6.0892047e-02   2.0621490e-02
   6.1006529e-02   2.1541427e-02
   6.1075302e-02   2.0242537e-02
   6.9429087e-02   1.8859605e-02
   6.6984280e-02   2.0177587e-02
   6.0940451e-02   2.2398568e-02
   6.9468630e-02   2.2829429e-02
   6.4733868e-02   2.1119457e-02
   5.9671450e-02   2.1061259e-02
   6.2062170e-02   1.8408683e-02
   6.3575278e-02   2.1141418e-02
   6.3333395e-02   1.9742022e-02
   6.2165315e-02   2.1519134e-02
   6.4539545e-02   2.1495772e-02
   6.4657361e-02   2.2856843e-02
   6.8202177e-02   2.0176499e-02
   6.8269431e-02   2.0196375e-02
   6.4482052e-02   2.0598115e-02
   6.2223653e-02   2.1979964e-02
   6.4666921e-02   2.1538179e-02
   6.5704561e-02   1.9720576e-02
   6.8263179e-02   2.1074478e-02
   6.4479080e-02   2.1036373e-02
   6.8122361e-02   2.1909414e-02
   6.5692574e-02   2.1473517e-02
   6.3315663e-02   2.2374292e-02
   6.5877311e-02   2.2855650e-02
   6.8143884e-02   1.8842096e-02
   7.0783639e-02   1.9335172e-02
   5.9792002e-02   2.0663183e-02
   5.8396148e-02   2.1041527e-02
   6.9413727e-02   2.1052582e-02
   6.5828254e-02   2.0637637e-02
   6.8205195e-02   1.9737879e-02
   7.0837476e-02   2.1553599e-02
   7.5421185e-02   2.1901898e-02
   7.5569876e-02   2.1945021e-02
   7.5421185e-02   2.1901898e-02
   8.2813184e-02   2.0600233e-02
   7.5651678e-02   2.1087980e-02
   8.4184943e-02   2.1956835e-02
   8.0516713e-02   2.2839613e-02
   7.7941820e-02   2.0605511e-02
   7.9214563e-02   2.3257412e-02
   7.7934545e-02   2.1482342e-02
   7.6796076e-02   2.1065939e-02
   6.7113471e-02   2.0656893e-02
   6.8192727e-02   2.1492357e-02
   6.3449794e-02   2.1099705e-02
   6.4603170e-02   2.1516955e-02
   6.9557119e-02   2.0215177e-02
   6.9283565e-02   2.0135762e-02
   7.1842451e-02   2.1927302e-02
   7.2058812e-02   2.1552367e-02
   7.6878921e-02   2.0208083e-02
   7.9237714e-02   2.0624498e-02
   8.0377502e-02   2.0602912e-02
   8.2727876e-02   2.1017881e-02
   8.6547959e-02   2.1054965e-02
   8.7663452e-02   2.2785559e-02
   8.8968596e-02   2.2806355e-02
   9.0107481e-02   2.1906090e-02
   9.0124305e-02   2.0153603e-02
   9.2473086e-02   1.9693284e-02
   9.2551637e-02   2.1026790e-02
   9.5160898e-02   2.2381559e-02
   9.1311437e-02   2.3218779e-02
   9.0298125e-02   2.0632244e-02
   8.6377635e-02   2.1013639e-02
   8.5157041e-02   2.1452887e-02
   8.3955828e-02   1.9702957e-02
   8.8990048e-02   2.0613436e-02
   9.1329545e-02   2.1466419e-02
   9.2451775e-02   2.1881426e-02
   9.2451775e-02   2.1881426e-02
   9.3580671e-02   2.1421207e-02
   8.7609866e-02   1.9261170e-02
   8.6539697e-02   2.1932255e-02
   5.3640267e-02   2.0208181e-02
   5.1261423e-02   1.8470715e-02
   5.1149319e-02   2.0628871e-02
   5.4695088e-02   2.0585690e-02
   5.4859364e-02   2.0207305e-02
   5.6080948e-02   1.9767139e-02
   5.5905336e-02   2.1460731e-02
   5.9845454e-02   2.1563747e-02
   6.4542589e-02   2.1057083e-02
   6.0897495e-02   1.9743980e-02
   6.1015016e-02   2.0222564e-02
   6.8256662e-02   2.1952582e-02
   6.7047296e-02   2.0636542e-02
   6.5763411e-02   2.0617322e-02
   6.4657361e-02   2.2856843e-02
   6.0949267e-02   2.1081005e-02
   6.2238082e-02   1.9781968e-02
   6.7116518e-02   2.0217385e-02
   6.3256478e-02   2.1914004e-02
   6.4355390e-02   2.0557678e-02
   6.3336136e-02   1.9303311e-02
   6.4542589e-02   2.1057083e-02
   6.2232491e-02   2.0661167e-02
   5.8514004e-02   2.0643788e-02
   6.2361203e-02   1.9821079e-02
   5.8569041e-02   2.1103824e-02
   6.3259516e-02   2.1475724e-02
   6.7176655e-02   2.1117228e-02
   6.9420073e-02   2.0175391e-02
   7.0780563e-02   1.9774607e-02
   6.8128839e-02   2.1033038e-02
   7.3149062e-02   1.9752863e-02
   7.1573824e-02   2.0094041e-02
   7.3269293e-02   2.2870571e-02
   7.5499091e-02   2.1484969e-02
   7.3280148e-02   2.1551115e-02
   7.0697809e-02   2.1511143e-02
   7.5644442e-02   2.1966646e-02
   7.4368213e-02   1.9751700e-02
   7.8102691e-02   1.9767553e-02
   8.0453032e-02   2.1061975e-02
   7.8003777e-02   2.2381178e-02
   7.1906126e-02   2.2826852e-02
   6.9544083e-02   2.1973018e-02
   6.8269431e-02   2.0196375e-02
   7.0716825e-02   1.8877125e-02
   7.1775220e-02   2.1467636e-02
   7.1987704e-02   2.1531122e-02
   7.5502651e-02   2.1046501e-02
   8.1672018e-02   2.1060614e-02
