   3.6533541e-02   2.1076643e-02
   1.5830454e-02   2.1523400e-02
   1.3425611e-02   1.8485553e-02
   1.4620583e-02   1.5813303e-02
   1.7022557e-02   1.6658514e-02
   1.3396250e-02   2.0645377e-02
   7.3080157e-03   1.9328388e-02
   1.3436566e-02   2.0266125e-02
   1.2179499e-02   1.9767053e-02
   1.2155011e-02   2.0166509e-02
   1.2193554e-02   1.8027776e-02
   3.6546051e-03   1.7571493e-02
   2.4407091e-03   1.9807083e-02
  -1.2178960e-03   2.0207295e-02
   2.4356819e-03   2.0646554e-02
   6.0837557e-03   1.9748281e-02
   9.7260585e-03   1.7974811e-02
   1.5834034e-02   1.9327135e-02
   1.5835359e-02   1.8448629e-02
   8.5320828e-03   2.1985640e-02
   1.3409459e-02   2.0665775e-02
   1.5788032e-02   1.8832120e-02
   1.8307651e-02   1.8484612e-02
   2.1925881e-02   1.8447236e-02
   2.4356819e-02   2.0642571e-02
   3.0417435e-02   2.0181244e-02
   3.6567832e-02   2.1536982e-02
   4.2664487e-02   2.1094108e-02
   4.6236543e-02   1.9734668e-02
   4.8628337e-02   1.8399511e-02
   5.0036710e-02   1.9351057e-02
   5.1044002e-02   2.1464390e-02
   4.8752361e-02   2.2408392e-02
   5.3580000e-02   2.1504896e-02
   6.0715361e-02   2.0123284e-02
   5.8516655e-02   2.0204559e-02
   5.9620805e-02   1.9725503e-02
   5.8396148e-02   2.1041527e-02
   5.3577421e-02   2.1943772e-02
   5.8453665e-02   2.1062252e-02
   6.2176703e-02   1.9762470e-02
   6.0715361e-02   2.0123284e-02
   5.7297558e-02   2.0205494e-02
   5.9740992e-02   1.9325186e-02
   5.9668636e-02   2.1500035e-02
   6.0946387e-02   2.1520193e-02
   6.4482052e-02   2.0598115e-02
   6.8208147e-02   1.9299260e-02
   7.0637969e-02   2.0174264e-02
   7.0644152e-02   1.9297122e-02
   7.4361547e-02   2.0629554e-02
   7.6860725e-02   2.2404614e-02
   7.5487973e-02   2.2800376e-02
   7.9004015e-02   2.0563788e-02
   8.7688513e-02   2.0156456e-02
   8.3858004e-02   2.1433291e-02
   7.7923069e-02   2.2797587e-02
   7.8080737e-02   2.2403227e-02
   7.4364916e-02   2.0190627e-02
   7.9159661e-02   2.0604221e-02
   7.6875431e-02   2.0647389e-02
   6.9286619e-02   1.9698028e-02
   6.2229606e-02   2.1100766e-02
   6.2040007e-02   2.1915099e-02
   5.6010009e-02   2.2380688e-02
   4.8768156e-02   1.9332730e-02
   4.6236543e-02   1.9734668e-02
   4.0116726e-02   1.8842261e-02
   3.5318984e-02   2.0199030e-02
   3.6530060e-02   2.1954836e-02
   3.8892495e-02   2.1033884e-02
   3.5385462e-02   2.1118910e-02
   2.7981487e-02   2.1059672e-02
   1.9433764e-02   1.7517513e-02
   9.7440209e-03   1.9328124e-02
   4.8724181e-03   1.8450004e-02
   9.7348406e-03   1.8870221e-02
   6.0840185e-03   1.9309430e-02
   1.3384262e-02   1.9747359e-02
   1.0950760e-02   1.9747743e-02
   1.0972835e-02   1.9347061e-02
   6.0897495e-03   1.9767775e-02
   6.0962780e-03   1.8907872e-02
   7.2942505e-03   1.8413471e-02
   4.8726148e-03   1.8010718e-02
   1.7037361e-02   1.7991382e-02
   1.9450534e-02   1.8849875e-02
   2.3078476e-02   1.7078707e-02
   3.1635529e-02   1.9742032e-02
   3.4061180e-02   2.1934440e-02
   4.0268083e-02   2.0676426e-02
   4.0271700e-02   1.9796579e-02
   4.1357978e-02   2.2369086e-02
   4.1452933e-02   1.9336916e-02
   4.4937014e-02   1.8383483e-02
   5.1107913e-02   1.8854642e-02
   5.6023216e-02   2.0186503e-02
   6.2104091e-02   2.1497945e-02
   5.6075920e-02   2.0645679e-02
   6.1000575e-02   2.2420669e-02
   6.6026564e-02   2.0258422e-02
   6.9413727e-02   2.1052582e-02
   7.0760667e-02   2.2411222e-02
   7.1991113e-02   2.1091711e-02
   7.5421185e-02   2.1901898e-02
   7.3056534e-02   2.2364556e-02
   7.6871866e-02   2.1086695e-02
   7.8022207e-02   2.0186945e-02
   7.8015061e-02   2.1064638e-02
   7.6720436e-02   2.1045224e-02
   8.1591574e-02   2.1039914e-02
   9.1342201e-02   2.0152148e-02
   9.1410676e-02   2.2364556e-02
   8.7762797e-02   2.1492117e-02
   8.4196900e-02   2.0639425e-02
   8.0508386e-02   2.3718060e-02
   8.0763798e-02   2.2026248e-02
   8.1844548e-02   1.9783252e-02
   8.6296694e-02   2.0555682e-02
   8.7849402e-02   2.1513268e-02
   8.5328974e-02   2.1056407e-02
   9.0120229e-02   2.0591725e-02
   9.0200653e-02   2.1489069e-02
   9.3760487e-02   2.1901282e-02
   9.7596016e-02   2.2816907e-02
   9.0191867e-02   2.2366174e-02
   8.5489367e-02   2.1976984e-02
   8.2809359e-02   2.1038536e-02
   8.2801469e-02   2.1915142e-02
   8.2731689e-02   2.0580008e-02
   8.1427337e-02   2.1436108e-02
   8.2723982e-02   2.1455754e-02
   8.5405015e-02   2.1955349e-02
   7.8092054e-02   2.1085390e-02
   7.1717728e-02   1.9695817e-02
   6.8199093e-02   2.0615118e-02
   6.9351752e-02   2.0155557e-02
   6.4612140e-02   2.0199590e-02
   6.8195943e-02   2.1053738e-02
   6.5902009e-02   1.9339396e-02
   5.8516655e-02   2.0204559e-02
   5.6073325e-02   2.1084949e-02
   6.0829320e-02   2.1039526e-02
   5.7359156e-02   1.9346069e-02
   5.7069874e-02   2.0563639e-02
   5.4854340e-02   2.1085884e-02
   5.4905876e-02   2.1546422e-02
   4.7497944e-02   2.0192346e-02
   4.3924701e-02   2.1554094e-02
   4.3754057e-02   2.1031111e-02
   3.9014525e-02   1.9338161e-02
   3.6576117e-02   1.9339330e-02
   3.7795321e-02   1.9338755e-02
   3.7678838e-02   2.0596307e-02
   3.6580663e-02   1.8020740e-02
   3.7717619e-02   2.0177949e-02
   3.4136229e-02   1.9779980e-02
   3.0450065e-02   1.9322843e-02
   2.8044040e-02   1.8463612e-02
   2.6875499e-02   1.9381541e-02
   2.9198074e-02   2.1059191e-02
   3.6474151e-02   1.7529291e-02
   3.1632705e-02   2.0619456e-02
   2.9173313e-02   1.9723551e-02
   2.8009048e-02   2.1080451e-02
   3.0510189e-02   1.9361045e-02
   3.8940969e-02   1.8422781e-02
   3.6609010e-02   2.0238372e-02
   3.5317387e-02   2.0638139e-02
   3.4104073e-02   1.9321347e-02
   3.0504709e-02   2.1121140e-02
   2.8064332e-02   2.1122131e-02
   3.6435417e-02   1.8387655e-02
   4.1291775e-02   1.8823125e-02
   4.2544415e-02   1.9717345e-02
   4.2700403e-02   2.2434631e-02
   4.6230283e-02   2.1050312e-02
   5.2376329e-02   1.8872442e-02
   5.7074950e-02   1.9688590e-02
   4.5055909e-02   2.1510829e-02
   4.5015772e-02   2.0612515e-02
   3.9054701e-02   1.8917331e-02
   4.1406592e-02   2.0634975e-02
   4.2668394e-02   2.0215186e-02
   5.7194549e-02   1.8412185e-02
   5.4641369e-02   2.0565468e-02
   5.2320299e-02   1.9730788e-02
   4.8661166e-02   2.1487233e-02
   5.1059754e-02   1.8398049e-02
   4.7459306e-02   1.8418335e-02
   4.2492866e-02   2.1886623e-02
   4.6195017e-02   1.8839019e-02
   4.0197449e-02   1.8440366e-02
   3.5277651e-02   2.1933832e-02
   4.0262364e-02   2.1996198e-02
   3.2909462e-02   2.1978345e-02
   3.2829218e-02   1.6654207e-02
   2.8044040e-02   1.8463612e-02
   2.7960142e-02   1.8847378e-02
   3.2886071e-02   1.9321865e-02
   2.5594989e-02   2.2421063e-02
   2.4307810e-02   2.1040251e-02
   1.4601014e-02   1.9747138e-02
   9.7176149e-03   1.6643185e-02
   1.4632843e-02   1.7587696e-02
   1.7104724e-02   1.8062621e-02
   9.7585923e-03   2.3767802e-02
   2.4355694e-03   2.1085842e-02
   3.6510065e-03   1.7554164e-02
   6.0861191e-03   1.5359774e-02
   4.8728068e-03   1.7571433e-02
   1.0939992e-02   1.9728289e-02
   7.3070456e-03   2.0646232e-02
   1.2153905e-03   2.1044325e-02
   2.4356819e-03   2.0646554e-02
   9.7356346e-03   1.7992537e-02
   9.7352423e-03   1.8431379e-02
   9.7356346e-03   1.7992537e-02
   1.2194036e-02   1.7588074e-02
   8.5244928e-03   2.1085380e-02
   4.8749916e-03   2.2865434e-02
   4.8709091e-03   2.1525005e-02
   9.7556043e-03   1.7148674e-02
   9.7552286e-03   1.7588383e-02
   1.2204594e-02   1.8925879e-02
   1.5835359e-02   1.8448629e-02
   1.5799334e-02   2.1480997e-02
   2.3068659e-02   2.1457862e-02
   2.9205727e-02   1.8426792e-02
   2.9234508e-02   1.8444972e-02
   2.9204522e-02   1.8865525e-02
   2.9260894e-02   1.9342388e-02
   3.1689034e-02   2.2418492e-02
   3.4129977e-02   2.1538200e-02
   3.7727068e-02   1.7546043e-02
   4.0161072e-02   1.7544952e-02
   3.7640104e-02   2.1013843e-02
   4.0179082e-02   2.2830929e-02
   4.2536669e-02   2.1469998e-02
   4.0147351e-02   2.1053942e-02
   4.6329749e-02   1.9334201e-02
   4.7464906e-02   1.7102739e-02
   4.4973542e-02   2.0154101e-02
   4.6317021e-02   2.1970683e-02
   5.2313215e-02   2.1046174e-02
   4.8709091e-02   2.1508411e-02
   4.4971516e-02   2.0592234e-02
   4.6335507e-02   1.8015960e-02
   5.1269435e-02   1.6711599e-02
   5.3482050e-02   2.0148565e-02
   6.0880445e-02   2.2376510e-02
   6.3315663e-02   2.2374292e-02
   5.9607066e-02   2.1917226e-02
   5.2416369e-02   2.1087692e-02
   5.1107913e-02   1.8854642e-02
   5.3493322e-02   1.7958504e-02
   5.6023216e-02   2.0186503e-02
   6.3318771e-02   2.1935580e-02
   6.3321818e-02   2.1496869e-02
   6.0949267e-02   2.1081005e-02
   6.3330592e-02   2.0180734e-02
   6.6981252e-02   2.0616230e-02
   6.6915337e-02   2.0595958e-02
   6.8259954e-02   2.1513530e-02
   6.6899270e-02   2.2787017e-02
   6.4539545e-02   2.1495772e-02
   6.6849552e-02   2.0575726e-02
   6.4424400e-02   1.9702222e-02
   6.4675917e-02   2.0219515e-02
   6.6912252e-02   2.1034170e-02
   6.6984280e-02   2.0177587e-02
   6.4476045e-02   2.1474631e-02
   5.9848293e-02   2.1123670e-02
   5.9437277e-02   2.0978614e-02
   5.7243645e-02   1.9746773e-02
   6.0894800e-02   2.0182735e-02
   6.3194307e-02   2.1892471e-02
   6.3455617e-02   2.0220551e-02
   6.9348622e-02   2.0593721e-02
   7.1771773e-02   2.1905751e-02
   7.2916508e-02   2.1882982e-02
   7.0614178e-02   2.3244261e-02
   7.0701149e-02   2.1072140e-02
   6.2176703e-02   1.9762470e-02
   6.2179399e-02   1.9323304e-02
   7.0713827e-02   1.9316128e-02
   7.3063636e-02   2.1487515e-02
   7.1701233e-02   2.1884241e-02
   6.8320644e-02   2.2413713e-02
   6.5887052e-02   2.1537055e-02
   6.4415695e-02   2.1015704e-02
   6.6987245e-02   1.9738943e-02
   6.3333395e-02   1.9742022e-02
   6.6987245e-02   1.9738943e-02
   6.3384243e-02   2.1518055e-02
   6.1984914e-02   2.1017820e-02
   5.9792002e-02   2.0663183e-02
   6.2109888e-02   2.0620478e-02
   5.4792400e-02   2.2381679e-02
   5.7241112e-02   2.0185590e-02
   5.6138748e-02   1.9346948e-02
   5.3529802e-02   2.1045285e-02
   5.6075920e-02   2.0645679e-02
   5.4695088e-02   2.0585690e-02
   5.3438611e-02   1.8378443e-02
   4.9926818e-02   2.1507564e-02
   4.9835547e-02   2.0151054e-02
   4.8855749e-02   2.1131949e-02
   4.9940220e-02   1.8873985e-02
   5.4864176e-02   1.9328727e-02
   4.8757110e-02   2.1529632e-02
   4.3844256e-02   2.0194557e-02
   3.9007531e-02   2.1096175e-02
   3.9042292e-02   2.1996897e-02
   4.3803041e-02   1.9736086e-02
   4.3813759e-02   1.7104608e-02
   1.9508090e-02   1.8905740e-02
   2.3123928e-02   1.7112381e-02
   1.8253579e-02   1.8429936e-02
   1.7047361e-02   2.1962365e-02
   1.8265909e-02   2.1522813e-02
   1.7068855e-02   1.9345975e-02
   1.5850323e-02   1.8906543e-02
   1.4616031e-02   1.9327371e-02
   1.5817765e-02   1.9746898e-02
   1.3369910e-02   2.0604701e-02
   1.3383671e-02   2.0186189e-02
   1.4572955e-02   1.9270309e-02
   1.4616650e-02   1.8888112e-02
   1.7003195e-02   1.8393923e-02
   1.9488867e-02   1.8887082e-02
   1.6997960e-02   2.1459577e-02
   2.4385112e-02   1.8904411e-02
   2.0725568e-02   1.9784758e-02
   1.9448875e-02   1.9726613e-02
   2.4381940e-02   2.0223324e-02
   2.6769681e-02   1.9305122e-02
   2.5524374e-02   2.0601502e-02
   2.6763641e-02   2.1498885e-02
   2.8039231e-02   2.0222051e-02
   3.5252606e-02   1.9282771e-02
   3.5355380e-02   1.9779430e-02
   3.2812429e-02   2.1913431e-02
   4.0073901e-02   1.9699257e-02
   3.8897751e-02   1.9719266e-02
   4.1367711e-02   2.0176038e-02
   4.5062152e-02   2.0193839e-02
   4.2624433e-02   2.0634282e-02
   4.5021737e-02   1.9296823e-02
   4.8717996e-02   1.9752623e-02
   5.0027722e-02   2.1110244e-02
   5.2364742e-02   2.1066912e-02
   5.2310754e-02   2.1484636e-02
   5.7138296e-02   1.8394083e-02
   5.7356663e-02   1.9785753e-02
   5.9612734e-02   2.1040537e-02
   5.7128553e-02   2.0145901e-02
   6.0954849e-02   2.0202630e-02
   5.7408173e-02   2.0685536e-02
   5.8459008e-02   2.0184658e-02
   6.0967772e-02   1.8006692e-02
   6.4545570e-02   2.0618394e-02
   6.9407114e-02   2.1929773e-02
   7.1994451e-02   2.0652301e-02
   6.9403707e-02   2.2368368e-02
   6.6895863e-02   2.3225229e-02
   6.9416933e-02   2.0613987e-02
   6.9563231e-02   1.9336256e-02
   7.1859044e-02   1.9734572e-02
   7.4218541e-02   2.0150947e-02
   7.1694152e-02   2.2759611e-02
   6.8249882e-02   2.2830685e-02
   7.0624783e-02   2.1928548e-02
   7.3142505e-02   2.0630768e-02
   7.4208278e-02   2.1465139e-02
   7.7868633e-02   2.0147286e-02
   7.5357676e-02   2.0567576e-02
   7.4354592e-02   2.1507407e-02
   6.8239217e-02   2.4147840e-02
   6.6978158e-02   2.1054873e-02
   6.0834870e-02   2.0162879e-02
   5.7294962e-02   2.0644743e-02
   5.7084444e-02   1.7938493e-02
   6.0777736e-02   1.9705170e-02
   3.1668068e-02   1.9322363e-02
   3.2815543e-02   2.1036893e-02
   3.1605785e-02   1.9284315e-02
   3.4074721e-02   1.7986241e-02
   2.9293429e-02   1.8041406e-02
   2.0702340e-02   2.1082915e-02
   1.8306114e-02   1.9364832e-02
   1.2180542e-02   1.8888517e-02
   1.0939510e-02   2.0166695e-02
   1.4602863e-02   1.8430662e-02
   1.4632265e-02   1.8027389e-02
   1.8286455e-02   2.0225051e-02
   1.0950277e-02   2.0186582e-02
   1.2166974e-02   2.0186395e-02
   1.2167511e-02   1.9747560e-02
   1.3372242e-02   1.8851110e-02
   9.7268126e-03   1.7097991e-02
   1.2190970e-02   2.0226285e-02
   8.5168818e-03   2.0186896e-02
   1.2155011e-02   2.0166509e-02
   1.5846061e-02   2.1544665e-02
   1.7050544e-02   2.0205375e-02
   1.7019918e-02   1.8412042e-02
   1.9528161e-02   1.8484332e-02
   2.3120246e-02   1.8867497e-02
   2.6845388e-02   2.0682542e-02
   2.9251416e-02   2.2419586e-02
   3.0477425e-02   2.0221104e-02
   3.0451354e-02   1.8883688e-02
   3.1640812e-02   1.7987185e-02
   3.1695085e-02   2.0660179e-02
   3.5388709e-02   2.0238955e-02
   3.6465034e-02   2.0158684e-02
   3.7719285e-02   1.9739298e-02
   3.9007531e-02   2.1096175e-02
   4.0194086e-02   1.9318479e-02
   5.1144545e-02   2.1506696e-02
   4.6323586e-02   2.0652442e-02
   4.9875300e-02   2.1924886e-02
   4.5021737e-02   1.9296823e-02
   4.7542628e-02   2.0651666e-02
   5.1149319e-02   2.0628871e-02
   4.7582794e-02   2.1991556e-02
   5.2369528e-02   2.0189124e-02
   5.3683152e-02   2.1987100e-02
   5.3585001e-02   2.0627146e-02
   5.6075920e-02   2.0645679e-02
   5.8574416e-02   2.0224498e-02
   5.6073325e-02   2.1084949e-02
   5.1139574e-02   2.2384520e-02
   4.3924701e-02   2.1554094e-02
   4.1337371e-02   1.7527115e-02
   4.4892904e-02   1.8365431e-02
   4.7550968e-02   1.8894078e-02
   4.7493603e-02   2.1070274e-02
   4.8658829e-02   2.1925748e-02
   5.2359753e-02   2.1944700e-02
   6.3378069e-02   2.2396343e-02
   6.9202668e-02   2.1865223e-02
   7.0624783e-02   2.1928548e-02
   6.8278314e-02   1.8879220e-02
   6.9410454e-02   2.1491178e-02
   6.9461460e-02   2.3707484e-02
   6.9468630e-02   2.2829429e-02
   7.1852615e-02   2.0611664e-02
   7.3086271e-02   1.8417870e-02
   7.6730844e-02   1.9729897e-02
   7.6569600e-02   2.1003914e-02
   7.4354592e-02   2.1507407e-02
   7.1913269e-02   2.1948896e-02
   6.2030709e-02   2.3230005e-02
   6.5883868e-02   2.1976587e-02
   6.4625838e-02   1.8003983e-02
   6.0962780e-02   1.8885067e-02
   5.8450909e-02   2.1501049e-02
   5.7230427e-02   2.1940859e-02
   6.4657361e-02   2.2856843e-02
   6.2107019e-02   2.1059211e-02
   6.7116518e-02   2.0217385e-02
   6.5698694e-02   2.0597046e-02
   6.7061836e-02   1.8441165e-02
   7.3080157e-02   1.9294911e-02
   4.9877695e-02   2.1486388e-02
   4.8761670e-02   2.0650871e-02
   5.4800311e-02   2.1065109e-02
   5.3431868e-02   1.9691189e-02
   5.3537050e-02   1.9729955e-02
   4.9882342e-02   2.0609392e-02
   4.7587346e-02   2.1111894e-02
   4.6143675e-02   2.0133561e-02
   4.1404679e-02   2.1074017e-02
   4.0156218e-02   1.8860823e-02
   4.4977463e-02   1.9277836e-02
   4.0307866e-02   2.0696876e-02
   3.6600345e-02   2.2438195e-02
   3.1690593e-02   2.1978913e-02
   3.0392710e-02   1.8408210e-02
   2.0667043e-02   1.8411211e-02
   1.7052758e-02   1.8887634e-02
   2.3074816e-02   1.8830369e-02
   1.4645513e-02   1.8925472e-02
   1.5846809e-02   2.1104978e-02
   1.4599037e-02   2.1063614e-02
   1.8250461e-02   2.0185168e-02
   2.1946601e-02   1.8905113e-02
   2.0729042e-02   1.8026113e-02
   2.3187744e-02   1.9363544e-02
   1.9546650e-02   1.8943168e-02
   2.0681969e-02   2.1062129e-02
   2.3118271e-02   1.9745055e-02
   2.3048163e-02   2.0561800e-02
   3.1638232e-02   1.8864608e-02
   2.4333948e-02   2.0183451e-02
   3.0418778e-02   1.9742521e-02
   3.2946613e-02   2.0680065e-02
   3.6465034e-02   2.0158684e-02
   3.7830991e-02   1.9797817e-02
   3.6541625e-02   1.8881159e-02
   3.1663864e-02   2.0639797e-02
   2.9204522e-02   1.8865525e-02
   2.7978827e-02   2.1937158e-02
   3.1726368e-02   2.0680601e-02
   2.9229504e-02   2.0201636e-02
   2.7958964e-02   1.9285690e-02
   2.9205727e-02   1.8426792e-02
   2.9232063e-02   1.9323304e-02
   3.1573377e-02   1.9703195e-02
   3.7754776e-02   2.0197850e-02
   3.6502534e-02   1.9739883e-02
   7.1573824e-02   2.0094041e-02
   6.6968489e-02   2.2370803e-02
   5.7289604e-02   2.1523243e-02
   5.3532269e-02   2.0606841e-02
   5.9495648e-02   2.0999214e-02
   6.5769295e-02   1.9739989e-02
   7.5661981e-02   1.9769981e-02
   7.9159661e-02   2.0604221e-02
   7.4351007e-02   2.1946334e-02
   7.2190711e-02   2.2917126e-02
   7.2984668e-02   2.2342577e-02
   8.0287068e-02   2.1896467e-02
   7.6796076e-02   2.1065939e-02
   8.1686662e-02   1.9305563e-02
   8.6816576e-02   1.9797430e-02
   8.5236807e-02   2.1912208e-02
   8.8798012e-02   2.2323881e-02
   9.8543499e-02   2.0998200e-02
   1.1550590e-01   1.7024117e-02
   1.2091798e-01   2.1047645e-02
   1.2076888e-01   2.3217339e-02
   1.1698772e-01   2.3638937e-02
   1.0978989e-01   2.3236498e-02
   1.0955632e-01   2.4503678e-02
   9.7326913e-02   2.0999833e-02
   9.6230257e-02   1.8394297e-02
   9.3907992e-02   1.5784416e-02
   8.5520149e-02   1.8460666e-02
   9.1396657e-02   2.3680118e-02
   9.7303074e-02   2.3187316e-02
   9.5146275e-02   2.3698121e-02
   9.2716215e-02   2.2823832e-02
   8.6470617e-02   2.0157854e-02
   7.9170170e-02   1.9289058e-02
   7.5655186e-02   2.0648647e-02
   7.4420702e-02   2.2407322e-02
   7.6562334e-02   2.1879078e-02
   7.8172831e-02   2.0666471e-02
   7.4288297e-02   2.0609262e-02
   7.9098844e-02   1.8394199e-02
   8.2887086e-02   2.1497966e-02
   8.0358164e-02   2.2794711e-02
   7.6920688e-02   2.4185668e-02
   7.4288297e-02   2.0609262e-02
   7.6661870e-02   1.8834492e-02
   6.8192727e-02   2.1492357e-02
   7.6651936e-02   2.0148526e-02
   3.1668068e-02   1.9322363e-02
   3.4143300e-02   1.7582204e-02
   3.9051345e-02   1.9797207e-02
   3.9053042e-02   1.9357269e-02
   4.3848094e-02   1.9316532e-02
   4.7497944e-02   2.0192346e-02
   4.6228108e-02   2.1488861e-02
   4.7497944e-02   2.0192346e-02
   4.8912881e-02   1.9390121e-02
   5.0038836e-02   1.8911261e-02
   5.7300099e-02   1.9766244e-02
   5.8341427e-02   2.0582908e-02
   6.5809022e-02   2.3272229e-02
   7.0551845e-02   2.2345133e-02
   7.0631512e-02   2.1051406e-02
   7.5736746e-02   1.9789482e-02
   8.0543400e-02   1.9765050e-02
   7.9081762e-02   2.0583985e-02
   8.7585892e-02   2.1887693e-02
   8.8954693e-02   2.4122106e-02
   8.6436999e-02   2.3663567e-02
   8.6478186e-02   1.9281425e-02
   8.1756410e-02   2.0642159e-02
   8.5505423e-02   2.0218825e-02
   8.8894091e-02   2.1469498e-02
   8.7649780e-02   2.4100110e-02
   9.1505373e-02   2.1947604e-02
   8.8973058e-02   2.2367771e-02
   9.5093781e-02   1.9729035e-02
   9.5273138e-02   2.0646443e-02
   8.4192996e-02   2.1078562e-02
   8.5417145e-02   2.0638028e-02
   8.2960783e-02   2.2397466e-02
   7.9308488e-02   2.1523317e-02
   8.0615732e-02   2.0663849e-02
   8.0626498e-02   1.9344880e-02
   8.1595343e-02   2.0601582e-02
   8.7771006e-02   2.0614888e-02
   8.7827331e-02   2.3708500e-02
   9.1500863e-02   2.2386556e-02
   9.6032962e-02   1.9232474e-02
   9.4042856e-02   2.1526641e-02
   9.3852911e-02   2.1922800e-02
   9.4991593e-02   2.0585660e-02
   1.0004094e-01   2.2374596e-02
   1.0002557e-01   2.3690749e-02
   9.9952075e-02   2.1476058e-02
   1.0159907e-01   1.8919107e-02
