   6.0095436e-02   1.3239612e-02
   4.3898157e-02   1.6116846e-02
   3.8735293e-02   1.3222193e-02
   4.1315612e-02   1.3247424e-02
   3.8771246e-02   1.4180580e-02
   4.1386865e-02   1.7066028e-02
   4.2601875e-02   1.6101496e-02
   3.7588627e-02   1.6577135e-02
   4.2480231e-02   1.4637475e-02
   4.1394859e-02   1.4221690e-02
   4.3944363e-02   1.5183782e-02
   4.0057688e-02   1.5613529e-02
   3.3796441e-02   1.6562177e-02
   3.7589889e-02   1.6103502e-02
   3.1291922e-02   1.7036243e-02
   3.1327881e-02   1.4684571e-02
   3.0045134e-02   1.4670448e-02
   3.1269727e-02   1.2764602e-02
   3.3732211e-02   1.5585049e-02
   3.2542445e-02   1.7509038e-02
   3.1322774e-02   1.7053050e-02
   3.2513783e-02   1.6073545e-02
   3.1265254e-02   1.5128417e-02
   3.3798674e-02   1.5615767e-02
   3.7664167e-02   1.6135331e-02
   3.7554082e-02   1.5614469e-02
   4.1263233e-02   1.7488296e-02
   3.6299881e-02   1.6561276e-02
   3.8765137e-02   1.6544010e-02
   3.7556418e-02   1.4668138e-02
   3.8807110e-02   1.5140855e-02
   4.2561293e-02   1.5612528e-02
   4.6362375e-02   1.5626303e-02
   4.5053716e-02   1.8922989e-02
   4.9970358e-02   1.6522633e-02
   4.7526043e-02   1.4177260e-02
   4.5066322e-02   1.5138391e-02
   5.1275016e-02   1.5120674e-02
   4.7613860e-02   1.6099239e-02
   5.2625845e-02   1.6096733e-02
   5.1120808e-02   1.6018448e-02
   5.0016041e-02   1.7483965e-02
   4.8919741e-02   1.4692651e-02
   5.5193145e-02   1.4215819e-02
   5.2527231e-02   1.4647564e-02
   5.0017810e-02   1.7011426e-02
   5.2676016e-02   1.6586512e-02
   4.8958322e-02   1.7553710e-02
   5.0124610e-02   1.4677604e-02
   4.8918238e-02   1.5166608e-02
   5.7646669e-02   1.3727217e-02
   5.3761225e-02   1.8899304e-02
   5.3878841e-02   1.6096068e-02
   6.1281769e-02   1.4643045e-02
   6.3774903e-02   1.6530870e-02
   6.1271818e-02   1.7004827e-02
   6.7524044e-02   1.7000588e-02
   6.2517778e-02   1.7948679e-02
   6.0254189e-02   1.8021243e-02
   5.8890827e-02   1.6093250e-02
   6.0145784e-02   1.5619198e-02
   6.2653841e-02   1.5144446e-02
   7.3851483e-02   1.6540072e-02
   7.6346803e-02   1.7955705e-02
   7.1340455e-02   1.7959812e-02
   7.3921746e-02   1.7029384e-02
   7.5026715e-02   1.6994963e-02
   7.1210138e-02   1.6037773e-02
   7.1493620e-02   1.5627405e-02
   7.6432775e-02   1.6081433e-02
   7.6427568e-02   1.7027399e-02
   7.2652290e-02   1.9868743e-02
   7.3768225e-02   1.8412270e-02
   7.9099853e-02   1.5163466e-02
   7.3924300e-02   1.6556345e-02
   7.1280217e-02   1.6053524e-02
   7.0299129e-02   1.7539879e-02
   7.2604559e-02   1.5595810e-02
   6.5151369e-02   1.7035813e-02
   6.8978109e-02   1.7049937e-02
   7.1557023e-02   1.7064888e-02
   6.8774489e-02   1.6999691e-02
   6.5093743e-02   1.5600801e-02
   6.3963734e-02   1.6579750e-02
   6.5087198e-02   1.7019056e-02
   6.3839862e-02   1.6074356e-02
   6.3839862e-02   1.6074356e-02
   6.7592883e-02   1.6544603e-02
   6.8919225e-02   1.5140583e-02
   6.1265136e-02   1.8421896e-02
   5.6319306e-02   1.8443386e-02
   6.2653841e-02   1.5144446e-02
   7.0245821e-02   1.4207513e-02
   7.0167793e-02   1.6086002e-02
   6.7592883e-02   1.6544603e-02
   5.8830842e-02   1.6550278e-02
   6.0199077e-02   1.7055924e-02
   6.2458597e-02   1.7459186e-02
   6.3959243e-02   1.7527165e-02
   6.3841940e-02   1.5601581e-02
   6.3843956e-02   1.5128806e-02
   5.8830842e-02   1.6550278e-02
   5.7577137e-02   1.7023912e-02
   4.6224125e-02   1.6052351e-02
   5.0116438e-02   1.7044960e-02
   5.0112829e-02   1.7991902e-02
   5.0072110e-02   1.5609162e-02
   5.2624078e-02   1.6570167e-02
   4.7574236e-02   1.3718181e-02
   4.7665389e-02   1.4693203e-02
   4.6357705e-02   1.7046876e-02
   4.7610616e-02   1.7046254e-02
   4.6318164e-02   1.5137855e-02
   4.6405062e-02   1.6589706e-02
   4.7612261e-02   1.6572746e-02
   4.7529985e-02   1.2759534e-02
   4.7568504e-02   1.5610344e-02
   4.7473425e-02   1.6051769e-02
   4.7563722e-02   1.7029466e-02
   4.7612261e-02   1.6572746e-02
   4.6359307e-02   1.6573351e-02
   4.3856301e-02   1.5627398e-02
   4.3817119e-02   1.4192731e-02
   4.1348878e-02   1.6102021e-02
   4.0056384e-02   1.6086666e-02
   4.5150871e-02   1.6590297e-02
   4.5053716e-02   1.8922989e-02
   4.2559908e-02   1.6085635e-02
   3.8809448e-02   1.4194552e-02
   3.6267694e-02   1.5126832e-02
   3.5052656e-02   1.4668965e-02
   3.7480235e-02   1.5583759e-02
   3.7554082e-02   1.5614469e-02
   4.1347490e-02   1.6575610e-02
   3.7480235e-02   1.5583759e-02
   3.3701161e-02   1.4626115e-02
   3.5013672e-02   1.6545430e-02
   2.7566818e-02   1.5633036e-02
   2.5011415e-02   1.5602883e-02
   2.3808460e-02   1.5160216e-02
   2.1241935e-02   1.3226495e-02
   1.7527350e-02   1.3726502e-02
   2.1237402e-02   1.6533119e-02
   2.3805308e-02   1.7055243e-02
   2.2531716e-02   1.6092139e-02
   2.3760072e-02   1.6076001e-02
   1.2516769e-02   1.7040591e-02
   1.2519883e-02   1.3253793e-02
   1.6277105e-02   1.1833347e-02
   1.5037383e-02   1.4688012e-02
   1.7491326e-02   1.5116675e-02
   2.3735920e-02   1.6532542e-02
   2.2533851e-02   1.4672245e-02
   2.6261133e-02   1.6075377e-02
   2.0091208e-02   1.3292104e-02
   5.3880598e-02   1.5622654e-02
   5.6223835e-02   1.4631325e-02
   5.6546228e-02   1.7566731e-02
   5.8890827e-02   1.6093250e-02
   5.7694721e-02   1.6109848e-02
   5.8892747e-02   1.5619919e-02
   6.3893857e-02   1.7983147e-02
   6.1338334e-02   1.5603095e-02
   6.5153620e-02   1.6562596e-02
   6.1463265e-02   1.4686352e-02
   6.6338875e-02   1.7018189e-02
   6.0192474e-02   1.8477251e-02
   6.0076172e-02   1.7968045e-02
   6.2721288e-02   1.3738183e-02
   6.2595884e-02   1.4183950e-02
   6.2590137e-02   1.5602345e-02
   6.6472115e-02   1.6578071e-02
   6.8912483e-02   1.6560012e-02
   6.7524044e-02   1.7000588e-02
   6.2698079e-02   1.8949218e-02
   6.2590137e-02   1.5602345e-02
   6.5153620e-02   1.6562596e-02
   6.5097791e-02   1.4655298e-02
   7.2673786e-02   1.6084221e-02
   6.8842229e-02   1.7016407e-02
   6.7788446e-02   1.7541761e-02
   6.5139166e-02   1.9401898e-02
   6.5089443e-02   1.6546304e-02
   6.9061604e-02   1.3748217e-02
   6.8781391e-02   1.5583050e-02
   7.2750200e-02   1.5153000e-02
   7.0227189e-02   1.7996184e-02
   6.7719075e-02   1.7998111e-02
   7.2740551e-02   1.7047124e-02
   7.0234688e-02   1.6575432e-02
   6.7588156e-02   1.7490009e-02
   6.6212935e-02   1.6041181e-02
   6.8917044e-02   1.5613726e-02
   7.1561918e-02   1.6116838e-02
   7.6346803e-02   1.7955705e-02
   7.5018534e-02   1.8411210e-02
   7.6274462e-02   1.7466023e-02
   7.2599763e-02   1.6541010e-02
   6.7530820e-02   1.5583872e-02
   6.7659529e-02   1.6560889e-02
   7.0093906e-02   1.7015491e-02
   7.1410781e-02   1.7977486e-02
   7.3926782e-02   1.6083307e-02
   7.8933389e-02   1.7025349e-02
   7.6497473e-02   1.7991062e-02
   7.9957835e-02   1.5559711e-02
   8.2537669e-02   1.5573023e-02
   8.2534988e-02   1.6044933e-02
   8.1600114e-02   1.7056772e-02
   8.4030787e-02   1.6564528e-02
   8.7793360e-02   1.6561219e-02
   8.7790320e-02   1.7034397e-02
   8.9038043e-02   1.7979521e-02
   8.7891432e-02   1.4682948e-02
   8.6529929e-02   1.7981967e-02
   8.6438069e-02   1.8909787e-02
   8.6529929e-02   1.7981967e-02
   9.3786622e-02   1.6506722e-02
   1.0315255e-01   1.6121281e-02
   9.5133912e-02   1.6049657e-02
   9.4139997e-02   1.8939056e-02
   9.2526312e-02   1.7922873e-02
   8.8865908e-02   1.7472015e-02
   9.2624090e-02   1.6996221e-02
   9.0199712e-02   1.8433261e-02
   9.2630388e-02   1.6051986e-02
   9.9093835e-02   1.4658960e-02
   9.6668103e-02   1.6569224e-02
   9.7723582e-02   1.7480340e-02
   9.5398878e-02   1.8464223e-02
   9.0370822e-02   1.9416699e-02
   8.7885934e-02   1.5630235e-02
   8.0028497e-02   1.6990888e-02
   8.1452491e-02   1.4658896e-02
   8.3947934e-02   1.6548247e-02
   8.5287848e-02   1.6090200e-02
   8.4005230e-02   2.0350705e-02
   8.6618570e-02   1.7525995e-02
   8.0107321e-02   1.7007577e-02
   8.5209224e-02   1.5128835e-02
   8.3953491e-02   1.5602633e-02
   8.9129253e-02   1.7523606e-02
   8.8775245e-02   1.7926638e-02
   8.8950271e-02   1.7961859e-02
   8.5191809e-02   1.7965492e-02
   8.1597204e-02   1.7530571e-02
   8.4116640e-02   1.6107102e-02
   8.6444629e-02   1.7964298e-02
   8.7799183e-02   1.5614864e-02
   8.6630421e-02   1.5631293e-02
   8.5532205e-02   1.7561749e-02
   8.5366273e-02   1.7053457e-02
   8.6618570e-02   1.7525995e-02
   8.4027878e-02   1.7037800e-02
   8.7883057e-02   1.6103879e-02
   8.7787196e-02   1.7507575e-02
   8.7703766e-02   1.7017661e-02
   1.2050838e-01   1.7960753e-02
   1.1674677e-01   1.7492911e-02
   1.1664367e-01   1.6058816e-02
   1.1572419e-01   1.7055119e-02
   1.1137842e-01   1.9333955e-02
   1.1286512e-01   1.7952860e-02
   1.0775034e-01   1.6997100e-02
   1.0273505e-01   1.7474924e-02
   1.0408673e-01   1.7963400e-02
   1.0169325e-01   1.6090872e-02
   1.0042365e-01   1.7985323e-02
   9.7913057e-02   1.7988087e-02
   1.0147468e-01   1.8420968e-02
   9.6375703e-02   1.7464512e-02
   9.5130724e-02   1.6521706e-02
   9.4160418e-02   1.6098198e-02
   9.0123844e-02   1.6526438e-02
   8.6776754e-02   1.9459013e-02
   9.5409364e-02   1.7043898e-02
   9.6668103e-02   1.6569224e-02
   9.0295401e-02   1.7505159e-02
   8.7950855e-02   1.8964408e-02
   8.5203749e-02   1.6074387e-02
   8.6453842e-02   1.6546064e-02
   8.2773731e-02   1.7038901e-02
   8.1519583e-02   1.7039987e-02
   8.0268215e-02   1.6567693e-02
   8.4039025e-02   1.5144711e-02
   8.1677885e-02   1.7547857e-02
   8.2694980e-02   1.6549315e-02
   8.5197944e-02   1.7019939e-02
   8.6377117e-02   1.5112980e-02
   8.5447633e-02   1.7544440e-02
   8.2779382e-02   1.6092296e-02
   7.5323182e-02   1.7061968e-02
   8.1519583e-02   1.7039987e-02
   8.1605696e-02   1.6109173e-02
   8.1361803e-02   1.6534112e-02
   8.0183452e-02   1.7497197e-02
   7.5317736e-02   1.8009855e-02
   7.4002168e-02   1.5625641e-02
   7.0306445e-02   1.6117727e-02
   7.5182230e-02   1.5609366e-02
   6.7654788e-02   1.7507226e-02
   7.0091421e-02   1.7488144e-02
   7.2668835e-02   1.7030351e-02
   6.7793215e-02   1.6593558e-02
   6.6404280e-02   1.7034943e-02
   7.1566534e-02   1.5168789e-02
   6.8844603e-02   1.6543729e-02
   7.1630271e-02   1.6607238e-02
   6.6284363e-02   1.4640153e-02
   6.7862549e-02   1.6135370e-02
   6.2711653e-02   1.6106835e-02
   6.1385915e-02   1.8458182e-02
   6.0196934e-02   1.7529700e-02
   6.1336338e-02   1.6075916e-02
   6.3843956e-02   1.5128806e-02
   6.3904896e-02   1.5616943e-02
   6.6408805e-02   1.6088558e-02
   6.1151473e-02   1.6971463e-02
   5.5184398e-02   1.6585122e-02
   5.8886814e-02   1.7039912e-02
   5.2520508e-02   1.6537572e-02
   5.3719929e-02   1.6048625e-02
   5.5079321e-02   1.5606616e-02
   5.5238916e-02   1.6601496e-02
   5.1371124e-02   1.6570836e-02
   5.1320522e-02   1.6554520e-02
   4.8860008e-02   1.7992594e-02
   4.8868450e-02   1.5625147e-02
   4.5158028e-02   1.4220254e-02
   4.6228486e-02   1.4635967e-02
   4.6363842e-02   1.5152778e-02
   4.5067701e-02   1.4665317e-02
   4.3762445e-02   1.7959769e-02
   4.2512089e-02   1.7960370e-02
   4.3729649e-02   1.4636987e-02
   4.2523302e-02   1.4179239e-02
   4.1310795e-02   1.5139913e-02
   3.2578966e-02   1.5631575e-02
   3.5017084e-02   1.5127250e-02
   3.8845381e-02   1.5155788e-02
   4.6268067e-02   1.6540738e-02
   4.5149308e-02   1.7064305e-02
   4.2641013e-02   1.7065470e-02
   4.1477955e-02   1.3774828e-02
   3.8809448e-02   1.4194552e-02
   4.1267494e-02   1.6070326e-02
   4.2434503e-02   1.6038237e-02
   4.2561293e-02   1.5612528e-02
   3.8879916e-02   1.6593007e-02
   4.3862813e-02   1.3259610e-02
   4.7618379e-02   1.4678718e-02
   5.2514934e-02   1.7955078e-02
   4.8813668e-02   1.7501853e-02
   4.6177185e-02   1.6508252e-02
   4.0177703e-02   1.5185274e-02
   3.8847726e-02   1.4208551e-02
   3.6305613e-02   1.4195379e-02
   4.1352803e-02   1.4681254e-02
   3.8805885e-02   1.5614007e-02
   4.2647980e-02   1.4695266e-02
   5.7635895e-02   1.6567330e-02
   5.7526254e-02   1.5589909e-02
   5.8715171e-02   1.6517769e-02
   6.0084576e-02   1.6076672e-02
   6.2583844e-02   1.7020740e-02
   6.2707372e-02   1.7054296e-02
   5.9009127e-02   1.5650753e-02
   5.8948954e-02   1.6109119e-02
   5.7467831e-02   1.6046554e-02
   6.2526506e-02   1.6059344e-02
   6.3970004e-02   1.5158629e-02
   6.3839862e-02   1.6074356e-02
   6.6406574e-02   1.6561750e-02
   6.2647712e-02   1.6564238e-02
   6.6467448e-02   1.7525389e-02
   6.3777036e-02   1.6058559e-02
   6.7532948e-02   1.5111634e-02
   6.5091624e-02   1.6073553e-02
   6.3963734e-02   1.6579750e-02
   6.7459984e-02   1.6512127e-02
   6.8846910e-02   1.6071051e-02
   7.0234688e-02   1.6575432e-02
   6.7657191e-02   1.7034058e-02
   6.7590552e-02   1.7017306e-02
   6.3835521e-02   1.7019906e-02
   6.3900666e-02   1.6563425e-02
   6.3900666e-02   1.6563425e-02
   6.8846910e-02   1.6071051e-02
   7.1277833e-02   1.6525686e-02
   6.9043788e-02   1.7540828e-02
   7.1488879e-02   1.6574521e-02
   7.2533103e-02   1.5580495e-02
   6.8842229e-02   1.7016407e-02
   7.1413387e-02   1.7504394e-02
   7.2750200e-02   1.5153000e-02
   7.0027345e-02   1.6526590e-02
   7.3851483e-02   1.6540072e-02
   7.4070365e-02   1.6588986e-02
   7.1413387e-02   1.7504394e-02
   7.2740551e-02   1.7047124e-02
   7.2668835e-02   1.7030351e-02
   8.0189071e-02   1.6551403e-02
   8.1287098e-02   1.5574009e-02
   8.2683070e-02   1.8440665e-02
   7.8855644e-02   1.7008624e-02
   7.2737962e-02   1.7520656e-02
   7.6277161e-02   1.6993969e-02
   7.1488879e-02   1.6574521e-02
   7.0245821e-02   1.4207513e-02
   7.1350434e-02   1.6069306e-02
   7.2597259e-02   1.7013611e-02
   6.1340271e-02   1.5130274e-02
   6.0082562e-02   1.6549515e-02
   5.5025113e-02   1.5591269e-02
   5.2627561e-02   1.5623300e-02
   5.5021485e-02   1.6536194e-02
   5.3659704e-02   1.7919093e-02
   5.1320522e-02   1.6554520e-02
   4.8821849e-02   1.5136737e-02
   4.6319582e-02   1.4664797e-02
   5.0121487e-02   1.5624546e-02
   5.0164112e-02   1.7535715e-02
   5.0220534e-02   1.5655407e-02
   4.7613860e-02   1.6099239e-02
   4.6408139e-02   1.5641723e-02
   5.0121487e-02   1.5624546e-02
   5.0065300e-02   1.7501181e-02
   5.2679510e-02   1.5638712e-02
   4.7566956e-02   1.6083385e-02
   4.8633111e-02   1.4135014e-02
   4.5101546e-02   1.7994563e-02
   5.1423555e-02   1.6113264e-02
   5.2781983e-02   1.6144463e-02
   5.2681180e-02   1.5164811e-02
   5.2625845e-02   1.6096733e-02
   5.5180523e-02   1.7532843e-02
   4.9968642e-02   1.6994708e-02
   5.2632403e-02   1.4203000e-02
   5.2577375e-02   1.5134952e-02
   5.5081060e-02   1.5133688e-02
   5.5021485e-02   1.6536194e-02
   5.6382941e-02   1.6568063e-02
   5.9955845e-02   1.8404669e-02
   6.3835521e-02   1.7019906e-02
   5.5126123e-02   1.7515568e-02
   5.3933784e-02   1.5638064e-02
   5.5077528e-02   1.6079544e-02
   5.1376150e-02   1.5150478e-02
   5.2627561e-02   1.5623300e-02
   5.1372849e-02   1.6097383e-02
   5.5079321e-02   1.5606616e-02
   5.2514934e-02   1.7955078e-02
   5.3880598e-02   1.5622654e-02
   5.1426866e-02   1.5165425e-02
   5.2674192e-02   1.7060413e-02
   5.9966432e-02   1.6045096e-02
   5.3767244e-02   1.7481856e-02
   4.8858177e-02   1.8466083e-02
   5.1327104e-02   1.4662575e-02
   5.1428446e-02   1.4691505e-02
   5.1434267e-02   1.2795827e-02
   5.7522462e-02   1.6534752e-02
   5.5182487e-02   1.7058983e-02
   4.1391043e-02   1.5643859e-02
   4.1472918e-02   1.5674804e-02
   4.3857689e-02   1.5153840e-02
   4.5061922e-02   1.6557616e-02
   4.3940047e-02   1.6607262e-02
   4.6363842e-02   1.5152778e-02
   4.6272576e-02   1.5122960e-02
   4.8823343e-02   1.4663714e-02
   4.6360864e-02   1.6099827e-02
   4.2603264e-02   1.5627922e-02
   4.9973647e-02   1.5578483e-02
   5.0022830e-02   1.5593807e-02
   5.3830865e-02   1.4661379e-02
   5.7572999e-02   1.7969685e-02
   4.7666807e-02   1.4219228e-02
   4.8869996e-02   1.5151658e-02
   5.0067075e-02   1.7028176e-02
   5.3820198e-02   1.7499066e-02
   5.1374524e-02   1.5623931e-02
   5.2574004e-02   1.6080886e-02
   5.5025113e-02   1.5591269e-02
   5.4967394e-02   1.6519949e-02
   5.7463938e-02   1.6990469e-02
   5.8890827e-02   1.6093250e-02
   6.2476279e-02   1.3212357e-02
   5.7631856e-02   1.7514035e-02
   6.1329993e-02   1.7494379e-02
   6.3843956e-02   1.5128806e-02
   6.1332167e-02   1.7021558e-02
   6.2586003e-02   1.6547942e-02
   6.5149055e-02   1.7509030e-02
   6.1396819e-02   1.6091748e-02
   6.1396819e-02   1.6091748e-02
   6.7597348e-02   1.5599197e-02
   6.7728585e-02   1.6103573e-02
   6.7447748e-02   1.8871002e-02
   6.8711537e-02   1.6039508e-02
   6.7664007e-02   1.5614553e-02
   6.5153620e-02   1.6562596e-02
   6.8910102e-02   1.7033156e-02
   6.8919225e-02   1.5140583e-02
   6.6273599e-02   1.7001468e-02
   6.7585694e-02   1.7962712e-02
   7.3698470e-02   1.7922562e-02
   7.5171986e-02   1.7501411e-02
   7.2678455e-02   1.5138090e-02
   7.2750200e-02   1.5153000e-02
   6.7857898e-02   1.7084510e-02
   6.8839788e-02   1.7489085e-02
   6.8701964e-02   1.7926509e-02
   7.2673786e-02   1.6084221e-02
