   6.3772708e-02   1.7003180e-02
   6.1459428e-02   1.5633859e-02
   6.1271818e-02   1.7004827e-02
   5.9907534e-02   1.6029354e-02
   6.2641036e-02   1.7984030e-02
   6.0135394e-02   1.7985743e-02
   5.8888849e-02   1.6566581e-02
   5.6327402e-02   1.6551756e-02
   5.2731560e-02   1.5654153e-02
   5.3832461e-02   1.4188432e-02
   5.2681180e-02   1.5164811e-02
   5.0068802e-02   1.6555171e-02
   5.2562669e-02   1.8918689e-02
   5.1323912e-02   1.5608548e-02
   4.8911750e-02   1.7062433e-02
   5.0126098e-02   1.4204133e-02
   4.7570006e-02   1.5137303e-02
   4.5109338e-02   1.5626858e-02
   4.3854871e-02   1.6100955e-02
   4.0098458e-02   1.5155323e-02
   4.2595904e-02   1.7995790e-02
   3.6298630e-02   1.7034455e-02
   4.0058953e-02   1.5140392e-02
   4.1391043e-02   1.5643859e-02
   4.7528717e-02   1.3232109e-02
   4.1303873e-02   1.7505525e-02
   3.6262912e-02   1.7017686e-02
   3.2511577e-02   1.7019048e-02
   3.7554082e-02   1.5614469e-02
   4.2646669e-02   1.5169307e-02
   3.8768915e-02   1.5125952e-02
   4.1149884e-02   1.4609222e-02
   3.6266552e-02   1.5599545e-02
   3.6301098e-02   1.6088096e-02
   3.6338078e-02   1.5630319e-02
   4.0095882e-02   1.6102530e-02
   4.1305337e-02   1.7032403e-02
   3.7479020e-02   1.6055994e-02
   3.6341421e-02   1.4209381e-02
   3.3731118e-02   1.6057323e-02
   3.2577904e-02   1.6105259e-02
   4.1312059e-02   1.4666791e-02
   3.6266552e-02   1.5599545e-02
   4.1270135e-02   1.5125013e-02
   3.6373947e-02   1.5645751e-02
   3.1325929e-02   1.5631963e-02
   3.3902969e-02   1.3763639e-02
   3.3800776e-02   1.4669357e-02
   3.2481817e-02   1.6057735e-02
   3.8805885e-02   1.5614007e-02
   3.5048161e-02   1.6561734e-02
   2.6338894e-02   1.6123011e-02
   2.5061536e-02   1.5159928e-02
   2.5035240e-02   1.6091545e-02
   3.2583804e-02   1.3263154e-02
   2.8710061e-02   1.3683817e-02
   3.1268028e-02   1.3710128e-02
   2.0030089e-02   1.4672730e-02
   1.6304481e-02   1.6599421e-02
   1.8796152e-02   1.5161220e-02
   2.2535164e-02   1.3725648e-02
   2.3714910e-02   1.5100610e-02
   2.2466757e-02   1.5100880e-02
   1.3744010e-02   1.4172398e-02
   1.1288824e-02   1.5177265e-02
   8.7703766e-03   1.7057836e-02
   1.1254395e-02   1.6551073e-02
   1.0015629e-02   1.3727383e-02
   1.1245420e-02   1.3700250e-02
   7.5045342e-03   1.3241148e-02
   3.7631690e-03   1.4229186e-02
   7.5049273e-03   1.2295352e-02
   6.2583844e-03   1.7041213e-02
   1.2542740e-03   1.5652166e-02
   6.2653841e-03   1.5162698e-02
   3.7523672e-03   1.2768417e-02
   0.0000000e+00   1.3795837e-02
  -1.2507211e-03   1.3714279e-02
   3.7597704e-03   1.2793626e-02
   3.7628221e-03   1.5652105e-02
   2.4986013e-03   1.6062961e-02
   5.0124610e-03   1.4688928e-02
   2.5064465e-03   1.3267496e-02
   5.0072110e-03   1.5621180e-02
   7.5117215e-03   1.3727570e-02
   1.2493007e-02   1.6062214e-02
   8.7459298e-03   1.4645322e-02
   8.7626192e-03   1.5620930e-02
   1.1289832e-02   1.3754397e-02
   1.2544258e-02   1.3754269e-02
   1.7526328e-02   1.4673158e-02
   2.0008482e-02   1.6076820e-02
   2.2508015e-02   1.7021954e-02
   2.2576933e-02   1.5649699e-02
   2.1260373e-02   1.5130883e-02
   2.5062305e-02   1.4686180e-02
   2.5011415e-02   1.5602883e-02
   2.2579014e-02   1.4226999e-02
   2.6338894e-02   1.6123011e-02
   3.0044215e-02   1.5143688e-02
   2.5085481e-02   1.5649118e-02
   2.3760844e-02   1.5603178e-02
   2.1279241e-02   1.6565719e-02
   3.0048521e-02   1.2777487e-02
   3.6414300e-02   1.3762885e-02
   3.7550307e-02   1.7033967e-02
   3.3791584e-02   1.8454997e-02
   3.7555268e-02   1.5141304e-02
   3.3805457e-02   1.2303331e-02
   3.8889324e-02   1.2800320e-02
   3.8765137e-02   1.6544010e-02
   3.5082719e-02   1.6578071e-02
   3.7551602e-02   1.6560801e-02
   3.7519451e-02   1.4653699e-02
   4.1388298e-02   1.6591972e-02
   4.1270135e-02   1.5125013e-02
   4.3813096e-02   1.5612004e-02
   4.3857689e-02   1.5153840e-02
   4.5066322e-02   1.5138391e-02
   4.3891993e-02   1.8012946e-02
   4.2601875e-02   1.6101496e-02
   4.1270135e-02   1.5125013e-02
   3.7596697e-02   1.3261708e-02
   3.3835116e-02   1.4210156e-02
   4.0099688e-02   1.4681719e-02
   4.8910009e-02   1.7536390e-02
   4.7712492e-02   1.4707715e-02
   4.3760812e-02   1.8432394e-02
   4.7568504e-02   1.5610344e-02
   5.3987074e-02   1.5653504e-02
   5.6273856e-02   1.6063039e-02
   5.9964430e-02   1.6517010e-02
   5.6268046e-02   1.7480366e-02
   5.4969229e-02   1.6047950e-02
   5.6222121e-02   1.5103303e-02
   5.7648269e-02   1.3253864e-02
   6.2651859e-02   1.5617710e-02
   6.1209425e-02   1.7460021e-02
   6.2581626e-02   1.7493539e-02
   6.6467448e-02   1.7525389e-02
   6.3963734e-02   1.6579750e-02
   6.1522108e-02   1.5175065e-02
   6.6544321e-02   1.5172045e-02
   6.3837723e-02   1.6547131e-02
   6.6349671e-02   1.4654552e-02
   6.3893857e-02   1.7983147e-02
   5.8936194e-02   1.8951904e-02
   6.2581626e-02   1.7493539e-02
   6.1340271e-02   1.5130274e-02
   6.0271945e-02   1.3753054e-02
   5.8770927e-02   1.7006408e-02
   6.0199077e-02   1.7055924e-02
   6.0023438e-02   1.6533247e-02
   6.7524044e-02   1.7000588e-02
   7.1415924e-02   1.7031302e-02
   7.1410781e-02   1.7977486e-02
   7.3997260e-02   1.6572650e-02
   7.3999750e-02   1.6099145e-02
   7.7606643e-02   1.6537163e-02
   7.5246168e-02   1.7518644e-02
   7.2597259e-02   1.7013611e-02
   7.1284779e-02   1.5109199e-02
   6.6284363e-02   1.4640153e-02
   7.3929193e-02   1.5610268e-02
   8.0186300e-02   1.7024300e-02
   7.8999579e-02   1.8935676e-02
   7.6343948e-02   1.8428223e-02
   7.6212208e-02   1.5090935e-02
   7.5248846e-02   1.7045167e-02
   7.2740551e-02   1.7047124e-02
   7.0024934e-02   1.6998778e-02
   7.2750200e-02   1.5153000e-02
   6.6410970e-02   1.5615365e-02
   6.7728585e-02   1.6103573e-02
   6.8774489e-02   1.6999691e-02
   6.8769556e-02   1.7944118e-02
   6.7657191e-02   1.7034058e-02
   7.1350434e-02   1.6069306e-02
   7.0239346e-02   1.5628265e-02
   6.5210961e-02   1.7999969e-02
   6.6406574e-02   1.6561750e-02
   6.7661801e-02   1.6087721e-02
   6.3898458e-02   1.7036665e-02
   6.0254189e-02   1.8021243e-02
   6.0086532e-02   1.5603829e-02
   6.0149532e-02   1.4672580e-02
   5.8886814e-02   1.7039912e-02
   5.6273856e-02   1.6063039e-02
   6.0139725e-02   1.7039125e-02
   6.3963734e-02   1.6579750e-02
   6.0199077e-02   1.7055924e-02
   6.0137589e-02   1.7512434e-02
   6.2399463e-02   1.6970653e-02
   5.6390186e-02   1.4674570e-02
   5.7526254e-02   1.5589909e-02
   5.7582926e-02   1.5605252e-02
   6.1398821e-02   1.5618461e-02
   5.8828814e-02   1.7023143e-02
   6.1269650e-02   1.7477183e-02
   6.5144237e-02   1.8455464e-02
   6.2588100e-02   1.6075144e-02
   6.7532948e-02   1.5111634e-02
   6.5093743e-02   1.5600801e-02
   6.5097791e-02   1.4655298e-02
   6.8839788e-02   1.7489085e-02
   6.6273599e-02   1.7001468e-02
   6.3839862e-02   1.6074356e-02
   6.3959243e-02   1.7527165e-02
   6.2594029e-02   1.4656749e-02
   6.0143823e-02   1.6092507e-02
   5.8780473e-02   1.4644407e-02
   6.1582960e-02   1.5190055e-02
   6.1211586e-02   1.6988129e-02
   6.3896188e-02   1.7509906e-02
   6.3768134e-02   1.7947801e-02
   6.5082520e-02   1.7964559e-02
   5.7641534e-02   1.5147273e-02
   6.1396819e-02   1.6091748e-02
   6.2651859e-02   1.5617710e-02
   6.3839862e-02   1.6074356e-02
   5.9955845e-02   1.8404669e-02
   6.1273926e-02   1.6532470e-02
   6.0133141e-02   1.8459052e-02
   6.5029679e-02   1.5585471e-02
   5.8886814e-02   1.7039912e-02
   6.1343967e-02   1.4184631e-02
   6.3845910e-02   1.4656030e-02
   6.2579346e-02   1.7966337e-02
   5.8886814e-02   1.7039912e-02
   5.8888849e-02   1.6566581e-02
   5.7582926e-02   1.5605252e-02
   5.4976039e-02   1.4159956e-02
   5.6444121e-02   1.5162883e-02
   4.8769043e-02   1.6539519e-02
   5.2629226e-02   1.5149867e-02
   5.1271735e-02   1.6065716e-02
   5.1418215e-02   1.7535022e-02
   5.3825766e-02   1.6080223e-02
   4.8871495e-02   1.4678168e-02
   4.7575554e-02   1.3245140e-02
   5.1328625e-02   1.4189589e-02
   5.1169313e-02   1.6505766e-02
   5.2574004e-02   1.6080886e-02
   5.4907604e-02   1.7918341e-02
   4.7613860e-02   1.6099239e-02
   4.7615413e-02   1.5625732e-02
   4.3767090e-02   1.6541892e-02
   4.5024673e-02   1.4178277e-02
   4.2559908e-02   1.6085635e-02
   4.3896680e-02   1.6590871e-02
   4.2600444e-02   1.6575069e-02
   4.1434532e-02   1.4710267e-02
   3.9980175e-02   1.5110617e-02
   3.8796256e-02   1.8926069e-02
   3.6305613e-02   1.4195379e-02
   3.2579997e-02   1.5157891e-02
   3.3798674e-02   1.5615767e-02
   3.0133277e-02   1.5188599e-02
   2.8850962e-02   1.4225576e-02
   3.2515864e-02   1.5128042e-02
   2.7515078e-02   1.4183861e-02
   2.7537841e-02   1.6564149e-02
   2.3783478e-02   1.6091850e-02
   2.2533851e-02   1.4672245e-02
   2.5015114e-02   1.3238809e-02
   2.4987609e-02   1.5115182e-02
   2.3829626e-02   1.6597865e-02
   2.5012203e-02   1.5130068e-02
   2.0108722e-02   1.5206013e-02
   1.8760817e-02   1.3712788e-02
   1.3769830e-02   1.5620383e-02
   1.9990087e-02   1.5116236e-02
   1.2506102e-02   1.5132271e-02
   1.2530372e-02   1.5635961e-02
   1.5006849e-02   1.5604821e-02
   1.3744010e-02   1.4172398e-02
   1.2530768e-02   1.5162144e-02
   1.0015342e-02   1.4200741e-02
   9.9959289e-03   1.3700363e-02
   1.1288824e-02   1.5177265e-02
   1.0004881e-02   1.5132535e-02
   8.7626192e-03   1.5620930e-02
   1.3798683e-02   1.3754128e-02
   1.3757539e-02   1.4186359e-02
   1.8777634e-02   1.5146272e-02
   1.6272906e-02   1.6093352e-02
   2.0027521e-02   1.6565985e-02
   2.0049229e-02   1.5160992e-02
   2.2532449e-02   1.5618841e-02
   1.8737579e-02   1.7478410e-02
   2.1326403e-02   1.2804518e-02
   2.3813085e-02   1.1843919e-02
   2.8704737e-02   1.6514951e-02
   3.3798674e-02   1.5615767e-02
   3.3864292e-02   1.6120746e-02
   3.6370276e-02   1.7068092e-02
   3.4975545e-02   1.7945942e-02
   4.0098458e-02   1.5155323e-02
   4.6370501e-02   1.2785157e-02
   4.1308146e-02   1.6086158e-02
   4.5024673e-02   1.4178277e-02
   4.8918238e-02   1.5166608e-02
   4.8960068e-02   1.7079285e-02
   5.0263314e-02   1.7570384e-02
   5.1377725e-02   1.4677026e-02
   5.5131838e-02   1.6095387e-02
   5.5184398e-02   1.6585122e-02
   5.4963565e-02   1.7463946e-02
   5.6280841e-02   1.4173270e-02
   5.8719035e-02   1.5573896e-02
   5.6380992e-02   1.7041437e-02
   5.6386673e-02   1.5621317e-02
   6.2777661e-02   1.5174332e-02
   5.7686619e-02   1.8005125e-02
   6.5089443e-02   1.6546304e-02
   6.5077590e-02   1.8910062e-02
   6.6343386e-02   1.6072734e-02
   6.1513932e-02   1.7071949e-02
   6.2405700e-02   1.5556432e-02
   6.2769318e-02   1.7071124e-02
   6.6338875e-02   1.7018189e-02
   6.7588156e-02   1.7490009e-02
   6.7459984e-02   1.6512127e-02
   6.7664007e-02   1.5614553e-02
   6.7595148e-02   1.6071900e-02
   6.6336523e-02   1.7490917e-02
   6.8987259e-02   1.5155500e-02
   6.9960837e-02   1.6038648e-02
   5.8896417e-02   1.4673258e-02
   5.2574004e-02   1.6080886e-02
   5.0021205e-02   1.6066347e-02
   5.3776237e-02   1.5119443e-02
   5.1224599e-02   1.5105816e-02
   5.0073691e-02   1.5136157e-02
   5.2627561e-02   1.5623300e-02
   4.5195477e-02   1.6606686e-02
   4.6268067e-02   1.6540738e-02
   4.7521688e-02   1.5594986e-02
   4.5066322e-02   1.5138391e-02
   5.2475579e-02   1.4633171e-02
   5.1376150e-02   1.5150478e-02
   5.6220352e-02   1.5575281e-02
   5.2572242e-02   1.6553853e-02
   5.2677788e-02   1.6112612e-02
   5.3979689e-02   1.7550898e-02
   5.3823962e-02   1.6553170e-02
   4.8866856e-02   1.6098636e-02
   4.7521688e-02   1.5594986e-02
   5.1369349e-02   1.7044288e-02
   4.7560303e-02   1.7975548e-02
   5.5186254e-02   1.6111261e-02
   4.7520145e-02   1.6067561e-02
   4.3729649e-02   1.4636987e-02
   4.8823343e-02   1.4663714e-02
   4.7713914e-02   1.4233273e-02
   4.5197001e-02   1.6132209e-02
   4.7563722e-02   1.7029466e-02
   5.0022830e-02   1.5593807e-02
   4.7470210e-02   1.6995991e-02
   4.3856301e-02   1.5627398e-02
   4.6319582e-02   1.4664797e-02
   4.3947026e-02   1.4234796e-02
   4.3805542e-02   1.7977460e-02
   4.3767090e-02   1.6541892e-02
   4.3817119e-02   1.4192731e-02
   4.1310795e-02   1.5139913e-02
   4.0053660e-02   1.7032941e-02
   4.2518024e-02   1.6069804e-02
   4.2515139e-02   1.7015087e-02
   4.7750148e-02   1.7571726e-02
   4.5021966e-02   1.5123495e-02
   4.7566956e-02   1.6083385e-02
   4.0056384e-02   1.6086666e-02
   4.1312059e-02   1.4666791e-02
   4.8773796e-02   1.5121846e-02
   4.6175602e-02   1.6979917e-02
   4.8818718e-02   1.6082783e-02
   4.7566956e-02   1.6083385e-02
   4.6319582e-02   1.4664797e-02
   4.3848725e-02   1.7995185e-02
   4.7466811e-02   1.7940212e-02
   5.5137071e-02   1.4675206e-02
   5.6382941e-02   1.6568063e-02
   6.1336338e-02   1.6075916e-02
   6.0196934e-02   1.7529700e-02
   6.0139725e-02   1.7039125e-02
   6.0201161e-02   1.6582149e-02
   5.8886814e-02   1.7039912e-02
   6.5220119e-02   1.6105235e-02
   6.6410970e-02   1.5615365e-02
   6.2649816e-02   1.6090974e-02
   5.5124112e-02   1.7988962e-02
   6.1392636e-02   1.7038322e-02
   6.5210961e-02   1.7999969e-02
   7.0088868e-02   1.7960796e-02
   6.7592883e-02   1.6544603e-02
   6.6345545e-02   1.5600007e-02
   6.5224318e-02   1.5157868e-02
   6.7452837e-02   1.7927452e-02
   6.6266372e-02   1.8418257e-02
   7.5246168e-02   1.7518644e-02
   7.0165437e-02   1.6559120e-02
   7.0031962e-02   1.5582213e-02
   6.8980497e-02   1.6576328e-02
   7.0163013e-02   1.7032237e-02
   7.1350434e-02   1.6069306e-02
   7.3986582e-02   1.8466667e-02
   6.9945813e-02   1.8868997e-02
   7.2671346e-02   1.6557286e-02
   7.0036308e-02   1.4637837e-02
   6.5159995e-02   1.5142944e-02
   6.6413071e-02   1.5142172e-02
   6.8846910e-02   1.6071051e-02
   7.2668835e-02   1.7030351e-02
   7.5177254e-02   1.6555388e-02
   7.9005587e-02   1.7988892e-02
   8.5272671e-02   1.8456405e-02
   9.0212705e-02   1.6542670e-02
   8.8946938e-02   1.8434539e-02
   8.4030787e-02   1.6564528e-02
   8.1350108e-02   1.8423724e-02
   8.2692122e-02   1.7022152e-02
   8.3856324e-02   1.7949027e-02
   9.1646384e-02   1.6574061e-02
   9.0298615e-02   1.7032047e-02
   9.1471714e-02   1.5596279e-02
   9.0120736e-02   1.6998622e-02
   8.9940379e-02   1.7436586e-02
   8.9119197e-02   1.8944439e-02
   9.1465659e-02   1.6541508e-02
   9.2810123e-02   1.6556586e-02
   9.2360436e-02   1.5534153e-02
   9.5217849e-02   1.7482949e-02
   9.0292100e-02   1.7978272e-02
   8.6519933e-02   1.9401596e-02
   8.8862672e-02   1.7944231e-02
   8.5282025e-02   1.7036682e-02
   8.7445123e-02   1.6967650e-02
   8.4041607e-02   1.4671439e-02
   8.2873925e-02   1.3739301e-02
   8.1427166e-02   1.8914705e-02
   7.8930586e-02   1.7498276e-02
   8.2931423e-02   1.8020971e-02
   8.2618981e-02   1.5588316e-02
   8.1358998e-02   1.7006515e-02
   7.6502993e-02   1.7044164e-02
   8.3865243e-02   1.6531998e-02
   8.0270916e-02   1.6094330e-02
   8.1436318e-02   1.7496102e-02
   7.8849976e-02   1.7953547e-02
   8.1433347e-02   1.7968970e-02
   8.1527812e-02   1.5619988e-02
   7.6581225e-02   1.6587046e-02
   7.6583807e-02   1.6113130e-02
   7.2525825e-02   1.6996903e-02
   7.3992065e-02   1.7519658e-02
   7.7461588e-02   1.5090040e-02
   7.6432775e-02   1.6081433e-02
   6.8910102e-02   1.7033156e-02
   6.6404280e-02   1.7034943e-02
   6.7795501e-02   1.6119456e-02
   6.1400764e-02   1.5145175e-02
   6.1461376e-02   1.5160105e-02
   5.9005206e-02   1.6599283e-02
   6.2641036e-02   1.7984030e-02
   6.0141803e-02   1.6565816e-02
   5.8778677e-02   1.5116807e-02
   5.7467831e-02   1.6046554e-02
   5.5184398e-02   1.6585122e-02
   5.7639710e-02   1.5620626e-02
   5.6488302e-02   1.8023698e-02
   5.3878841e-02   1.6096068e-02
   5.5137071e-02   1.4675206e-02
   5.3935493e-02   1.5164183e-02
   5.2679510e-02   1.5638712e-02
   5.1323912e-02   1.5608548e-02
   5.3772795e-02   1.6064408e-02
   4.6312045e-02   1.7030086e-02
   5.1374524e-02   1.5623931e-02
   5.5186254e-02   1.6111261e-02
   5.5140292e-02   1.3728418e-02
   4.8856300e-02   1.8939572e-02
   5.5079321e-02   1.5606616e-02
   5.0164112e-02   1.7535715e-02
   5.0165897e-02   1.7061776e-02
   5.2470628e-02   1.6049285e-02
   4.6362375e-02   1.5626303e-02
   4.7526043e-02   1.4177260e-02
   4.5110765e-02   1.5153317e-02
   4.2598972e-02   1.7048643e-02
   4.4971778e-02   1.6997207e-02
   4.2766103e-02   1.7591601e-02
   4.3860336e-02   1.4206725e-02
   4.1347490e-02   1.6575610e-02
   4.5159328e-02   1.3746246e-02
   3.8767693e-02   1.5598638e-02
   4.0134107e-02   1.6592498e-02
   3.5077666e-02   1.8472708e-02
   3.8845381e-02   1.5155788e-02
   3.5083897e-02   1.6104412e-02
   4.0138042e-02   1.5170283e-02
   3.8803322e-02   1.6560310e-02
   3.5053695e-02   1.4195772e-02
   3.4943699e-02   1.6984714e-02
   3.5082719e-02   1.6578071e-02
   3.6302280e-02   1.5614917e-02
   3.2484882e-02   1.4640876e-02
   3.3834112e-02   1.4683828e-02
   4.0062514e-02   1.3720980e-02
   3.3867513e-02   1.4698327e-02
   3.1238140e-02   1.3224344e-02
   2.8788568e-02   1.7037038e-02
   2.7565919e-02   1.6106765e-02
   2.5108598e-02   1.6613960e-02
   2.3762319e-02   1.4657531e-02
   2.8821651e-02   1.4685258e-02
   2.5037612e-02   1.4671703e-02
   2.1280647e-02   1.5619107e-02
   2.0028844e-02   1.5619357e-02
   1.5022567e-02   1.4673529e-02
   1.7508542e-02   1.5131566e-02
   2.1281970e-02   1.4672494e-02
   2.2535164e-02   1.3725648e-02
   2.0028844e-02   1.5619357e-02
   1.7492376e-02   1.4171883e-02
   1.6273436e-02   1.5620018e-02
   1.8758561e-02   1.5604207e-02
   1.7473031e-02   1.6045677e-02
   1.8776430e-02   1.6092914e-02
   2.3738229e-02   1.5115467e-02
   2.3739653e-02   1.4170751e-02
   2.3759278e-02   1.6548825e-02
   2.6236990e-02   1.5114882e-02
   2.8793253e-02   1.4670783e-02
   2.7516626e-02   1.3238270e-02
   2.3785731e-02   1.4671981e-02
   2.5010602e-02   1.6075697e-02
   2.6184674e-02   1.5556612e-02
   2.7540530e-02   1.5144365e-02
   2.6234438e-02   1.6531902e-02
   2.7541373e-02   1.4671104e-02
   2.7541373e-02   1.4671104e-02
   2.8824134e-02   1.3264104e-02
   3.2548895e-02   1.4669735e-02
   3.1266209e-02   1.4655654e-02
   3.2512696e-02   1.6546296e-02
   3.1228165e-02   1.7947323e-02
   3.2512696e-02   1.6546296e-02
   2.7483697e-02   1.6531558e-02
   2.6239313e-02   1.3697862e-02
   3.1362358e-02   1.2802418e-02
   3.1297942e-02   1.4196869e-02
   2.7564041e-02   1.7054221e-02
   5.1374524e-02   1.5623931e-02
   5.3827518e-02   1.5607275e-02
   5.1369349e-02   1.7044288e-02
   5.6270037e-02   1.7007923e-02
   5.6384834e-02   1.6094690e-02
   5.3820198e-02   1.7499066e-02
   5.1264578e-02   1.7955800e-02
   4.8820307e-02   1.5609760e-02
   4.7570006e-02   1.5137303e-02
   5.0025934e-02   1.4648728e-02
   5.3776237e-02   1.5119443e-02
   5.1470841e-02   1.7077951e-02
   5.6494346e-02   1.6600774e-02
   5.7745713e-02   1.7548610e-02
   5.3877032e-02   1.6569482e-02
   5.3922424e-02   1.8481348e-02
   5.0124610e-02   1.4677604e-02
   5.5082746e-02   1.4660760e-02
   5.0016041e-02   1.7483965e-02
   4.3722562e-02   1.6997791e-02
   5.0175587e-02   1.4218147e-02
   5.1325533e-02   1.5135561e-02
   5.2324251e-02   1.3648863e-02
   5.7581052e-02   1.6078139e-02
   5.7584744e-02   1.5132366e-02
   5.8713154e-02   1.6989705e-02
   6.3772708e-02   1.7003180e-02
   6.9889794e-02   1.6494187e-02
   6.6404280e-02   1.7034943e-02
   6.4033214e-02   1.5173584e-02
   6.7737042e-02   1.4209035e-02
   6.6605835e-02   1.6136214e-02
   6.6462523e-02   1.8472708e-02
   6.7716533e-02   1.8471746e-02
   6.6219183e-02   1.4625783e-02
   7.3853958e-02   1.6067499e-02
   7.2819774e-02   1.5641937e-02
   7.1486404e-02   1.7048079e-02
   6.8912483e-02   1.6560012e-02
   7.0165437e-02   1.6559120e-02
   6.7521655e-02   1.7472826e-02
   7.0310981e-02   1.5169625e-02
   7.1218960e-02   1.4150976e-02
   7.0239346e-02   1.5628265e-02
   7.5328334e-02   1.6114081e-02
   7.2592042e-02   1.7958811e-02
   7.3695726e-02   1.8394208e-02
   6.8978109e-02   1.7049937e-02
   7.0380526e-02   1.5184598e-02
