  -3.1680600e-02  -1.0027325e-01
   4.2992802e-01  -1.5629245e-02
   4.4727910e-01  -1.0571328e-02
   4.6142304e-01  -1.1907936e-02
   4.6333751e-01  -2.2912940e-03
   4.6064819e-01  -4.5717748e-04
   4.5540851e-01   1.6119122e-02
   4.5646928e-01   2.1638658e-02
   4.6562026e-01   1.3851662e-02
   4.7146093e-01   2.4557518e-02
   4.6908712e-01   1.9937404e-02
   4.5574492e-01   1.9360430e-02
   4.3567693e-01   3.1495918e-02
   4.3685537e-01   3.1200511e-02
   4.3503808e-01   4.3641979e-02
   4.3384810e-01   4.8126310e-02
   4.4593116e-01   4.5310149e-02
   4.2279107e-01   5.9072636e-02
   3.9463982e-01   5.7661129e-02
   4.0011929e-01   5.8674348e-02
   3.9082606e-01   6.4373701e-02
   3.8330551e-01   7.3830153e-02
   3.7224764e-01   8.5303300e-02
   3.7156507e-01   8.1089468e-02
   3.4759000e-01   9.2092864e-02
   3.4939352e-01   8.3033285e-02
   3.1127629e-01   8.0538855e-02
   3.0765069e-01   1.1477780e-01
   2.9922167e-01   9.7942529e-02
   2.9372195e-01   9.1276354e-02
   2.5603791e-01   1.2083826e-01
   2.4790935e-01   1.0720861e-01
   2.4332938e-01   1.1197170e-01
   2.0741306e-01   1.2478265e-01
   2.1630595e-01   1.2491584e-01
   1.9802731e-01   1.2613827e-01
   1.6944008e-01   1.2021262e-01
   1.3490043e-01   1.2589558e-01
   1.0640662e-01   1.2893694e-01
   5.5785774e-02   1.3154064e-01
   4.0500252e-02   1.3295721e-01
   0.0000000e+00   1.3514077e-01
   2.2859714e-02   1.2444130e-01
  -3.8339799e-03   1.2636775e-01
  -5.4144836e-02   1.4395683e-01
  -8.7976719e-02   1.3022098e-01
  -1.3169053e-01   1.3434471e-01
  -1.4549193e-01   1.4859548e-01
  -1.3297361e-01   1.2368674e-01
  -1.5427672e-01   1.0898339e-01
  -3.0244137e-01  -1.0272751e-01
  -2.9849074e-01  -9.8080597e-02
  -2.8740442e-01  -8.9987054e-02
  -2.7194104e-01  -9.3789888e-02
  -2.6802857e-01  -9.6326330e-02
  -2.2611232e-01  -9.7790706e-02
  -2.1043191e-01  -9.0359776e-02
  -1.8546772e-01  -8.7285446e-02
  -1.5773088e-01  -8.1612692e-02
  -1.3296855e-01  -8.9703460e-02
  -1.0044014e-01  -7.9104973e-02
  -6.6715085e-02  -8.0448766e-02
  -3.2997009e-02  -8.0215334e-02
   0.0000000e+00  -7.8696538e-02
   1.5281315e-02  -8.5044567e-02
   1.2741323e-02  -8.9138217e-02
   2.3784714e-02  -9.8010266e-02
   5.4716225e-02  -9.2482446e-02
   9.1045237e-02  -9.6138803e-02
   1.1065084e-01  -9.2762317e-02
   1.4189404e-01  -9.1241968e-02
   1.2671951e-01  -8.9269913e-02
   1.6632624e-01  -9.2148138e-02
   2.1053282e-01  -8.1050124e-02
   2.4776368e-01  -8.9098357e-02
   3.0994111e-01  -9.6494380e-02
   2.3632969e-01  -7.8143000e-02
   2.6953497e-01  -1.0088636e-01
   3.4385513e-01  -8.1565777e-02
   3.6816179e-01  -8.8905646e-02
   3.5741650e-01  -7.2231941e-02
   4.1924108e-01  -8.1331897e-02
   4.1248256e-01  -5.6097224e-02
   4.1430073e-01  -5.9072308e-02
   4.1551974e-01  -5.1735518e-02
   4.5982850e-01  -6.7656621e-02
   4.5398042e-01  -5.8858568e-02
   4.5549584e-01  -4.9097636e-02
   4.6829134e-01  -4.8877456e-02
   4.9437722e-01  -4.6713389e-02
   4.9849052e-01  -4.7022208e-02
   4.8137451e-01  -3.4018604e-02
   4.8360206e-01  -2.4107821e-02
   4.8251063e-01  -2.1560470e-02
   4.9033728e-01  -2.2317271e-02
   4.8718585e-01  -1.9976064e-02
   4.8558128e-01  -1.2770122e-02
   4.8311832e-01  -4.0743659e-03
   5.1549289e-01   5.4570981e-03
   8.1805112e-02   1.4700358e-01
   7.0971334e-02   1.3944656e-01
   3.0576407e-02   1.5254080e-01
   3.8185536e-03   1.5410449e-01
  -2.0372998e-02   1.5693967e-01
  -2.0471383e-02   1.4166067e-01
  -4.2127071e-02   1.3042297e-01
  -7.3521376e-02   1.3444075e-01
  -9.1185069e-02   1.4572124e-01
  -9.9424512e-02   1.4226971e-01
  -1.0424169e-01   1.3586426e-01
  -1.3342197e-01   1.2828082e-01
  -1.4822139e-01   1.3220156e-01
  -1.8570230e-01   1.3382341e-01
  -2.2485735e-01   1.4398619e-01
  -2.3618717e-01   1.4005101e-01
  -2.6077149e-01   1.3833448e-01
  -2.6734153e-01   1.3919897e-01
  -2.8585966e-01   1.3298437e-01
  -3.1176955e-01   1.3742124e-01
  -3.2303731e-01   1.5054716e-01
  -3.3085945e-01   1.4788849e-01
  -3.5212512e-01   1.3722478e-01
  -3.5559075e-01   1.2719151e-01
  -3.6127631e-01   1.2474656e-01
  -3.6760580e-01   1.1071612e-01
  -3.6918102e-01   1.1187102e-01
  -3.7215341e-01   1.0158775e-01
  -3.6466326e-01   9.9461653e-02
  -3.7529720e-01   9.6417131e-02
  -3.7362858e-01   7.7607176e-02
  -3.6531135e-01   6.5311839e-02
  -3.6862610e-01   5.6528211e-02
  -3.4740724e-01   4.5571324e-02
  -3.2737633e-01   3.2148587e-02
  -3.3831519e-01   1.5098545e-02
  -3.5402817e-01   2.4109008e-02
  -3.3986608e-01   3.7890299e-03
  -3.2327952e-01  -4.7176936e-03
  -3.2288839e-01  -1.0369049e-02
  -3.3251187e-01  -1.6093000e-02
  -3.4361888e-01  -2.2174413e-02
  -3.4840874e-01  -2.6002572e-02
  -2.9530987e-01  -5.1082810e-02
  -2.8776724e-01  -5.3607958e-02
  -2.9969048e-01  -5.0606363e-02
  -3.0461822e-01  -5.0781048e-02
  -2.7513326e-01  -5.1102074e-02
  -2.3583442e-01  -6.2294330e-02
   3.1796593e-01  -7.4256614e-02
   3.2113214e-01  -7.4361769e-02
   3.2417629e-01  -5.5298975e-02
   3.4217942e-01  -5.2419088e-02
   3.6281618e-01  -4.2243192e-02
   3.8791074e-01  -5.0721945e-02
   3.8545274e-01  -4.6375102e-02
   3.9262961e-01  -4.2514085e-02
   3.9280422e-01  -2.5909351e-02
   4.0200557e-01  -2.0316363e-02
   4.0766995e-01  -1.6618273e-02
   4.2566893e-01  -1.5215794e-02
   4.1985110e-01  -5.1154338e-03
   4.1600876e-01   1.8561575e-03
   4.0916879e-01   7.3837246e-03
   4.0284220e-01   9.6466088e-03
   3.9143116e-01   2.1204574e-02
   3.9042564e-01   2.6227093e-02
   3.7462036e-01   2.6833053e-02
   3.6502310e-01   2.9728097e-02
   3.5856916e-01   4.2870917e-02
   3.5328621e-01   4.4631280e-02
   3.6095900e-01   4.5029189e-02
   3.4074074e-01   6.0803999e-02
   3.2269181e-01   5.8596757e-02
   3.0421434e-01   7.5297402e-02
   3.0470191e-01   8.0085450e-02
   3.0230405e-01   8.9999210e-02
   2.8716137e-01   1.0162089e-01
   2.6062397e-01   1.1337978e-01
   2.5093889e-01   1.1699762e-01
   2.3655765e-01   1.1984864e-01
   2.3350371e-01   1.2429226e-01
   2.2439922e-01   1.3461414e-01
   2.0335031e-01   1.3317043e-01
   1.8422228e-01   1.3499175e-01
   1.5492820e-01   1.3487118e-01
   1.1927383e-01   1.4553510e-01
   9.7287842e-02   1.5083951e-01
   1.0683043e-01   1.4521416e-01
   9.9608037e-02   1.5433107e-01
   9.9763355e-02   1.4812943e-01
   7.9371215e-02   1.5213229e-01
   5.2674192e-02   1.4011617e-01
   3.2960511e-02   1.4675181e-01
   0.0000000e+00   1.4111902e-01
  -1.0031903e-02   1.3488777e-01
  -3.9000906e-02   1.3636718e-01
  -7.7057384e-02   1.2456531e-01
  -9.7957012e-02   1.2271395e-01
  -3.7679815e-01  -1.7551978e-02
  -3.5211227e-01  -2.6839115e-02
  -3.3048654e-01  -3.2694646e-02
  -3.2100246e-01  -4.3691427e-02
  -3.2938816e-01  -4.3829436e-02
  -3.3920089e-01  -4.9326090e-02
  -2.9915217e-01  -6.1751894e-02
  -2.8290373e-01  -6.6208929e-02
  -2.7458306e-01  -7.2586509e-02
  -2.2241666e-01  -7.8037135e-02
  -2.5170712e-01  -7.6972436e-02
  -2.5012383e-01  -6.4307590e-02
  -2.0278227e-01  -7.6144795e-02
  -1.7719206e-01  -9.7440926e-02
  -1.8075658e-01  -9.7994998e-02
  -1.5406239e-01  -9.8342094e-02
  -1.2659875e-01  -9.9688118e-02
  -1.2852183e-01  -9.7152018e-02
  -1.1687428e-01  -1.0506654e-01
  -1.1095181e-01  -1.0272324e-01
  -1.0714513e-01  -1.0419064e-01
  -8.1495387e-02  -9.6470281e-02
  -5.4378460e-02  -1.0911640e-01
  -4.4579850e-02  -1.0234686e-01
   0.0000000e+00  -1.0155689e-01
  -2.4954737e-03  -9.6192192e-02
   2.1293425e-02  -9.4056625e-02
   1.1235245e-02  -8.9756365e-02
   4.2298607e-02  -9.0875021e-02
   7.4783949e-02  -8.8464296e-02
   8.9285762e-02  -8.0278216e-02
   1.2038876e-01  -7.6448533e-02
   1.1085180e-01  -6.8511729e-02
   1.1820932e-01  -7.0798388e-02
   1.3763205e-01  -5.9764840e-02
   1.4096932e-01  -5.2316913e-02
   1.7611927e-01  -5.5069914e-02
   1.8826168e-01  -5.0146830e-02
   2.0540394e-01  -4.2219320e-02
   2.3391843e-01  -4.3417839e-02
   2.5520665e-01  -4.2816576e-02
   2.6859495e-01  -3.5367887e-02
   2.7932357e-01  -4.1302283e-02
   2.6412166e-01  -2.4465294e-02
   2.8844109e-01  -4.2875634e-02
   2.8371498e-01  -2.1500179e-02
   2.9940656e-01  -2.9426367e-02
   3.0696162e-01  -1.4796500e-02
   3.2487309e-01  -3.7615798e-03
   2.2938307e-01   1.0682570e-01
   2.0041843e-01   1.2341586e-01
   1.8261531e-01   1.2188078e-01
   1.4356809e-01   1.2984155e-01
   1.1140509e-01   1.3197002e-01
   1.0620078e-01   1.3544034e-01
   1.1249951e-01   1.2290163e-01
   6.4206524e-02   1.3688310e-01
   4.1460476e-02   1.3882819e-01
   1.5020320e-02   1.4369275e-01
   0.0000000e+00   1.3791967e-01
  -2.8955883e-02   1.3703365e-01
  -5.0362290e-02   1.4233950e-01
  -8.0029272e-02   1.4862530e-01
  -1.1150039e-01   1.4862931e-01
  -1.4851481e-01   1.5798414e-01
  -1.6567837e-01   1.5268393e-01
  -1.8936585e-01   1.6096149e-01
  -2.0792396e-01   1.4318356e-01
  -2.3189710e-01   1.4517891e-01
  -2.4569976e-01   1.3981770e-01
  -2.4757300e-01   1.3706106e-01
  -2.7023414e-01   1.3035550e-01
  -2.8904631e-01   1.3468712e-01
  -2.9831448e-01   1.2797470e-01
  -2.9503260e-01   1.1301670e-01
  -2.9925054e-01   1.0305430e-01
  -3.1274516e-01   9.2061781e-02
  -3.3825002e-01   9.7405307e-02
  -3.5468379e-01   8.6189144e-02
  -3.4355970e-01   7.3899292e-02
  -3.5648792e-01   5.8500164e-02
  -3.5561018e-01   4.5216973e-02
  -3.6585872e-01   2.8793846e-02
  -3.8766182e-01   2.4159701e-02
  -3.7603946e-01   1.5356438e-02
  -3.6404504e-01   1.0752158e-02
  -3.9055414e-01   1.1178493e-02
  -3.8547376e-01  -6.5281928e-03
  -3.5216120e-01  -1.2086347e-02
  -3.5372224e-01  -4.0566699e-02
  -3.5981315e-01  -4.0291408e-02
  -3.7009842e-01  -5.5473464e-02
  -3.4857149e-01  -5.2822735e-02
  -3.0928795e-01  -6.1322068e-02
  -3.0717202e-01  -5.8293265e-02
  -3.3855405e-01  -6.3553983e-02
   4.2794416e-01  -7.5939721e-02
   4.6055093e-01  -6.1573657e-02
   4.6394728e-01  -6.1924035e-02
   4.6282915e-01  -5.0744747e-02
   4.7674849e-01  -4.0705865e-02
   4.8224912e-01  -2.6147803e-02
   4.8706317e-01  -1.5923570e-02
   4.7923875e-01  -6.7974245e-03
   4.7926927e-01   0.0000000e+00
   5.0080224e-01   5.8399427e-03
   5.2353303e-01   2.0395000e-02
   5.0574376e-01   1.9250038e-02
   4.8529864e-01   2.8832858e-02
   4.6089805e-01   4.3192331e-02
   4.7045717e-01   6.1411456e-02
   5.1287453e-01   4.2190617e-02
   4.7544006e-01   7.7739195e-02
   4.9207708e-01   7.4312711e-02
   4.6005348e-01   9.0411675e-02
   4.5928129e-01   1.0305619e-01
   4.2968203e-01   1.0561587e-01
   4.1353866e-01   1.2135780e-01
   4.2424122e-01   1.1899012e-01
   4.2938764e-01   1.2481166e-01
   4.3365202e-01   1.3265771e-01
   4.1375923e-01   1.4073754e-01
   4.1373738e-01   1.3889512e-01
   3.8291765e-01   1.4172526e-01
   3.3753888e-01   1.5060480e-01
   3.2713829e-01   1.6648132e-01
   3.2941443e-01   1.5866001e-01
   2.6874860e-01   1.6667788e-01
   2.6570730e-01   1.4775359e-01
   2.2427761e-01   1.6466782e-01
   2.1123421e-01   1.5395330e-01
   1.6270813e-01   1.7441765e-01
   1.4984001e-01   1.7151838e-01
   1.1486949e-01   1.7009166e-01
   8.5144903e-02   1.5602286e-01
   5.0869613e-02   1.5933865e-01
   2.7714734e-02   1.5628671e-01
  -1.4536280e-02   1.5596245e-01
  -4.0094247e-02   1.3646918e-01
  -9.4859679e-02   1.4062712e-01
  -1.1712459e-01   1.2528237e-01
  -1.5251193e-01   1.1175219e-01
  -2.0947120e-01   1.0363122e-01
  -3.2895410e-01  -8.5480055e-02
  -2.9895192e-01  -8.9801633e-02
  -2.8527660e-01  -8.3981847e-02
  -2.4802104e-01  -9.1715227e-02
  -2.4984963e-01  -8.8859034e-02
  -2.0830802e-01  -9.0783853e-02
  -2.1529672e-01  -9.1958294e-02
  -2.0620509e-01  -9.8023171e-02
  -2.0686930e-01  -8.7258389e-02
  -1.5646113e-01  -9.2881150e-02
  -1.3039500e-01  -8.7955938e-02
  -1.2541835e-01  -9.3164107e-02
  -1.0903384e-01  -8.9934973e-02
  -8.6672585e-02  -8.7951791e-02
  -7.0658833e-02  -8.3152953e-02
  -3.3011517e-02  -9.0304125e-02
   2.5266028e-03  -7.8870807e-02
   6.3386860e-02  -1.0636415e-01
   3.4482188e-02  -8.8309911e-02
   5.9305523e-02  -9.3173986e-02
   6.9652294e-02  -8.8948946e-02
   9.0225732e-02  -7.9145985e-02
   1.1097912e-01  -8.6360482e-02
   1.2174546e-01  -8.1172944e-02
   1.4798536e-01  -5.8866908e-02
   2.1961548e-01  -9.0360786e-02
   1.8163089e-01  -6.3759395e-02
   2.1213410e-01  -6.3430415e-02
   1.9950717e-01  -4.6350808e-02
   2.4770510e-01  -6.6874682e-02
   2.3798153e-01  -5.2987947e-02
   2.6730036e-01  -5.0651676e-02
   2.7348931e-01  -3.6596020e-02
   2.8877043e-01  -3.4631268e-02
   2.9431511e-01  -2.1976324e-02
   2.8730765e-01  -1.3536028e-02
   2.8489305e-01  -1.8678368e-03
   3.1339241e-01   9.2740465e-04
   3.1558001e-01   6.0196897e-03
   3.1698078e-01   1.6681635e-02
   3.3695508e-01   1.1990442e-02
   3.3334496e-01   1.1169553e-02
   3.6498759e-01   8.3644853e-02
   4.5856321e-01   3.4963775e-03
   2.9419951e-01   3.4514186e-02
   2.6995288e-01   8.2476059e-02
   3.3952981e-01   5.2266090e-02
   3.7698221e-01   6.1766803e-02
  -2.2133721e-01   1.4998937e-01
  -2.5084116e-01   1.5215141e-01
  -2.7070604e-01   1.5563007e-01
  -3.0172626e-01   1.5253016e-01
  -3.2250680e-01   1.6837253e-01
  -3.3760279e-01   1.5406591e-01
  -3.4708912e-01   1.4576303e-01
  -3.6413142e-01   1.3814184e-01
  -3.8816310e-01   1.2450249e-01
  -3.9266341e-01   1.4382488e-01
  -4.2200378e-01   1.1318255e-01
  -4.1617225e-01   1.1922185e-01
  -4.1438844e-01   8.7953523e-02
  -4.4853657e-01   9.1056485e-02
  -4.4515767e-01   8.7297110e-02
  -4.5007134e-01   8.0091111e-02
  -4.3800637e-01   4.9281673e-02
  -4.6110147e-01   4.5044645e-02
  -4.3757014e-01   2.8566003e-02
  -4.3977942e-01   1.7989985e-02
  -4.2109350e-01   4.3026843e-03
  -4.2806828e-01  -7.9715900e-03
  -4.4155778e-01  -1.0760980e-02
  -4.2180150e-01  -1.4617792e-02
  -4.0309280e-01  -1.8643116e-02
  -3.7137347e-01  -4.1868791e-02
  -3.6956845e-01  -5.0755261e-02
  -3.5746160e-01  -6.2919436e-02
  -3.5720641e-01  -6.5339415e-02
  -3.3763129e-01  -7.7163447e-02
  -3.1934445e-01  -8.8919181e-02
  -3.0146952e-01  -8.6424583e-02
  -2.7089114e-01  -9.7303050e-02
  -2.6038917e-01  -1.0094468e-01
  -2.6150166e-01  -9.5795835e-02
  -2.5482240e-01  -9.7822588e-02
  -2.0885378e-01  -1.0858866e-01
  -2.0735605e-01  -1.1310335e-01
  -1.9038738e-01  -1.2101921e-01
  -1.6940085e-01  -1.1596135e-01
  -1.3213090e-01  -1.2358719e-01
  -1.0103217e-01  -1.2323598e-01
  -1.0267257e-01  -1.2165275e-01
  -7.4822118e-02  -1.2184195e-01
  -4.6195167e-02  -1.1748849e-01
  -3.6271704e-02  -1.1157995e-01
  -2.3592132e-02  -1.1635701e-01
   3.9456957e-01   6.5884972e-02
   3.7957002e-01   8.5420116e-02
   3.8107171e-01   6.5492576e-02
   3.7516993e-01   7.3872795e-02
   3.7992387e-01   6.8083754e-02
   3.7230718e-01   8.8914676e-02
   3.5639027e-01   9.6769418e-02
   3.4054457e-01   9.8069532e-02
   3.4020582e-01   9.9531400e-02
   3.2095009e-01   1.2982933e-01
   3.4633888e-01   1.2686551e-01
   3.1741388e-01   1.3546429e-01
   3.1876220e-01   1.4982555e-01
   3.2623685e-01   1.4733410e-01
   2.5631808e-01   1.5442841e-01
   3.0755893e-01   1.9349183e-01
   2.7615850e-01   1.2513267e-01
   2.2784756e-01   1.8562687e-01
   2.7089634e-01   1.5949002e-01
   2.2841219e-01   1.8282323e-01
   2.3956659e-01   1.7639394e-01
   2.0722300e-01   1.6940714e-01
   1.7369337e-01   1.7730725e-01
   1.5986869e-01   1.6692458e-01
   1.3996185e-01   1.7267218e-01
   1.2157493e-01   1.7938742e-01
   1.1806370e-01   1.8474003e-01
   1.0595297e-01   1.8320996e-01
   6.5653266e-02   1.7771927e-01
   5.5473423e-02   1.6308832e-01
   1.2796361e-03   1.6923067e-01
  -2.1733161e-02   1.6902234e-01
  -4.3452256e-02   1.5078913e-01
  -6.2589292e-02   1.5505641e-01
  -8.3145416e-02   1.4901722e-01
  -1.0975637e-01   1.4728543e-01
  -1.2449861e-01   1.4137172e-01
  -1.7206243e-01   1.5046318e-01
  -1.8404696e-01   1.3195956e-01
  -2.3171979e-01   1.4921631e-01
  -2.3621206e-01   1.3690831e-01
  -2.7169906e-01   1.3726736e-01
  -3.1030187e-01   1.0546725e-01
  -3.2831857e-01   1.1267397e-01
  -3.3522068e-01   9.3858379e-02
  -3.5924634e-01   8.7587245e-02
  -3.5574280e-01   7.0235251e-02
