   7.2597259e-02   1.7013611e-02
   6.1340271e-02   1.5130274e-02
   6.0082562e-02   1.6549515e-02
   5.5025113e-02   1.5591269e-02
   5.2627561e-02   1.5623300e-02
   5.5021485e-02   1.6536194e-02
   5.3659704e-02   1.7919093e-02
   5.1320522e-02   1.6554520e-02
   4.8821849e-02   1.5136737e-02
   4.6319582e-02   1.4664797e-02
   5.0121487e-02   1.5624546e-02
   5.0164112e-02   1.7535715e-02
   5.0220534e-02   1.5655407e-02
   4.7613860e-02   1.6099239e-02
   4.6408139e-02   1.5641723e-02
   5.0121487e-02   1.5624546e-02
   5.0065300e-02   1.7501181e-02
   5.2679510e-02   1.5638712e-02
   4.7566956e-02   1.6083385e-02
   4.8633111e-02   1.4135014e-02
   4.5101546e-02   1.7994563e-02
   5.1423555e-02   1.6113264e-02
   5.2781983e-02   1.6144463e-02
   5.2681180e-02   1.5164811e-02
   5.2625845e-02   1.6096733e-02
   5.5180523e-02   1.7532843e-02
   4.9968642e-02   1.6994708e-02
   5.2632403e-02   1.4203000e-02
   5.2577375e-02   1.5134952e-02
   5.5081060e-02   1.5133688e-02
   5.5021485e-02   1.6536194e-02
   5.6382941e-02   1.6568063e-02
   5.9955845e-02   1.8404669e-02
   6.3835521e-02   1.7019906e-02
   5.5126123e-02   1.7515568e-02
   5.3933784e-02   1.5638064e-02
   5.5077528e-02   1.6079544e-02
   5.1376150e-02   1.5150478e-02
   5.2627561e-02   1.5623300e-02
   5.1372849e-02   1.6097383e-02
   5.5079321e-02   1.5606616e-02
   5.2514934e-02   1.7955078e-02
   5.3880598e-02   1.5622654e-02
   5.1426866e-02   1.5165425e-02
   5.2674192e-02   1.7060413e-02
   5.9966432e-02   1.6045096e-02
   5.3767244e-02   1.7481856e-02
   4.8858177e-02   1.8466083e-02
   5.1327104e-02   1.4662575e-02
   5.1428446e-02   1.4691505e-02
   5.1434267e-02   1.2795827e-02
   5.7522462e-02   1.6534752e-02
   5.5182487e-02   1.7058983e-02
   4.1391043e-02   1.5643859e-02
   4.1472918e-02   1.5674804e-02
   4.3857689e-02   1.5153840e-02
   4.5061922e-02   1.6557616e-02
   4.3940047e-02   1.6607262e-02
   4.6363842e-02   1.5152778e-02
   4.6272576e-02   1.5122960e-02
   4.8823343e-02   1.4663714e-02
   4.6360864e-02   1.6099827e-02
   4.2603264e-02   1.5627922e-02
   4.9973647e-02   1.5578483e-02
   5.0022830e-02   1.5593807e-02
   5.3830865e-02   1.4661379e-02
   5.7572999e-02   1.7969685e-02
   4.7666807e-02   1.4219228e-02
   4.8869996e-02   1.5151658e-02
   5.0067075e-02   1.7028176e-02
   5.3820198e-02   1.7499066e-02
   5.1374524e-02   1.5623931e-02
   5.2574004e-02   1.6080886e-02
   5.5025113e-02   1.5591269e-02
   5.4967394e-02   1.6519949e-02
   5.7463938e-02   1.6990469e-02
   5.8890827e-02   1.6093250e-02
   6.2476279e-02   1.3212357e-02
   5.7631856e-02   1.7514035e-02
   6.1329993e-02   1.7494379e-02
   6.3843956e-02   1.5128806e-02
   6.1332167e-02   1.7021558e-02
   6.2586003e-02   1.6547942e-02
   6.5149055e-02   1.7509030e-02
   6.1396819e-02   1.6091748e-02
   6.1396819e-02   1.6091748e-02
   6.7597348e-02   1.5599197e-02
   6.7728585e-02   1.6103573e-02
   6.7447748e-02   1.8871002e-02
   6.8711537e-02   1.6039508e-02
   6.7664007e-02   1.5614553e-02
   6.5153620e-02   1.6562596e-02
   6.8910102e-02   1.7033156e-02
   6.8919225e-02   1.5140583e-02
   6.6273599e-02   1.7001468e-02
   6.7585694e-02   1.7962712e-02
   7.3698470e-02   1.7922562e-02
   7.5171986e-02   1.7501411e-02
   7.2678455e-02   1.5138090e-02
   7.2750200e-02   1.5153000e-02
   6.7857898e-02   1.7084510e-02
   6.8839788e-02   1.7489085e-02
   6.8701964e-02   1.7926509e-02
   7.2673786e-02   1.6084221e-02
   8.5114028e-02   1.7003230e-02
   8.1522405e-02   1.6566654e-02
   8.0199376e-02   1.4659814e-02
   7.9170300e-02   1.6601398e-02
   7.5258828e-02   1.5151260e-02
   8.0189071e-02   1.6551403e-02
   7.7609244e-02   1.6064673e-02
   8.3868054e-02   1.6059655e-02
   8.1281739e-02   1.6517888e-02
   7.9092085e-02   1.6585041e-02
   7.5397665e-02   1.7078801e-02
   7.4002168e-02   1.5625641e-02
   7.8778051e-02   1.6991931e-02
   7.5179779e-02   1.6082377e-02
   7.7757141e-02   1.7043144e-02
   7.8861006e-02   1.6063700e-02
   7.5328334e-02   1.6114081e-02
   7.4072862e-02   1.6115015e-02
   7.5243416e-02   1.7992121e-02
   7.7606643e-02   1.6537163e-02
   7.6359967e-02   1.5593112e-02
   7.6209811e-02   1.5562527e-02
   7.2743070e-02   1.6573593e-02
   7.2594686e-02   1.7486211e-02
   8.1356113e-02   1.7478918e-02
   7.9172974e-02   1.6127073e-02
   7.8775264e-02   1.7463929e-02
   7.4072862e-02   1.6115015e-02
   7.6359967e-02   1.5593112e-02
   7.6430208e-02   1.6554416e-02
   7.5166427e-02   1.8447433e-02
   7.6505642e-02   1.6570715e-02
   7.1410781e-02   1.7977486e-02
   7.2594686e-02   1.7486211e-02
   7.2597259e-02   1.7013611e-02
   7.0031962e-02   1.5582213e-02
   6.1582960e-02   1.5190055e-02
   6.1215733e-02   1.6044344e-02
   6.2653841e-02   1.5144446e-02
   6.5210961e-02   1.7999969e-02
   6.2579346e-02   1.7966337e-02
   5.8826728e-02   1.7496009e-02
   6.1402647e-02   1.4671888e-02
   5.9067490e-02   1.5666215e-02
   5.7696606e-02   1.5636029e-02
   6.1329993e-02   1.7494379e-02
   6.0196934e-02   1.7529700e-02
   5.9009127e-02   1.5650753e-02
   5.6442332e-02   1.5636723e-02
   5.6384834e-02   1.6094690e-02
   5.7696606e-02   1.5636029e-02
   6.1336338e-02   1.6075916e-02
   4.5066322e-02   1.5138391e-02
   4.4932104e-02   1.5565472e-02
   4.7480662e-02   1.3691215e-02
   4.8966576e-02   1.5181587e-02
   4.5110765e-02   1.5153317e-02
   4.6312045e-02   1.7030086e-02
   4.3805542e-02   1.7977460e-02
   4.7608925e-02   1.7519761e-02
   4.2642489e-02   1.6591429e-02
   3.8810561e-02   1.3721400e-02
   4.1392355e-02   1.5169803e-02
   3.6339228e-02   1.5156673e-02
   4.5064899e-02   1.5611466e-02
   4.2598972e-02   1.7048643e-02
   3.8801984e-02   1.7033462e-02
   3.3801778e-02   1.4196152e-02
   3.5087227e-02   1.4683434e-02
   3.2581964e-02   1.4210522e-02
   3.1298839e-02   1.3723640e-02
   3.1322774e-02   1.7053050e-02
   3.6298630e-02   1.7034455e-02
   3.9938356e-02   1.6039260e-02
   4.2680050e-02   1.8031349e-02
   4.5107867e-02   1.6100399e-02
   4.2565201e-02   1.4193207e-02
   4.2522044e-02   1.4651880e-02
   4.6409611e-02   1.5167731e-02
   3.7629414e-02   1.5171201e-02
   4.2600444e-02   1.6575069e-02
   4.6365264e-02   1.4679254e-02
   4.8730153e-02   1.3690705e-02
   4.8866856e-02   1.6098636e-02
   4.8715938e-02   1.7939544e-02
   5.0068802e-02   1.6555171e-02
   5.0119852e-02   1.6098018e-02
   5.1323912e-02   1.5608548e-02
   4.8963417e-02   1.6130436e-02
   4.7521688e-02   1.5594986e-02
   4.8776729e-02   1.4176731e-02
   5.2413701e-02   1.7448254e-02
   5.2522265e-02   1.6065070e-02
   5.1318752e-02   1.7027507e-02
   5.1369349e-02   1.7044288e-02
   4.6362375e-02   1.5626303e-02
   4.6319582e-02   1.4664797e-02
   5.2629226e-02   1.5149867e-02
   5.3820198e-02   1.7499066e-02
   5.6327402e-02   1.6551756e-02
   5.6268046e-02   1.7480366e-02
   5.2676016e-02   1.6586512e-02
   5.3823962e-02   1.6553170e-02
   6.6338875e-02   1.7018189e-02
   6.6542207e-02   1.5646171e-02
   6.9053234e-02   1.5644523e-02
   6.7595148e-02   1.6071900e-02
   6.5153620e-02   1.6562596e-02
   6.6410970e-02   1.5615365e-02
   6.6476524e-02   1.5630753e-02
   6.7462236e-02   1.6040352e-02
   7.2735302e-02   1.7994187e-02
   7.3848936e-02   1.7012646e-02
   7.1272858e-02   1.7470011e-02
   7.3931532e-02   1.5137230e-02
   6.7530820e-02   1.5583872e-02
   7.1483859e-02   1.7521636e-02
   7.6357482e-02   1.6065630e-02
   7.3848936e-02   1.7012646e-02
   7.5179779e-02   1.6082377e-02
   7.5237694e-02   1.8939075e-02
   7.9019264e-02   1.5621932e-02
   7.7616596e-02   1.4647202e-02
   7.5182230e-02   1.5609366e-02
   7.1491284e-02   1.6100963e-02
   7.7606643e-02   1.6537163e-02
   8.0112768e-02   1.6062712e-02
   7.5253983e-02   1.6098213e-02
   7.8863573e-02   1.5591238e-02
   7.9011288e-02   1.7042108e-02
   8.0177522e-02   1.8442992e-02
   8.0191764e-02   1.6078506e-02
   7.7690763e-02   1.5134562e-02
   7.7601216e-02   1.7482144e-02
   7.8849976e-02   1.7953547e-02
   7.7759833e-02   1.6569723e-02
   7.5256442e-02   1.5624737e-02
   8.0338919e-02   1.8005502e-02
   7.7918816e-02   1.5653702e-02
   7.2599763e-02   1.6541010e-02
   7.5330801e-02   1.5640137e-02
   7.0237051e-02   1.6101849e-02
   7.2671346e-02   1.6557286e-02
   7.2673786e-02   1.6084221e-02
   7.6432775e-02   1.6081433e-02
   7.1415924e-02   1.7031302e-02
   7.1415924e-02   1.7031302e-02
   7.2735302e-02   1.7994187e-02
   8.0112768e-02   1.6062712e-02
   7.7748612e-02   1.8463406e-02
   7.5325795e-02   1.6588024e-02
   7.6578568e-02   1.7060961e-02
   7.6583807e-02   1.6113130e-02
   7.5171986e-02   1.7501411e-02
   7.6510716e-02   1.5623817e-02
   7.6427568e-02   1.7027399e-02
   8.2855500e-02   1.7055683e-02
   8.3947934e-02   1.6548247e-02
   8.1281739e-02   1.6517888e-02
   7.9014024e-02   1.6568716e-02
   8.0112768e-02   1.6062712e-02
   7.7916260e-02   1.6128057e-02
   7.6279786e-02   1.6521914e-02
   7.7683163e-02   1.6553427e-02
   7.8930586e-02   1.7498276e-02
   8.0273538e-02   1.5620968e-02
   8.2940314e-02   1.6598262e-02
   8.5111011e-02   1.7475542e-02
   8.0110083e-02   1.6535145e-02
   7.8705942e-02   1.6032200e-02
   8.0196916e-02   1.5132711e-02
   7.9097341e-02   1.5637325e-02
   8.0270916e-02   1.6094330e-02
   7.7839279e-02   1.6112164e-02
   7.6508216e-02   1.6097266e-02
   7.9083623e-02   1.8006616e-02
   7.8930586e-02   1.7498276e-02
   7.6277161e-02   1.6993969e-02
   7.4072862e-02   1.6115015e-02
   7.2743070e-02   1.6573593e-02
   7.0163013e-02   1.7032237e-02
   7.3921746e-02   1.7029384e-02
   7.2673786e-02   1.6084221e-02
   7.3997260e-02   1.6572650e-02
   6.6275880e-02   1.6529205e-02
   6.8917044e-02   1.5613726e-02
   6.9971502e-02   1.3680023e-02
   7.1566534e-02   1.5168789e-02
   6.7790864e-02   1.7067659e-02
   7.1348043e-02   1.6541932e-02
   7.2668835e-02   1.7030351e-02
   7.1343053e-02   1.7487186e-02
   6.7588156e-02   1.7490009e-02
   6.7661801e-02   1.6087721e-02
   6.5226322e-02   1.4684185e-02
   7.0170082e-02   1.5612884e-02
   6.9053234e-02   1.5644523e-02
   7.2671346e-02   1.6557286e-02
   7.2673786e-02   1.6084221e-02
   7.2530747e-02   1.6052631e-02
   7.6575837e-02   1.7534877e-02
   7.6338017e-02   1.9373260e-02
   7.6352290e-02   1.7010667e-02
   7.1630271e-02   1.6607238e-02
   7.0093906e-02   1.7015491e-02
   7.2812409e-02   1.7063931e-02
   7.3933800e-02   1.4664191e-02
   7.7674884e-02   1.7972293e-02
   7.2676156e-02   1.5611155e-02
   7.2809812e-02   1.7537929e-02
   7.6430208e-02   1.6554416e-02
   7.0034169e-02   1.5110025e-02
   7.0163013e-02   1.7032237e-02
   6.7721551e-02   1.7524477e-02
   7.2606852e-02   1.5123210e-02
   7.1423119e-02   1.5612027e-02
   7.2528321e-02   1.6524767e-02
   7.1280217e-02   1.6053524e-02
   7.0165437e-02   1.6559120e-02
   6.6406574e-02   1.6561750e-02
   6.6343386e-02   1.6072734e-02
   6.3845910e-02   1.4656030e-02
   6.0135394e-02   1.7985743e-02
   6.1392636e-02   1.7038322e-02
   6.3841940e-02   1.5601581e-02
   6.2655762e-02   1.4671182e-02
   6.0196934e-02   1.7529700e-02
   5.8952749e-02   1.5161523e-02
   6.1463265e-02   1.4686352e-02
   6.0208912e-02   1.4687046e-02
   6.0082562e-02   1.6549515e-02
   6.5161993e-02   1.4669727e-02
   5.8722672e-02   1.4630024e-02
   5.5079321e-02   1.5606616e-02
   6.0078361e-02   1.7495202e-02
   5.7463938e-02   1.6990469e-02
   6.1394758e-02   1.6565035e-02
   6.3906918e-02   1.5143703e-02
   6.3781118e-02   1.5113938e-02
   6.0082562e-02   1.6549515e-02
   5.8711081e-02   1.7461641e-02
   5.7358702e-02   1.5073028e-02
   5.8946970e-02   1.6582916e-02
   6.2643322e-02   1.7510766e-02
   6.2586003e-02   1.6547942e-02
   5.8940676e-02   1.8004309e-02
   5.5186254e-02   1.6111261e-02
   6.0256397e-02   1.7547000e-02
   5.7641534e-02   1.5147273e-02
   5.8659460e-02   1.6030089e-02
   5.7584744e-02   1.5132366e-02
   5.8774916e-02   1.6061607e-02
   5.6331123e-02   1.5605942e-02
   5.5126123e-02   1.7515568e-02
   5.7577137e-02   1.7023912e-02
   5.6270037e-02   1.7007923e-02
   5.3935493e-02   1.5164183e-02
   5.6223835e-02   1.4631325e-02
   5.1425236e-02   1.5639344e-02
   5.5184398e-02   1.6585122e-02
   5.3882303e-02   1.5149240e-02
   4.8863527e-02   1.7045615e-02
   5.0114657e-02   1.7518431e-02
   4.7707945e-02   1.6131043e-02
   5.0123073e-02   1.5151075e-02
   4.9975218e-02   1.5106407e-02
   4.7568504e-02   1.5610344e-02
   4.7613860e-02   1.6099239e-02
   5.1224599e-02   1.5105816e-02
   4.7663924e-02   1.5167177e-02
   4.7571462e-02   1.4664263e-02
   4.2561293e-02   1.5612528e-02
   4.1434532e-02   1.4710267e-02
   4.7575554e-02   1.3245140e-02
   4.5063432e-02   1.6084541e-02
   4.4973323e-02   1.6525063e-02
   4.6313642e-02   1.6557029e-02
   4.7668179e-02   1.3745254e-02
   4.6362375e-02   1.5626303e-02
   4.4025505e-02   1.7115573e-02
   4.7571462e-02   1.4664263e-02
   4.7566956e-02   1.6083385e-02
   4.7571462e-02   1.4664263e-02
   5.2523971e-02   1.5592568e-02
   5.1325533e-02   1.5135561e-02
   5.0019532e-02   1.6538886e-02
   4.6275358e-02   1.4177775e-02
   4.7468534e-02   1.7468101e-02
   4.6316702e-02   1.5610913e-02
   4.7568504e-02   1.5610344e-02
   4.7523186e-02   1.5122411e-02
   4.7615413e-02   1.5625732e-02
   5.1521738e-02   1.7094832e-02
   5.1214191e-02   1.7938156e-02
   4.9968642e-02   1.6994708e-02
   4.8770675e-02   1.6066962e-02
   3.8770099e-02   1.4653266e-02
   3.8735293e-02   1.3222193e-02
   3.8846573e-02   1.4682169e-02
   4.0052240e-02   1.7506078e-02
   4.3813096e-02   1.5612004e-02
   4.6408139e-02   1.5641723e-02
   4.3728316e-02   1.5109148e-02
   4.5150871e-02   1.6590297e-02
   4.5066322e-02   1.5138391e-02
   4.3900983e-02   1.5168796e-02
   3.8770099e-02   1.4653266e-02
   4.1393627e-02   1.4695746e-02
   4.2686056e-02   1.6133313e-02
   6.0025446e-02   1.6060868e-02
   6.5089443e-02   1.6546304e-02
   6.6535477e-02   1.7068550e-02
   6.2636282e-02   1.8930557e-02
   6.5153620e-02   1.6562596e-02
   6.2649816e-02   1.6090974e-02
   6.2467058e-02   1.5571706e-02
   6.5157933e-02   1.5616162e-02
   6.2709543e-02   1.6580566e-02
   6.3839862e-02   1.6074356e-02
   6.6415108e-02   1.4668979e-02
   6.7730798e-02   1.5629939e-02
   6.7649784e-02   1.8453563e-02
   6.8919225e-02   1.5140583e-02
   7.0093906e-02   1.7015491e-02
   6.8910102e-02   1.7033156e-02
   6.5210961e-02   1.7999969e-02
   6.6474352e-02   1.6104412e-02
   6.5224318e-02   1.5157868e-02
   6.7726306e-02   1.6577208e-02
   7.2673786e-02   1.6084221e-02
   7.0221848e-02   1.8943351e-02
   7.1337787e-02   1.8432439e-02
   7.5243416e-02   1.7992121e-02
   6.7588156e-02   1.7490009e-02
   6.6404280e-02   1.7034943e-02
   6.5033715e-02   1.4640897e-02
   6.5159995e-02   1.5142944e-02
   6.3783066e-02   1.4641627e-02
   6.1394758e-02   1.6565035e-02
   6.1457420e-02   1.6107612e-02
   7.1343053e-02   1.7487186e-02
   6.5153620e-02   1.6562596e-02
   6.4026926e-02   1.6596108e-02
   6.6273599e-02   1.7001468e-02
   6.6535477e-02   1.7068550e-02
   5.8886814e-02   1.7039912e-02
   5.7463938e-02   1.6990469e-02
   5.7635895e-02   1.6567330e-02
   6.1459428e-02   1.5633859e-02
   6.0025446e-02   1.6060868e-02
   6.1271818e-02   1.7004827e-02
   6.7595148e-02   1.6071900e-02
   6.5082520e-02   1.7964559e-02
   6.2643322e-02   1.7510766e-02
   6.2705140e-02   1.7528027e-02
   6.3908878e-02   1.4670462e-02
   6.6548354e-02   1.4223792e-02
   6.7857898e-02   1.7084510e-02
   6.7790864e-02   1.7067659e-02
   7.3997260e-02   1.6572650e-02
   7.3778809e-02   1.6523832e-02
   7.7685771e-02   1.6080472e-02
   8.1447416e-02   1.5604631e-02
   8.6533093e-02   1.7508757e-02
   8.6539169e-02   1.6562338e-02
   8.3942051e-02   1.7493861e-02
   8.4021815e-02   1.7984344e-02
   8.2679892e-02   1.8913503e-02
   8.3793440e-02   1.4628263e-02
   8.0189071e-02   1.6551403e-02
   8.0268215e-02   1.6567693e-02
   8.2779382e-02   1.6092296e-02
   7.9086520e-02   1.7532758e-02
   7.7745618e-02   1.8936827e-02
   7.6190975e-02   1.8863669e-02
   7.6284815e-02   1.5577804e-02
   8.0117905e-02   1.5117847e-02
   7.5182230e-02   1.5609366e-02
   7.2884409e-02   1.7080770e-02
   6.8837281e-02   1.7961763e-02
   6.9043788e-02   1.7540828e-02
   7.0160520e-02   1.7505355e-02
   6.4967784e-02   1.5098348e-02
   6.6347640e-02   1.5127279e-02
   6.0093772e-02   1.3712456e-02
   6.0082562e-02   1.6549515e-02
   6.1392636e-02   1.7038322e-02
   6.2517778e-02   1.7948679e-02
   6.0379939e-02   1.6631340e-02
   6.4026926e-02   1.6596108e-02
   6.4029084e-02   1.6121933e-02
   6.2528537e-02   1.5587011e-02
   5.8834729e-02   1.5604548e-02
   5.8998893e-02   1.8022079e-02
   5.6321412e-02   1.7970478e-02
   5.7635895e-02   1.6567330e-02
   5.7643301e-02   1.4673921e-02
   5.7584744e-02   1.5132366e-02
   5.7758948e-02   1.4228603e-02
   5.7694721e-02   1.6109848e-02
   5.5129986e-02   1.6568781e-02
   5.2522265e-02   1.6065070e-02
   5.2516843e-02   1.7482576e-02
   5.5030155e-02   1.4173881e-02
   5.5133636e-02   1.5621993e-02
   5.5075682e-02   1.6552471e-02
   5.1320522e-02   1.6554520e-02
   5.3765289e-02   1.7954339e-02
   5.1371124e-02   1.6570836e-02
   5.0072110e-02   1.5609162e-02
   5.1371124e-02   1.6570836e-02
