  -1.2915885e-02   3.2781171e-02
  -2.9740187e-02   1.9504386e-01
  -3.4427282e-02   1.9230472e-01
  -3.7700384e-02   1.9449484e-01
  -2.9458775e-02   1.9289973e-01
  -2.1287371e-02   1.9206499e-01
  -1.8876046e-02   1.9544123e-01
  -1.7721022e-02   1.9351872e-01
  -2.3518387e-02   1.9301545e-01
  -3.0641861e-02   1.8849102e-01
  -3.1857245e-02   1.8543097e-01
  -3.6562686e-02   1.7878581e-01
  -3.0864774e-02   1.7361996e-01
  -3.4568021e-02   1.6581011e-01
  -2.8728330e-02   1.6393723e-01
  -2.0458170e-02   1.5376905e-01
  -2.0615077e-02   1.4244970e-01
  -2.1842979e-02   1.3944032e-01
  -2.1843128e-02   1.3582736e-01
  -2.5598393e-02   1.2927601e-01
  -3.0517760e-02   1.2843788e-01
  -2.7004107e-02   1.1949323e-01
  -2.6052227e-02   1.0963505e-01
  -2.6188309e-02   1.0922029e-01
  -2.6343648e-02   1.0023986e-01
  -3.1515251e-02   9.5677877e-02
  -3.6522030e-02   8.2057640e-02
  -3.6790545e-02   7.5195183e-02
  -3.1844880e-02   6.8549442e-02
  -4.2267833e-02   5.9478757e-02
  -4.1077064e-02   5.4660770e-02
  -4.3815621e-02   4.5966284e-02
  -4.3789117e-02   3.8064725e-02
  -3.7522586e-02   2.6926988e-02
  -2.8427372e-02   2.0035706e-02
  -3.4719818e-02   1.7014911e-02
  -3.7159637e-02   7.7464316e-03
  -3.5809513e-02   3.8655331e-03
  -3.0690880e-02  -7.7318810e-03
  -3.0874471e-02  -1.0209748e-02
  -3.3546085e-02  -1.2190867e-02
  -2.9728636e-02  -1.6125924e-02
  -2.2077823e-02  -2.9995450e-02
  -2.4741002e-02  -3.3046115e-02
  -1.4325824e-02  -4.4487362e-02
  -1.0308284e-02  -5.5891903e-02
  -1.7994652e-02  -5.7731124e-02
  -8.9853462e-03  -7.0110567e-02
  -2.5609875e-03  -7.1437160e-02
   1.2745423e-03  -8.2606882e-02
  -1.2774637e-02  -7.5759819e-02
  -3.8303685e-03  -7.4221424e-02
   5.1268320e-02  -1.6310053e-01
   5.6547156e-02  -1.5835811e-01
   5.1578982e-02  -1.5336318e-01
   4.7026942e-02  -1.4555298e-01
   4.8300624e-02  -1.4247184e-01
   4.8540981e-02  -1.4270866e-01
   5.3790191e-02  -1.3918778e-01
   4.8699216e-02  -1.2734641e-01
   4.3833372e-02  -1.2358751e-01
   4.2752203e-02  -1.1321816e-01
   4.8199788e-02  -1.1424573e-01
   4.2490978e-02  -1.0141222e-01
   4.8773633e-02  -1.0157466e-01
   4.1091424e-02  -9.5453227e-02
   3.9740580e-02  -8.9154034e-02
   3.8331532e-02  -8.1268053e-02
   2.9384816e-02  -6.8761707e-02
   3.1917286e-02  -6.0284616e-02
   2.6991922e-02  -4.8818973e-02
   2.9621273e-02  -4.3979792e-02
   2.8466178e-02  -4.0725894e-02
   3.0891846e-02  -4.1493230e-02
   2.5777664e-02  -3.3197606e-02
   2.7002006e-02  -2.8228892e-02
   3.2097770e-02  -2.3312376e-02
   2.8212494e-02  -1.2602949e-02
   3.4632389e-02  -7.2700240e-03
   3.1527740e-02   4.7651653e-03
   8.7096442e-03   1.7881932e-02
  -6.2052802e-03   2.4422408e-02
   0.0000000e+00   2.3126844e-02
   2.5317800e-03   2.3952048e-02
   1.0331987e-02   3.3271065e-02
   0.0000000e+00   3.9754601e-02
  -1.5470686e-02   4.8975920e-02
  -2.0577492e-02   5.5283167e-02
  -2.0429613e-02   5.9809771e-02
  -3.2790451e-02   7.4748354e-02
  -2.9022754e-02   7.9253668e-02
  -2.9084091e-02   9.2956458e-02
  -2.5335124e-02   9.8716799e-02
  -1.6541915e-02   1.0021631e-01
  -2.1670657e-02   1.1021998e-01
  -6.3481466e-03   1.0306614e-01
  -2.7669470e-02   1.1276932e-01
  -4.3571982e-02   1.1508968e-01
  -4.9420902e-02   1.2436186e-01
  -4.1093114e-02   1.2284647e-01
  -3.7189090e-02   1.4266257e-01
  -4.1813377e-02   1.3513224e-01
  -3.3341080e-02   1.2743790e-01
  -3.7101933e-02   1.1838173e-01
  -2.8396976e-02   1.1564941e-01
  -2.9742942e-02   1.0748905e-01
  -3.6080630e-02   1.0539173e-01
  -3.0055591e-02   9.4525270e-02
  -4.5582276e-02   8.9514392e-02
  -3.9309725e-02   8.2634024e-02
  -3.1931568e-02   7.6227847e-02
  -3.4782887e-02   6.0835717e-02
  -3.5045891e-02   5.5287316e-02
  -2.7137579e-02   4.2155778e-02
  -2.9570049e-02   2.9200981e-02
  -3.3348007e-02   2.3288213e-02
  -2.5536577e-02   1.7380788e-02
  -1.9175541e-02   1.4499856e-02
  -1.6604819e-02   1.1588546e-02
  -1.9221598e-02   5.8116451e-03
  -1.2854244e-02   4.8580508e-04
  -1.2853593e-02  -4.8580508e-03
  -1.7967756e-02  -1.6014574e-02
  -1.5357754e-02  -3.2967275e-02
  -1.4115447e-02  -3.5499315e-02
  -1.5470686e-02  -4.8975920e-02
  -1.9453913e-02  -4.4794699e-02
  -2.2013874e-02  -5.2176685e-02
  -1.9272011e-02  -5.5227773e-02
  -1.1478444e-02  -5.6296961e-02
  -1.2754193e-02  -6.0239829e-02
  -7.6164478e-03  -5.8971733e-02
  -3.7997923e-03  -7.0644838e-02
   0.0000000e+00  -7.6198180e-02
   0.0000000e+00  -9.5611729e-02
   3.7808858e-03  -1.0125714e-01
   8.8306412e-03  -1.0135785e-01
  -5.0610841e-03  -1.0628483e-01
  -2.5461321e-03  -1.1529872e-01
  -1.2824489e-03  -1.0832292e-01
   6.3899664e-03  -1.2636666e-01
   1.2732068e-03  -1.2959495e-01
   1.8817993e-02  -1.4512193e-01
   1.3677836e-02  -1.4802339e-01
   3.6967353e-03  -1.5461701e-01
   7.4173591e-03  -1.4923268e-01
   9.8252571e-03  -1.6162727e-01
   0.0000000e+00  -1.6640000e-01
   3.6824453e-03  -1.7199097e-01
   3.6558912e-03  -1.7668629e-01
   3.8767970e-02  -6.4527920e-02
   3.1286248e-02  -5.4528697e-02
   3.9146992e-02  -5.0058610e-02
   5.2889335e-02  -5.0946150e-02
   2.1733458e-02  -3.3415871e-02
   1.1527462e-02  -3.4457623e-02
   2.9972709e-02  -2.7125002e-02
   4.1723131e-02  -2.2187387e-02
   3.9314175e-02  -7.4267821e-03
   2.8715313e-02   0.0000000e+00
   2.0412206e-02   1.4952841e-02
   0.0000000e+00   3.2321608e-02
   1.2811953e-02   2.4241188e-02
   9.0626570e-03   3.7299658e-02
   3.4226659e-02   2.8899126e-02
   2.2311042e-02   3.5807916e-02
   5.2404869e-03   4.5761265e-02
   9.1336763e-03   6.3169323e-02
   6.4323135e-03   6.2266808e-02
  -1.1560562e-02   7.7701615e-02
  -6.3861296e-03   8.5310430e-02
   1.2792478e-03   9.2061490e-02
   6.4192652e-03   9.5998725e-02
   0.0000000e+00   1.0436923e-01
  -7.5839970e-03   1.1080486e-01
  -1.9985137e-02   1.2486154e-01
  -2.7178410e-02   1.3426988e-01
  -2.9651531e-02   1.4322653e-01
  -3.3101093e-02   1.4782382e-01
  -2.5715884e-02   1.4978449e-01
  -2.5592169e-02   1.5111316e-01
  -3.7656697e-02   1.5477917e-01
  -3.6487491e-02   1.5766985e-01
  -3.2818942e-02   1.6187920e-01
  -3.8643734e-02   1.7040563e-01
  -4.3134763e-02   1.7758980e-01
  -4.9134450e-02   1.7431021e-01
  -4.7502761e-02   1.8177464e-01
  -5.8975126e-02   1.8574590e-01
  -5.5438938e-02   1.8853522e-01
  -5.1766999e-02   1.9353939e-01
  -5.3159272e-02   1.8501827e-01
  -6.4981046e-02   1.8331081e-01
  -5.9319273e-02   1.8313123e-01
  -6.0606097e-02   1.8072512e-01
  -6.0612784e-02   1.7910834e-01
  -6.2061475e-02   1.7287379e-01
  -5.7366400e-02   1.6778405e-01
  -6.5732334e-02   1.6772409e-01
  -8.0173110e-02   1.6569255e-01
  -1.4068472e-02  -5.3005827e-02
  -2.5556101e-03  -6.0851802e-02
   5.4625024e-02  -7.7251950e-02
   2.0792253e-02  -6.2901642e-02
   0.0000000e+00  -6.4194529e-02
   2.5624571e-03  -6.5987643e-02
   1.9201668e-02  -7.2407438e-02
   2.1678095e-02  -7.8116498e-02
   3.8327420e-03  -8.7361552e-02
  -1.8971300e-02  -1.0009008e-01
   1.2582710e-03  -1.1182090e-01
   3.7703262e-03  -1.1219460e-01
   7.4858215e-03  -1.2109199e-01
   1.2513919e-03  -1.2721706e-01
   5.0059758e-03  -1.2305086e-01
   2.3605585e-02  -1.2933774e-01
   1.6006586e-02  -1.3485249e-01
   6.1302776e-03  -1.3893292e-01
   1.7060504e-02  -1.4953294e-01
   1.7123239e-02  -1.5013638e-01
   1.6909386e-02  -1.6400387e-01
   1.0890135e-02  -1.6272975e-01
   7.2777245e-03  -1.6048045e-01
   3.6366072e-03  -1.6306377e-01
   8.5214535e-03  -1.6274895e-01
   4.8456939e-03  -1.6564951e-01
  -1.4518915e-02  -1.6757601e-01
   7.2410792e-03  -1.7146003e-01
   2.4241796e-03  -1.6792686e-01
  -1.2122692e-02  -1.7232379e-01
  -1.7972874e-02  -1.7168402e-01
  -5.9455000e-03  -1.8439086e-01
  -2.4002834e-02  -1.7525628e-01
  -2.3902508e-02  -1.8431738e-01
  -3.0158094e-02  -1.7957717e-01
  -2.6674481e-02  -1.7507820e-01
  -3.2750104e-02  -1.7292997e-01
  -3.2893725e-02  -1.6937661e-01
  -3.4042615e-02  -1.6625530e-01
  -3.3958378e-02  -1.6851534e-01
  -3.6366536e-02  -1.6137652e-01
  -4.6161680e-02  -1.5795085e-01
  -4.6035348e-02  -1.5587479e-01
  -4.5177806e-02  -1.4606990e-01
  -4.6794398e-02  -1.4001810e-01
  -4.9374101e-02  -1.3198952e-01
  -3.5015522e-02  -1.3232587e-01
  -4.0548928e-02  -1.2674205e-01
  -4.1773187e-02  -1.2871795e-01
  -4.8038834e-02  -1.2323596e-01
  -4.0180825e-02  -1.3235950e-01
  -8.8675757e-03   7.6604146e-02
  -3.5272779e-02   7.5151032e-02
  -5.2928962e-02   8.0089503e-02
  -4.3745656e-02   9.9315460e-02
  -3.4788509e-02   1.0625078e-01
  -3.7128331e-02   1.2103043e-01
  -3.8157645e-02   1.3163462e-01
  -4.3070148e-02   1.3209920e-01
  -4.4213657e-02   1.3388847e-01
  -4.3916391e-02   1.4592880e-01
  -1.9497934e-02   1.3904318e-01
  -4.3745588e-02   1.5908882e-01
  -2.6844730e-02   1.4026629e-01
  -4.1917159e-02   1.6772967e-01
  -2.7497626e-02   1.6585290e-01
  -4.0108552e-02   1.8425280e-01
  -4.9482287e-02   1.9163958e-01
  -4.4800368e-02   1.9349370e-01
  -3.7844215e-02   1.9199742e-01
  -4.0216331e-02   1.9314051e-01
  -5.4278961e-02   1.9083820e-01
  -5.8955322e-02   1.8622340e-01
  -6.6124074e-02   1.8978265e-01
  -5.8624412e-02   1.8546993e-01
  -5.6373141e-02   1.9051451e-01
  -6.0466840e-02   1.8607005e-01
  -6.4275281e-02   1.8494813e-01
  -6.4112409e-02   1.8273045e-01
  -6.2840629e-02   1.7974919e-01
  -6.0608989e-02   1.7374584e-01
  -6.2115931e-02   1.6806710e-01
  -5.7758452e-02   1.6210135e-01
  -6.3981676e-02   1.5847095e-01
  -5.3976937e-02   1.4836689e-01
  -5.0265817e-02   1.4247679e-01
  -4.0599450e-02   1.3990227e-01
  -4.5394292e-02   1.3580994e-01
  -4.5643737e-02   1.2932693e-01
  -3.8218168e-02   1.2668564e-01
  -3.3141404e-02   1.1947872e-01
  -3.1941347e-02   1.1352074e-01
  -3.2088377e-02   1.1003283e-01
  -3.8469394e-02   1.1115992e-01
  -2.9869938e-02   9.9911112e-02
  -3.2610298e-02   9.3167329e-02
  -3.7917224e-02   7.7383976e-02
  -4.7509822e-02   6.1607572e-02
  -6.0718477e-02   5.3489831e-02
  -5.4532894e-02   4.9286068e-02
  -4.2640948e-02   4.2631559e-02
   0.0000000e+00  -1.3489231e-01
   2.4964607e-03  -1.3952888e-01
  -4.9650587e-03  -1.4399880e-01
  -4.9431570e-03  -1.4810468e-01
   1.2221554e-03  -1.5643717e-01
  -3.6674563e-03  -1.5433700e-01
  -2.4266421e-03  -1.5999968e-01
  -1.0872567e-02  -1.6838017e-01
  -4.7931994e-03  -1.7607898e-01
  -3.6001036e-03  -1.7691762e-01
   0.0000000e+00  -1.8012072e-01
   4.8103106e-03  -1.8121309e-01
   1.5538006e-02  -1.8994307e-01
   1.9096901e-02  -1.9470053e-01
   2.0272077e-02  -1.9733102e-01
   1.6581060e-02  -1.9973761e-01
   1.5494699e-02  -1.9382938e-01
   1.1960754e-02  -1.9179541e-01
   4.7947556e-03  -1.8442721e-01
   1.3222279e-02  -1.8333208e-01
   9.6602041e-03  -1.7816858e-01
   1.2095512e-02  -1.8017379e-01
   9.7467058e-03  -1.7552019e-01
   3.6619231e-03  -1.7423231e-01
   3.6678999e-03  -1.7177833e-01
   1.2321801e-03  -1.6772859e-01
   4.9457919e-03  -1.6394923e-01
   3.7347413e-03  -1.5966865e-01
   8.7656686e-03  -1.5518763e-01
   1.3806957e-02  -1.4955552e-01
   2.0169442e-02  -1.4751858e-01
   2.2961021e-02  -1.3955685e-01
   1.7834182e-02  -1.2858454e-01
   6.3715404e-03  -1.1541642e-01
   5.1096608e-03  -1.0787537e-01
   1.2827053e-03  -1.0314044e-01
   1.2856352e-03  -9.5108308e-02
   7.6830875e-03  -9.2154309e-02
   2.5434997e-03  -9.6588154e-02
   7.5843276e-03  -9.6485520e-02
   6.3448216e-03  -9.1799423e-02
  -1.2824247e-03  -8.8213506e-02
   1.2881557e-03  -7.8437780e-02
   0.0000000e+00  -7.1826625e-02
   1.9629497e-02  -6.3859181e-02
   2.2231685e-02  -5.4209205e-02
   3.1050339e-02  -5.1623739e-02
   2.4429234e-02  -4.1943401e-02
   6.3687517e-03  -3.7665519e-02
   8.8641323e-03  -2.9729543e-02
  -3.8685591e-02   1.7335039e-01
  -3.5112117e-02   1.7864049e-01
  -3.6444515e-02   1.8267746e-01
  -3.3919533e-02   1.8378593e-01
  -3.8851547e-02   1.8933237e-01
  -4.1411382e-02   1.8773253e-01
  -3.1752672e-02   1.8098370e-01
  -2.1880257e-02   1.8625157e-01
  -2.3200014e-02   1.9007707e-01
  -2.8088902e-02   1.8099774e-01
  -2.8058574e-02   1.7351698e-01
  -2.9429227e-02   1.6567035e-01
  -3.4081180e-02   1.6919981e-01
  -2.5433264e-02   1.6286389e-01
  -1.9261555e-02   1.6286200e-01
  -1.6853512e-02   1.6447280e-01
  -4.8183336e-03   1.5872001e-01
   0.0000000e+00   1.5888668e-01
   0.0000000e+00   1.5097923e-01
   3.6138152e-03   1.4195783e-01
  -1.1985095e-03   1.4220466e-01
   6.0602971e-03   1.2496889e-01
   0.0000000e+00   1.2746298e-01
   4.9107529e-03   1.1498915e-01
   2.4760875e-03   1.1195173e-01
   1.6122662e-02   1.0809896e-01
   1.3794061e-02   9.3676357e-02
   1.2548543e-02   8.3767100e-02
   1.2622652e-03   7.8308117e-02
  -1.0058903e-02   7.1589296e-02
  -1.5167183e-02   6.7532777e-02
  -1.7712502e-02   6.7598929e-02
  -1.4052847e-02   5.3437984e-02
  -1.2812931e-03   4.4255296e-02
  -2.5914199e-03   3.1901774e-02
  -2.5955351e-03   2.7512737e-02
  -6.4555293e-03   2.7861146e-02
  -1.2906711e-02   2.1484138e-02
  -1.9255228e-02   1.2617356e-02
  -3.4461459e-02   3.3756418e-03
  -2.6932745e-02  -1.0664268e-02
  -3.0960249e-02  -1.5117455e-02
  -1.6783639e-02  -1.8065562e-02
  -2.5615618e-03  -2.7151460e-02
  -1.2792686e-02  -2.8575740e-02
  -8.9416486e-03  -3.8747772e-02
   2.5467604e-03  -4.4954592e-02
   2.5453892e-03  -5.6669915e-02
  -6.4057386e-03  -6.2501735e-02
   0.0000000e+00  -7.5686673e-02
   2.1845612e-02  -1.8704505e-01
   2.5451057e-02  -1.8900232e-01
   3.0374154e-02  -1.8104515e-01
   2.8160303e-02  -1.7422845e-01
   3.5594378e-02  -1.7357143e-01
   3.1033262e-02  -1.6739737e-01
   3.6112616e-02  -1.6407101e-01
   3.6166988e-02  -1.6657714e-01
   3.9985051e-02  -1.6356857e-01
   3.7685534e-02  -1.5676026e-01
   3.4125215e-02  -1.5009694e-01
   3.2856827e-02  -1.4679332e-01
   2.6467960e-02  -1.4421456e-01
   2.8054910e-02  -1.3246522e-01
   3.8337489e-02  -1.2843730e-01
   3.7118926e-02  -1.2119235e-01
   3.5962111e-02  -1.2057427e-01
   2.5860673e-02  -1.1082220e-01
   3.8847953e-02  -1.0516765e-01
   4.5275895e-02  -9.5139676e-02
   4.0197837e-02  -9.6949466e-02
   2.4612789e-02  -8.6035139e-02
   1.6940998e-02  -8.0908310e-02
   1.6971788e-02  -7.5414536e-02
   2.8665926e-02  -6.8127376e-02
   2.1927202e-02  -5.5942469e-02
   2.4146014e-02  -4.4856144e-02
   3.2925049e-02  -3.6467676e-02
   1.1340313e-02  -2.9581321e-02
   0.0000000e+00  -2.0766962e-02
  -5.0305364e-03  -1.9504307e-02
  -8.8420907e-03  -1.3850410e-02
   8.9233239e-03  -1.1084064e-02
   1.0219048e-02  -1.0140517e-02
   1.5239512e-02  -3.8397235e-03
   5.0850214e-03   2.4023831e-03
  -7.5970724e-03   2.8713345e-03
  -1.9039636e-02   1.5838218e-02
  -2.2779933e-02   3.4040451e-02
  -1.6467028e-02   4.0837383e-02
  -3.0470342e-02   4.9673994e-02
  -2.1581315e-02   5.4559426e-02
  -1.7819809e-02   5.6180065e-02
  -2.2832207e-02   5.7938187e-02
  -5.4597771e-02   6.1877379e-02
  -3.7180706e-02   6.3516098e-02
  -2.8210122e-02   7.3525871e-02
  -3.0629685e-02   8.1688096e-02
  -3.0467739e-02   9.3332619e-02
  -2.8944622e-02   1.0463685e-01
  -3.8479095e-02   1.0613510e-01
  -3.2143306e-02   1.0620560e-01
  -2.7312989e-02   9.8658857e-02
  -2.4890564e-02   8.9952209e-02
  -1.9984112e-02   7.9910073e-02
  -1.7608276e-02   6.7193415e-02
  -1.3880729e-02   6.2521253e-02
  -1.8973275e-02   5.2899837e-02
  -1.5189578e-02   4.4681461e-02
  -8.8331386e-03   3.3465322e-02
  -1.0153656e-02   2.7386509e-02
  -1.1416855e-02   2.3039067e-02
  -5.0667702e-03   1.6766333e-02
   1.2785145e-03   1.2567969e-02
   7.6731557e-03   5.8004983e-03
   1.5424817e-02  -2.9147648e-03
   1.4167126e-02  -6.3282066e-03
   1.5461758e-02  -1.7541845e-02
   1.2924108e-02  -1.7595829e-02
   2.8402641e-02  -2.8343194e-02
   2.9905856e-02  -3.5965333e-02
   4.5190199e-02  -5.1500774e-02
   3.4936780e-02  -5.9607492e-02
   2.8219098e-02  -6.5549268e-02
   2.0429716e-02  -7.7219893e-02
   2.1746254e-02  -7.7865836e-02
   3.8165606e-02  -8.4924854e-02
   3.5723974e-02  -8.8217246e-02
   3.7227288e-02  -8.8265019e-02
   4.8574518e-02  -9.6517948e-02
   6.2407929e-02  -1.0276262e-01
   5.6328141e-02  -1.1416712e-01
   4.8321882e-02  -1.2474234e-01
   5.4167940e-02  -1.3314929e-01
   4.4314269e-02  -1.3891947e-01
   3.9293735e-02  -1.4329565e-01
   3.9250022e-02  -1.4523207e-01
   3.9275308e-02  -1.4586322e-01
   4.4009578e-02  -1.4573946e-01
   4.8733529e-02  -1.4465340e-01
   4.4952102e-02  -1.4947647e-01
   4.2555374e-02  -1.5651912e-01
   3.2581635e-02  -1.6379525e-01
   2.5277339e-02  -1.6928893e-01
   1.9214874e-02  -1.6509887e-01
   2.2663482e-02  -1.7242409e-01
   1.9106624e-02  -1.7373776e-01
   9.5855157e-03  -1.8211314e-01
   1.6785802e-02  -1.8837858e-01
