  -3.3855405e-01  -6.3553983e-02
   4.2794416e-01  -7.5939721e-02
   4.6055093e-01  -6.1573657e-02
   4.6394728e-01  -6.1924035e-02
   4.6282915e-01  -5.0744747e-02
   4.7674849e-01  -4.0705865e-02
   4.8224912e-01  -2.6147803e-02
   4.8706317e-01  -1.5923570e-02
   4.7923875e-01  -6.7974245e-03
   4.7926927e-01   0.0000000e+00
   5.0080224e-01   5.8399427e-03
   5.2353303e-01   2.0395000e-02
   5.0574376e-01   1.9250038e-02
   4.8529864e-01   2.8832858e-02
   4.6089805e-01   4.3192331e-02
   4.7045717e-01   6.1411456e-02
   5.1287453e-01   4.2190617e-02
   4.7544006e-01   7.7739195e-02
   4.9207708e-01   7.4312711e-02
   4.6005348e-01   9.0411675e-02
   4.5928129e-01   1.0305619e-01
   4.2968203e-01   1.0561587e-01
   4.1353866e-01   1.2135780e-01
   4.2424122e-01   1.1899012e-01
   4.2938764e-01   1.2481166e-01
   4.3365202e-01   1.3265771e-01
   4.1375923e-01   1.4073754e-01
   4.1373738e-01   1.3889512e-01
   3.8291765e-01   1.4172526e-01
   3.3753888e-01   1.5060480e-01
   3.2713829e-01   1.6648132e-01
   3.2941443e-01   1.5866001e-01
   2.6874860e-01   1.6667788e-01
   2.6570730e-01   1.4775359e-01
   2.2427761e-01   1.6466782e-01
   2.1123421e-01   1.5395330e-01
   1.6270813e-01   1.7441765e-01
   1.4984001e-01   1.7151838e-01
   1.1486949e-01   1.7009166e-01
   8.5144903e-02   1.5602286e-01
   5.0869613e-02   1.5933865e-01
   2.7714734e-02   1.5628671e-01
  -1.4536280e-02   1.5596245e-01
  -4.0094247e-02   1.3646918e-01
  -9.4859679e-02   1.4062712e-01
  -1.1712459e-01   1.2528237e-01
  -1.5251193e-01   1.1175219e-01
  -2.0947120e-01   1.0363122e-01
  -3.2895410e-01  -8.5480055e-02
  -2.9895192e-01  -8.9801633e-02
  -2.8527660e-01  -8.3981847e-02
  -2.4802104e-01  -9.1715227e-02
  -2.4984963e-01  -8.8859034e-02
  -2.0830802e-01  -9.0783853e-02
  -2.1529672e-01  -9.1958294e-02
  -2.0620509e-01  -9.8023171e-02
  -2.0686930e-01  -8.7258389e-02
  -1.5646113e-01  -9.2881150e-02
  -1.3039500e-01  -8.7955938e-02
  -1.2541835e-01  -9.3164107e-02
  -1.0903384e-01  -8.9934973e-02
  -8.6672585e-02  -8.7951791e-02
  -7.0658833e-02  -8.3152953e-02
  -3.3011517e-02  -9.0304125e-02
   2.5266028e-03  -7.8870807e-02
   6.3386860e-02  -1.0636415e-01
   3.4482188e-02  -8.8309911e-02
   5.9305523e-02  -9.3173986e-02
   6.9652294e-02  -8.8948946e-02
   9.0225732e-02  -7.9145985e-02
   1.1097912e-01  -8.6360482e-02
   1.2174546e-01  -8.1172944e-02
   1.4798536e-01  -5.8866908e-02
   2.1961548e-01  -9.0360786e-02
   1.8163089e-01  -6.3759395e-02
   2.1213410e-01  -6.3430415e-02
   1.9950717e-01  -4.6350808e-02
   2.4770510e-01  -6.6874682e-02
   2.3798153e-01  -5.2987947e-02
   2.6730036e-01  -5.0651676e-02
   2.7348931e-01  -3.6596020e-02
   2.8877043e-01  -3.4631268e-02
   2.9431511e-01  -2.1976324e-02
   2.8730765e-01  -1.3536028e-02
   2.8489305e-01  -1.8678368e-03
   3.1339241e-01   9.2740465e-04
   3.1558001e-01   6.0196897e-03
   3.1698078e-01   1.6681635e-02
   3.3695508e-01   1.1990442e-02
   3.3334496e-01   1.1169553e-02
   3.6498759e-01   8.3644853e-02
   4.5856321e-01   3.4963775e-03
   2.9419951e-01   3.4514186e-02
   2.6995288e-01   8.2476059e-02
   3.3952981e-01   5.2266090e-02
   3.7698221e-01   6.1766803e-02
  -2.2133721e-01   1.4998937e-01
  -2.5084116e-01   1.5215141e-01
  -2.7070604e-01   1.5563007e-01
  -3.0172626e-01   1.5253016e-01
  -3.2250680e-01   1.6837253e-01
  -3.3760279e-01   1.5406591e-01
  -3.4708912e-01   1.4576303e-01
  -3.6413142e-01   1.3814184e-01
  -3.8816310e-01   1.2450249e-01
  -3.9266341e-01   1.4382488e-01
  -4.2200378e-01   1.1318255e-01
  -4.1617225e-01   1.1922185e-01
  -4.1438844e-01   8.7953523e-02
  -4.4853657e-01   9.1056485e-02
  -4.4515767e-01   8.7297110e-02
  -4.5007134e-01   8.0091111e-02
  -4.3800637e-01   4.9281673e-02
  -4.6110147e-01   4.5044645e-02
  -4.3757014e-01   2.8566003e-02
  -4.3977942e-01   1.7989985e-02
  -4.2109350e-01   4.3026843e-03
  -4.2806828e-01  -7.9715900e-03
  -4.4155778e-01  -1.0760980e-02
  -4.2180150e-01  -1.4617792e-02
  -4.0309280e-01  -1.8643116e-02
  -3.7137347e-01  -4.1868791e-02
  -3.6956845e-01  -5.0755261e-02
  -3.5746160e-01  -6.2919436e-02
  -3.5720641e-01  -6.5339415e-02
  -3.3763129e-01  -7.7163447e-02
  -3.1934445e-01  -8.8919181e-02
  -3.0146952e-01  -8.6424583e-02
  -2.7089114e-01  -9.7303050e-02
  -2.6038917e-01  -1.0094468e-01
  -2.6150166e-01  -9.5795835e-02
  -2.5482240e-01  -9.7822588e-02
  -2.0885378e-01  -1.0858866e-01
  -2.0735605e-01  -1.1310335e-01
  -1.9038738e-01  -1.2101921e-01
  -1.6940085e-01  -1.1596135e-01
  -1.3213090e-01  -1.2358719e-01
  -1.0103217e-01  -1.2323598e-01
  -1.0267257e-01  -1.2165275e-01
  -7.4822118e-02  -1.2184195e-01
  -4.6195167e-02  -1.1748849e-01
  -3.6271704e-02  -1.1157995e-01
  -2.3592132e-02  -1.1635701e-01
   3.9456957e-01   6.5884972e-02
   3.7957002e-01   8.5420116e-02
   3.8107171e-01   6.5492576e-02
   3.7516993e-01   7.3872795e-02
   3.7992387e-01   6.8083754e-02
   3.7230718e-01   8.8914676e-02
   3.5639027e-01   9.6769418e-02
   3.4054457e-01   9.8069532e-02
   3.4020582e-01   9.9531400e-02
   3.2095009e-01   1.2982933e-01
   3.4633888e-01   1.2686551e-01
   3.1741388e-01   1.3546429e-01
   3.1876220e-01   1.4982555e-01
   3.2623685e-01   1.4733410e-01
   2.5631808e-01   1.5442841e-01
   3.0755893e-01   1.9349183e-01
   2.7615850e-01   1.2513267e-01
   2.2784756e-01   1.8562687e-01
   2.7089634e-01   1.5949002e-01
   2.2841219e-01   1.8282323e-01
   2.3956659e-01   1.7639394e-01
   2.0722300e-01   1.6940714e-01
   1.7369337e-01   1.7730725e-01
   1.5986869e-01   1.6692458e-01
   1.3996185e-01   1.7267218e-01
   1.2157493e-01   1.7938742e-01
   1.1806370e-01   1.8474003e-01
   1.0595297e-01   1.8320996e-01
   6.5653266e-02   1.7771927e-01
   5.5473423e-02   1.6308832e-01
   1.2796361e-03   1.6923067e-01
  -2.1733161e-02   1.6902234e-01
  -4.3452256e-02   1.5078913e-01
  -6.2589292e-02   1.5505641e-01
  -8.3145416e-02   1.4901722e-01
  -1.0975637e-01   1.4728543e-01
  -1.2449861e-01   1.4137172e-01
  -1.7206243e-01   1.5046318e-01
  -1.8404696e-01   1.3195956e-01
  -2.3171979e-01   1.4921631e-01
  -2.3621206e-01   1.3690831e-01
  -2.7169906e-01   1.3726736e-01
  -3.1030187e-01   1.0546725e-01
  -3.2831857e-01   1.1267397e-01
  -3.3522068e-01   9.3858379e-02
  -3.5924634e-01   8.7587245e-02
  -3.5574280e-01   7.0235251e-02
  -1.1628763e-01  -1.0502335e-01
  -1.0785515e-01  -1.0288526e-01
  -8.5852905e-02  -1.0630348e-01
  -5.9755977e-02  -1.0207234e-01
  -1.7711052e-02  -1.1556188e-01
  -1.0168112e-02  -1.0989362e-01
   3.3068497e-02  -1.1723624e-01
   1.2635046e-02  -1.1385908e-01
   4.5687015e-02  -8.4287329e-02
   1.2377244e-01  -1.2050052e-01
   1.2988955e-01  -9.0125396e-02
   1.0572637e-01  -9.6719513e-02
   1.5992149e-01  -8.7351571e-02
   1.9299369e-01  -7.4908171e-02
   1.9141716e-01  -7.0388391e-02
   1.7522099e-01  -5.4145796e-02
   2.3436774e-01  -5.4560593e-02
   2.4301273e-01  -4.9119300e-02
   2.3098175e-01  -4.8113667e-02
   2.3843659e-01  -2.5766967e-02
   2.6804929e-01   3.2806681e-02
   4.0813832e-01  -8.9547373e-02
   1.8827946e-01   1.9300899e-02
   3.5674083e-01   9.4405458e-04
   3.5967232e-01  -7.9706886e-03
   3.5665853e-01  -3.7080963e-03
   3.0527320e-01   1.1268386e-02
   3.8990267e-01  -1.3862351e-02
   3.2636169e-01   3.5150022e-02
   3.5479607e-01   1.3690972e-03
   3.5423864e-01   3.5769445e-02
   3.7408375e-01   3.0043753e-02
   3.6282598e-01   4.1529976e-02
   3.8646335e-01   3.4683372e-02
   3.7668450e-01   5.0539992e-02
   3.8113783e-01   5.9384708e-02
   3.8440596e-01   5.6930877e-02
   3.5875487e-01   7.7367941e-02
   3.4018706e-01   8.5189573e-02
   3.5411101e-01   9.4104660e-02
   3.5271532e-01   9.5061599e-02
   3.5191442e-01   8.7972397e-02
   3.1678800e-01   1.1773881e-01
   3.0779534e-01   1.0540082e-01
   2.8758167e-01   1.3101856e-01
   2.7210769e-01   1.2986446e-01
   2.5943807e-01   1.3001196e-01
   2.4746771e-01   1.3400736e-01
  -3.9892200e-01   1.2264547e-01
  -3.9219578e-01   9.8582720e-02
  -3.8820822e-01   9.3069811e-02
  -4.2786938e-01   8.8653017e-02
  -4.3396961e-01   8.2948603e-02
  -3.9625442e-01   8.5217885e-02
  -3.9204615e-01   6.4232062e-02
  -4.2189568e-01   5.2161258e-02
  -4.2809273e-01   3.6906031e-02
  -4.4453953e-01   3.4439629e-02
  -4.2462924e-01   2.1292127e-02
  -4.4133437e-01  -1.8813397e-03
  -4.1393258e-01  -1.1884282e-02
  -4.0847792e-01  -1.6233278e-02
  -4.0411162e-01  -2.5805753e-02
  -4.1003345e-01  -2.8000738e-02
  -3.7614907e-01  -4.1955789e-02
  -3.9175975e-01  -4.6599882e-02
  -4.0611869e-01  -3.9147688e-02
  -3.4399444e-01  -6.4504409e-02
  -3.2992236e-01  -5.1333493e-02
  -3.3526228e-01  -7.7201484e-02
  -3.3096625e-01  -7.2313279e-02
  -2.9416842e-01  -7.3863977e-02
  -2.5669284e-01  -8.6979077e-02
  -2.3231934e-01  -9.0802309e-02
  -2.1024049e-01  -8.7960998e-02
  -1.9572492e-01  -9.0948551e-02
  -1.9367101e-01  -8.1165497e-02
  -1.5900712e-01  -9.3072854e-02
  -1.1778681e-01  -9.7342720e-02
  -7.7947527e-02  -1.0459299e-01
  -8.4677337e-02  -8.9578329e-02
  -6.9345004e-02  -8.7183412e-02
  -1.1621688e-02  -7.4070899e-02
  -3.8568660e-03  -7.1729447e-02
   2.9562536e-02  -7.5716684e-02
   6.6361671e-02  -8.4615660e-02
   7.4127439e-02  -7.4168099e-02
   9.4511276e-02  -7.3038504e-02
   9.6306991e-02  -5.3070578e-02
   1.7682918e-01  -5.9788377e-02
   1.2480857e-01  -4.9578954e-02
   1.4927265e-01  -5.2062202e-02
   1.6368846e-01  -4.2936077e-02
   2.4942293e-01  -5.6448754e-02
   2.7627130e-01  -4.4862728e-02
   3.0594858e-01   1.1965703e-01
   2.7729396e-01   1.2832602e-01
   2.5549234e-01   1.2531270e-01
   2.3880124e-01   1.3011423e-01
   2.2842418e-01   1.2382778e-01
   2.1574364e-01   1.2981451e-01
   1.3534890e-01   1.4247876e-01
   1.1524201e-01   1.4532719e-01
   8.9948952e-02   1.3655958e-01
   6.7035648e-02   1.4512805e-01
   4.1911069e-02   1.4536815e-01
   1.2719010e-02   1.5008618e-01
  -3.4303638e-02   1.4109112e-01
  -4.9460187e-02   1.4238256e-01
  -7.7152028e-02   1.3234246e-01
  -8.1874853e-02   1.2409556e-01
  -1.0421187e-01   1.2094686e-01
  -1.5849115e-01   1.2906115e-01
  -1.8015553e-01   1.2510734e-01
  -1.9511357e-01   1.1461028e-01
  -2.3657551e-01   1.1555536e-01
  -2.5514017e-01   1.1256671e-01
  -2.8623424e-01   1.1570039e-01
  -2.9570713e-01   1.1929181e-01
  -2.9437617e-01   1.2338848e-01
  -2.9583058e-01   1.0476102e-01
  -3.0685332e-01   1.0285310e-01
  -3.2500299e-01   9.3555455e-02
  -3.4578147e-01   9.7329567e-02
  -3.3963255e-01   9.3460531e-02
  -3.6135627e-01   7.7100549e-02
  -3.5779250e-01   7.9344687e-02
  -3.4444912e-01   6.7964893e-02
  -3.3206706e-01   6.2898601e-02
  -3.2264118e-01   5.6394373e-02
  -3.3744071e-01   4.9566146e-02
  -3.3269434e-01   4.8231763e-02
  -3.2407743e-01   2.8170014e-02
  -3.3359681e-01   3.3905497e-02
  -3.2764635e-01   1.7072890e-02
  -3.4322383e-01   1.5602883e-02
  -3.2415836e-01   1.4251552e-02
  -3.1389504e-01   3.3592594e-03
  -2.9457761e-01  -3.8563762e-03
  -2.8608732e-01  -9.1532639e-03
  -2.8541906e-01  -1.4424275e-02
  -2.7042872e-01  -1.9240061e-02
   1.4169807e-01  -1.1015868e-01
   1.6121494e-01  -1.0354083e-01
   1.7946962e-01  -1.0896988e-01
   1.7787082e-01  -1.0480296e-01
   1.9878187e-01  -1.0163098e-01
   2.1069773e-01  -8.8715634e-02
   2.5484242e-01  -8.7691294e-02
   2.5399674e-01  -7.1959188e-02
   2.4919592e-01  -7.9915542e-02
   2.3956443e-01  -5.1934442e-02
   2.8049925e-01  -6.1695559e-02
   2.8650741e-01  -5.1495161e-02
   2.9623153e-01  -4.4264877e-02
   3.0675908e-01  -4.1899254e-02
   3.0880392e-01  -3.4201358e-02
   3.2269122e-01  -3.8147412e-02
   3.1659415e-01  -2.8502583e-02
   3.3862242e-01  -2.4215770e-02
   3.5178947e-01  -1.8776951e-02
   3.5421257e-01  -2.5275057e-02
   3.4855909e-01  -1.2058787e-02
   3.4073185e-01  -8.8526418e-03
   3.3727498e-01  -6.0673181e-03
   3.5158657e-01   7.5066285e-03
   3.5897566e-01   1.5035913e-02
   3.5511072e-01   2.1564598e-02
   3.4866223e-01   2.7609828e-02
   3.5985771e-01   2.7052583e-02
   3.6985583e-01   3.3635385e-02
   3.7690142e-01   3.2502486e-02
   3.6704515e-01   4.5543386e-02
   3.5732749e-01   5.4087834e-02
   3.4820688e-01   6.4495083e-02
   3.2914572e-01   6.6136429e-02
   3.2437460e-01   6.6729996e-02
   3.3057256e-01   7.6345263e-02
   3.3569407e-01   8.1865085e-02
   3.2805983e-01   8.7775827e-02
   3.0974406e-01   9.5701579e-02
   3.1018220e-01   1.0174665e-01
   2.8816060e-01   1.1091413e-01
   2.8328301e-01   1.1814081e-01
   2.7423053e-01   1.2587655e-01
   2.4025312e-01   1.2517027e-01
   2.3960846e-01   1.4055539e-01
   2.3228927e-01   1.2773710e-01
   1.9270621e-01   1.4242108e-01
  -4.0490455e-01   2.9214719e-02
  -4.0500811e-01   1.6265117e-02
  -4.0705460e-01   1.3623033e-02
  -4.1052324e-01   9.4657388e-03
  -4.0959695e-01   6.1990816e-03
  -3.8644252e-01  -4.8185656e-03
  -3.8531810e-01  -1.5438745e-02
  -3.9127963e-01  -1.8405726e-02
  -3.8741838e-01  -2.4748278e-02
  -3.7075391e-01  -2.7526251e-02
  -3.7164826e-01  -3.6787776e-02
  -3.6089151e-01  -5.0485483e-02
  -3.3603448e-01  -6.1898305e-02
  -3.1888181e-01  -6.9048672e-02
  -3.1150686e-01  -7.2149268e-02
  -2.7808044e-01  -8.9238606e-02
  -2.8486250e-01  -8.5946751e-02
  -2.8591559e-01  -9.1090457e-02
  -2.4166677e-01  -1.0432282e-01
  -2.0648928e-01  -1.1320113e-01
  -1.9504669e-01  -1.1173242e-01
  -1.7077761e-01  -1.1922669e-01
  -1.7200312e-01  -1.1289305e-01
  -1.3055610e-01  -1.1399919e-01
  -1.0901068e-01  -1.2220972e-01
  -8.4894631e-02  -1.2555422e-01
  -7.9956867e-02  -1.2620279e-01
  -3.7437147e-02  -1.3623840e-01
   0.0000000e+00  -1.2413793e-01
   0.0000000e+00  -1.2896970e-01
   2.7040961e-02  -1.2476981e-01
   5.1697188e-02  -1.2385455e-01
   7.0298220e-02  -1.2968634e-01
   9.8019468e-02  -1.2566115e-01
   1.1837765e-01  -1.2501943e-01
   1.4175869e-01  -1.2152062e-01
   1.4208408e-01  -1.3354156e-01
   1.6283318e-01  -9.5763946e-02
   1.8207207e-01  -1.0357434e-01
   1.9732872e-01  -8.3866909e-02
   2.1233122e-01  -9.0064465e-02
   2.4246697e-01  -8.3719757e-02
   2.1070637e-01   1.5072574e-01
   1.9644333e-01   1.5519066e-01
   1.8967800e-01   1.6735488e-01
   1.8172808e-01   1.6772593e-01
   1.2886428e-01   1.7813804e-01
   9.2817320e-02   1.7800549e-01
   7.1393692e-02   1.7565182e-01
   4.9069702e-02   1.8308845e-01
   3.4313118e-02   1.8410299e-01
   2.0440856e-02   1.8586228e-01
   1.0157359e-02   1.8397612e-01
  -3.2983985e-02   1.8965753e-01
  -4.7298422e-02   1.8945856e-01
  -7.0725339e-02   1.8396798e-01
  -8.0729684e-02   1.8729985e-01
  -1.1855219e-01   1.8805277e-01
  -1.5909705e-01   1.8344521e-01
  -1.7216171e-01   1.9627240e-01
  -1.9451170e-01   1.8261021e-01
  -2.1845771e-01   1.8521236e-01
  -2.4202640e-01   1.7772937e-01
  -2.6400330e-01   1.6033209e-01
  -2.9676149e-01   1.5636299e-01
  -3.3695730e-01   1.7108098e-01
  -3.5976093e-01   1.4392202e-01
  -4.1623489e-01   1.4728651e-01
  -4.1812673e-01   1.4528544e-01
  -4.2772566e-01   1.4184188e-01
  -4.2720099e-01   1.2194519e-01
  -4.3876484e-01   1.1763232e-01
  -4.5909087e-01   1.1956336e-01
  -4.6007345e-01   1.1362323e-01
  -4.8474939e-01   1.0503512e-01
  -4.9376410e-01   9.5647056e-02
  -5.1686253e-01   7.8787563e-02
  -5.1481615e-01   7.0913517e-02
  -5.3127791e-01   6.1941838e-02
  -5.2913289e-01   5.5020295e-02
  -5.1414615e-01   3.3916829e-02
  -5.3246953e-01   9.0434546e-03
  -5.2830655e-01   1.1761157e-02
  -5.1048773e-01  -1.3336372e-02
  -5.0630161e-01  -7.6053771e-03
  -4.9390321e-01  -1.7076816e-02
  -4.7114701e-01  -2.9801752e-02
  -4.6390619e-01  -3.8792698e-02
  -4.5957299e-01  -4.7026740e-02
  -4.4618714e-01  -6.2831246e-02
