  -4.6587309e-02  -9.2914513e-02
   3.1567090e-01   3.4638759e-02
   3.1872267e-01   4.2525840e-02
   3.0494500e-01   5.8082890e-02
   3.2191032e-01   5.9418704e-02
   3.1381700e-01   6.8388887e-02
   2.9116316e-01   7.2475112e-02
   2.7422472e-01   8.8985096e-02
   2.6783152e-01   8.8055621e-02
   2.5564705e-01   9.0301620e-02
   2.4317813e-01   9.6273857e-02
   2.2795762e-01   1.0069903e-01
   2.0377378e-01   1.0947777e-01
   2.0885343e-01   1.1417360e-01
   1.8201362e-01   1.2085856e-01
   1.5968648e-01   1.3502186e-01
   1.4848548e-01   1.3772615e-01
   1.0531267e-01   1.4925608e-01
   1.0438018e-01   1.3918888e-01
   8.7717931e-02   1.3556343e-01
   7.2345771e-02   1.4027625e-01
   6.8903440e-02   1.4663347e-01
   4.6894566e-02   1.5205722e-01
   3.0728811e-02   1.5199166e-01
   8.6449604e-03   1.4746320e-01
   1.2370438e-03   1.3922914e-01
  -1.7243049e-02   1.4861443e-01
  -2.5014677e-02   1.4140756e-01
  -6.2896078e-02   1.4917707e-01
  -8.6778501e-02   1.3658354e-01
  -1.0275723e-01   1.3396775e-01
  -1.1996308e-01   1.2890051e-01
  -1.2979452e-01   1.1773959e-01
  -1.3046187e-01   1.0326793e-01
  -1.3562135e-01   1.0327715e-01
  -1.5287937e-01   1.0084531e-01
  -1.7811061e-01   1.0929426e-01
  -1.8107394e-01   9.7485895e-02
  -2.2179933e-01   9.5213426e-02
  -2.2794940e-01   7.9456516e-02
  -2.3275263e-01   6.4116350e-02
  -2.5833909e-01   6.3021484e-02
  -2.5712962e-01   5.7559567e-02
  -2.6704306e-01   5.5622140e-02
  -2.7470618e-01   5.7706999e-02
  -2.7798959e-01   5.2356807e-02
  -2.7874703e-01   3.2751563e-02
  -2.9712076e-01   2.6417005e-02
  -3.2119953e-01   1.7234389e-02
   6.4888831e-02  -1.1426673e-01
   7.1678010e-02  -1.0389983e-01
   1.0085909e-01  -1.0248487e-01
   1.0778129e-01  -9.5934565e-02
   1.2610002e-01  -1.0181169e-01
   1.4384744e-01  -9.2664542e-02
   1.6021496e-01  -9.0500564e-02
   1.7827162e-01  -7.8642889e-02
   1.8864001e-01  -7.1297011e-02
   2.0545828e-01  -6.2121469e-02
   2.3134491e-01  -5.4403567e-02
   2.5625610e-01  -4.7703505e-02
   2.6984150e-01  -3.0319369e-02
   2.7975025e-01  -2.3129964e-02
   2.8366958e-01  -2.8544778e-02
   2.8544738e-01  -1.4911209e-02
   3.0538548e-01  -1.0246706e-02
   2.9093395e-01   1.8640636e-03
   2.9489365e-01   5.0821672e-03
   3.1491818e-01   9.2437517e-03
   3.2254716e-01   1.9786151e-02
   3.3234003e-01   2.5160196e-02
   3.2575922e-01   3.3566529e-02
   2.9901865e-01   5.1382968e-02
   2.8479357e-01   6.1772829e-02
   2.9137214e-01   5.6102816e-02
   2.8397199e-01   6.9174762e-02
   2.7319012e-01   8.1358442e-02
   2.6672036e-01   9.0301678e-02
   2.6147816e-01   1.0025843e-01
   2.6142761e-01   9.7840780e-02
   2.3231393e-01   9.4921537e-02
   2.5411626e-01   9.2229086e-02
   2.1653177e-01   1.0907597e-01
   2.2225091e-01   1.1417219e-01
   1.9505102e-01   1.3756104e-01
   1.9347875e-01   1.2346950e-01
   1.5578572e-01   1.3456334e-01
   1.4627350e-01   1.3759623e-01
   1.4083474e-01   1.4119247e-01
   9.3703478e-02   1.4112156e-01
   8.8211318e-02   1.5595167e-01
   8.9036745e-02   1.4246508e-01
   6.5476321e-02   1.5431745e-01
   8.6498573e-02   1.4082204e-01
   8.5318266e-02   1.4676645e-01
   1.2641354e-03   1.2543203e-01
  -8.8194308e-02  -8.1227324e-02
  -8.0837374e-02  -8.2169893e-02
  -6.2918026e-02  -7.8455421e-02
  -5.4002091e-02  -8.4258862e-02
  -5.0570501e-02  -8.5349837e-02
  -1.3865235e-02  -1.0330320e-01
  -1.1248360e-02  -1.0188717e-01
  -7.4721074e-03  -1.0554025e-01
   6.1821080e-03  -1.1687228e-01
   1.1187949e-02  -1.0735771e-01
   3.9608613e-02  -1.1237480e-01
   4.8283707e-02  -1.1186674e-01
   7.2092277e-02  -1.0515323e-01
   1.0695258e-01  -1.0600556e-01
   1.1536105e-01  -1.0265481e-01
   1.2450232e-01  -1.0097732e-01
   1.3171099e-01  -1.0417662e-01
   1.4440107e-01  -1.0391414e-01
   1.5790522e-01  -1.0086353e-01
   1.8362147e-01  -9.3295210e-02
   2.0069169e-01  -9.2005788e-02
   2.1681423e-01  -8.8124967e-02
   2.1286312e-01  -7.8563442e-02
   2.1393706e-01  -7.4734918e-02
   2.3293553e-01  -6.5084772e-02
   2.4751533e-01  -5.3246366e-02
   2.6167639e-01  -5.3285035e-02
   2.6964244e-01  -4.3881933e-02
   2.7635073e-01  -4.1430771e-02
   2.7880445e-01  -3.5919497e-02
   2.6493159e-01  -3.2292874e-02
   2.6570757e-01  -2.4606421e-02
   2.7591866e-01  -1.8835123e-02
   2.8499586e-01  -1.4233917e-02
   2.9008052e-01  -6.4227926e-03
   2.9403584e-01  -2.3035961e-03
   3.0339571e-01  -4.6087146e-04
   2.7814342e-01   6.0411310e-03
   2.6342183e-01   1.3932443e-02
   2.6402652e-01   1.7985829e-02
   2.4955464e-01   3.5551595e-02
  -7.4810026e-02   1.2931485e-01
  -1.1070620e-01   1.2211278e-01
  -1.3933690e-01   1.2506697e-01
  -1.4945997e-01   1.2126332e-01
  -1.4284827e-01   1.2785394e-01
  -1.4806123e-01   1.1914280e-01
  -1.5703998e-01   1.0474322e-01
  -1.7852587e-01   8.8901938e-02
  -1.9702401e-01   7.1357715e-02
  -1.9641168e-01   5.5768567e-02
  -2.0360819e-01   3.1561360e-02
  -2.1566327e-01   2.0231223e-02
  -2.2241211e-01   1.1832325e-02
  -2.0632256e-01   6.4562208e-03
  -2.1010526e-01   4.9901281e-04
  -2.0895850e-01  -5.0279314e-03
  -1.9467992e-01  -1.3642430e-02
  -2.0430776e-01  -2.2447584e-02
  -2.1579189e-01  -2.4697253e-02
  -2.0873000e-01  -3.3088854e-02
  -1.9168547e-01  -3.9384885e-02
  -1.8325710e-01  -3.8809439e-02
  -1.7799292e-01  -5.0239278e-02
  -1.5460127e-01  -5.8934597e-02
  -1.4583567e-01  -7.1320031e-02
  -1.4295944e-01  -6.6640793e-02
  -1.5690492e-01  -6.9883914e-02
  -1.5599238e-01  -7.1993229e-02
  -1.5382652e-01  -8.2683342e-02
  -1.2710145e-01  -9.5503875e-02
  -8.0850331e-02  -1.1827059e-01
  -7.4713755e-02  -1.1756684e-01
  -5.1249777e-02  -1.2330764e-01
   2.2848373e-02  -1.1492381e-01
   2.6338406e-02  -1.1863010e-01
  -1.2109184e-02  -1.3245643e-01
  -2.0675278e-02  -1.2795013e-01
   5.8374804e-02  -1.1986554e-01
   1.3152395e-01  -1.3404740e-01
   1.1283957e-01  -1.1624655e-01
   1.2108436e-01  -9.9083491e-02
   1.8694264e-01  -1.0116368e-01
   1.5946682e-01  -1.4043308e-01
   7.1249379e-02  -1.0375670e-01
   1.4311549e-01  -1.0931141e-01
   1.4380011e-01  -8.2185679e-02
   1.0635146e-01  -1.0289016e-01
   7.6242596e-02  -7.8990333e-02
   2.5729668e-01   9.5787123e-02
   2.1627418e-01   1.2008815e-01
   2.1482930e-01   1.1396762e-01
   2.1756569e-01   1.1687800e-01
   1.8869522e-01   1.2838739e-01
   1.5905062e-01   1.2213490e-01
   1.3257542e-01   1.2411877e-01
   1.1953886e-01   1.3072711e-01
   1.0658131e-01   1.3164796e-01
   7.4441009e-02   1.2789428e-01
   6.6862148e-02   1.2199315e-01
   8.5688036e-02   1.2794747e-01
   8.6526421e-02   1.2441263e-01
   7.0394638e-02   1.1471538e-01
   6.3452904e-02   1.1528468e-01
   2.9187534e-02   1.2591488e-01
   5.0647225e-03   1.2829612e-01
  -1.2708988e-03   1.0781533e-01
  -1.1370033e-02   1.0970966e-01
  -3.0492657e-02   1.1293584e-01
  -4.8839250e-02   1.0327416e-01
  -6.7159754e-02   9.6457280e-02
  -1.0781540e-01   1.0127231e-01
  -1.7210501e-01   1.0103499e-01
  -1.6112579e-01   8.2558271e-02
  -1.6992577e-01   8.0431931e-02
  -1.8784904e-01   8.6847003e-02
  -2.2469613e-01   8.4415456e-02
  -2.7201992e-01   7.4245538e-02
  -3.0485273e-01   6.7598087e-02
  -2.9956776e-01   5.3277603e-02
  -3.2026083e-01   3.9898914e-02
  -3.2565216e-01   3.6347861e-02
  -3.4554135e-01   3.8308456e-02
  -3.4975376e-01   2.3593894e-02
  -3.4473426e-01   9.6006289e-03
  -3.6313003e-01   1.0999372e-02
  -3.7414918e-01   4.7762920e-04
  -3.8322987e-01  -1.7106790e-02
  -3.9470047e-01  -2.5593338e-02
  -3.6739806e-01  -4.0825988e-02
  -3.5941375e-01  -4.3270500e-02
  -3.3290806e-01  -4.4230008e-02
  -3.0912000e-01  -4.2259266e-02
  -3.1959317e-01  -4.9382097e-02
  -3.3250537e-01  -5.2412671e-02
  -3.1273103e-01  -7.2788653e-02
   1.1961520e-01  -5.9194555e-02
   1.6245177e-01  -5.3263574e-02
   2.0906879e-01  -4.4746722e-02
   2.3676174e-01  -3.9279427e-02
   2.5567798e-01  -3.1491344e-02
   2.7476231e-01  -3.6682844e-02
   2.9787917e-01  -4.5037232e-02
   3.0240563e-01  -2.1717109e-02
   3.3301010e-01  -1.1640935e-02
   3.5760034e-01  -3.1188308e-03
   3.6936025e-01   2.1091206e-02
   3.7544822e-01   3.0950676e-02
   3.8822093e-01   3.6300448e-02
   4.0068284e-01   4.1031590e-02
   3.7491872e-01   4.4447315e-02
   3.8172939e-01   3.7468821e-02
   2.3428750e-01   5.5959582e-02
   5.6967822e-01   6.9431366e-02
   4.2857095e-01   4.7827872e-03
   2.7068069e-01   1.3234443e-01
   4.3222908e-01   3.3778221e-02
   3.3982156e-01   6.8778025e-02
   4.3555560e-01   7.3962895e-02
   3.9264703e-01   5.8598190e-02
   4.0645638e-01   1.1283714e-01
   3.7523247e-01   1.0861158e-01
   3.6242339e-01   1.0598755e-01
   3.5961550e-01   1.1734383e-01
   3.2741114e-01   1.1149980e-01
   3.2658508e-01   1.1371944e-01
   2.8560973e-01   1.0549630e-01
   2.6253987e-01   1.2932478e-01
   2.4398158e-01   1.1936839e-01
   2.1758417e-01   1.4198708e-01
   1.9664938e-01   1.1120664e-01
   1.4190149e-01   1.2807927e-01
   1.4748915e-01   1.5658983e-01
   1.9233534e-01   9.6621483e-02
   7.4429690e-02   1.3872858e-01
   9.8245483e-02   1.1364745e-01
   5.0910698e-02   1.1569549e-01
   8.5264026e-02   1.0808439e-01
   2.9910987e-02   8.6116925e-02
   2.0087163e-02   7.0001048e-02
   3.9196936e-02   7.2955394e-02
   1.5250114e-02   4.4861059e-02
   2.5242411e-02   7.2347195e-02
   2.9360343e-02   5.2402414e-02
  -1.8432468e-01  -1.3369290e-01
  -1.8607220e-01  -1.5026074e-01
  -2.0055399e-01  -1.6137241e-01
  -1.7072532e-01  -1.5162680e-01
  -1.3254247e-01  -1.5034879e-01
  -1.0127433e-01  -1.2251245e-01
  -8.4596173e-02  -1.1506772e-01
  -1.6331453e-02  -1.1522899e-01
  -3.2266641e-02  -1.1321444e-01
  -2.4696945e-02  -1.0659240e-01
  -6.1572532e-03  -1.0380825e-01
   6.1669555e-03  -9.0117477e-02
   1.6006714e-02  -8.1173310e-02
   4.0830580e-02  -6.8940023e-02
   6.2213237e-02  -5.9157992e-02
   8.5141978e-02  -5.2900334e-02
   9.8271689e-02  -5.1207044e-02
   1.0079423e-01  -4.3244832e-02
   1.1284865e-01  -3.2398386e-02
   1.3798904e-01  -2.8287743e-02
   1.5704558e-01  -2.2113606e-02
   1.6004879e-01  -1.5704938e-02
   1.6898311e-01  -1.6646117e-02
   1.8780326e-01  -1.2643475e-02
   2.0218350e-01  -1.1721735e-02
   2.0410624e-01   1.4104720e-03
   2.0890387e-01   1.2061124e-02
   2.1580305e-01   2.0815422e-02
   2.1824728e-01   3.2125360e-02
   2.4443411e-01   2.0594492e-02
   2.4177526e-01   1.1282791e-02
   2.7807714e-01   1.8213288e-02
   3.1183620e-01   1.7837959e-02
   3.0549836e-01   3.6286754e-02
   3.2333957e-01   3.7004681e-02
   3.2193557e-01   5.6882771e-02
   3.4658193e-01   3.3721080e-02
   3.4717324e-01   4.3133354e-02
   3.9813485e-01   4.7167630e-02
   3.7860988e-01   2.6464345e-02
   3.4825188e-01   6.4262580e-02
   4.7430067e-01  -7.5535224e-03
   3.9312735e-01   1.9578340e-02
   4.3531479e-01  -2.6605413e-03
   3.7900539e-01   5.3482839e-03
   4.4618603e-01  -2.9469512e-02
   4.2460080e-01   0.0000000e+00
   4.5438943e-01  -3.6034360e-02
  -2.1315716e-02  -6.0170497e-02
  -4.4876248e-02  -7.6769946e-02
  -5.5083923e-02  -7.2671882e-02
  -6.4432230e-02  -6.5456414e-02
  -9.7205529e-02  -6.4685400e-02
  -1.0093541e-01  -7.5032539e-02
  -1.0785545e-01  -6.8878691e-02
  -1.3508693e-01  -5.6374258e-02
  -1.6641883e-01  -5.4332631e-02
  -1.9218320e-01  -5.5145001e-02
  -2.1103354e-01  -3.6703030e-02
  -2.3393748e-01  -4.2027111e-02
  -2.2149422e-01  -5.4084258e-02
  -2.2829089e-01  -5.1433668e-02
  -2.3735510e-01  -2.6447548e-02
  -2.5234101e-01  -1.5911270e-02
  -2.8911214e-01  -1.2047993e-02
  -2.6150751e-01  -7.9131461e-03
  -2.8293625e-01  -2.0613670e-02
  -2.9574295e-01  -2.0755396e-02
  -2.8284579e-01  -1.1233119e-02
  -2.8027369e-01   1.8471780e-03
  -2.8836259e-01   2.5926988e-02
  -2.8789560e-01   1.6718147e-02
  -2.8438326e-01   2.1269309e-02
  -2.7682456e-01   3.0959257e-02
  -2.7250044e-01   2.3831206e-02
  -2.7267385e-01   2.9501866e-02
  -2.7594892e-01   4.5189572e-02
  -2.7476422e-01   5.3139208e-02
  -2.4370904e-01   5.2933447e-02
  -2.3663250e-01   7.6988095e-02
  -2.2109702e-01   8.4050775e-02
  -2.1852735e-01   7.7231756e-02
  -2.3631314e-01   7.6554899e-02
  -2.2336214e-01   7.1718308e-02
  -2.0200345e-01   7.7320634e-02
  -1.8055489e-01   7.6491010e-02
  -1.7484382e-01   9.0407836e-02
  -1.6219828e-01   9.0438992e-02
  -1.3472078e-01   1.0056579e-01
  -1.0603919e-01   8.7049044e-02
  -8.5069971e-02   8.5410766e-02
  -7.4186440e-02   8.6807251e-02
  -7.7680020e-02   8.4887299e-02
  -6.2308676e-02   7.7677477e-02
  -5.8769104e-02   8.2386758e-02
  -3.0125152e-02   9.8780320e-02
   4.4226207e-01  -4.9614660e-03
   4.2575611e-01  -1.0446286e-02
   4.2359056e-01  -1.2736293e-02
   4.2189047e-01  -2.4187712e-02
   3.8238721e-01  -1.7658666e-02
   3.7317279e-01  -2.5790241e-02
   3.1748767e-01  -2.1491090e-02
   2.8864786e-01  -3.3802854e-02
   2.5359655e-01  -5.4463833e-02
   2.2256069e-01  -5.8668456e-02
   1.8466946e-01  -6.0557659e-02
   1.5722716e-01  -5.5087309e-02
   1.2773576e-01  -5.6908412e-02
   9.7657314e-02  -5.7979260e-02
   7.7204104e-02  -5.8685221e-02
   7.3566997e-02  -6.9145048e-02
   4.9654366e-02  -7.3451693e-02
   3.1515313e-02  -8.2149196e-02
   1.8809891e-02  -8.5687394e-02
  -6.2538786e-03  -8.4478944e-02
  -3.6085150e-02  -8.4979554e-02
  -6.5800418e-02  -9.6057412e-02
  -1.3228431e-01  -9.7664211e-02
  -1.5244020e-01  -9.1440760e-02
  -1.5128950e-01  -1.0018599e-01
  -1.6842324e-01  -9.9555470e-02
  -1.8169611e-01  -9.9812125e-02
  -1.8569245e-01  -1.1308554e-01
  -2.2600028e-01  -1.1141147e-01
  -2.6240293e-01  -1.0817618e-01
  -2.5739093e-01  -1.0972995e-01
  -2.7831184e-01  -9.8236220e-02
  -3.1204587e-01  -7.9144421e-02
  -3.0827368e-01  -8.1200388e-02
  -3.4161276e-01  -7.7500036e-02
  -3.4213046e-01  -7.4092108e-02
  -2.9215986e-01  -8.8190718e-02
  -3.1494691e-01  -5.5605450e-02
  -3.0412208e-01  -3.9394776e-02
  -2.7910584e-01  -4.2312109e-02
  -2.3306957e-01  -5.0185593e-02
  -2.4103028e-01  -4.8986351e-02
  -2.6852066e-01  -2.7208669e-02
  -2.3665161e-01  -1.5525100e-02
  -2.2478820e-01   1.8906129e-03
  -2.2652940e-01   2.9413491e-02
  -2.0712188e-01   2.5632315e-02
   1.1201520e-01   1.0882011e-01
   1.0724132e-01   1.1859203e-01
   1.4542857e-01   1.0102569e-01
   1.5899783e-01   9.7854277e-02
   1.8521737e-01   7.8977259e-02
   1.9195857e-01   7.2551271e-02
   1.8019021e-01   7.0569688e-02
   1.8469566e-01   7.1282021e-02
   1.9966084e-01   5.7757285e-02
   2.0739825e-01   6.4734610e-02
   2.1269520e-01   6.4279515e-02
   2.7685021e-01   5.2631181e-02
   2.9413898e-01   3.6837121e-02
   2.0544929e-01   4.9470379e-02
   2.2194017e-01   5.3688499e-02
   2.6292923e-01   4.3372687e-02
   2.5489917e-01   5.0136430e-02
   2.2417154e-01   6.2015764e-02
   2.6376098e-01   5.4193934e-02
   2.6246335e-01   6.2880056e-02
   2.7226295e-01   4.0487031e-02
   2.5130514e-01   4.9503841e-02
   2.5121119e-01   2.9040860e-02
   2.3010275e-01   2.9843187e-02
   2.6399678e-01   1.0236519e-02
   2.5027913e-01   1.8669112e-02
   2.5924936e-01   2.3443560e-02
   2.6822504e-01   1.1811710e-02
   2.6064335e-01   7.6068319e-03
   2.5991881e-01  -4.7644634e-04
   2.5608808e-01  -2.9137199e-02
   2.2751832e-01  -2.9073857e-02
   2.1180573e-01  -3.2816751e-02
   1.7926038e-01  -4.7187242e-02
   1.4935177e-01  -4.2329622e-02
   1.2454441e-01  -4.9498443e-02
   1.0025524e-01  -5.5840015e-02
   8.2613430e-02  -6.1865050e-02
   6.8034342e-02  -8.6484861e-02
   5.4232874e-02  -8.9128089e-02
   4.9163791e-02  -9.5634024e-02
   2.9945786e-02  -1.0572371e-01
   9.8439168e-03  -1.1223525e-01
   0.0000000e+00  -1.1223881e-01
   6.0196713e-03  -1.2658671e-01
  -2.2911192e-02  -1.2728628e-01
  -1.4491695e-02  -1.3564264e-01
  -1.5825062e-02  -1.4096713e-01
