  -2.8944622e-02   1.0463685e-01
  -3.8479095e-02   1.0613510e-01
  -3.2143306e-02   1.0620560e-01
  -2.7312989e-02   9.8658857e-02
  -2.4890564e-02   8.9952209e-02
  -1.9984112e-02   7.9910073e-02
  -1.7608276e-02   6.7193415e-02
  -1.3880729e-02   6.2521253e-02
  -1.8973275e-02   5.2899837e-02
  -1.5189578e-02   4.4681461e-02
  -8.8331386e-03   3.3465322e-02
  -1.0153656e-02   2.7386509e-02
  -1.1416855e-02   2.3039067e-02
  -5.0667702e-03   1.6766333e-02
   1.2785145e-03   1.2567969e-02
   7.6731557e-03   5.8004983e-03
   1.5424817e-02  -2.9147648e-03
   1.4167126e-02  -6.3282066e-03
   1.5461758e-02  -1.7541845e-02
   1.2924108e-02  -1.7595829e-02
   2.8402641e-02  -2.8343194e-02
   2.9905856e-02  -3.5965333e-02
   4.5190199e-02  -5.1500774e-02
   3.4936780e-02  -5.9607492e-02
   2.8219098e-02  -6.5549268e-02
   2.0429716e-02  -7.7219893e-02
   2.1746254e-02  -7.7865836e-02
   3.8165606e-02  -8.4924854e-02
   3.5723974e-02  -8.8217246e-02
   3.7227288e-02  -8.8265019e-02
   4.8574518e-02  -9.6517948e-02
   6.2407929e-02  -1.0276262e-01
   5.6328141e-02  -1.1416712e-01
   4.8321882e-02  -1.2474234e-01
   5.4167940e-02  -1.3314929e-01
   4.4314269e-02  -1.3891947e-01
   3.9293735e-02  -1.4329565e-01
   3.9250022e-02  -1.4523207e-01
   3.9275308e-02  -1.4586322e-01
   4.4009578e-02  -1.4573946e-01
   4.8733529e-02  -1.4465340e-01
   4.4952102e-02  -1.4947647e-01
   4.2555374e-02  -1.5651912e-01
   3.2581635e-02  -1.6379525e-01
   2.5277339e-02  -1.6928893e-01
   1.9214874e-02  -1.6509887e-01
   2.2663482e-02  -1.7242409e-01
   1.9106624e-02  -1.7373776e-01
   9.5855157e-03  -1.8211314e-01
   1.6785802e-02  -1.8837858e-01
   2.0708211e-02  -6.2643124e-02
   3.3634307e-02  -6.0594431e-02
   2.4411214e-02  -5.5223880e-02
   2.2931832e-02  -5.2302170e-02
   2.4193470e-02  -3.9590354e-02
   7.6221154e-03  -1.8257929e-02
   2.2849720e-02  -1.4397668e-02
   2.4251060e-02  -1.9292965e-03
   2.5731168e-03   7.7811390e-03
   2.6723326e-02   1.4425664e-03
   3.8260553e-03   1.9296395e-02
  -6.4105810e-03   1.5999796e-02
   0.0000000e+00   2.4217962e-02
   3.8224317e-03   2.8462182e-02
   1.2825666e-02   3.2063135e-02
   2.4422664e-02   4.3406543e-02
  -1.2835717e-03   5.9144572e-02
  -2.5453892e-03   5.6669915e-02
  -1.6495622e-02   7.7726065e-02
  -1.7798832e-02   7.4886084e-02
  -1.7928052e-02   8.6548473e-02
  -1.2692019e-02   9.1307585e-02
  -2.0553783e-02   9.4502609e-02
  -8.9203945e-03   1.0398089e-01
   2.5404446e-03   9.9529925e-02
  -8.8386857e-03   1.0862109e-01
  -1.8832130e-02   1.1000755e-01
  -3.1353533e-02   1.1448090e-01
  -2.9863988e-02   1.2433579e-01
  -2.4747580e-02   1.3871386e-01
  -1.2360485e-02   1.4599448e-01
  -2.7251443e-02   1.5438701e-01
  -9.9158530e-03   1.5507170e-01
  -1.1192824e-02   1.5292254e-01
  -9.8834742e-03   1.4858977e-01
  -1.7209391e-02   1.5526401e-01
  -2.4493732e-02   1.5300509e-01
  -2.5541455e-02   1.5931842e-01
  -1.9349047e-02   1.7293279e-01
  -2.4019603e-02   1.7869217e-01
  -2.9839461e-02   1.8181197e-01
  -2.3858423e-02   1.8837738e-01
  -1.1988448e-02   1.8277855e-01
  -9.5823049e-03   1.8259748e-01
  -1.7911146e-02   1.8414818e-01
  -2.1437353e-02   1.7919013e-01
  -3.4119159e-02   1.9364503e-01
  -2.8432316e-02   1.9242644e-01
  -2.6075859e-02   1.9591957e-01
  -2.9544652e-02   1.9579750e-01
  -2.5827243e-03  -1.4649003e-02
  -9.1001845e-03  -2.0655206e-02
   2.5808517e-03  -2.3438405e-02
   6.4046568e-03  -4.5713699e-02
   6.4034192e-03  -4.6686331e-02
   6.3705591e-03  -5.6241707e-02
   1.3991002e-02  -6.3026413e-02
   2.0306906e-02  -1.0147777e-01
   3.7647560e-03  -1.1099340e-01
   1.0009731e-02  -1.1938693e-01
   7.5252772e-03  -1.2073094e-01
   1.2585829e-03  -1.2799993e-01
   0.0000000e+00  -1.2442623e-01
   3.7487038e-03  -1.3385024e-01
   1.2461309e-02  -1.4783615e-01
   1.1127652e-02  -1.5410390e-01
   1.2319303e-02  -1.5999164e-01
   1.9572720e-02  -1.6144207e-01
   1.8320611e-02  -1.6551481e-01
   1.4652620e-02  -1.6274934e-01
   1.5881631e-02  -1.6830327e-01
   1.4679029e-02  -1.7408520e-01
   1.9589776e-02  -1.7425346e-01
   2.1920810e-02  -1.8212281e-01
   1.4648470e-02  -1.7869416e-01
   2.0544535e-02  -1.8726493e-01
   1.3293926e-02  -1.9012101e-01
   1.9217005e-02  -1.9727422e-01
   1.9315371e-02  -1.9730118e-01
   2.4304217e-02  -2.0232397e-01
   3.1871859e-02  -1.9613231e-01
   4.2473215e-02  -2.0131841e-01
   4.0835168e-02  -2.0820204e-01
   4.0754624e-02  -2.0537799e-01
   3.8285925e-02  -2.0378018e-01
   3.7142749e-02  -1.9493344e-01
   4.4525885e-02  -1.8737494e-01
   4.2258923e-02  -1.7970385e-01
   4.1046351e-02  -1.7691634e-01
   3.6262993e-02  -1.6896397e-01
   3.1392542e-02  -1.6605990e-01
   3.7555153e-02  -1.6395222e-01
   3.6509765e-02  -1.5831295e-01
   3.0685281e-02  -1.5929666e-01
  -1.1470811e-02   5.0371283e-02
   0.0000000e+00   6.1748744e-02
  -7.6379704e-03   7.3994573e-02
  -6.4193932e-03   7.9179289e-02
  -2.5724200e-03   8.2877523e-02
   5.1660788e-03   8.5784392e-02
   1.0281184e-02   8.2297019e-02
   5.0951936e-03   8.7094077e-02
  -2.5216561e-03   9.2699507e-02
  -1.1243744e-02   1.0285293e-01
  -8.6306531e-03   1.2059764e-01
  -1.5906769e-02   1.3342873e-01
  -1.8340817e-02   1.4374246e-01
  -1.2230584e-02   1.4326915e-01
  -2.2119026e-02   1.4557751e-01
  -2.0967837e-02   1.4617113e-01
  -1.3576185e-02   1.4682009e-01
  -1.9834928e-02   1.4967322e-01
  -2.4562224e-02   1.5508992e-01
  -2.8161494e-02   1.5833248e-01
  -1.3382914e-02   1.6047494e-01
  -2.0419666e-02   1.6944377e-01
  -2.8481491e-02   1.7410553e-01
  -2.4786149e-02   1.8497946e-01
  -2.5874519e-02   1.9415891e-01
  -1.8853218e-02   1.9572635e-01
  -1.4175714e-02   1.9913954e-01
  -1.1873178e-02   1.9635362e-01
  -1.6739199e-02   1.9227271e-01
  -1.4354910e-02   1.8732696e-01
  -1.5577676e-02   1.8489808e-01
  -2.0362398e-02   1.8257657e-01
  -3.3626977e-02   1.8308439e-01
  -2.7686967e-02   1.7970840e-01
  -3.3918916e-02   1.7487352e-01
  -3.8760261e-02   1.7043694e-01
  -3.4074529e-02   1.6479692e-01
  -4.0270739e-02   1.6039670e-01
  -3.8047723e-02   1.5440071e-01
  -3.1915778e-02   1.4909818e-01
  -3.3065293e-02   1.4447832e-01
  -3.7956373e-02   1.4127818e-01
  -5.1487806e-02   1.3722744e-01
  -4.9105969e-02   1.3277182e-01
  -4.4424082e-02   1.2679141e-01
  -3.9655047e-02   1.1200657e-01
  -3.9606957e-02   1.0581432e-01
  -3.9751297e-02   9.7195956e-02
  -4.5022599e-02   9.5359417e-02
  -5.9262452e-02   8.7086775e-02
   9.8634176e-03  -1.3610051e-01
   8.6002493e-03  -1.4239806e-01
   0.0000000e+00  -1.5170732e-01
   1.2210652e-03  -1.6113582e-01
   3.6541539e-03  -1.6502966e-01
   4.8514911e-03  -1.7463270e-01
   6.0463989e-03  -1.7902208e-01
   4.8598646e-03  -1.8110278e-01
   0.0000000e+00  -1.8598150e-01
  -4.8230437e-03  -1.9475246e-01
   0.0000000e+00  -1.9758938e-01
  -1.8051156e-02  -1.9600556e-01
  -1.8012624e-02  -2.1121431e-01
  -1.6914190e-02  -2.1275578e-01
  -1.2015826e-02  -2.1975917e-01
  -2.3892819e-03  -2.2184408e-01
  -1.3050878e-02  -2.1879508e-01
  -8.2591076e-03  -2.1675289e-01
  -1.4209613e-02  -2.1473361e-01
  -1.5461838e-02  -2.0765520e-01
  -8.4061919e-03  -2.0303377e-01
  -6.0285737e-03  -1.9761547e-01
   2.4068208e-03  -1.9602825e-01
  -2.4162298e-03  -1.9062396e-01
  -1.2127412e-03  -1.8521996e-01
   0.0000000e+00  -1.8215385e-01
  -3.6765975e-03  -1.7894868e-01
   0.0000000e+00  -1.6976215e-01
   2.4934708e-03  -1.6715141e-01
   0.0000000e+00  -1.6501567e-01
   3.8006997e-03  -1.5831854e-01
   1.1481090e-02  -1.5391711e-01
   1.0308141e-02  -1.4776537e-01
   1.6800088e-02  -1.4266157e-01
   2.0643234e-02  -1.3415811e-01
   1.4207099e-02  -1.2617453e-01
   1.1570598e-02  -1.2074624e-01
   0.0000000e+00  -1.1168563e-01
   1.2852434e-03  -1.0335398e-01
   9.0316570e-03  -9.3910578e-02
   9.1141864e-03  -8.3410899e-02
   9.1421047e-03  -7.0850515e-02
   9.1248817e-03  -6.6651096e-02
   3.1224444e-02  -5.8434092e-02
   4.1592520e-02  -5.3853359e-02
   3.2456189e-02  -4.4831231e-02
   3.6303390e-02  -4.0802885e-02
   3.3510963e-02  -3.3192868e-02
   3.2147140e-02  -2.7739564e-02
  -4.0809762e-02   2.0840067e-01
  -4.7705078e-02   2.1240600e-01
  -4.4228201e-02   2.0679745e-01
  -5.5927900e-02   2.0527358e-01
  -5.9552459e-02   2.0633790e-01
  -5.7438822e-02   2.0388630e-01
  -5.4157705e-02   2.0211769e-01
  -6.0932777e-02   2.0832680e-01
  -5.7181489e-02   1.9293771e-01
  -7.0236282e-02   1.9379096e-01
  -7.4212974e-02   1.8321394e-01
  -8.4911071e-02   1.8291918e-01
  -8.7737559e-02   1.7565406e-01
  -8.7801671e-02   1.7306771e-01
  -9.8475307e-02   1.7373579e-01
  -8.9267798e-02   1.6549270e-01
  -8.7770581e-02   1.6596942e-01
  -8.2306767e-02   1.5866678e-01
  -7.4318632e-02   1.4449987e-01
  -6.7412417e-02   1.3193234e-01
  -7.0012094e-02   1.2399494e-01
  -6.4262593e-02   1.1563924e-01
  -8.4111874e-02   1.1361098e-01
  -7.6302759e-02   9.7264624e-02
  -7.6450339e-02   9.7459788e-02
  -7.4939293e-02   8.0667072e-02
  -7.2553976e-02   7.0884932e-02
  -6.5238794e-02   6.4303933e-02
  -6.3896591e-02   5.6341126e-02
  -5.5979368e-02   4.9256804e-02
  -6.2185708e-02   4.6690519e-02
  -4.2436682e-02   2.7246408e-02
  -4.4015189e-02   3.0870051e-02
  -3.5102238e-02   2.0156223e-02
  -2.0945237e-02   8.4112269e-03
  -3.1614923e-02   6.9687950e-03
  -1.8518573e-02  -7.4992026e-03
  -2.2531625e-02  -1.0019299e-02
  -5.2585343e-03  -2.2383227e-02
  -1.3026086e-02  -3.7528878e-02
  -3.9045002e-03  -4.2468934e-02
   7.8395726e-03  -4.3635525e-02
   1.9757319e-02  -5.0046016e-02
   3.2733194e-02  -4.8729764e-02
   3.2638003e-02  -5.2598764e-02
   2.8571614e-02  -6.1345049e-02
   3.0867093e-02  -7.3748198e-02
   3.5745626e-02  -8.3720937e-02
   4.4686571e-02  -9.4365573e-02
   4.2003161e-02  -1.0430950e-01
   3.0603494e-02  -1.7140756e-01
   2.8226346e-02  -1.6913337e-01
   2.4615535e-02  -1.6307740e-01
   1.3689258e-02  -1.5521146e-01
   1.6306708e-02  -1.4890071e-01
   1.6430195e-02  -1.4303993e-01
   2.1643732e-02  -1.3547876e-01
   1.9163749e-02  -1.2898426e-01
   7.6404272e-03  -1.2322744e-01
   6.3341307e-03  -1.1262147e-01
   6.3270052e-03  -1.0835405e-01
   3.8347566e-03  -9.9156774e-02
   3.8212510e-03  -9.5214276e-02
   1.7998487e-02  -9.2526446e-02
   2.0433093e-02  -8.2764480e-02
   5.0843617e-03  -6.8917535e-02
   0.0000000e+00  -5.6899696e-02
   1.0256762e-02  -4.6245942e-02
   1.9318222e-02  -4.3986722e-02
   1.2926050e-02  -4.0692464e-02
   2.0794866e-02  -3.1995692e-02
   3.6230753e-02  -2.6438191e-02
   1.5489429e-02  -2.0507119e-02
   2.5799369e-02  -1.5606533e-02
   3.5990410e-02  -4.3707148e-03
   2.9681955e-02   6.8274035e-03
   2.9488672e-02   1.5995684e-02
   2.1691789e-02   2.4624166e-02
   1.7877655e-02   3.4351418e-02
   4.9454861e-02   5.0563661e-02
   3.1821664e-02   3.5687230e-02
  -8.9061124e-03   5.3708340e-02
   4.2075175e-02   4.3524311e-02
   2.5490589e-02   7.6569552e-02
   3.8143489e-02   6.7916183e-02
   3.7618811e-03   9.1175465e-02
   1.8829903e-02   8.8271377e-02
   1.8755552e-02   9.3389632e-02
   2.6363796e-02   1.0082580e-01
   1.6377921e-02   9.9687402e-02
   2.3836311e-02   1.0940222e-01
   2.5161097e-02   1.1435510e-01
   1.6315759e-02   1.1511191e-01
   8.7188881e-03   1.1830007e-01
   6.1773468e-03   1.2651751e-01
  -4.8911996e-03   1.4009917e-01
   0.0000000e+00   1.4409543e-01
  -2.4029661e-03   1.4985104e-01
   2.4186308e-03   1.4725070e-01
  -2.7991594e-02   4.3932903e-02
  -2.0534578e-02   3.4524339e-02
  -2.1908093e-02   2.6337533e-02
  -1.4187663e-02   1.7559878e-02
  -1.2914763e-02   1.3183448e-02
  -2.9618030e-02   1.0220344e-02
  -3.8633801e-02   9.2452146e-03
  -2.7185132e-02  -4.8918456e-03
  -3.6315940e-02  -9.3118205e-03
  -2.4813287e-02  -1.4811985e-02
  -1.2981302e-02  -2.5054982e-02
  -2.7166749e-02  -2.8401643e-02
  -2.6910196e-02  -3.7886180e-02
  -1.9135285e-02  -4.6008857e-02
  -2.9290660e-02  -5.8166123e-02
  -2.1737434e-02  -6.5843833e-02
  -1.5428769e-02  -7.4748449e-02
  -2.1931229e-02  -8.3121256e-02
  -2.2011632e-02  -9.0110471e-02
  -1.1677372e-02  -9.5495803e-02
   3.8759724e-03  -1.0078953e-01
   1.2731044e-02  -1.0852459e-01
  -3.7812564e-03  -1.1253770e-01
   6.2391300e-03  -1.2682763e-01
   1.8700166e-02  -1.3244891e-01
   1.9912747e-02  -1.3747407e-01
   9.9599036e-03  -1.4232653e-01
   2.3601486e-02  -1.4623008e-01
   1.7443012e-02  -1.4457529e-01
   2.2093403e-02  -1.5932151e-01
   3.0779321e-02  -1.6092903e-01
   4.4089701e-02  -1.6592890e-01
   4.4843156e-02  -1.8158491e-01
   3.5186695e-02  -1.7851529e-01
   4.9480976e-02  -1.8179348e-01
   4.3402699e-02  -1.8329201e-01
   3.3694659e-02  -1.8017058e-01
   3.3746206e-02  -1.8382803e-01
   2.5485046e-02  -1.8419492e-01
   2.9025228e-02  -1.8909342e-01
   2.6644468e-02  -1.9283869e-01
   3.3737882e-02  -1.9280443e-01
   2.8765881e-02  -1.9448368e-01
   2.8857051e-02  -1.9008580e-01
   3.0117796e-02  -1.8152381e-01
   3.7325518e-02  -1.8809367e-01
   3.0208080e-02  -1.7714388e-01
   3.7308821e-02  -1.7851698e-01
   3.2505874e-02  -1.7202102e-01
   1.3309900e-02  -1.6434037e-01
   1.7929902e-02   2.7633601e-02
   7.7087215e-03   4.0445950e-02
   2.5703947e-03   4.9318311e-02
   1.1576175e-02   5.4798917e-02
   7.7302067e-03   6.4359073e-02
   1.5431901e-02   5.9750623e-02
   1.2783765e-02   5.4951587e-02
   0.0000000e+00   6.4838710e-02
  -2.5232383e-03   6.6920628e-02
  -2.5297889e-03   7.4999848e-02
   2.5179140e-03   8.3058182e-02
   5.0458318e-03   8.8726549e-02
  -6.2526991e-03   1.0752638e-01
   0.0000000e+00   1.1080645e-01
  -8.6713180e-03   1.2325978e-01
  -8.6528683e-03   1.2349443e-01
  -7.3958278e-03   1.2312403e-01
  -1.5916368e-02   1.3041857e-01
  -1.4619655e-02   1.3590254e-01
  -1.4529152e-02   1.4169966e-01
  -6.0305308e-03   1.4838783e-01
   0.0000000e+00   1.5398020e-01
   4.7482421e-03   1.6617081e-01
  -2.3624963e-03   1.7217358e-01
  -5.8767459e-03   1.7816170e-01
  -1.4154690e-02   1.7725482e-01
  -1.7766712e-02   1.7699822e-01
  -1.9025600e-02   1.7561076e-01
  -2.1539934e-02   1.7359902e-01
  -1.2052396e-02   1.6577478e-01
  -1.0797920e-02   1.6816134e-01
  -1.8023020e-02   1.6896784e-01
  -1.9359292e-02   1.6594616e-01
  -2.5279519e-02   1.6606146e-01
  -2.6459603e-02   1.6589156e-01
  -2.1675453e-02   1.5598685e-01
  -2.6664372e-02   1.5020366e-01
  -2.0629621e-02   1.3582970e-01
  -3.4048154e-02   1.3198474e-01
  -2.7897906e-02   1.3113432e-01
  -3.2810167e-02   1.3138145e-01
  -3.2873538e-02   1.2960585e-01
  -2.1929695e-02   1.1855832e-01
  -3.5380700e-02   1.1971304e-01
  -2.0722766e-02   1.1111742e-01
  -2.3219598e-02   1.0543966e-01
  -3.0684823e-02   9.7485169e-02
  -3.7185954e-02   8.4640495e-02
  -3.9932436e-02   7.3441980e-02
  -3.8804735e-02   6.6356499e-02
   2.3474929e-02  -1.2443963e-01
   2.0912170e-02  -1.3470867e-01
   1.3603371e-02  -1.3235547e-01
   1.2466778e-02  -1.3245749e-01
   1.7494298e-02  -1.3754985e-01
   1.8797223e-02  -1.3797132e-01
   1.9909125e-02  -1.5028773e-01
   1.3592672e-02  -1.5671473e-01
   1.8530103e-02  -1.6047332e-01
   1.5895220e-02  -1.7011779e-01
   1.3373345e-02  -1.6794087e-01
   2.0629631e-02  -1.6921502e-01
   1.4522824e-02  -1.6871488e-01
   1.7037265e-02  -1.6484664e-01
   1.4527409e-02  -1.6823007e-01
   1.4443551e-02  -1.7695670e-01
   1.9143642e-02  -1.8124536e-01
   1.9042242e-02  -1.8455450e-01
   1.5477450e-02  -1.7968449e-01
   8.4049407e-03  -1.7757622e-01
   1.6880828e-02  -1.7731014e-01
   1.0908271e-02  -1.6954762e-01
   1.2132325e-02  -1.6646267e-01
   1.4639438e-02  -1.6096075e-01
   1.3464318e-02  -1.5723160e-01
   1.3600464e-02  -1.5410068e-01
   4.9772811e-03  -1.5030674e-01
  -1.2582024e-03  -1.4723308e-01
   2.5376360e-03  -1.4530240e-01
   1.2677138e-02  -1.4134511e-01
   1.3790156e-02  -1.3910725e-01
   1.0002748e-02  -1.3077115e-01
   1.8766132e-02  -1.2769150e-01
   1.3832226e-02  -1.1534918e-01
   1.3928714e-02  -1.1359934e-01
   1.2732503e-02  -1.0594924e-01
   2.3013541e-02  -9.6082157e-02
   1.5306074e-02  -9.6877924e-02
   1.2658139e-02  -1.0530064e-01
   2.0189194e-02  -9.8323769e-02
   1.6482423e-02  -8.8682632e-02
   2.4260668e-02  -8.0229602e-02
   2.7052063e-02  -6.4836611e-02
   3.1841677e-02  -6.1618335e-02
   1.1452647e-02  -4.8336383e-02
   3.1573414e-02  -4.6019616e-02
   2.1501574e-02  -3.7876656e-02
   2.5568774e-02  -3.3413983e-02
   3.0826432e-02  -2.8684530e-02
   2.8237208e-02  -2.6228316e-02
