  -3.3775923e-02   1.3034421e-01
  -1.6621194e-02  -2.4675301e-02
  -2.8198223e-02  -3.6428217e-02
  -3.8773048e-02  -3.5248794e-02
  -4.1438915e-02  -3.5809058e-02
  -4.9351770e-02  -4.2842150e-02
  -6.4063297e-02  -4.0113929e-02
  -4.1667151e-02  -4.5454211e-02
  -3.4981474e-02  -4.4736983e-02
  -2.5584866e-02  -6.0413944e-02
  -8.8710274e-03  -7.2167725e-02
  -1.5040898e-02  -7.5279306e-02
  -4.9894306e-03  -8.3748088e-02
  -2.4839392e-03  -8.1904601e-02
  -2.4860406e-03  -8.7880423e-02
   2.4863217e-03  -9.2841291e-02
   1.2431847e-02  -9.5324594e-02
   1.2358805e-03  -1.0470114e-01
   3.6941366e-03  -1.1282818e-01
   3.7095320e-03  -1.1028921e-01
  -1.2408398e-03  -1.1987909e-01
   4.9763139e-03  -1.1866705e-01
   3.7419322e-03  -1.2365054e-01
   6.2146878e-03  -1.3046485e-01
   6.1979070e-03  -1.2593180e-01
   2.4654989e-03  -1.3451586e-01
   4.9244947e-03  -1.3693437e-01
   4.9614817e-03  -1.2861371e-01
   8.6118105e-03  -1.3266003e-01
   1.3401246e-02  -1.3953203e-01
   1.1007526e-02  -1.4327052e-01
   1.9497719e-02  -1.4952841e-01
   2.6833945e-02  -1.4966154e-01
   2.0711493e-02  -1.5160761e-01
   3.6263355e-02  -1.5130944e-01
   3.5006390e-02  -1.5849179e-01
   3.9667780e-02  -1.6198992e-01
   3.9572813e-02  -1.6262387e-01
   3.5865134e-02  -1.6742263e-01
   3.2474896e-02  -1.5786903e-01
   2.9149812e-02  -1.5001675e-01
   2.9184774e-02  -1.4968582e-01
   3.2904218e-02  -1.5109115e-01
   3.5268427e-02  -1.5285971e-01
   3.6660893e-02  -1.5153502e-01
   3.4331218e-02  -1.5103248e-01
   3.9428855e-02  -1.4436184e-01
   4.3442002e-02  -1.3858970e-01
   3.7471243e-02  -1.3267254e-01
   3.7601164e-02  -1.3000020e-01
   4.0337077e-02  -1.2288479e-01
   1.5044569e-02   5.2429247e-02
   1.3717587e-02   5.4067952e-02
   2.4999782e-03   6.4349426e-02
  -1.2477676e-03   7.0546142e-02
   0.0000000e+00   7.8172790e-02
   2.4743070e-03   8.4510220e-02
  -8.6352812e-03   8.9642124e-02
  -3.6842905e-03   9.6094254e-02
  -6.1269636e-03   1.0376971e-01
  -4.9121393e-03   1.0102688e-01
   1.2352157e-03   1.0364174e-01
  -1.2318549e-03   1.0534255e-01
  -1.1086512e-02   1.0984634e-01
  -1.9587765e-02   1.1463375e-01
  -1.0998105e-02   1.1844920e-01
  -1.2128258e-02   1.2758270e-01
  -1.3313937e-02   1.2578572e-01
  -1.9378897e-02   1.2637480e-01
  -1.9327844e-02   1.2956026e-01
  -2.6702814e-02   1.3174272e-01
  -2.6680403e-02   1.2958357e-01
  -3.1648075e-02   1.3008574e-01
  -2.6757678e-02   1.2591073e-01
  -2.3153285e-02   1.2211701e-01
  -2.1985963e-02   1.2140922e-01
  -2.1827530e-02   1.2400413e-01
  -3.6166748e-02   1.2772451e-01
  -3.8798184e-02   1.3002391e-01
  -3.8903046e-02   1.2480397e-01
  -4.5108476e-02   1.2312834e-01
  -4.5308538e-02   1.1611228e-01
  -4.9383455e-02   1.0700674e-01
  -4.2195261e-02   9.4607122e-02
  -3.9795869e-02   9.1837619e-02
  -3.3673200e-02   8.9637728e-02
  -2.3665861e-02   8.2134577e-02
  -2.1288042e-02   7.8150569e-02
  -1.4945630e-02   7.3328137e-02
  -1.7338785e-02   6.9037768e-02
  -1.1200415e-02   6.9383384e-02
   2.4988456e-03   5.8513265e-02
   0.0000000e+00   5.5659068e-02
  -3.7727839e-03   4.7283371e-02
  -3.7828309e-03   3.8246841e-02
   7.6013350e-03   2.5893641e-02
   3.8200984e-03   2.5060127e-02
   7.6260842e-03   2.3566708e-02
   3.8343390e-03   1.7401733e-02
   2.5390049e-03   1.3439973e-02
   5.0646445e-03   3.8284840e-03
   0.0000000e+00  -1.8097561e-01
  -2.4144912e-03  -1.7702091e-01
  -2.1853037e-02  -1.7314177e-01
  -8.3564110e-03  -1.9024802e-01
  -8.4113339e-03  -1.8382516e-01
   0.0000000e+00  -1.9404255e-01
  -9.5300260e-03  -1.9598140e-01
  -9.5533879e-03  -1.9540472e-01
   0.0000000e+00  -1.8831143e-01
  -1.4389498e-02  -1.7950300e-01
  -8.3230178e-03  -1.8161716e-01
  -1.4366871e-02  -1.7589085e-01
  -1.4369144e-02  -1.7265285e-01
  -1.3227951e-02  -1.7076343e-01
  -1.5711409e-02  -1.6143203e-01
  -1.3362054e-02  -1.5484481e-01
  -4.8886216e-03  -1.5643596e-01
  -7.3903299e-03  -1.5024111e-01
  -9.9087816e-03  -1.4419073e-01
  -1.2495927e-02  -1.3755677e-01
  -6.2392926e-03  -1.3259767e-01
   0.0000000e+00  -1.3377049e-01
   0.0000000e+00  -1.2964948e-01
   5.0820205e-03  -1.2770077e-01
   3.8100972e-03  -1.2024685e-01
   1.2713961e-03  -1.1149018e-01
   2.5574502e-03  -1.0074053e-01
   1.6758934e-02  -9.0735620e-02
   1.4188328e-02  -8.3623489e-02
   1.0353460e-02  -8.2892717e-02
   2.3256641e-02  -7.8666869e-02
   2.1919765e-02  -7.5466386e-02
   1.2868999e-02  -6.4781890e-02
   1.0291749e-02  -5.8283772e-02
   1.1552924e-02  -5.4687433e-02
   1.9468069e-02  -4.6318943e-02
   2.7137579e-02  -4.2155778e-02
   1.9473968e-02  -3.2455184e-02
   2.3464612e-02  -2.4168527e-02
   3.2643453e-02  -1.7278237e-02
   2.3491172e-02  -7.8917638e-03
   2.3586308e-02  -9.9054119e-03
   2.8832606e-02  -4.4570558e-03
   4.4604011e-02  -5.9467461e-03
   4.0587090e-02  -2.4729642e-03
   4.5169406e-02  -5.8499591e-03
   1.4029973e-02   1.8330538e-02
   2.3933946e-02   2.3352348e-02
   7.5134485e-03   4.3722001e-02
  -3.9429642e-02   1.5406831e-01
  -4.0707564e-02   1.5231745e-01
  -5.6786667e-02   1.4175076e-01
  -5.9171104e-02   1.4268865e-01
  -5.8103117e-02   1.3481813e-01
  -6.3099749e-02   1.3207448e-01
  -6.7122360e-02   1.2876255e-01
  -6.9815966e-02   1.2362563e-01
  -6.2405302e-02   1.1343963e-01
  -5.8756524e-02   1.1049868e-01
  -5.5299455e-02   1.0846340e-01
  -5.0162357e-02   1.0947541e-01
  -5.5543267e-02   1.0295868e-01
  -4.5891539e-02   9.8517238e-02
  -4.6052253e-02   8.6952926e-02
  -5.2881444e-02   7.3595709e-02
  -4.2876036e-02   6.4892212e-02
  -4.1942203e-02   6.1963637e-02
  -3.3315740e-02   5.3585396e-02
  -3.7233241e-02   4.9246910e-02
  -5.1247552e-02   3.2491131e-02
  -7.0612315e-02   3.2047546e-02
  -5.5172285e-02   1.9395226e-02
  -5.6530884e-02   1.5045816e-02
  -4.5075202e-02   7.7841441e-03
  -4.1004990e-02   6.7774968e-03
  -4.8796540e-02   1.4549426e-03
  -4.3305660e-02  -6.7363047e-03
  -3.3309282e-02  -1.2104815e-02
  -2.3064931e-02  -2.2784113e-02
  -2.6977888e-02  -2.7227880e-02
  -1.6719367e-02  -2.6285748e-02
  -1.5413445e-02  -4.1905520e-02
  -2.5733585e-02  -5.3322253e-02
  -2.1700685e-02  -6.8213192e-02
  -1.2795283e-02  -7.3879954e-02
  -5.1038550e-03  -6.9684705e-02
  -3.8357009e-03  -7.9346567e-02
  -8.9405814e-03  -8.5309362e-02
   1.0231538e-02  -8.9996977e-02
   1.1490496e-02  -9.1869183e-02
   1.6493844e-02  -9.4818576e-02
   1.5198224e-02  -9.4139341e-02
   1.6340209e-02  -9.5410560e-02
   1.6238599e-02  -1.0081552e-01
   1.8843099e-02  -9.6860752e-02
   2.8795338e-02  -1.0255308e-01
   3.1048156e-02  -1.1381333e-01
   2.5934158e-02  -1.2334608e-01
   2.7169118e-02  -1.2334341e-01
   1.0052466e-02  -1.2514919e-01
   0.0000000e+00  -1.0819672e-01
   1.2671868e-02  -1.0747904e-01
   6.3773891e-03  -9.9444846e-02
   3.8219950e-03  -9.4723481e-02
   2.5718186e-03  -8.6419570e-02
   5.1776820e-03  -7.9338166e-02
   2.5917018e-03  -6.9278203e-02
   0.0000000e+00  -6.4558522e-02
   1.2888832e-02  -6.2883093e-02
  -5.1346330e-03  -5.4689273e-02
  -5.1400104e-03  -3.9471756e-02
  -6.4864405e-03  -3.0460195e-02
  -9.1685546e-03  -2.7767869e-02
   1.3170703e-03  -3.2931375e-02
   2.6297660e-03  -2.9875454e-02
   0.0000000e+00  -2.6611910e-02
  -5.1522226e-03  -2.1441448e-02
  -1.1566214e-02  -1.0202006e-02
  -3.8640656e-03  -1.9472527e-03
  -1.2892863e-03   4.3857845e-03
  -1.2954268e-03   1.3224483e-02
   1.2920978e-03   2.0529521e-02
  -5.1161324e-03   3.0030028e-02
  -2.0361233e-02   3.7140927e-02
  -8.9381815e-03   3.4837842e-02
   5.0754848e-03   3.6552813e-02
   1.2509377e-03   4.8950471e-02
  -1.3751672e-02   5.6131451e-02
   1.2543842e-03   6.6041842e-02
  -5.0477320e-03   7.2843632e-02
   1.2690961e-03   7.7246924e-02
   2.5191843e-03   7.8633007e-02
  -2.1030103e-02   8.7433160e-02
  -2.4725913e-02   9.4267161e-02
  -1.7343634e-02   1.0144575e-01
  -4.9886463e-03   1.0216785e-01
   4.9840678e-03   1.0661220e-01
   3.7326760e-03   1.1203168e-01
  -1.2423112e-02   1.1951006e-01
  -6.1800816e-03   1.2761168e-01
  -6.1796631e-03   1.2967577e-01
  -2.2106829e-02   1.3395403e-01
  -1.7178544e-02   1.3747383e-01
  -8.5391997e-03   1.4077732e-01
  -1.4571828e-02   1.4528427e-01
  -1.6940026e-02   1.5629725e-01
  -2.4062829e-03   1.5904160e-01
   0.0000000e+00   1.6654038e-01
   1.0802023e-02   1.6446888e-01
  -1.9090735e-02   2.9394257e-02
  -1.6586097e-02   2.5591373e-02
  -1.9084287e-02   2.3588103e-02
  -2.4218206e-02   2.5080855e-02
  -2.1734746e-02   1.2566134e-02
  -2.5601509e-02   7.7403625e-03
  -2.8193514e-02  -1.9369597e-03
  -3.5991608e-02  -1.9425399e-03
  -2.9549282e-02  -1.5542348e-02
  -3.1962862e-02  -1.2563995e-02
  -2.6805915e-02  -2.0759955e-02
  -2.4363734e-02  -3.3516070e-02
  -2.0656445e-02  -3.5713905e-02
  -7.7407293e-03  -5.0499562e-02
  -2.5837650e-02  -5.3540472e-02
  -2.5898716e-02  -6.0665500e-02
  -2.0744611e-02  -6.3760654e-02
  -2.7236188e-02  -6.6293744e-02
  -3.1010956e-02  -6.8550578e-02
  -2.6934585e-02  -7.9081018e-02
  -2.5537700e-02  -8.8815786e-02
  -1.6550416e-02  -8.8554916e-02
  -8.8622118e-03  -9.5119544e-02
  -1.5192363e-02  -9.5114879e-02
  -1.1365210e-02  -9.8919729e-02
  -1.2516082e-02  -1.0558494e-01
  -1.7514377e-02  -1.1113143e-01
  -1.3684607e-02  -1.1660573e-01
  -6.1997885e-03  -1.3117241e-01
  -1.1203514e-02  -1.2754033e-01
   0.0000000e+00  -1.3672431e-01
   1.2367076e-03  -1.3971595e-01
   2.4725760e-03  -1.4390214e-01
   8.5253710e-03  -1.5050884e-01
   9.7180973e-03  -1.5645369e-01
   1.4542064e-02  -1.5709703e-01
   1.4567367e-02  -1.6711318e-01
   1.7020621e-02  -1.6793439e-01
   1.6928075e-02  -1.6854020e-01
   1.6831862e-02  -1.7562767e-01
   2.1591380e-02  -1.7900279e-01
   3.0014587e-02  -1.7915592e-01
   4.0734218e-02  -1.7923032e-01
   4.0647314e-02  -1.7496863e-01
   4.1846124e-02  -1.7334710e-01
   4.4361212e-02  -1.7062426e-01
   4.4164743e-02  -1.6977485e-01
   4.5486523e-02  -1.6386673e-01
   4.7996324e-02  -1.6003241e-01
   4.1101745e-02  -1.5447074e-01
  -1.1379333e-02   2.5841432e-02
  -1.1288945e-02   2.6111725e-02
  -1.8783621e-02   4.3717951e-02
  -8.8317524e-03   4.0676975e-02
  -1.1436566e-02   5.0219270e-02
   1.2784964e-03   5.0040460e-02
   8.9287635e-03   5.1392655e-02
   0.0000000e+00   5.1670020e-02
  -8.7802565e-03   5.8744844e-02
  -1.3686656e-02   6.3079278e-02
  -7.4699385e-03   7.1356518e-02
  -1.2399731e-02   8.9131653e-02
  -6.1754973e-03   9.9144756e-02
   1.2388310e-03   1.0145558e-01
   8.7357561e-03   9.8212223e-02
   6.2493795e-03   9.9375630e-02
  -3.7252088e-03   9.3226675e-02
  -9.8733281e-03   9.8568324e-02
  -1.5945299e-02   1.0834746e-01
  -2.3259314e-02   1.1261374e-01
  -1.7052499e-02   1.1903999e-01
  -3.6515214e-03   1.2249204e-01
  -2.4445281e-03   1.2405542e-01
  -1.2106108e-03   1.3293762e-01
  -7.2334018e-03   1.3335728e-01
  -1.8043106e-02   1.3200925e-01
  -1.1995869e-02   1.3162934e-01
  -1.3269993e-02   1.3395662e-01
  -7.2533083e-03   1.2815540e-01
  -8.4389688e-03   1.3335643e-01
  -1.4447679e-02   1.3214419e-01
  -1.6859861e-02   1.3166894e-01
  -1.5568732e-02   1.3290510e-01
  -2.1703961e-02   1.2930128e-01
  -2.4058273e-02   1.2243995e-01
  -2.4163916e-02   1.2150751e-01
  -1.8168013e-02   1.1434058e-01
  -2.6682933e-02   1.1349661e-01
  -2.7950106e-02   1.0925578e-01
  -3.1464962e-02   1.0975928e-01
  -2.7995242e-02   1.0105174e-01
  -2.7995242e-02   1.0105174e-01
  -2.5658183e-02   9.8996620e-02
  -2.4561937e-02   9.6075988e-02
  -1.8474000e-02   9.6369216e-02
  -3.4702593e-02   9.5485337e-02
  -3.6139362e-02   8.0682835e-02
  -4.8907934e-02   7.6741660e-02
  -4.5233883e-02   7.0514322e-02
  -4.5398156e-02   6.4887658e-02
  -1.9946268e-02  -1.2668380e-01
  -1.8675573e-02  -1.3489261e-01
  -2.5004530e-02  -1.3284256e-01
  -1.1137743e-02  -1.4033932e-01
  -1.4879769e-02  -1.4222971e-01
  -1.4766991e-02  -1.5008023e-01
  -1.2311728e-02  -1.6097318e-01
  -1.2266347e-03  -1.6359175e-01
  -3.6586934e-03  -1.6308241e-01
  -9.7418791e-03  -1.6064186e-01
  -1.3358125e-02  -1.5532719e-01
  -1.4573060e-02  -1.6014957e-01
  -8.4743220e-03  -1.6823822e-01
  -1.3364138e-02  -1.7054774e-01
  -1.2116815e-02  -1.7608847e-01
  -7.2998419e-03  -1.7303139e-01
  -7.2896735e-03  -1.7663278e-01
  -9.7360715e-03  -1.7864433e-01
  -6.1096540e-03  -1.7722844e-01
   0.0000000e+00  -1.7834186e-01
  -8.5705271e-03  -1.7427243e-01
  -1.2209405e-02  -1.7538488e-01
  -7.3748455e-03  -1.6836604e-01
  -2.4576960e-03  -1.6556772e-01
  -1.1070069e-02  -1.6408720e-01
  -6.1389230e-03  -1.5885741e-01
  -8.6184651e-03  -1.4750135e-01
  -8.6110752e-03  -1.4896176e-01
  -2.4878860e-03  -1.4380338e-01
   0.0000000e+00  -1.4788127e-01
  -1.2462815e-03  -1.4409829e-01
   0.0000000e+00  -1.3883077e-01
   2.5045449e-03  -1.3363329e-01
   0.0000000e+00  -1.2517454e-01
   0.0000000e+00  -1.2159346e-01
  -1.2635965e-03  -1.2012301e-01
  -1.2744576e-03  -1.1073115e-01
   8.9687506e-03  -1.0094583e-01
   8.9813880e-03  -9.2343284e-02
   1.0206850e-02  -8.8250373e-02
  -5.0760574e-03  -8.6253096e-02
   5.0520985e-03  -8.5332637e-02
   2.5276885e-03  -7.4440937e-02
   8.9145264e-03  -6.2121801e-02
   1.5445265e-02  -5.1861563e-02
   2.3179709e-02  -4.4473181e-02
   1.6825194e-02  -3.9260335e-02
   1.6733083e-02  -4.1501966e-02
   2.5588176e-03  -4.1253707e-02
   0.0000000e+00  -3.1515152e-02
   1.2797050e-03  -2.5671026e-02
  -3.7147296e-02   1.4416923e-01
  -4.0470736e-02   1.4721236e-01
  -3.9147287e-02   1.5130199e-01
  -3.3383329e-02   1.5112372e-01
  -2.6549605e-02   1.4220604e-01
  -2.9093693e-02   1.3771660e-01
  -4.4012841e-02   1.3117285e-01
  -4.8919253e-02   1.2863155e-01
  -3.9095344e-02   1.1886987e-01
  -4.2888446e-02   1.1469279e-01
  -4.5425568e-02   1.0839097e-01
  -4.7800998e-02   1.0769438e-01
  -4.9009801e-02   1.1064593e-01
  -4.4248990e-02   1.0802637e-01
  -4.5655197e-02   9.8980960e-02
  -4.9400428e-02   8.9188381e-02
  -5.3404974e-02   7.8897664e-02
  -5.2551928e-02   7.1172812e-02
  -4.9023507e-02   6.5644502e-02
  -5.3907290e-02   6.4482720e-02
  -5.6631255e-02   5.7427146e-02
  -5.8133469e-02   5.2316940e-02
  -6.3410275e-02   5.0057446e-02
  -5.8282470e-02   3.9357698e-02
  -4.9613421e-02   3.2745990e-02
  -6.1438566e-02   2.3705811e-02
  -5.9056456e-02   1.0181107e-02
  -6.1762125e-02   2.4287405e-03
  -5.9173399e-02  -1.1173282e-02
  -6.5879088e-02  -8.7776145e-03
  -5.3975663e-02  -1.0193223e-02
  -6.1404177e-02  -1.8848915e-02
  -5.4716115e-02  -2.2125870e-02
  -4.8093882e-02  -2.5849681e-02
  -4.4407101e-02  -3.7011315e-02
  -4.8383900e-02  -4.5404833e-02
  -4.5873543e-02  -5.1308235e-02
  -4.7237583e-02  -6.0261623e-02
  -4.7129237e-02  -6.5055612e-02
  -4.2056528e-02  -6.3122694e-02
  -3.3084960e-02  -6.5012927e-02
  -3.4058575e-02  -7.7235094e-02
  -3.7793974e-02  -8.1089837e-02
  -3.0215963e-02  -8.8522484e-02
   3.3170093e-02  -1.6271648e-01
   4.1566816e-02  -1.5909408e-01
   4.7853308e-02  -1.4631076e-01
   4.2817650e-02  -1.4797244e-01
   3.6923875e-02  -1.3735656e-01
   4.0692082e-02  -1.3762054e-01
   3.4837774e-02  -1.2846748e-01
   3.8599579e-02  -1.2699607e-01
   3.2656195e-02  -1.1775914e-01
   3.6441331e-02  -1.1677190e-01
   3.1592900e-02  -1.1126097e-01
   4.0514337e-02  -1.0938931e-01
   3.7884426e-02  -1.0601978e-01
   3.6916987e-02  -9.6644638e-02
   3.5554721e-02  -8.7281744e-02
   3.0760429e-02  -7.4992791e-02
   2.8215228e-02  -6.6038442e-02
   2.8241751e-02  -6.2614226e-02
   2.3115533e-02  -5.7179804e-02
   1.9295377e-02  -4.9851618e-02
   6.4515698e-03  -3.9143222e-02
   2.5794407e-03  -3.5682207e-02
  -1.2864554e-03  -3.2162420e-02
  -3.8671595e-03  -2.3902328e-02
   1.2877477e-03  -2.3878160e-02
  -3.8743187e-03  -1.3672368e-02
   0.0000000e+00  -3.8984772e-03
  -1.2815332e-03   4.8435899e-04
  -2.5552027e-03   4.8289641e-03
  -5.0846546e-03   6.2461962e-03
   1.0198747e-02   9.6382433e-03
   2.5481467e-03   1.9277070e-02
   8.8696144e-03   2.4454947e-02
   1.2689668e-03   3.6072126e-02
   2.5252102e-03   4.2155605e-02
  -1.2568339e-03   4.5328009e-02
  -1.2552416e-02   4.6710706e-02
  -1.6387317e-02   5.0295168e-02
  -1.6385727e-02   5.5140205e-02
  -2.5297186e-02   6.1192484e-02
  -1.2606945e-02   7.2767417e-02
  -7.5697634e-03   7.6779285e-02
  -1.3821762e-02   7.9914895e-02
  -3.1327835e-02   8.7595334e-02
  -3.4970319e-02   9.6250916e-02
  -3.7522962e-02   1.0243061e-01
  -3.7494824e-02   1.1097936e-01
  -3.2615134e-02   1.1399075e-01
  -3.2593946e-02   1.1959195e-01
  -2.8579886e-02   1.2105721e-01
  -4.2111521e-02   1.2937827e-01
