   1.2029002e-01  -1.1122382e-01
   1.7299766e-01  -1.1543603e-01
   1.9970128e-01  -1.1774868e-01
   2.0860844e-01  -1.1453589e-01
   1.8258352e-01  -1.0266634e-01
   2.1127850e-01  -1.0353906e-01
   2.5412399e-01  -1.2130779e-01
   2.5404011e-01  -1.1366205e-01
   2.5587768e-01  -1.2090869e-01
   2.7072452e-01  -1.0922162e-01
   2.8248348e-01  -1.0233585e-01
   3.0509038e-01  -1.0497233e-01
   2.7035904e-01  -7.7241196e-02
   3.6227739e-01  -9.9826688e-02
   3.5895270e-01  -6.3300276e-02
   3.2320279e-01  -4.6642980e-02
   3.1053685e-01  -5.6002924e-02
   3.4847836e-01  -4.6823320e-02
   3.7552336e-01  -3.3763399e-02
   3.8604697e-01  -3.1650321e-02
   3.6144472e-01  -1.9447061e-02
   3.6972938e-01  -1.9182461e-02
   3.5168692e-01  -7.3208592e-03
   3.4727474e-01  -9.1412073e-04
   3.4685856e-01  -9.5894596e-03
   3.4084123e-01  -4.1474550e-03
   3.6014765e-01  -1.3784797e-03
   3.5588464e-01   9.2530346e-03
   3.5673999e-01   1.2476769e-02
   3.2754203e-01   3.1074494e-02
   3.1172608e-01   3.1568665e-02
   3.1757924e-01   4.0182221e-02
   3.1550845e-01   3.8085900e-02
   3.3065587e-01   5.8611808e-02
   3.3820104e-01   6.1808307e-02
   3.1446672e-01   7.7282736e-02
   3.2698389e-01   6.7084781e-02
   2.7116746e-01   8.8260962e-02
   3.1674649e-01   9.4912790e-02
   3.0399836e-01   9.9070689e-02
   3.0360940e-01   1.1831200e-01
   2.7611756e-01   1.0138439e-01
   2.3381992e-01   1.4084392e-01
   2.4041833e-01   1.0961050e-01
   2.0650811e-01   1.3811424e-01
   2.1999040e-01   1.0406382e-01
   1.7159467e-01   1.4657487e-01
   1.9115831e-01   1.0374597e-01
   9.9618820e-02   1.2784242e-01
   1.2006996e-01   1.2114994e-01
   8.1279730e-02   1.4861516e-01
   8.8707692e-02   1.1831771e-01
   5.5201859e-02   1.8838352e-01
   1.1476731e-01   1.0670406e-01
   2.5021898e-02   1.6329451e-01
   4.3008715e-02   1.2808629e-01
  -1.2565798e-03   1.6300932e-01
   3.7296494e-02   1.2824265e-01
  -2.6628213e-02   1.5342195e-01
  -1.5140461e-02   1.2516504e-01
  -6.6897411e-02   1.3778699e-01
  -5.2209586e-02   1.2311897e-01
  -6.8320697e-02   1.2358302e-01
  -8.7554452e-02   1.1716290e-01
  -9.4212735e-02   1.0978818e-01
  -1.3352562e-01   1.1367170e-01
  -1.5806370e-01   1.1018309e-01
  -1.6466910e-01   1.0132645e-01
  -1.9991418e-01   9.7571472e-02
  -1.9957906e-01   7.2891940e-02
  -2.2234491e-01   6.4857872e-02
  -2.5498974e-01   3.8601444e-02
  -2.9139081e-01   4.0273666e-02
  -2.9850071e-01   3.0407582e-02
  -3.0544200e-01   2.0644749e-02
  -3.3320588e-01   1.1558758e-02
  -3.4044815e-01  -8.6389763e-03
  -3.3904022e-01  -3.1136158e-02
  -3.3571792e-01  -3.7825366e-02
  -3.4007032e-01  -5.2235128e-02
  -3.4227340e-01  -6.1789373e-02
  -3.0724593e-01  -6.7151015e-02
  -3.0648818e-01  -7.1811232e-02
  -3.0690631e-01  -7.6593731e-02
  -2.8534368e-01  -8.4138515e-02
  -2.8486375e-01  -9.9242743e-02
  -2.8164207e-01  -1.0495975e-01
  -2.6703669e-01  -1.0386019e-01
  -2.7529095e-01  -1.0794748e-01
  -2.7243242e-01  -1.0003465e-01
  -2.2697707e-01  -1.0833406e-01
  -2.3621168e-01  -1.0414580e-01
  -1.8901563e-01  -1.2708045e-01
  -1.7169865e-01  -1.3297880e-01
  -1.5478841e-01  -1.2899602e-01
  -1.2991739e-01  -1.3066110e-01
  -1.8811932e-01  -1.3031281e-01
  -7.6142896e-02  -1.6999431e-01
  -2.7974682e-02  -1.3960873e-01
  -6.3815162e-02  -1.3864123e-01
  -4.1744676e-02  -1.5876434e-01
  -1.5911222e-02  -1.6700571e-01
   2.4645830e-03  -1.6278654e-01
   8.9588889e-02  -1.5083421e-01
   9.0928601e-02  -1.5621032e-01
   1.3561506e-01  -1.6631162e-01
   1.0529559e-01  -1.5455120e-01
   5.4436821e-02  -1.4600423e-01
   1.1594556e-01  -1.3555426e-01
   1.4679274e-01  -1.4036472e-01
   1.4981319e-01  -1.2613776e-01
   1.8202783e-01  -1.3193656e-01
   1.6451655e-01  -1.1597366e-01
   2.1121640e-01  -1.2500337e-01
   2.2151265e-01  -8.9254973e-02
   2.4389061e-01  -8.4743334e-02
   2.1844493e-01  -6.6474566e-02
   2.4624750e-01  -8.1866224e-02
   2.7418959e-01  -6.3568987e-02
   3.0073739e-01  -7.3504288e-02
   3.0170160e-01  -6.0096568e-02
   3.1673718e-01  -3.2338083e-02
   3.4265285e-01  -2.7985792e-02
   3.5538475e-01  -3.7090631e-03
   3.7903675e-01  -8.6954800e-03
   3.6646694e-01   9.1777825e-04
   3.8115806e-01   1.9532987e-02
   3.7350608e-01   3.5762622e-02
   3.7780417e-01   3.4757096e-02
   3.8444921e-01   3.3838936e-02
   3.7564350e-01   3.9026899e-02
   3.7673272e-01   5.0449750e-02
   3.7399282e-01   4.7392621e-02
   3.7204453e-01   6.5818035e-02
   3.7260588e-01   7.4550234e-02
   3.7587783e-01   6.9272882e-02
   3.5315483e-01   7.7149781e-02
   3.3094951e-01   7.5148877e-02
   3.2761279e-01   8.5288175e-02
   3.2894380e-01   8.5481172e-02
   3.1912183e-01   8.0144883e-02
   3.1344196e-01   9.1320941e-02
   3.2251049e-01   7.8879909e-02
   3.5509606e-01   9.1003809e-02
   3.1721729e-01   8.9331561e-02
   3.1171451e-01   1.0905669e-01
   1.7443086e-01   1.4297018e-01
   1.9431329e-01   1.0829216e-01
   2.2745286e-01   9.9452254e-02
   1.9743520e-01   1.2556182e-01
   2.0811981e-01   1.2418080e-01
   2.2977267e-01   1.0025085e-01
   1.1197399e-01   1.4642794e-01
   1.4984542e-01   1.3320302e-01
   1.4059693e-01   1.3068271e-01
   8.1269842e-02   1.3805008e-01
   6.5795367e-02   1.3333373e-01
   4.1567523e-02   1.5225157e-01
  -1.5835402e-01  -1.2723731e-01
  -1.3802741e-01  -1.2330381e-01
  -1.1273560e-01  -1.5402588e-01
  -1.1360213e-01  -1.5616629e-01
  -1.0924966e-01  -1.4664681e-01
  -9.5771266e-02  -1.5966363e-01
  -6.7120782e-02  -1.6189705e-01
  -7.2981358e-02  -1.7093343e-01
  -7.8138194e-02  -1.6196802e-01
  -6.1109738e-02  -1.5320671e-01
  -6.7140819e-02  -1.6305516e-01
  -3.6080111e-02  -1.6058911e-01
  -3.0466251e-02  -1.8110970e-01
  -1.6274677e-02  -1.6065061e-01
   1.4964662e-02  -1.7622043e-01
   5.7748563e-02  -1.6265185e-01
   5.1648156e-02  -1.5552008e-01
   5.5793071e-02  -1.4048360e-01
   8.2777895e-02  -1.4587420e-01
   7.1714900e-02  -1.3055359e-01
   1.1152553e-01  -1.3363400e-01
   1.2823000e-01  -1.1658691e-01
   1.5729903e-01  -1.1820386e-01
   1.5382831e-01  -1.1741325e-01
   1.4597732e-01  -1.0051369e-01
   1.6985567e-01  -9.8625604e-02
   1.9615529e-01  -9.1697921e-02
   2.1826913e-01  -8.8862533e-02
   2.4348288e-01  -8.4150577e-02
   2.3800624e-01  -7.7166404e-02
   2.5940167e-01  -7.8338126e-02
   2.9424113e-01  -7.7093360e-02
   3.1353424e-01  -7.4298718e-02
   3.2467064e-01  -7.3766978e-02
   3.2825922e-01  -6.1015736e-02
   3.4343637e-01  -5.9359395e-02
   4.0451938e-01   1.8571575e-02
   1.5549377e-01   1.7220706e-01
   3.1468462e-01   9.7023299e-02
   2.0453918e-01   1.3946293e-01
   2.5523568e-01   1.0155171e-01
   1.5196603e-01   1.7750798e-01
   1.8370638e-01   8.3603058e-02
   1.2225273e-01   1.7481610e-01
   1.6182525e-01   9.8394093e-02
   9.7895147e-02   1.4133960e-01
   9.0066808e-02   1.2909608e-01
   5.0276383e-02   1.4531523e-01
   2.8861424e-02   1.3548584e-01
  -2.5352723e-03   1.3005143e-01
  -3.2976746e-02   1.4409721e-01
  -3.0513950e-02   1.3795690e-01
  -1.5359556e-02   1.2123797e-01
  -7.6458484e-02   1.4296419e-01
  -8.8617291e-02   1.3642372e-01
  -8.9590492e-02   1.3699021e-01
  -9.6922533e-02   1.3073076e-01
  -1.3603637e-01   1.3151770e-01
  -1.6375436e-01   1.3500220e-01
  -1.8678416e-01   1.2995009e-01
  -1.8854290e-01   1.4268969e-01
  -2.0960157e-01   1.1889146e-01
  -2.4492837e-01   1.3473507e-01
  -2.1360995e-01   1.0834837e-01
  -2.5684364e-01   1.1663668e-01
  -2.8618462e-01   9.8626167e-02
  -3.0293422e-01   9.9521596e-02
  -2.9763293e-01   8.3738213e-02
  -3.3727796e-01   9.3795660e-02
  -3.4259380e-01   7.9919631e-02
  -3.5380357e-01   9.2345511e-02
  -3.4223086e-01   8.7332501e-02
  -3.5454855e-01   9.5892959e-02
  -3.6355098e-01   8.6351186e-02
  -3.5759306e-01   8.4931326e-02
  -3.5014644e-01   6.4842076e-02
  -3.6799235e-01   5.5880030e-02
  -3.6441523e-01   3.5081948e-02
  -3.7436171e-01   2.3279633e-02
  -3.8231225e-01   1.7127920e-02
  -3.9662704e-01   9.4467463e-03
  -3.9667003e-01   6.6127224e-03
   5.4463110e-02  -1.2664967e-01
   8.7065861e-02  -1.4716297e-01
   9.4200748e-02  -1.2160359e-01
   6.1588962e-02  -1.1826235e-01
   1.1111209e-01  -1.2534201e-01
   1.6225970e-01  -1.1800248e-01
   1.5062029e-01  -1.0648743e-01
   1.8397938e-01  -1.1179618e-01
   1.8112114e-01  -9.3348758e-02
   2.1509768e-01  -9.2680557e-02
   2.1778199e-01  -8.8241500e-02
   2.1973956e-01  -8.1577521e-02
   2.3923981e-01  -7.5269200e-02
   2.7493096e-01  -6.8067872e-02
   3.0084503e-01  -6.1181381e-02
   3.2049553e-01  -6.7985058e-02
   3.3840829e-01  -7.8323950e-02
   3.4993866e-01  -6.0506384e-02
   3.6130645e-01  -6.3424401e-02
   3.7702663e-01  -5.4904706e-02
   3.8340356e-01  -4.5510566e-02
   3.7677168e-01  -3.7517017e-02
   3.8919082e-01  -2.5182145e-02
   4.0267523e-01  -2.9348602e-02
   4.1369037e-01  -2.4189033e-02
   4.2861171e-01  -1.7579851e-02
   4.2935025e-01   0.0000000e+00
   4.3921884e-01  -4.6007815e-04
   4.2134830e-01   1.6187150e-02
   4.3385926e-01   8.6474249e-03
   4.2964106e-01   2.1931978e-02
   4.3033274e-01   2.4569857e-02
   4.4107301e-01   2.0381849e-02
   4.3087085e-01   2.9451136e-02
   4.1709670e-01   3.4125078e-02
   3.8186458e-01   4.2765851e-02
   3.8169231e-01   3.9999821e-02
   3.8744820e-01   4.8448794e-02
   4.1555867e-01   4.7562425e-02
   4.2207708e-01   4.9969888e-02
   3.9600851e-01   5.9725340e-02
   3.8557505e-01   6.0230442e-02
   3.8126634e-01   6.4487413e-02
   3.6066986e-01   7.0722663e-02
   3.4269314e-01   6.9038683e-02
   3.3059978e-01   7.5621729e-02
  -1.6603982e-01   1.2630458e-01
  -1.6091915e-01   1.0988127e-01
  -1.6055780e-01   1.1103584e-01
  -1.9795132e-01   1.0071104e-01
  -2.1209449e-01   8.8637559e-02
  -2.1987274e-01   7.5665358e-02
  -2.4270938e-01   6.8012031e-02
  -2.5410879e-01   6.2351229e-02
  -2.5469570e-01   4.4039212e-02
  -2.6096674e-01   4.2736136e-02
  -2.6341725e-01   3.6298051e-02
  -2.7247778e-01   2.2668960e-02
  -2.7000025e-01   1.7370756e-02
  -2.5941022e-01   1.0622447e-02
  -2.6934758e-01   3.3677125e-03
  -2.7631256e-01   0.0000000e+00
  -2.6524944e-01  -1.1913160e-02
  -2.7823247e-01  -2.0467963e-02
  -2.8877444e-01  -2.4481114e-02
  -2.7126019e-01  -3.3663059e-02
  -2.6870481e-01  -3.6455234e-02
  -2.7598790e-01  -2.4787729e-02
  -2.6126986e-01  -4.3705001e-02
  -2.7984059e-01  -4.6334004e-02
  -2.6938047e-01  -3.8725311e-02
  -2.6163768e-01  -4.2688539e-02
  -2.4411442e-01  -5.5581408e-02
  -2.0629589e-01  -6.8625830e-02
  -2.0055013e-01  -8.1716119e-02
  -2.0649883e-01  -8.6933698e-02
  -2.0336648e-01  -8.6704946e-02
  -1.9167001e-01  -9.0028314e-02
  -2.3060917e-01  -9.4489562e-02
  -1.4894028e-01  -1.1699436e-01
  -1.3300852e-01  -1.0223806e-01
  -1.6182721e-01  -1.0561023e-01
  -1.4816553e-01  -1.0527536e-01
  -1.4681236e-01  -1.1726719e-01
  -8.8081532e-02  -1.2589184e-01
  -8.3804168e-02  -1.0679958e-01
  -7.5858001e-02  -1.2924580e-01
  -6.2666776e-02  -1.0917203e-01
  -3.3513122e-02  -1.2918254e-01
  -4.1174442e-02  -1.1026159e-01
  -1.3691467e-02  -1.0901846e-01
  -1.0084408e-02  -1.1876903e-01
  -4.9521751e-03  -1.1195105e-01
   3.6165288e-01   3.1563978e-02
   3.6109077e-01   3.5191319e-02
   3.8115678e-01   3.8833463e-02
   3.7942401e-01   3.8392265e-02
   3.6486491e-01   4.1252859e-02
   3.4265946e-01   4.3549182e-02
   3.3884866e-01   4.5152733e-02
   3.5366785e-01   4.0761777e-02
   3.5602856e-01   4.0400661e-02
   3.4455733e-01   5.4611724e-02
   3.6098245e-01   6.2916891e-02
   3.6047729e-01   6.4255073e-02
   3.3126907e-01   5.4397727e-02
   3.0540445e-01   5.4577732e-02
   2.8425729e-01   6.7899686e-02
   2.7717265e-01   6.2598408e-02
   2.7502090e-01   6.9394722e-02
   2.7311285e-01   6.3810440e-02
   2.6170038e-01   6.6504273e-02
   2.3662777e-02   1.4880126e-01
   1.3796230e-01   8.4892358e-02
   7.0361185e-02   9.7938777e-02
   7.4831557e-02   1.1217574e-01
   1.7416071e-02   1.0339664e-01
   1.3593251e-02   9.0291675e-02
  -2.4291510e-02   1.3235490e-01
  -2.8428470e-02   1.0669179e-01
  -4.9352777e-02   1.2110517e-01
  -3.8424846e-02   1.0246594e-01
  -4.5755862e-02   1.0319688e-01
  -6.4516157e-02   1.0247920e-01
  -9.9258045e-02   9.8595674e-02
  -9.4511925e-02   1.0156837e-01
  -1.0849024e-01   9.4776414e-02
  -1.2244853e-01   8.6943495e-02
  -1.4011427e-01   7.7600567e-02
  -1.3635558e-01   7.4694817e-02
  -1.1794664e-01   6.8203530e-02
  -1.2819791e-01   6.6497109e-02
  -1.2707360e-01   5.8846314e-02
  -1.2708935e-01   5.4482828e-02
  -1.2375759e-01   4.2802840e-02
  -1.7638349e-01   1.9727337e-02
  -3.0302134e-02  -1.0846071e-01
   1.3370380e-02  -1.2129591e-01
   2.0813131e-02  -1.2069847e-01
   4.5148935e-02  -1.2527793e-01
   4.3347209e-02  -1.0889332e-01
   3.6212149e-02  -1.1736628e-01
   7.2155831e-02  -1.0585646e-01
   1.0203781e-01  -1.0278224e-01
   1.0290449e-01  -1.1283069e-01
   9.6797239e-02  -9.9010899e-02
   1.2107504e-01  -1.0553371e-01
   1.3245554e-01  -9.8849186e-02
   1.5231157e-01  -9.7358206e-02
   1.5575791e-01  -9.8637645e-02
   1.6714587e-01  -1.0513452e-01
   1.9521694e-01  -9.6167000e-02
   2.0441918e-01  -9.5203055e-02
   1.9980182e-01  -9.1018566e-02
   2.1376172e-01  -8.7091937e-02
   2.1309198e-01  -8.2477616e-02
   2.2660410e-01  -7.4356807e-02
   2.2345217e-01  -6.6211866e-02
   2.3269196e-01  -7.3160403e-02
   2.4427117e-01  -5.6395855e-02
   2.5976758e-01  -4.9540536e-02
   2.4840011e-01  -4.1207169e-02
   2.3664338e-01  -3.7935831e-02
   2.3108173e-01  -3.5224907e-02
   2.4171477e-01  -3.5421506e-02
   2.5264848e-01  -3.1922219e-02
   2.5528566e-01  -3.6894975e-02
   2.5879029e-01  -1.4862465e-02
   2.5796701e-01  -1.7777413e-02
   2.4432322e-01  -1.3919687e-02
   2.3408156e-01  -1.9228045e-03
   2.2996936e-01  -4.8048722e-04
   2.4033892e-01   8.1150334e-03
   2.4280100e-01   2.6748056e-02
   2.7159171e-01   1.2314707e-02
   2.6672965e-01   2.4697321e-02
   2.4206943e-01   5.4558039e-02
   2.6741212e-01   4.1521521e-02
   2.6623702e-01   5.4753604e-02
   2.6085993e-01   5.8754419e-02
   2.5803487e-01   6.2696461e-02
  -2.3036844e-01   1.0236017e-01
  -2.3273992e-01   9.8069343e-02
  -2.5462678e-01   9.2222154e-02
  -2.7359046e-01   9.8866764e-02
  -2.6717676e-01   8.7403896e-02
  -2.8300103e-01   8.3324455e-02
  -3.0189555e-01   7.4243179e-02
  -2.9432291e-01   7.5386107e-02
  -3.1791511e-01   7.8911353e-02
  -3.0871978e-01   6.3918540e-02
  -3.2560678e-01   6.7411837e-02
  -3.2841040e-01   4.6360307e-02
  -3.3090769e-01   4.2259063e-02
  -3.4174980e-01   2.9204967e-02
  -3.5383989e-01   2.7139946e-02
  -3.4713687e-01   1.8974917e-02
  -3.6070574e-01   2.3700828e-02
  -3.4577489e-01   1.1899551e-02
  -3.4930835e-01   2.8393407e-03
  -3.4221689e-01  -2.8491888e-03
  -3.3728277e-01  -4.7386963e-04
  -3.2076420e-01  -2.0481493e-02
  -3.1714795e-01  -2.1947486e-02
  -3.1874722e-01  -2.2168064e-02
  -3.2544000e-01  -2.3012245e-02
  -3.1832774e-01  -2.4974228e-02
  -3.0531344e-01  -3.6403406e-02
  -2.9061477e-01  -4.2140897e-02
  -2.8219056e-01  -5.6190759e-02
  -2.8768457e-01  -5.6953795e-02
  -2.7050500e-01  -6.3454976e-02
  -2.4726605e-01  -6.5520313e-02
  -2.3145581e-01  -7.2695398e-02
  -2.5534093e-01  -7.3478642e-02
  -1.8659968e-01  -8.7475331e-02
  -2.3132251e-01  -7.5300125e-02
  -2.1601410e-01  -8.9886630e-02
  -1.7821096e-01  -7.6648959e-02
  -1.3015126e-01  -1.0974543e-01
  -1.6157991e-01  -8.5381869e-02
  -1.4412382e-01  -1.0558177e-01
  -1.4627912e-01  -1.0273346e-01
  -9.2599456e-02  -9.2522437e-02
  -6.2365606e-02  -1.1564635e-01
  -6.6194646e-02  -9.9102310e-02
  -5.7785531e-02  -1.1304727e-01
  -5.9563947e-02  -1.0480269e-01
  -3.1680600e-02  -1.0027325e-01
   4.2992802e-01  -1.5629245e-02
   4.4727910e-01  -1.0571328e-02
   4.6142304e-01  -1.1907936e-02
   4.6333751e-01  -2.2912940e-03
   4.6064819e-01  -4.5717748e-04
   4.5540851e-01   1.6119122e-02
   4.5646928e-01   2.1638658e-02
   4.6562026e-01   1.3851662e-02
   4.7146093e-01   2.4557518e-02
   4.6908712e-01   1.9937404e-02
   4.5574492e-01   1.9360430e-02
   4.3567693e-01   3.1495918e-02
   4.3685537e-01   3.1200511e-02
   4.3503808e-01   4.3641979e-02
   4.3384810e-01   4.8126310e-02
   4.4593116e-01   4.5310149e-02
   4.2279107e-01   5.9072636e-02
   3.9463982e-01   5.7661129e-02
   4.0011929e-01   5.8674348e-02
   3.9082606e-01   6.4373701e-02
   3.8330551e-01   7.3830153e-02
   3.7224764e-01   8.5303300e-02
   3.7156507e-01   8.1089468e-02
   3.4759000e-01   9.2092864e-02
   3.4939352e-01   8.3033285e-02
   3.1127629e-01   8.0538855e-02
   3.0765069e-01   1.1477780e-01
   2.9922167e-01   9.7942529e-02
   2.9372195e-01   9.1276354e-02
   2.5603791e-01   1.2083826e-01
   2.4790935e-01   1.0720861e-01
   2.4332938e-01   1.1197170e-01
   2.0741306e-01   1.2478265e-01
   2.1630595e-01   1.2491584e-01
   1.9802731e-01   1.2613827e-01
   1.6944008e-01   1.2021262e-01
   1.3490043e-01   1.2589558e-01
   1.0640662e-01   1.2893694e-01
   5.5785774e-02   1.3154064e-01
   4.0500252e-02   1.3295721e-01
   0.0000000e+00   1.3514077e-01
   2.2859714e-02   1.2444130e-01
  -3.8339799e-03   1.2636775e-01
  -5.4144836e-02   1.4395683e-01
  -8.7976719e-02   1.3022098e-01
  -1.3169053e-01   1.3434471e-01
  -1.4549193e-01   1.4859548e-01
  -1.3297361e-01   1.2368674e-01
  -1.5427672e-01   1.0898339e-01
