   1.2797050e-03  -2.5671026e-02
  -3.7147296e-02   1.4416923e-01
  -4.0470736e-02   1.4721236e-01
  -3.9147287e-02   1.5130199e-01
  -3.3383329e-02   1.5112372e-01
  -2.6549605e-02   1.4220604e-01
  -2.9093693e-02   1.3771660e-01
  -4.4012841e-02   1.3117285e-01
  -4.8919253e-02   1.2863155e-01
  -3.9095344e-02   1.1886987e-01
  -4.2888446e-02   1.1469279e-01
  -4.5425568e-02   1.0839097e-01
  -4.7800998e-02   1.0769438e-01
  -4.9009801e-02   1.1064593e-01
  -4.4248990e-02   1.0802637e-01
  -4.5655197e-02   9.8980960e-02
  -4.9400428e-02   8.9188381e-02
  -5.3404974e-02   7.8897664e-02
  -5.2551928e-02   7.1172812e-02
  -4.9023507e-02   6.5644502e-02
  -5.3907290e-02   6.4482720e-02
  -5.6631255e-02   5.7427146e-02
  -5.8133469e-02   5.2316940e-02
  -6.3410275e-02   5.0057446e-02
  -5.8282470e-02   3.9357698e-02
  -4.9613421e-02   3.2745990e-02
  -6.1438566e-02   2.3705811e-02
  -5.9056456e-02   1.0181107e-02
  -6.1762125e-02   2.4287405e-03
  -5.9173399e-02  -1.1173282e-02
  -6.5879088e-02  -8.7776145e-03
  -5.3975663e-02  -1.0193223e-02
  -6.1404177e-02  -1.8848915e-02
  -5.4716115e-02  -2.2125870e-02
  -4.8093882e-02  -2.5849681e-02
  -4.4407101e-02  -3.7011315e-02
  -4.8383900e-02  -4.5404833e-02
  -4.5873543e-02  -5.1308235e-02
  -4.7237583e-02  -6.0261623e-02
  -4.7129237e-02  -6.5055612e-02
  -4.2056528e-02  -6.3122694e-02
  -3.3084960e-02  -6.5012927e-02
  -3.4058575e-02  -7.7235094e-02
  -3.7793974e-02  -8.1089837e-02
  -3.0215963e-02  -8.8522484e-02
   3.3170093e-02  -1.6271648e-01
   4.1566816e-02  -1.5909408e-01
   4.7853308e-02  -1.4631076e-01
   4.2817650e-02  -1.4797244e-01
   3.6923875e-02  -1.3735656e-01
   4.0692082e-02  -1.3762054e-01
   3.4837774e-02  -1.2846748e-01
   3.8599579e-02  -1.2699607e-01
   3.2656195e-02  -1.1775914e-01
   3.6441331e-02  -1.1677190e-01
   3.1592900e-02  -1.1126097e-01
   4.0514337e-02  -1.0938931e-01
   3.7884426e-02  -1.0601978e-01
   3.6916987e-02  -9.6644638e-02
   3.5554721e-02  -8.7281744e-02
   3.0760429e-02  -7.4992791e-02
   2.8215228e-02  -6.6038442e-02
   2.8241751e-02  -6.2614226e-02
   2.3115533e-02  -5.7179804e-02
   1.9295377e-02  -4.9851618e-02
   6.4515698e-03  -3.9143222e-02
   2.5794407e-03  -3.5682207e-02
  -1.2864554e-03  -3.2162420e-02
  -3.8671595e-03  -2.3902328e-02
   1.2877477e-03  -2.3878160e-02
  -3.8743187e-03  -1.3672368e-02
   0.0000000e+00  -3.8984772e-03
  -1.2815332e-03   4.8435899e-04
  -2.5552027e-03   4.8289641e-03
  -5.0846546e-03   6.2461962e-03
   1.0198747e-02   9.6382433e-03
   2.5481467e-03   1.9277070e-02
   8.8696144e-03   2.4454947e-02
   1.2689668e-03   3.6072126e-02
   2.5252102e-03   4.2155605e-02
  -1.2568339e-03   4.5328009e-02
  -1.2552416e-02   4.6710706e-02
  -1.6387317e-02   5.0295168e-02
  -1.6385727e-02   5.5140205e-02
  -2.5297186e-02   6.1192484e-02
  -1.2606945e-02   7.2767417e-02
  -7.5697634e-03   7.6779285e-02
  -1.3821762e-02   7.9914895e-02
  -3.1327835e-02   8.7595334e-02
  -3.4970319e-02   9.6250916e-02
  -3.7522962e-02   1.0243061e-01
  -3.7494824e-02   1.1097936e-01
  -3.2615134e-02   1.1399075e-01
  -3.2593946e-02   1.1959195e-01
  -2.8579886e-02   1.2105721e-01
  -4.2111521e-02   1.2937827e-01
  -6.3180382e-02   1.0132473e-01
  -5.7484354e-02   9.4743744e-02
  -6.2955337e-02   8.5450656e-02
  -6.5689561e-02   7.5787396e-02
  -6.8443761e-02   7.1578979e-02
  -6.9584658e-02   6.0149326e-02
  -7.6372951e-02   6.0011100e-02
  -6.9233004e-02   4.0790061e-02
  -7.0461978e-02   3.9291393e-02
  -6.6985233e-02   2.9714635e-02
  -7.7711986e-02   2.6915790e-02
  -7.2064986e-02   2.9677964e-02
  -7.8591284e-02   1.8482359e-02
  -6.4070297e-02   6.7724148e-03
  -4.7368567e-02  -1.9341390e-03
  -4.9941160e-02  -1.8875399e-02
  -5.0960857e-02  -1.9743121e-02
  -5.2353873e-02  -2.7046442e-02
  -3.9727710e-02  -3.7390506e-02
  -4.7605202e-02  -3.1165837e-02
  -5.0047642e-02  -4.1346979e-02
  -4.4855601e-02  -4.8164391e-02
  -4.2219227e-02  -5.1521363e-02
  -2.9288599e-02  -6.6054978e-02
  -2.4284393e-02  -7.7294373e-02
  -1.9134184e-02  -8.0153582e-02
  -2.1509063e-02  -9.1507698e-02
  -1.3864989e-02  -8.8147950e-02
  -3.0283791e-02  -7.6275557e-02
  -3.0333479e-02  -8.3369445e-02
  -1.8921869e-02  -8.8717090e-02
  -1.1302625e-02  -1.1158925e-01
   0.0000000e+00  -1.1694190e-01
   0.0000000e+00  -1.1680982e-01
   1.2575268e-02  -1.1950398e-01
   1.0025142e-02  -1.2845332e-01
   1.7348909e-02  -1.3789470e-01
   1.9867030e-02  -1.3977778e-01
   2.2259851e-02  -1.5034199e-01
   2.2301293e-02  -1.5064933e-01
   2.9700141e-02  -1.5259210e-01
   2.8299242e-02  -1.5702107e-01
   2.3207309e-02  -1.5899790e-01
   2.4376862e-02  -1.5915856e-01
   4.1138495e-02  -1.6587034e-01
   3.9120622e-02  -1.5586968e-01
   4.7262096e-02  -1.6180879e-01
   5.5506045e-02  -1.6690387e-01
   5.4464597e-02  -1.5407800e-01
  -2.5862563e-03  -7.3319604e-03
   2.5865098e-03  -2.9327841e-03
  -9.0162272e-03   0.0000000e+00
  -1.0251749e-02   4.8434345e-03
  -3.2024636e-02   1.4041950e-02
  -2.9238829e-02   2.1637541e-02
  -2.1627784e-02   2.4068718e-02
  -1.7759553e-02   2.3037742e-02
  -3.2015810e-02   2.8112250e-02
  -1.4181572e-02   3.1249315e-02
  -1.9426794e-02   4.1264328e-02
  -2.4611522e-02   4.0278976e-02
  -3.3307604e-02   5.0124564e-02
  -4.0747286e-02   5.8636043e-02
  -3.8998132e-02   6.2787081e-02
  -4.0280351e-02   7.7550346e-02
  -2.1405667e-02   7.6615347e-02
  -2.3983098e-02   8.1275416e-02
  -1.1341049e-02   8.6125488e-02
  -1.1294946e-02   8.6261539e-02
  -2.7329016e-02   9.7222078e-02
  -1.7397752e-02   9.3789468e-02
  -3.0884147e-02   1.0562463e-01
  -2.3581281e-02   1.0867770e-01
  -1.4897104e-02   1.1890370e-01
  -4.9621278e-03   1.2241836e-01
  -8.6977933e-03   1.2521425e-01
  -2.4822093e-03   1.2351135e-01
  -7.3846189e-03   1.2806187e-01
  -1.2257859e-02   1.3007350e-01
  -1.3367809e-02   1.3502175e-01
  -1.6970772e-02   1.4135942e-01
  -1.5718535e-02   1.4408340e-01
  -1.7997401e-02   1.5379250e-01
  -1.0802332e-02   1.5808321e-01
  -1.1963104e-02   1.6333520e-01
  -1.1941191e-02   1.6620073e-01
  -1.3142935e-02   1.6684258e-01
  -2.1440832e-02   1.7000259e-01
  -2.0147992e-02   1.7011452e-01
  -1.9007014e-02   1.7110055e-01
  -1.0765762e-02   1.6813693e-01
  -7.2336756e-03   1.6529821e-01
  -8.4778780e-03   1.5967444e-01
  -9.6540531e-03   1.5903394e-01
  -1.3250262e-02   1.5711628e-01
  -1.8094432e-02   1.5312346e-01
  -1.5672173e-02   1.5249718e-01
  -1.6863621e-02   1.5551825e-01
  -1.8160153e-02   1.5373642e-01
   0.0000000e+00  -4.0163265e-02
  -3.8672710e-03  -4.9469156e-02
  -5.1209339e-03  -5.3062444e-02
  -1.2760475e-02  -5.8296609e-02
  -1.5278911e-02  -6.6553796e-02
   0.0000000e+00  -6.9607251e-02
  -2.5306978e-03  -7.0573875e-02
   6.3071435e-03  -7.7262604e-02
   1.7631455e-02  -7.9107748e-02
   1.7565560e-02  -8.1274569e-02
   6.2410824e-03  -9.5229266e-02
   9.9895828e-03  -9.6767196e-02
   9.9341181e-03  -1.0976577e-01
   5.0128710e-03  -1.0725898e-01
   1.8744363e-02  -1.1355620e-01
   1.1259947e-02  -1.1319368e-01
   4.9916293e-03  -1.1648034e-01
   1.2458497e-03  -1.2194326e-01
  -1.2448480e-03  -1.3330614e-01
   2.4746417e-03  -1.4243873e-01
   6.1290638e-03  -1.5318952e-01
   4.8676335e-03  -1.5356012e-01
  -6.0386840e-03  -1.5281247e-01
   0.0000000e+00  -1.4961039e-01
   1.2132325e-03  -1.5358066e-01
   2.4366462e-03  -1.5162947e-01
   0.0000000e+00  -1.5404427e-01
  -2.4331768e-03  -1.5564923e-01
   2.4236001e-03  -1.6516616e-01
  -2.4178483e-03  -1.6257254e-01
  -6.0226569e-03  -1.6513333e-01
  -1.5920926e-02  -1.5302319e-01
  -9.8258590e-03  -1.4817328e-01
  -9.8742979e-03  -1.4843862e-01
  -9.8036210e-03  -1.5367276e-01
  -1.3494234e-02  -1.4850446e-01
  -1.1055462e-02  -1.4447888e-01
  -1.2296501e-02  -1.3727401e-01
  -1.3560244e-02  -1.3450786e-01
  -2.2337921e-02  -1.2762295e-01
  -1.7395587e-02  -1.2520485e-01
  -2.1209827e-02  -1.2107627e-01
  -1.7545134e-02  -1.1390333e-01
  -1.1300089e-02  -1.1207654e-01
  -1.1321888e-02  -1.1230455e-01
  -1.0103413e-02  -1.0351641e-01
  -1.2607386e-02  -1.0281704e-01
  -1.7744750e-02  -9.2185792e-02
  -1.5277307e-02  -8.8556066e-02
  -5.6396473e-02   8.1598939e-02
  -6.0075822e-02   9.3385593e-02
  -5.3774907e-02   1.0034880e-01
  -5.3824668e-02   1.1417741e-01
  -5.3504026e-02   1.2632394e-01
  -6.3630158e-02   1.3082165e-01
  -6.3300931e-02   1.3480420e-01
  -5.5135641e-02   1.3453265e-01
  -6.2282964e-02   1.2939492e-01
  -5.8741710e-02   1.3849555e-01
  -3.7906797e-02   1.4003263e-01
  -4.4958274e-02   1.5426524e-01
  -2.8845884e-02   1.6845672e-01
  -2.9950365e-02   1.7488468e-01
  -3.0993452e-02   1.7335482e-01
  -2.6120398e-02   1.7637201e-01
  -2.6124646e-02   1.7315939e-01
  -2.3570612e-02   1.7705735e-01
  -1.0643833e-02   1.7778833e-01
  -1.1897625e-03   1.7628734e-01
  -2.3725546e-03   1.8059844e-01
   2.3745817e-03   1.7641399e-01
  -4.7658874e-03   1.7711858e-01
   0.0000000e+00   1.7843687e-01
   5.9895506e-03   1.7656058e-01
   6.0299244e-03   1.6481720e-01
   7.2534069e-03   1.6418212e-01
   7.3105037e-03   1.5483588e-01
   3.6637867e-03   1.5096705e-01
   4.8727364e-03   1.4843254e-01
   0.0000000e+00   1.4211480e-01
  -4.8904040e-03   1.4216753e-01
  -4.8890653e-03   1.4264945e-01
   1.2299407e-03   1.3314566e-01
   4.9467485e-03   1.2458652e-01
   8.6958291e-03   1.1540961e-01
   1.0023361e-02   1.0316516e-01
   1.1256889e-02   1.0247313e-01
   8.7560543e-03   9.7444825e-02
   3.7545967e-03   9.0992567e-02
   8.8122099e-03   8.6040158e-02
   1.1360415e-02   8.1286977e-02
   2.5339902e-03   7.6121057e-02
  -7.6276238e-03   6.8431501e-02
  -8.9212569e-03   5.9209841e-02
  -8.9051159e-03   5.4192199e-02
  -5.0762450e-03   3.5590896e-02
  -8.8637622e-03   3.6959095e-02
  -8.8641323e-03   2.9729543e-02
  -1.2740676e-02   2.8943262e-02
  -1.4031275e-02   2.7523466e-02
   0.0000000e+00  -1.5075988e-01
   0.0000000e+00  -1.5219512e-01
   9.7300690e-03  -1.6096444e-01
   3.6438065e-03  -1.6941098e-01
   1.9369553e-02  -1.7589558e-01
   1.8110967e-02  -1.7979641e-01
   1.3300034e-02  -1.8513120e-01
   2.3050849e-02  -1.8021103e-01
   2.7903659e-02  -1.8019528e-01
   2.1822626e-02  -1.7673538e-01
   2.6610127e-02  -1.8013800e-01
   3.2552596e-02  -1.7889964e-01
   3.1335255e-02  -1.7496997e-01
   3.2653737e-02  -1.7126076e-01
   3.6081277e-02  -1.6585695e-01
   3.6344358e-02  -1.5751892e-01
   4.1400550e-02  -1.5410909e-01
   4.2862118e-02  -1.5133095e-01
   4.1786564e-02  -1.4872637e-01
   3.7314567e-02  -1.4211919e-01
   4.2630205e-02  -1.3691866e-01
   4.1381599e-02  -1.3481511e-01
   3.8881509e-02  -1.3062004e-01
   3.0193835e-02  -1.2475254e-01
   2.5241352e-02  -1.1837847e-01
   3.4232742e-02  -1.1946009e-01
   3.5676747e-02  -1.1117933e-01
   4.0646809e-02  -1.0666400e-01
   3.0569363e-02  -9.2638153e-02
   3.0521767e-02  -8.5915394e-02
   4.3298954e-02  -8.1985562e-02
   2.8198525e-02  -6.4505199e-02
   2.3127490e-02  -5.9194929e-02
   2.4367808e-02  -5.4136250e-02
   2.3184000e-02  -4.3495749e-02
   2.1994686e-02  -4.1220767e-02
   2.3291199e-02  -2.6444519e-02
   1.8107775e-02  -2.0548366e-02
   1.5511621e-02  -1.5151618e-02
   1.6843072e-02  -1.0284809e-02
   9.0899368e-03  -1.4723549e-03
   1.0409486e-02  -3.9342941e-03
  -1.3037853e-03   6.4065675e-03
   1.4298507e-02   3.4388813e-03
  -1.2955616e-03   1.1265300e-02
  -3.8772325e-03   1.7596659e-02
   0.0000000e+00   2.1551020e-02
  -1.2915885e-02   3.2781171e-02
  -2.9740187e-02   1.9504386e-01
  -3.4427282e-02   1.9230472e-01
  -3.7700384e-02   1.9449484e-01
  -2.9458775e-02   1.9289973e-01
  -2.1287371e-02   1.9206499e-01
  -1.8876046e-02   1.9544123e-01
  -1.7721022e-02   1.9351872e-01
  -2.3518387e-02   1.9301545e-01
  -3.0641861e-02   1.8849102e-01
  -3.1857245e-02   1.8543097e-01
  -3.6562686e-02   1.7878581e-01
  -3.0864774e-02   1.7361996e-01
  -3.4568021e-02   1.6581011e-01
  -2.8728330e-02   1.6393723e-01
  -2.0458170e-02   1.5376905e-01
  -2.0615077e-02   1.4244970e-01
  -2.1842979e-02   1.3944032e-01
  -2.1843128e-02   1.3582736e-01
  -2.5598393e-02   1.2927601e-01
  -3.0517760e-02   1.2843788e-01
  -2.7004107e-02   1.1949323e-01
  -2.6052227e-02   1.0963505e-01
  -2.6188309e-02   1.0922029e-01
  -2.6343648e-02   1.0023986e-01
  -3.1515251e-02   9.5677877e-02
  -3.6522030e-02   8.2057640e-02
  -3.6790545e-02   7.5195183e-02
  -3.1844880e-02   6.8549442e-02
  -4.2267833e-02   5.9478757e-02
  -4.1077064e-02   5.4660770e-02
  -4.3815621e-02   4.5966284e-02
  -4.3789117e-02   3.8064725e-02
  -3.7522586e-02   2.6926988e-02
  -2.8427372e-02   2.0035706e-02
  -3.4719818e-02   1.7014911e-02
  -3.7159637e-02   7.7464316e-03
  -3.5809513e-02   3.8655331e-03
  -3.0690880e-02  -7.7318810e-03
  -3.0874471e-02  -1.0209748e-02
  -3.3546085e-02  -1.2190867e-02
  -2.9728636e-02  -1.6125924e-02
  -2.2077823e-02  -2.9995450e-02
  -2.4741002e-02  -3.3046115e-02
  -1.4325824e-02  -4.4487362e-02
  -1.0308284e-02  -5.5891903e-02
  -1.7994652e-02  -5.7731124e-02
  -8.9853462e-03  -7.0110567e-02
  -2.5609875e-03  -7.1437160e-02
   1.2745423e-03  -8.2606882e-02
  -1.2774637e-02  -7.5759819e-02
  -3.8303685e-03  -7.4221424e-02
   5.1268320e-02  -1.6310053e-01
   5.6547156e-02  -1.5835811e-01
   5.1578982e-02  -1.5336318e-01
   4.7026942e-02  -1.4555298e-01
   4.8300624e-02  -1.4247184e-01
   4.8540981e-02  -1.4270866e-01
   5.3790191e-02  -1.3918778e-01
   4.8699216e-02  -1.2734641e-01
   4.3833372e-02  -1.2358751e-01
   4.2752203e-02  -1.1321816e-01
   4.8199788e-02  -1.1424573e-01
   4.2490978e-02  -1.0141222e-01
   4.8773633e-02  -1.0157466e-01
   4.1091424e-02  -9.5453227e-02
   3.9740580e-02  -8.9154034e-02
   3.8331532e-02  -8.1268053e-02
   2.9384816e-02  -6.8761707e-02
   3.1917286e-02  -6.0284616e-02
   2.6991922e-02  -4.8818973e-02
   2.9621273e-02  -4.3979792e-02
   2.8466178e-02  -4.0725894e-02
   3.0891846e-02  -4.1493230e-02
   2.5777664e-02  -3.3197606e-02
   2.7002006e-02  -2.8228892e-02
   3.2097770e-02  -2.3312376e-02
   2.8212494e-02  -1.2602949e-02
   3.4632389e-02  -7.2700240e-03
   3.1527740e-02   4.7651653e-03
   8.7096442e-03   1.7881932e-02
  -6.2052802e-03   2.4422408e-02
   0.0000000e+00   2.3126844e-02
   2.5317800e-03   2.3952048e-02
   1.0331987e-02   3.3271065e-02
   0.0000000e+00   3.9754601e-02
  -1.5470686e-02   4.8975920e-02
  -2.0577492e-02   5.5283167e-02
  -2.0429613e-02   5.9809771e-02
  -3.2790451e-02   7.4748354e-02
  -2.9022754e-02   7.9253668e-02
  -2.9084091e-02   9.2956458e-02
  -2.5335124e-02   9.8716799e-02
  -1.6541915e-02   1.0021631e-01
  -2.1670657e-02   1.1021998e-01
  -6.3481466e-03   1.0306614e-01
  -2.7669470e-02   1.1276932e-01
  -4.3571982e-02   1.1508968e-01
  -4.9420902e-02   1.2436186e-01
  -4.1093114e-02   1.2284647e-01
  -3.7189090e-02   1.4266257e-01
  -4.1813377e-02   1.3513224e-01
  -3.3341080e-02   1.2743790e-01
  -3.7101933e-02   1.1838173e-01
  -2.8396976e-02   1.1564941e-01
  -2.9742942e-02   1.0748905e-01
  -3.6080630e-02   1.0539173e-01
  -3.0055591e-02   9.4525270e-02
  -4.5582276e-02   8.9514392e-02
  -3.9309725e-02   8.2634024e-02
  -3.1931568e-02   7.6227847e-02
  -3.4782887e-02   6.0835717e-02
  -3.5045891e-02   5.5287316e-02
  -2.7137579e-02   4.2155778e-02
  -2.9570049e-02   2.9200981e-02
  -3.3348007e-02   2.3288213e-02
  -2.5536577e-02   1.7380788e-02
  -1.9175541e-02   1.4499856e-02
  -1.6604819e-02   1.1588546e-02
  -1.9221598e-02   5.8116451e-03
  -1.2854244e-02   4.8580508e-04
  -1.2853593e-02  -4.8580508e-03
  -1.7967756e-02  -1.6014574e-02
  -1.5357754e-02  -3.2967275e-02
  -1.4115447e-02  -3.5499315e-02
  -1.5470686e-02  -4.8975920e-02
  -1.9453913e-02  -4.4794699e-02
  -2.2013874e-02  -5.2176685e-02
  -1.9272011e-02  -5.5227773e-02
  -1.1478444e-02  -5.6296961e-02
  -1.2754193e-02  -6.0239829e-02
  -7.6164478e-03  -5.8971733e-02
  -3.7997923e-03  -7.0644838e-02
   0.0000000e+00  -7.6198180e-02
   0.0000000e+00  -9.5611729e-02
   3.7808858e-03  -1.0125714e-01
   8.8306412e-03  -1.0135785e-01
  -5.0610841e-03  -1.0628483e-01
  -2.5461321e-03  -1.1529872e-01
  -1.2824489e-03  -1.0832292e-01
   6.3899664e-03  -1.2636666e-01
   1.2732068e-03  -1.2959495e-01
   1.8817993e-02  -1.4512193e-01
   1.3677836e-02  -1.4802339e-01
   3.6967353e-03  -1.5461701e-01
   7.4173591e-03  -1.4923268e-01
   9.8252571e-03  -1.6162727e-01
   0.0000000e+00  -1.6640000e-01
   3.6824453e-03  -1.7199097e-01
   3.6558912e-03  -1.7668629e-01
