   2.1447504e-02   1.7174486e-02
  -9.5632019e-02   1.1384995e-02
  -9.9420974e-02   8.0625405e-03
  -1.0684846e-01   1.1839335e-02
  -1.1279882e-01   1.1799524e-02
  -1.2155928e-01   1.3678795e-02
  -1.2696416e-01   1.1349335e-02
  -1.3086172e-01   1.1830287e-02
  -1.3425244e-01   9.4335831e-03
  -1.3399498e-01   8.0029043e-03
  -1.4053353e-01   8.0143097e-03
  -1.4790195e-01   1.0354469e-02
  -1.5963604e-01   1.2731428e-02
  -1.7615560e-01   1.2251313e-02
  -1.7691210e-01   9.3954110e-03
  -1.9197210e-01   8.9105977e-03
  -1.9866850e-01   3.2867588e-03
  -1.9970793e-01   7.5042021e-03
  -1.9779109e-01   6.1167270e-03
  -1.9235211e-01   8.9278470e-03
  -1.9464871e-01   1.1732352e-02
  -1.8710925e-01   1.2212297e-02
  -1.8983026e-01   9.8704963e-03
  -1.8909875e-01   7.4913568e-03
  -1.9323672e-01   7.5025619e-03
  -1.9574925e-01   7.0315719e-03
  -1.9785837e-01   8.4191174e-03
  -2.0363022e-01   1.2669742e-02
  -2.0220574e-01   9.3773881e-03
  -2.0016897e-01   7.9413473e-03
  -1.9594561e-01   6.5691409e-03
  -1.9161147e-01   6.0849676e-03
  -1.8822310e-01   6.5685541e-03
  -1.8335916e-01   1.0337864e-02
  -1.8460674e-01   1.1276086e-02
  -1.8083926e-01   1.1280805e-02
  -1.7941790e-01   9.8624991e-03
  -1.7331921e-01   9.4083064e-03
  -1.6814359e-01   7.0530636e-03
  -1.6404107e-01   9.3894233e-03
  -1.6216945e-01   1.0371195e-02
  -1.5225624e-01   1.1336024e-02
  -1.4691696e-01   1.3205633e-02
  -1.4301235e-01   1.2725836e-02
  -1.4554747e-01   8.9532324e-03
  -1.3955675e-01   7.5584511e-03
  -1.3213194e-01   9.9364323e-03
  -1.2709285e-01   1.0887119e-02
  -1.2570407e-01   1.1823377e-02
  -1.2318371e-01   1.2771703e-02
  -1.2683245e-01   1.2283072e-02
  -1.2821162e-01   1.2766744e-02
  -1.2445563e-01   1.0405577e-02
   3.3957470e-02   1.9021932e-02
   4.7900349e-02   1.5242379e-02
   5.1918283e-02   2.0581580e-02
   5.1231913e-02   1.2745532e-02
   6.8138631e-02   1.4769989e-02
   7.9481928e-02   1.7143355e-02
   8.4351571e-02   1.8530539e-02
   8.6618570e-02   1.7525995e-02
   8.9667034e-02   1.6674858e-02
   9.3249455e-02   1.9490642e-02
   1.0105531e-01   1.3330965e-02
   1.0220149e-01   1.5694735e-02
   1.0490681e-01   1.9058492e-02
   9.7130010e-02   1.9029825e-02
   1.0492989e-01   1.6199718e-02
   1.1481896e-01   1.5681500e-02
   1.1949352e-01   1.7524084e-02
   1.2499012e-01   2.0438389e-02
   1.3861958e-01   1.8953788e-02
   1.4679002e-01   1.6638843e-02
   1.5248154e-01   1.8930364e-02
   1.5670218e-01   2.0877231e-02
   1.6224094e-01   2.0928491e-02
   1.6475007e-01   1.9342124e-02
   2.0202101e-01   1.9338547e-02
   2.1129596e-01   1.8410560e-02
   2.1065018e-01   1.9298524e-02
   2.1667554e-01   2.2553221e-02
   2.1563954e-01   2.2108331e-02
   2.1398274e-01   2.0660615e-02
   2.2199349e-01   1.9739942e-02
   2.2808313e-01   1.9234954e-02
   2.2285909e-01   2.0760028e-02
   2.2555365e-01   1.9710879e-02
   2.2974951e-01   2.1618517e-02
   2.3547847e-01   2.2607801e-02
   2.2638006e-01   2.3084910e-02
   2.3656237e-01   2.0229676e-02
   2.3584808e-01   2.0640468e-02
   2.3635632e-01   1.8800188e-02
   2.3146087e-01   2.2127241e-02
   2.2720369e-01   2.2566285e-02
   2.3562441e-01   2.0152003e-02
   2.3606131e-01   2.1599424e-02
   2.3986972e-01   2.0649147e-02
   2.4388862e-01   2.1127132e-02
   2.0976003e-01   2.1697461e-02
   2.0646449e-01   1.8800414e-02
   1.9863572e-01   1.8912282e-02
   1.9695413e-01   2.0294279e-02
   1.9856637e-01   2.2694739e-02
   1.9153160e-01   1.9795620e-02
   1.9549744e-01   2.0277622e-02
   1.9244038e-01   1.7872993e-02
   1.9263812e-01   1.7419527e-02
   1.9320522e-01   1.7942521e-02
   1.8198456e-01   2.0349528e-02
   1.7836144e-01   2.2119093e-02
   1.7311521e-01   2.1790104e-02
   1.7046871e-01   1.8461054e-02
   1.6923074e-01   1.6569780e-02
   1.6890078e-01   1.6064945e-02
   1.6506309e-01   2.0325261e-02
   1.6632311e-01   2.0322670e-02
   1.5591338e-01   2.1719652e-02
   1.4756270e-01   2.0853475e-02
   1.4224761e-01   1.9875501e-02
   1.4006274e-01   1.4702029e-02
   1.3109976e-01   1.4698384e-02
   1.3020046e-01   1.7596885e-02
   1.2347702e-01   2.0874570e-02
   1.1944977e-01   2.1786699e-02
   1.2349252e-01   1.9451304e-02
   1.2064849e-01   1.5612801e-02
   1.1870125e-01   1.8070383e-02
   1.1356438e-01   1.4732413e-02
   1.0460281e-01   1.8051993e-02
   9.0721697e-02   2.0444333e-02
   8.3181209e-02   1.7598786e-02
   8.0901257e-02   1.7653413e-02
   8.1842662e-02   1.7107326e-02
   8.0751794e-02   1.5713760e-02
   7.1991051e-02   1.5735905e-02
   6.9309791e-02   1.9038159e-02
   6.1689955e-02   1.8549525e-02
   5.7982777e-02   1.5713505e-02
   5.5350151e-02   1.6159073e-02
   5.1693364e-02   1.1430450e-02
   3.6518134e-02   1.5707786e-02
   3.0223806e-02   1.4757722e-02
   2.8985222e-02   1.8585024e-02
   3.0221904e-02   1.5709833e-02
   2.3879107e-02   1.5205231e-02
   2.0206655e-02   1.6714300e-02
   1.1313084e-02   1.2355945e-02
   1.1313638e-02   1.1405488e-02
   1.2604951e-03   1.5729883e-02
  -7.5547073e-03   1.7142553e-02
  -2.5110267e-03   1.5667625e-02
  -1.3173476e-01   1.0850842e-02
  -1.4984534e-01   1.6078818e-02
  -1.4847401e-01   1.2284958e-02
  -1.5323502e-01   7.5417268e-03
  -1.5449950e-01   5.6556270e-03
  -1.5477644e-01   1.0861124e-02
  -1.6215420e-01   1.2256866e-02
  -1.7061988e-01   1.1752061e-02
  -1.7331921e-01   9.4083064e-03
  -1.7331921e-01   9.4083064e-03
  -1.7174076e-01   6.5739139e-03
  -1.7617947e-01   9.4240873e-03
  -1.7189658e-01   8.9303977e-03
  -1.8390462e-01   1.0368000e-02
  -1.8836014e-01   1.2680186e-02
  -1.8567458e-01   1.1732902e-02
  -1.8426823e-01   7.9717840e-03
  -1.8697302e-01   5.6309936e-03
  -1.9236493e-01   7.0483003e-03
  -1.9361614e-01   7.9868988e-03
  -1.9738092e-01   8.9225472e-03
  -1.9862177e-01   1.0799350e-02
  -1.9717390e-01   1.0321392e-02
  -2.0096985e-01   6.5651771e-03
  -2.0076219e-01   7.9643155e-03
  -2.0283285e-01   5.6427622e-03
  -1.9718576e-01   8.9139297e-03
  -1.9862177e-01   1.0799350e-02
  -2.0596509e-01   1.0310332e-02
  -2.0637315e-01   1.0330243e-02
  -2.0262668e-01   6.5768602e-03
  -1.9779352e-01   5.6462096e-03
  -1.9904239e-01   7.5271404e-03
  -1.9378514e-01   1.0816270e-02
  -1.8767932e-01   1.0834652e-02
  -1.8749342e-01   1.0824143e-02
  -1.9147025e-01   9.4173422e-03
  -1.8426177e-01   8.9096409e-03
  -1.8301470e-01   7.9728988e-03
  -1.8193763e-01   8.4512409e-03
  -1.7600846e-01   8.9441859e-03
  -1.7457514e-01   9.4070551e-03
  -1.7743057e-01   1.0365093e-02
  -1.7726567e-01   8.9429775e-03
  -1.6610873e-01   9.9056831e-03
  -1.5697476e-01   1.1779740e-02
  -1.5714425e-01   9.9046310e-03
  -1.5727345e-01   1.3219065e-02
  -1.5476915e-01   1.1805570e-02
  -1.5227769e-01   8.0296838e-03
  -1.4835988e-01   7.0805531e-03
  -1.4736895e-01   1.1352355e-02
   2.2713561e-02   1.4311825e-02
   3.2705800e-02   1.6644624e-02
   4.2855421e-02   1.6197324e-02
   4.5284954e-02   1.6639561e-02
   4.9110594e-02   1.5702537e-02
   5.9011002e-02   1.5176488e-02
   6.8066738e-02   1.5707323e-02
   8.4369482e-02   1.5679687e-02
   1.0576959e-01   1.6609096e-02
   9.4610839e-02   1.8556851e-02
   8.0174440e-02   1.8915889e-02
   8.5519120e-02   1.9460317e-02
   9.4172199e-02   1.4204292e-02
   9.9466744e-02   1.7565185e-02
   1.0839901e-01   1.6147774e-02
   1.0449918e-01   1.8034205e-02
   1.0168630e-01   1.7037394e-02
   1.0310401e-01   2.1811144e-02
   1.0585907e-01   1.8525530e-02
   1.0180040e-01   1.5159249e-02
   1.0420420e-01   1.6088307e-02
   1.0587810e-01   1.6150462e-02
   1.0577318e-01   1.6134550e-02
   1.0197727e-01   1.8511757e-02
   1.0817696e-01   1.7063997e-02
   1.1217263e-01   1.7093251e-02
   1.1446631e-01   1.7056639e-02
   1.2326700e-01   1.7519147e-02
   1.1811879e-01   1.7508494e-02
   1.0585907e-01   1.8525530e-02
   1.1456706e-01   1.8496209e-02
   1.1859624e-01   1.6627373e-02
   1.3217146e-01   2.0365996e-02
   1.4340721e-01   1.6072173e-02
   1.4855372e-01   1.8918432e-02
   1.5007856e-01   2.1322513e-02
   1.5736623e-01   1.8902830e-02
   1.6331740e-01   2.0268440e-02
   1.8096680e-01   1.5996648e-02
   1.8252249e-01   2.0267570e-02
   1.8666852e-01   2.0298410e-02
   1.8160766e-01   2.1254531e-02
   1.8143562e-01   2.0761984e-02
   1.8651360e-01   1.8392291e-02
   1.9369816e-01   1.7870359e-02
   2.0309794e-01   1.8374527e-02
   2.0898235e-01   1.8794468e-02
   2.0913643e-01   2.1634534e-02
   2.0811018e-01   2.0246380e-02
   2.1755278e-01   2.0161692e-02
   2.2233388e-01   2.1533226e-02
   2.1518187e-01   2.3474142e-02
   2.1983794e-01   2.3082219e-02
   2.1226751e-01   2.2633530e-02
   2.1188491e-01   2.0707276e-02
   2.0579182e-01   2.0272408e-02
   2.0920562e-01   1.7872006e-02
   2.0562089e-01   1.8368794e-02
   1.9617476e-01   2.0215708e-02
   2.0157728e-01   2.1654876e-02
   1.9526906e-01   2.2142413e-02
   1.9152358e-01   2.0266945e-02
   1.8237125e-01   1.8364365e-02
   1.8095666e-01   1.6582068e-02
   1.7408394e-01   1.8435701e-02
   1.6681200e-01   2.0856373e-02
   1.6581570e-01   2.1205801e-02
   1.6489259e-01   2.0777652e-02
   1.6225366e-01   1.7931350e-02
   1.5657255e-01   1.8960700e-02
   1.5294826e-01   1.8036814e-02
   1.5040857e-01   1.8990578e-02
   1.4731679e-01   1.7028532e-02
   1.4225341e-01   1.9402275e-02
   1.3534129e-01   2.1889751e-02
   1.2840573e-01   1.9424614e-02
   1.2717534e-01   1.6583627e-02
   1.1997702e-01   1.6642231e-02
   1.1328982e-01   2.0395058e-02
   1.1631907e-01   1.4758884e-02
   1.1666797e-01   1.2752589e-02
   1.0568480e-01   1.3748277e-02
   1.0585073e-01   1.9475557e-02
   1.0994427e-01   2.0957321e-02
   9.8184514e-02   2.0415161e-02
   9.7812769e-02   1.8443323e-02
   9.3267132e-02   1.7113735e-02
   8.1769956e-02   1.5666238e-02
   7.5784851e-02   1.4779654e-02
   6.6947258e-02   1.3831526e-02
   6.8325856e-02   1.8159145e-02
   5.7906105e-02   1.9979207e-02
   5.2770513e-02   1.8993486e-02
   4.2770571e-02   1.6165255e-02
   4.5562874e-02   1.4347690e-02
   3.6490288e-02   1.1888054e-02
   3.9035340e-02   1.6182825e-02
   4.0290327e-02   1.7610176e-02
   3.0217745e-02   1.7614056e-02
   2.6465771e-02   1.8109270e-02
   1.5172955e-02   1.3863552e-02
   3.7707232e-03   1.3782117e-02
  -1.9400630e-01   7.0609277e-03
  -1.9505584e-01   9.4040577e-03
  -1.9863034e-01   9.8602764e-03
  -2.0279893e-01   1.0345064e-02
  -2.1100132e-01   8.8987468e-03
  -2.1769851e-01   1.0315284e-02
  -2.2401885e-01   7.0272670e-03
  -2.2506332e-01   5.6154622e-03
  -2.2883533e-01   5.6125744e-03
  -2.3190592e-01   7.4580895e-03
  -2.3989274e-01   8.3974492e-03
  -2.3934676e-01   8.4231013e-03
  -2.3385185e-01   7.4782085e-03
  -2.3511914e-01   6.0749703e-03
  -2.2986770e-01   5.1390421e-03
  -2.3407149e-01   8.8888847e-03
  -2.3236082e-01   7.9393887e-03
  -2.3887706e-01   7.9399374e-03
  -2.4663563e-01   1.0740758e-02
  -2.5622174e-01   9.3541974e-03
  -2.5199211e-01   1.8591162e-03
  -2.5550238e-01   3.7309874e-03
  -2.4944661e-01   5.6071361e-03
  -2.4012124e-01   9.3394185e-03
  -2.3507767e-01   1.0748024e-02
  -2.3026053e-01   1.2170138e-02
  -2.3031480e-01   6.5531511e-03
  -2.2025202e-01   5.6246513e-03
  -2.1500463e-01   5.6229492e-03
  -2.0974915e-01   8.4317365e-03
  -2.0280731e-01   9.4046037e-03
  -2.0404440e-01   1.1753933e-02
  -2.0240586e-01   9.3864427e-03
  -1.9361614e-01   7.9868988e-03
  -1.9186440e-01   7.5485176e-03
  -1.8644174e-01   8.0093667e-03
  -1.7743432e-01   9.8939521e-03
  -1.7113098e-01   1.1314925e-02
  -1.7127834e-01   1.3685523e-02
  -1.6122788e-01   1.0865131e-02
  -1.5211243e-01   1.0381213e-02
  -1.4598272e-01   8.5069002e-03
  -1.3870154e-01   9.4768939e-03
  -1.3617104e-01   1.0900744e-02
  -1.3727840e-01   1.3256056e-02
  -1.3491020e-01   1.0901887e-02
  -1.2773609e-01   9.0380485e-03
  -1.2343724e-01   1.1374939e-02
  -1.0843250e-01   1.0923494e-02
  -8.9530441e-02   8.0832105e-03
  -8.5728873e-02   1.2840668e-02
  -7.8315661e-02   1.3824464e-02
   1.1755964e-01   1.7613839e-02
   1.1902701e-01   2.0985702e-02
   1.2567346e-01   1.4329947e-02
   1.2904996e-01   1.9044349e-02
   1.3099615e-01   1.6266304e-02
   1.3567134e-01   1.6688147e-02
   1.5613008e-01   1.5245111e-02
   1.6240992e-01   2.0472967e-02
   1.6841784e-01   2.0419706e-02
   1.7362490e-01   2.2329302e-02
   1.8999717e-01   1.7055459e-02
   2.0244698e-01   1.7958385e-02
   2.0598692e-01   1.8989918e-02
   2.1329581e-01   2.4165185e-02
   2.2245921e-01   2.1791760e-02
   2.2538161e-01   2.1224589e-02
   2.3023717e-01   2.0247627e-02
   2.3528717e-01   2.0703843e-02
   2.4313979e-01   1.9760262e-02
   2.5306815e-01   1.7365019e-02
   2.6263589e-01   2.0681555e-02
   2.5460254e-01   2.6797759e-02
   2.7659239e-01   2.0635354e-02
   2.8460901e-01   2.1013165e-02
   2.8945798e-01   2.4358640e-02
   2.9040689e-01   2.5265978e-02
   2.9424245e-01   2.4314231e-02
   2.9428692e-01   2.2911487e-02
   3.0918496e-01   2.3293979e-02
   3.1560933e-01   2.0474943e-02
   3.2483362e-01   1.9530190e-02
   3.3047528e-01   2.0860804e-02
   3.2786551e-01   2.3189921e-02
   3.2459313e-01   2.6505258e-02
   3.3417228e-01   2.5579606e-02
   3.3825941e-01   2.5019375e-02
   3.5235143e-01   2.0791493e-02
   3.5271873e-01   2.0348332e-02
   3.4627742e-01   2.3152728e-02
   3.3941081e-01   2.7792380e-02
   3.3957952e-01   2.3623523e-02
   3.3890414e-01   2.3579559e-02
   3.4401307e-01   2.2170322e-02
   3.4185552e-01   2.1277009e-02
   3.4471514e-01   2.1748834e-02
   3.3771836e-01   2.3679467e-02
   3.4027477e-01   2.3203573e-02
   3.4071725e-01   2.6859252e-02
   3.4658785e-01   2.4101266e-02
   3.3355933e-01   2.4139118e-02
   3.2480574e-01   2.0460199e-02
   1.7334523e-01   1.8018139e-02
   1.5801027e-01   1.7553718e-02
   1.4663353e-01   1.7572345e-02
   1.4746805e-01   1.6571739e-02
   1.4786246e-01   2.0419586e-02
   1.4423231e-01   1.9020112e-02
   1.3422776e-01   2.0484498e-02
   1.3269708e-01   2.0446259e-02
   1.3552640e-01   1.7624348e-02
   1.4524510e-01   1.5659010e-02
   1.1650448e-01   2.0035486e-02
   1.0499827e-01   2.0508167e-02
   1.0122349e-01   1.8127872e-02
   9.8612086e-02   1.5729495e-02
   9.3458970e-02   1.6194964e-02
   8.3518458e-02   1.6713605e-02
   6.6742170e-02   1.5217075e-02
   7.3183661e-02   1.5243077e-02
   6.9527032e-02   1.7185388e-02
   6.8241272e-02   2.1005496e-02
   6.8117150e-02   1.9058051e-02
   5.3158244e-02   1.3866213e-02
   4.6781909e-02   1.4332900e-02
   3.6702315e-02   1.4829296e-02
   3.1535717e-02   1.9079597e-02
   2.3974703e-02   1.4788615e-02
   1.7680824e-02   1.6714796e-02
   1.2631190e-02   1.4327649e-02
   2.5207333e-03   1.7159847e-02
   8.8591794e-03   1.4835132e-02
   5.0531632e-03   1.1940204e-02
   0.0000000e+00   1.4791252e-02
  -1.1378318e-02   1.5776259e-02
  -2.2690343e-02   1.4774204e-02
  -3.0319714e-02   1.1459419e-02
  -2.6474376e-02   1.3343673e-02
  -2.5312708e-02   1.4354076e-02
  -3.1516229e-02   1.3818979e-02
  -3.9117799e-02   1.4307324e-02
  -4.7901836e-02   1.4766054e-02
  -5.5474466e-02   1.1905225e-02
  -6.5432434e-02   1.1402113e-02
  -7.0602092e-02   1.2374128e-02
  -7.0675715e-02   1.1433591e-02
  -7.6753511e-02   1.2346140e-02
  -7.5643123e-02   1.2847126e-02
  -8.0688105e-02   1.2368293e-02
  -8.9500798e-02   1.4739972e-02
  -8.6911902e-02   1.0926811e-02
  -9.3300219e-02   1.1409157e-02
  -1.0097408e-01   9.5127123e-03
  -2.4591383e-01   5.1476710e-03
  -2.5222818e-01   5.1174300e-03
  -2.5317815e-01   1.0740921e-02
  -2.4137842e-01   9.3377262e-03
  -2.3236457e-01   7.4723658e-03
  -2.3191858e-01   5.5935671e-03
  -2.3385540e-01   7.0108205e-03
  -2.2946811e-01   1.1257534e-02
  -2.2503057e-01   9.8270589e-03
  -2.1768868e-01   1.1253037e-02
  -2.0260639e-01   9.3955145e-03
  -1.9594561e-01   6.5691409e-03
  -1.8571590e-01   6.1011090e-03
  -1.8641542e-01   1.1307341e-02
  -1.7866746e-01   1.2719062e-02
  -1.7346729e-01   1.2242686e-02
  -1.6955140e-01   9.4120090e-03
  -1.6610522e-01   1.0377382e-02
  -1.5621509e-01   6.6167890e-03
  -1.5509355e-01   9.4629378e-03
  -1.4862493e-01   1.1824020e-02
  -1.4370983e-01   1.4209139e-02
  -1.4091701e-01   1.3238809e-02
  -1.3337495e-01   1.2300989e-02
  -1.2836632e-01   8.0462066e-03
  -1.2584248e-01   9.4679851e-03
  -1.2219492e-01   8.0580145e-03
  -1.2519028e-01   1.1894506e-02
  -1.0830522e-01   1.4234003e-02
  -1.0673157e-01   1.3720140e-02
  -1.0056567e-01   1.1370328e-02
  -9.5741908e-02   7.5974836e-03
  -9.6981633e-02   1.2344987e-02
  -9.0854243e-02   1.4277595e-02
  -8.4465865e-02   1.3317130e-02
  -6.7880199e-02   1.1864243e-02
  -6.2847141e-02   1.3290655e-02
  -6.3098551e-02   1.2866821e-02
  -5.6568190e-02   1.1394636e-02
  -4.9265806e-02   1.2885824e-02
  -4.7904668e-02   1.3813406e-02
  -4.1392355e-02   1.5169803e-02
  -3.0079686e-02   1.1842679e-02
  -2.2716645e-02   1.1926520e-02
  -1.8968685e-02   1.1472823e-02
  -2.0169194e-02   1.4774699e-02
  -1.0074904e-02   1.4285264e-02
  -3.7933458e-03   1.3386394e-02
   5.0273355e-03   1.4732558e-02
   3.7702653e-03   1.5683099e-02
   1.2594689e-02   1.2856510e-02
