   1.8647550e-01   2.0750276e-02
   2.9039329e-01   1.9554162e-02
   2.7516892e-01   2.2404344e-02
   2.6145062e-01   2.5753156e-02
   2.5696249e-01   2.3358674e-02
   2.5402012e-01   2.0157778e-02
   2.5205496e-01   1.7766195e-02
   2.5074826e-01   1.9268133e-02
   2.4282108e-01   2.3031467e-02
   2.2362825e-01   2.3070524e-02
   2.0806349e-01   2.2600610e-02
   1.9844596e-01   1.8421548e-02
   1.9374384e-01   2.0362784e-02
   1.8904122e-01   1.7915541e-02
   1.8708416e-01   1.7500128e-02
   1.8327811e-01   1.8453957e-02
   1.7221674e-01   2.0411646e-02
   1.6238828e-01   2.1901313e-02
   1.4183155e-01   1.9995238e-02
   1.2893638e-01   1.7598656e-02
   1.2717966e-01   1.6109809e-02
   1.2629591e-01   1.6159010e-02
   1.2249413e-01   1.7589901e-02
   1.1249484e-01   1.8572589e-02
   1.0324767e-01   1.7086414e-02
   9.0839671e-02   1.6657194e-02
   7.9499778e-02   1.3809925e-02
   7.9741801e-02   1.2895822e-02
   7.1988666e-02   1.6212751e-02
   7.0915773e-02   2.0088412e-02
   7.0500069e-02   1.9018292e-02
   7.4583544e-02   1.7181514e-02
   7.1983683e-02   1.7166442e-02
   6.2964312e-02   1.5219383e-02
   3.7841349e-02   1.9553932e-02
   3.0250885e-02   1.6201953e-02
   3.1548419e-02   1.3355718e-02
   2.6494904e-02   1.6696164e-02
   1.8904820e-02   1.7634588e-02
   7.5489144e-03   1.3795594e-02
  -1.0085193e-02   1.3822801e-02
  -1.8889294e-02   1.5236408e-02
  -1.6404716e-02   1.3835823e-02
  -1.1357739e-02   1.2882188e-02
  -1.7648575e-02   1.4298519e-02
  -3.4070341e-02   1.4308963e-02
  -2.9025333e-02   1.2879338e-02
  -3.0227254e-02   1.2853500e-02
  -3.7857037e-02   1.3830830e-02
  -5.2923204e-02   2.0002471e-02
  -5.5477091e-02   1.0952807e-02
  -6.1970976e-02   9.0728664e-03
  -1.9197556e-01   8.4416189e-03
  -1.9340624e-01   1.0325995e-02
  -1.9720427e-01   6.0990045e-03
  -2.0975931e-01   7.0264471e-03
  -2.1620560e-01   1.2181066e-02
  -2.1497334e-01   9.8401612e-03
  -2.2231637e-01   7.4826297e-03
  -2.2481688e-01   8.8826216e-03
  -2.2881515e-01   8.4188616e-03
  -2.4241645e-01   6.9953373e-03
  -2.5220319e-01   8.3739764e-03
  -2.4719243e-01   7.4491066e-03
  -2.4716908e-01   6.0824810e-03
  -2.4117515e-01   4.6644059e-03
  -2.4312150e-01   8.8862007e-03
  -2.3862789e-01   9.3321787e-03
  -2.3440924e-01   7.9214416e-03
  -2.2757800e-01   5.6135418e-03
  -2.2231975e-01   7.0149654e-03
  -2.0954554e-01   7.9556465e-03
  -1.9971379e-01   6.5661768e-03
  -1.9271770e-01   1.0828355e-02
  -1.8908033e-01   1.5086771e-02
  -1.7490172e-01   1.1781693e-02
  -1.7526106e-01   1.0388097e-02
  -1.6974840e-01   3.2974075e-03
  -1.6187186e-01   6.5870166e-03
  -1.5384104e-01   8.0444547e-03
  -1.4958023e-01   1.2743535e-02
  -1.4972837e-01   1.2755992e-02
  -1.4861733e-01   1.2769942e-02
  -1.3127124e-01   8.5429397e-03
  -1.1842112e-01   6.6378667e-03
  -1.0456184e-01   7.1187650e-03
  -9.7087062e-02   1.0456071e-02
  -8.9589681e-02   1.4754552e-02
  -8.0638056e-02   2.0930958e-02
  -6.4283131e-02   1.6185809e-02
  -6.0636428e-02   1.2403771e-02
  -5.9145964e-02   9.5040654e-03
  -5.6741541e-02   9.5237627e-03
  -5.5471623e-02   1.2857643e-02
  -5.7749776e-02   1.6600037e-02
  -5.0215455e-02   1.7078626e-02
  -3.7773536e-02   1.7135270e-02
  -2.6400235e-02   9.9780414e-03
  -2.5267579e-02   1.0505383e-02
  -2.2807274e-02   1.1974116e-02
  -2.1431637e-02   1.3344673e-02
  -2.1490930e-02   1.6730670e-02
  -1.7626368e-02   1.8093493e-02
   2.0641555e-01   1.9858715e-02
   2.0950157e-01   2.4032581e-02
   2.1627292e-01   2.2644350e-02
   2.2290507e-01   1.8400934e-02
   2.1715456e-01   2.0242991e-02
   2.1936401e-01   1.6065529e-02
   2.2416277e-01   1.8869535e-02
   2.2873463e-01   2.0702132e-02
   2.2738447e-01   2.4470400e-02
   2.2684225e-01   2.2657573e-02
   2.3713912e-01   1.9229720e-02
   2.4122518e-01   1.5953254e-02
   2.4059692e-01   2.0238173e-02
   2.3805403e-01   2.0716359e-02
   2.5043308e-01   2.2066665e-02
   2.5923638e-01   2.3912431e-02
   2.5863907e-01   2.6674599e-02
   2.6693457e-01   1.9669182e-02
   2.7760789e-01   1.9674501e-02
   2.8315440e-01   1.7264767e-02
   2.9217192e-01   2.1918724e-02
   2.9612472e-01   2.6123448e-02
   3.0085334e-01   2.7006823e-02
   2.9544710e-01   2.6178781e-02
   3.0494712e-01   1.7216853e-02
   3.0212656e-01   1.6743298e-02
   3.1821012e-01   1.8139722e-02
   3.2408378e-01   2.2742531e-02
   3.3025557e-01   2.6887258e-02
   3.3041528e-01   2.9578566e-02
   3.3917007e-01   2.5452621e-02
   3.3893775e-01   2.2654870e-02
   3.4248484e-01   1.9847466e-02
   3.4790050e-01   1.9384311e-02
   3.4224769e-01   2.6309432e-02
   3.3126199e-01   3.1390348e-02
   3.2862490e-01   2.7795175e-02
   3.2305674e-01   2.5092706e-02
   3.1656121e-01   2.0450912e-02
   3.1001971e-01   1.6736252e-02
   3.0039924e-01   2.0531288e-02
   2.8913874e-01   2.5271466e-02
   2.7183961e-01   2.5268463e-02
   2.7287527e-01   2.3837061e-02
   2.7316030e-01   2.3391935e-02
   2.8214970e-01   1.8219136e-02
   2.7731961e-01   2.0123756e-02
   2.6640592e-01   2.2078423e-02
   2.5523841e-01   2.2028687e-02
   2.4536226e-01   2.2553091e-02
   2.3848542e-01   2.2643322e-02
   6.0857541e-02   1.7721895e-02
   5.0439685e-02   8.0968918e-03
   4.5247371e-02   1.4248378e-02
   3.5483915e-02   8.1405348e-03
   3.7797433e-03   2.1449756e-02
   5.0613629e-03   1.7706739e-02
  -5.0681544e-03   1.2454991e-02
  -7.6022315e-03   1.2454867e-02
   1.1390017e-02   1.5313441e-02
   8.8215892e-03   1.8589422e-02
  -6.3089363e-03   1.5268201e-02
  -2.5288972e-02   1.3383799e-02
  -4.6791557e-02   1.0510793e-02
  -4.7817113e-02   1.0933775e-02
  -5.9317118e-02   1.1438815e-02
  -7.0818073e-02   1.0978951e-02
  -6.5237014e-02   1.1842085e-02
  -7.3203174e-02   1.0479615e-02
  -8.0491780e-02   1.8990578e-02
  -7.8233243e-02   1.4763242e-02
  -8.8346695e-02   1.0947684e-02
  -8.9530441e-02   8.0832105e-03
  -9.0705538e-02   6.6497247e-03
  -8.8093020e-02   8.5424011e-03
  -9.6874930e-02   1.4230180e-02
  -9.8308599e-02   1.7108634e-02
  -1.0074602e-01   1.4715632e-02
  -1.0809999e-01   1.2785418e-02
  -1.1325356e-01   1.0424421e-02
  -1.2033638e-01   8.4910776e-03
  -1.3339558e-01   8.9891839e-03
  -1.4108334e-01   9.4655594e-03
  -1.5098659e-01   1.2754516e-02
  -1.5070616e-01   1.0372295e-02
  -1.4289417e-01   9.4173558e-03
  -1.4095568e-01   7.0922194e-03
  -1.3967308e-01   1.1348779e-02
  -1.4609444e-01   1.3245912e-02
  -1.5362801e-01   1.5600438e-02
  -1.5448855e-01   8.0121383e-03
  -1.5825656e-01   8.0092548e-03
  -1.6469944e-01   8.0120958e-03
  -1.6453377e-01   8.4751431e-03
  -1.7978333e-01   8.4699817e-03
  -1.9000572e-01   1.1291502e-02
  -1.9000115e-01   1.1761982e-02
  -1.8318191e-01   9.8584088e-03
  -1.7316018e-01   7.5193436e-03
  -1.7656329e-01   9.3772315e-03
  -1.7798370e-01   1.0323547e-02
  -1.9051776e-01   1.0309074e-02
  -9.9604287e-02   1.1404879e-02
  -9.3023246e-02   1.1375449e-02
  -7.7926028e-02   1.4230639e-02
  -7.5337759e-02   1.4218306e-02
  -8.1671808e-02   1.8496389e-02
  -8.1537675e-02   1.3726656e-02
  -7.0474416e-02   8.5497758e-03
  -7.4394465e-02   9.5169464e-03
  -7.9267958e-02   1.2819436e-02
  -7.2970727e-02   1.4248036e-02
  -7.4304573e-02   1.3785929e-02
  -6.9196379e-02   1.4250401e-02
  -5.6676100e-02   1.2844350e-02
  -5.5420801e-02   1.1417699e-02
  -4.0349540e-02   9.5284574e-03
  -3.9040253e-02   1.4278963e-02
  -3.2808477e-02   1.4309337e-02
  -2.7784151e-02   1.6712414e-02
  -1.6404238e-02   1.4312920e-02
  -1.5095992e-02   1.5697601e-02
  -1.1379383e-02   1.4342053e-02
   0.0000000e+00   1.3878365e-02
   7.5793548e-03   1.2895293e-02
   1.3877797e-02   1.7175912e-02
   2.3970740e-02   1.7173876e-02
   3.2869604e-02   1.6249532e-02
   3.7970174e-02   1.3872161e-02
   3.2673457e-02   1.6628155e-02
   6.6475209e-02   1.4481668e-02
   6.1390455e-02   1.7511608e-02
   7.0692158e-02   2.1936121e-02
   6.4271578e-02   1.8566075e-02
   6.6927300e-02   1.8124069e-02
   7.3198077e-02   1.1908654e-02
   8.8677345e-02   1.5292071e-02
   1.0346324e-01   1.5693479e-02
   1.0452076e-01   1.5186699e-02
   1.1227579e-01   1.8060672e-02
   1.2051125e-01   2.2936730e-02
   1.1836042e-01   2.0133261e-02
   1.1996848e-01   1.7593215e-02
   1.2769001e-01   1.5697663e-02
   1.4482675e-01   1.4193641e-02
   1.3735393e-01   1.9429706e-02
   1.4348116e-01   2.3394359e-02
   1.4630776e-01   2.0381848e-02
   1.5818432e-01   1.6146280e-02
   1.6196361e-01   1.7564429e-02
   1.6436390e-01   1.4698019e-02
   1.7622671e-01   1.8048599e-02
   1.8112406e-01   1.7546760e-02
   3.3905440e-01   2.1816815e-02
   3.3747848e-01   2.0874135e-02
   3.3481009e-01   2.4597271e-02
   3.3790451e-01   2.5458952e-02
   3.3920645e-01   2.4527071e-02
   3.3962973e-01   2.2233904e-02
   3.3199369e-01   2.3194686e-02
   3.2851961e-01   2.3233388e-02
   3.2753944e-01   2.3168247e-02
   3.2403500e-01   2.4134931e-02
   3.2178985e-01   2.5098693e-02
   3.2123205e-01   2.2732066e-02
   3.1527085e-01   2.1004479e-02
   3.1589596e-01   2.1425778e-02
   3.0952363e-01   2.2383326e-02
   3.0794785e-01   2.2367351e-02
   2.9895312e-01   2.6136572e-02
   2.8984432e-01   2.4751052e-02
   2.8261572e-01   2.1998191e-02
   2.7600392e-01   2.2000304e-02
   2.7308209e-01   1.9728464e-02
   2.6899143e-01   2.0191249e-02
   2.7022425e-01   2.1595550e-02
   2.5748834e-01   2.3520269e-02
   2.5500035e-01   2.1647048e-02
   2.4945023e-01   2.0681912e-02
   2.4571159e-01   1.7871706e-02
   2.3474305e-01   1.9823622e-02
   2.3067612e-01   2.1230360e-02
   2.2664780e-01   2.1220931e-02
   2.2941883e-01   2.0762215e-02
   2.2200493e-01   2.2222287e-02
   2.2030689e-01   2.1711009e-02
   2.2543809e-01   1.8394643e-02
   2.0952226e-01   2.3090126e-02
   2.0752340e-01   1.7002530e-02
   1.9822499e-01   1.9819320e-02
   1.9266112e-01   2.0859781e-02
   1.8704756e-01   1.9865010e-02
   1.9056700e-01   1.7105549e-02
   1.7868579e-01   2.2791982e-02
   1.8413807e-01   2.0776375e-02
   1.7618352e-01   2.0898378e-02
   1.7337001e-01   1.6121493e-02
   1.6476865e-01   2.1398718e-02
   1.5719722e-01   1.9035324e-02
   1.5195595e-01   2.0452653e-02
   1.4200610e-01   1.7155686e-02
   1.2387545e-01   1.8081398e-02
   1.1758341e-01   1.4757541e-02
   1.2134738e-01   1.8084847e-02
   1.1261533e-01   1.7637579e-02
  -6.3167540e-02   1.0971505e-02
  -6.3107524e-02   1.0007528e-02
  -7.1796789e-02   1.0934912e-02
  -7.9339869e-02   1.4257894e-02
  -9.0755651e-02   1.5689837e-02
  -1.0074290e-01   1.5190330e-02
  -1.1232651e-01   1.0931459e-02
  -1.1864900e-01   8.5512203e-03
  -1.1692403e-01   8.0451741e-03
  -1.1864455e-01   9.5013559e-03
  -1.2630808e-01   1.4733215e-02
  -1.3474780e-01   1.4679433e-02
  -1.4735388e-01   1.3244414e-02
  -1.5747892e-01   5.6708490e-03
  -1.6563398e-01   7.0548646e-03
  -1.6235074e-01   7.0781646e-03
  -1.7509098e-01   9.9062572e-03
  -1.7903123e-01   1.1799844e-02
  -1.7778280e-01   1.0385283e-02
  -1.7349074e-01   9.4174509e-03
  -1.8284386e-01   8.0205557e-03
  -1.9650498e-01   9.8823529e-03
  -2.1143654e-01   6.5696181e-03
  -2.1943307e-01   4.6970307e-03
  -2.3409643e-01   5.6140324e-03
  -2.3806831e-01   1.0296756e-02
  -2.3452696e-01   9.8434261e-03
  -2.5650467e-01   4.1925627e-03
  -2.5599314e-01   6.5416898e-03
  -2.5649964e-01   5.1242433e-03
  -2.6077072e-01   7.4633031e-03
  -2.6024108e-01   8.8458307e-03
  -2.5747870e-01   9.8200101e-03
  -2.6077072e-01   7.4633031e-03
  -2.5398207e-01   5.5922225e-03
  -2.5574866e-01   5.1349989e-03
  -2.5424162e-01   4.1981635e-03
  -2.6075725e-01   8.8626724e-03
  -2.6023611e-01   9.3114008e-03
  -2.4792721e-01   7.4704425e-03
  -2.3466005e-01   5.1305364e-03
  -2.2379370e-01   7.4885536e-03
  -2.0891328e-01   7.5105328e-03
  -2.0806370e-01   7.9966419e-03
  -2.0552632e-01   9.8813178e-03
  -1.9524533e-01   9.8838303e-03
  -2.1381457e-02   1.8550390e-02
  -1.7733069e-02   1.7243826e-02
  -6.3154042e-03   1.4805787e-02
   0.0000000e+00   1.2921236e-02
   5.0571929e-03   1.5298683e-02
   1.1357739e-02   1.2882188e-02
   1.3879660e-02   1.5267477e-02
   1.1353732e-02   1.8130487e-02
   1.6431831e-02   1.8643856e-02
   2.0211613e-02   1.2893888e-02
   3.7819474e-02   1.3817107e-02
   3.7848537e-02   1.7169306e-02
   4.9209703e-02   1.5256929e-02
   5.5516858e-02   1.5730488e-02
   5.2977889e-02   1.9545597e-02
   8.8756950e-02   1.6742330e-02
   6.8276300e-02   1.4321929e-02
   7.0732528e-02   1.4783038e-02
   8.3604578e-02   1.6252207e-02
   9.2355573e-02   1.9569374e-02
   1.0639455e-01   1.7662594e-02
   1.2123130e-01   1.7591567e-02
   1.1456261e-01   1.8970471e-02
   1.2006925e-01   1.9514430e-02
   1.2136872e-01   1.5705261e-02
   1.2124809e-01   1.5689776e-02
   1.2402063e-01   1.5717774e-02
   1.2628716e-01   1.7109540e-02
   1.3008909e-01   1.5679065e-02
   1.3448390e-01   2.1479664e-02
   1.3902755e-01   1.9484996e-02
   1.5386646e-01   1.8143686e-02
   1.5753538e-01   1.7165570e-02
   1.6703103e-01   1.7081029e-02
   1.7585513e-01   1.9435390e-02
   1.7188861e-01   1.9424197e-02
   1.7493823e-01   1.9476129e-02
   1.8126908e-01   1.9937444e-02
   1.8653328e-01   1.9470753e-02
   1.8959805e-01   1.8440746e-02
   2.0007533e-01   2.0347392e-02
   1.9786314e-01   1.7896998e-02
   2.0066632e-01   2.0881588e-02
   2.1846567e-01   1.9887567e-02
   2.2415375e-01   1.9341273e-02
   2.1969715e-01   2.1777965e-02
   2.2810952e-01   2.2653641e-02
   2.3344376e-01   2.1243385e-02
   2.3862753e-01   1.9714121e-02
   2.5553334e-01   2.0745751e-02
   2.6182889e-01   2.3080574e-02
   2.6053931e-01   2.2501406e-02
   3.3712674e-01   2.1318095e-02
   3.3447655e-01   2.4574297e-02
   3.3229105e-01   2.4145047e-02
   3.3199369e-01   2.3194686e-02
   3.2346192e-01   2.2790687e-02
   3.1583545e-01   2.3288889e-02
   3.0600850e-01   2.2886980e-02
   2.9583590e-01   2.3396103e-02
   2.9247639e-01   2.1472697e-02
   2.9083916e-01   2.0606673e-02
   2.7978893e-01   2.2454338e-02
   2.7162553e-01   2.3374444e-02
   2.6415657e-01   2.1167673e-02
   2.6264729e-01   2.0211520e-02
   2.5702470e-01   2.1597161e-02
   2.5650089e-01   2.2605570e-02
   2.4917976e-01   2.1601243e-02
   2.3950343e-01   2.3088558e-02
   2.3684571e-01   1.7894629e-02
   2.3373587e-01   1.8428759e-02
   2.2969538e-01   1.8420692e-02
   2.2409493e-01   2.2171704e-02
   2.2664780e-01   2.1220931e-02
   2.2437730e-01   1.9360010e-02
   2.1906035e-01   2.0770537e-02
   1.9952790e-01   2.7391970e-02
   2.0033712e-01   1.6577974e-02
   1.8853577e-01   1.7514674e-02
   1.8202783e-01   1.7510059e-02
   1.8306634e-01   2.0326838e-02
   1.7052609e-01   2.0994772e-02
   1.6463269e-01   1.9477474e-02
   1.6544299e-01   2.0528332e-02
   1.5594745e-01   1.7609812e-02
   1.3790633e-01   1.9030527e-02
   1.3479717e-01   1.7696056e-02
   1.2311025e-01   1.7199275e-02
   1.1907716e-01   1.5739276e-02
   1.0775616e-01   1.9112039e-02
   1.0120742e-01   2.0036069e-02
   9.3620718e-02   1.9567952e-02
   8.9749832e-02   1.7645177e-02
   7.8632739e-02   1.2922290e-02
   6.1887044e-02   1.5742494e-02
   5.8395450e-02   1.3905296e-02
   3.9077813e-02   1.4769567e-02
   3.7847174e-02   1.7646231e-02
   4.4117330e-02   1.5720398e-02
   3.6699982e-02   1.5786025e-02
   3.0373379e-02   1.5309676e-02
   2.1447504e-02   1.7174486e-02
  -9.5632019e-02   1.1384995e-02
  -9.9420974e-02   8.0625405e-03
  -1.0684846e-01   1.1839335e-02
  -1.1279882e-01   1.1799524e-02
  -1.2155928e-01   1.3678795e-02
  -1.2696416e-01   1.1349335e-02
  -1.3086172e-01   1.1830287e-02
  -1.3425244e-01   9.4335831e-03
  -1.3399498e-01   8.0029043e-03
  -1.4053353e-01   8.0143097e-03
  -1.4790195e-01   1.0354469e-02
  -1.5963604e-01   1.2731428e-02
  -1.7615560e-01   1.2251313e-02
  -1.7691210e-01   9.3954110e-03
  -1.9197210e-01   8.9105977e-03
  -1.9866850e-01   3.2867588e-03
  -1.9970793e-01   7.5042021e-03
  -1.9779109e-01   6.1167270e-03
  -1.9235211e-01   8.9278470e-03
  -1.9464871e-01   1.1732352e-02
  -1.8710925e-01   1.2212297e-02
  -1.8983026e-01   9.8704963e-03
  -1.8909875e-01   7.4913568e-03
  -1.9323672e-01   7.5025619e-03
  -1.9574925e-01   7.0315719e-03
  -1.9785837e-01   8.4191174e-03
  -2.0363022e-01   1.2669742e-02
  -2.0220574e-01   9.3773881e-03
  -2.0016897e-01   7.9413473e-03
  -1.9594561e-01   6.5691409e-03
  -1.9161147e-01   6.0849676e-03
  -1.8822310e-01   6.5685541e-03
  -1.8335916e-01   1.0337864e-02
  -1.8460674e-01   1.1276086e-02
  -1.8083926e-01   1.1280805e-02
  -1.7941790e-01   9.8624991e-03
  -1.7331921e-01   9.4083064e-03
  -1.6814359e-01   7.0530636e-03
  -1.6404107e-01   9.3894233e-03
  -1.6216945e-01   1.0371195e-02
  -1.5225624e-01   1.1336024e-02
  -1.4691696e-01   1.3205633e-02
  -1.4301235e-01   1.2725836e-02
  -1.4554747e-01   8.9532324e-03
  -1.3955675e-01   7.5584511e-03
  -1.3213194e-01   9.9364323e-03
  -1.2709285e-01   1.0887119e-02
  -1.2570407e-01   1.1823377e-02
  -1.2318371e-01   1.2771703e-02
  -1.2683245e-01   1.2283072e-02
  -1.2821162e-01   1.2766744e-02
  -1.2445563e-01   1.0405577e-02
