  -2.6654865e-01   6.5115668e-03
  -1.2958595e-01   1.4197773e-02
  -1.2229598e-01   1.1861681e-02
  -1.1462548e-01   1.0433759e-02
  -1.0591540e-01   9.9752854e-03
  -9.9388187e-02   1.4702280e-02
  -9.5717048e-02   1.3295596e-02
  -9.1670977e-02   1.2312160e-02
  -9.4278054e-02   1.1848566e-02
  -9.4469459e-02   1.0922190e-02
  -8.6731391e-02   1.2801844e-02
  -7.8015595e-02   1.1395751e-02
  -7.5502372e-02   1.0447353e-02
  -6.5241503e-02   1.0421035e-02
  -6.1520154e-02   1.5649286e-02
  -5.2791599e-02   1.3295440e-02
  -5.4212320e-02   1.2381964e-02
  -4.5436453e-02   1.0490303e-02
  -4.2948509e-02   1.3365488e-02
  -3.9229710e-02   1.6263420e-02
  -3.6411044e-02   1.5186632e-02
  -3.2675633e-02   1.5677974e-02
  -3.0190991e-02   1.6169857e-02
  -1.6342298e-02   1.0929788e-02
  -7.5568134e-03   1.2856915e-02
  -1.2606125e-03   1.4299894e-02
   0.0000000e+00   1.8534653e-02
   7.5557174e-03   1.5237825e-02
   8.8228750e-03   1.6682814e-02
   7.5405306e-03   1.5682892e-02
   7.5330801e-03   1.5667380e-02
   1.7616001e-02   1.1891819e-02
   1.8886768e-02   1.7140959e-02
   2.9016167e-02   1.7649463e-02
   4.2688810e-02   1.5184294e-02
   4.8956528e-02   1.8028134e-02
   5.4243548e-02   1.8591374e-02
   5.6496251e-02   1.6126466e-02
   5.6550214e-02   1.6617178e-02
   5.6498100e-02   1.5652159e-02
   8.9115671e-02   1.9418050e-02
   9.3082497e-02   1.7079994e-02
   8.9390868e-02   1.8050516e-02
   9.1649474e-02   1.6100516e-02
   8.1263778e-02   1.9349527e-02
   8.5790017e-02   1.7137832e-02
   8.9323561e-02   1.4710899e-02
   8.9147024e-02   1.4681940e-02
   2.0794534e-01   1.7874847e-02
   2.0089604e-01   2.2665739e-02
   2.0769801e-01   2.0207258e-02
   2.1422172e-01   1.9270526e-02
   2.1967017e-01   2.0706868e-02
   2.2549373e-01   2.2526719e-02
   2.2783842e-01   2.0153857e-02
   2.2323588e-01   2.0676441e-02
   2.2680424e-01   2.0176724e-02
   2.2495314e-01   2.0242105e-02
   2.3791856e-01   1.9657444e-02
   2.4485139e-01   2.3447733e-02
   2.4337124e-01   2.2492397e-02
   2.3933946e-01   2.2951541e-02
   2.4393994e-01   1.8779673e-02
   2.4620301e-01   1.9692440e-02
   2.4546128e-01   2.0103471e-02
   2.4258925e-01   2.4764124e-02
   2.4493014e-01   2.0165050e-02
   2.4999075e-01   1.9681373e-02
   2.5094894e-01   2.1999163e-02
   2.4705291e-01   2.6226550e-02
   2.4994727e-01   2.1555789e-02
   2.5002180e-01   1.9117602e-02
   2.4822464e-01   2.0115220e-02
   2.4942882e-01   2.2449988e-02
   2.5478799e-01   1.9647592e-02
   2.4773351e-01   2.0076814e-02
   2.3810227e-01   2.2018717e-02
   2.3478817e-01   2.2072916e-02
   2.3811317e-01   2.1550234e-02
   2.2067340e-01   2.2563731e-02
   2.0577392e-01   2.1215311e-02
   1.9657993e-01   1.9312829e-02
   1.8796734e-01   1.7935554e-02
   1.9230201e-01   1.9399635e-02
   2.0250262e-01   1.7851478e-02
   1.9887808e-01   2.0699636e-02
   2.0114070e-01   2.3492398e-02
   1.9168838e-01   2.1701988e-02
   1.8991029e-01   1.8819171e-02
   1.9049039e-01   1.7930354e-02
   1.8775137e-01   1.9804243e-02
   1.8342563e-01   1.9755062e-02
   1.8198456e-01   2.0349528e-02
   1.8270342e-01   2.0287288e-02
   1.8559140e-01   2.0321084e-02
   1.7911572e-01   1.9370604e-02
   1.7660002e-01   1.8903316e-02
   1.7267023e-01   1.7003246e-02
   1.7047520e-01   1.7987693e-02
   1.5595282e-01   1.8886654e-02
  -1.3855200e-02   1.1427891e-02
  -1.2569077e-02   1.3781503e-02
  -7.5479959e-03   1.5698434e-02
  -5.0416429e-03   1.6683086e-02
  -1.1320844e-02   1.7125186e-02
  -1.1324844e-02   1.1416791e-02
  -1.3868268e-02   1.2392508e-02
  -1.5099429e-02   1.1892122e-02
  -2.5187260e-02   1.4282903e-02
  -3.5287695e-02   1.8106210e-02
  -4.6537870e-02   1.8065162e-02
  -5.4098987e-02   1.4258614e-02
  -6.6824677e-02   1.0948104e-02
  -6.9142015e-02   1.0439978e-02
  -7.5510824e-02   7.5980747e-03
  -8.6656043e-02   1.0420862e-02
  -9.6680575e-02   1.4675598e-02
  -9.4268080e-02   1.3744336e-02
  -9.4256633e-02   1.5640107e-02
  -1.0534463e-01   1.7489263e-02
  -1.0822660e-01   9.0059986e-03
  -1.2322042e-01   5.2032863e-03
  -1.4946197e-01   8.4874019e-03
  -1.6451727e-01   1.0829350e-02
  -1.6216945e-01   1.0371195e-02
  -1.5448590e-01   8.4834405e-03
  -1.4079829e-01   1.0391748e-02
  -1.4675006e-01   1.5548605e-02
  -1.3689431e-01   9.9128799e-03
  -1.3900177e-01   8.4701120e-03
  -1.3011741e-01   6.1157634e-03
  -1.2497579e-01   9.4033810e-03
  -1.3157307e-01   1.5082079e-02
  -1.4689973e-01   1.5092152e-02
  -1.5276803e-01   9.8696493e-03
  -1.5826956e-01   5.1824590e-03
  -1.5905376e-01   5.1667338e-03
  -1.5934939e-01   8.9417222e-03
  -1.5403408e-01   7.5188499e-03
  -1.5571105e-01   1.2723646e-02
  -1.6589167e-01   1.5550921e-02
  -1.7827105e-01   1.6455688e-02
  -1.7315739e-01   7.9893025e-03
  -1.6487793e-01   4.7175911e-03
  -1.5718784e-01   2.8076524e-03
  -1.7060665e-01   1.3162309e-02
  -1.7828856e-01   1.5045200e-02
  -1.8153327e-01   1.3589571e-02
  -1.7906042e-01   1.0312161e-02
  -1.8658460e-01   8.8985266e-03
  -1.8427397e-01   7.0339270e-03
  -3.3874652e-02   1.0905210e-02
  -2.3859569e-02   1.2342034e-02
  -2.7651970e-02   1.3778910e-02
  -2.7701560e-02   1.6662699e-02
  -1.3798683e-02   1.3754128e-02
  -7.5479959e-03   1.5698434e-02
  -1.2555919e-03   1.4718094e-02
  -2.5114010e-03   1.3293743e-02
  -7.5570103e-03   1.2380733e-02
  -6.2779594e-03   1.4717921e-02
   3.7848537e-03   1.7176862e-02
   1.1298477e-02   1.7091311e-02
   2.6421200e-02   1.3792850e-02
   2.8881888e-02   1.2815675e-02
   3.1547531e-02   1.3832707e-02
   2.7702500e-02   1.6186621e-02
   3.0249857e-02   1.6678481e-02
   4.7946378e-02   1.5734306e-02
   5.6503319e-02   1.4229235e-02
   5.7980863e-02   1.6189672e-02
   6.4149154e-02   1.7579144e-02
   7.0524328e-02   1.4263719e-02
   7.8150699e-02   1.5700161e-02
   7.4344501e-02   1.9985587e-02
   8.4351571e-02   1.8530539e-02
   9.0836489e-02   1.7133114e-02
   9.4346848e-02   1.6129932e-02
   1.0052663e-01   1.7529256e-02
   1.0839532e-01   1.6622708e-02
   1.2769412e-01   1.5221976e-02
   1.3170616e-01   1.9535772e-02
   1.2838403e-01   2.1319698e-02
   1.3584527e-01   1.7501615e-02
   1.4115599e-01   1.7528462e-02
   1.4114543e-01   1.8475946e-02
   1.4853555e-01   2.0337315e-02
   1.6648814e-01   2.0342530e-02
   1.7264439e-01   1.8892496e-02
   1.6883593e-01   2.0789929e-02
   1.6033397e-01   2.0849116e-02
   1.6068615e-01   1.8516166e-02
   1.5614650e-01   1.5596717e-02
   1.6259298e-01   1.6547990e-02
   1.6900344e-01   2.0810235e-02
   1.7908534e-01   2.1260419e-02
   1.8050071e-01   2.2696765e-02
   1.7800858e-01   2.0811104e-02
   1.6887042e-01   1.8427437e-02
   1.8221736e-01   1.6464852e-02
   1.9448906e-01   1.6523552e-02
   1.8667635e-01   1.9826354e-02
   1.8647550e-01   2.0750276e-02
   2.9039329e-01   1.9554162e-02
   2.7516892e-01   2.2404344e-02
   2.6145062e-01   2.5753156e-02
   2.5696249e-01   2.3358674e-02
   2.5402012e-01   2.0157778e-02
   2.5205496e-01   1.7766195e-02
   2.5074826e-01   1.9268133e-02
   2.4282108e-01   2.3031467e-02
   2.2362825e-01   2.3070524e-02
   2.0806349e-01   2.2600610e-02
   1.9844596e-01   1.8421548e-02
   1.9374384e-01   2.0362784e-02
   1.8904122e-01   1.7915541e-02
   1.8708416e-01   1.7500128e-02
   1.8327811e-01   1.8453957e-02
   1.7221674e-01   2.0411646e-02
   1.6238828e-01   2.1901313e-02
   1.4183155e-01   1.9995238e-02
   1.2893638e-01   1.7598656e-02
   1.2717966e-01   1.6109809e-02
   1.2629591e-01   1.6159010e-02
   1.2249413e-01   1.7589901e-02
   1.1249484e-01   1.8572589e-02
   1.0324767e-01   1.7086414e-02
   9.0839671e-02   1.6657194e-02
   7.9499778e-02   1.3809925e-02
   7.9741801e-02   1.2895822e-02
   7.1988666e-02   1.6212751e-02
   7.0915773e-02   2.0088412e-02
   7.0500069e-02   1.9018292e-02
   7.4583544e-02   1.7181514e-02
   7.1983683e-02   1.7166442e-02
   6.2964312e-02   1.5219383e-02
   3.7841349e-02   1.9553932e-02
   3.0250885e-02   1.6201953e-02
   3.1548419e-02   1.3355718e-02
   2.6494904e-02   1.6696164e-02
   1.8904820e-02   1.7634588e-02
   7.5489144e-03   1.3795594e-02
  -1.0085193e-02   1.3822801e-02
  -1.8889294e-02   1.5236408e-02
  -1.6404716e-02   1.3835823e-02
  -1.1357739e-02   1.2882188e-02
  -1.7648575e-02   1.4298519e-02
  -3.4070341e-02   1.4308963e-02
  -2.9025333e-02   1.2879338e-02
  -3.0227254e-02   1.2853500e-02
  -3.7857037e-02   1.3830830e-02
  -5.2923204e-02   2.0002471e-02
  -5.5477091e-02   1.0952807e-02
  -6.1970976e-02   9.0728664e-03
  -1.9197556e-01   8.4416189e-03
  -1.9340624e-01   1.0325995e-02
  -1.9720427e-01   6.0990045e-03
  -2.0975931e-01   7.0264471e-03
  -2.1620560e-01   1.2181066e-02
  -2.1497334e-01   9.8401612e-03
  -2.2231637e-01   7.4826297e-03
  -2.2481688e-01   8.8826216e-03
  -2.2881515e-01   8.4188616e-03
  -2.4241645e-01   6.9953373e-03
  -2.5220319e-01   8.3739764e-03
  -2.4719243e-01   7.4491066e-03
  -2.4716908e-01   6.0824810e-03
  -2.4117515e-01   4.6644059e-03
  -2.4312150e-01   8.8862007e-03
  -2.3862789e-01   9.3321787e-03
  -2.3440924e-01   7.9214416e-03
  -2.2757800e-01   5.6135418e-03
  -2.2231975e-01   7.0149654e-03
  -2.0954554e-01   7.9556465e-03
  -1.9971379e-01   6.5661768e-03
  -1.9271770e-01   1.0828355e-02
  -1.8908033e-01   1.5086771e-02
  -1.7490172e-01   1.1781693e-02
  -1.7526106e-01   1.0388097e-02
  -1.6974840e-01   3.2974075e-03
  -1.6187186e-01   6.5870166e-03
  -1.5384104e-01   8.0444547e-03
  -1.4958023e-01   1.2743535e-02
  -1.4972837e-01   1.2755992e-02
  -1.4861733e-01   1.2769942e-02
  -1.3127124e-01   8.5429397e-03
  -1.1842112e-01   6.6378667e-03
  -1.0456184e-01   7.1187650e-03
  -9.7087062e-02   1.0456071e-02
  -8.9589681e-02   1.4754552e-02
  -8.0638056e-02   2.0930958e-02
  -6.4283131e-02   1.6185809e-02
  -6.0636428e-02   1.2403771e-02
  -5.9145964e-02   9.5040654e-03
  -5.6741541e-02   9.5237627e-03
  -5.5471623e-02   1.2857643e-02
  -5.7749776e-02   1.6600037e-02
  -5.0215455e-02   1.7078626e-02
  -3.7773536e-02   1.7135270e-02
  -2.6400235e-02   9.9780414e-03
  -2.5267579e-02   1.0505383e-02
  -2.2807274e-02   1.1974116e-02
  -2.1431637e-02   1.3344673e-02
  -2.1490930e-02   1.6730670e-02
  -1.7626368e-02   1.8093493e-02
   2.0641555e-01   1.9858715e-02
   2.0950157e-01   2.4032581e-02
   2.1627292e-01   2.2644350e-02
   2.2290507e-01   1.8400934e-02
   2.1715456e-01   2.0242991e-02
   2.1936401e-01   1.6065529e-02
   2.2416277e-01   1.8869535e-02
   2.2873463e-01   2.0702132e-02
   2.2738447e-01   2.4470400e-02
   2.2684225e-01   2.2657573e-02
   2.3713912e-01   1.9229720e-02
   2.4122518e-01   1.5953254e-02
   2.4059692e-01   2.0238173e-02
   2.3805403e-01   2.0716359e-02
   2.5043308e-01   2.2066665e-02
   2.5923638e-01   2.3912431e-02
   2.5863907e-01   2.6674599e-02
   2.6693457e-01   1.9669182e-02
   2.7760789e-01   1.9674501e-02
   2.8315440e-01   1.7264767e-02
   2.9217192e-01   2.1918724e-02
   2.9612472e-01   2.6123448e-02
   3.0085334e-01   2.7006823e-02
   2.9544710e-01   2.6178781e-02
   3.0494712e-01   1.7216853e-02
   3.0212656e-01   1.6743298e-02
   3.1821012e-01   1.8139722e-02
   3.2408378e-01   2.2742531e-02
   3.3025557e-01   2.6887258e-02
   3.3041528e-01   2.9578566e-02
   3.3917007e-01   2.5452621e-02
   3.3893775e-01   2.2654870e-02
   3.4248484e-01   1.9847466e-02
   3.4790050e-01   1.9384311e-02
   3.4224769e-01   2.6309432e-02
   3.3126199e-01   3.1390348e-02
   3.2862490e-01   2.7795175e-02
   3.2305674e-01   2.5092706e-02
   3.1656121e-01   2.0450912e-02
   3.1001971e-01   1.6736252e-02
   3.0039924e-01   2.0531288e-02
   2.8913874e-01   2.5271466e-02
   2.7183961e-01   2.5268463e-02
   2.7287527e-01   2.3837061e-02
   2.7316030e-01   2.3391935e-02
   2.8214970e-01   1.8219136e-02
   2.7731961e-01   2.0123756e-02
   2.6640592e-01   2.2078423e-02
   2.5523841e-01   2.2028687e-02
   2.4536226e-01   2.2553091e-02
   2.3848542e-01   2.2643322e-02
   6.0857541e-02   1.7721895e-02
   5.0439685e-02   8.0968918e-03
   4.5247371e-02   1.4248378e-02
   3.5483915e-02   8.1405348e-03
   3.7797433e-03   2.1449756e-02
   5.0613629e-03   1.7706739e-02
  -5.0681544e-03   1.2454991e-02
  -7.6022315e-03   1.2454867e-02
   1.1390017e-02   1.5313441e-02
   8.8215892e-03   1.8589422e-02
  -6.3089363e-03   1.5268201e-02
  -2.5288972e-02   1.3383799e-02
  -4.6791557e-02   1.0510793e-02
  -4.7817113e-02   1.0933775e-02
  -5.9317118e-02   1.1438815e-02
  -7.0818073e-02   1.0978951e-02
  -6.5237014e-02   1.1842085e-02
  -7.3203174e-02   1.0479615e-02
  -8.0491780e-02   1.8990578e-02
  -7.8233243e-02   1.4763242e-02
  -8.8346695e-02   1.0947684e-02
  -8.9530441e-02   8.0832105e-03
  -9.0705538e-02   6.6497247e-03
  -8.8093020e-02   8.5424011e-03
  -9.6874930e-02   1.4230180e-02
  -9.8308599e-02   1.7108634e-02
  -1.0074602e-01   1.4715632e-02
  -1.0809999e-01   1.2785418e-02
  -1.1325356e-01   1.0424421e-02
  -1.2033638e-01   8.4910776e-03
  -1.3339558e-01   8.9891839e-03
  -1.4108334e-01   9.4655594e-03
  -1.5098659e-01   1.2754516e-02
  -1.5070616e-01   1.0372295e-02
  -1.4289417e-01   9.4173558e-03
  -1.4095568e-01   7.0922194e-03
  -1.3967308e-01   1.1348779e-02
  -1.4609444e-01   1.3245912e-02
  -1.5362801e-01   1.5600438e-02
  -1.5448855e-01   8.0121383e-03
  -1.5825656e-01   8.0092548e-03
  -1.6469944e-01   8.0120958e-03
  -1.6453377e-01   8.4751431e-03
  -1.7978333e-01   8.4699817e-03
  -1.9000572e-01   1.1291502e-02
  -1.9000115e-01   1.1761982e-02
  -1.8318191e-01   9.8584088e-03
  -1.7316018e-01   7.5193436e-03
  -1.7656329e-01   9.3772315e-03
  -1.7798370e-01   1.0323547e-02
  -1.9051776e-01   1.0309074e-02
  -9.9604287e-02   1.1404879e-02
  -9.3023246e-02   1.1375449e-02
  -7.7926028e-02   1.4230639e-02
  -7.5337759e-02   1.4218306e-02
  -8.1671808e-02   1.8496389e-02
  -8.1537675e-02   1.3726656e-02
  -7.0474416e-02   8.5497758e-03
  -7.4394465e-02   9.5169464e-03
  -7.9267958e-02   1.2819436e-02
  -7.2970727e-02   1.4248036e-02
  -7.4304573e-02   1.3785929e-02
  -6.9196379e-02   1.4250401e-02
  -5.6676100e-02   1.2844350e-02
  -5.5420801e-02   1.1417699e-02
  -4.0349540e-02   9.5284574e-03
  -3.9040253e-02   1.4278963e-02
  -3.2808477e-02   1.4309337e-02
  -2.7784151e-02   1.6712414e-02
  -1.6404238e-02   1.4312920e-02
  -1.5095992e-02   1.5697601e-02
  -1.1379383e-02   1.4342053e-02
   0.0000000e+00   1.3878365e-02
   7.5793548e-03   1.2895293e-02
   1.3877797e-02   1.7175912e-02
   2.3970740e-02   1.7173876e-02
   3.2869604e-02   1.6249532e-02
   3.7970174e-02   1.3872161e-02
   3.2673457e-02   1.6628155e-02
   6.6475209e-02   1.4481668e-02
   6.1390455e-02   1.7511608e-02
   7.0692158e-02   2.1936121e-02
   6.4271578e-02   1.8566075e-02
   6.6927300e-02   1.8124069e-02
   7.3198077e-02   1.1908654e-02
   8.8677345e-02   1.5292071e-02
   1.0346324e-01   1.5693479e-02
   1.0452076e-01   1.5186699e-02
   1.1227579e-01   1.8060672e-02
   1.2051125e-01   2.2936730e-02
   1.1836042e-01   2.0133261e-02
   1.1996848e-01   1.7593215e-02
   1.2769001e-01   1.5697663e-02
   1.4482675e-01   1.4193641e-02
   1.3735393e-01   1.9429706e-02
   1.4348116e-01   2.3394359e-02
   1.4630776e-01   2.0381848e-02
   1.5818432e-01   1.6146280e-02
   1.6196361e-01   1.7564429e-02
   1.6436390e-01   1.4698019e-02
   1.7622671e-01   1.8048599e-02
   1.8112406e-01   1.7546760e-02
   3.3905440e-01   2.1816815e-02
   3.3747848e-01   2.0874135e-02
   3.3481009e-01   2.4597271e-02
   3.3790451e-01   2.5458952e-02
   3.3920645e-01   2.4527071e-02
   3.3962973e-01   2.2233904e-02
   3.3199369e-01   2.3194686e-02
   3.2851961e-01   2.3233388e-02
   3.2753944e-01   2.3168247e-02
   3.2403500e-01   2.4134931e-02
   3.2178985e-01   2.5098693e-02
   3.2123205e-01   2.2732066e-02
   3.1527085e-01   2.1004479e-02
   3.1589596e-01   2.1425778e-02
   3.0952363e-01   2.2383326e-02
   3.0794785e-01   2.2367351e-02
   2.9895312e-01   2.6136572e-02
   2.8984432e-01   2.4751052e-02
   2.8261572e-01   2.1998191e-02
   2.7600392e-01   2.2000304e-02
   2.7308209e-01   1.9728464e-02
   2.6899143e-01   2.0191249e-02
   2.7022425e-01   2.1595550e-02
   2.5748834e-01   2.3520269e-02
   2.5500035e-01   2.1647048e-02
   2.4945023e-01   2.0681912e-02
   2.4571159e-01   1.7871706e-02
   2.3474305e-01   1.9823622e-02
   2.3067612e-01   2.1230360e-02
   2.2664780e-01   2.1220931e-02
   2.2941883e-01   2.0762215e-02
   2.2200493e-01   2.2222287e-02
   2.2030689e-01   2.1711009e-02
   2.2543809e-01   1.8394643e-02
   2.0952226e-01   2.3090126e-02
   2.0752340e-01   1.7002530e-02
   1.9822499e-01   1.9819320e-02
   1.9266112e-01   2.0859781e-02
   1.8704756e-01   1.9865010e-02
   1.9056700e-01   1.7105549e-02
   1.7868579e-01   2.2791982e-02
   1.8413807e-01   2.0776375e-02
   1.7618352e-01   2.0898378e-02
   1.7337001e-01   1.6121493e-02
   1.6476865e-01   2.1398718e-02
   1.5719722e-01   1.9035324e-02
   1.5195595e-01   2.0452653e-02
   1.4200610e-01   1.7155686e-02
   1.2387545e-01   1.8081398e-02
   1.1758341e-01   1.4757541e-02
   1.2134738e-01   1.8084847e-02
   1.1261533e-01   1.7637579e-02
