   9.2591313e-02   2.1245276e-02
   8.1361803e-02   1.6534112e-02
   7.3765401e-02   1.8884379e-02
   6.3881269e-02   2.0349350e-02
   6.7644519e-02   1.9399899e-02
   6.7726306e-02   1.6577208e-02
   6.1588479e-02   1.3765987e-02
   6.5045858e-02   1.1334888e-02
   6.7938263e-02   1.4251161e-02
   6.2779594e-02   1.4700134e-02
   6.4024705e-02   1.7070282e-02
   6.6128490e-02   1.9796145e-02
   6.2633814e-02   1.9403821e-02
   6.2401602e-02   1.6499246e-02
   6.1290240e-02   1.2281264e-02
   5.3995122e-02   1.3281761e-02
   5.3887104e-02   1.3728999e-02
   5.4040469e-02   1.5668974e-02
   5.0167634e-02   1.6587838e-02
   4.5139008e-02   1.9908356e-02
   5.3767244e-02   1.7481856e-02
   5.0072110e-02   1.5609162e-02
   5.2685882e-02   1.3743110e-02
   5.5087483e-02   1.3241977e-02
   4.7520145e-02   1.6067561e-02
   4.3719432e-02   1.7942113e-02
   4.3808691e-02   1.7031278e-02
   4.1263233e-02   1.7488296e-02
   3.8842886e-02   1.6103024e-02
   3.8811636e-02   1.3248248e-02
   4.1520191e-02   1.3313001e-02
   4.0100879e-02   1.4208115e-02
   4.3902332e-02   1.4694772e-02
   4.3848725e-02   1.7995185e-02
   4.5053716e-02   1.8922989e-02
   5.2562669e-02   1.8918689e-02
   5.2620390e-02   1.7517033e-02
   5.3990451e-02   1.4704807e-02
   4.8972320e-02   1.3283888e-02
   4.0141625e-02   1.3748069e-02
   3.7664167e-02   1.6135331e-02
   3.2604256e-02   1.8491922e-02
   3.7585993e-02   1.7524400e-02
   4.0058953e-02   1.5140392e-02
   4.5113488e-02   1.4206234e-02
   4.5028406e-02   1.2760449e-02
   4.8926543e-02   1.2322869e-02
   4.7571462e-02   1.4664263e-02
   4.5195477e-02   1.6606686e-02
   4.7560303e-02   1.7975548e-02
   4.8710354e-02   1.9355824e-02
   4.3890345e-02   1.8486971e-02
   4.0132718e-02   1.7066569e-02
   3.7634829e-02   1.2800701e-02
   3.3905704e-02   1.2339814e-02
   3.2613161e-02   1.4698707e-02
   3.2482870e-02   1.5585449e-02
   2.6259350e-02   1.7020988e-02
   2.7564041e-02   1.7054221e-02
   2.7538764e-02   1.6090888e-02
   2.8823334e-02   1.3737822e-02
   3.1390733e-02   1.4238971e-02
   3.7669966e-02   1.3762488e-02
   4.2740410e-02   1.1399483e-02
   6.0205154e-02   1.5634597e-02
   5.9899204e-02   1.7915160e-02
   6.0244772e-02   1.9918216e-02
   5.6314931e-02   1.9389200e-02
   5.2724347e-02   1.7551627e-02
   5.3928340e-02   1.7059706e-02
   5.7637830e-02   1.6093978e-02
   6.0271945e-02   1.3753054e-02
   5.6449159e-02   1.3741362e-02
   5.7753614e-02   1.5651463e-02
   6.1394758e-02   1.6565035e-02
   6.5282356e-02   1.6595274e-02
   7.0237051e-02   1.6101849e-02
   8.0268215e-02   1.6567693e-02
   9.0301741e-02   1.6558935e-02
   1.0160556e-01   1.4183888e-02
   1.1434053e-01   1.8459878e-02
   1.1285209e-01   1.9370191e-02
   1.0540545e-01   2.2237915e-02
   1.0817696e-01   1.7063997e-02
   1.0398791e-01   1.7473528e-02
   9.9378680e-02   1.6125081e-02
   1.0410805e-01   1.5127074e-02
   1.0671863e-01   1.5612573e-02
   1.0023970e-01   1.6060557e-02
   9.9349052e-02   1.9919218e-02
   9.7723582e-02   1.7480340e-02
   1.0293037e-01   1.8455715e-02
   1.0920240e-01   1.8921170e-02
   1.1174424e-01   1.5134349e-02
   1.0692643e-01   1.6117341e-02
   1.0072943e-01   1.7089121e-02
   9.6845424e-02   1.8499234e-02
   9.1459250e-02   1.7486737e-02
   9.5217849e-02   1.7482949e-02
   9.9178963e-02   1.6566710e-02
   1.0557405e-01   1.4681983e-02
   1.1080624e-01   1.6603514e-02
   1.1173326e-01   1.6553194e-02
   1.1319595e-01   1.8479655e-02
   1.0896932e-01   2.0772495e-02
   1.0554511e-01   1.8470882e-02
   1.0303213e-01   1.8473868e-02
   9.9175523e-02   1.7040045e-02
   1.0672849e-01   1.4193248e-02
   1.1267259e-01   1.4145574e-02
   1.1812301e-01   1.7035291e-02
   1.1031077e-01   2.2681209e-02
   1.1146460e-01   2.1713003e-02
   1.1444925e-01   1.8951821e-02
   1.1710205e-01   1.6596181e-02
   1.1562515e-01   1.5145219e-02
   1.2202593e-01   1.5626668e-02
   1.2328393e-01   1.5625185e-02
   1.2832399e-01   1.4672494e-02
   1.2739399e-01   1.9939521e-02
   1.1932632e-01   2.2238476e-02
   1.1932077e-01   2.2711636e-02
   1.2428325e-01   1.7010626e-02
   1.2655263e-01   1.6031078e-02
   1.2467320e-01   1.4691219e-02
   1.1940623e-01   1.3721613e-02
   1.2453784e-01   1.6097133e-02
   1.3192105e-01   1.9380699e-02
   1.3746691e-01   2.1346239e-02
   1.4332651e-01   2.2690127e-02
   1.4852271e-01   2.1283236e-02
   1.4729479e-01   1.8920591e-02
   1.4984534e-01   1.6078818e-02
   1.5014290e-01   1.6110343e-02
   1.5363768e-01   1.4654957e-02
   1.5594663e-01   1.9358820e-02
   1.6113660e-01   1.9368278e-02
   1.6216969e-01   2.3593882e-02
   1.6454471e-01   2.2151088e-02
   1.6458722e-01   1.9323290e-02
   1.6224124e-01   1.8875105e-02
   1.6746852e-01   1.6523456e-02
   1.7109865e-01   1.4615112e-02
   1.8617778e-01   1.6003192e-02
   1.9654665e-01   2.1197007e-02
   1.9127277e-01   2.3543355e-02
   1.9003268e-01   2.2604917e-02
   1.8371342e-01   2.4034909e-02
   1.7861137e-01   1.7429825e-02
   1.7591514e-01   1.7888372e-02
   1.8384386e-01   1.6023273e-02
   1.8653426e-01   1.6977499e-02
   1.9513412e-01   1.8826343e-02
   1.9820814e-01   2.0763098e-02
   2.0137772e-01   2.1633921e-02
   2.0492203e-01   2.3011870e-02
   2.0466668e-01   2.3599151e-02
   2.0435145e-01   1.8842737e-02
   2.0753375e-01   1.7840339e-02
   2.0755604e-01   1.6431892e-02
   2.0687431e-01   1.8836823e-02
   2.1420401e-01   2.0210551e-02
   2.1798408e-01   2.0200588e-02
   2.1436845e-01   2.2582419e-02
   2.1876152e-01   2.2502350e-02
   2.1671477e-01   2.0673786e-02
   2.1677527e-01   1.7384774e-02
   2.1780331e-01   1.8303808e-02
   2.1318145e-01   1.8821748e-02
   2.1148317e-01   1.9727878e-02
   1.9612170e-01   2.3036504e-02
   1.9525993e-01   2.2613528e-02
   1.9659542e-01   1.8370740e-02
   1.9727626e-01   1.7845094e-02
   1.9041430e-01   1.8743771e-02
   1.9282205e-01   1.7907690e-02
   1.8794537e-01   1.9351519e-02
   1.8868074e-01   1.6939703e-02
   1.9008308e-01   1.9779302e-02
   1.8644174e-01   2.2636665e-02
   1.8626589e-01   2.2143543e-02
   1.9235013e-01   2.3046754e-02
   1.9622094e-01   1.7394911e-02
   1.9024121e-01   1.7789408e-02
   1.8506986e-01   1.8377041e-02
   1.7893814e-01   1.9351743e-02
   1.7245949e-01   1.9817798e-02
   1.6001614e-01   2.0808356e-02
   1.5832363e-01   1.7920494e-02
   1.5486594e-01   1.7489322e-02
   1.5517341e-01   1.7523581e-02
   1.5595887e-01   1.8414488e-02
   1.5483589e-01   1.9852744e-02
   1.5384089e-01   2.2736006e-02
   1.5074154e-01   2.1236772e-02
   1.4332651e-01   2.2690127e-02
   1.3608255e-01   2.0379652e-02
   1.3671140e-01   1.6033747e-02
   1.2443027e-01   1.4189424e-02
   1.2316200e-01   1.5609859e-02
   1.1559702e-01   1.8458236e-02
   1.0176767e-01   1.9422788e-02
   1.0552817e-01   2.0365332e-02
   9.9451497e-02   1.9464124e-02
   1.0072582e-01   1.7563819e-02
   9.8023682e-02   1.6110445e-02
   9.6671363e-02   1.6095817e-02
   1.0200840e-01   1.4239813e-02
   9.2993685e-02   1.6589197e-02
   8.8201650e-02   2.0447182e-02
   7.8211627e-02   1.8573110e-02
   8.3019524e-02   1.7089347e-02
   8.4199830e-02   1.6122980e-02
   8.0671689e-02   1.5698218e-02
   8.1764500e-02   1.6615707e-02
   7.0443262e-02   1.6624564e-02
   6.5409322e-02   1.7103169e-02
   6.0260636e-02   1.6598514e-02
   6.1336338e-02   1.6075916e-02
   6.1631234e-02   1.8056026e-02
   5.5182487e-02   1.7058983e-02
   4.9022091e-02   1.2822128e-02
   4.7857182e-02   1.3799721e-02
   4.7720328e-02   1.1861061e-02
   4.8817082e-02   1.6555806e-02
   3.6456752e-02   2.3776108e-02
   4.0163182e-02   1.9930672e-02
   3.5022094e-02   1.2763617e-02
   3.3975317e-02   1.0937611e-02
   2.2650211e-02   1.0939786e-02
   1.6337816e-02   1.5681869e-02
   1.5037829e-02   1.4214205e-02
   1.5096473e-02   1.5221917e-02
   1.1287327e-02   1.7074424e-02
   8.7700651e-03   1.7531664e-02
   1.1299620e-02   1.5667035e-02
   1.6276282e-02   1.2780015e-02
   1.5067986e-02   1.3767576e-02
   8.7723192e-03   1.3741034e-02
   2.5062305e-03   1.4689014e-02
   1.2529109e-03   1.7058235e-02
   0.0000000e+00   1.8516320e-02
   2.5009766e-03   1.6551692e-02
   2.5112586e-03   1.4243296e-02
   3.7596697e-03   1.3267464e-02
   2.5114685e-03   1.2818966e-02
  -2.5041700e-03   1.1834297e-02
  -8.7801966e-03   1.5177503e-02
  -8.7888726e-03   1.5192514e-02
  -2.5060743e-03   1.5636692e-02
  -3.7519451e-03   1.4660034e-02
  -6.2715690e-03   1.5177680e-02
  -5.0028845e-03   1.3714179e-02
  -5.0181070e-03   1.2331919e-02
   0.0000000e+00   1.2307692e-02
   0.0000000e+00   1.4674556e-02
   0.0000000e+00   1.8005923e-02
  -2.5055476e-03   1.8479727e-02
   1.2518423e-03   1.5147922e-02
   5.0027414e-03   1.4187082e-02
   5.0177031e-03   1.3754833e-02
   3.7596697e-03   1.3267464e-02
   2.5035240e-03   1.6094643e-02
   7.5031807e-03   1.6078537e-02
   1.3757932e-02   1.3713480e-02
   1.1276198e-02   1.7057570e-02
   7.5103203e-03   1.6567757e-02
   7.5182230e-03   1.5636448e-02
   1.0017147e-02   1.0887235e-02
  -1.2544606e-03   1.3280626e-02
  -5.0124610e-03   1.4688928e-02
  -1.0015045e-02   1.4674100e-02
  -7.5184609e-03   1.5162617e-02
  -8.7712602e-03   1.5636349e-02
  -8.7807277e-03   1.4228909e-02
  -1.2507211e-02   1.3713620e-02
  -2.2553934e-02   1.6108020e-02
  -2.2558622e-02   1.2791663e-02
  -2.3834090e-02   1.3752517e-02
  -2.3811241e-02   1.3265189e-02
  -2.7620389e-02   1.6138613e-02
  -2.6261133e-02   1.6075377e-02
  -2.5016424e-02   1.2293180e-02
  -2.6319725e-02   1.1843457e-02
  -2.2554669e-02   1.5634255e-02
  -2.1346314e-02   1.3766600e-02
  -3.2612159e-02   1.5172859e-02
  -3.7591115e-02   1.5629870e-02
  -4.1274938e-02   1.3234386e-02
  -4.2616707e-02   9.9450416e-03
  -4.6426256e-02   8.0578573e-03
  -4.8969543e-02   1.4232738e-02
  -5.1476047e-02   1.5654788e-02
  -5.3885556e-02   1.4202413e-02
  -5.6391861e-02   1.4201197e-02
  -6.1459428e-02   1.5633859e-02
  -6.0273624e-02   1.3278811e-02
  -6.5109970e-02   1.1346037e-02
  -6.7680909e-02   1.1356038e-02
  -7.1514724e-02   1.0418270e-02
  -7.9106928e-02   1.3741891e-02
  -8.2880609e-02   1.2317994e-02
  -7.7616596e-02   1.4647202e-02
  -7.2609074e-02   1.4650609e-02
  -6.5115540e-02   9.4550311e-03
  -6.6228318e-02   1.2266786e-02
  -6.6627760e-02   1.0441080e-02
  -7.1435637e-02   1.2773477e-02
  -6.8987259e-02   1.5155500e-02
  -6.6349671e-02   1.4654552e-02
  -7.1440959e-02   1.1354202e-02
  -7.6289550e-02   1.4633695e-02
  -8.3873432e-02   1.5114970e-02
  -8.5403666e-02   9.4741430e-03
  -9.6607610e-02   1.0404708e-02
  -9.9012300e-02   1.1810143e-02
  -1.0924594e-01   1.3244819e-02
  -1.1152031e-01   1.5576720e-02
  -1.1415592e-01   1.3227264e-02
  -1.2009253e-01   9.8869107e-03
  -1.2936144e-01   9.4466503e-03
  -1.3663646e-01   7.5379297e-03
  -1.4900833e-01   1.0343218e-02
  -1.5195157e-01   1.1785329e-02
  -1.4665454e-01   9.4142172e-03
  -1.4497191e-01   9.3878294e-03
  -1.4791599e-01   8.0011806e-03
  -1.4789870e-01   1.0825127e-02
  -1.4303803e-01   8.9552177e-03
  -1.3312378e-01   1.0388162e-02
  -1.3284166e-01   1.3195477e-02
  -1.3172190e-01   1.2737945e-02
  -1.2395015e-01   1.2720581e-02
  -1.2157497e-01   1.1320382e-02
  -1.1759060e-01   9.8887184e-03
  -1.1782266e-01   9.9080755e-03
  -1.1292261e-01   9.4488738e-03
  -1.1177128e-01   1.0877813e-02
  -1.1017791e-01   1.2733204e-02
  -1.0922966e-01   1.5609965e-02
  -1.0880308e-01   1.5077719e-02
  -1.0632496e-01   1.1310164e-02
  -1.1019103e-01   1.0375203e-02
  -1.0778287e-01   1.2275684e-02
  -1.0392553e-01   1.1323077e-02
  -1.0916060e-01   8.9787398e-03
  -1.0893886e-01   1.0376080e-02
  -1.0788362e-01   1.3232937e-02
  -1.0881865e-01   1.2721825e-02
  -1.0393018e-01   1.0379488e-02
  -9.7952253e-02   1.1834268e-02
  -9.9107613e-02   1.2294612e-02
  -9.4003414e-02   1.0868574e-02
  -9.0332405e-02   1.0881586e-02
  -8.4048863e-02   1.3251622e-02
  -7.8955178e-02   1.2769012e-02
  -7.6519972e-02   1.3730021e-02
  -6.7746130e-02   1.1840863e-02
  -6.5109970e-02   1.1346037e-02
  -6.6480674e-02   1.4683434e-02
  -6.1406234e-02   1.3725315e-02
  -5.3619545e-02   1.4603874e-02
  -4.5207605e-02   1.2336395e-02
  -4.3900983e-02   1.5168796e-02
  -4.5112149e-02   1.4679775e-02
  -4.6509345e-02   1.2348153e-02
  -4.5209815e-02   1.1387442e-02
  -3.7891245e-02   1.5276777e-02
  -3.0179446e-02   2.0925697e-02
  -2.3929909e-02   1.2854859e-02
  -2.2540422e-02   8.9926661e-03
  -3.1373487e-02   2.1358456e-02
  -2.0052109e-02   1.2792087e-02
  -1.8873323e-02   1.2842981e-02
  -1.2533789e-02   1.0897791e-02
  -8.7896587e-03   1.3768216e-02
  -1.6353991e-02   1.5697409e-02
  -1.0066286e-02   1.1892590e-02
  -7.5171986e-03   1.7531775e-02
  -6.2767080e-03   1.7566551e-02
  -5.0236444e-03   9.9702484e-03
   0.0000000e+00   7.6114965e-03
   0.0000000e+00   1.0434783e-02
   0.0000000e+00   1.5667656e-02
   8.7963942e-03   1.7108500e-02
   1.1286925e-02   1.7548713e-02
   8.7777310e-03   1.8971878e-02
   2.1516432e-02   1.3876372e-02
   1.1257391e-02   1.2295083e-02
   1.7633024e-02   1.2379758e-02
   6.2901972e-03   1.5222806e-02
   1.0084597e-02   1.4776098e-02
   2.0205217e-02   1.7669403e-02
   2.3875074e-02   1.7581048e-02
   3.5222823e-02   1.6168206e-02
   4.0140469e-02   1.4222141e-02
   4.6642663e-02   1.4290258e-02
   5.6842012e-02   1.3836882e-02
   6.6801768e-02   1.6660158e-02
   6.7857898e-02   1.7084510e-02
   6.2588100e-02   1.6075144e-02
   6.5466891e-02   1.8546766e-02
   7.5275277e-02   1.1363445e-02
   7.7037874e-02   1.6685711e-02
   9.2024713e-02   1.4262474e-02
   1.0113023e-01   1.7156776e-02
   1.0060244e-01   2.0391902e-02
   1.1364137e-01   1.9028330e-02
   1.1961620e-01   1.7067226e-02
   1.2744448e-01   1.4717266e-02
   1.3135632e-01   1.5202400e-02
   1.3129134e-01   2.1378375e-02
   1.2723389e-01   2.2765620e-02
   1.4759291e-01   1.8483762e-02
   1.4928709e-01   1.9486744e-02
   1.5422360e-01   1.7085479e-02
   1.5897484e-01   1.6096898e-02
   1.6039580e-01   1.6110680e-02
   1.6264401e-01   2.4136367e-02
   1.7203793e-01   2.0865888e-02
   1.7965057e-01   1.9427405e-02
   1.7927106e-01   2.0808245e-02
   1.8528038e-01   1.6508252e-02
   1.8872367e-01   1.7531775e-02
   1.8359738e-01   2.1334657e-02
   1.9424431e-01   1.9809004e-02
   1.9845352e-01   1.7949200e-02
   2.0553169e-01   2.3078741e-02
   2.1374341e-01   2.2651790e-02
   2.0470558e-01   2.1711219e-02
   1.9387519e-01   1.8829141e-02
   2.1595863e-01   1.6479572e-02
   2.1796520e-01   2.1140151e-02
   2.2269833e-01   2.4857776e-02
   2.2810109e-01   1.8296664e-02
   2.2158304e-01   2.1235448e-02
   2.2900042e-01   1.8838292e-02
   2.5043308e-01   2.2066665e-02
   2.6334319e-01   2.2045004e-02
   2.7270572e-01   2.0078800e-02
   2.6587534e-01   2.2036210e-02
   2.6264729e-01   2.0211520e-02
   2.6235051e-01   2.1600912e-02
   2.7299956e-01   1.9163127e-02
   2.7290227e-01   2.2902274e-02
   2.8077537e-01   2.2428279e-02
   2.7281804e-01   2.5706634e-02
   2.6966083e-01   2.2491454e-02
   2.6362985e-01   2.1127132e-02
   2.6368566e-01   1.8779673e-02
   2.7296509e-01   2.0565307e-02
   2.8784367e-01   2.0494146e-02
   3.0075384e-01   2.0933810e-02
   2.9456616e-01   2.6104495e-02
   2.9239096e-01   2.4273484e-02
   2.9152669e-01   2.0563075e-02
   2.9192100e-01   2.0500246e-02
   2.9783753e-01   2.1474109e-02
   2.9684764e-01   2.4671823e-02
   2.9206953e-01   2.5183214e-02
   2.8637623e-01   2.3387359e-02
   2.8557691e-01   2.1455183e-02
   2.8013127e-01   2.0134506e-02
   2.7374070e-01   1.8189981e-02
   2.6563508e-01   2.1078348e-02
   2.5274545e-01   2.0630510e-02
   2.5166078e-01   2.3116576e-02
   2.4728971e-01   2.5440819e-02
   2.4794772e-01   2.0196265e-02
   2.4204955e-01   2.2609085e-02
   2.4119978e-01   1.7360895e-02
   2.2619721e-01   2.1179962e-02
   2.1381807e-01   1.8876492e-02
   2.0579182e-01   2.0272408e-02
   2.0452050e-01   2.0747112e-02
   2.0474967e-01   1.9351304e-02
   2.0327530e-01   1.9807149e-02
   2.0267081e-01   1.6556715e-02
   1.9465400e-01   1.8429875e-02
   1.9565681e-01   2.2185454e-02
   1.9965112e-01   2.1724666e-02
   2.0322108e-01   2.2636742e-02
   1.9620631e-01   1.8335177e-02
   1.9446060e-01   1.8411958e-02
   1.8564865e-01   1.6540417e-02
   1.8202107e-01   1.7983304e-02
   1.8815411e-01   1.7953017e-02
   1.9061635e-01   2.1726286e-02
   1.8376538e-01   2.1207272e-02
   1.8018337e-01   2.0292935e-02
   1.8042382e-01   1.6061211e-02
   1.8092298e-01   1.8950935e-02
   1.6648814e-01   2.0342530e-02
   1.6161018e-01   1.9898956e-02
   1.6004261e-01   1.8916688e-02
   1.5610108e-01   1.9377739e-02
   1.5707286e-01   1.7451017e-02
   1.4730050e-01   1.8447576e-02
   1.4648239e-01   1.8029552e-02
   1.5153351e-01   1.8021243e-02
   1.5150318e-01   2.0392460e-02
   1.5118296e-01   2.1772469e-02
   1.5233051e-01   1.8911851e-02
   1.4255241e-01   1.8017902e-02
   1.4244051e-01   1.5158090e-02
   1.3861958e-01   1.8953788e-02
   1.2487645e-01   1.9468580e-02
   1.2725693e-01   2.0868485e-02
   1.1614744e-01   2.0927423e-02
   1.0315255e-01   1.6121281e-02
   1.0202220e-01   1.1866511e-02
   9.4457613e-02   1.3296579e-02
   8.0666286e-02   1.6649625e-02
   7.6788531e-02   1.9963479e-02
   7.3108719e-02   1.5703864e-02
   7.4421320e-02   1.9529067e-02
   8.3035655e-02   1.4241122e-02
   7.4364233e-02   1.6654656e-02
   7.2966287e-02   1.5197905e-02
   6.5217924e-02   1.6578919e-02
   6.7654788e-02   1.7507226e-02
   5.6651841e-02   1.9028667e-02
   5.5295411e-02   1.6143104e-02
   4.7713914e-02   1.4233273e-02
   3.2716217e-02   1.1413456e-02
   3.8846573e-02   1.4682169e-02
   3.9110155e-02   1.7168789e-02
   4.0285754e-02   1.9038028e-02
   3.5152038e-02   1.6610841e-02
   2.7564993e-02   1.6580493e-02
   2.2690343e-02   1.4774204e-02
   1.7596708e-02   1.3780854e-02
   2.6372392e-02   1.1392201e-02
   1.5109415e-02   1.7141643e-02
   1.1319157e-02   1.9027984e-02
   2.5106832e-03   1.7566731e-02
  -1.2557005e-03   1.3293762e-02
  -8.7819057e-03   1.1857424e-02
  -1.2556655e-02   1.3767873e-02
  -1.6356439e-02   1.3319014e-02
  -1.8793664e-02   1.7056373e-02
  -2.3879107e-02   1.5205231e-02
  -3.0129273e-02   1.7087174e-02
  -3.1394953e-02   1.1865809e-02
  -2.7574335e-02   1.0895753e-02
  -2.6371103e-02   1.2341552e-02
  -3.0135104e-02   1.4239312e-02
  -3.3864292e-02   1.6120746e-02
  -3.1413418e-02   1.8053876e-02
  -2.8795730e-02   1.3251030e-02
  -4.0141625e-02   1.3748069e-02
  -4.1363275e-02   9.9453659e-03
  -4.7626170e-02   1.1837676e-02
  -6.0107792e-02   8.9840227e-03
  -5.8969519e-02   9.9497497e-03
  -6.5027566e-02   1.6057758e-02
  -6.8899910e-02   1.8925729e-02
  -7.3999750e-02   1.6099145e-02
  -7.7787945e-02   1.0415255e-02
  -7.9126926e-02   8.5294497e-03
  -8.1628833e-02   1.1371181e-02
  -8.6308799e-02   1.1795436e-02
  -9.1480129e-02   1.4178435e-02
  -9.7954599e-02   1.1360897e-02
  -1.0295536e-01   1.5143151e-02
  -1.0559639e-01   1.0893084e-02
  -1.0654784e-01   8.4992533e-03
  -1.1133578e-01   9.8930753e-03
  -1.1884156e-01   9.8878192e-03
  -1.2533502e-01   1.1317153e-02
  -1.3535859e-01   1.1779246e-02
  -1.3911150e-01   1.2717561e-02
  -1.3551666e-01   7.5460832e-03
  -1.4053353e-01   8.0143097e-03
  -1.4178830e-01   8.0134402e-03
  -1.4679016e-01   1.0836907e-02
  -1.4790195e-01   1.0354469e-02
  -1.3536788e-01   1.0365737e-02
  -1.3522183e-01   1.2238471e-02
  -1.3535173e-01   1.2721586e-02
  -1.2760976e-01   7.5285833e-03
  -1.2396997e-01   9.4226527e-03
  -1.2633294e-01   1.2235141e-02
  -1.3032786e-01   1.4140874e-02
  -1.2270129e-01   1.2250611e-02
  -1.2659669e-01   9.9015484e-03
  -1.2171760e-01   6.6100219e-03
  -1.2294362e-01   1.2274597e-02
  -1.2646360e-01   1.1305005e-02
  -1.2781776e-01   1.4615140e-02
  -1.3133948e-01   1.1759903e-02
  -1.2770950e-01   1.2245892e-02
  -1.2759565e-01   1.0351802e-02
  -1.3523149e-01   1.0826339e-02
  -1.4302945e-01   1.0369199e-02
  -1.4010502e-01   1.0341174e-02
  -1.4037522e-01   1.1303285e-02
  -1.4288192e-01   1.1300827e-02
  -1.2260141e-01   8.4729136e-03
  -1.2033193e-01   9.4345306e-03
  -1.2682916e-01   1.2755498e-02
  -1.2920214e-01   1.4156117e-02
  -1.2157207e-01   1.1792064e-02
  -1.1405748e-01   1.0854612e-02
  -1.0779058e-01   1.0859259e-02
  -9.9301158e-02   1.2792610e-02
  -8.7740280e-02   9.9269690e-03
  -9.0150120e-02   1.1804598e-02
  -8.4300844e-02   1.2816176e-02
  -7.7776560e-02   1.3255779e-02
  -6.6546370e-02   1.4697918e-02
  -5.7765273e-02   1.2331456e-02
  -4.8880656e-02   1.1363743e-02
  -4.1362409e-02   1.0418955e-02
  -4.1351535e-02   1.5154843e-02
  -3.3898860e-02   1.5662072e-02
  -3.1331420e-02   1.2789788e-02
  -3.1394953e-02   1.1865809e-02
  -3.7631690e-02   1.4223001e-02
  -3.7823500e-02   1.1911299e-02
  -3.8929742e-02   1.1863860e-02
  -3.1450986e-02   1.5218323e-02
  -2.5110267e-02   1.5664591e-02
  -2.0127327e-02   1.6172397e-02
  -7.5424253e-03   1.1405739e-02
  -1.1302183e-02   1.1868966e-02
  -1.1323044e-02   1.4270988e-02
  -6.2769318e-03   1.7091779e-02
  -1.2567139e-03   1.6158408e-02
   0.0000000e+00   1.7619048e-02
   1.2593630e-03   1.4285707e-02
   2.5139534e-03   1.2831658e-02
   3.7710279e-03   1.2356381e-02
   8.8247918e-03   1.3346252e-02
   1.2543897e-02   1.4228554e-02
   1.6333730e-02   1.9008327e-02
   2.8986321e-02   1.8108485e-02
   2.8875862e-02   1.6138258e-02
   3.3903914e-02   1.3289030e-02
   3.5152038e-02   1.6610841e-02
   4.1594967e-02   1.6197859e-02
   4.4065921e-02   1.8084340e-02
   5.1629086e-02   1.5701303e-02
   5.2886590e-02   1.6176440e-02
   5.8099909e-02   1.5267598e-02
   5.0366473e-02   1.6653560e-02
   6.0459056e-02   1.1415636e-02
   7.1869643e-02   1.0469835e-02
   9.4795315e-02   1.9070371e-02
   9.5654418e-02   2.1842765e-02
   9.4404152e-02   2.0894624e-02
   9.3345724e-02   1.9034061e-02
   9.6089665e-02   1.4778437e-02
   1.0577666e-01   1.5660005e-02
   1.2123993e-01   1.6640671e-02
   1.2892163e-01   1.9025574e-02
   1.3090137e-01   2.1315420e-02
   1.3596970e-01   1.8465741e-02
   1.4014044e-01   2.0413184e-02
   1.4903411e-01   1.5653664e-02
   1.5390030e-01   1.8473005e-02
   1.4533489e-01   2.0424224e-02
   1.5121533e-01   1.9405897e-02
   1.5640451e-01   1.9889241e-02
   1.6759015e-01   1.9847500e-02
   1.7964317e-01   1.9901245e-02
   1.8944386e-01   1.6060900e-02
   1.8560680e-01   1.9375917e-02
   1.9192764e-01   1.8889652e-02
   1.8242768e-01   1.4699281e-02
   1.8889021e-01   1.8971795e-02
   1.9781523e-01   2.0722840e-02
   1.9944371e-01   2.2175388e-02
   2.0866412e-01   2.3610865e-02
   2.0365356e-01   2.1263200e-02
   2.0293302e-01   1.6003307e-02
   2.0707983e-01   1.8855081e-02
   2.1739725e-01   1.8848910e-02
   2.1770919e-01   2.2997092e-02
   2.2456275e-01   2.1269395e-02
   2.2241600e-01   2.0719907e-02
   2.1837824e-01   2.2122389e-02
   2.2397343e-01   1.6966161e-02
   2.1890395e-01   1.7449222e-02
   2.2099456e-01   1.7409673e-02
   2.2117110e-01   1.9781435e-02
   2.0991824e-01   2.4079226e-02
   2.2626230e-01   1.7885301e-02
   2.2644205e-01   2.0258186e-02
   2.3345413e-01   2.0771310e-02
   2.3831180e-01   1.9793788e-02
   2.3323146e-01   2.0279619e-02
   2.2533950e-01   2.3111219e-02
   2.2658294e-01   2.4050389e-02
   2.2541085e-01   1.9809616e-02
   2.2441218e-01   1.7471228e-02
   2.2167120e-01   1.6516460e-02
   2.3120417e-01   1.7962599e-02
   2.4314983e-01   1.9289780e-02
   2.6262423e-01   2.1151591e-02
   2.7310398e-01   2.5263290e-02
   2.7208040e-01   2.6229334e-02
   2.8008105e-01   2.2007483e-02
   2.7857386e-01   2.0587455e-02
   2.8453677e-01   1.8753568e-02
   2.8893873e-01   2.2442191e-02
   2.9431511e-01   2.1976324e-02
   3.0666577e-01   2.2838558e-02
   3.1455119e-01   2.3760228e-02
   3.1645662e-01   2.3704466e-02
   3.1425357e-01   2.3272416e-02
   3.1113180e-01   2.1465989e-02
   3.1214481e-01   1.9576359e-02
   3.0088396e-01   2.4310240e-02
   2.9399363e-01   2.2889766e-02
   3.0192671e-01   2.1946979e-02
   2.8481096e-01   2.3837547e-02
   2.8089410e-01   2.3009723e-02
   2.6999077e-01   2.0167851e-02
   2.7001336e-01   1.9229812e-02
   2.6333076e-01   2.2514046e-02
   2.6484771e-01   2.3000512e-02
   2.6514962e-01   2.1613006e-02
   2.6621036e-01   1.9241472e-02
   2.6700924e-01   1.9296863e-02
   2.6687565e-01   2.2010751e-02
   2.6307356e-01   2.4017863e-02
   2.5597721e-01   2.3032218e-02
   2.5611814e-01   1.6921630e-02
   2.5252806e-01   1.8830762e-02
   2.5304906e-01   1.8303668e-02
   2.5778293e-01   2.2130307e-02
   2.5545547e-01   2.3457228e-02
   2.5777069e-01   2.2601164e-02
   2.5246304e-01   2.1655376e-02
   2.4916567e-01   2.1237593e-02
   2.4342107e-01   1.7895559e-02
   2.3910253e-01   1.9752085e-02
   2.3684571e-01   1.7894629e-02
   2.3802173e-01   2.2128838e-02
   2.3884445e-01   2.0672756e-02
   2.3736826e-01   2.5975270e-02
   2.3748691e-01   2.1252494e-02
   2.3624776e-01   1.9839243e-02
   2.3787520e-01   1.7874169e-02
   2.3656237e-01   2.0229676e-02
   2.2848715e-01   2.1622279e-02
   2.1753768e-01   2.2640599e-02
   2.1653723e-01   2.0305236e-02
   2.1398591e-01   2.1256661e-02
   2.0493638e-01   2.0314990e-02
   1.9821666e-01   2.0291209e-02
   1.9721088e-01   1.6534664e-02
   1.9211850e-01   1.8908045e-02
   1.8865360e-01   2.1796261e-02
   1.8542261e-01   1.9357060e-02
   1.7817769e-01   2.1304873e-02
   1.7949300e-01   1.7988306e-02
   1.8091571e-01   1.9424708e-02
   1.7530190e-01   1.8562470e-02
   1.6918566e-01   1.9883736e-02
   1.6271780e-01   1.9403746e-02
   1.6463933e-01   1.9002414e-02
   1.5672825e-01   1.8979301e-02
   1.5043122e-01   1.7091520e-02
   1.4537470e-01   1.7099351e-02
   1.3272863e-01   1.7593293e-02
   1.1487476e-01   2.1880635e-02
   1.1145680e-01   1.8133793e-02
   1.1721820e-01   1.6612522e-02
   1.2481441e-01   1.2333786e-02
   1.2235858e-01   1.8997381e-02
   1.1720989e-01   1.7561809e-02
   1.0080610e-01   1.9956982e-02
   9.6562384e-02   1.7971769e-02
   9.4160418e-02   1.6098198e-02
   8.9400489e-02   1.6625476e-02
   8.9681446e-02   1.4292735e-02
   8.1923832e-02   1.7124244e-02
   8.4363842e-02   1.6629971e-02
   7.5100613e-02   1.7011665e-02
   6.8905139e-02   1.7979442e-02
   6.9317674e-02   1.7610297e-02
   5.6504949e-02   1.3754927e-02
   4.0295872e-02   1.5706373e-02
   3.0164914e-02   1.4253402e-02
   2.1410971e-02   1.2855315e-02
   1.7593994e-02   1.6156864e-02
   2.5158308e-02   1.6646879e-02
   2.7673175e-02   1.7121798e-02
   2.5112586e-02   1.4240537e-02
   1.3810195e-02   1.6141478e-02
   6.2775667e-03   1.5667464e-02
   1.2558847e-02   1.0444593e-02
   5.0079530e-03   1.3254335e-02
   0.0000000e+00   1.6650149e-02
  -3.7737462e-03   1.6650075e-02
  -6.2794234e-03   1.0444976e-02
  -1.1299979e-02   1.5192276e-02
  -1.1311505e-02   1.4732088e-02
  -2.0028192e-02   1.6092671e-02
  -2.0012625e-02   1.2766887e-02
  -2.0033360e-02   1.1832847e-02
  -2.1349079e-02   1.1393048e-02
  -1.7561455e-02   1.4227888e-02
  -1.1289171e-02   1.4702976e-02
   0.0000000e+00   1.4229249e-02
   0.0000000e+00   1.6094675e-02
   0.0000000e+00   1.7058243e-02
   0.0000000e+00   1.4732673e-02
  -3.7671015e-03   1.3293710e-02
  -8.7885934e-03   1.5667280e-02
  -5.0078143e-03   1.3727704e-02
  -8.7639178e-03   1.3254122e-02
  -1.0034192e-02   1.5651685e-02
  -1.2531152e-02   1.4688327e-02
  -1.3798286e-02   1.4228409e-02
  -1.1288824e-02   1.5177265e-02
  -1.3825586e-02   1.4256580e-02
  -2.2579014e-02   1.4226999e-02
  -2.6394300e-02   1.4254345e-02
  -3.3900981e-02   1.4712855e-02
  -4.1318805e-02   1.1828057e-02
  -5.1382152e-02   1.3256669e-02
  -5.5200550e-02   1.1846516e-02
  -7.0247843e-02   1.3733930e-02
  -7.6526132e-02   1.2309674e-02
  -8.0289712e-02   1.2307429e-02
  -8.3044783e-02   1.2342306e-02
  -8.5221462e-02   1.2764955e-02
  -9.1309949e-02   1.2263889e-02
  -1.0914383e-01   1.2286697e-02
  -1.1804502e-01   1.1818462e-02
  -1.2044585e-01   1.0388147e-02
  -1.1806240e-01   8.5092928e-03
  -1.1303200e-01   9.9310538e-03
  -1.0664476e-01   1.0398169e-02
  -1.2042822e-01   1.3221278e-02
  -1.2408451e-01   1.0846646e-02
  -1.3158844e-01   1.3196819e-02
  -1.2760326e-01   8.9401926e-03
  -1.2485295e-01   9.3942233e-03
  -1.3023355e-01   8.9471467e-03
  -1.4023004e-01   1.2233295e-02
  -1.4331556e-01   9.9172256e-03
  -1.5039843e-01   1.1763750e-02
  -1.5776271e-01   1.1743999e-02
  -1.6903147e-01   1.1730811e-02
  -1.7441760e-01   7.0484489e-03
  -1.7962840e-01   3.7607859e-03
