   4.9131478e-03  -1.1605878e-01
  -3.4665432e-02   4.9249756e-02
  -3.0873331e-02   5.4295680e-02
  -3.3200672e-02   5.0942965e-02
  -5.3401286e-02   6.0490602e-02
  -5.3307359e-02   6.3330360e-02
  -4.8278156e-02   7.3791594e-02
  -4.2142595e-02   7.0204434e-02
  -3.3073059e-02   7.9403815e-02
  -3.4013489e-02   8.4077687e-02
  -3.9839212e-02   8.8967693e-02
  -4.4827106e-02   8.8477424e-02
  -3.8715416e-02   9.1247370e-02
  -3.7352277e-02   9.8934379e-02
  -3.4999983e-02   1.0845319e-01
  -2.8743735e-02   1.0895149e-01
  -2.3591264e-02   1.1431082e-01
  -2.5952852e-02   1.1780959e-01
  -2.7086032e-02   1.2345355e-01
  -2.8097802e-02   1.3265967e-01
  -2.6773631e-02   1.4142439e-01
  -1.9445190e-02   1.4383777e-01
  -1.4454104e-02   1.5393323e-01
  -1.6803732e-02   1.5966575e-01
  -1.6727372e-02   1.6683637e-01
  -2.2644902e-02   1.7064674e-01
  -1.5543934e-02   1.7182548e-01
  -3.6062345e-03   1.7287648e-01
  -5.9866964e-03   1.7428066e-01
  -1.6824867e-02   1.7172170e-01
  -1.8072271e-02   1.6786032e-01
  -1.8072987e-02   1.6624621e-01
  -2.7889207e-02   1.6253696e-01
  -2.9180133e-02   1.5496490e-01
  -2.0742430e-02   1.5079361e-01
  -1.8410051e-02   1.4064861e-01
  -1.5913462e-02   1.3816278e-01
  -2.3190594e-02   1.3615929e-01
  -2.6817364e-02   1.2927327e-01
  -2.5557376e-02   1.2854354e-01
  -4.5336998e-02   1.1266957e-01
  -4.2938363e-02   1.1433017e-01
  -4.3092022e-02   1.0872150e-01
  -4.6951901e-02   9.3174778e-02
  -4.5638570e-02   9.4985790e-02
  -3.5834275e-02   8.7797715e-02
  -3.5935761e-02   7.6806415e-02
  -4.0795978e-02   7.1773174e-02
  -5.8571875e-02   5.6855712e-02
  -6.5093616e-02   5.4689182e-02
  -2.1168518e-02  -1.2496627e-01
  -1.6116101e-02  -1.3532292e-01
  -6.1400708e-03  -1.3603848e-01
   0.0000000e+00  -1.3955734e-01
   8.5242892e-03  -1.4731833e-01
   1.4574013e-02  -1.4845776e-01
   1.5635809e-02  -1.5632156e-01
   2.0465255e-02  -1.5646806e-01
   2.6301518e-02  -1.5316539e-01
   2.8737279e-02  -1.5709833e-01
   3.1160305e-02  -1.5883364e-01
   3.6190693e-02  -1.6426285e-01
   3.9864022e-02  -1.6991591e-01
   4.5931398e-02  -1.7658291e-01
   3.9534481e-02  -1.7484382e-01
   3.9449830e-02  -1.6901016e-01
   4.1692635e-02  -1.6832758e-01
   4.0662883e-02  -1.6213407e-01
   4.7981443e-02  -1.5733095e-01
   5.1503721e-02  -1.5969514e-01
   5.2604808e-02  -1.5463107e-01
   4.4245017e-02  -1.5105426e-01
   4.9419340e-02  -1.4764332e-01
   4.2712178e-02  -1.4179660e-01
   4.9106795e-02  -1.4006768e-01
   3.5994647e-02  -1.3492631e-01
   4.2223635e-02  -1.3761862e-01
   3.6344589e-02  -1.3210149e-01
   4.5238931e-02  -1.3086467e-01
   4.0191356e-02  -1.2397873e-01
   3.7824693e-02  -1.1614569e-01
   4.8131564e-02  -1.0375876e-01
   4.0505100e-02  -9.5559239e-02
   3.5604587e-02  -8.3380884e-02
   2.6820768e-02  -7.3228460e-02
   2.1790124e-02  -7.1499447e-02
   2.3226503e-02  -5.8454768e-02
   2.8420092e-02  -5.8018049e-02
   7.7683147e-03  -4.8195811e-02
   3.8979598e-03  -4.5878508e-02
   1.6973008e-02  -4.2101474e-02
   2.2069424e-02  -3.9378630e-02
   1.1685180e-02  -3.1965854e-02
   3.8993600e-03  -2.2622844e-02
   1.8340601e-02  -1.4363826e-02
   1.3091942e-02  -5.4430097e-03
   5.2586188e-03   3.9751212e-03
   1.7143749e-02   3.9871757e-03
   1.1805577e-02   9.4210804e-03
   6.5076165e-03   1.9199748e-02
   3.8836629e-03   2.2040713e-02
  -2.4237204e-02   1.4703658e-01
  -2.5481242e-02   1.4828731e-01
  -2.3110122e-02   1.4239193e-01
  -2.8097802e-02   1.3265967e-01
  -1.9590805e-02   1.2836687e-01
  -2.0841769e-02   1.2393036e-01
  -1.3417139e-02   1.2023049e-01
  -2.0808259e-02   1.1914886e-01
  -2.0855776e-02   1.1438291e-01
  -2.3348517e-02   1.0406080e-01
  -3.3290791e-02   9.8438499e-02
  -3.0841862e-02   9.2078677e-02
  -4.1872668e-02   9.1399668e-02
  -4.9943690e-02   7.7866514e-02
  -3.6513270e-02   6.3333374e-02
  -3.1563053e-02   5.2303658e-02
  -3.1579348e-02   4.5060874e-02
  -2.1427330e-02   4.0631626e-02
  -3.9370532e-02   3.0285994e-02
  -2.5531610e-02   1.9794786e-02
  -2.8268798e-02   1.3114158e-02
  -3.5882928e-02   4.8416602e-04
  -3.7162588e-02   4.8415198e-03
  -3.8404448e-02   5.8037982e-03
  -4.3307751e-02  -4.8116462e-03
  -5.3497246e-02  -5.2911948e-03
  -3.5508532e-02  -1.4379990e-02
  -5.9759211e-02  -1.9697608e-02
  -5.8623277e-02  -3.4249060e-02
  -5.4940055e-02  -4.3110869e-02
  -4.6380524e-02  -4.2008441e-02
  -3.9727042e-02  -5.3090465e-02
  -4.9036411e-02  -5.3947024e-02
  -3.8786849e-02  -5.4564394e-02
  -3.5929788e-02  -6.4071766e-02
  -5.1421113e-02  -5.2746484e-02
  -4.2359489e-02  -7.0072562e-02
  -4.7406036e-02  -6.9430756e-02
  -2.5498603e-02  -7.5594143e-02
  -1.8984333e-02  -8.8014153e-02
  -1.7723200e-02  -8.4525927e-02
  -8.8259356e-03  -9.7748302e-02
  -1.2570777e-02  -1.0250487e-01
  -2.5056280e-03  -1.0569675e-01
   0.0000000e+00  -1.0898083e-01
   3.7423058e-03  -1.1080594e-01
   1.2445162e-02  -1.0243975e-01
   8.6591338e-03  -1.1795095e-01
   1.6115057e-02  -1.1565280e-01
   5.4464664e-02  -1.0373692e-01
   5.5800930e-02  -1.0079642e-01
   5.6154423e-02  -9.2761658e-02
   5.9075928e-02  -8.4177222e-02
   5.3822337e-02  -7.5436230e-02
   3.6042894e-02  -6.3777548e-02
   3.8754670e-02  -5.8005391e-02
   4.8738773e-02  -5.8064464e-02
   2.1825836e-02  -4.4338575e-02
   2.5755232e-02  -4.4471429e-02
   2.8521610e-02  -4.1300984e-02
   1.9565153e-02  -2.8144797e-02
   2.2205389e-02  -2.4713000e-02
   1.8172513e-02  -1.3740923e-02
   1.4209943e-02  -7.3240582e-03
   7.6658563e-03  -2.8973315e-03
   3.8291438e-03   4.8240987e-04
   2.5524338e-03   7.7185774e-03
   8.9412687e-03   1.1106364e-02
   1.5265362e-02   1.2504106e-02
   0.0000000e+00   2.8291708e-02
  -7.5968761e-03   3.0688759e-02
  -2.5401931e-03   2.9819579e-02
   1.2661460e-03   3.0689295e-02
  -1.1277862e-02   3.3707863e-02
  -1.9943308e-02   2.9258916e-02
  -3.1263435e-02   4.0303909e-02
  -2.2671867e-02   4.4455008e-02
  -2.0320843e-02   5.2628997e-02
  -1.6543319e-02   6.1085643e-02
  -1.5225087e-02   5.6977739e-02
  -2.5095372e-02   5.7302087e-02
  -3.6189242e-02   5.9381468e-02
  -4.6020659e-02   6.7847754e-02
  -5.2121019e-02   8.1277486e-02
  -5.1835658e-02   9.6012001e-02
  -5.2780631e-02   1.0435669e-01
  -4.5146559e-02   1.0670092e-01
  -4.6116745e-02   1.0560217e-01
  -4.2541729e-02   1.0430700e-01
  -4.0997202e-02   1.1128394e-01
  -4.0793326e-02   1.1364684e-01
  -3.7060179e-02   1.2309284e-01
  -2.9839000e-02   1.2439055e-01
  -3.9154889e-02   1.3202554e-01
  -3.3260528e-02   1.3170701e-01
  -3.4456921e-02   1.3123810e-01
  -3.9380854e-02   1.3033195e-01
  -3.4922521e-02   1.2606670e-01
  -3.3775923e-02   1.3034421e-01
  -1.6621194e-02  -2.4675301e-02
  -2.8198223e-02  -3.6428217e-02
  -3.8773048e-02  -3.5248794e-02
  -4.1438915e-02  -3.5809058e-02
  -4.9351770e-02  -4.2842150e-02
  -6.4063297e-02  -4.0113929e-02
  -4.1667151e-02  -4.5454211e-02
  -3.4981474e-02  -4.4736983e-02
  -2.5584866e-02  -6.0413944e-02
  -8.8710274e-03  -7.2167725e-02
  -1.5040898e-02  -7.5279306e-02
  -4.9894306e-03  -8.3748088e-02
  -2.4839392e-03  -8.1904601e-02
  -2.4860406e-03  -8.7880423e-02
   2.4863217e-03  -9.2841291e-02
   1.2431847e-02  -9.5324594e-02
   1.2358805e-03  -1.0470114e-01
   3.6941366e-03  -1.1282818e-01
   3.7095320e-03  -1.1028921e-01
  -1.2408398e-03  -1.1987909e-01
   4.9763139e-03  -1.1866705e-01
   3.7419322e-03  -1.2365054e-01
   6.2146878e-03  -1.3046485e-01
   6.1979070e-03  -1.2593180e-01
   2.4654989e-03  -1.3451586e-01
   4.9244947e-03  -1.3693437e-01
   4.9614817e-03  -1.2861371e-01
   8.6118105e-03  -1.3266003e-01
   1.3401246e-02  -1.3953203e-01
   1.1007526e-02  -1.4327052e-01
   1.9497719e-02  -1.4952841e-01
   2.6833945e-02  -1.4966154e-01
   2.0711493e-02  -1.5160761e-01
   3.6263355e-02  -1.5130944e-01
   3.5006390e-02  -1.5849179e-01
   3.9667780e-02  -1.6198992e-01
   3.9572813e-02  -1.6262387e-01
   3.5865134e-02  -1.6742263e-01
   3.2474896e-02  -1.5786903e-01
   2.9149812e-02  -1.5001675e-01
   2.9184774e-02  -1.4968582e-01
   3.2904218e-02  -1.5109115e-01
   3.5268427e-02  -1.5285971e-01
   3.6660893e-02  -1.5153502e-01
   3.4331218e-02  -1.5103248e-01
   3.9428855e-02  -1.4436184e-01
   4.3442002e-02  -1.3858970e-01
   3.7471243e-02  -1.3267254e-01
   3.7601164e-02  -1.3000020e-01
   4.0337077e-02  -1.2288479e-01
   1.5044569e-02   5.2429247e-02
   1.3717587e-02   5.4067952e-02
   2.4999782e-03   6.4349426e-02
  -1.2477676e-03   7.0546142e-02
   0.0000000e+00   7.8172790e-02
   2.4743070e-03   8.4510220e-02
  -8.6352812e-03   8.9642124e-02
  -3.6842905e-03   9.6094254e-02
  -6.1269636e-03   1.0376971e-01
  -4.9121393e-03   1.0102688e-01
   1.2352157e-03   1.0364174e-01
  -1.2318549e-03   1.0534255e-01
  -1.1086512e-02   1.0984634e-01
  -1.9587765e-02   1.1463375e-01
  -1.0998105e-02   1.1844920e-01
  -1.2128258e-02   1.2758270e-01
  -1.3313937e-02   1.2578572e-01
  -1.9378897e-02   1.2637480e-01
  -1.9327844e-02   1.2956026e-01
  -2.6702814e-02   1.3174272e-01
  -2.6680403e-02   1.2958357e-01
  -3.1648075e-02   1.3008574e-01
  -2.6757678e-02   1.2591073e-01
  -2.3153285e-02   1.2211701e-01
  -2.1985963e-02   1.2140922e-01
  -2.1827530e-02   1.2400413e-01
  -3.6166748e-02   1.2772451e-01
  -3.8798184e-02   1.3002391e-01
  -3.8903046e-02   1.2480397e-01
  -4.5108476e-02   1.2312834e-01
  -4.5308538e-02   1.1611228e-01
  -4.9383455e-02   1.0700674e-01
  -4.2195261e-02   9.4607122e-02
  -3.9795869e-02   9.1837619e-02
  -3.3673200e-02   8.9637728e-02
  -2.3665861e-02   8.2134577e-02
  -2.1288042e-02   7.8150569e-02
  -1.4945630e-02   7.3328137e-02
  -1.7338785e-02   6.9037768e-02
  -1.1200415e-02   6.9383384e-02
   2.4988456e-03   5.8513265e-02
   0.0000000e+00   5.5659068e-02
  -3.7727839e-03   4.7283371e-02
  -3.7828309e-03   3.8246841e-02
   7.6013350e-03   2.5893641e-02
   3.8200984e-03   2.5060127e-02
   7.6260842e-03   2.3566708e-02
   3.8343390e-03   1.7401733e-02
   2.5390049e-03   1.3439973e-02
   5.0646445e-03   3.8284840e-03
   0.0000000e+00  -1.8097561e-01
  -2.4144912e-03  -1.7702091e-01
  -2.1853037e-02  -1.7314177e-01
  -8.3564110e-03  -1.9024802e-01
  -8.4113339e-03  -1.8382516e-01
   0.0000000e+00  -1.9404255e-01
  -9.5300260e-03  -1.9598140e-01
  -9.5533879e-03  -1.9540472e-01
   0.0000000e+00  -1.8831143e-01
  -1.4389498e-02  -1.7950300e-01
  -8.3230178e-03  -1.8161716e-01
  -1.4366871e-02  -1.7589085e-01
  -1.4369144e-02  -1.7265285e-01
  -1.3227951e-02  -1.7076343e-01
  -1.5711409e-02  -1.6143203e-01
  -1.3362054e-02  -1.5484481e-01
  -4.8886216e-03  -1.5643596e-01
  -7.3903299e-03  -1.5024111e-01
  -9.9087816e-03  -1.4419073e-01
  -1.2495927e-02  -1.3755677e-01
  -6.2392926e-03  -1.3259767e-01
   0.0000000e+00  -1.3377049e-01
   0.0000000e+00  -1.2964948e-01
   5.0820205e-03  -1.2770077e-01
   3.8100972e-03  -1.2024685e-01
   1.2713961e-03  -1.1149018e-01
   2.5574502e-03  -1.0074053e-01
   1.6758934e-02  -9.0735620e-02
   1.4188328e-02  -8.3623489e-02
   1.0353460e-02  -8.2892717e-02
   2.3256641e-02  -7.8666869e-02
   2.1919765e-02  -7.5466386e-02
   1.2868999e-02  -6.4781890e-02
   1.0291749e-02  -5.8283772e-02
   1.1552924e-02  -5.4687433e-02
   1.9468069e-02  -4.6318943e-02
   2.7137579e-02  -4.2155778e-02
   1.9473968e-02  -3.2455184e-02
   2.3464612e-02  -2.4168527e-02
   3.2643453e-02  -1.7278237e-02
   2.3491172e-02  -7.8917638e-03
   2.3586308e-02  -9.9054119e-03
   2.8832606e-02  -4.4570558e-03
   4.4604011e-02  -5.9467461e-03
   4.0587090e-02  -2.4729642e-03
   4.5169406e-02  -5.8499591e-03
   1.4029973e-02   1.8330538e-02
   2.3933946e-02   2.3352348e-02
   7.5134485e-03   4.3722001e-02
  -3.9429642e-02   1.5406831e-01
  -4.0707564e-02   1.5231745e-01
  -5.6786667e-02   1.4175076e-01
  -5.9171104e-02   1.4268865e-01
  -5.8103117e-02   1.3481813e-01
  -6.3099749e-02   1.3207448e-01
  -6.7122360e-02   1.2876255e-01
  -6.9815966e-02   1.2362563e-01
  -6.2405302e-02   1.1343963e-01
  -5.8756524e-02   1.1049868e-01
  -5.5299455e-02   1.0846340e-01
  -5.0162357e-02   1.0947541e-01
  -5.5543267e-02   1.0295868e-01
  -4.5891539e-02   9.8517238e-02
  -4.6052253e-02   8.6952926e-02
  -5.2881444e-02   7.3595709e-02
  -4.2876036e-02   6.4892212e-02
  -4.1942203e-02   6.1963637e-02
  -3.3315740e-02   5.3585396e-02
  -3.7233241e-02   4.9246910e-02
  -5.1247552e-02   3.2491131e-02
  -7.0612315e-02   3.2047546e-02
  -5.5172285e-02   1.9395226e-02
  -5.6530884e-02   1.5045816e-02
  -4.5075202e-02   7.7841441e-03
  -4.1004990e-02   6.7774968e-03
  -4.8796540e-02   1.4549426e-03
  -4.3305660e-02  -6.7363047e-03
  -3.3309282e-02  -1.2104815e-02
  -2.3064931e-02  -2.2784113e-02
  -2.6977888e-02  -2.7227880e-02
  -1.6719367e-02  -2.6285748e-02
  -1.5413445e-02  -4.1905520e-02
  -2.5733585e-02  -5.3322253e-02
  -2.1700685e-02  -6.8213192e-02
  -1.2795283e-02  -7.3879954e-02
  -5.1038550e-03  -6.9684705e-02
  -3.8357009e-03  -7.9346567e-02
  -8.9405814e-03  -8.5309362e-02
   1.0231538e-02  -8.9996977e-02
   1.1490496e-02  -9.1869183e-02
   1.6493844e-02  -9.4818576e-02
   1.5198224e-02  -9.4139341e-02
   1.6340209e-02  -9.5410560e-02
   1.6238599e-02  -1.0081552e-01
   1.8843099e-02  -9.6860752e-02
   2.8795338e-02  -1.0255308e-01
   3.1048156e-02  -1.1381333e-01
   2.5934158e-02  -1.2334608e-01
   2.7169118e-02  -1.2334341e-01
   1.0052466e-02  -1.2514919e-01
   0.0000000e+00  -1.0819672e-01
   1.2671868e-02  -1.0747904e-01
   6.3773891e-03  -9.9444846e-02
   3.8219950e-03  -9.4723481e-02
   2.5718186e-03  -8.6419570e-02
   5.1776820e-03  -7.9338166e-02
   2.5917018e-03  -6.9278203e-02
   0.0000000e+00  -6.4558522e-02
   1.2888832e-02  -6.2883093e-02
  -5.1346330e-03  -5.4689273e-02
  -5.1400104e-03  -3.9471756e-02
  -6.4864405e-03  -3.0460195e-02
  -9.1685546e-03  -2.7767869e-02
   1.3170703e-03  -3.2931375e-02
   2.6297660e-03  -2.9875454e-02
   0.0000000e+00  -2.6611910e-02
  -5.1522226e-03  -2.1441448e-02
  -1.1566214e-02  -1.0202006e-02
  -3.8640656e-03  -1.9472527e-03
  -1.2892863e-03   4.3857845e-03
  -1.2954268e-03   1.3224483e-02
   1.2920978e-03   2.0529521e-02
  -5.1161324e-03   3.0030028e-02
  -2.0361233e-02   3.7140927e-02
  -8.9381815e-03   3.4837842e-02
   5.0754848e-03   3.6552813e-02
   1.2509377e-03   4.8950471e-02
  -1.3751672e-02   5.6131451e-02
   1.2543842e-03   6.6041842e-02
  -5.0477320e-03   7.2843632e-02
   1.2690961e-03   7.7246924e-02
   2.5191843e-03   7.8633007e-02
  -2.1030103e-02   8.7433160e-02
  -2.4725913e-02   9.4267161e-02
  -1.7343634e-02   1.0144575e-01
  -4.9886463e-03   1.0216785e-01
   4.9840678e-03   1.0661220e-01
   3.7326760e-03   1.1203168e-01
  -1.2423112e-02   1.1951006e-01
  -6.1800816e-03   1.2761168e-01
  -6.1796631e-03   1.2967577e-01
  -2.2106829e-02   1.3395403e-01
  -1.7178544e-02   1.3747383e-01
  -8.5391997e-03   1.4077732e-01
  -1.4571828e-02   1.4528427e-01
  -1.6940026e-02   1.5629725e-01
  -2.4062829e-03   1.5904160e-01
   0.0000000e+00   1.6654038e-01
   1.0802023e-02   1.6446888e-01
  -1.9090735e-02   2.9394257e-02
  -1.6586097e-02   2.5591373e-02
  -1.9084287e-02   2.3588103e-02
  -2.4218206e-02   2.5080855e-02
  -2.1734746e-02   1.2566134e-02
  -2.5601509e-02   7.7403625e-03
  -2.8193514e-02  -1.9369597e-03
  -3.5991608e-02  -1.9425399e-03
  -2.9549282e-02  -1.5542348e-02
  -3.1962862e-02  -1.2563995e-02
  -2.6805915e-02  -2.0759955e-02
  -2.4363734e-02  -3.3516070e-02
  -2.0656445e-02  -3.5713905e-02
  -7.7407293e-03  -5.0499562e-02
  -2.5837650e-02  -5.3540472e-02
  -2.5898716e-02  -6.0665500e-02
  -2.0744611e-02  -6.3760654e-02
  -2.7236188e-02  -6.6293744e-02
  -3.1010956e-02  -6.8550578e-02
  -2.6934585e-02  -7.9081018e-02
  -2.5537700e-02  -8.8815786e-02
  -1.6550416e-02  -8.8554916e-02
  -8.8622118e-03  -9.5119544e-02
  -1.5192363e-02  -9.5114879e-02
  -1.1365210e-02  -9.8919729e-02
  -1.2516082e-02  -1.0558494e-01
  -1.7514377e-02  -1.1113143e-01
  -1.3684607e-02  -1.1660573e-01
  -6.1997885e-03  -1.3117241e-01
  -1.1203514e-02  -1.2754033e-01
   0.0000000e+00  -1.3672431e-01
   1.2367076e-03  -1.3971595e-01
   2.4725760e-03  -1.4390214e-01
   8.5253710e-03  -1.5050884e-01
   9.7180973e-03  -1.5645369e-01
   1.4542064e-02  -1.5709703e-01
   1.4567367e-02  -1.6711318e-01
   1.7020621e-02  -1.6793439e-01
   1.6928075e-02  -1.6854020e-01
   1.6831862e-02  -1.7562767e-01
   2.1591380e-02  -1.7900279e-01
   3.0014587e-02  -1.7915592e-01
   4.0734218e-02  -1.7923032e-01
   4.0647314e-02  -1.7496863e-01
   4.1846124e-02  -1.7334710e-01
   4.4361212e-02  -1.7062426e-01
   4.4164743e-02  -1.6977485e-01
   4.5486523e-02  -1.6386673e-01
   4.7996324e-02  -1.6003241e-01
   4.1101745e-02  -1.5447074e-01
