   3.1677289e-02  -8.7598622e-02
   8.9571291e-02  -4.6350850e-02
   8.5106853e-02  -2.8792903e-02
   1.7722935e-02  -1.0048872e-02
   2.9884015e-02  -4.0399415e-02
   1.8572454e-01   7.3975087e-02
   1.6870874e-01  -1.0286381e-01
  -7.5460415e-02   5.5892108e-02
   1.4632337e-01  -2.5863901e-02
   6.2929858e-02   5.2264907e-03
   1.1069923e-01   1.5290801e-02
   6.7419257e-02   9.8975620e-03
   1.0084596e-01   5.6293368e-03
   7.0541685e-02   3.7947007e-02
   7.0297458e-02   4.1106204e-02
   8.8564038e-02   5.7925560e-02
   5.8431106e-02   7.1085941e-02
   8.6383484e-02   6.9535851e-02
   9.6364923e-02   8.8046952e-02
   1.0226821e-01   7.2771755e-02
   6.9735155e-02   9.5294792e-02
   5.0667176e-02   9.6664167e-02
   6.4421911e-02   9.8831674e-02
   6.2912245e-02   1.1655452e-01
   3.5609949e-02   1.0320804e-01
   5.8537693e-02   1.2440713e-01
   4.1049689e-02   1.1688250e-01
  -8.4884837e-03   1.2402071e-01
  -2.1892043e-02   1.3718911e-01
  -2.7358623e-02   1.2946068e-01
  -7.9275623e-02   1.1365637e-01
  -1.1070883e-01   1.1392231e-01
  -1.2383129e-01   1.2160368e-01
  -9.9835692e-02   1.1663128e-01
  -1.2643846e-01   1.1875494e-01
  -1.4396274e-01   1.0941823e-01
  -1.6433876e-01   1.0612175e-01
  -1.7633781e-01   8.6019048e-02
  -2.0423608e-01   8.8210319e-02
  -2.1535076e-01   6.7448534e-02
  -2.2165351e-01   5.5875426e-02
  -2.0833576e-01   4.4873762e-02
  -2.2271738e-01   3.9639309e-02
  -2.0901578e-01   3.1736108e-02
  -2.2560728e-01   2.6093313e-02
  -2.5419527e-01   1.0576634e-02
  -2.6465168e-01   8.2015849e-03
   1.2846446e-01  -6.4836497e-02
   1.3051256e-01  -4.2630841e-02
   1.7941245e-01  -5.7288554e-02
   1.8819105e-01  -4.7289190e-02
   1.8866038e-01  -3.3242896e-02
   2.2109841e-01  -3.4507806e-02
   2.4515381e-01  -3.3330562e-02
   2.4617759e-01  -2.2394108e-02
   2.5168083e-01  -1.0679775e-02
   2.4973378e-01   6.0203817e-03
   2.6185494e-01   1.4777266e-02
   2.8025672e-01   1.6098972e-02
   2.8473312e-01   2.0282954e-02
   2.8524272e-01   2.2168403e-02
   2.9501300e-01   2.9046164e-02
   2.8861289e-01   3.2769882e-02
   2.7689607e-01   4.5598538e-02
   2.7189957e-01   5.8708112e-02
   2.7407005e-01   5.7008392e-02
   2.7501538e-01   5.7405919e-02
   2.5515131e-01   6.4212520e-02
   2.6195231e-01   6.3340412e-02
   2.6551716e-01   6.5629911e-02
   2.5645162e-01   7.3247947e-02
   2.4441577e-01   8.0840108e-02
   2.1808625e-01   9.2119730e-02
   2.1498324e-01   9.5454598e-02
   2.0676113e-01   1.0142611e-01
   2.0807570e-01   9.8428499e-02
   1.9615917e-01   1.0449696e-01
   1.7081964e-01   1.0458328e-01
   1.6578613e-01   1.0486319e-01
   1.3778481e-01   1.1213251e-01
   1.0443903e-01   1.2891204e-01
   9.0126014e-02   1.2680162e-01
   6.8224524e-02   1.3932261e-01
   7.1206017e-02   1.3629126e-01
   5.8320557e-02   1.3900702e-01
   2.1172844e-02   1.4343786e-01
  -6.2506025e-03   1.2917263e-01
  -6.3291441e-02   1.4058446e-01
  -6.5933407e-02   1.2467904e-01
  -9.8640503e-02   1.2911443e-01
  -1.1484390e-01   1.2414109e-01
  -1.5495362e-01   1.3290294e-01
  -1.6197895e-01   1.3128665e-01
  -2.2166066e-01   1.3317392e-01
  -2.1033965e-01  -1.1218585e-01
  -1.9268956e-01  -1.1462409e-01
  -1.8735839e-01  -1.1324484e-01
  -1.6041265e-01  -1.1296689e-01
  -1.4205583e-01  -1.1302980e-01
  -1.0470010e-01  -1.2259633e-01
  -8.2007765e-02  -1.2493950e-01
  -7.5725790e-02  -1.2279484e-01
  -7.7380676e-02  -1.1166865e-01
  -3.2705383e-02  -1.1020544e-01
  -1.3844793e-02  -9.9588970e-02
   1.3833548e-02  -1.0153217e-01
   3.2693069e-02  -9.6936273e-02
   6.4415753e-02  -9.8304868e-02
   1.1086865e-01  -9.6782849e-02
   1.0961773e-01  -8.3306256e-02
   1.6917930e-01  -9.0988814e-02
   1.9861746e-01  -7.2606008e-02
   2.1371840e-01  -7.1479734e-02
   2.1654366e-01  -4.7691857e-02
   2.7789542e-01  -5.0882594e-02
   2.8882429e-01  -2.7835159e-02
   2.9485211e-01  -2.0695968e-02
   3.0849301e-01  -7.9932995e-03
   3.4362260e-01  -9.3225987e-03
   3.5686715e-01   1.8484102e-03
   3.6272522e-01   1.2448901e-02
   3.6607415e-01   1.6109782e-02
   3.7367535e-01   2.0616911e-02
   3.8796297e-01   2.2790954e-02
   3.7073645e-01   3.4391717e-02
   3.7290395e-01   4.4363758e-02
   3.7476367e-01   5.5701584e-02
   3.8235353e-01   6.0421124e-02
   3.8388724e-01   7.6716926e-02
   3.8919154e-01   6.8296535e-02
   3.5871053e-01   8.6869711e-02
   3.4792053e-01   9.3729877e-02
   3.3666549e-01   1.0005436e-01
   3.3333879e-01   1.0646427e-01
   3.2684032e-01   1.0780622e-01
   3.1731359e-01   1.1400563e-01
   2.7575247e-01   1.2557584e-01
   2.5484153e-01   1.2709148e-01
   2.5699489e-01   1.3657469e-01
   1.9980201e-01   1.3164400e-01
   1.4808768e-01   1.3889827e-01
  -3.4402266e-01   2.3708355e-02
  -3.7090882e-01   2.8378847e-02
  -3.7143557e-01   2.1370893e-02
  -3.7090835e-01   2.0941574e-02
  -3.4082918e-01   6.2452920e-03
  -3.0956279e-01  -6.7726211e-03
  -3.1218729e-01  -7.7364303e-03
  -2.8736098e-01  -1.1559462e-02
  -2.4926678e-01  -3.1848607e-02
  -2.6355184e-01  -3.5781505e-02
  -2.4559640e-01  -4.6737005e-02
  -2.2682341e-01  -4.5721396e-02
  -2.0079027e-01  -6.0635609e-02
  -1.9787906e-01  -4.9688944e-02
  -1.7837810e-01  -5.0592986e-02
  -1.4983170e-01  -6.2085216e-02
  -1.4342567e-01  -6.8129533e-02
  -1.3214527e-01  -7.4679009e-02
  -1.1334423e-01  -8.1758110e-02
  -1.4346261e-01  -6.8265668e-02
  -1.0109460e-01  -8.0054650e-02
  -6.7239818e-02  -8.0043813e-02
  -4.6220703e-02  -7.9387677e-02
  -2.6174130e-02  -8.0221295e-02
   0.0000000e+00  -9.0566038e-02
   1.8633420e-02  -9.4745138e-02
   3.2200156e-02  -8.7027603e-02
   3.6062603e-02  -8.3941273e-02
   4.2213707e-02  -7.9875378e-02
   6.0817757e-02  -8.0776956e-02
   7.4060837e-02  -9.0523217e-02
   1.1868438e-01  -9.3861002e-02
   1.4006676e-01  -8.9527469e-02
   1.5202345e-01  -9.7169191e-02
   1.5176182e-01  -9.1649731e-02
   1.5248412e-01  -8.1441272e-02
   1.8442643e-01  -8.1633308e-02
   2.0967718e-01  -8.3567431e-02
   2.3315094e-01  -8.2833758e-02
   2.3405590e-01  -7.7396986e-02
   2.5016518e-01  -8.5405916e-02
   2.7757310e-01  -7.3461855e-02
   2.9405958e-01  -6.3401107e-02
   2.8980216e-01  -5.5361971e-02
   2.9606163e-01  -4.9460355e-02
   3.0726118e-01  -4.4883723e-02
   3.2580846e-01  -4.0521676e-02
   9.1756957e-02   1.4715937e-01
   7.5692818e-02   1.3521305e-01
   5.2348462e-02   1.4558806e-01
   4.2613823e-02   1.4490070e-01
   3.6405475e-02   1.3658888e-01
   2.7550624e-02   1.3731889e-01
   1.8775627e-02   1.5072571e-01
  -1.4967606e-02   1.4798464e-01
  -3.3791797e-02   1.4740682e-01
  -5.9526023e-02   1.3350667e-01
  -8.4987906e-02   1.2242994e-01
  -1.0367716e-01   1.1870854e-01
  -1.4228974e-01   1.2967278e-01
  -1.4873063e-01   1.1901125e-01
  -1.5603927e-01   1.2176898e-01
  -1.5670944e-01   1.1076575e-01
  -1.6480273e-01   1.0782313e-01
  -1.8208031e-01   9.1129984e-02
  -2.3385687e-01   9.1421319e-02
  -2.3598763e-01   8.1071618e-02
  -2.4564940e-01   7.0956529e-02
  -2.4914691e-01   6.2617969e-02
  -2.4801257e-01   5.5467797e-02
  -2.4725876e-01   3.9587629e-02
  -2.6030025e-01   3.2528136e-02
  -2.6533881e-01   2.2000513e-02
  -2.8041437e-01   8.3000239e-03
  -2.6432131e-01  -1.5986924e-02
  -2.6530965e-01  -2.8092435e-02
  -2.7445448e-01  -3.5340596e-02
  -2.6434280e-01  -3.8671793e-02
  -2.4360256e-01  -5.7825817e-02
  -2.6060455e-01  -4.9458674e-02
  -2.3484466e-01  -6.7542320e-02
  -2.2151761e-01  -7.8777844e-02
  -2.0102143e-01  -9.2276480e-02
  -2.0589118e-01  -8.3750632e-02
  -1.7573476e-01  -1.0282310e-01
  -1.7484224e-01  -1.0081034e-01
  -1.6600401e-01  -1.0619469e-01
  -1.4933950e-01  -1.0982640e-01
  -1.2550705e-01  -1.1728082e-01
  -1.1201724e-01  -1.0685311e-01
  -1.2413508e-01  -9.3754779e-02
  -1.0157760e-01  -8.9586245e-02
  -6.3619723e-02  -9.5592463e-02
  -4.6587309e-02  -9.2914513e-02
   3.1567090e-01   3.4638759e-02
   3.1872267e-01   4.2525840e-02
   3.0494500e-01   5.8082890e-02
   3.2191032e-01   5.9418704e-02
   3.1381700e-01   6.8388887e-02
   2.9116316e-01   7.2475112e-02
   2.7422472e-01   8.8985096e-02
   2.6783152e-01   8.8055621e-02
   2.5564705e-01   9.0301620e-02
   2.4317813e-01   9.6273857e-02
   2.2795762e-01   1.0069903e-01
   2.0377378e-01   1.0947777e-01
   2.0885343e-01   1.1417360e-01
   1.8201362e-01   1.2085856e-01
   1.5968648e-01   1.3502186e-01
   1.4848548e-01   1.3772615e-01
   1.0531267e-01   1.4925608e-01
   1.0438018e-01   1.3918888e-01
   8.7717931e-02   1.3556343e-01
   7.2345771e-02   1.4027625e-01
   6.8903440e-02   1.4663347e-01
   4.6894566e-02   1.5205722e-01
   3.0728811e-02   1.5199166e-01
   8.6449604e-03   1.4746320e-01
   1.2370438e-03   1.3922914e-01
  -1.7243049e-02   1.4861443e-01
  -2.5014677e-02   1.4140756e-01
  -6.2896078e-02   1.4917707e-01
  -8.6778501e-02   1.3658354e-01
  -1.0275723e-01   1.3396775e-01
  -1.1996308e-01   1.2890051e-01
  -1.2979452e-01   1.1773959e-01
  -1.3046187e-01   1.0326793e-01
  -1.3562135e-01   1.0327715e-01
  -1.5287937e-01   1.0084531e-01
  -1.7811061e-01   1.0929426e-01
  -1.8107394e-01   9.7485895e-02
  -2.2179933e-01   9.5213426e-02
  -2.2794940e-01   7.9456516e-02
  -2.3275263e-01   6.4116350e-02
  -2.5833909e-01   6.3021484e-02
  -2.5712962e-01   5.7559567e-02
  -2.6704306e-01   5.5622140e-02
  -2.7470618e-01   5.7706999e-02
  -2.7798959e-01   5.2356807e-02
  -2.7874703e-01   3.2751563e-02
  -2.9712076e-01   2.6417005e-02
  -3.2119953e-01   1.7234389e-02
   6.4888831e-02  -1.1426673e-01
   7.1678010e-02  -1.0389983e-01
   1.0085909e-01  -1.0248487e-01
   1.0778129e-01  -9.5934565e-02
   1.2610002e-01  -1.0181169e-01
   1.4384744e-01  -9.2664542e-02
   1.6021496e-01  -9.0500564e-02
   1.7827162e-01  -7.8642889e-02
   1.8864001e-01  -7.1297011e-02
   2.0545828e-01  -6.2121469e-02
   2.3134491e-01  -5.4403567e-02
   2.5625610e-01  -4.7703505e-02
   2.6984150e-01  -3.0319369e-02
   2.7975025e-01  -2.3129964e-02
   2.8366958e-01  -2.8544778e-02
   2.8544738e-01  -1.4911209e-02
   3.0538548e-01  -1.0246706e-02
   2.9093395e-01   1.8640636e-03
   2.9489365e-01   5.0821672e-03
   3.1491818e-01   9.2437517e-03
   3.2254716e-01   1.9786151e-02
   3.3234003e-01   2.5160196e-02
   3.2575922e-01   3.3566529e-02
   2.9901865e-01   5.1382968e-02
   2.8479357e-01   6.1772829e-02
   2.9137214e-01   5.6102816e-02
   2.8397199e-01   6.9174762e-02
   2.7319012e-01   8.1358442e-02
   2.6672036e-01   9.0301678e-02
   2.6147816e-01   1.0025843e-01
   2.6142761e-01   9.7840780e-02
   2.3231393e-01   9.4921537e-02
   2.5411626e-01   9.2229086e-02
   2.1653177e-01   1.0907597e-01
   2.2225091e-01   1.1417219e-01
   1.9505102e-01   1.3756104e-01
   1.9347875e-01   1.2346950e-01
   1.5578572e-01   1.3456334e-01
   1.4627350e-01   1.3759623e-01
   1.4083474e-01   1.4119247e-01
   9.3703478e-02   1.4112156e-01
   8.8211318e-02   1.5595167e-01
   8.9036745e-02   1.4246508e-01
   6.5476321e-02   1.5431745e-01
   8.6498573e-02   1.4082204e-01
   8.5318266e-02   1.4676645e-01
   1.2641354e-03   1.2543203e-01
  -8.8194308e-02  -8.1227324e-02
  -8.0837374e-02  -8.2169893e-02
  -6.2918026e-02  -7.8455421e-02
  -5.4002091e-02  -8.4258862e-02
  -5.0570501e-02  -8.5349837e-02
  -1.3865235e-02  -1.0330320e-01
  -1.1248360e-02  -1.0188717e-01
  -7.4721074e-03  -1.0554025e-01
   6.1821080e-03  -1.1687228e-01
   1.1187949e-02  -1.0735771e-01
   3.9608613e-02  -1.1237480e-01
   4.8283707e-02  -1.1186674e-01
   7.2092277e-02  -1.0515323e-01
   1.0695258e-01  -1.0600556e-01
   1.1536105e-01  -1.0265481e-01
   1.2450232e-01  -1.0097732e-01
   1.3171099e-01  -1.0417662e-01
   1.4440107e-01  -1.0391414e-01
   1.5790522e-01  -1.0086353e-01
   1.8362147e-01  -9.3295210e-02
   2.0069169e-01  -9.2005788e-02
   2.1681423e-01  -8.8124967e-02
   2.1286312e-01  -7.8563442e-02
   2.1393706e-01  -7.4734918e-02
   2.3293553e-01  -6.5084772e-02
   2.4751533e-01  -5.3246366e-02
   2.6167639e-01  -5.3285035e-02
   2.6964244e-01  -4.3881933e-02
   2.7635073e-01  -4.1430771e-02
   2.7880445e-01  -3.5919497e-02
   2.6493159e-01  -3.2292874e-02
   2.6570757e-01  -2.4606421e-02
   2.7591866e-01  -1.8835123e-02
   2.8499586e-01  -1.4233917e-02
   2.9008052e-01  -6.4227926e-03
   2.9403584e-01  -2.3035961e-03
   3.0339571e-01  -4.6087146e-04
   2.7814342e-01   6.0411310e-03
   2.6342183e-01   1.3932443e-02
   2.6402652e-01   1.7985829e-02
   2.4955464e-01   3.5551595e-02
  -7.4810026e-02   1.2931485e-01
  -1.1070620e-01   1.2211278e-01
  -1.3933690e-01   1.2506697e-01
  -1.4945997e-01   1.2126332e-01
  -1.4284827e-01   1.2785394e-01
  -1.4806123e-01   1.1914280e-01
  -1.5703998e-01   1.0474322e-01
  -1.7852587e-01   8.8901938e-02
  -1.9702401e-01   7.1357715e-02
  -1.9641168e-01   5.5768567e-02
  -2.0360819e-01   3.1561360e-02
  -2.1566327e-01   2.0231223e-02
  -2.2241211e-01   1.1832325e-02
  -2.0632256e-01   6.4562208e-03
  -2.1010526e-01   4.9901281e-04
  -2.0895850e-01  -5.0279314e-03
  -1.9467992e-01  -1.3642430e-02
  -2.0430776e-01  -2.2447584e-02
  -2.1579189e-01  -2.4697253e-02
  -2.0873000e-01  -3.3088854e-02
  -1.9168547e-01  -3.9384885e-02
  -1.8325710e-01  -3.8809439e-02
  -1.7799292e-01  -5.0239278e-02
  -1.5460127e-01  -5.8934597e-02
  -1.4583567e-01  -7.1320031e-02
  -1.4295944e-01  -6.6640793e-02
  -1.5690492e-01  -6.9883914e-02
  -1.5599238e-01  -7.1993229e-02
  -1.5382652e-01  -8.2683342e-02
  -1.2710145e-01  -9.5503875e-02
  -8.0850331e-02  -1.1827059e-01
  -7.4713755e-02  -1.1756684e-01
  -5.1249777e-02  -1.2330764e-01
   2.2848373e-02  -1.1492381e-01
   2.6338406e-02  -1.1863010e-01
  -1.2109184e-02  -1.3245643e-01
  -2.0675278e-02  -1.2795013e-01
   5.8374804e-02  -1.1986554e-01
   1.3152395e-01  -1.3404740e-01
   1.1283957e-01  -1.1624655e-01
   1.2108436e-01  -9.9083491e-02
   1.8694264e-01  -1.0116368e-01
   1.5946682e-01  -1.4043308e-01
   7.1249379e-02  -1.0375670e-01
   1.4311549e-01  -1.0931141e-01
   1.4380011e-01  -8.2185679e-02
   1.0635146e-01  -1.0289016e-01
   7.6242596e-02  -7.8990333e-02
   2.5729668e-01   9.5787123e-02
   2.1627418e-01   1.2008815e-01
   2.1482930e-01   1.1396762e-01
   2.1756569e-01   1.1687800e-01
   1.8869522e-01   1.2838739e-01
   1.5905062e-01   1.2213490e-01
   1.3257542e-01   1.2411877e-01
   1.1953886e-01   1.3072711e-01
   1.0658131e-01   1.3164796e-01
   7.4441009e-02   1.2789428e-01
   6.6862148e-02   1.2199315e-01
   8.5688036e-02   1.2794747e-01
   8.6526421e-02   1.2441263e-01
   7.0394638e-02   1.1471538e-01
   6.3452904e-02   1.1528468e-01
   2.9187534e-02   1.2591488e-01
   5.0647225e-03   1.2829612e-01
  -1.2708988e-03   1.0781533e-01
  -1.1370033e-02   1.0970966e-01
  -3.0492657e-02   1.1293584e-01
  -4.8839250e-02   1.0327416e-01
  -6.7159754e-02   9.6457280e-02
  -1.0781540e-01   1.0127231e-01
  -1.7210501e-01   1.0103499e-01
  -1.6112579e-01   8.2558271e-02
  -1.6992577e-01   8.0431931e-02
  -1.8784904e-01   8.6847003e-02
  -2.2469613e-01   8.4415456e-02
  -2.7201992e-01   7.4245538e-02
  -3.0485273e-01   6.7598087e-02
  -2.9956776e-01   5.3277603e-02
  -3.2026083e-01   3.9898914e-02
  -3.2565216e-01   3.6347861e-02
  -3.4554135e-01   3.8308456e-02
  -3.4975376e-01   2.3593894e-02
  -3.4473426e-01   9.6006289e-03
  -3.6313003e-01   1.0999372e-02
  -3.7414918e-01   4.7762920e-04
  -3.8322987e-01  -1.7106790e-02
  -3.9470047e-01  -2.5593338e-02
  -3.6739806e-01  -4.0825988e-02
  -3.5941375e-01  -4.3270500e-02
  -3.3290806e-01  -4.4230008e-02
  -3.0912000e-01  -4.2259266e-02
  -3.1959317e-01  -4.9382097e-02
  -3.3250537e-01  -5.2412671e-02
  -3.1273103e-01  -7.2788653e-02
