  -4.1351535e-02   1.5154843e-02
  -3.3898860e-02   1.5662072e-02
  -3.1331420e-02   1.2789788e-02
  -3.1394953e-02   1.1865809e-02
  -3.7631690e-02   1.4223001e-02
  -3.7823500e-02   1.1911299e-02
  -3.8929742e-02   1.1863860e-02
  -3.1450986e-02   1.5218323e-02
  -2.5110267e-02   1.5664591e-02
  -2.0127327e-02   1.6172397e-02
  -7.5424253e-03   1.1405739e-02
  -1.1302183e-02   1.1868966e-02
  -1.1323044e-02   1.4270988e-02
  -6.2769318e-03   1.7091779e-02
  -1.2567139e-03   1.6158408e-02
   0.0000000e+00   1.7619048e-02
   1.2593630e-03   1.4285707e-02
   2.5139534e-03   1.2831658e-02
   3.7710279e-03   1.2356381e-02
   8.8247918e-03   1.3346252e-02
   1.2543897e-02   1.4228554e-02
   1.6333730e-02   1.9008327e-02
   2.8986321e-02   1.8108485e-02
   2.8875862e-02   1.6138258e-02
   3.3903914e-02   1.3289030e-02
   3.5152038e-02   1.6610841e-02
   4.1594967e-02   1.6197859e-02
   4.4065921e-02   1.8084340e-02
   5.1629086e-02   1.5701303e-02
   5.2886590e-02   1.6176440e-02
   5.8099909e-02   1.5267598e-02
   5.0366473e-02   1.6653560e-02
   6.0459056e-02   1.1415636e-02
   7.1869643e-02   1.0469835e-02
   9.4795315e-02   1.9070371e-02
   9.5654418e-02   2.1842765e-02
   9.4404152e-02   2.0894624e-02
   9.3345724e-02   1.9034061e-02
   9.6089665e-02   1.4778437e-02
   1.0577666e-01   1.5660005e-02
   1.2123993e-01   1.6640671e-02
   1.2892163e-01   1.9025574e-02
   1.3090137e-01   2.1315420e-02
   1.3596970e-01   1.8465741e-02
   1.4014044e-01   2.0413184e-02
   1.4903411e-01   1.5653664e-02
   1.5390030e-01   1.8473005e-02
   1.4533489e-01   2.0424224e-02
   1.5121533e-01   1.9405897e-02
   1.5640451e-01   1.9889241e-02
   1.6759015e-01   1.9847500e-02
   1.7964317e-01   1.9901245e-02
   1.8944386e-01   1.6060900e-02
   1.8560680e-01   1.9375917e-02
   1.9192764e-01   1.8889652e-02
   1.8242768e-01   1.4699281e-02
   1.8889021e-01   1.8971795e-02
   1.9781523e-01   2.0722840e-02
   1.9944371e-01   2.2175388e-02
   2.0866412e-01   2.3610865e-02
   2.0365356e-01   2.1263200e-02
   2.0293302e-01   1.6003307e-02
   2.0707983e-01   1.8855081e-02
   2.1739725e-01   1.8848910e-02
   2.1770919e-01   2.2997092e-02
   2.2456275e-01   2.1269395e-02
   2.2241600e-01   2.0719907e-02
   2.1837824e-01   2.2122389e-02
   2.2397343e-01   1.6966161e-02
   2.1890395e-01   1.7449222e-02
   2.2099456e-01   1.7409673e-02
   2.2117110e-01   1.9781435e-02
   2.0991824e-01   2.4079226e-02
   2.2626230e-01   1.7885301e-02
   2.2644205e-01   2.0258186e-02
   2.3345413e-01   2.0771310e-02
   2.3831180e-01   1.9793788e-02
   2.3323146e-01   2.0279619e-02
   2.2533950e-01   2.3111219e-02
   2.2658294e-01   2.4050389e-02
   2.2541085e-01   1.9809616e-02
   2.2441218e-01   1.7471228e-02
   2.2167120e-01   1.6516460e-02
   2.3120417e-01   1.7962599e-02
   2.4314983e-01   1.9289780e-02
   2.6262423e-01   2.1151591e-02
   2.7310398e-01   2.5263290e-02
   2.7208040e-01   2.6229334e-02
   2.8008105e-01   2.2007483e-02
   2.7857386e-01   2.0587455e-02
   2.8453677e-01   1.8753568e-02
   2.8893873e-01   2.2442191e-02
   2.9431511e-01   2.1976324e-02
   3.0666577e-01   2.2838558e-02
   3.1455119e-01   2.3760228e-02
   3.1645662e-01   2.3704466e-02
   3.1425357e-01   2.3272416e-02
   3.1113180e-01   2.1465989e-02
   3.1214481e-01   1.9576359e-02
   3.0088396e-01   2.4310240e-02
   2.9399363e-01   2.2889766e-02
   3.0192671e-01   2.1946979e-02
   2.8481096e-01   2.3837547e-02
   2.8089410e-01   2.3009723e-02
   2.6999077e-01   2.0167851e-02
   2.7001336e-01   1.9229812e-02
   2.6333076e-01   2.2514046e-02
   2.6484771e-01   2.3000512e-02
   2.6514962e-01   2.1613006e-02
   2.6621036e-01   1.9241472e-02
   2.6700924e-01   1.9296863e-02
   2.6687565e-01   2.2010751e-02
   2.6307356e-01   2.4017863e-02
   2.5597721e-01   2.3032218e-02
   2.5611814e-01   1.6921630e-02
   2.5252806e-01   1.8830762e-02
   2.5304906e-01   1.8303668e-02
   2.5778293e-01   2.2130307e-02
   2.5545547e-01   2.3457228e-02
   2.5777069e-01   2.2601164e-02
   2.5246304e-01   2.1655376e-02
   2.4916567e-01   2.1237593e-02
   2.4342107e-01   1.7895559e-02
   2.3910253e-01   1.9752085e-02
   2.3684571e-01   1.7894629e-02
   2.3802173e-01   2.2128838e-02
   2.3884445e-01   2.0672756e-02
   2.3736826e-01   2.5975270e-02
   2.3748691e-01   2.1252494e-02
   2.3624776e-01   1.9839243e-02
   2.3787520e-01   1.7874169e-02
   2.3656237e-01   2.0229676e-02
   2.2848715e-01   2.1622279e-02
   2.1753768e-01   2.2640599e-02
   2.1653723e-01   2.0305236e-02
   2.1398591e-01   2.1256661e-02
   2.0493638e-01   2.0314990e-02
   1.9821666e-01   2.0291209e-02
   1.9721088e-01   1.6534664e-02
   1.9211850e-01   1.8908045e-02
   1.8865360e-01   2.1796261e-02
   1.8542261e-01   1.9357060e-02
   1.7817769e-01   2.1304873e-02
   1.7949300e-01   1.7988306e-02
   1.8091571e-01   1.9424708e-02
   1.7530190e-01   1.8562470e-02
   1.6918566e-01   1.9883736e-02
   1.6271780e-01   1.9403746e-02
   1.6463933e-01   1.9002414e-02
   1.5672825e-01   1.8979301e-02
   1.5043122e-01   1.7091520e-02
   1.4537470e-01   1.7099351e-02
   1.3272863e-01   1.7593293e-02
   1.1487476e-01   2.1880635e-02
   1.1145680e-01   1.8133793e-02
   1.1721820e-01   1.6612522e-02
   1.2481441e-01   1.2333786e-02
   1.2235858e-01   1.8997381e-02
   1.1720989e-01   1.7561809e-02
   1.0080610e-01   1.9956982e-02
   9.6562384e-02   1.7971769e-02
   9.4160418e-02   1.6098198e-02
   8.9400489e-02   1.6625476e-02
   8.9681446e-02   1.4292735e-02
   8.1923832e-02   1.7124244e-02
   8.4363842e-02   1.6629971e-02
   7.5100613e-02   1.7011665e-02
   6.8905139e-02   1.7979442e-02
   6.9317674e-02   1.7610297e-02
   5.6504949e-02   1.3754927e-02
   4.0295872e-02   1.5706373e-02
   3.0164914e-02   1.4253402e-02
   2.1410971e-02   1.2855315e-02
   1.7593994e-02   1.6156864e-02
   2.5158308e-02   1.6646879e-02
   2.7673175e-02   1.7121798e-02
   2.5112586e-02   1.4240537e-02
   1.3810195e-02   1.6141478e-02
   6.2775667e-03   1.5667464e-02
   1.2558847e-02   1.0444593e-02
   5.0079530e-03   1.3254335e-02
   0.0000000e+00   1.6650149e-02
  -3.7737462e-03   1.6650075e-02
  -6.2794234e-03   1.0444976e-02
  -1.1299979e-02   1.5192276e-02
  -1.1311505e-02   1.4732088e-02
  -2.0028192e-02   1.6092671e-02
  -2.0012625e-02   1.2766887e-02
  -2.0033360e-02   1.1832847e-02
  -2.1349079e-02   1.1393048e-02
  -1.7561455e-02   1.4227888e-02
  -1.1289171e-02   1.4702976e-02
   0.0000000e+00   1.4229249e-02
   0.0000000e+00   1.6094675e-02
   0.0000000e+00   1.7058243e-02
   0.0000000e+00   1.4732673e-02
  -3.7671015e-03   1.3293710e-02
  -8.7885934e-03   1.5667280e-02
  -5.0078143e-03   1.3727704e-02
  -8.7639178e-03   1.3254122e-02
  -1.0034192e-02   1.5651685e-02
  -1.2531152e-02   1.4688327e-02
  -1.3798286e-02   1.4228409e-02
  -1.1288824e-02   1.5177265e-02
  -1.3825586e-02   1.4256580e-02
  -2.2579014e-02   1.4226999e-02
  -2.6394300e-02   1.4254345e-02
  -3.3900981e-02   1.4712855e-02
  -4.1318805e-02   1.1828057e-02
  -5.1382152e-02   1.3256669e-02
  -5.5200550e-02   1.1846516e-02
  -7.0247843e-02   1.3733930e-02
  -7.6526132e-02   1.2309674e-02
  -8.0289712e-02   1.2307429e-02
  -8.3044783e-02   1.2342306e-02
  -8.5221462e-02   1.2764955e-02
  -9.1309949e-02   1.2263889e-02
  -1.0914383e-01   1.2286697e-02
  -1.1804502e-01   1.1818462e-02
  -1.2044585e-01   1.0388147e-02
  -1.1806240e-01   8.5092928e-03
  -1.1303200e-01   9.9310538e-03
  -1.0664476e-01   1.0398169e-02
  -1.2042822e-01   1.3221278e-02
  -1.2408451e-01   1.0846646e-02
  -1.3158844e-01   1.3196819e-02
  -1.2760326e-01   8.9401926e-03
  -1.2485295e-01   9.3942233e-03
  -1.3023355e-01   8.9471467e-03
  -1.4023004e-01   1.2233295e-02
  -1.4331556e-01   9.9172256e-03
  -1.5039843e-01   1.1763750e-02
  -1.5776271e-01   1.1743999e-02
  -1.6903147e-01   1.1730811e-02
  -1.7441760e-01   7.0484489e-03
  -1.7962840e-01   3.7607859e-03
   0.0000000e+00   1.8095238e-02
   1.5155509e-02   1.6237649e-02
   2.1367431e-02   1.3780226e-02
   5.0054695e-02   1.5518778e-02
   3.1445664e-02   1.7596185e-02
   4.5198480e-02   1.5657732e-02
   4.4070664e-02   1.6656629e-02
   4.6578549e-02   1.9510670e-02
   5.4253318e-02   1.6207865e-02
   6.6685742e-02   1.2826717e-02
   7.3165716e-02   1.8577500e-02
   7.9558042e-02   1.7637022e-02
   9.3638607e-02   1.7181616e-02
   9.9759560e-02   1.8093440e-02
   9.9561710e-02   1.8057724e-02
   1.1469337e-01   1.7090241e-02
   1.1376317e-01   1.8094775e-02
   1.2466535e-01   1.5639039e-02
   1.2995992e-01   1.5663641e-02
   1.2639375e-01   1.9029349e-02
   1.2128990e-01   2.3319934e-02
   1.2376576e-01   1.6637505e-02
   1.2288146e-01   1.5258013e-02
   1.3401980e-01   1.4738801e-02
   1.3158035e-01   1.9040490e-02
   1.3803818e-01   1.9525530e-02
   1.5532761e-01   1.7540760e-02
   1.6828405e-01   1.8027641e-02
   1.8050918e-01   2.2223915e-02
   1.9106645e-01   1.7509566e-02
   1.8414597e-01   2.0304184e-02
   1.7673039e-01   2.1760032e-02
   1.7293537e-01   2.2242054e-02
   1.7331770e-01   1.9914785e-02
   1.7549118e-01   2.0343656e-02
   1.8096286e-01   1.6108295e-02
   1.7443020e-01   1.8471746e-02
   3.5254225e-01   2.8322659e-02
   3.5863202e-01   2.6406351e-02
   3.6039957e-01   2.3178887e-02
   3.5810240e-01   2.1733287e-02
   3.5635395e-01   1.9467505e-02
   3.6389145e-01   2.2213434e-02
   3.6448881e-01   2.5500154e-02
   3.5979645e-01   2.8715142e-02
   3.5287902e-01   2.5459046e-02
   3.4637352e-01   2.3710069e-02
   3.3876699e-01   2.2814831e-02
   3.3085674e-01   2.0963870e-02
   3.2928368e-01   2.0018231e-02
   3.2699337e-01   2.2377814e-02
   3.2083650e-01   2.5696306e-02
   3.2945458e-01   2.4696818e-02
   3.2088827e-01   2.4294689e-02
   3.1331107e-01   2.2457676e-02
   3.1690048e-01   1.9618081e-02
   3.1850241e-01   1.9087905e-02
   3.1843566e-01   2.1501684e-02
   3.1257179e-01   2.5684142e-02
   3.1194146e-01   2.5270781e-02
   3.1107209e-01   2.3332597e-02
   3.1080743e-01   2.1063880e-02
   3.1410285e-01   1.7274393e-02
   3.0501282e-01   2.3849139e-02
   3.0793721e-01   2.1521521e-02
   3.0523604e-01   2.6212118e-02
   2.9989804e-01   2.4806824e-02
   3.0118463e-01   2.4333300e-02
   3.0060327e-01   2.1571389e-02
   2.9526470e-01   1.9694479e-02
   2.9172625e-01   2.0195956e-02
   2.8144278e-01   2.3524246e-02
   2.7956597e-01   2.4893321e-02
   2.8234333e-01   2.6316378e-02
   2.7258093e-01   2.1674033e-02
   2.7264059e-01   1.9318160e-02
   2.6167221e-01   1.8823195e-02
   2.4690238e-01   1.9848395e-02
   2.5021940e-01   1.9798894e-02
   2.3512594e-01   2.3645274e-02
   2.3620618e-01   2.1728695e-02
   2.2961653e-01   2.2199295e-02
   2.2953032e-01   1.4627924e-02
   2.3072495e-01   1.8871431e-02
   2.1569131e-01   2.0821275e-02
  -3.7777380e-03   1.5714216e-02
  -1.2579993e-03   1.5698704e-02
  -1.2531152e-03   1.4689035e-02
  -5.0529032e-03   1.2895420e-02
  -1.3838862e-02   1.4746398e-02
  -1.0055262e-02   1.3781746e-02
  -6.2843571e-03   1.4257251e-02
  -5.0270204e-03   1.5683045e-02
  -1.1299620e-02   1.5667035e-02
  -2.0108722e-02   1.5206013e-02
  -2.7623845e-02   1.4239952e-02
  -2.1370697e-02   1.0929145e-02
  -1.6309254e-02   1.1856729e-02
  -1.8834983e-02   1.3767031e-02
  -2.6390100e-02   1.6630069e-02
  -3.8991189e-02   1.8068778e-02
  -3.7631690e-02   1.4223001e-02
  -3.5196261e-02   1.2351690e-02
  -3.7751983e-02   9.9856764e-03
  -3.6529772e-02   9.9958640e-03
  -4.0185540e-02   1.1863495e-02
  -4.9013449e-02   1.5671489e-02
  -5.6488302e-02   1.8023698e-02
  -6.6755266e-02   1.1888340e-02
  -7.4168890e-02   1.0912091e-02
  -7.1588367e-02   9.4804932e-03
  -7.0332431e-02   9.4810156e-03
  -8.4476479e-02   1.0939071e-02
  -9.7926835e-02   1.6094604e-02
  -1.0036704e-01   1.1347997e-02
  -9.3034731e-02   8.5315869e-03
  -8.7913776e-02   9.9465134e-03
  -8.3044783e-02   1.2342306e-02
  -7.7928279e-02   1.3756284e-02
  -9.1748873e-02   1.4694342e-02
  -1.0703933e-01   1.5184205e-02
  -1.1040110e-01   1.1813130e-02
  -1.1668192e-01   1.0390998e-02
  -1.1681207e-01   7.0917205e-03
  -1.2183035e-01   8.5069291e-03
  -1.2973806e-01   1.0895646e-02
  -1.4092448e-01   1.2293180e-02
  -1.5002146e-01   1.3254348e-02
  -1.4946197e-01   8.4874019e-03
  -1.4540108e-01   9.4152721e-03
  -1.5338158e-01   8.4927223e-03
  -1.6593718e-01   1.0838520e-02
  -1.7422713e-01   9.8582673e-03
  -8.9328821e-02   1.3761809e-02
  -9.5624838e-02   1.2808119e-02
  -8.5737322e-02   1.0938346e-02
  -7.3056381e-02   1.0934295e-02
  -7.4524018e-02   1.4303731e-02
  -5.9300138e-02   1.6204988e-02
  -5.5473072e-02   1.2381434e-02
  -5.6838638e-02   1.4791150e-02
  -5.0432551e-02   1.1430906e-02
  -4.2942031e-02   1.5752182e-02
  -3.4075791e-02   1.1447170e-02
  -3.2805416e-02   1.5740271e-02
  -3.0196502e-02   1.3316352e-02
  -1.7663871e-02   1.6221093e-02
   0.0000000e+00   1.3386454e-02
   1.0125083e-02   1.4356473e-02
   1.5138870e-02   1.7652820e-02
   1.7641068e-02   2.0017926e-02
   2.6474376e-02   1.3343673e-02
   2.8991388e-02   1.5725789e-02
   3.9196800e-02   1.3857938e-02
   5.1734886e-02   1.4778984e-02
   5.3155076e-02   1.4822504e-02
   8.3554301e-02   2.1351924e-02
   6.0385893e-02   1.5205797e-02
   7.6165733e-02   1.4374150e-02
   7.4708444e-02   2.1041399e-02
   8.3604578e-02   1.6252207e-02
   7.8150699e-02   1.5700161e-02
   7.9408574e-02   1.6174931e-02
   7.7032389e-02   1.7639180e-02
   9.5005202e-02   1.6241990e-02
   1.0598323e-01   1.6166405e-02
   1.1768095e-01   1.7154730e-02
   1.2235858e-01   1.8997381e-02
   1.2892667e-01   1.8549935e-02
   1.2662448e-01   2.0973653e-02
   1.2435552e-01   1.9586172e-02
   1.2500050e-01   1.9487766e-02
   1.2881291e-01   1.7106153e-02
   1.4060287e-01   1.6664526e-02
   1.3921989e-01   1.4271360e-02
   1.4715755e-01   2.2409731e-02
   1.6069827e-01   1.7566619e-02
   1.7189550e-01   1.8950436e-02
   1.7617571e-01   2.1373341e-02
   1.7985746e-01   1.7549201e-02
   1.9125688e-01   1.7526652e-02
   1.9756719e-01   1.8933585e-02
   1.9225165e-01   2.2238606e-02
   3.6393996e-01   2.5375596e-02
   3.7384616e-01   2.2078184e-02
   3.7715040e-01   2.1646226e-02
   3.6972902e-01   2.5857093e-02
   3.6176446e-01   2.5412520e-02
   3.6301369e-01   2.5867723e-02
   3.5469015e-01   2.5860492e-02
   3.5846043e-01   2.1753455e-02
   3.5608711e-01   2.2622058e-02
   3.5684912e-01   2.1276436e-02
   3.4708964e-01   2.5900365e-02
   3.3452473e-01   2.5138074e-02
   3.3102276e-01   2.4150958e-02
   3.2793755e-01   2.2351368e-02
   3.2161246e-01   2.1445860e-02
   3.2223925e-01   2.1400453e-02
   3.2092496e-01   2.2801566e-02
   3.0822496e-01   2.3321325e-02
   3.0166194e-01   2.9418291e-02
   2.8567845e-01   2.3436941e-02
   2.7865744e-01   2.2100978e-02
   2.7021392e-01   1.8685558e-02
   2.6369604e-01   1.8310181e-02
   2.5478002e-01   2.0215853e-02
   2.4360431e-01   2.0741159e-02
   2.3362149e-01   2.3626614e-02
   2.3112648e-01   2.1744199e-02
   2.3341126e-01   2.2659611e-02
   2.2520555e-01   2.2753539e-02
   2.1380067e-01   1.9820317e-02
   2.0498520e-01   1.7480340e-02
   1.9799876e-01   1.6599235e-02
   1.8501323e-01   2.3250496e-02
   1.8793134e-01   2.2814062e-02
   1.7413730e-01   1.4181309e-02
   1.6719751e-01   1.7097785e-02
   1.6497458e-01   1.8563793e-02
   1.6223375e-01   2.1404139e-02
   1.4549750e-01   1.9017975e-02
   1.4800322e-01   2.0915013e-02
   1.4942966e-01   1.9981680e-02
   1.4041937e-01   2.0453396e-02
   1.3374516e-01   1.5658842e-02
   1.2300011e-01   1.5750399e-02
   1.1006760e-01   1.9547738e-02
   8.1059494e-02   1.8166574e-02
  -5.2787023e-02   1.4719952e-02
  -5.9127853e-02   1.5206505e-02
  -6.8136512e-02   1.5246441e-02
  -7.5349692e-02   1.1374645e-02
  -9.0528264e-02   5.6885345e-03
  -9.5638357e-02   9.9618702e-03
  -9.4259633e-02   1.5166164e-02
  -9.8120722e-02   1.6126317e-02
  -1.0441051e-01   1.6119983e-02
  -1.1690187e-01   1.2304384e-02
  -1.3002057e-01   5.6958695e-03
  -1.3872062e-01   5.2122917e-03
  -1.4457562e-01   9.4439301e-03
  -1.4848800e-01   1.0394965e-02
  -1.5288460e-01   1.4113219e-02
  -1.5964018e-01   1.2259894e-02
  -1.6939583e-01   7.5222970e-03
  -1.7459486e-01   6.1145858e-03
  -1.7066186e-01   5.1709071e-03
  -1.6687119e-01   9.8755542e-03
  -1.6310376e-01   1.0349738e-02
  -1.6400592e-01   1.3614664e-02
  -1.7235673e-01   1.4613188e-02
  -1.8012177e-01   1.0843805e-02
  -1.8160435e-01   3.3030429e-03
  -1.8069655e-01   6.1045180e-03
  -1.7816679e-01   9.3941379e-03
  -1.8834983e-01   1.3619459e-02
  -1.9783866e-01   1.0757761e-02
  -2.0952559e-01   1.0295543e-02
  -2.2128253e-01   7.0228831e-03
  -2.2699738e-01   5.1614876e-03
  -2.2396349e-01   3.7257575e-03
  -2.2655383e-01   3.7465982e-03
  -2.3565003e-01   9.3176968e-03
  -2.3905564e-01   1.3090061e-02
  -2.4161269e-01   9.8139903e-03
  -2.2986230e-01   6.0734134e-03
  -2.2462901e-01   3.2694092e-03
  -2.2106370e-01   7.0161410e-03
  -2.1831269e-01   9.8164332e-03
  -2.1980078e-01   7.9529520e-03
  -2.2122790e-01   1.2641189e-02
  -2.0761196e-01   1.2206548e-02
  -2.0008954e-01   9.3983957e-03
  -1.9181181e-01   3.2796834e-03
  -1.8644477e-01   7.5382275e-03
  -1.8354818e-01   9.4071726e-03
   2.2755880e-02   1.6252368e-02
   3.1578895e-02   1.3846463e-02
   3.5301046e-02   1.2388459e-02
   3.1610322e-02   1.3860246e-02
   3.2803215e-02   1.6694227e-02
   5.5522037e-02   1.4300444e-02
   4.8044833e-02   1.4810113e-02
   5.7871603e-02   1.4731973e-02
   7.0800701e-02   1.5275062e-02
   7.6808871e-02   1.6636232e-02
   8.0814795e-02   1.8589211e-02
   8.7657616e-02   1.7735524e-02
   7.8367193e-02   1.8609968e-02
   7.7196514e-02   1.5763496e-02
   8.3440996e-02   1.5742914e-02
   9.0941821e-02   1.4768120e-02
   1.0123093e-01   1.7173774e-02
   1.0123449e-01   1.6696725e-02
   1.0342001e-01   2.0924639e-02
   1.1388067e-01   1.7636022e-02
   1.2757117e-01   1.4731763e-02
   1.3360354e-01   1.6591551e-02
   1.4168441e-01   2.0451157e-02
   1.4971515e-01   2.0974480e-02
   1.4559840e-01   2.2368133e-02
   1.4180673e-01   2.1899547e-02
   1.4225672e-01   2.0054540e-02
   1.6104660e-01   1.5222627e-02
   1.7053084e-01   1.3254090e-02
   1.8293077e-01   1.8071483e-02
   1.8229713e-01   2.3234347e-02
   1.8759922e-01   2.0397637e-02
   2.0491849e-01   2.1259873e-02
   2.0720358e-01   2.3119882e-02
   2.1885181e-01   2.0278826e-02
   2.2463629e-01   1.7488169e-02
   2.3288265e-01   2.0835476e-02
   2.3524423e-01   2.2586010e-02
   2.5399670e-01   2.1200928e-02
   2.5494171e-01   2.4120568e-02
   2.5249667e-01   2.0243069e-02
   2.6112889e-01   1.9726471e-02
   2.5887298e-01   1.8812539e-02
   2.6250754e-01   2.5381909e-02
   2.6783264e-01   2.5855998e-02
   2.7492959e-01   2.4837663e-02
   2.8474779e-01   2.1587177e-02
   2.9087625e-01   1.9201672e-02
   2.8236010e-01   2.1042070e-02
   2.8887629e-01   2.0654943e-02
