   1.4538090e-01  -1.1513254e-01
  -2.4065351e-02   7.0632207e-02
  -2.8879093e-02   6.6090376e-02
  -4.0279975e-02   6.4287093e-02
  -4.0371773e-02   7.0325159e-02
  -3.6664867e-02   7.6418965e-02
  -3.6553153e-02   8.8115660e-02
  -3.2469048e-02   8.8770001e-02
  -3.8358676e-02   8.9392904e-02
  -3.3372314e-02   8.1471560e-02
  -3.9717264e-02   8.9179547e-02
  -3.9675148e-02   9.4519263e-02
  -4.0878701e-02   1.0389577e-01
  -3.2154688e-02   1.0074241e-01
  -3.5559305e-02   1.0678101e-01
  -2.7000526e-02   1.0242639e-01
  -1.8371016e-02   1.0271066e-01
  -1.3445565e-02   1.0945061e-01
  -6.1244240e-03   1.0919748e-01
  -1.2267468e-03   1.1238090e-01
   0.0000000e+00   1.1128358e-01
   1.1057505e-02   1.1963626e-01
   1.7151906e-02   1.2333462e-01
   2.3227772e-02   1.2558950e-01
   2.6785846e-02   1.2962150e-01
   2.9269871e-02   1.2831339e-01
   2.8184033e-02   1.2487246e-01
   2.9528175e-02   1.1876833e-01
   2.3458981e-02   1.1769643e-01
   2.1097419e-02   1.1323652e-01
   2.1145682e-02   1.1045624e-01
   2.1121595e-02   1.0627717e-01
   1.3673774e-02   1.0281659e-01
   1.2377004e-03   9.8865623e-02
  -6.1778817e-03   9.3239688e-02
   1.2391093e-03   8.5629294e-02
   0.0000000e+00   8.1904762e-02
   5.0029233e-03   6.9253183e-02
  -1.2545378e-03   7.2407556e-02
  -1.6216596e-02   6.8089576e-02
  -2.5082949e-02   6.3095052e-02
  -8.7682093e-03   5.6244917e-02
  -1.1235674e-02   5.3647726e-02
  -2.0081934e-02   4.7183717e-02
  -2.6483824e-02   4.3061350e-02
  -3.6921197e-02   3.4236718e-02
  -4.1947497e-02   2.2592863e-02
  -4.2942031e-02   1.5752182e-02
  -3.6484271e-02   1.4741187e-02
  -3.7822549e-02   1.2387751e-02
   8.6641412e-02  -1.4851956e-01
   8.2892432e-02  -1.4581172e-01
   8.5283510e-02  -1.5259389e-01
   8.0411163e-02  -1.4422218e-01
   7.7549096e-02  -1.4929900e-01
   5.9829320e-02  -1.5447757e-01
   5.4730283e-02  -1.5597286e-01
   5.3432501e-02  -1.5518502e-01
   4.0315282e-02  -1.5200455e-01
   5.0207202e-02  -1.4968987e-01
   4.5670202e-02  -1.4302307e-01
   4.4005807e-02  -1.5102047e-01
   3.8941068e-02  -1.5348185e-01
   4.1200414e-02  -1.5381858e-01
   4.4885505e-02  -1.5028735e-01
   4.6305270e-02  -1.4259958e-01
   4.3923666e-02  -1.2934988e-01
   3.8995006e-02  -1.2207736e-01
   3.1898856e-02  -1.1840814e-01
   2.7227456e-02  -1.1900712e-01
   2.1014109e-02  -1.2347947e-01
   1.9862502e-02  -1.2301121e-01
   3.3677828e-02  -1.1740823e-01
   3.6300358e-02  -1.1423641e-01
   3.7808858e-02  -1.0121077e-01
   3.1722334e-02  -8.9239496e-02
   2.4113199e-02  -8.0228297e-02
   2.7960909e-02  -7.5847422e-02
   1.5267736e-02  -7.2456651e-02
   2.1614297e-02  -7.1406434e-02
   2.0475529e-02  -5.8956689e-02
   1.9194649e-02  -5.0571668e-02
   1.4183655e-02  -3.7146346e-02
   1.6744172e-02  -3.0729026e-02
   1.0306062e-02  -2.9267325e-02
   3.8435859e-03  -2.4242313e-02
   2.5620452e-03  -1.3562031e-02
   1.1437861e-02  -1.2011525e-02
  -3.8176353e-03   0.0000000e+00
  -3.8212722e-03  -4.8144215e-03
  -3.8407082e-03   1.4516063e-03
  -8.9228924e-03   1.2047895e-02
  -1.7931534e-02   1.5982260e-02
  -1.7879183e-02   1.4485485e-02
  -2.0383492e-02   2.0238353e-02
  -2.4015753e-02   1.8642080e-02
  -4.0607507e-02   2.8814050e-02
  -3.0200474e-02   3.8637118e-02
  -3.5218884e-02   5.1135497e-02
   1.1250163e-02   1.2133504e-01
   1.1212626e-02   1.1781331e-01
   2.1062061e-02   1.1252877e-01
   2.5604244e-02   1.1063642e-01
   1.0860927e-02   1.1588994e-01
   9.6495281e-03   1.1484025e-01
   8.5238856e-03   9.7688511e-02
   7.3573891e-03   9.7417017e-02
   6.1595585e-03   8.8046267e-02
   2.4748003e-03   8.1106561e-02
  -9.9469834e-03   7.8568954e-02
  -1.3766888e-02   6.3455451e-02
  -7.5434120e-03   5.7426689e-02
  -1.1390057e-02   4.5643793e-02
  -1.2666944e-02   4.0838795e-02
  -2.1406161e-02   4.0591208e-02
  -2.6635064e-02   3.2665456e-02
  -2.2703107e-02   2.9607192e-02
  -2.2694379e-02   3.2472404e-02
  -2.9167723e-02   1.4381818e-02
  -3.0251884e-02   1.5725425e-02
  -3.2849217e-02   9.5490438e-03
  -2.9209635e-02   2.3993655e-03
  -4.1864038e-02   6.7096416e-03
  -5.2064143e-02  -7.1939560e-03
  -5.9262190e-02  -9.9990455e-03
  -5.5546473e-02  -1.4300444e-03
  -4.3030300e-02  -1.4826977e-02
  -4.3165413e-02  -1.2472793e-02
  -2.5365729e-02  -2.4955009e-02
  -4.1588577e-02  -2.8135960e-02
  -6.2749333e-02  -2.9903973e-02
  -6.7809916e-02  -3.2777671e-02
  -6.6931634e-02  -3.4886523e-02
  -6.1822694e-02  -4.5933134e-02
  -5.5550974e-02  -5.2269428e-02
  -5.1852546e-02  -4.8967786e-02
  -5.0643123e-02  -4.8538184e-02
  -4.4299196e-02  -4.9989308e-02
  -4.5608192e-02  -5.8815787e-02
  -4.6738638e-02  -6.5978586e-02
  -3.4174260e-02  -6.9581534e-02
  -4.1756680e-02  -6.7085776e-02
  -3.5418942e-02  -6.4617636e-02
  -2.6568753e-02  -6.7590551e-02
  -3.4295145e-02  -6.7853558e-02
  -2.6851526e-02  -7.2814310e-02
  -2.1735407e-02  -8.2357349e-02
  -2.8207304e-02  -8.3093647e-02
  -1.6505759e-02  -9.0327808e-02
  -1.5094999e-02  -9.5992948e-02
   3.5666355e-02  -8.7059346e-02
   3.0512284e-02  -7.4871486e-02
   1.6521205e-02  -7.2868186e-02
   1.6617699e-02  -5.9386319e-02
   2.5593125e-02  -5.4998829e-02
   2.3121929e-02  -4.6821435e-02
   2.1891002e-02  -3.9058249e-02
   2.4444296e-02  -3.1669236e-02
   1.7988269e-02  -2.5772483e-02
   1.7930923e-02  -1.6466571e-02
   1.7847808e-02  -9.6376022e-03
   3.8520434e-03   6.3093744e-03
   1.6707754e-02   8.7441824e-03
   5.1711618e-03   1.3197447e-02
   1.2872217e-03   1.7038531e-02
  -3.8731474e-03   1.8067057e-02
  -1.0307054e-02   1.8517156e-02
  -1.9349188e-02   2.6853435e-02
  -1.9364266e-02   2.8835740e-02
  -1.9235870e-02   3.3032630e-02
  -2.6831190e-02   4.3141810e-02
  -3.5710714e-02   5.6276743e-02
  -2.9254427e-02   5.9075918e-02
  -3.0376818e-02   6.6137666e-02
  -4.1715393e-02   7.0464196e-02
  -4.9084156e-02   8.0983042e-02
  -4.7887142e-02   8.3081183e-02
  -4.7958213e-02   8.1714262e-02
  -3.7934474e-02   8.4895229e-02
  -3.5185629e-02   9.0840027e-02
  -4.0051054e-02   9.5950391e-02
  -4.2264391e-02   1.0276332e-01
  -5.1978405e-02   1.0827636e-01
  -4.9271415e-02   1.1834711e-01
  -4.7862311e-02   1.2963099e-01
  -4.5373337e-02   1.3108130e-01
  -4.9060262e-02   1.3263900e-01
  -4.2907864e-02   1.2591123e-01
  -4.3055356e-02   1.2894765e-01
  -4.5384869e-02   1.3060115e-01
  -4.8904040e-02   1.4205416e-01
  -4.6014732e-02   1.4998188e-01
  -4.9506532e-02   1.5794512e-01
  -4.3351686e-02   1.5750317e-01
  -5.2700638e-02   1.6287156e-01
  -4.2171366e-02   1.5496052e-01
  -4.3416435e-02   1.5670189e-01
  -3.8842017e-02   1.4935283e-01
  -3.8553832e-02   1.5180366e-01
  -3.3016286e-02  -7.1975676e-03
  -2.5499489e-02  -6.7456281e-03
  -2.3020401e-02  -3.8664343e-03
  -2.5540902e-02  -1.4966790e-02
  -2.1702757e-02  -1.9313071e-02
  -1.2743652e-02  -2.7013711e-02
  -7.6083681e-03  -4.0400071e-02
  -1.5172601e-02  -3.3530530e-02
  -1.2640746e-02  -4.1236704e-02
  -1.0128237e-02  -4.3722322e-02
  -6.3416820e-03  -4.9637929e-02
   1.2692526e-03  -5.9456163e-02
   0.0000000e+00  -5.7580645e-02
   0.0000000e+00  -5.9817629e-02
   8.8670419e-03  -7.3620767e-02
   3.8098286e-03  -7.8297511e-02
   1.1358070e-02  -8.4759370e-02
   7.5546405e-03  -8.5557351e-02
   0.0000000e+00  -9.4929006e-02
  -5.0345790e-03  -9.4544683e-02
   8.7855587e-03  -1.0385989e-01
   1.1301885e-02  -1.0493492e-01
   1.9948642e-02  -1.0971386e-01
   1.7492368e-02  -1.0945426e-01
   1.3671102e-02  -1.1443967e-01
   3.7144843e-03  -1.1602756e-01
   7.3964967e-03  -1.3451367e-01
  -9.8664169e-03  -1.2989519e-01
   2.3356347e-02  -1.4140691e-01
   2.3419404e-02  -1.3656421e-01
   1.2342260e-03  -1.3416744e-01
   1.1063719e-02  -1.3410507e-01
   1.7155538e-02  -1.3988565e-01
   2.0696480e-02  -1.4253940e-01
   1.7031300e-02  -1.4034558e-01
   1.5796006e-02  -1.4068609e-01
   1.9502280e-02  -1.4220398e-01
   1.4543892e-02  -1.4341605e-01
   7.2518301e-03  -1.4820452e-01
   2.4175734e-03  -1.4457228e-01
   9.6913172e-03  -1.4075102e-01
   8.4715512e-03  -1.4423531e-01
   1.4543892e-02  -1.4341605e-01
   2.0598210e-02  -1.4388376e-01
   1.6943102e-02  -1.4422481e-01
   2.6721492e-02  -1.3956809e-01
   2.7987852e-02  -1.3621924e-01
   1.4531582e-02  -1.3604588e-01
   6.0717086e-03  -1.2319692e-01
   1.0964746e-02  -1.2260899e-01
   4.9131478e-03  -1.1605878e-01
  -3.4665432e-02   4.9249756e-02
  -3.0873331e-02   5.4295680e-02
  -3.3200672e-02   5.0942965e-02
  -5.3401286e-02   6.0490602e-02
  -5.3307359e-02   6.3330360e-02
  -4.8278156e-02   7.3791594e-02
  -4.2142595e-02   7.0204434e-02
  -3.3073059e-02   7.9403815e-02
  -3.4013489e-02   8.4077687e-02
  -3.9839212e-02   8.8967693e-02
  -4.4827106e-02   8.8477424e-02
  -3.8715416e-02   9.1247370e-02
  -3.7352277e-02   9.8934379e-02
  -3.4999983e-02   1.0845319e-01
  -2.8743735e-02   1.0895149e-01
  -2.3591264e-02   1.1431082e-01
  -2.5952852e-02   1.1780959e-01
  -2.7086032e-02   1.2345355e-01
  -2.8097802e-02   1.3265967e-01
  -2.6773631e-02   1.4142439e-01
  -1.9445190e-02   1.4383777e-01
  -1.4454104e-02   1.5393323e-01
  -1.6803732e-02   1.5966575e-01
  -1.6727372e-02   1.6683637e-01
  -2.2644902e-02   1.7064674e-01
  -1.5543934e-02   1.7182548e-01
  -3.6062345e-03   1.7287648e-01
  -5.9866964e-03   1.7428066e-01
  -1.6824867e-02   1.7172170e-01
  -1.8072271e-02   1.6786032e-01
  -1.8072987e-02   1.6624621e-01
  -2.7889207e-02   1.6253696e-01
  -2.9180133e-02   1.5496490e-01
  -2.0742430e-02   1.5079361e-01
  -1.8410051e-02   1.4064861e-01
  -1.5913462e-02   1.3816278e-01
  -2.3190594e-02   1.3615929e-01
  -2.6817364e-02   1.2927327e-01
  -2.5557376e-02   1.2854354e-01
  -4.5336998e-02   1.1266957e-01
  -4.2938363e-02   1.1433017e-01
  -4.3092022e-02   1.0872150e-01
  -4.6951901e-02   9.3174778e-02
  -4.5638570e-02   9.4985790e-02
  -3.5834275e-02   8.7797715e-02
  -3.5935761e-02   7.6806415e-02
  -4.0795978e-02   7.1773174e-02
  -5.8571875e-02   5.6855712e-02
  -6.5093616e-02   5.4689182e-02
  -2.1168518e-02  -1.2496627e-01
  -1.6116101e-02  -1.3532292e-01
  -6.1400708e-03  -1.3603848e-01
   0.0000000e+00  -1.3955734e-01
   8.5242892e-03  -1.4731833e-01
   1.4574013e-02  -1.4845776e-01
   1.5635809e-02  -1.5632156e-01
   2.0465255e-02  -1.5646806e-01
   2.6301518e-02  -1.5316539e-01
   2.8737279e-02  -1.5709833e-01
   3.1160305e-02  -1.5883364e-01
   3.6190693e-02  -1.6426285e-01
   3.9864022e-02  -1.6991591e-01
   4.5931398e-02  -1.7658291e-01
   3.9534481e-02  -1.7484382e-01
   3.9449830e-02  -1.6901016e-01
   4.1692635e-02  -1.6832758e-01
   4.0662883e-02  -1.6213407e-01
   4.7981443e-02  -1.5733095e-01
   5.1503721e-02  -1.5969514e-01
   5.2604808e-02  -1.5463107e-01
   4.4245017e-02  -1.5105426e-01
   4.9419340e-02  -1.4764332e-01
   4.2712178e-02  -1.4179660e-01
   4.9106795e-02  -1.4006768e-01
   3.5994647e-02  -1.3492631e-01
   4.2223635e-02  -1.3761862e-01
   3.6344589e-02  -1.3210149e-01
   4.5238931e-02  -1.3086467e-01
   4.0191356e-02  -1.2397873e-01
   3.7824693e-02  -1.1614569e-01
   4.8131564e-02  -1.0375876e-01
   4.0505100e-02  -9.5559239e-02
   3.5604587e-02  -8.3380884e-02
   2.6820768e-02  -7.3228460e-02
   2.1790124e-02  -7.1499447e-02
   2.3226503e-02  -5.8454768e-02
   2.8420092e-02  -5.8018049e-02
   7.7683147e-03  -4.8195811e-02
   3.8979598e-03  -4.5878508e-02
   1.6973008e-02  -4.2101474e-02
   2.2069424e-02  -3.9378630e-02
   1.1685180e-02  -3.1965854e-02
   3.8993600e-03  -2.2622844e-02
   1.8340601e-02  -1.4363826e-02
   1.3091942e-02  -5.4430097e-03
   5.2586188e-03   3.9751212e-03
   1.7143749e-02   3.9871757e-03
   1.1805577e-02   9.4210804e-03
   6.5076165e-03   1.9199748e-02
   3.8836629e-03   2.2040713e-02
  -2.4237204e-02   1.4703658e-01
  -2.5481242e-02   1.4828731e-01
  -2.3110122e-02   1.4239193e-01
  -2.8097802e-02   1.3265967e-01
  -1.9590805e-02   1.2836687e-01
  -2.0841769e-02   1.2393036e-01
  -1.3417139e-02   1.2023049e-01
  -2.0808259e-02   1.1914886e-01
  -2.0855776e-02   1.1438291e-01
  -2.3348517e-02   1.0406080e-01
  -3.3290791e-02   9.8438499e-02
  -3.0841862e-02   9.2078677e-02
  -4.1872668e-02   9.1399668e-02
  -4.9943690e-02   7.7866514e-02
  -3.6513270e-02   6.3333374e-02
  -3.1563053e-02   5.2303658e-02
  -3.1579348e-02   4.5060874e-02
  -2.1427330e-02   4.0631626e-02
  -3.9370532e-02   3.0285994e-02
  -2.5531610e-02   1.9794786e-02
  -2.8268798e-02   1.3114158e-02
  -3.5882928e-02   4.8416602e-04
  -3.7162588e-02   4.8415198e-03
  -3.8404448e-02   5.8037982e-03
  -4.3307751e-02  -4.8116462e-03
  -5.3497246e-02  -5.2911948e-03
  -3.5508532e-02  -1.4379990e-02
  -5.9759211e-02  -1.9697608e-02
  -5.8623277e-02  -3.4249060e-02
  -5.4940055e-02  -4.3110869e-02
  -4.6380524e-02  -4.2008441e-02
  -3.9727042e-02  -5.3090465e-02
  -4.9036411e-02  -5.3947024e-02
  -3.8786849e-02  -5.4564394e-02
  -3.5929788e-02  -6.4071766e-02
  -5.1421113e-02  -5.2746484e-02
  -4.2359489e-02  -7.0072562e-02
  -4.7406036e-02  -6.9430756e-02
  -2.5498603e-02  -7.5594143e-02
  -1.8984333e-02  -8.8014153e-02
  -1.7723200e-02  -8.4525927e-02
  -8.8259356e-03  -9.7748302e-02
  -1.2570777e-02  -1.0250487e-01
  -2.5056280e-03  -1.0569675e-01
   0.0000000e+00  -1.0898083e-01
   3.7423058e-03  -1.1080594e-01
   1.2445162e-02  -1.0243975e-01
   8.6591338e-03  -1.1795095e-01
   1.6115057e-02  -1.1565280e-01
   5.4464664e-02  -1.0373692e-01
   5.5800930e-02  -1.0079642e-01
   5.6154423e-02  -9.2761658e-02
   5.9075928e-02  -8.4177222e-02
   5.3822337e-02  -7.5436230e-02
   3.6042894e-02  -6.3777548e-02
   3.8754670e-02  -5.8005391e-02
   4.8738773e-02  -5.8064464e-02
   2.1825836e-02  -4.4338575e-02
   2.5755232e-02  -4.4471429e-02
   2.8521610e-02  -4.1300984e-02
   1.9565153e-02  -2.8144797e-02
   2.2205389e-02  -2.4713000e-02
   1.8172513e-02  -1.3740923e-02
   1.4209943e-02  -7.3240582e-03
   7.6658563e-03  -2.8973315e-03
   3.8291438e-03   4.8240987e-04
   2.5524338e-03   7.7185774e-03
   8.9412687e-03   1.1106364e-02
   1.5265362e-02   1.2504106e-02
   0.0000000e+00   2.8291708e-02
  -7.5968761e-03   3.0688759e-02
  -2.5401931e-03   2.9819579e-02
   1.2661460e-03   3.0689295e-02
  -1.1277862e-02   3.3707863e-02
  -1.9943308e-02   2.9258916e-02
  -3.1263435e-02   4.0303909e-02
  -2.2671867e-02   4.4455008e-02
  -2.0320843e-02   5.2628997e-02
  -1.6543319e-02   6.1085643e-02
  -1.5225087e-02   5.6977739e-02
  -2.5095372e-02   5.7302087e-02
  -3.6189242e-02   5.9381468e-02
  -4.6020659e-02   6.7847754e-02
  -5.2121019e-02   8.1277486e-02
  -5.1835658e-02   9.6012001e-02
  -5.2780631e-02   1.0435669e-01
  -4.5146559e-02   1.0670092e-01
  -4.6116745e-02   1.0560217e-01
  -4.2541729e-02   1.0430700e-01
  -4.0997202e-02   1.1128394e-01
  -4.0793326e-02   1.1364684e-01
  -3.7060179e-02   1.2309284e-01
  -2.9839000e-02   1.2439055e-01
  -3.9154889e-02   1.3202554e-01
  -3.3260528e-02   1.3170701e-01
  -3.4456921e-02   1.3123810e-01
  -3.9380854e-02   1.3033195e-01
  -3.4922521e-02   1.2606670e-01
  -3.3775923e-02   1.3034421e-01
  -1.6621194e-02  -2.4675301e-02
  -2.8198223e-02  -3.6428217e-02
  -3.8773048e-02  -3.5248794e-02
  -4.1438915e-02  -3.5809058e-02
  -4.9351770e-02  -4.2842150e-02
  -6.4063297e-02  -4.0113929e-02
  -4.1667151e-02  -4.5454211e-02
  -3.4981474e-02  -4.4736983e-02
  -2.5584866e-02  -6.0413944e-02
  -8.8710274e-03  -7.2167725e-02
  -1.5040898e-02  -7.5279306e-02
  -4.9894306e-03  -8.3748088e-02
  -2.4839392e-03  -8.1904601e-02
  -2.4860406e-03  -8.7880423e-02
   2.4863217e-03  -9.2841291e-02
   1.2431847e-02  -9.5324594e-02
   1.2358805e-03  -1.0470114e-01
   3.6941366e-03  -1.1282818e-01
   3.7095320e-03  -1.1028921e-01
  -1.2408398e-03  -1.1987909e-01
   4.9763139e-03  -1.1866705e-01
   3.7419322e-03  -1.2365054e-01
   6.2146878e-03  -1.3046485e-01
   6.1979070e-03  -1.2593180e-01
   2.4654989e-03  -1.3451586e-01
   4.9244947e-03  -1.3693437e-01
   4.9614817e-03  -1.2861371e-01
   8.6118105e-03  -1.3266003e-01
   1.3401246e-02  -1.3953203e-01
   1.1007526e-02  -1.4327052e-01
   1.9497719e-02  -1.4952841e-01
   2.6833945e-02  -1.4966154e-01
   2.0711493e-02  -1.5160761e-01
   3.6263355e-02  -1.5130944e-01
   3.5006390e-02  -1.5849179e-01
   3.9667780e-02  -1.6198992e-01
   3.9572813e-02  -1.6262387e-01
   3.5865134e-02  -1.6742263e-01
   3.2474896e-02  -1.5786903e-01
   2.9149812e-02  -1.5001675e-01
   2.9184774e-02  -1.4968582e-01
   3.2904218e-02  -1.5109115e-01
   3.5268427e-02  -1.5285971e-01
   3.6660893e-02  -1.5153502e-01
   3.4331218e-02  -1.5103248e-01
   3.9428855e-02  -1.4436184e-01
   4.3442002e-02  -1.3858970e-01
   3.7471243e-02  -1.3267254e-01
   3.7601164e-02  -1.3000020e-01
   4.0337077e-02  -1.2288479e-01
