  -4.2640948e-02   4.2631559e-02
   0.0000000e+00  -1.3489231e-01
   2.4964607e-03  -1.3952888e-01
  -4.9650587e-03  -1.4399880e-01
  -4.9431570e-03  -1.4810468e-01
   1.2221554e-03  -1.5643717e-01
  -3.6674563e-03  -1.5433700e-01
  -2.4266421e-03  -1.5999968e-01
  -1.0872567e-02  -1.6838017e-01
  -4.7931994e-03  -1.7607898e-01
  -3.6001036e-03  -1.7691762e-01
   0.0000000e+00  -1.8012072e-01
   4.8103106e-03  -1.8121309e-01
   1.5538006e-02  -1.8994307e-01
   1.9096901e-02  -1.9470053e-01
   2.0272077e-02  -1.9733102e-01
   1.6581060e-02  -1.9973761e-01
   1.5494699e-02  -1.9382938e-01
   1.1960754e-02  -1.9179541e-01
   4.7947556e-03  -1.8442721e-01
   1.3222279e-02  -1.8333208e-01
   9.6602041e-03  -1.7816858e-01
   1.2095512e-02  -1.8017379e-01
   9.7467058e-03  -1.7552019e-01
   3.6619231e-03  -1.7423231e-01
   3.6678999e-03  -1.7177833e-01
   1.2321801e-03  -1.6772859e-01
   4.9457919e-03  -1.6394923e-01
   3.7347413e-03  -1.5966865e-01
   8.7656686e-03  -1.5518763e-01
   1.3806957e-02  -1.4955552e-01
   2.0169442e-02  -1.4751858e-01
   2.2961021e-02  -1.3955685e-01
   1.7834182e-02  -1.2858454e-01
   6.3715404e-03  -1.1541642e-01
   5.1096608e-03  -1.0787537e-01
   1.2827053e-03  -1.0314044e-01
   1.2856352e-03  -9.5108308e-02
   7.6830875e-03  -9.2154309e-02
   2.5434997e-03  -9.6588154e-02
   7.5843276e-03  -9.6485520e-02
   6.3448216e-03  -9.1799423e-02
  -1.2824247e-03  -8.8213506e-02
   1.2881557e-03  -7.8437780e-02
   0.0000000e+00  -7.1826625e-02
   1.9629497e-02  -6.3859181e-02
   2.2231685e-02  -5.4209205e-02
   3.1050339e-02  -5.1623739e-02
   2.4429234e-02  -4.1943401e-02
   6.3687517e-03  -3.7665519e-02
   8.8641323e-03  -2.9729543e-02
  -3.8685591e-02   1.7335039e-01
  -3.5112117e-02   1.7864049e-01
  -3.6444515e-02   1.8267746e-01
  -3.3919533e-02   1.8378593e-01
  -3.8851547e-02   1.8933237e-01
  -4.1411382e-02   1.8773253e-01
  -3.1752672e-02   1.8098370e-01
  -2.1880257e-02   1.8625157e-01
  -2.3200014e-02   1.9007707e-01
  -2.8088902e-02   1.8099774e-01
  -2.8058574e-02   1.7351698e-01
  -2.9429227e-02   1.6567035e-01
  -3.4081180e-02   1.6919981e-01
  -2.5433264e-02   1.6286389e-01
  -1.9261555e-02   1.6286200e-01
  -1.6853512e-02   1.6447280e-01
  -4.8183336e-03   1.5872001e-01
   0.0000000e+00   1.5888668e-01
   0.0000000e+00   1.5097923e-01
   3.6138152e-03   1.4195783e-01
  -1.1985095e-03   1.4220466e-01
   6.0602971e-03   1.2496889e-01
   0.0000000e+00   1.2746298e-01
   4.9107529e-03   1.1498915e-01
   2.4760875e-03   1.1195173e-01
   1.6122662e-02   1.0809896e-01
   1.3794061e-02   9.3676357e-02
   1.2548543e-02   8.3767100e-02
   1.2622652e-03   7.8308117e-02
  -1.0058903e-02   7.1589296e-02
  -1.5167183e-02   6.7532777e-02
  -1.7712502e-02   6.7598929e-02
  -1.4052847e-02   5.3437984e-02
  -1.2812931e-03   4.4255296e-02
  -2.5914199e-03   3.1901774e-02
  -2.5955351e-03   2.7512737e-02
  -6.4555293e-03   2.7861146e-02
  -1.2906711e-02   2.1484138e-02
  -1.9255228e-02   1.2617356e-02
  -3.4461459e-02   3.3756418e-03
  -2.6932745e-02  -1.0664268e-02
  -3.0960249e-02  -1.5117455e-02
  -1.6783639e-02  -1.8065562e-02
  -2.5615618e-03  -2.7151460e-02
  -1.2792686e-02  -2.8575740e-02
  -8.9416486e-03  -3.8747772e-02
   2.5467604e-03  -4.4954592e-02
   2.5453892e-03  -5.6669915e-02
  -6.4057386e-03  -6.2501735e-02
   0.0000000e+00  -7.5686673e-02
   2.1845612e-02  -1.8704505e-01
   2.5451057e-02  -1.8900232e-01
   3.0374154e-02  -1.8104515e-01
   2.8160303e-02  -1.7422845e-01
   3.5594378e-02  -1.7357143e-01
   3.1033262e-02  -1.6739737e-01
   3.6112616e-02  -1.6407101e-01
   3.6166988e-02  -1.6657714e-01
   3.9985051e-02  -1.6356857e-01
   3.7685534e-02  -1.5676026e-01
   3.4125215e-02  -1.5009694e-01
   3.2856827e-02  -1.4679332e-01
   2.6467960e-02  -1.4421456e-01
   2.8054910e-02  -1.3246522e-01
   3.8337489e-02  -1.2843730e-01
   3.7118926e-02  -1.2119235e-01
   3.5962111e-02  -1.2057427e-01
   2.5860673e-02  -1.1082220e-01
   3.8847953e-02  -1.0516765e-01
   4.5275895e-02  -9.5139676e-02
   4.0197837e-02  -9.6949466e-02
   2.4612789e-02  -8.6035139e-02
   1.6940998e-02  -8.0908310e-02
   1.6971788e-02  -7.5414536e-02
   2.8665926e-02  -6.8127376e-02
   2.1927202e-02  -5.5942469e-02
   2.4146014e-02  -4.4856144e-02
   3.2925049e-02  -3.6467676e-02
   1.1340313e-02  -2.9581321e-02
   0.0000000e+00  -2.0766962e-02
  -5.0305364e-03  -1.9504307e-02
  -8.8420907e-03  -1.3850410e-02
   8.9233239e-03  -1.1084064e-02
   1.0219048e-02  -1.0140517e-02
   1.5239512e-02  -3.8397235e-03
   5.0850214e-03   2.4023831e-03
  -7.5970724e-03   2.8713345e-03
  -1.9039636e-02   1.5838218e-02
  -2.2779933e-02   3.4040451e-02
  -1.6467028e-02   4.0837383e-02
  -3.0470342e-02   4.9673994e-02
  -2.1581315e-02   5.4559426e-02
  -1.7819809e-02   5.6180065e-02
  -2.2832207e-02   5.7938187e-02
  -5.4597771e-02   6.1877379e-02
  -3.7180706e-02   6.3516098e-02
  -2.8210122e-02   7.3525871e-02
  -3.0629685e-02   8.1688096e-02
  -3.0467739e-02   9.3332619e-02
  -2.8944622e-02   1.0463685e-01
  -3.8479095e-02   1.0613510e-01
  -3.2143306e-02   1.0620560e-01
  -2.7312989e-02   9.8658857e-02
  -2.4890564e-02   8.9952209e-02
  -1.9984112e-02   7.9910073e-02
  -1.7608276e-02   6.7193415e-02
  -1.3880729e-02   6.2521253e-02
  -1.8973275e-02   5.2899837e-02
  -1.5189578e-02   4.4681461e-02
  -8.8331386e-03   3.3465322e-02
  -1.0153656e-02   2.7386509e-02
  -1.1416855e-02   2.3039067e-02
  -5.0667702e-03   1.6766333e-02
   1.2785145e-03   1.2567969e-02
   7.6731557e-03   5.8004983e-03
   1.5424817e-02  -2.9147648e-03
   1.4167126e-02  -6.3282066e-03
   1.5461758e-02  -1.7541845e-02
   1.2924108e-02  -1.7595829e-02
   2.8402641e-02  -2.8343194e-02
   2.9905856e-02  -3.5965333e-02
   4.5190199e-02  -5.1500774e-02
   3.4936780e-02  -5.9607492e-02
   2.8219098e-02  -6.5549268e-02
   2.0429716e-02  -7.7219893e-02
   2.1746254e-02  -7.7865836e-02
   3.8165606e-02  -8.4924854e-02
   3.5723974e-02  -8.8217246e-02
   3.7227288e-02  -8.8265019e-02
   4.8574518e-02  -9.6517948e-02
   6.2407929e-02  -1.0276262e-01
   5.6328141e-02  -1.1416712e-01
   4.8321882e-02  -1.2474234e-01
   5.4167940e-02  -1.3314929e-01
   4.4314269e-02  -1.3891947e-01
   3.9293735e-02  -1.4329565e-01
   3.9250022e-02  -1.4523207e-01
   3.9275308e-02  -1.4586322e-01
   4.4009578e-02  -1.4573946e-01
   4.8733529e-02  -1.4465340e-01
   4.4952102e-02  -1.4947647e-01
   4.2555374e-02  -1.5651912e-01
   3.2581635e-02  -1.6379525e-01
   2.5277339e-02  -1.6928893e-01
   1.9214874e-02  -1.6509887e-01
   2.2663482e-02  -1.7242409e-01
   1.9106624e-02  -1.7373776e-01
   9.5855157e-03  -1.8211314e-01
   1.6785802e-02  -1.8837858e-01
   2.0708211e-02  -6.2643124e-02
   3.3634307e-02  -6.0594431e-02
   2.4411214e-02  -5.5223880e-02
   2.2931832e-02  -5.2302170e-02
   2.4193470e-02  -3.9590354e-02
   7.6221154e-03  -1.8257929e-02
   2.2849720e-02  -1.4397668e-02
   2.4251060e-02  -1.9292965e-03
   2.5731168e-03   7.7811390e-03
   2.6723326e-02   1.4425664e-03
   3.8260553e-03   1.9296395e-02
  -6.4105810e-03   1.5999796e-02
   0.0000000e+00   2.4217962e-02
   3.8224317e-03   2.8462182e-02
   1.2825666e-02   3.2063135e-02
   2.4422664e-02   4.3406543e-02
  -1.2835717e-03   5.9144572e-02
  -2.5453892e-03   5.6669915e-02
  -1.6495622e-02   7.7726065e-02
  -1.7798832e-02   7.4886084e-02
  -1.7928052e-02   8.6548473e-02
  -1.2692019e-02   9.1307585e-02
  -2.0553783e-02   9.4502609e-02
  -8.9203945e-03   1.0398089e-01
   2.5404446e-03   9.9529925e-02
  -8.8386857e-03   1.0862109e-01
  -1.8832130e-02   1.1000755e-01
  -3.1353533e-02   1.1448090e-01
  -2.9863988e-02   1.2433579e-01
  -2.4747580e-02   1.3871386e-01
  -1.2360485e-02   1.4599448e-01
  -2.7251443e-02   1.5438701e-01
  -9.9158530e-03   1.5507170e-01
  -1.1192824e-02   1.5292254e-01
  -9.8834742e-03   1.4858977e-01
  -1.7209391e-02   1.5526401e-01
  -2.4493732e-02   1.5300509e-01
  -2.5541455e-02   1.5931842e-01
  -1.9349047e-02   1.7293279e-01
  -2.4019603e-02   1.7869217e-01
  -2.9839461e-02   1.8181197e-01
  -2.3858423e-02   1.8837738e-01
  -1.1988448e-02   1.8277855e-01
  -9.5823049e-03   1.8259748e-01
  -1.7911146e-02   1.8414818e-01
  -2.1437353e-02   1.7919013e-01
  -3.4119159e-02   1.9364503e-01
  -2.8432316e-02   1.9242644e-01
  -2.6075859e-02   1.9591957e-01
  -2.9544652e-02   1.9579750e-01
  -2.5827243e-03  -1.4649003e-02
  -9.1001845e-03  -2.0655206e-02
   2.5808517e-03  -2.3438405e-02
   6.4046568e-03  -4.5713699e-02
   6.4034192e-03  -4.6686331e-02
   6.3705591e-03  -5.6241707e-02
   1.3991002e-02  -6.3026413e-02
   2.0306906e-02  -1.0147777e-01
   3.7647560e-03  -1.1099340e-01
   1.0009731e-02  -1.1938693e-01
   7.5252772e-03  -1.2073094e-01
   1.2585829e-03  -1.2799993e-01
   0.0000000e+00  -1.2442623e-01
   3.7487038e-03  -1.3385024e-01
   1.2461309e-02  -1.4783615e-01
   1.1127652e-02  -1.5410390e-01
   1.2319303e-02  -1.5999164e-01
   1.9572720e-02  -1.6144207e-01
   1.8320611e-02  -1.6551481e-01
   1.4652620e-02  -1.6274934e-01
   1.5881631e-02  -1.6830327e-01
   1.4679029e-02  -1.7408520e-01
   1.9589776e-02  -1.7425346e-01
   2.1920810e-02  -1.8212281e-01
   1.4648470e-02  -1.7869416e-01
   2.0544535e-02  -1.8726493e-01
   1.3293926e-02  -1.9012101e-01
   1.9217005e-02  -1.9727422e-01
   1.9315371e-02  -1.9730118e-01
   2.4304217e-02  -2.0232397e-01
   3.1871859e-02  -1.9613231e-01
   4.2473215e-02  -2.0131841e-01
   4.0835168e-02  -2.0820204e-01
   4.0754624e-02  -2.0537799e-01
   3.8285925e-02  -2.0378018e-01
   3.7142749e-02  -1.9493344e-01
   4.4525885e-02  -1.8737494e-01
   4.2258923e-02  -1.7970385e-01
   4.1046351e-02  -1.7691634e-01
   3.6262993e-02  -1.6896397e-01
   3.1392542e-02  -1.6605990e-01
   3.7555153e-02  -1.6395222e-01
   3.6509765e-02  -1.5831295e-01
   3.0685281e-02  -1.5929666e-01
  -1.1470811e-02   5.0371283e-02
   0.0000000e+00   6.1748744e-02
  -7.6379704e-03   7.3994573e-02
  -6.4193932e-03   7.9179289e-02
  -2.5724200e-03   8.2877523e-02
   5.1660788e-03   8.5784392e-02
   1.0281184e-02   8.2297019e-02
   5.0951936e-03   8.7094077e-02
  -2.5216561e-03   9.2699507e-02
  -1.1243744e-02   1.0285293e-01
  -8.6306531e-03   1.2059764e-01
  -1.5906769e-02   1.3342873e-01
  -1.8340817e-02   1.4374246e-01
  -1.2230584e-02   1.4326915e-01
  -2.2119026e-02   1.4557751e-01
  -2.0967837e-02   1.4617113e-01
  -1.3576185e-02   1.4682009e-01
  -1.9834928e-02   1.4967322e-01
  -2.4562224e-02   1.5508992e-01
  -2.8161494e-02   1.5833248e-01
  -1.3382914e-02   1.6047494e-01
  -2.0419666e-02   1.6944377e-01
  -2.8481491e-02   1.7410553e-01
  -2.4786149e-02   1.8497946e-01
  -2.5874519e-02   1.9415891e-01
  -1.8853218e-02   1.9572635e-01
  -1.4175714e-02   1.9913954e-01
  -1.1873178e-02   1.9635362e-01
  -1.6739199e-02   1.9227271e-01
  -1.4354910e-02   1.8732696e-01
  -1.5577676e-02   1.8489808e-01
  -2.0362398e-02   1.8257657e-01
  -3.3626977e-02   1.8308439e-01
  -2.7686967e-02   1.7970840e-01
  -3.3918916e-02   1.7487352e-01
  -3.8760261e-02   1.7043694e-01
  -3.4074529e-02   1.6479692e-01
  -4.0270739e-02   1.6039670e-01
  -3.8047723e-02   1.5440071e-01
  -3.1915778e-02   1.4909818e-01
  -3.3065293e-02   1.4447832e-01
  -3.7956373e-02   1.4127818e-01
  -5.1487806e-02   1.3722744e-01
  -4.9105969e-02   1.3277182e-01
  -4.4424082e-02   1.2679141e-01
  -3.9655047e-02   1.1200657e-01
  -3.9606957e-02   1.0581432e-01
  -3.9751297e-02   9.7195956e-02
  -4.5022599e-02   9.5359417e-02
  -5.9262452e-02   8.7086775e-02
   9.8634176e-03  -1.3610051e-01
   8.6002493e-03  -1.4239806e-01
   0.0000000e+00  -1.5170732e-01
   1.2210652e-03  -1.6113582e-01
   3.6541539e-03  -1.6502966e-01
   4.8514911e-03  -1.7463270e-01
   6.0463989e-03  -1.7902208e-01
   4.8598646e-03  -1.8110278e-01
   0.0000000e+00  -1.8598150e-01
  -4.8230437e-03  -1.9475246e-01
   0.0000000e+00  -1.9758938e-01
  -1.8051156e-02  -1.9600556e-01
  -1.8012624e-02  -2.1121431e-01
  -1.6914190e-02  -2.1275578e-01
  -1.2015826e-02  -2.1975917e-01
  -2.3892819e-03  -2.2184408e-01
  -1.3050878e-02  -2.1879508e-01
  -8.2591076e-03  -2.1675289e-01
  -1.4209613e-02  -2.1473361e-01
  -1.5461838e-02  -2.0765520e-01
  -8.4061919e-03  -2.0303377e-01
  -6.0285737e-03  -1.9761547e-01
   2.4068208e-03  -1.9602825e-01
  -2.4162298e-03  -1.9062396e-01
  -1.2127412e-03  -1.8521996e-01
   0.0000000e+00  -1.8215385e-01
  -3.6765975e-03  -1.7894868e-01
   0.0000000e+00  -1.6976215e-01
   2.4934708e-03  -1.6715141e-01
   0.0000000e+00  -1.6501567e-01
   3.8006997e-03  -1.5831854e-01
   1.1481090e-02  -1.5391711e-01
   1.0308141e-02  -1.4776537e-01
   1.6800088e-02  -1.4266157e-01
   2.0643234e-02  -1.3415811e-01
   1.4207099e-02  -1.2617453e-01
   1.1570598e-02  -1.2074624e-01
   0.0000000e+00  -1.1168563e-01
   1.2852434e-03  -1.0335398e-01
   9.0316570e-03  -9.3910578e-02
   9.1141864e-03  -8.3410899e-02
   9.1421047e-03  -7.0850515e-02
   9.1248817e-03  -6.6651096e-02
   3.1224444e-02  -5.8434092e-02
   4.1592520e-02  -5.3853359e-02
   3.2456189e-02  -4.4831231e-02
   3.6303390e-02  -4.0802885e-02
   3.3510963e-02  -3.3192868e-02
   3.2147140e-02  -2.7739564e-02
  -4.0809762e-02   2.0840067e-01
  -4.7705078e-02   2.1240600e-01
  -4.4228201e-02   2.0679745e-01
  -5.5927900e-02   2.0527358e-01
  -5.9552459e-02   2.0633790e-01
  -5.7438822e-02   2.0388630e-01
  -5.4157705e-02   2.0211769e-01
  -6.0932777e-02   2.0832680e-01
  -5.7181489e-02   1.9293771e-01
  -7.0236282e-02   1.9379096e-01
  -7.4212974e-02   1.8321394e-01
  -8.4911071e-02   1.8291918e-01
  -8.7737559e-02   1.7565406e-01
  -8.7801671e-02   1.7306771e-01
  -9.8475307e-02   1.7373579e-01
  -8.9267798e-02   1.6549270e-01
  -8.7770581e-02   1.6596942e-01
  -8.2306767e-02   1.5866678e-01
  -7.4318632e-02   1.4449987e-01
  -6.7412417e-02   1.3193234e-01
  -7.0012094e-02   1.2399494e-01
  -6.4262593e-02   1.1563924e-01
  -8.4111874e-02   1.1361098e-01
  -7.6302759e-02   9.7264624e-02
  -7.6450339e-02   9.7459788e-02
  -7.4939293e-02   8.0667072e-02
  -7.2553976e-02   7.0884932e-02
  -6.5238794e-02   6.4303933e-02
  -6.3896591e-02   5.6341126e-02
  -5.5979368e-02   4.9256804e-02
  -6.2185708e-02   4.6690519e-02
  -4.2436682e-02   2.7246408e-02
  -4.4015189e-02   3.0870051e-02
  -3.5102238e-02   2.0156223e-02
  -2.0945237e-02   8.4112269e-03
  -3.1614923e-02   6.9687950e-03
  -1.8518573e-02  -7.4992026e-03
  -2.2531625e-02  -1.0019299e-02
  -5.2585343e-03  -2.2383227e-02
  -1.3026086e-02  -3.7528878e-02
  -3.9045002e-03  -4.2468934e-02
   7.8395726e-03  -4.3635525e-02
   1.9757319e-02  -5.0046016e-02
   3.2733194e-02  -4.8729764e-02
   3.2638003e-02  -5.2598764e-02
   2.8571614e-02  -6.1345049e-02
   3.0867093e-02  -7.3748198e-02
   3.5745626e-02  -8.3720937e-02
   4.4686571e-02  -9.4365573e-02
   4.2003161e-02  -1.0430950e-01
   3.0603494e-02  -1.7140756e-01
   2.8226346e-02  -1.6913337e-01
   2.4615535e-02  -1.6307740e-01
   1.3689258e-02  -1.5521146e-01
   1.6306708e-02  -1.4890071e-01
   1.6430195e-02  -1.4303993e-01
   2.1643732e-02  -1.3547876e-01
   1.9163749e-02  -1.2898426e-01
   7.6404272e-03  -1.2322744e-01
   6.3341307e-03  -1.1262147e-01
   6.3270052e-03  -1.0835405e-01
   3.8347566e-03  -9.9156774e-02
   3.8212510e-03  -9.5214276e-02
   1.7998487e-02  -9.2526446e-02
   2.0433093e-02  -8.2764480e-02
   5.0843617e-03  -6.8917535e-02
   0.0000000e+00  -5.6899696e-02
   1.0256762e-02  -4.6245942e-02
   1.9318222e-02  -4.3986722e-02
   1.2926050e-02  -4.0692464e-02
   2.0794866e-02  -3.1995692e-02
   3.6230753e-02  -2.6438191e-02
   1.5489429e-02  -2.0507119e-02
   2.5799369e-02  -1.5606533e-02
   3.5990410e-02  -4.3707148e-03
   2.9681955e-02   6.8274035e-03
   2.9488672e-02   1.5995684e-02
   2.1691789e-02   2.4624166e-02
   1.7877655e-02   3.4351418e-02
   4.9454861e-02   5.0563661e-02
   3.1821664e-02   3.5687230e-02
  -8.9061124e-03   5.3708340e-02
   4.2075175e-02   4.3524311e-02
   2.5490589e-02   7.6569552e-02
   3.8143489e-02   6.7916183e-02
   3.7618811e-03   9.1175465e-02
   1.8829903e-02   8.8271377e-02
   1.8755552e-02   9.3389632e-02
   2.6363796e-02   1.0082580e-01
   1.6377921e-02   9.9687402e-02
   2.3836311e-02   1.0940222e-01
   2.5161097e-02   1.1435510e-01
   1.6315759e-02   1.1511191e-01
   8.7188881e-03   1.1830007e-01
   6.1773468e-03   1.2651751e-01
  -4.8911996e-03   1.4009917e-01
   0.0000000e+00   1.4409543e-01
  -2.4029661e-03   1.4985104e-01
   2.4186308e-03   1.4725070e-01
