  -2.6561088e-01  -3.3623663e-02
  -2.3172367e-01  -4.2531050e-02
  -2.3650139e-01  -4.6312774e-02
  -2.3563376e-01  -4.5680700e-02
  -2.1571994e-01  -5.3270377e-02
  -2.2105950e-01  -5.4255527e-02
  -2.0238655e-01  -6.7979182e-02
  -1.8209712e-01  -5.8831864e-02
  -1.7316360e-01  -6.3956096e-02
  -1.6650696e-01  -6.2431758e-02
  -1.5404681e-01  -5.6721244e-02
  -1.3444265e-01  -6.8890559e-02
  -1.3271642e-01  -7.5759667e-02
  -1.0716755e-01  -8.0366122e-02
  -9.7505247e-02  -7.4866314e-02
  -9.3862720e-02  -7.7567506e-02
  -7.4650464e-02  -7.7726789e-02
  -4.1246047e-02  -8.5561701e-02
   0.0000000e+00  -1.0324716e-01
   1.4140936e-02  -8.4352266e-02
   1.6720730e-02  -8.2870302e-02
   3.8579949e-02  -7.7255746e-02
   5.9795333e-02  -8.1857897e-02
   7.0320435e-02  -8.2240086e-02
   1.0160711e-01  -7.4573745e-02
   1.0535923e-01  -6.2684196e-02
   1.1328654e-01  -5.9879730e-02
   1.4203073e-01  -6.2443945e-02
   1.4406348e-01  -6.4159417e-02
   1.4383203e-01  -5.4844769e-02
   1.7710253e-01  -6.0131763e-02
   1.9107437e-01  -6.0461230e-02
   1.9114629e-01  -6.4338561e-02
   1.8807901e-01  -3.4530506e-02
   2.4134216e-01  -4.7619183e-02
   2.2805798e-01  -3.6193815e-02
   2.0871428e-01  -1.0659291e-02
   2.5960232e-01  -3.9415967e-02
   2.1912915e-01  -2.1352158e-02
   2.5232687e-01  -2.7034210e-02
   2.3043330e-01  -1.6221583e-02
   2.4619885e-01  -3.1133849e-02
   2.4895103e-01  -1.2867131e-02
   2.4551923e-01  -3.2374059e-03
   2.5887299e-01  -1.0045760e-02
   2.5169846e-01   1.1035247e-02
   2.4392659e-01   1.4326142e-02
   2.7200020e-01   1.9382707e-02
   2.7933553e-01   1.9435914e-02
   2.7993092e-01   1.7618050e-02
   2.8422076e-01   1.8404555e-02
   2.7084505e-01   3.3299907e-02
   2.6560254e-01   3.6207181e-02
   2.8060618e-01   4.8176073e-02
   2.9207825e-01   3.8709991e-02
   2.7773451e-01   3.7654867e-02
   2.8110912e-01   4.6626267e-02
   2.8504376e-01   4.2485663e-02
   2.7179243e-01   4.9347488e-02
   2.5941423e-01   5.0817814e-02
   2.5303351e-01   5.4723957e-02
   2.5310149e-01   5.3552461e-02
   2.3486523e-01   6.3281025e-02
   2.3748907e-01   5.6787896e-02
   2.3213247e-01   5.3012009e-02
   2.1031006e-01   6.4953948e-02
   2.0306854e-01   6.4098505e-02
   2.0042503e-01   6.7781755e-02
   1.9220694e-01   6.6080185e-02
   1.7347242e-01   6.8389783e-02
   1.8394365e-01   6.5271046e-02
   1.6689967e-01   8.2926560e-02
   1.4803909e-01   6.6776375e-02
   1.1833442e-01   8.4850172e-02
   1.2836359e-01   8.1603372e-02
   1.2751106e-01   7.6368343e-02
   9.9663577e-02   8.5712291e-02
   9.7364413e-02   7.8112767e-02
   6.2582719e-02   8.5153475e-02
   5.9089939e-02   8.4472710e-02
   5.7879486e-02   8.8898638e-02
   5.6100499e-02   7.3332972e-02
   5.5124433e-02   7.6649264e-02
   5.0716845e-02   8.1988077e-02
   3.1295966e-02   7.9096215e-02
   3.7864739e-02   6.8884422e-02
   1.5099200e-02   6.9184198e-02
   9.9630589e-03   7.9679389e-02
  -1.8665530e-02   8.2058473e-02
  -1.5027620e-02   6.8361651e-02
  -2.1383785e-02   5.9392650e-02
  -4.7043990e-02   6.0502749e-02
  -5.5876201e-02   5.3066747e-02
  -6.2869331e-02   4.2300739e-02
  -2.9629364e-02   4.2513799e-02
  -6.0483672e-02   4.7847469e-02
  -6.9337986e-02   4.8707200e-02
  -7.6206630e-02   4.7672198e-02
  -7.1307070e-02   3.9534894e-02
  -6.4513328e-02   3.0140624e-02
  -4.6220788e-02   2.3304373e-02
  -3.0901132e-02   2.5332583e-02
  -4.6455331e-02   2.3422752e-02
  -6.9594783e-02   3.3642054e-02
  -5.7978638e-02   2.8263144e-02
  -6.3449777e-02   1.9078208e-02
  -6.6313540e-02   2.8514863e-02
  -6.5217177e-02   2.8110980e-02
  -7.2094452e-02   2.0297841e-02
  -8.4996339e-02   3.9085535e-02
  -8.0143376e-02   1.5122638e-02
  -1.0355224e-01   8.2905212e-03
  -9.3645270e-02  -2.4176786e-03
  -1.0221307e-01   9.6268192e-04
  -1.2952906e-01  -6.2077906e-03
  -1.3719464e-01  -1.4189003e-03
  -1.4885141e-01  -1.1742234e-02
  -1.6781201e-01  -7.0393912e-03
  -1.7232030e-01  -5.1445936e-03
  -2.0060188e-01  -1.1166681e-02
  -1.9215928e-01  -1.3440646e-02
  -2.1495728e-01  -6.9461934e-03
  -2.1864158e-01  -1.4898718e-02
  -2.0352299e-01  -2.4577932e-02
  -2.1549335e-01  -3.2842110e-02
  -2.1140420e-01  -3.1594743e-02
  -2.0330646e-01  -3.2925154e-02
  -1.8276983e-01  -4.4073299e-02
  -1.9253790e-01  -2.9573138e-02
  -2.0026762e-01  -3.6326495e-02
  -1.9204862e-01  -3.8807099e-02
  -1.6393711e-01  -4.6658676e-02
  -1.6996098e-01  -4.8465534e-02
  -1.5030865e-01  -4.2001616e-02
  -1.1857260e-01  -5.1561368e-02
  -1.1133396e-01  -5.1743124e-02
  -9.6691635e-02  -4.9161359e-02
  -9.1730881e-02  -4.7294945e-02
  -7.5984774e-02  -5.1902086e-02
  -6.6633473e-02  -5.7347709e-02
  -6.4550258e-02  -4.9954856e-02
  -4.5805967e-02  -4.8789700e-02
  -1.3994645e-02  -5.8119528e-02
  -1.1475273e-02  -6.5164464e-02
   1.2698775e-03  -6.1451582e-02
   0.0000000e+00  -6.2903226e-02
   6.3530343e-03  -5.5105042e-02
   3.0462063e-02  -5.9438835e-02
   3.1852603e-02  -6.4109034e-02
   5.2533873e-02  -6.1960371e-02
   8.2023175e-02  -6.8356215e-02
   7.7885577e-02  -6.3651126e-02
   9.0461939e-02  -5.6098342e-02
   1.0146362e-01  -6.2155111e-02
   1.1209116e-01  -6.4844509e-02
   1.2117644e-01  -6.3415135e-02
   1.2365631e-01  -6.9543692e-02
   1.1744364e-01  -5.9382008e-02
   1.2945490e-01  -6.5826266e-02
   1.4478141e-01  -6.6825953e-02
   1.6038311e-01  -6.9865354e-02
   1.7206504e-01  -7.1333681e-02
   1.6101886e-01  -5.4592143e-02
   1.5430009e-01  -5.7837101e-02
   1.6375500e-01  -5.9971858e-02
   1.7208424e-01  -5.7861084e-02
   1.6986376e-01  -5.7065670e-02
   1.7217830e-01  -4.1745353e-02
   1.7913323e-01  -4.1408800e-02
   1.7279378e-01  -4.3791147e-02
   1.5777699e-01  -3.1312038e-02
   1.6116228e-01  -3.3810334e-02
   1.4527314e-01  -2.2125889e-02
   1.5935561e-01  -2.2611611e-02
   1.8845099e-01  -1.9743842e-02
   1.8346109e-01  -1.7403269e-02
   1.7803225e-01  -6.5244287e-03
   1.7074287e-01  -2.8010979e-03
   1.8160409e-01   2.3269659e-03
   1.9967164e-01   3.7044917e-03
   1.9365005e-01   6.0299988e-03
   2.0481669e-01   6.9483246e-03
   2.0906238e-01   1.6618173e-02
   2.1224126e-01   2.3161395e-02
   2.2941380e-01   2.6472868e-02
   2.2560303e-01   2.3815934e-02
   2.2948658e-01   3.1611764e-02
   2.3766700e-01   3.9892531e-02
   2.4546115e-01   4.2455496e-02
   2.5550184e-01   3.6301010e-02
   2.5497913e-01   4.2310964e-02
   2.5784331e-01   4.5169070e-02
   2.3645533e-01   5.6164125e-02
   2.4267507e-01   5.3458339e-02
   2.5409221e-01   4.9655949e-02
   2.5542463e-01   5.2480095e-02
   2.5830572e-01   5.4419984e-02
   2.5318123e-01   5.6509935e-02
   2.3620882e-01   5.7694140e-02
   2.3232046e-01   6.5377787e-02
   2.2068880e-01   6.4280119e-02
   2.1223525e-01   6.4329643e-02
   2.2137614e-01   6.4848837e-02
   2.0845688e-01   7.1501546e-02
   1.7457257e-01   7.5140679e-02
   1.6954818e-01   7.2745723e-02
   1.5932816e-01   6.5043969e-02
   1.2281758e-01   7.8987791e-02
   1.2551836e-01   8.2525374e-02
   1.0087671e-01   8.6176477e-02
   9.7658248e-02   8.8126090e-02
   1.1752949e-01   6.3121814e-02
   9.2914095e-02   9.1266583e-02
   5.1241537e-02   8.9294199e-02
   4.8567554e-02   9.3435605e-02
   3.3815943e-02   8.9034559e-02
   4.2430569e-02   9.3159275e-02
   4.2145848e-02   7.8768526e-02
  -1.6279091e-02   7.8155248e-02
  -3.7217077e-03   8.2298942e-02
  -2.7535661e-02   8.2540028e-02
  -1.1380844e-02   6.2166137e-02
  -3.7812024e-02   8.2620913e-02
  -4.0812244e-02   5.6269845e-02
  -6.5741651e-02   8.5301789e-02
  -7.8997279e-02   6.0064092e-02
  -1.4569123e-01   4.6768184e-02
  -1.6694646e-01   5.0419112e-02
  -1.7071334e-01   4.4238695e-02
  -1.6416852e-01   2.7499519e-02
  -1.8049737e-01   3.7691156e-02
  -1.6230570e-01   2.6662468e-02
  -1.9157613e-01   2.1357882e-02
  -2.0541601e-01   1.6094291e-02
  -2.2220944e-01   2.5710984e-02
  -2.1144644e-01   3.3648472e-03
  -2.2044035e-01   8.6423078e-03
  -2.5295167e-01   5.2624736e-03
  -2.4249187e-01   6.1600531e-03
  -2.4584445e-01   2.3633475e-03
  -2.3870030e-01  -2.0406608e-02
  -2.6088042e-01  -6.6289309e-03
  -2.5327042e-01  -2.8827822e-02
  -2.5569994e-01  -3.2123479e-02
  -2.5991236e-01  -4.1878207e-02
  -2.5974540e-01  -4.1303922e-02
  -2.4771580e-01  -4.9783160e-02
  -2.6142956e-01  -4.4974391e-02
  -2.2459718e-01  -6.3973864e-02
  -2.4755993e-01  -5.6347725e-02
  -2.2781825e-01  -5.4730621e-02
  -1.9301468e-01  -6.2480046e-02
  -2.3321711e-01  -6.5131347e-02
  -2.1211564e-01  -6.0007441e-02
  -1.9624344e-01  -5.8985846e-02
  -1.8173999e-01  -6.8689130e-02
  -2.0582915e-01  -5.8134760e-02
  -9.3225347e-02  -7.5087125e-02
  -9.4027919e-02  -6.2791883e-02
  -1.4985208e-01  -7.1915823e-02
  -1.2147799e-01  -5.2614095e-02
  -9.0049549e-02  -5.8282094e-02
  -8.2734497e-02  -6.3926795e-02
  -6.5914615e-02  -6.8410901e-02
  -8.4798651e-02  -7.1695882e-02
  -5.1892021e-02  -6.3537810e-02
  -2.9896767e-02  -6.9435266e-02
  -2.8451723e-02  -6.2695199e-02
  -2.8032165e-02  -8.5124813e-02
  -2.0972703e-02  -7.2131397e-02
   4.9626321e-03  -7.3042908e-02
   1.2348747e-02  -7.2208899e-02
   1.8597797e-02  -6.8631544e-02
   2.2362629e-02  -7.8005428e-02
   5.5915991e-02  -8.0396116e-02
   5.7352261e-02  -7.9200663e-02
   5.6259893e-02  -7.9919445e-02
   8.6114707e-02  -5.6254587e-02
   7.1868271e-02  -7.3989235e-02
   8.7487947e-02  -5.5344472e-02
   6.0107412e-02  -7.8072130e-02
   5.3991348e-02  -6.6046995e-02
   1.0876718e-01  -7.6760629e-02
   7.5917769e-02  -6.3562931e-02
   7.0701239e-02  -5.2238155e-02
   4.5474734e-02  -4.9887683e-02
   5.8605037e-02  -5.4486724e-02
   5.3816931e-02  -4.1268328e-02
   7.7500450e-02  -4.2607860e-02
   8.7919150e-02  -3.1322137e-02
   9.3526097e-02  -2.9113294e-02
   1.1528766e-01  -1.4312355e-02
   1.1711096e-01  -1.7738080e-02
   1.2259267e-01  -2.3558867e-02
   1.2570193e-01  -2.5312669e-02
   1.4868278e-01  -2.0357237e-02
   1.8785324e-01  -2.6616405e-02
   1.9824493e-01  -3.9042086e-02
   2.0398993e-01  -4.5310370e-02
   2.0422365e-01  -3.9174591e-02
   2.0675705e-01  -3.2525014e-02
   2.1893348e-01  -2.8019011e-02
   2.5565575e-01  -2.6087975e-02
   2.5428584e-01  -2.9234240e-02
   2.6174451e-01  -2.8547613e-02
   2.7797343e-01  -2.9716260e-02
   2.7985219e-01  -1.9353643e-02
   3.0364343e-01  -2.6660981e-02
   3.2393755e-01  -2.8071829e-02
   3.4035815e-01  -3.3245126e-02
   3.3237921e-01  -3.3868521e-02
   3.1516008e-01  -3.1684345e-02
   3.3145762e-01  -2.2870279e-02
   3.2711354e-01  -2.1148580e-02
   3.5294304e-01  -2.0187801e-02
   3.6058464e-01  -1.0620020e-02
   3.5976513e-01  -1.4388072e-02
   3.5430856e-01   5.0857683e-03
   3.5960102e-01   4.6046158e-04
   3.4289475e-01   7.3337685e-03
   3.3623728e-01   1.0545572e-02
   3.2192480e-01   1.9290161e-02
   3.2079131e-01   2.4085283e-02
   3.2133878e-01   1.6895714e-02
   3.1499520e-01   2.1402932e-02
   3.2998777e-01   2.8290955e-02
   3.5365731e-01   4.1121176e-02
   3.3292274e-01   6.5765461e-02
   2.8782070e-01   6.7299573e-02
   2.8721209e-01   6.3251447e-02
   2.9188030e-01   7.4690135e-02
   2.8108846e-01   7.5529323e-02
   2.6077532e-01   8.2243888e-02
   2.7264669e-01   6.3928431e-02
   2.5100067e-01   7.8907370e-02
   2.2728163e-01   7.9180323e-02
   2.0701098e-01   9.1314965e-02
   1.9152249e-01   1.0276013e-01
   1.5424053e-01   1.0532853e-01
   1.4551090e-01   1.3958020e-01
   1.5096414e-01   1.1814562e-01
   1.2824020e-01   1.2762634e-01
   9.9925038e-02   1.4361358e-01
   1.2015338e-01   1.3463700e-01
   1.2137435e-01   9.4983216e-02
   8.3759712e-02   1.1614005e-01
   9.8923245e-02   1.0542789e-01
   3.0998278e-02   1.2334793e-01
   3.8248763e-02   8.9128154e-02
  -1.4825955e-02   1.0766926e-01
  -7.5596094e-03   7.4697440e-02
  -5.9530049e-02   1.1506639e-01
  -6.5637925e-02   7.4728607e-02
  -1.0238396e-01   1.1042962e-01
  -1.2709470e-01   1.0063210e-01
  -1.4464701e-01   8.9090818e-02
  -1.6393943e-01   6.8980898e-02
  -2.2456929e-01   6.5108701e-02
  -2.4064074e-01   5.7224194e-02
  -2.4463269e-01   5.2466948e-02
  -2.8596909e-01   4.7682781e-02
  -2.8305035e-01   2.2536878e-02
  -2.9582227e-01   2.2373236e-02
  -3.1032391e-01   1.1349467e-02
  -3.2524911e-01   2.0812246e-02
  -3.3006954e-01  -1.4149227e-03
  -3.2371704e-01  -3.3600504e-03
  -3.2911109e-01  -9.7105875e-04
  -3.2044047e-01  -7.2796195e-03
  -3.3595504e-01  -9.1839780e-03
  -3.0947538e-01  -3.9619947e-02
  -2.8275289e-01  -4.6305848e-02
  -2.9312280e-01  -6.5366985e-02
  -2.7763546e-01  -7.8268690e-02
  -2.7180507e-01  -8.7451525e-02
  -2.8865306e-01  -8.3125385e-02
  -2.4449354e-01  -9.9773228e-02
  -2.2441366e-01  -8.3764544e-02
  -2.1920449e-01  -8.9819413e-02
  -2.6068258e-01  -7.8719312e-02
  -2.4073882e-01  -9.3485071e-02
  -1.7679683e-01  -9.7608440e-02
  -2.5089807e-01  -8.3654269e-02
  -1.1882684e-01  -1.3649813e-01
  -9.7632265e-02  -1.1551861e-01
  -1.2590317e-01  -9.9200515e-02
  -7.5871917e-02  -1.0426127e-01
  -3.1773839e-02  -1.1872346e-01
  -5.9358459e-02  -1.0801066e-01
  -3.6518780e-02  -1.1444542e-01
  -2.2848522e-02  -1.0354075e-01
  -6.2218523e-03  -1.1818215e-01
  -4.9410335e-03  -1.2289058e-01
   3.6290241e-02  -1.1266403e-01
   7.1486927e-02  -1.2468723e-01
   9.2389994e-02  -1.4296516e-01
   1.1949605e-01  -1.2901308e-01
   1.1815418e-01  -1.1452242e-01
   1.2029002e-01  -1.1122382e-01
   1.7299766e-01  -1.1543603e-01
   1.9970128e-01  -1.1774868e-01
   2.0860844e-01  -1.1453589e-01
   1.8258352e-01  -1.0266634e-01
   2.1127850e-01  -1.0353906e-01
   2.5412399e-01  -1.2130779e-01
   2.5404011e-01  -1.1366205e-01
   2.5587768e-01  -1.2090869e-01
   2.7072452e-01  -1.0922162e-01
   2.8248348e-01  -1.0233585e-01
   3.0509038e-01  -1.0497233e-01
   2.7035904e-01  -7.7241196e-02
   3.6227739e-01  -9.9826688e-02
   3.5895270e-01  -6.3300276e-02
   3.2320279e-01  -4.6642980e-02
   3.1053685e-01  -5.6002924e-02
   3.4847836e-01  -4.6823320e-02
   3.7552336e-01  -3.3763399e-02
   3.8604697e-01  -3.1650321e-02
   3.6144472e-01  -1.9447061e-02
   3.6972938e-01  -1.9182461e-02
   3.5168692e-01  -7.3208592e-03
   3.4727474e-01  -9.1412073e-04
   3.4685856e-01  -9.5894596e-03
   3.4084123e-01  -4.1474550e-03
   3.6014765e-01  -1.3784797e-03
   3.5588464e-01   9.2530346e-03
   3.5673999e-01   1.2476769e-02
   3.2754203e-01   3.1074494e-02
   3.1172608e-01   3.1568665e-02
   3.1757924e-01   4.0182221e-02
   3.1550845e-01   3.8085900e-02
   3.3065587e-01   5.8611808e-02
   3.3820104e-01   6.1808307e-02
   3.1446672e-01   7.7282736e-02
   3.2698389e-01   6.7084781e-02
   2.7116746e-01   8.8260962e-02
   3.1674649e-01   9.4912790e-02
   3.0399836e-01   9.9070689e-02
   3.0360940e-01   1.1831200e-01
   2.7611756e-01   1.0138439e-01
   2.3381992e-01   1.4084392e-01
   2.4041833e-01   1.0961050e-01
   2.0650811e-01   1.3811424e-01
   2.1999040e-01   1.0406382e-01
   1.7159467e-01   1.4657487e-01
   1.9115831e-01   1.0374597e-01
   9.9618820e-02   1.2784242e-01
   1.2006996e-01   1.2114994e-01
   8.1279730e-02   1.4861516e-01
   8.8707692e-02   1.1831771e-01
   5.5201859e-02   1.8838352e-01
   1.1476731e-01   1.0670406e-01
   2.5021898e-02   1.6329451e-01
   4.3008715e-02   1.2808629e-01
  -1.2565798e-03   1.6300932e-01
   3.7296494e-02   1.2824265e-01
  -2.6628213e-02   1.5342195e-01
  -1.5140461e-02   1.2516504e-01
  -6.6897411e-02   1.3778699e-01
  -5.2209586e-02   1.2311897e-01
  -6.8320697e-02   1.2358302e-01
  -8.7554452e-02   1.1716290e-01
  -9.4212735e-02   1.0978818e-01
  -1.3352562e-01   1.1367170e-01
  -1.5806370e-01   1.1018309e-01
  -1.6466910e-01   1.0132645e-01
  -1.9991418e-01   9.7571472e-02
  -1.9957906e-01   7.2891940e-02
  -2.2234491e-01   6.4857872e-02
  -2.5498974e-01   3.8601444e-02
  -2.9139081e-01   4.0273666e-02
  -2.9850071e-01   3.0407582e-02
  -3.0544200e-01   2.0644749e-02
  -3.3320588e-01   1.1558758e-02
  -3.4044815e-01  -8.6389763e-03
  -3.3904022e-01  -3.1136158e-02
  -3.3571792e-01  -3.7825366e-02
  -3.4007032e-01  -5.2235128e-02
  -3.4227340e-01  -6.1789373e-02
  -3.0724593e-01  -6.7151015e-02
  -3.0648818e-01  -7.1811232e-02
  -3.0690631e-01  -7.6593731e-02
  -2.8534368e-01  -8.4138515e-02
  -2.8486375e-01  -9.9242743e-02
  -2.8164207e-01  -1.0495975e-01
  -2.6703669e-01  -1.0386019e-01
  -2.7529095e-01  -1.0794748e-01
  -2.7243242e-01  -1.0003465e-01
  -2.2697707e-01  -1.0833406e-01
  -2.3621168e-01  -1.0414580e-01
  -1.8901563e-01  -1.2708045e-01
  -1.7169865e-01  -1.3297880e-01
  -1.5478841e-01  -1.2899602e-01
  -1.2991739e-01  -1.3066110e-01
  -1.8811932e-01  -1.3031281e-01
  -7.6142896e-02  -1.6999431e-01
  -2.7974682e-02  -1.3960873e-01
  -6.3815162e-02  -1.3864123e-01
  -4.1744676e-02  -1.5876434e-01
  -1.5911222e-02  -1.6700571e-01
   2.4645830e-03  -1.6278654e-01
   8.9588889e-02  -1.5083421e-01
   9.0928601e-02  -1.5621032e-01
   1.3561506e-01  -1.6631162e-01
   1.0529559e-01  -1.5455120e-01
   5.4436821e-02  -1.4600423e-01
   1.1594556e-01  -1.3555426e-01
   1.4679274e-01  -1.4036472e-01
   1.4981319e-01  -1.2613776e-01
   1.8202783e-01  -1.3193656e-01
   1.6451655e-01  -1.1597366e-01
   2.1121640e-01  -1.2500337e-01
   2.2151265e-01  -8.9254973e-02
   2.4389061e-01  -8.4743334e-02
   2.1844493e-01  -6.6474566e-02
   2.4624750e-01  -8.1866224e-02
   2.7418959e-01  -6.3568987e-02
   3.0073739e-01  -7.3504288e-02
   3.0170160e-01  -6.0096568e-02
   3.1673718e-01  -3.2338083e-02
   3.4265285e-01  -2.7985792e-02
   3.5538475e-01  -3.7090631e-03
   3.7903675e-01  -8.6954800e-03
   3.6646694e-01   9.1777825e-04
   3.8115806e-01   1.9532987e-02
   3.7350608e-01   3.5762622e-02
   3.7780417e-01   3.4757096e-02
   3.8444921e-01   3.3838936e-02
   3.7564350e-01   3.9026899e-02
   3.7673272e-01   5.0449750e-02
   3.7399282e-01   4.7392621e-02
   3.7204453e-01   6.5818035e-02
   3.7260588e-01   7.4550234e-02
   3.7587783e-01   6.9272882e-02
   3.5315483e-01   7.7149781e-02
   3.3094951e-01   7.5148877e-02
   3.2761279e-01   8.5288175e-02
   3.2894380e-01   8.5481172e-02
   3.1912183e-01   8.0144883e-02
   3.1344196e-01   9.1320941e-02
   3.2251049e-01   7.8879909e-02
   3.5509606e-01   9.1003809e-02
   3.1721729e-01   8.9331561e-02
   3.1171451e-01   1.0905669e-01
   1.7443086e-01   1.4297018e-01
   1.9431329e-01   1.0829216e-01
   2.2745286e-01   9.9452254e-02
   1.9743520e-01   1.2556182e-01
   2.0811981e-01   1.2418080e-01
   2.2977267e-01   1.0025085e-01
   1.1197399e-01   1.4642794e-01
   1.4984542e-01   1.3320302e-01
   1.4059693e-01   1.3068271e-01
   8.1269842e-02   1.3805008e-01
   6.5795367e-02   1.3333373e-01
   4.1567523e-02   1.5225157e-01
  -1.5835402e-01  -1.2723731e-01
  -1.3802741e-01  -1.2330381e-01
  -1.1273560e-01  -1.5402588e-01
  -1.1360213e-01  -1.5616629e-01
  -1.0924966e-01  -1.4664681e-01
  -9.5771266e-02  -1.5966363e-01
  -6.7120782e-02  -1.6189705e-01
  -7.2981358e-02  -1.7093343e-01
  -7.8138194e-02  -1.6196802e-01
  -6.1109738e-02  -1.5320671e-01
  -6.7140819e-02  -1.6305516e-01
  -3.6080111e-02  -1.6058911e-01
  -3.0466251e-02  -1.8110970e-01
  -1.6274677e-02  -1.6065061e-01
   1.4964662e-02  -1.7622043e-01
   5.7748563e-02  -1.6265185e-01
   5.1648156e-02  -1.5552008e-01
   5.5793071e-02  -1.4048360e-01
   8.2777895e-02  -1.4587420e-01
   7.1714900e-02  -1.3055359e-01
   1.1152553e-01  -1.3363400e-01
   1.2823000e-01  -1.1658691e-01
   1.5729903e-01  -1.1820386e-01
   1.5382831e-01  -1.1741325e-01
   1.4597732e-01  -1.0051369e-01
   1.6985567e-01  -9.8625604e-02
   1.9615529e-01  -9.1697921e-02
   2.1826913e-01  -8.8862533e-02
   2.4348288e-01  -8.4150577e-02
   2.3800624e-01  -7.7166404e-02
   2.5940167e-01  -7.8338126e-02
   2.9424113e-01  -7.7093360e-02
   3.1353424e-01  -7.4298718e-02
   3.2467064e-01  -7.3766978e-02
   3.2825922e-01  -6.1015736e-02
   3.4343637e-01  -5.9359395e-02
   4.0451938e-01   1.8571575e-02
   1.5549377e-01   1.7220706e-01
   3.1468462e-01   9.7023299e-02
   2.0453918e-01   1.3946293e-01
   2.5523568e-01   1.0155171e-01
   1.5196603e-01   1.7750798e-01
   1.8370638e-01   8.3603058e-02
   1.2225273e-01   1.7481610e-01
   1.6182525e-01   9.8394093e-02
   9.7895147e-02   1.4133960e-01
   9.0066808e-02   1.2909608e-01
   5.0276383e-02   1.4531523e-01
   2.8861424e-02   1.3548584e-01
  -2.5352723e-03   1.3005143e-01
  -3.2976746e-02   1.4409721e-01
  -3.0513950e-02   1.3795690e-01
  -1.5359556e-02   1.2123797e-01
  -7.6458484e-02   1.4296419e-01
  -8.8617291e-02   1.3642372e-01
  -8.9590492e-02   1.3699021e-01
  -9.6922533e-02   1.3073076e-01
  -1.3603637e-01   1.3151770e-01
  -1.6375436e-01   1.3500220e-01
  -1.8678416e-01   1.2995009e-01
  -1.8854290e-01   1.4268969e-01
  -2.0960157e-01   1.1889146e-01
  -2.4492837e-01   1.3473507e-01
  -2.1360995e-01   1.0834837e-01
  -2.5684364e-01   1.1663668e-01
  -2.8618462e-01   9.8626167e-02
  -3.0293422e-01   9.9521596e-02
  -2.9763293e-01   8.3738213e-02
  -3.3727796e-01   9.3795660e-02
  -3.4259380e-01   7.9919631e-02
  -3.5380357e-01   9.2345511e-02
  -3.4223086e-01   8.7332501e-02
  -3.5454855e-01   9.5892959e-02
  -3.6355098e-01   8.6351186e-02
  -3.5759306e-01   8.4931326e-02
  -3.5014644e-01   6.4842076e-02
  -3.6799235e-01   5.5880030e-02
  -3.6441523e-01   3.5081948e-02
  -3.7436171e-01   2.3279633e-02
  -3.8231225e-01   1.7127920e-02
  -3.9662704e-01   9.4467463e-03
  -3.9667003e-01   6.6127224e-03
   5.4463110e-02  -1.2664967e-01
   8.7065861e-02  -1.4716297e-01
   9.4200748e-02  -1.2160359e-01
   6.1588962e-02  -1.1826235e-01
   1.1111209e-01  -1.2534201e-01
   1.6225970e-01  -1.1800248e-01
   1.5062029e-01  -1.0648743e-01
   1.8397938e-01  -1.1179618e-01
   1.8112114e-01  -9.3348758e-02
   2.1509768e-01  -9.2680557e-02
   2.1778199e-01  -8.8241500e-02
   2.1973956e-01  -8.1577521e-02
   2.3923981e-01  -7.5269200e-02
   2.7493096e-01  -6.8067872e-02
   3.0084503e-01  -6.1181381e-02
   3.2049553e-01  -6.7985058e-02
   3.3840829e-01  -7.8323950e-02
   3.4993866e-01  -6.0506384e-02
   3.6130645e-01  -6.3424401e-02
   3.7702663e-01  -5.4904706e-02
   3.8340356e-01  -4.5510566e-02
   3.7677168e-01  -3.7517017e-02
   3.8919082e-01  -2.5182145e-02
   4.0267523e-01  -2.9348602e-02
   4.1369037e-01  -2.4189033e-02
   4.2861171e-01  -1.7579851e-02
   4.2935025e-01   0.0000000e+00
   4.3921884e-01  -4.6007815e-04
   4.2134830e-01   1.6187150e-02
   4.3385926e-01   8.6474249e-03
   4.2964106e-01   2.1931978e-02
   4.3033274e-01   2.4569857e-02
   4.4107301e-01   2.0381849e-02
   4.3087085e-01   2.9451136e-02
   4.1709670e-01   3.4125078e-02
   3.8186458e-01   4.2765851e-02
   3.8169231e-01   3.9999821e-02
   3.8744820e-01   4.8448794e-02
   4.1555867e-01   4.7562425e-02
   4.2207708e-01   4.9969888e-02
   3.9600851e-01   5.9725340e-02
   3.8557505e-01   6.0230442e-02
   3.8126634e-01   6.4487413e-02
   3.6066986e-01   7.0722663e-02
   3.4269314e-01   6.9038683e-02
   3.3059978e-01   7.5621729e-02
