   1.5298976e-02  -8.1921765e-03
   1.7779769e-02  -2.1619499e-02
   1.3992567e-02  -3.3250984e-02
   1.1596151e-02  -4.1546117e-02
   4.4723470e-02  -5.2436744e-02
   1.9236929e-02  -4.4781837e-02
   5.1015305e-03  -5.6298832e-02
   6.3770032e-03  -5.1878126e-02
   1.2743318e-03  -6.7112428e-02
   6.3659444e-03  -7.3508183e-02
  -3.8235883e-03  -7.6585010e-02
  -1.1386219e-02  -8.3474805e-02
  -2.2728442e-02  -8.8802280e-02
  -3.1869207e-02  -7.9079211e-02
  -3.6729042e-02  -9.4105482e-02
  -4.7091592e-02  -9.4559662e-02
  -3.6790985e-02  -1.0242698e-01
  -5.1379251e-02  -1.1175772e-01
  -5.7213282e-02  -1.1697108e-01
  -6.7470561e-02  -1.0930304e-01
  -7.5320827e-02  -1.1442163e-01
  -6.4435003e-02  -1.1163616e-01
  -6.3660627e-02  -1.1047122e-01
  -5.6738605e-02  -1.2024100e-01
  -6.0369545e-02  -1.2722328e-01
  -6.7659825e-02  -1.3988751e-01
  -7.5914907e-02  -1.5655672e-01
  -6.5509113e-02  -1.6584993e-01
  -5.1980182e-02  -1.5903086e-01
  -4.5134042e-02  -1.7508947e-01
  -4.0022228e-02  -1.8063231e-01
  -4.4842809e-02  -1.7712788e-01
  -3.7456189e-02  -1.8602940e-01
  -3.7457731e-02  -1.8886220e-01
  -2.5104259e-02  -1.9390518e-01
  -1.8991998e-02  -2.0082468e-01
  -1.4355082e-02  -1.9579416e-01
  -6.0053142e-03  -1.9729804e-01
   0.0000000e+00  -1.9880781e-01
   1.2081143e-02  -1.9346675e-01
   1.5658070e-02  -1.9621210e-01
   2.9030612e-02  -1.9027035e-01
   3.8957060e-02  -1.8254786e-01
   3.5541419e-02  -1.7272361e-01
   5.0277273e-02  -1.6230479e-01
   3.9372008e-02  -1.5535542e-01
   4.3409114e-02  -1.5562851e-01
   5.1268753e-02  -1.4881558e-01
   5.0463122e-02  -1.4427419e-01
   4.6598241e-02  -1.4186103e-01
   3.8079652e-02  -1.3714747e-01
   5.9262482e-02  -1.3021823e-01
   5.2949560e-02  -1.1194638e-01
   4.4101281e-02  -1.0168038e-01
   5.9514927e-02  -9.4526381e-02
   5.2365283e-02  -9.0810554e-02
   7.1273761e-02  -9.4472740e-02
   7.3966524e-02  -8.6542444e-02
   6.3726472e-02  -7.6486687e-02
   5.6350089e-02  -5.9940106e-02
   5.8793794e-02  -5.9813239e-02
   4.3618876e-02  -5.7097088e-02
   5.6103598e-02  -5.7213376e-02
   4.8476054e-02  -4.5980336e-02
   3.0764315e-02  -2.8626557e-02
   2.4451436e-02  -3.6578548e-02
   3.6203704e-02  -3.2313344e-02
   3.9981330e-02  -2.8307392e-02
   4.6720242e-02  -1.6675823e-02
   6.0885060e-02  -1.3209307e-02
   3.5948161e-02  -9.7028867e-03
   1.9240216e-02  -7.2718926e-03
   1.0302728e-02   8.2755897e-03
   1.2816754e-02   2.0362598e-02
   1.0141630e-02   3.6034881e-02
  -1.2541120e-03   5.1002954e-02
  -6.2603885e-03   5.3808862e-02
   1.2343624e-03   4.6874978e-02
  -3.0507981e-02   5.4761559e-02
  -3.1770259e-02   6.4756071e-02
  -2.5986044e-02   6.5118862e-02
  -3.0968963e-02   8.3617953e-02
  -3.3399278e-02   9.5298422e-02
  -3.5742461e-02   9.1978053e-02
  -3.4319896e-02   9.0967562e-02
  -2.6869732e-02   9.2593590e-02
  -2.3232993e-02   8.6873442e-02
  -1.2303770e-02   9.1356504e-02
   9.6112538e-03   8.1993745e-02
  -4.4583807e-02   1.2863805e-01
  -2.6652299e-02   1.1385587e-01
  -3.0429345e-02   1.2245515e-01
  -1.2197129e-02   1.0079986e-01
  -3.6456109e-02   1.2172353e-01
  -2.6555324e-02   1.2338636e-01
  -3.9787457e-02   1.3126936e-01
  -3.0249937e-02   1.2824505e-01
  -2.6600212e-02   1.2967363e-01
  -1.9396785e-02   1.2649952e-01
  -1.7012485e-02   1.2378262e-01
  -1.9628526e-02   1.2657724e-01
  -1.8336942e-02   1.3329173e-01
  -1.1004781e-02   1.2716621e-01
  -2.4428385e-03   1.2345557e-01
  -1.0924402e-02   1.3536699e-01
  -1.2214447e-02   1.3112010e-01
  -1.5992987e-02   1.2696318e-01
  -9.9406635e-03   1.2314749e-01
  -1.2470353e-02   1.1793128e-01
  -7.5646440e-03   1.0742425e-01
  -7.5539463e-03   1.0368976e-01
  -1.2653941e-03   8.8510593e-02
   1.2610649e-03   9.2214311e-02
   2.5302708e-03   8.3478090e-02
   1.7703597e-02   7.8942678e-02
   1.7677197e-02   8.3301476e-02
   1.2535553e-03   8.6659936e-02
  -1.2534210e-03   8.4168294e-02
  -1.2544753e-03   8.1763486e-02
   5.0407890e-03   7.0771747e-02
   2.5441491e-03   6.2545327e-02
   2.5449215e-03   4.3460677e-02
   8.9670805e-03   3.3487533e-02
   2.5761921e-03   3.0243840e-02
  -1.2789520e-03   3.0514616e-02
  -1.4069364e-02   3.0028423e-02
  -2.2949286e-02   2.2669658e-02
  -2.4233590e-02   1.8328317e-02
  -1.4024062e-02   8.1922715e-03
  -1.3983809e-02   2.4022568e-03
  -1.2761731e-02   8.6829786e-03
  -2.5628797e-03   5.8122990e-03
  -7.7120726e-03  -5.3440310e-03
  -1.4022988e-02  -1.0119865e-02
  -5.0400943e-03  -2.0496363e-02
  -2.0285908e-02  -2.7836437e-02
  -1.6448621e-02  -3.5481523e-02
  -1.3888402e-02  -3.6368700e-02
  -1.7904112e-02  -3.7814401e-02
  -1.4073397e-02  -4.6636786e-02
  -1.9074613e-02  -4.1482724e-02
  -2.7652620e-02  -5.8370806e-02
  -3.2536757e-02  -6.0039574e-02
  -1.8796216e-02  -6.2560196e-02
  -8.7401457e-03  -7.7926393e-02
  -7.5317920e-03  -7.9838237e-02
  -8.7950467e-03  -8.5867222e-02
  -8.7815244e-03  -9.5224220e-02
  -1.0006706e-02  -9.2434336e-02
   0.0000000e+00  -9.4465534e-02
  -6.2003884e-03  -1.0607867e-01
  -7.4333787e-03  -1.0597212e-01
  -1.4797860e-02  -1.0745503e-01
  -1.8489596e-02  -1.1698986e-01
  -1.3511561e-02  -1.2011242e-01
  -2.4542724e-03  -1.3178330e-01
   1.3490433e-02  -1.2911219e-01
   1.5985452e-02  -1.3726920e-01
   1.2171738e-02  -1.3939426e-01
   6.0499105e-03  -1.4109061e-01
  -6.0267488e-03  -1.4776382e-01
   0.0000000e+00  -1.4809524e-01
  -2.4208345e-03  -1.4739751e-01
   3.6209713e-03  -1.5218277e-01
   9.6885540e-03  -1.5486476e-01
   1.8112261e-02  -1.5966133e-01
   2.6603335e-02  -1.6527666e-01
   3.1346718e-02  -1.6363544e-01
   3.6300649e-02  -1.5784230e-01
   3.3753868e-02  -1.5086683e-01
   3.0224432e-02  -1.4768331e-01
   3.8610792e-02  -1.4421306e-01
   4.4798218e-02  -1.4161399e-01
   4.8419264e-02  -1.3486457e-01
   3.4105515e-02  -1.3068498e-01
   3.4422701e-02  -1.2631676e-01
   3.7126498e-02  -1.2513928e-01
   3.1003376e-02  -1.2698982e-01
   3.1220102e-02  -1.2324965e-01
   3.6255831e-02  -1.2703220e-01
   3.2773729e-02  -1.1664937e-01
   3.5267609e-02  -1.1395971e-01
   2.6438812e-02  -1.0366817e-01
   2.7782091e-02  -9.6365468e-02
   2.9124326e-02  -9.4608306e-02
   2.9171737e-02  -8.7691833e-02
   3.4257317e-02  -8.6708548e-02
   2.9300311e-02  -8.1035807e-02
   2.4402387e-02  -7.1642923e-02
   2.8199717e-02  -6.0534180e-02
   2.0519716e-02  -4.9699027e-02
   1.6585495e-02  -4.5525851e-02
   6.3936190e-03  -4.4165260e-02
   2.5608001e-03  -2.9575697e-02
   3.8468563e-03  -2.5722834e-02
   1.2764161e-03  -2.1247474e-02
  -1.2846193e-03  -1.7004040e-02
   1.0310556e-02  -1.3644220e-02
   2.4488932e-02  -1.2667694e-02
   1.6642300e-02  -4.8382942e-03
   0.0000000e+00  -2.4144869e-03
  -3.8047056e-03   1.3426513e-02
  -1.1362250e-02   2.1014083e-02
  -2.3833485e-02   2.5633456e-02
  -1.6373418e-02   2.4784429e-02
  -3.2985433e-02   3.0740341e-02
  -1.2689079e-02   2.9307841e-02
  -2.9286832e-02   3.9586989e-02
  -2.7789827e-02   4.5064043e-02
  -3.6563293e-02   6.1955883e-02
  -4.5070241e-02   6.9278188e-02
  -5.9737582e-02   7.5628588e-02
  -6.2238872e-02   8.1013319e-02
  -5.6820568e-02   8.8691625e-02
  -6.2140034e-02   8.8249060e-02
  -6.1254510e-02   9.1272819e-02
  -6.1690925e-02   8.8440561e-02
  -6.0390634e-02   9.2888077e-02
  -5.7517136e-02   9.8307060e-02
  -6.3310758e-02   1.0807541e-01
  -7.2570042e-02   1.1502069e-01
  -6.8448404e-02   1.2183757e-01
  -7.2710155e-02   1.3080842e-01
  -6.8383541e-02   1.3140054e-01
  -6.4247547e-02   1.3396794e-01
  -6.2861607e-02   1.4076520e-01
  -5.9111145e-02   1.4098270e-01
  -5.5189862e-02   1.5207198e-01
  -5.1580051e-02   1.5731163e-01
  -5.3080162e-02   1.5617288e-01
  -4.4569065e-02   1.5701873e-01
  -4.8716406e-02   1.5039109e-01
  -4.5357375e-02   1.4617464e-01
  -3.9172472e-02   1.4862082e-01
  -3.9080392e-02   1.5088926e-01
  -4.1623265e-02   1.5021447e-01
  -4.2948444e-02   1.4793570e-01
  -4.0670061e-02   1.3492536e-01
  -4.5847023e-02   1.3046485e-01
  -4.3527983e-02   1.2733638e-01
  -3.3470739e-02   1.2176768e-01
  -2.7131124e-02   1.1805144e-01
  -1.7210617e-02   1.1211638e-01
  -1.7095703e-02   1.1583459e-01
  -1.3398121e-02   1.0854822e-01
  -1.9565524e-02   1.0849585e-01
  -1.3523869e-02   1.0064686e-01
  -1.1120187e-02   9.3237124e-02
  -1.8698824e-02   7.9752311e-02
  -2.6305396e-02   7.0811998e-02
  -3.7673446e-02   6.5599347e-02
  -3.1512518e-02   5.9021559e-02
  -2.5272681e-02   5.2842264e-02
  -2.3961555e-02   4.3063062e-02
  -3.2799476e-02   3.5366629e-02
  -3.0330941e-02   2.9662496e-02
  -3.1670512e-02   2.6365405e-02
  -2.7952721e-02   1.5852012e-02
  -3.1804432e-02   1.1539466e-02
  -3.1813484e-02   1.4424333e-03
  -3.3252702e-02   9.6643615e-04
  -3.3152193e-02  -2.4088180e-03
  -4.5843163e-02  -1.2028270e-02
  -6.1766849e-02  -2.0908302e-02
  -5.1292071e-02  -3.3494828e-02
  -5.3945649e-02  -3.5991703e-02
  -4.7218095e-02  -4.4046001e-02
  -5.3322273e-02  -4.4779481e-02
  -4.6741759e-02  -4.4564971e-02
  -3.9239744e-02  -4.4663186e-02
  -4.3172294e-02  -5.3570280e-02
  -3.6744174e-02  -6.2267268e-02
  -2.7900729e-02  -6.9730549e-02
  -3.5451930e-02  -7.5045732e-02
  -3.4098074e-02  -7.9809154e-02
  -2.9069584e-02  -8.3371443e-02
  -2.2810373e-02  -9.2667424e-02
  -1.3858240e-02  -9.9689858e-02
  -3.2787217e-02  -1.0690056e-01
  -2.5005899e-02  -1.1669337e-01
  -2.4893229e-02  -1.1767533e-01
  -2.7402062e-02  -1.2239881e-01
  -2.1096925e-02  -1.2762523e-01
  -2.2280363e-02  -1.2675333e-01
  -1.8510506e-02  -1.3256549e-01
  -8.6282016e-03  -1.3658590e-01
  -3.6850004e-03  -1.3921387e-01
  -3.6765889e-03  -1.4676018e-01
   0.0000000e+00  -1.5027356e-01
   1.4595104e-02  -1.6095787e-01
   8.4930922e-03  -1.6322499e-01
   4.8279181e-03  -1.6821616e-01
   1.5647876e-02  -1.6931218e-01
   2.0461449e-02  -1.7092068e-01
   2.8877559e-02  -1.7137862e-01
   3.7146188e-02  -1.7000826e-01
   3.2254964e-02  -1.7160592e-01
   2.8690785e-02  -1.6905331e-01
   3.5842845e-02  -1.6837933e-01
   3.7016253e-02  -1.6772883e-01
   3.9585079e-02  -1.5895911e-01
   4.2106021e-02  -1.5259157e-01
   3.8549600e-02  -1.4864393e-01
   4.3553268e-02  -1.4984344e-01
   4.1304691e-02  -1.4790235e-01
   4.8971650e-02  -1.1612431e-01
   5.2891166e-02  -1.1646452e-01
   6.0744466e-02  -1.1029669e-01
   6.6182844e-02  -9.7040843e-02
   5.8615604e-02  -8.6021689e-02
   4.4575052e-02  -7.2489842e-02
   3.7123602e-02  -6.5403894e-02
   3.9581195e-02  -6.3741324e-02
   3.0821136e-02  -6.1143784e-02
   3.8557223e-02  -5.3742748e-02
   2.7042994e-02  -4.4470484e-02
   2.4434068e-02  -3.4592550e-02
   2.5670071e-02  -3.4035566e-02
   2.1819660e-02  -2.6230935e-02
   1.6738999e-02  -2.4850628e-02
   2.1991662e-02  -1.8590481e-02
   3.3750856e-02  -1.2756229e-02
   1.4386955e-02  -2.9658241e-03
   2.4747416e-02   4.9221424e-03
   1.9235272e-02   1.3089407e-02
   5.1052002e-03   2.2213100e-02
  -1.0288029e-02   3.4597844e-02
  -7.6236221e-03   3.4181929e-02
  -1.2695145e-03   3.3186356e-02
   1.2721275e-03   4.9788494e-02
  -1.2690536e-03   5.6016068e-02
  -5.0718662e-03   6.3322749e-02
  -1.2642851e-02   7.0016578e-02
  -6.3068169e-03   7.4290519e-02
  -1.6389028e-02   7.2764886e-02
  -1.6376647e-02   7.5174320e-02
  -2.3994941e-02   7.9824069e-02
  -1.8965065e-02   7.9425816e-02
  -1.8894003e-02   9.2595433e-02
  -1.2644705e-02   9.0451285e-02
  -8.8253876e-03   9.0179564e-02
  -1.4939274e-02   1.0398444e-01
  -1.3678394e-02   1.0890902e-01
  -1.6068585e-02   1.1327043e-01
  -1.2342552e-02   1.1209023e-01
  -2.2091133e-02   1.1141081e-01
  -8.5915056e-03   1.1344314e-01
  -2.4462621e-03   1.1655081e-01
  -1.1015932e-02   1.2321894e-01
  -2.4415617e-03   1.2644110e-01
  -1.2250335e-03   1.2742509e-01
  -8.5949903e-03   1.2876561e-01
   0.0000000e+00   1.3047619e-01
  -3.6429202e-03   1.3646063e-01
   1.2049287e-03   1.4148361e-01
   4.8197083e-03   1.4666551e-01
   6.0114412e-03   1.5205374e-01
   1.6865450e-02   1.4870460e-01
   1.4419694e-02   1.5458145e-01
   3.5921887e-03   1.6190973e-01
   3.5984638e-03   1.6543382e-01
   1.2012621e-02   1.6623792e-01
   1.4511621e-02   1.6047028e-01
   1.0834780e-02   1.5967387e-01
   3.6072042e-03   1.6319927e-01
   1.2089373e-03   1.5935799e-01
   4.8575001e-03   1.5533543e-01
   0.0000000e+00   1.5180723e-01
   0.0000000e+00   1.4433905e-01
   1.2319059e-03   1.4123350e-01
   2.4764170e-03   1.3568361e-01
  -2.4671569e-03   1.3513595e-01
  -8.6098394e-03   1.3679418e-01
  -1.6095372e-02   1.2627948e-01
  -9.9638494e-03   1.1418984e-01
  -8.7517425e-03   1.0344154e-01
  -8.7441739e-03   9.8310825e-02
  -7.5066569e-03   9.6963061e-02
  -8.7947842e-03   9.1357247e-02
   0.0000000e+00   8.2891566e-02
  -1.2509887e-02   8.3995800e-02
  -1.9955644e-02   7.1967083e-02
  -2.6440644e-02   6.3346034e-02
  -2.7729691e-02   5.5131542e-02
  -2.0324218e-02   4.1922302e-02
  -1.5311573e-02   3.2867691e-02
  -1.3992567e-02   3.3250984e-02
  -1.4011811e-02   2.1685425e-02
  -1.6531107e-02   1.8275003e-02
  -1.3953531e-02   9.1103391e-03
  -1.2750483e-02   4.3371308e-03
  -1.0180110e-02   3.3666253e-03
  -1.0221245e-02  -1.9315270e-03
  -1.5312129e-02  -1.1577048e-02
  -1.5330991e-02  -2.2234026e-02
  -7.6257291e-03  -3.2256186e-02
  -1.3981077e-02  -3.8551866e-02
   1.2644261e-03  -4.5119977e-02
  -8.8845288e-03  -4.6263918e-02
   2.5164159e-03  -4.9721017e-02
   7.5859397e-03  -5.4828668e-02
   7.6060898e-03  -6.0361073e-02
   1.2637348e-02  -7.1465196e-02
   7.6043322e-03  -7.5150135e-02
   7.5575530e-03  -7.8631736e-02
  -2.5212461e-03  -7.9195011e-02
  -3.7719056e-03  -8.3939317e-02
  -8.7456251e-03  -1.0033923e-01
  -1.7427545e-02  -1.0649550e-01
  -8.6987426e-03  -1.1035872e-01
  -4.9917281e-03  -1.1854154e-01
   0.0000000e+00  -1.2230536e-01
   3.7077979e-03  -1.2967683e-01
   6.1717627e-03  -1.3209510e-01
   6.1556184e-03  -1.3693374e-01
   3.7046380e-03  -1.4054646e-01
   7.4087472e-03  -1.4424098e-01
   9.8898122e-03  -1.4923051e-01
   1.7110176e-02  -1.5642154e-01
   1.3419349e-02  -1.6258623e-01
   1.4589104e-02  -1.6793888e-01
   2.9099314e-02  -1.6739258e-01
   2.0675790e-02  -1.6418622e-01
   3.5083749e-02  -1.7076583e-01
   3.9917363e-02  -1.6474289e-01
   4.2401751e-02  -1.6231612e-01
   3.9858919e-02  -1.6071439e-01
   4.7048325e-02  -1.5620516e-01
   4.8192290e-02  -1.5176044e-01
   5.6837825e-02  -1.4708992e-01
   5.2101355e-02  -1.4377258e-01
   5.1179509e-02  -1.4257675e-01
   5.7640056e-02  -1.3829806e-01
   6.0325060e-02  -1.3676874e-01
   6.0815202e-02  -1.3114548e-01
   5.9964082e-02  -1.2840067e-01
   5.8774232e-02  -1.2645403e-01
   6.6550435e-02  -1.2435315e-01
   6.3255484e-02  -1.1750713e-01
   7.2015592e-02  -1.1159855e-01
   7.0367124e-02  -1.0331596e-01
   6.3261950e-02  -9.1403851e-02
   6.0767520e-02  -8.1441044e-02
   6.1228370e-02  -7.7059762e-02
   6.0475694e-02  -7.2211402e-02
   6.6652145e-02  -7.1409748e-02
   4.5128113e-02  -5.7386576e-02
   5.2682087e-02  -5.0251325e-02
   5.6397337e-02  -4.2268051e-02
   4.3423309e-02  -3.3367504e-02
   2.9582041e-02  -2.5794200e-02
   4.5992973e-02  -2.2221051e-02
   3.1996685e-02  -1.1609217e-02
   2.9472742e-02  -6.2949749e-03
   2.4348944e-02   1.9370809e-03
   2.5681667e-02   3.8819161e-03
  -1.0107832e-02   8.5967426e-03
   2.8278831e-02   2.9142574e-03
  -1.4017939e-02   1.6384543e-02
   6.3290413e-03   1.1963959e-02
  -6.3214755e-03   3.4011553e-02
  -3.7803331e-03   2.9105238e-02
  -3.8011668e-03   4.4729257e-02
  -1.2733802e-03   4.4954660e-02
   6.4199574e-03   4.3857303e-02
   5.1428754e-03   4.7364816e-02
   0.0000000e+00   5.2408163e-02
  -7.6858814e-03   6.2989671e-02
  -6.3044572e-03   6.5410001e-02
  -3.3614465e-02   8.0607156e-02
  -3.2219787e-02   8.8065947e-02
  -2.6242146e-02   9.9837063e-02
  -1.1292917e-02   1.1560492e-01
  -7.7672758e-02   3.3224055e-02
  -7.8806699e-02   2.3041751e-02
  -7.4857573e-02   2.1083336e-02
  -5.6921294e-02   2.8656489e-03
  -6.3563532e-02  -4.7987981e-04
  -3.4362702e-02  -2.0213251e-02
  -4.3273355e-02  -1.9727750e-02
  -4.0477726e-02  -2.1524442e-02
  -3.1598548e-02  -2.8704943e-02
  -2.7942124e-02  -2.9812397e-02
  -2.9274401e-02  -4.2000830e-02
  -3.6758446e-02  -5.2507868e-02
  -3.8308467e-02  -5.0937137e-02
  -3.4439621e-02  -6.3684383e-02
  -3.0588291e-02  -7.0080662e-02
  -2.1490237e-02  -7.9907517e-02
  -1.6413574e-02  -8.6295591e-02
  -6.3258246e-03  -8.8995819e-02
   1.2623269e-03  -9.4832778e-02
  -2.5261030e-03  -9.3373668e-02
  -1.0108472e-02  -9.4925882e-02
  -1.3892192e-02  -1.0351336e-01
  -1.3793013e-02  -1.2121439e-01
  -1.6253394e-02  -1.2499416e-01
  -1.2490414e-03  -1.3273462e-01
  -1.2509887e-03  -1.2979585e-01
   0.0000000e+00  -1.3728195e-01
  -4.9535169e-03  -1.3728082e-01
   2.4526643e-03  -1.4211452e-01
  -7.3552500e-03  -1.4627381e-01
  -9.7875180e-03  -1.4966213e-01
  -1.2194385e-03  -1.5178240e-01
   1.2172096e-03  -1.5147731e-01
   0.0000000e+00  -1.4906533e-01
   8.4670507e-03  -1.6644747e-01
   1.0958647e-02  -1.6714023e-01
  -7.7087570e-03   1.5060451e-02
  -2.5641448e-02   1.6481486e-02
  -3.5927587e-02   1.8920629e-02
  -1.6564254e-02   1.8311693e-02
  -1.8944657e-02   2.6769921e-02
  -3.1457654e-02   3.2403124e-02
  -3.5187678e-02   4.0500732e-02
  -3.8843850e-02   5.4790330e-02
  -3.5180531e-02   5.1562082e-02
  -4.2532274e-02   6.1454554e-02
  -4.9093004e-02   6.7696181e-02
  -4.4319428e-02   6.0746349e-02
  -3.8686191e-02   6.6635162e-02
  -5.8545696e-02   7.2778073e-02
  -5.5883582e-02   7.3043407e-02
  -3.8374708e-02   9.0909400e-02
  -3.7181067e-02   9.7964245e-02
  -3.3527649e-02   1.0972908e-01
  -2.9579132e-02   1.1088466e-01
  -4.1694379e-02   1.2136469e-01
  -3.4382034e-02   1.2667035e-01
  -3.1733310e-02   1.3251780e-01
  -3.2906581e-02   1.4058876e-01
  -2.6882477e-02   1.4309763e-01
  -1.5862619e-02   1.5240627e-01
  -1.5844522e-02   1.5595026e-01
  -1.4484827e-02   1.6497293e-01
  -1.1973861e-02   1.8307847e-01
  -3.5837961e-03   1.8928123e-01
  -4.7717793e-03   1.9122189e-01
  -9.4946430e-03   1.9966957e-01
  -1.0715308e-02   1.9812562e-01
  -1.2029790e-02   1.9650967e-01
  -4.8017740e-03   1.9660714e-01
   0.0000000e+00   1.9663244e-01
   3.6068938e-03   1.9868759e-01
   1.2034104e-03   1.9602856e-01
   3.6236578e-03   1.9515308e-01
   9.6854455e-03   1.9051666e-01
  -6.0161500e-03   1.9199750e-01
  -2.4174803e-03   1.8115934e-01
  -7.2328120e-03   1.8506268e-01
   0.0000000e+00   1.7295547e-01
  -1.4527165e-02   1.7590573e-01
  -4.8560684e-03   1.5581784e-01
   2.5468539e-03  -9.0612056e-02
   6.3974499e-03  -9.1568027e-02
   2.0331776e-02  -9.8536382e-02
   2.1465242e-02  -1.0399259e-01
   3.1318506e-02  -1.0109693e-01
   3.5787790e-02  -1.0800276e-01
   2.0939347e-02  -1.0781761e-01
   3.5488284e-02  -1.0904615e-01
   3.3123880e-02  -1.1435811e-01
   3.3079353e-02  -1.1924136e-01
   4.4022633e-02  -1.2302265e-01
   3.9009573e-02  -1.2720491e-01
   4.8840532e-02  -1.2789874e-01
   3.4142705e-02  -1.3237881e-01
   3.4273827e-02  -1.4177302e-01
   4.2957368e-02  -1.4584828e-01
   3.0647632e-02  -1.5799780e-01
   2.8238149e-02  -1.5556727e-01
   4.2601475e-02  -1.6916132e-01
   4.0007473e-02  -1.7060376e-01
   5.0655088e-02  -1.7227724e-01
   4.5874815e-02  -1.7085325e-01
   5.3514766e-02  -1.7334950e-01
   6.2651455e-02  -1.6583358e-01
   7.0917135e-02  -1.6983500e-01
   6.2693821e-02  -1.5994682e-01
   6.3495040e-02  -1.5767650e-01
   6.5302174e-02  -1.5864410e-01
   5.5812513e-02  -1.5822101e-01
   7.3987770e-02  -1.5537153e-01
   8.1913015e-02  -1.4709757e-01
   8.2507192e-02  -1.3614145e-01
   8.5651804e-02  -1.3257638e-01
   7.9629198e-02  -1.2824939e-01
   8.3704845e-02  -1.2617724e-01
   8.5633153e-02  -1.2527186e-01
   6.7548966e-02  -1.1763305e-01
   8.3433555e-02  -1.1470275e-01
   8.8624768e-02  -1.0457828e-01
   8.5295583e-02  -1.0475273e-01
   8.4810067e-02  -9.9496017e-02
   8.1822820e-02  -9.7992929e-02
   6.4823868e-02  -8.6522700e-02
   6.3457958e-02  -7.7751689e-02
   6.5129399e-02  -6.6672113e-02
   4.4442068e-02  -5.3568412e-02
   4.0736558e-02  -4.6380757e-02
  -6.2287312e-02   1.5237152e-01
  -6.1245978e-02   1.3862062e-01
  -9.6712749e-02   1.3691770e-01
  -9.6651601e-02   1.4260987e-01
  -1.0812972e-01   1.5796272e-01
  -8.8451138e-02   1.4352550e-01
  -1.0680296e-01   1.3689276e-01
  -1.1037142e-01   1.4503186e-01
  -1.0231080e-01   1.3591502e-01
  -1.2152722e-01   1.2861923e-01
  -1.5533880e-01   1.3489034e-01
  -1.4764193e-01   1.2648400e-01
  -1.5291074e-01   1.2727068e-01
  -1.7731344e-01   1.2009046e-01
  -1.8953482e-01   1.0923359e-01
  -1.7729303e-01   9.8498449e-02
  -1.6422552e-01   7.6343002e-02
  -1.5218580e-01   6.9241939e-02
  -1.4736714e-01   7.5145951e-02
  -1.2280591e-01   7.1754554e-02
  -1.0119592e-01   7.7728977e-02
  -9.4057865e-02   7.2186470e-02
  -8.7836659e-02   7.3815421e-02
  -6.5929410e-02   5.0535085e-02
  -5.4682302e-02   4.0456077e-02
  -5.6051073e-02   3.9508138e-02
  -3.6137577e-02   3.7660504e-02
  -2.0545964e-02   3.7479853e-02
  -2.8191634e-02   3.7885346e-02
  -2.8182454e-02   3.9828184e-02
  -1.5329013e-02   3.1933148e-02
  -1.5275327e-02   2.7949779e-02
  -2.1583785e-02   1.1518336e-02
  -3.8020752e-02   6.2247556e-03
  -1.0118393e-02  -7.1710871e-03
  -2.5442269e-02  -1.2502500e-02
  -2.1721839e-02  -2.0782453e-02
  -1.5222071e-02  -3.1709424e-02
  -2.4264262e-02  -3.3864757e-02
  -5.0839670e-03  -4.9255134e-02
  -1.9053535e-02  -4.7271011e-02
  -1.7683805e-02  -6.2581594e-02
  -1.5216387e-02  -7.0226940e-02
  -2.7717695e-02  -8.6591611e-02
  -4.3931226e-02  -9.1211080e-02
  -4.6144755e-02  -8.9609136e-02
  -3.7074713e-02  -9.7672654e-02
