   1.7443020e-01   1.8471746e-02
   3.5254225e-01   2.8322659e-02
   3.5863202e-01   2.6406351e-02
   3.6039957e-01   2.3178887e-02
   3.5810240e-01   2.1733287e-02
   3.5635395e-01   1.9467505e-02
   3.6389145e-01   2.2213434e-02
   3.6448881e-01   2.5500154e-02
   3.5979645e-01   2.8715142e-02
   3.5287902e-01   2.5459046e-02
   3.4637352e-01   2.3710069e-02
   3.3876699e-01   2.2814831e-02
   3.3085674e-01   2.0963870e-02
   3.2928368e-01   2.0018231e-02
   3.2699337e-01   2.2377814e-02
   3.2083650e-01   2.5696306e-02
   3.2945458e-01   2.4696818e-02
   3.2088827e-01   2.4294689e-02
   3.1331107e-01   2.2457676e-02
   3.1690048e-01   1.9618081e-02
   3.1850241e-01   1.9087905e-02
   3.1843566e-01   2.1501684e-02
   3.1257179e-01   2.5684142e-02
   3.1194146e-01   2.5270781e-02
   3.1107209e-01   2.3332597e-02
   3.1080743e-01   2.1063880e-02
   3.1410285e-01   1.7274393e-02
   3.0501282e-01   2.3849139e-02
   3.0793721e-01   2.1521521e-02
   3.0523604e-01   2.6212118e-02
   2.9989804e-01   2.4806824e-02
   3.0118463e-01   2.4333300e-02
   3.0060327e-01   2.1571389e-02
   2.9526470e-01   1.9694479e-02
   2.9172625e-01   2.0195956e-02
   2.8144278e-01   2.3524246e-02
   2.7956597e-01   2.4893321e-02
   2.8234333e-01   2.6316378e-02
   2.7258093e-01   2.1674033e-02
   2.7264059e-01   1.9318160e-02
   2.6167221e-01   1.8823195e-02
   2.4690238e-01   1.9848395e-02
   2.5021940e-01   1.9798894e-02
   2.3512594e-01   2.3645274e-02
   2.3620618e-01   2.1728695e-02
   2.2961653e-01   2.2199295e-02
   2.2953032e-01   1.4627924e-02
   2.3072495e-01   1.8871431e-02
   2.1569131e-01   2.0821275e-02
  -3.7777380e-03   1.5714216e-02
  -1.2579993e-03   1.5698704e-02
  -1.2531152e-03   1.4689035e-02
  -5.0529032e-03   1.2895420e-02
  -1.3838862e-02   1.4746398e-02
  -1.0055262e-02   1.3781746e-02
  -6.2843571e-03   1.4257251e-02
  -5.0270204e-03   1.5683045e-02
  -1.1299620e-02   1.5667035e-02
  -2.0108722e-02   1.5206013e-02
  -2.7623845e-02   1.4239952e-02
  -2.1370697e-02   1.0929145e-02
  -1.6309254e-02   1.1856729e-02
  -1.8834983e-02   1.3767031e-02
  -2.6390100e-02   1.6630069e-02
  -3.8991189e-02   1.8068778e-02
  -3.7631690e-02   1.4223001e-02
  -3.5196261e-02   1.2351690e-02
  -3.7751983e-02   9.9856764e-03
  -3.6529772e-02   9.9958640e-03
  -4.0185540e-02   1.1863495e-02
  -4.9013449e-02   1.5671489e-02
  -5.6488302e-02   1.8023698e-02
  -6.6755266e-02   1.1888340e-02
  -7.4168890e-02   1.0912091e-02
  -7.1588367e-02   9.4804932e-03
  -7.0332431e-02   9.4810156e-03
  -8.4476479e-02   1.0939071e-02
  -9.7926835e-02   1.6094604e-02
  -1.0036704e-01   1.1347997e-02
  -9.3034731e-02   8.5315869e-03
  -8.7913776e-02   9.9465134e-03
  -8.3044783e-02   1.2342306e-02
  -7.7928279e-02   1.3756284e-02
  -9.1748873e-02   1.4694342e-02
  -1.0703933e-01   1.5184205e-02
  -1.1040110e-01   1.1813130e-02
  -1.1668192e-01   1.0390998e-02
  -1.1681207e-01   7.0917205e-03
  -1.2183035e-01   8.5069291e-03
  -1.2973806e-01   1.0895646e-02
  -1.4092448e-01   1.2293180e-02
  -1.5002146e-01   1.3254348e-02
  -1.4946197e-01   8.4874019e-03
  -1.4540108e-01   9.4152721e-03
  -1.5338158e-01   8.4927223e-03
  -1.6593718e-01   1.0838520e-02
  -1.7422713e-01   9.8582673e-03
  -8.9328821e-02   1.3761809e-02
  -9.5624838e-02   1.2808119e-02
  -8.5737322e-02   1.0938346e-02
  -7.3056381e-02   1.0934295e-02
  -7.4524018e-02   1.4303731e-02
  -5.9300138e-02   1.6204988e-02
  -5.5473072e-02   1.2381434e-02
  -5.6838638e-02   1.4791150e-02
  -5.0432551e-02   1.1430906e-02
  -4.2942031e-02   1.5752182e-02
  -3.4075791e-02   1.1447170e-02
  -3.2805416e-02   1.5740271e-02
  -3.0196502e-02   1.3316352e-02
  -1.7663871e-02   1.6221093e-02
   0.0000000e+00   1.3386454e-02
   1.0125083e-02   1.4356473e-02
   1.5138870e-02   1.7652820e-02
   1.7641068e-02   2.0017926e-02
   2.6474376e-02   1.3343673e-02
   2.8991388e-02   1.5725789e-02
   3.9196800e-02   1.3857938e-02
   5.1734886e-02   1.4778984e-02
   5.3155076e-02   1.4822504e-02
   8.3554301e-02   2.1351924e-02
   6.0385893e-02   1.5205797e-02
   7.6165733e-02   1.4374150e-02
   7.4708444e-02   2.1041399e-02
   8.3604578e-02   1.6252207e-02
   7.8150699e-02   1.5700161e-02
   7.9408574e-02   1.6174931e-02
   7.7032389e-02   1.7639180e-02
   9.5005202e-02   1.6241990e-02
   1.0598323e-01   1.6166405e-02
   1.1768095e-01   1.7154730e-02
   1.2235858e-01   1.8997381e-02
   1.2892667e-01   1.8549935e-02
   1.2662448e-01   2.0973653e-02
   1.2435552e-01   1.9586172e-02
   1.2500050e-01   1.9487766e-02
   1.2881291e-01   1.7106153e-02
   1.4060287e-01   1.6664526e-02
   1.3921989e-01   1.4271360e-02
   1.4715755e-01   2.2409731e-02
   1.6069827e-01   1.7566619e-02
   1.7189550e-01   1.8950436e-02
   1.7617571e-01   2.1373341e-02
   1.7985746e-01   1.7549201e-02
   1.9125688e-01   1.7526652e-02
   1.9756719e-01   1.8933585e-02
   1.9225165e-01   2.2238606e-02
   3.6393996e-01   2.5375596e-02
   3.7384616e-01   2.2078184e-02
   3.7715040e-01   2.1646226e-02
   3.6972902e-01   2.5857093e-02
   3.6176446e-01   2.5412520e-02
   3.6301369e-01   2.5867723e-02
   3.5469015e-01   2.5860492e-02
   3.5846043e-01   2.1753455e-02
   3.5608711e-01   2.2622058e-02
   3.5684912e-01   2.1276436e-02
   3.4708964e-01   2.5900365e-02
   3.3452473e-01   2.5138074e-02
   3.3102276e-01   2.4150958e-02
   3.2793755e-01   2.2351368e-02
   3.2161246e-01   2.1445860e-02
   3.2223925e-01   2.1400453e-02
   3.2092496e-01   2.2801566e-02
   3.0822496e-01   2.3321325e-02
   3.0166194e-01   2.9418291e-02
   2.8567845e-01   2.3436941e-02
   2.7865744e-01   2.2100978e-02
   2.7021392e-01   1.8685558e-02
   2.6369604e-01   1.8310181e-02
   2.5478002e-01   2.0215853e-02
   2.4360431e-01   2.0741159e-02
   2.3362149e-01   2.3626614e-02
   2.3112648e-01   2.1744199e-02
   2.3341126e-01   2.2659611e-02
   2.2520555e-01   2.2753539e-02
   2.1380067e-01   1.9820317e-02
   2.0498520e-01   1.7480340e-02
   1.9799876e-01   1.6599235e-02
   1.8501323e-01   2.3250496e-02
   1.8793134e-01   2.2814062e-02
   1.7413730e-01   1.4181309e-02
   1.6719751e-01   1.7097785e-02
   1.6497458e-01   1.8563793e-02
   1.6223375e-01   2.1404139e-02
   1.4549750e-01   1.9017975e-02
   1.4800322e-01   2.0915013e-02
   1.4942966e-01   1.9981680e-02
   1.4041937e-01   2.0453396e-02
   1.3374516e-01   1.5658842e-02
   1.2300011e-01   1.5750399e-02
   1.1006760e-01   1.9547738e-02
   8.1059494e-02   1.8166574e-02
  -5.2787023e-02   1.4719952e-02
  -5.9127853e-02   1.5206505e-02
  -6.8136512e-02   1.5246441e-02
  -7.5349692e-02   1.1374645e-02
  -9.0528264e-02   5.6885345e-03
  -9.5638357e-02   9.9618702e-03
  -9.4259633e-02   1.5166164e-02
  -9.8120722e-02   1.6126317e-02
  -1.0441051e-01   1.6119983e-02
  -1.1690187e-01   1.2304384e-02
  -1.3002057e-01   5.6958695e-03
  -1.3872062e-01   5.2122917e-03
  -1.4457562e-01   9.4439301e-03
  -1.4848800e-01   1.0394965e-02
  -1.5288460e-01   1.4113219e-02
  -1.5964018e-01   1.2259894e-02
  -1.6939583e-01   7.5222970e-03
  -1.7459486e-01   6.1145858e-03
  -1.7066186e-01   5.1709071e-03
  -1.6687119e-01   9.8755542e-03
  -1.6310376e-01   1.0349738e-02
  -1.6400592e-01   1.3614664e-02
  -1.7235673e-01   1.4613188e-02
  -1.8012177e-01   1.0843805e-02
  -1.8160435e-01   3.3030429e-03
  -1.8069655e-01   6.1045180e-03
  -1.7816679e-01   9.3941379e-03
  -1.8834983e-01   1.3619459e-02
  -1.9783866e-01   1.0757761e-02
  -2.0952559e-01   1.0295543e-02
  -2.2128253e-01   7.0228831e-03
  -2.2699738e-01   5.1614876e-03
  -2.2396349e-01   3.7257575e-03
  -2.2655383e-01   3.7465982e-03
  -2.3565003e-01   9.3176968e-03
  -2.3905564e-01   1.3090061e-02
  -2.4161269e-01   9.8139903e-03
  -2.2986230e-01   6.0734134e-03
  -2.2462901e-01   3.2694092e-03
  -2.2106370e-01   7.0161410e-03
  -2.1831269e-01   9.8164332e-03
  -2.1980078e-01   7.9529520e-03
  -2.2122790e-01   1.2641189e-02
  -2.0761196e-01   1.2206548e-02
  -2.0008954e-01   9.3983957e-03
  -1.9181181e-01   3.2796834e-03
  -1.8644477e-01   7.5382275e-03
  -1.8354818e-01   9.4071726e-03
   2.2755880e-02   1.6252368e-02
   3.1578895e-02   1.3846463e-02
   3.5301046e-02   1.2388459e-02
   3.1610322e-02   1.3860246e-02
   3.2803215e-02   1.6694227e-02
   5.5522037e-02   1.4300444e-02
   4.8044833e-02   1.4810113e-02
   5.7871603e-02   1.4731973e-02
   7.0800701e-02   1.5275062e-02
   7.6808871e-02   1.6636232e-02
   8.0814795e-02   1.8589211e-02
   8.7657616e-02   1.7735524e-02
   7.8367193e-02   1.8609968e-02
   7.7196514e-02   1.5763496e-02
   8.3440996e-02   1.5742914e-02
   9.0941821e-02   1.4768120e-02
   1.0123093e-01   1.7173774e-02
   1.0123449e-01   1.6696725e-02
   1.0342001e-01   2.0924639e-02
   1.1388067e-01   1.7636022e-02
   1.2757117e-01   1.4731763e-02
   1.3360354e-01   1.6591551e-02
   1.4168441e-01   2.0451157e-02
   1.4971515e-01   2.0974480e-02
   1.4559840e-01   2.2368133e-02
   1.4180673e-01   2.1899547e-02
   1.4225672e-01   2.0054540e-02
   1.6104660e-01   1.5222627e-02
   1.7053084e-01   1.3254090e-02
   1.8293077e-01   1.8071483e-02
   1.8229713e-01   2.3234347e-02
   1.8759922e-01   2.0397637e-02
   2.0491849e-01   2.1259873e-02
   2.0720358e-01   2.3119882e-02
   2.1885181e-01   2.0278826e-02
   2.2463629e-01   1.7488169e-02
   2.3288265e-01   2.0835476e-02
   2.3524423e-01   2.2586010e-02
   2.5399670e-01   2.1200928e-02
   2.5494171e-01   2.4120568e-02
   2.5249667e-01   2.0243069e-02
   2.6112889e-01   1.9726471e-02
   2.5887298e-01   1.8812539e-02
   2.6250754e-01   2.5381909e-02
   2.6783264e-01   2.5855998e-02
   2.7492959e-01   2.4837663e-02
   2.8474779e-01   2.1587177e-02
   2.9087625e-01   1.9201672e-02
   2.8236010e-01   2.1042070e-02
   2.8887629e-01   2.0654943e-02
   2.8204917e-01   1.6416359e-02
   2.7817423e-01   1.9242750e-02
   2.6631200e-01   2.5366699e-02
   2.6656329e-01   2.5861221e-02
   2.6092102e-01   2.7241317e-02
   2.5294408e-01   2.2640468e-02
   2.4665542e-01   1.9829231e-02
   2.4090320e-01   1.6959925e-02
   2.3932247e-01   1.7031840e-02
   2.3000655e-01   2.5081818e-02
   2.3383110e-01   2.4595490e-02
   2.2595205e-01   2.2099960e-02
   2.2455255e-01   2.1742048e-02
   2.2480686e-01   2.0343814e-02
   2.2821578e-01   1.7462181e-02
   2.1170062e-01   1.9392316e-02
   2.0490352e-01   1.9962059e-02
   1.9369070e-01   2.3204103e-02
   2.0041954e-01   2.3231808e-02
   2.0347742e-01   1.9826383e-02
   1.9862774e-01   1.9385089e-02
   1.8327094e-01   1.8927135e-02
   1.7616773e-01   2.1848304e-02
   1.6731097e-01   2.0917813e-02
   1.6226810e-01   1.9025901e-02
   1.6433068e-01   1.7542796e-02
   1.6574063e-01   1.8981360e-02
   1.5969885e-01   2.1409479e-02
   1.5481620e-01   1.9058689e-02
   1.3941963e-01   2.1449301e-02
   1.2308149e-01   2.0065821e-02
   1.2461912e-01   1.8189069e-02
   1.1218766e-01   1.5194001e-02
   1.1632599e-01   1.3806698e-02
   1.1170282e-01   1.5300869e-02
   9.6238768e-02   2.0539805e-02
   8.8472078e-02   1.9554125e-02
   8.7485898e-02   1.7221871e-02
   7.9795915e-02   1.7689620e-02
   7.0868931e-02   1.5768065e-02
   5.9726295e-02   1.3438589e-02
   3.6702315e-02   1.4829296e-02
   1.8981468e-02   1.6747878e-02
   7.5917618e-03   1.8185118e-02
  -5.0568622e-03   1.6254851e-02
  -7.6016074e-03   1.3891967e-02
  -1.1392818e-02   1.1006536e-02
  -7.5953815e-03   1.0528226e-02
  -8.8503639e-03   1.4820357e-02
  -2.1485193e-02   2.0076803e-02
  -2.6575849e-02   1.5789162e-02
  -2.0302303e-01   7.5309682e-03
  -2.1054003e-01   1.2696501e-02
  -2.1725307e-01   1.1699386e-02
  -2.3051546e-01   9.8391673e-03
  -2.3910963e-01   8.4150393e-03
  -2.4267889e-01   2.8008078e-03
  -2.4946429e-01   0.0000000e+00
  -2.5548581e-01   6.5292280e-03
  -2.5517927e-01   1.1648240e-02
  -2.5491122e-01   1.3098395e-02
  -2.6547016e-01   1.3503735e-02
  -2.6756559e-01   1.3937362e-03
  -2.7537502e-01  -1.3933636e-03
  -2.8123244e-01   3.7231088e-03
  -2.7493057e-01   2.7952300e-03
  -2.8288072e-01   7.8858986e-03
  -2.8536795e-01   1.0200975e-02
  -2.8371833e-01   8.3734690e-03
  -2.7968862e-01   4.6504555e-03
  -2.7871677e-01   1.8623318e-03
  -2.7744124e-01   5.1224753e-03
  -2.7490075e-01   7.4539468e-03
  -2.7253271e-01   9.7483031e-03
  -2.6579094e-01   9.3217724e-03
  -2.5977629e-01   6.5378899e-03
  -2.6004924e-01   4.2069391e-03
  -2.5173241e-01   1.8665592e-03
  -2.4968789e-01   6.5479133e-03
  -2.4690933e-01   7.9464103e-03
  -2.3585103e-01   1.2124576e-02
  -2.2651646e-01   9.3664956e-03
  -2.2594904e-01   7.0463828e-03
  -2.1626663e-01   4.6850254e-03
  -2.1206694e-01   6.5886786e-03
  -2.0109996e-01   7.5552465e-03
  -1.9250270e-01   1.3169574e-02
  -1.8909188e-01   1.4143848e-02
  -1.8660044e-01   1.1318333e-02
  -1.8138921e-01   9.8994949e-03
  -1.6772584e-01   5.1981548e-03
  -1.6030237e-01   8.5208385e-03
  -1.6137200e-01   1.2767184e-02
  -1.5492633e-01   1.1344425e-02
  -1.4922713e-01   1.0446029e-02
  -1.4107751e-01   1.0412115e-02
  -1.3239145e-01   1.0430048e-02
  -1.2496432e-01   7.5974947e-03
  -1.1737999e-01   9.9773376e-03
  -1.1600258e-01   9.9684151e-03
  -1.0727304e-01   1.1886077e-02
   7.8540251e-02   1.5778207e-02
   7.8311013e-02   1.4777876e-02
   6.5296426e-02   1.3276219e-02
   7.2956552e-02   1.7097643e-02
   7.8303461e-02   1.6207993e-02
   8.3416531e-02   1.9559378e-02
   1.0103672e-01   1.6187601e-02
   1.0774279e-01   2.0545441e-02
   1.0752371e-01   2.0981621e-02
   1.1114040e-01   1.6176909e-02
   1.0492630e-01   1.6676180e-02
   1.0945281e-01   1.4692758e-02
   1.2767230e-01   1.7600410e-02
   1.3439374e-01   1.7643610e-02
   1.3482252e-01   2.0381788e-02
   1.4450822e-01   2.0010510e-02
   1.4800961e-01   2.0439671e-02
   1.5420641e-01   1.8509268e-02
   1.6321024e-01   1.8986185e-02
   1.8059064e-01   1.7022574e-02
   1.8218818e-01   1.8948286e-02
   1.8111037e-01   1.8495234e-02
   1.7961991e-01   2.1322762e-02
   1.8543002e-01   1.8884936e-02
   1.8759922e-01   2.0397637e-02
   1.9521286e-01   1.9905668e-02
   2.0184412e-01   1.7906154e-02
   2.1358810e-01   1.9801119e-02
   2.1374341e-01   2.2651790e-02
   2.1591619e-01   2.0367860e-02
   2.2725477e-01   2.0215630e-02
   2.3193306e-01   2.1698320e-02
   2.4290781e-01   1.9271228e-02
   2.3573524e-01   2.1686731e-02
   2.3912198e-01   1.8811509e-02
   2.5120578e-01   2.1188653e-02
   2.5548029e-01   2.2518939e-02
   2.6816494e-01   2.1069882e-02
   2.6610181e-01   2.3465209e-02
   2.6618808e-01   2.0180080e-02
   2.7046067e-01   1.9638529e-02
   2.6458402e-01   2.2978515e-02
   2.6778029e-01   2.5259751e-02
   2.6832749e-01   2.4839344e-02
   2.7907421e-01   1.7725738e-02
   2.8636635e-01   1.7686537e-02
   2.8262881e-01   2.1530144e-02
   2.9114009e-01   2.3811878e-02
   2.9559981e-01   2.4211658e-02
   3.0538351e-01   2.3309959e-02
   3.1423777e-01   2.3737864e-02
   3.1080536e-01   2.2753256e-02
   1.9336674e-01   1.9850511e-02
   1.8054887e-01   1.9859669e-02
   1.8807417e-01   2.2677495e-02
   1.8472581e-01   1.8469363e-02
   1.7586220e-01   1.8961356e-02
   1.6973081e-01   1.7093334e-02
   1.6288596e-01   1.8949015e-02
   1.6369909e-01   1.9042213e-02
   1.6301363e-01   2.1338530e-02
   1.5291100e-01   2.0884732e-02
   1.4140297e-01   2.0410958e-02
   1.4425407e-01   1.7118101e-02
   1.3411600e-01   1.8560645e-02
   1.3046933e-01   1.6678580e-02
   1.1709376e-01   1.7544534e-02
   1.1227153e-01   1.8535953e-02
   1.0975680e-01   1.7588426e-02
   1.0598673e-01   1.5690923e-02
   9.1188439e-02   1.8634588e-02
   8.9746498e-02   1.8122074e-02
   8.9584021e-02   1.5706458e-02
   8.0756896e-02   1.4761411e-02
   6.9238384e-02   1.9494811e-02
   6.4215012e-02   1.7120957e-02
   5.5691165e-02   1.3386926e-02
   4.4202059e-02   1.6706290e-02
   3.7734796e-02   1.7593811e-02
   3.9147608e-02   1.7663241e-02
   3.0184417e-02   1.9023361e-02
   2.7733475e-02   1.4296489e-02
   3.0228041e-02   1.2377445e-02
   1.8945622e-02   1.5281880e-02
   3.7774855e-03   1.6666593e-02
  -6.2897898e-03   1.6174232e-02
  -1.6401607e-02   1.6698407e-02
  -2.7735812e-02   1.2866840e-02
  -3.2684596e-02   1.0927073e-02
  -3.4041972e-02   1.1435811e-02
  -3.4009005e-02   1.0948454e-02
  -2.7767873e-02   9.5404625e-03
  -3.6542212e-02   2.0011564e-02
  -4.1631891e-02   1.7644585e-02
  -4.4035334e-02   1.3787545e-02
  -4.7820141e-02   9.5076305e-03
  -5.5302342e-02   1.4243916e-02
  -5.9202171e-02   1.0464821e-02
  -6.6758417e-02   1.0937273e-02
  -8.0434886e-02   1.5177480e-02
  -8.8165121e-02   1.2351206e-02
  -9.1768288e-02   1.0902253e-02
  -9.1413934e-02   8.9708655e-03
  -8.6747028e-02   9.0087048e-03
