   2.7841946e-01  -3.9378305e-02
   7.5489148e-02   1.4007682e-01
   4.3866060e-02   1.3578946e-01
   5.9888681e-02   1.4195957e-01
   1.8806701e-02   1.2746206e-01
   0.0000000e+00   1.3798768e-01
  -6.2957132e-03   1.2911534e-01
  -2.2801419e-02   1.2939912e-01
  -5.1427217e-02   1.3428133e-01
  -7.5742683e-02   1.1977389e-01
  -1.0525604e-01   1.3007325e-01
  -1.3809827e-01   1.1815097e-01
  -1.5434399e-01   1.2090326e-01
  -1.5626462e-01   1.1000924e-01
  -1.8613830e-01   1.2357008e-01
  -1.9193489e-01   1.2448952e-01
  -1.9546430e-01   1.1380339e-01
  -2.2261579e-01   1.0570329e-01
  -2.5292133e-01   8.6882595e-02
  -2.6158669e-01   8.3546938e-02
  -2.8433053e-01   4.9524853e-02
  -2.9208364e-01   6.2765175e-02
  -2.5775048e-01   3.0234611e-02
  -3.4979075e-01   1.0705266e-02
  -3.6249375e-01   2.9601668e-02
  -3.5021460e-01   6.8191063e-03
  -3.4139346e-01  -4.8487693e-03
  -3.4839135e-01   5.8164937e-03
  -3.5811136e-01  -2.8562200e-02
  -3.2816774e-01  -2.4408350e-03
  -3.1722991e-01  -6.7046181e-02
  -3.7608211e-01  -4.2395431e-02
  -3.3735204e-01  -7.1616881e-02
  -3.2997833e-01  -7.3960918e-02
  -3.0139838e-01  -7.2473347e-02
  -3.2240567e-01  -8.7260544e-02
  -2.9609205e-01  -8.9755961e-02
  -3.0764133e-01  -9.4718055e-02
  -3.2295659e-01  -9.4352133e-02
  -2.9063970e-01  -9.0816294e-02
  -2.6846335e-01  -1.1951355e-01
  -2.8293951e-01  -1.0146978e-01
  -2.5106911e-01  -1.1425867e-01
  -2.3344701e-01  -1.0657396e-01
  -2.2643500e-01  -1.0034069e-01
  -2.2933932e-01  -1.0636206e-01
  -1.8509693e-01  -1.1413728e-01
  -1.9041652e-01  -9.9962375e-02
  -1.5236832e-01  -9.8062267e-02
   4.2038838e-01   3.5320880e-02
   4.1412343e-01   4.5112422e-02
   4.2130772e-01   3.9740207e-02
   3.8434654e-01   6.1118872e-02
   3.9036302e-01   7.1049671e-02
   3.9550965e-01   7.0503779e-02
   4.1927328e-01   6.6849008e-02
   3.8785458e-01   7.5408581e-02
   3.7754248e-01   7.3165167e-02
   3.5727869e-01   7.3260913e-02
   3.1172090e-01   9.2564306e-02
   3.1046001e-01   7.9518983e-02
   3.2673014e-01   7.5068472e-02
   3.2538937e-01   7.0074554e-02
   3.0421755e-01   6.9008675e-02
   2.7313061e-01   8.4530824e-02
   2.4780338e-01   8.9249977e-02
   2.2571110e-01   9.9601428e-02
   2.3784929e-01   1.0279389e-01
   2.2785678e-01   1.0448412e-01
   1.9514146e-01   1.1636195e-01
   1.7587446e-01   1.2035860e-01
   1.4567297e-01   1.2823558e-01
   1.1372600e-01   1.1889308e-01
   9.9992743e-02   1.1837922e-01
   1.1091663e-01   1.1396881e-01
   7.8971529e-02   1.1827005e-01
   5.2071328e-02   1.2014015e-01
   1.5178425e-02   1.3026865e-01
  -1.1444188e-02   1.3963931e-01
  -3.1226277e-02   1.5251891e-01
  -3.9899994e-02   1.3399601e-01
  -7.2966581e-02   1.5171657e-01
  -8.3160404e-02   1.3835652e-01
  -1.0474064e-01   1.4023127e-01
  -1.4681363e-01   1.3939737e-01
  -1.7953902e-01   1.4625053e-01
  -1.7443062e-01   1.4302112e-01
  -1.9845728e-01   1.5054036e-01
  -2.1831455e-01   1.5390927e-01
  -2.3367349e-01   1.5272509e-01
  -2.5471504e-01   1.5718007e-01
  -2.3076186e-01   1.3308461e-01
  -2.8680148e-01   1.3893938e-01
  -2.8547988e-01   1.2957585e-01
  -3.4079639e-01   1.1901575e-01
  -3.7182658e-01   1.1476352e-01
  -4.1340946e-01   1.0903303e-01
  -1.3011359e-01  -9.5779460e-02
  -9.7772696e-02  -1.0944385e-01
  -6.0387671e-02  -1.2463984e-01
  -6.4237431e-02  -1.1385236e-01
  -3.7395504e-02  -1.1016122e-01
   3.6916646e-03  -1.1426244e-01
   4.0538570e-02  -1.1147938e-01
   6.6407799e-02  -1.0899930e-01
   9.3626171e-02  -1.1155336e-01
   1.4868316e-01  -1.1227231e-01
   1.4670556e-01  -8.9354603e-02
   1.3114452e-01  -6.9652155e-02
   1.4724161e-01  -7.9211648e-02
   1.7582373e-01  -8.3146412e-02
   1.9184215e-01  -7.2998517e-02
   2.0918331e-01  -7.3172495e-02
   2.4631270e-01  -5.7588360e-02
   2.9507421e-01  -6.9244624e-02
   2.8474053e-01  -4.8013911e-02
   2.7087424e-01  -4.0190374e-02
   3.3030262e-01  -1.9141053e-02
   3.6112630e-01  -5.7793921e-02
   3.3100427e-01  -2.3198640e-02
   3.7960166e-01  -2.9114242e-02
   3.6888947e-01  -1.4883714e-02
   4.1639805e-01  -1.1894143e-02
   3.9895451e-01  -2.3128075e-03
   4.0490511e-01  -7.8449318e-03
   4.0326317e-01   8.7358526e-03
   3.9167480e-01   1.7004226e-02
   3.8852629e-01   3.6840545e-02
   3.8180888e-01   5.3010291e-02
   4.1714959e-01   2.6366320e-02
   3.7147680e-01   5.7435980e-02
   3.8139428e-01   5.7711206e-02
   3.4983813e-01   6.9498329e-02
   3.8579869e-01   6.3723737e-02
   3.5917512e-01   7.2522010e-02
   3.6178646e-01   6.0075175e-02
   3.5229107e-01   6.7372324e-02
   3.1366131e-01   1.0769552e-01
   3.8302668e-01   1.0250537e-01
   2.9236301e-01   6.6329178e-02
   2.4740783e-01   1.3074080e-01
   2.8730839e-01   1.0563000e-01
   2.6449835e-01   1.0046472e-01
   2.8573657e-01   1.3956158e-01
  -3.6267010e-01   9.0047183e-02
  -3.6518214e-01   7.7043457e-02
  -3.7880663e-01   6.9555325e-02
  -3.5811397e-01   5.2320706e-02
  -3.8505505e-01   3.6833803e-02
  -3.9248057e-01   3.4575925e-02
  -3.9272652e-01   1.2724670e-02
  -3.9509418e-01  -8.9131847e-03
  -4.0040812e-01  -1.9698173e-02
  -3.7569145e-01  -3.6476608e-02
  -3.6799191e-01  -3.8759375e-02
  -3.5966311e-01  -5.2065800e-02
  -3.5819570e-01  -5.8178770e-02
  -3.4050765e-01  -5.0927187e-02
  -3.2212875e-01  -7.3211817e-02
  -3.1975260e-01  -7.2136541e-02
  -2.9268409e-01  -8.3474637e-02
  -2.9333194e-01  -8.4367397e-02
  -2.6485706e-01  -9.9127814e-02
  -2.3951413e-01  -9.6929356e-02
  -2.1983615e-01  -9.5395863e-02
  -1.9627852e-01  -1.0386025e-01
  -1.8845671e-01  -1.0028887e-01
  -1.5142671e-01  -9.6953636e-02
  -1.2401063e-01  -1.0073421e-01
  -1.2845036e-01  -8.8913406e-02
  -1.1629980e-01  -9.4114047e-02
  -8.9811680e-02  -8.0939633e-02
  -6.4365154e-02  -8.0305140e-02
  -1.3986451e-02  -9.4524658e-02
  -7.6951876e-03  -8.5167618e-02
   2.8913070e-02  -8.9885258e-02
   4.4172039e-02  -9.2735352e-02
   8.9185083e-02  -1.1081908e-01
   1.2640070e-01  -8.7647646e-02
   1.4871975e-01  -8.5045599e-02
   1.8660656e-01  -9.1743457e-02
   2.0970398e-01  -8.3709355e-02
   2.2422995e-01  -8.0761736e-02
   2.3367226e-01  -7.6124078e-02
   2.4679570e-01  -7.4414512e-02
   2.7472205e-01  -5.8623165e-02
   2.6352391e-01  -4.7129106e-02
   2.7734001e-01  -5.5070020e-02
   3.0500228e-01  -4.3613532e-02
   3.2212844e-01  -3.8842053e-02
   3.3889271e-01  -3.1946846e-02
   3.5901539e-01  -2.9069570e-02
  -7.3711732e-03   1.5787893e-01
  -3.8017076e-02   1.7787024e-01
   7.1965718e-02   1.8872693e-01
  -8.6753509e-03   1.1614171e-01
  -1.0954197e-01   2.0127706e-01
  -4.0356475e-02   1.5861302e-01
  -1.0057547e-01   1.9287833e-01
  -7.2737495e-02   1.4320941e-01
  -1.4639337e-01   1.9418592e-01
  -9.5572405e-02   1.4889346e-01
  -1.8172664e-01   1.8007479e-01
  -1.8225255e-01   1.5184646e-01
  -1.8877171e-01   1.4660887e-01
  -2.0006746e-01   1.3271423e-01
  -2.1024353e-01   1.4369415e-01
  -2.1833306e-01   1.1454079e-01
  -2.3994004e-01   1.2160908e-01
  -2.4979126e-01   1.0382582e-01
  -2.7201991e-01   9.9317524e-02
  -2.6776203e-01   8.4340434e-02
  -2.7010703e-01   8.6210418e-02
  -2.7446167e-01   8.6484681e-02
  -3.0230167e-01   7.9330041e-02
  -3.0286374e-01   7.4336232e-02
  -3.0192902e-01   7.1079787e-02
  -2.9745542e-01   5.1754634e-02
  -2.9325182e-01   3.8967623e-02
  -2.9237431e-01   4.0646645e-02
  -2.3986136e-01   7.1463571e-03
  -2.5036084e-01  -6.7002899e-03
  -2.3058378e-01  -2.9275653e-02
  -2.1681017e-01  -3.1994043e-02
  -1.9192119e-01  -3.5715908e-02
  -1.6832550e-01  -4.2041128e-02
  -1.3108466e-01  -6.1106063e-02
  -1.2436505e-01  -6.6411537e-02
  -7.8170418e-02  -8.4425431e-02
  -1.0199441e-01  -7.5361105e-02
  -7.0251404e-02  -7.9141769e-02
  -2.9627596e-02  -8.1458680e-02
  -1.6551331e-02  -1.0130249e-01
  -2.0327675e-02  -9.9026612e-02
  -2.1783546e-02  -8.7617452e-02
  -1.0306995e-02  -8.0984911e-02
   1.2928762e-03  -7.6700990e-02
   4.3772195e-02  -7.3801295e-02
   4.1122778e-02  -8.5298178e-02
   3.1677289e-02  -8.7598622e-02
   8.9571291e-02  -4.6350850e-02
   8.5106853e-02  -2.8792903e-02
   1.7722935e-02  -1.0048872e-02
   2.9884015e-02  -4.0399415e-02
   1.8572454e-01   7.3975087e-02
   1.6870874e-01  -1.0286381e-01
  -7.5460415e-02   5.5892108e-02
   1.4632337e-01  -2.5863901e-02
   6.2929858e-02   5.2264907e-03
   1.1069923e-01   1.5290801e-02
   6.7419257e-02   9.8975620e-03
   1.0084596e-01   5.6293368e-03
   7.0541685e-02   3.7947007e-02
   7.0297458e-02   4.1106204e-02
   8.8564038e-02   5.7925560e-02
   5.8431106e-02   7.1085941e-02
   8.6383484e-02   6.9535851e-02
   9.6364923e-02   8.8046952e-02
   1.0226821e-01   7.2771755e-02
   6.9735155e-02   9.5294792e-02
   5.0667176e-02   9.6664167e-02
   6.4421911e-02   9.8831674e-02
   6.2912245e-02   1.1655452e-01
   3.5609949e-02   1.0320804e-01
   5.8537693e-02   1.2440713e-01
   4.1049689e-02   1.1688250e-01
  -8.4884837e-03   1.2402071e-01
  -2.1892043e-02   1.3718911e-01
  -2.7358623e-02   1.2946068e-01
  -7.9275623e-02   1.1365637e-01
  -1.1070883e-01   1.1392231e-01
  -1.2383129e-01   1.2160368e-01
  -9.9835692e-02   1.1663128e-01
  -1.2643846e-01   1.1875494e-01
  -1.4396274e-01   1.0941823e-01
  -1.6433876e-01   1.0612175e-01
  -1.7633781e-01   8.6019048e-02
  -2.0423608e-01   8.8210319e-02
  -2.1535076e-01   6.7448534e-02
  -2.2165351e-01   5.5875426e-02
  -2.0833576e-01   4.4873762e-02
  -2.2271738e-01   3.9639309e-02
  -2.0901578e-01   3.1736108e-02
  -2.2560728e-01   2.6093313e-02
  -2.5419527e-01   1.0576634e-02
  -2.6465168e-01   8.2015849e-03
   1.2846446e-01  -6.4836497e-02
   1.3051256e-01  -4.2630841e-02
   1.7941245e-01  -5.7288554e-02
   1.8819105e-01  -4.7289190e-02
   1.8866038e-01  -3.3242896e-02
   2.2109841e-01  -3.4507806e-02
   2.4515381e-01  -3.3330562e-02
   2.4617759e-01  -2.2394108e-02
   2.5168083e-01  -1.0679775e-02
   2.4973378e-01   6.0203817e-03
   2.6185494e-01   1.4777266e-02
   2.8025672e-01   1.6098972e-02
   2.8473312e-01   2.0282954e-02
   2.8524272e-01   2.2168403e-02
   2.9501300e-01   2.9046164e-02
   2.8861289e-01   3.2769882e-02
   2.7689607e-01   4.5598538e-02
   2.7189957e-01   5.8708112e-02
   2.7407005e-01   5.7008392e-02
   2.7501538e-01   5.7405919e-02
   2.5515131e-01   6.4212520e-02
   2.6195231e-01   6.3340412e-02
   2.6551716e-01   6.5629911e-02
   2.5645162e-01   7.3247947e-02
   2.4441577e-01   8.0840108e-02
   2.1808625e-01   9.2119730e-02
   2.1498324e-01   9.5454598e-02
   2.0676113e-01   1.0142611e-01
   2.0807570e-01   9.8428499e-02
   1.9615917e-01   1.0449696e-01
   1.7081964e-01   1.0458328e-01
   1.6578613e-01   1.0486319e-01
   1.3778481e-01   1.1213251e-01
   1.0443903e-01   1.2891204e-01
   9.0126014e-02   1.2680162e-01
   6.8224524e-02   1.3932261e-01
   7.1206017e-02   1.3629126e-01
   5.8320557e-02   1.3900702e-01
   2.1172844e-02   1.4343786e-01
  -6.2506025e-03   1.2917263e-01
  -6.3291441e-02   1.4058446e-01
  -6.5933407e-02   1.2467904e-01
  -9.8640503e-02   1.2911443e-01
  -1.1484390e-01   1.2414109e-01
  -1.5495362e-01   1.3290294e-01
  -1.6197895e-01   1.3128665e-01
  -2.2166066e-01   1.3317392e-01
  -2.1033965e-01  -1.1218585e-01
  -1.9268956e-01  -1.1462409e-01
  -1.8735839e-01  -1.1324484e-01
  -1.6041265e-01  -1.1296689e-01
  -1.4205583e-01  -1.1302980e-01
  -1.0470010e-01  -1.2259633e-01
  -8.2007765e-02  -1.2493950e-01
  -7.5725790e-02  -1.2279484e-01
  -7.7380676e-02  -1.1166865e-01
  -3.2705383e-02  -1.1020544e-01
  -1.3844793e-02  -9.9588970e-02
   1.3833548e-02  -1.0153217e-01
   3.2693069e-02  -9.6936273e-02
   6.4415753e-02  -9.8304868e-02
   1.1086865e-01  -9.6782849e-02
   1.0961773e-01  -8.3306256e-02
   1.6917930e-01  -9.0988814e-02
   1.9861746e-01  -7.2606008e-02
   2.1371840e-01  -7.1479734e-02
   2.1654366e-01  -4.7691857e-02
   2.7789542e-01  -5.0882594e-02
   2.8882429e-01  -2.7835159e-02
   2.9485211e-01  -2.0695968e-02
   3.0849301e-01  -7.9932995e-03
   3.4362260e-01  -9.3225987e-03
   3.5686715e-01   1.8484102e-03
   3.6272522e-01   1.2448901e-02
   3.6607415e-01   1.6109782e-02
   3.7367535e-01   2.0616911e-02
   3.8796297e-01   2.2790954e-02
   3.7073645e-01   3.4391717e-02
   3.7290395e-01   4.4363758e-02
   3.7476367e-01   5.5701584e-02
   3.8235353e-01   6.0421124e-02
   3.8388724e-01   7.6716926e-02
   3.8919154e-01   6.8296535e-02
   3.5871053e-01   8.6869711e-02
   3.4792053e-01   9.3729877e-02
   3.3666549e-01   1.0005436e-01
   3.3333879e-01   1.0646427e-01
   3.2684032e-01   1.0780622e-01
   3.1731359e-01   1.1400563e-01
   2.7575247e-01   1.2557584e-01
   2.5484153e-01   1.2709148e-01
   2.5699489e-01   1.3657469e-01
   1.9980201e-01   1.3164400e-01
   1.4808768e-01   1.3889827e-01
  -3.4402266e-01   2.3708355e-02
  -3.7090882e-01   2.8378847e-02
  -3.7143557e-01   2.1370893e-02
  -3.7090835e-01   2.0941574e-02
  -3.4082918e-01   6.2452920e-03
  -3.0956279e-01  -6.7726211e-03
  -3.1218729e-01  -7.7364303e-03
  -2.8736098e-01  -1.1559462e-02
  -2.4926678e-01  -3.1848607e-02
  -2.6355184e-01  -3.5781505e-02
  -2.4559640e-01  -4.6737005e-02
  -2.2682341e-01  -4.5721396e-02
  -2.0079027e-01  -6.0635609e-02
  -1.9787906e-01  -4.9688944e-02
  -1.7837810e-01  -5.0592986e-02
  -1.4983170e-01  -6.2085216e-02
  -1.4342567e-01  -6.8129533e-02
  -1.3214527e-01  -7.4679009e-02
  -1.1334423e-01  -8.1758110e-02
  -1.4346261e-01  -6.8265668e-02
  -1.0109460e-01  -8.0054650e-02
  -6.7239818e-02  -8.0043813e-02
  -4.6220703e-02  -7.9387677e-02
  -2.6174130e-02  -8.0221295e-02
   0.0000000e+00  -9.0566038e-02
   1.8633420e-02  -9.4745138e-02
   3.2200156e-02  -8.7027603e-02
   3.6062603e-02  -8.3941273e-02
   4.2213707e-02  -7.9875378e-02
   6.0817757e-02  -8.0776956e-02
   7.4060837e-02  -9.0523217e-02
   1.1868438e-01  -9.3861002e-02
   1.4006676e-01  -8.9527469e-02
   1.5202345e-01  -9.7169191e-02
   1.5176182e-01  -9.1649731e-02
   1.5248412e-01  -8.1441272e-02
   1.8442643e-01  -8.1633308e-02
   2.0967718e-01  -8.3567431e-02
   2.3315094e-01  -8.2833758e-02
   2.3405590e-01  -7.7396986e-02
   2.5016518e-01  -8.5405916e-02
   2.7757310e-01  -7.3461855e-02
   2.9405958e-01  -6.3401107e-02
   2.8980216e-01  -5.5361971e-02
   2.9606163e-01  -4.9460355e-02
   3.0726118e-01  -4.4883723e-02
   3.2580846e-01  -4.0521676e-02
   9.1756957e-02   1.4715937e-01
   7.5692818e-02   1.3521305e-01
   5.2348462e-02   1.4558806e-01
   4.2613823e-02   1.4490070e-01
   3.6405475e-02   1.3658888e-01
   2.7550624e-02   1.3731889e-01
   1.8775627e-02   1.5072571e-01
  -1.4967606e-02   1.4798464e-01
  -3.3791797e-02   1.4740682e-01
  -5.9526023e-02   1.3350667e-01
  -8.4987906e-02   1.2242994e-01
  -1.0367716e-01   1.1870854e-01
  -1.4228974e-01   1.2967278e-01
  -1.4873063e-01   1.1901125e-01
  -1.5603927e-01   1.2176898e-01
  -1.5670944e-01   1.1076575e-01
  -1.6480273e-01   1.0782313e-01
  -1.8208031e-01   9.1129984e-02
  -2.3385687e-01   9.1421319e-02
  -2.3598763e-01   8.1071618e-02
  -2.4564940e-01   7.0956529e-02
  -2.4914691e-01   6.2617969e-02
  -2.4801257e-01   5.5467797e-02
  -2.4725876e-01   3.9587629e-02
  -2.6030025e-01   3.2528136e-02
  -2.6533881e-01   2.2000513e-02
  -2.8041437e-01   8.3000239e-03
  -2.6432131e-01  -1.5986924e-02
  -2.6530965e-01  -2.8092435e-02
  -2.7445448e-01  -3.5340596e-02
  -2.6434280e-01  -3.8671793e-02
  -2.4360256e-01  -5.7825817e-02
  -2.6060455e-01  -4.9458674e-02
  -2.3484466e-01  -6.7542320e-02
  -2.2151761e-01  -7.8777844e-02
  -2.0102143e-01  -9.2276480e-02
  -2.0589118e-01  -8.3750632e-02
  -1.7573476e-01  -1.0282310e-01
  -1.7484224e-01  -1.0081034e-01
  -1.6600401e-01  -1.0619469e-01
  -1.4933950e-01  -1.0982640e-01
  -1.2550705e-01  -1.1728082e-01
  -1.1201724e-01  -1.0685311e-01
  -1.2413508e-01  -9.3754779e-02
  -1.0157760e-01  -8.9586245e-02
  -6.3619723e-02  -9.5592463e-02
  -4.6587309e-02  -9.2914513e-02
