  -1.5312129e-02  -1.1577048e-02
  -1.5330991e-02  -2.2234026e-02
  -7.6257291e-03  -3.2256186e-02
  -1.3981077e-02  -3.8551866e-02
   1.2644261e-03  -4.5119977e-02
  -8.8845288e-03  -4.6263918e-02
   2.5164159e-03  -4.9721017e-02
   7.5859397e-03  -5.4828668e-02
   7.6060898e-03  -6.0361073e-02
   1.2637348e-02  -7.1465196e-02
   7.6043322e-03  -7.5150135e-02
   7.5575530e-03  -7.8631736e-02
  -2.5212461e-03  -7.9195011e-02
  -3.7719056e-03  -8.3939317e-02
  -8.7456251e-03  -1.0033923e-01
  -1.7427545e-02  -1.0649550e-01
  -8.6987426e-03  -1.1035872e-01
  -4.9917281e-03  -1.1854154e-01
   0.0000000e+00  -1.2230536e-01
   3.7077979e-03  -1.2967683e-01
   6.1717627e-03  -1.3209510e-01
   6.1556184e-03  -1.3693374e-01
   3.7046380e-03  -1.4054646e-01
   7.4087472e-03  -1.4424098e-01
   9.8898122e-03  -1.4923051e-01
   1.7110176e-02  -1.5642154e-01
   1.3419349e-02  -1.6258623e-01
   1.4589104e-02  -1.6793888e-01
   2.9099314e-02  -1.6739258e-01
   2.0675790e-02  -1.6418622e-01
   3.5083749e-02  -1.7076583e-01
   3.9917363e-02  -1.6474289e-01
   4.2401751e-02  -1.6231612e-01
   3.9858919e-02  -1.6071439e-01
   4.7048325e-02  -1.5620516e-01
   4.8192290e-02  -1.5176044e-01
   5.6837825e-02  -1.4708992e-01
   5.2101355e-02  -1.4377258e-01
   5.1179509e-02  -1.4257675e-01
   5.7640056e-02  -1.3829806e-01
   6.0325060e-02  -1.3676874e-01
   6.0815202e-02  -1.3114548e-01
   5.9964082e-02  -1.2840067e-01
   5.8774232e-02  -1.2645403e-01
   6.6550435e-02  -1.2435315e-01
   6.3255484e-02  -1.1750713e-01
   7.2015592e-02  -1.1159855e-01
   7.0367124e-02  -1.0331596e-01
   6.3261950e-02  -9.1403851e-02
   6.0767520e-02  -8.1441044e-02
   6.1228370e-02  -7.7059762e-02
   6.0475694e-02  -7.2211402e-02
   6.6652145e-02  -7.1409748e-02
   4.5128113e-02  -5.7386576e-02
   5.2682087e-02  -5.0251325e-02
   5.6397337e-02  -4.2268051e-02
   4.3423309e-02  -3.3367504e-02
   2.9582041e-02  -2.5794200e-02
   4.5992973e-02  -2.2221051e-02
   3.1996685e-02  -1.1609217e-02
   2.9472742e-02  -6.2949749e-03
   2.4348944e-02   1.9370809e-03
   2.5681667e-02   3.8819161e-03
  -1.0107832e-02   8.5967426e-03
   2.8278831e-02   2.9142574e-03
  -1.4017939e-02   1.6384543e-02
   6.3290413e-03   1.1963959e-02
  -6.3214755e-03   3.4011553e-02
  -3.7803331e-03   2.9105238e-02
  -3.8011668e-03   4.4729257e-02
  -1.2733802e-03   4.4954660e-02
   6.4199574e-03   4.3857303e-02
   5.1428754e-03   4.7364816e-02
   0.0000000e+00   5.2408163e-02
  -7.6858814e-03   6.2989671e-02
  -6.3044572e-03   6.5410001e-02
  -3.3614465e-02   8.0607156e-02
  -3.2219787e-02   8.8065947e-02
  -2.6242146e-02   9.9837063e-02
  -1.1292917e-02   1.1560492e-01
  -7.7672758e-02   3.3224055e-02
  -7.8806699e-02   2.3041751e-02
  -7.4857573e-02   2.1083336e-02
  -5.6921294e-02   2.8656489e-03
  -6.3563532e-02  -4.7987981e-04
  -3.4362702e-02  -2.0213251e-02
  -4.3273355e-02  -1.9727750e-02
  -4.0477726e-02  -2.1524442e-02
  -3.1598548e-02  -2.8704943e-02
  -2.7942124e-02  -2.9812397e-02
  -2.9274401e-02  -4.2000830e-02
  -3.6758446e-02  -5.2507868e-02
  -3.8308467e-02  -5.0937137e-02
  -3.4439621e-02  -6.3684383e-02
  -3.0588291e-02  -7.0080662e-02
  -2.1490237e-02  -7.9907517e-02
  -1.6413574e-02  -8.6295591e-02
  -6.3258246e-03  -8.8995819e-02
   1.2623269e-03  -9.4832778e-02
  -2.5261030e-03  -9.3373668e-02
  -1.0108472e-02  -9.4925882e-02
  -1.3892192e-02  -1.0351336e-01
  -1.3793013e-02  -1.2121439e-01
  -1.6253394e-02  -1.2499416e-01
  -1.2490414e-03  -1.3273462e-01
  -1.2509887e-03  -1.2979585e-01
   0.0000000e+00  -1.3728195e-01
  -4.9535169e-03  -1.3728082e-01
   2.4526643e-03  -1.4211452e-01
  -7.3552500e-03  -1.4627381e-01
  -9.7875180e-03  -1.4966213e-01
  -1.2194385e-03  -1.5178240e-01
   1.2172096e-03  -1.5147731e-01
   0.0000000e+00  -1.4906533e-01
   8.4670507e-03  -1.6644747e-01
   1.0958647e-02  -1.6714023e-01
  -7.7087570e-03   1.5060451e-02
  -2.5641448e-02   1.6481486e-02
  -3.5927587e-02   1.8920629e-02
  -1.6564254e-02   1.8311693e-02
  -1.8944657e-02   2.6769921e-02
  -3.1457654e-02   3.2403124e-02
  -3.5187678e-02   4.0500732e-02
  -3.8843850e-02   5.4790330e-02
  -3.5180531e-02   5.1562082e-02
  -4.2532274e-02   6.1454554e-02
  -4.9093004e-02   6.7696181e-02
  -4.4319428e-02   6.0746349e-02
  -3.8686191e-02   6.6635162e-02
  -5.8545696e-02   7.2778073e-02
  -5.5883582e-02   7.3043407e-02
  -3.8374708e-02   9.0909400e-02
  -3.7181067e-02   9.7964245e-02
  -3.3527649e-02   1.0972908e-01
  -2.9579132e-02   1.1088466e-01
  -4.1694379e-02   1.2136469e-01
  -3.4382034e-02   1.2667035e-01
  -3.1733310e-02   1.3251780e-01
  -3.2906581e-02   1.4058876e-01
  -2.6882477e-02   1.4309763e-01
  -1.5862619e-02   1.5240627e-01
  -1.5844522e-02   1.5595026e-01
  -1.4484827e-02   1.6497293e-01
  -1.1973861e-02   1.8307847e-01
  -3.5837961e-03   1.8928123e-01
  -4.7717793e-03   1.9122189e-01
  -9.4946430e-03   1.9966957e-01
  -1.0715308e-02   1.9812562e-01
  -1.2029790e-02   1.9650967e-01
  -4.8017740e-03   1.9660714e-01
   0.0000000e+00   1.9663244e-01
   3.6068938e-03   1.9868759e-01
   1.2034104e-03   1.9602856e-01
   3.6236578e-03   1.9515308e-01
   9.6854455e-03   1.9051666e-01
  -6.0161500e-03   1.9199750e-01
  -2.4174803e-03   1.8115934e-01
  -7.2328120e-03   1.8506268e-01
   0.0000000e+00   1.7295547e-01
  -1.4527165e-02   1.7590573e-01
  -4.8560684e-03   1.5581784e-01
   2.5468539e-03  -9.0612056e-02
   6.3974499e-03  -9.1568027e-02
   2.0331776e-02  -9.8536382e-02
   2.1465242e-02  -1.0399259e-01
   3.1318506e-02  -1.0109693e-01
   3.5787790e-02  -1.0800276e-01
   2.0939347e-02  -1.0781761e-01
   3.5488284e-02  -1.0904615e-01
   3.3123880e-02  -1.1435811e-01
   3.3079353e-02  -1.1924136e-01
   4.4022633e-02  -1.2302265e-01
   3.9009573e-02  -1.2720491e-01
   4.8840532e-02  -1.2789874e-01
   3.4142705e-02  -1.3237881e-01
   3.4273827e-02  -1.4177302e-01
   4.2957368e-02  -1.4584828e-01
   3.0647632e-02  -1.5799780e-01
   2.8238149e-02  -1.5556727e-01
   4.2601475e-02  -1.6916132e-01
   4.0007473e-02  -1.7060376e-01
   5.0655088e-02  -1.7227724e-01
   4.5874815e-02  -1.7085325e-01
   5.3514766e-02  -1.7334950e-01
   6.2651455e-02  -1.6583358e-01
   7.0917135e-02  -1.6983500e-01
   6.2693821e-02  -1.5994682e-01
   6.3495040e-02  -1.5767650e-01
   6.5302174e-02  -1.5864410e-01
   5.5812513e-02  -1.5822101e-01
   7.3987770e-02  -1.5537153e-01
   8.1913015e-02  -1.4709757e-01
   8.2507192e-02  -1.3614145e-01
   8.5651804e-02  -1.3257638e-01
   7.9629198e-02  -1.2824939e-01
   8.3704845e-02  -1.2617724e-01
   8.5633153e-02  -1.2527186e-01
   6.7548966e-02  -1.1763305e-01
   8.3433555e-02  -1.1470275e-01
   8.8624768e-02  -1.0457828e-01
   8.5295583e-02  -1.0475273e-01
   8.4810067e-02  -9.9496017e-02
   8.1822820e-02  -9.7992929e-02
   6.4823868e-02  -8.6522700e-02
   6.3457958e-02  -7.7751689e-02
   6.5129399e-02  -6.6672113e-02
   4.4442068e-02  -5.3568412e-02
   4.0736558e-02  -4.6380757e-02
  -6.2287312e-02   1.5237152e-01
  -6.1245978e-02   1.3862062e-01
  -9.6712749e-02   1.3691770e-01
  -9.6651601e-02   1.4260987e-01
  -1.0812972e-01   1.5796272e-01
  -8.8451138e-02   1.4352550e-01
  -1.0680296e-01   1.3689276e-01
  -1.1037142e-01   1.4503186e-01
  -1.0231080e-01   1.3591502e-01
  -1.2152722e-01   1.2861923e-01
  -1.5533880e-01   1.3489034e-01
  -1.4764193e-01   1.2648400e-01
  -1.5291074e-01   1.2727068e-01
  -1.7731344e-01   1.2009046e-01
  -1.8953482e-01   1.0923359e-01
  -1.7729303e-01   9.8498449e-02
  -1.6422552e-01   7.6343002e-02
  -1.5218580e-01   6.9241939e-02
  -1.4736714e-01   7.5145951e-02
  -1.2280591e-01   7.1754554e-02
  -1.0119592e-01   7.7728977e-02
  -9.4057865e-02   7.2186470e-02
  -8.7836659e-02   7.3815421e-02
  -6.5929410e-02   5.0535085e-02
  -5.4682302e-02   4.0456077e-02
  -5.6051073e-02   3.9508138e-02
  -3.6137577e-02   3.7660504e-02
  -2.0545964e-02   3.7479853e-02
  -2.8191634e-02   3.7885346e-02
  -2.8182454e-02   3.9828184e-02
  -1.5329013e-02   3.1933148e-02
  -1.5275327e-02   2.7949779e-02
  -2.1583785e-02   1.1518336e-02
  -3.8020752e-02   6.2247556e-03
  -1.0118393e-02  -7.1710871e-03
  -2.5442269e-02  -1.2502500e-02
  -2.1721839e-02  -2.0782453e-02
  -1.5222071e-02  -3.1709424e-02
  -2.4264262e-02  -3.3864757e-02
  -5.0839670e-03  -4.9255134e-02
  -1.9053535e-02  -4.7271011e-02
  -1.7683805e-02  -6.2581594e-02
  -1.5216387e-02  -7.0226940e-02
  -2.7717695e-02  -8.6591611e-02
  -4.3931226e-02  -9.1211080e-02
  -4.6144755e-02  -8.9609136e-02
  -3.7074713e-02  -9.7672654e-02
   3.0940846e-02  -9.3290817e-02
   2.8389589e-02  -9.0814143e-02
   2.0516870e-02  -8.5650007e-02
   1.1582444e-02  -6.8287788e-02
   1.9399417e-02  -6.1594339e-02
   3.1038857e-02  -5.7582558e-02
   2.3331949e-02  -5.6722052e-02
   2.3450052e-02  -4.7991738e-02
   2.4836554e-02  -4.1149099e-02
   2.5877646e-02  -2.6933167e-02
   3.8477763e-03  -9.2120789e-03
   8.9959439e-03  -1.0202173e-02
   2.1823160e-02  -1.2131676e-02
   1.4225951e-02  -1.9550708e-03
   1.9359666e-02  -1.4632446e-03
   1.5393657e-02   2.9088772e-03
   8.8807599e-03   4.3155788e-03
   6.3536798e-03   1.3933759e-02
   1.6414207e-02   1.9580451e-02
  -5.0533757e-03   3.8802086e-02
   2.5480890e-03   3.6217231e-02
  -2.5468897e-03   3.9114609e-02
   6.3606950e-03   3.2770671e-02
   0.0000000e+00   3.4629259e-02
  -7.6014372e-03   3.9879161e-02
  -7.6044837e-03   3.7476802e-02
  -8.8661070e-03   4.1320307e-02
  -1.1333877e-02   5.0247229e-02
  -2.5010893e-02   6.6308965e-02
  -2.3593215e-02   7.6501316e-02
  -2.3639090e-02   8.2530013e-02
  -1.8560429e-02   8.4026360e-02
  -2.9564031e-02   9.5878033e-02
  -2.7248385e-02   8.9502495e-02
  -3.4522515e-02   1.0091346e-01
  -3.3466801e-02   1.0247777e-01
  -3.2122188e-02   1.0312967e-01
  -3.0724437e-02   1.1055184e-01
  -2.8073084e-02   1.1676504e-01
  -3.0415450e-02   1.2138589e-01
  -3.2854113e-02   1.3259639e-01
  -4.1043810e-02   1.3808218e-01
  -5.1811864e-02   1.4653340e-01
  -5.5703867e-02   1.3951688e-01
  -5.2071006e-02   1.3953521e-01
  -4.7676049e-02   1.3320563e-01
  -5.1283815e-02   1.3715908e-01
  -3.9841875e-03   3.3207383e-02
   8.0066536e-03   2.8799426e-02
   1.4680421e-02   1.7159735e-02
   1.4609103e-02   1.1045294e-02
   1.5883784e-02   1.5014466e-02
   2.6430672e-02  -1.4981147e-03
   4.1010216e-02   1.4992185e-03
   4.7472310e-02  -6.4752278e-03
   5.3675592e-02  -6.4272508e-03
   4.5401862e-02  -2.2071760e-02
   4.2622421e-02  -3.2764342e-02
   4.7503291e-02  -4.4313925e-02
   3.8316525e-02  -4.9966906e-02
   4.2040761e-02  -5.6695784e-02
   3.2987688e-02  -5.6962408e-02
   4.5108811e-02  -7.6194497e-02
   4.4940742e-02  -8.4257014e-02
   5.4463912e-02  -8.8399636e-02
   6.0291076e-02  -9.6171918e-02
   5.8957387e-02  -1.0044044e-01
   6.8781399e-02  -1.0734718e-01
   8.6055987e-02  -1.0288191e-01
   7.8318971e-02  -1.0887341e-01
   8.6353848e-02  -1.1358127e-01
   8.3771773e-02  -1.1936982e-01
   8.9720800e-02  -1.2974194e-01
   8.8872997e-02  -1.3134451e-01
   9.4268132e-02  -1.3934325e-01
   1.0285703e-01  -1.4768434e-01
   1.0005652e-01  -1.5190128e-01
   1.0772513e-01  -1.6000441e-01
   1.0622629e-01  -1.5794695e-01
   1.1319709e-01  -1.6009426e-01
   1.1713552e-01  -1.5767232e-01
   1.1786176e-01  -1.5126141e-01
   1.2288676e-01  -1.4740581e-01
   1.2849569e-01  -1.4797677e-01
   1.3324770e-01  -1.4745177e-01
   1.3514602e-01  -1.4829030e-01
   1.3147911e-01  -1.4096710e-01
   1.3922756e-01  -1.4048454e-01
   1.4842977e-01  -1.3640748e-01
   1.5258726e-01  -1.3134887e-01
   1.4892160e-01  -1.3033455e-01
   1.4683539e-01  -1.2815250e-01
   1.4564572e-01  -1.2528827e-01
   1.4506685e-01  -1.2638967e-01
   1.4105845e-01  -1.2017044e-01
   1.4538090e-01  -1.1513254e-01
  -2.4065351e-02   7.0632207e-02
  -2.8879093e-02   6.6090376e-02
  -4.0279975e-02   6.4287093e-02
  -4.0371773e-02   7.0325159e-02
  -3.6664867e-02   7.6418965e-02
  -3.6553153e-02   8.8115660e-02
  -3.2469048e-02   8.8770001e-02
  -3.8358676e-02   8.9392904e-02
  -3.3372314e-02   8.1471560e-02
  -3.9717264e-02   8.9179547e-02
  -3.9675148e-02   9.4519263e-02
  -4.0878701e-02   1.0389577e-01
  -3.2154688e-02   1.0074241e-01
  -3.5559305e-02   1.0678101e-01
  -2.7000526e-02   1.0242639e-01
  -1.8371016e-02   1.0271066e-01
  -1.3445565e-02   1.0945061e-01
  -6.1244240e-03   1.0919748e-01
  -1.2267468e-03   1.1238090e-01
   0.0000000e+00   1.1128358e-01
   1.1057505e-02   1.1963626e-01
   1.7151906e-02   1.2333462e-01
   2.3227772e-02   1.2558950e-01
   2.6785846e-02   1.2962150e-01
   2.9269871e-02   1.2831339e-01
   2.8184033e-02   1.2487246e-01
   2.9528175e-02   1.1876833e-01
   2.3458981e-02   1.1769643e-01
   2.1097419e-02   1.1323652e-01
   2.1145682e-02   1.1045624e-01
   2.1121595e-02   1.0627717e-01
   1.3673774e-02   1.0281659e-01
   1.2377004e-03   9.8865623e-02
  -6.1778817e-03   9.3239688e-02
   1.2391093e-03   8.5629294e-02
   0.0000000e+00   8.1904762e-02
   5.0029233e-03   6.9253183e-02
  -1.2545378e-03   7.2407556e-02
  -1.6216596e-02   6.8089576e-02
  -2.5082949e-02   6.3095052e-02
  -8.7682093e-03   5.6244917e-02
  -1.1235674e-02   5.3647726e-02
  -2.0081934e-02   4.7183717e-02
  -2.6483824e-02   4.3061350e-02
  -3.6921197e-02   3.4236718e-02
  -4.1947497e-02   2.2592863e-02
  -4.2942031e-02   1.5752182e-02
  -3.6484271e-02   1.4741187e-02
  -3.7822549e-02   1.2387751e-02
   8.6641412e-02  -1.4851956e-01
   8.2892432e-02  -1.4581172e-01
   8.5283510e-02  -1.5259389e-01
   8.0411163e-02  -1.4422218e-01
   7.7549096e-02  -1.4929900e-01
   5.9829320e-02  -1.5447757e-01
   5.4730283e-02  -1.5597286e-01
   5.3432501e-02  -1.5518502e-01
   4.0315282e-02  -1.5200455e-01
   5.0207202e-02  -1.4968987e-01
   4.5670202e-02  -1.4302307e-01
   4.4005807e-02  -1.5102047e-01
   3.8941068e-02  -1.5348185e-01
   4.1200414e-02  -1.5381858e-01
   4.4885505e-02  -1.5028735e-01
   4.6305270e-02  -1.4259958e-01
   4.3923666e-02  -1.2934988e-01
   3.8995006e-02  -1.2207736e-01
   3.1898856e-02  -1.1840814e-01
   2.7227456e-02  -1.1900712e-01
   2.1014109e-02  -1.2347947e-01
   1.9862502e-02  -1.2301121e-01
   3.3677828e-02  -1.1740823e-01
   3.6300358e-02  -1.1423641e-01
   3.7808858e-02  -1.0121077e-01
   3.1722334e-02  -8.9239496e-02
   2.4113199e-02  -8.0228297e-02
   2.7960909e-02  -7.5847422e-02
   1.5267736e-02  -7.2456651e-02
   2.1614297e-02  -7.1406434e-02
   2.0475529e-02  -5.8956689e-02
   1.9194649e-02  -5.0571668e-02
   1.4183655e-02  -3.7146346e-02
   1.6744172e-02  -3.0729026e-02
   1.0306062e-02  -2.9267325e-02
   3.8435859e-03  -2.4242313e-02
   2.5620452e-03  -1.3562031e-02
   1.1437861e-02  -1.2011525e-02
  -3.8176353e-03   0.0000000e+00
  -3.8212722e-03  -4.8144215e-03
  -3.8407082e-03   1.4516063e-03
  -8.9228924e-03   1.2047895e-02
  -1.7931534e-02   1.5982260e-02
  -1.7879183e-02   1.4485485e-02
  -2.0383492e-02   2.0238353e-02
  -2.4015753e-02   1.8642080e-02
  -4.0607507e-02   2.8814050e-02
  -3.0200474e-02   3.8637118e-02
  -3.5218884e-02   5.1135497e-02
   1.1250163e-02   1.2133504e-01
   1.1212626e-02   1.1781331e-01
   2.1062061e-02   1.1252877e-01
   2.5604244e-02   1.1063642e-01
   1.0860927e-02   1.1588994e-01
   9.6495281e-03   1.1484025e-01
   8.5238856e-03   9.7688511e-02
   7.3573891e-03   9.7417017e-02
   6.1595585e-03   8.8046267e-02
   2.4748003e-03   8.1106561e-02
  -9.9469834e-03   7.8568954e-02
  -1.3766888e-02   6.3455451e-02
  -7.5434120e-03   5.7426689e-02
  -1.1390057e-02   4.5643793e-02
  -1.2666944e-02   4.0838795e-02
  -2.1406161e-02   4.0591208e-02
  -2.6635064e-02   3.2665456e-02
  -2.2703107e-02   2.9607192e-02
  -2.2694379e-02   3.2472404e-02
  -2.9167723e-02   1.4381818e-02
  -3.0251884e-02   1.5725425e-02
  -3.2849217e-02   9.5490438e-03
  -2.9209635e-02   2.3993655e-03
  -4.1864038e-02   6.7096416e-03
  -5.2064143e-02  -7.1939560e-03
  -5.9262190e-02  -9.9990455e-03
  -5.5546473e-02  -1.4300444e-03
  -4.3030300e-02  -1.4826977e-02
  -4.3165413e-02  -1.2472793e-02
  -2.5365729e-02  -2.4955009e-02
  -4.1588577e-02  -2.8135960e-02
  -6.2749333e-02  -2.9903973e-02
  -6.7809916e-02  -3.2777671e-02
  -6.6931634e-02  -3.4886523e-02
  -6.1822694e-02  -4.5933134e-02
  -5.5550974e-02  -5.2269428e-02
  -5.1852546e-02  -4.8967786e-02
  -5.0643123e-02  -4.8538184e-02
  -4.4299196e-02  -4.9989308e-02
  -4.5608192e-02  -5.8815787e-02
  -4.6738638e-02  -6.5978586e-02
  -3.4174260e-02  -6.9581534e-02
  -4.1756680e-02  -6.7085776e-02
  -3.5418942e-02  -6.4617636e-02
  -2.6568753e-02  -6.7590551e-02
  -3.4295145e-02  -6.7853558e-02
  -2.6851526e-02  -7.2814310e-02
  -2.1735407e-02  -8.2357349e-02
  -2.8207304e-02  -8.3093647e-02
  -1.6505759e-02  -9.0327808e-02
  -1.5094999e-02  -9.5992948e-02
