  -2.3583442e-01  -6.2294330e-02
   3.1796593e-01  -7.4256614e-02
   3.2113214e-01  -7.4361769e-02
   3.2417629e-01  -5.5298975e-02
   3.4217942e-01  -5.2419088e-02
   3.6281618e-01  -4.2243192e-02
   3.8791074e-01  -5.0721945e-02
   3.8545274e-01  -4.6375102e-02
   3.9262961e-01  -4.2514085e-02
   3.9280422e-01  -2.5909351e-02
   4.0200557e-01  -2.0316363e-02
   4.0766995e-01  -1.6618273e-02
   4.2566893e-01  -1.5215794e-02
   4.1985110e-01  -5.1154338e-03
   4.1600876e-01   1.8561575e-03
   4.0916879e-01   7.3837246e-03
   4.0284220e-01   9.6466088e-03
   3.9143116e-01   2.1204574e-02
   3.9042564e-01   2.6227093e-02
   3.7462036e-01   2.6833053e-02
   3.6502310e-01   2.9728097e-02
   3.5856916e-01   4.2870917e-02
   3.5328621e-01   4.4631280e-02
   3.6095900e-01   4.5029189e-02
   3.4074074e-01   6.0803999e-02
   3.2269181e-01   5.8596757e-02
   3.0421434e-01   7.5297402e-02
   3.0470191e-01   8.0085450e-02
   3.0230405e-01   8.9999210e-02
   2.8716137e-01   1.0162089e-01
   2.6062397e-01   1.1337978e-01
   2.5093889e-01   1.1699762e-01
   2.3655765e-01   1.1984864e-01
   2.3350371e-01   1.2429226e-01
   2.2439922e-01   1.3461414e-01
   2.0335031e-01   1.3317043e-01
   1.8422228e-01   1.3499175e-01
   1.5492820e-01   1.3487118e-01
   1.1927383e-01   1.4553510e-01
   9.7287842e-02   1.5083951e-01
   1.0683043e-01   1.4521416e-01
   9.9608037e-02   1.5433107e-01
   9.9763355e-02   1.4812943e-01
   7.9371215e-02   1.5213229e-01
   5.2674192e-02   1.4011617e-01
   3.2960511e-02   1.4675181e-01
   0.0000000e+00   1.4111902e-01
  -1.0031903e-02   1.3488777e-01
  -3.9000906e-02   1.3636718e-01
  -7.7057384e-02   1.2456531e-01
  -9.7957012e-02   1.2271395e-01
  -3.7679815e-01  -1.7551978e-02
  -3.5211227e-01  -2.6839115e-02
  -3.3048654e-01  -3.2694646e-02
  -3.2100246e-01  -4.3691427e-02
  -3.2938816e-01  -4.3829436e-02
  -3.3920089e-01  -4.9326090e-02
  -2.9915217e-01  -6.1751894e-02
  -2.8290373e-01  -6.6208929e-02
  -2.7458306e-01  -7.2586509e-02
  -2.2241666e-01  -7.8037135e-02
  -2.5170712e-01  -7.6972436e-02
  -2.5012383e-01  -6.4307590e-02
  -2.0278227e-01  -7.6144795e-02
  -1.7719206e-01  -9.7440926e-02
  -1.8075658e-01  -9.7994998e-02
  -1.5406239e-01  -9.8342094e-02
  -1.2659875e-01  -9.9688118e-02
  -1.2852183e-01  -9.7152018e-02
  -1.1687428e-01  -1.0506654e-01
  -1.1095181e-01  -1.0272324e-01
  -1.0714513e-01  -1.0419064e-01
  -8.1495387e-02  -9.6470281e-02
  -5.4378460e-02  -1.0911640e-01
  -4.4579850e-02  -1.0234686e-01
   0.0000000e+00  -1.0155689e-01
  -2.4954737e-03  -9.6192192e-02
   2.1293425e-02  -9.4056625e-02
   1.1235245e-02  -8.9756365e-02
   4.2298607e-02  -9.0875021e-02
   7.4783949e-02  -8.8464296e-02
   8.9285762e-02  -8.0278216e-02
   1.2038876e-01  -7.6448533e-02
   1.1085180e-01  -6.8511729e-02
   1.1820932e-01  -7.0798388e-02
   1.3763205e-01  -5.9764840e-02
   1.4096932e-01  -5.2316913e-02
   1.7611927e-01  -5.5069914e-02
   1.8826168e-01  -5.0146830e-02
   2.0540394e-01  -4.2219320e-02
   2.3391843e-01  -4.3417839e-02
   2.5520665e-01  -4.2816576e-02
   2.6859495e-01  -3.5367887e-02
   2.7932357e-01  -4.1302283e-02
   2.6412166e-01  -2.4465294e-02
   2.8844109e-01  -4.2875634e-02
   2.8371498e-01  -2.1500179e-02
   2.9940656e-01  -2.9426367e-02
   3.0696162e-01  -1.4796500e-02
   3.2487309e-01  -3.7615798e-03
   2.2938307e-01   1.0682570e-01
   2.0041843e-01   1.2341586e-01
   1.8261531e-01   1.2188078e-01
   1.4356809e-01   1.2984155e-01
   1.1140509e-01   1.3197002e-01
   1.0620078e-01   1.3544034e-01
   1.1249951e-01   1.2290163e-01
   6.4206524e-02   1.3688310e-01
   4.1460476e-02   1.3882819e-01
   1.5020320e-02   1.4369275e-01
   0.0000000e+00   1.3791967e-01
  -2.8955883e-02   1.3703365e-01
  -5.0362290e-02   1.4233950e-01
  -8.0029272e-02   1.4862530e-01
  -1.1150039e-01   1.4862931e-01
  -1.4851481e-01   1.5798414e-01
  -1.6567837e-01   1.5268393e-01
  -1.8936585e-01   1.6096149e-01
  -2.0792396e-01   1.4318356e-01
  -2.3189710e-01   1.4517891e-01
  -2.4569976e-01   1.3981770e-01
  -2.4757300e-01   1.3706106e-01
  -2.7023414e-01   1.3035550e-01
  -2.8904631e-01   1.3468712e-01
  -2.9831448e-01   1.2797470e-01
  -2.9503260e-01   1.1301670e-01
  -2.9925054e-01   1.0305430e-01
  -3.1274516e-01   9.2061781e-02
  -3.3825002e-01   9.7405307e-02
  -3.5468379e-01   8.6189144e-02
  -3.4355970e-01   7.3899292e-02
  -3.5648792e-01   5.8500164e-02
  -3.5561018e-01   4.5216973e-02
  -3.6585872e-01   2.8793846e-02
  -3.8766182e-01   2.4159701e-02
  -3.7603946e-01   1.5356438e-02
  -3.6404504e-01   1.0752158e-02
  -3.9055414e-01   1.1178493e-02
  -3.8547376e-01  -6.5281928e-03
  -3.5216120e-01  -1.2086347e-02
  -3.5372224e-01  -4.0566699e-02
  -3.5981315e-01  -4.0291408e-02
  -3.7009842e-01  -5.5473464e-02
  -3.4857149e-01  -5.2822735e-02
  -3.0928795e-01  -6.1322068e-02
  -3.0717202e-01  -5.8293265e-02
  -3.3855405e-01  -6.3553983e-02
   4.2794416e-01  -7.5939721e-02
   4.6055093e-01  -6.1573657e-02
   4.6394728e-01  -6.1924035e-02
   4.6282915e-01  -5.0744747e-02
   4.7674849e-01  -4.0705865e-02
   4.8224912e-01  -2.6147803e-02
   4.8706317e-01  -1.5923570e-02
   4.7923875e-01  -6.7974245e-03
   4.7926927e-01   0.0000000e+00
   5.0080224e-01   5.8399427e-03
   5.2353303e-01   2.0395000e-02
   5.0574376e-01   1.9250038e-02
   4.8529864e-01   2.8832858e-02
   4.6089805e-01   4.3192331e-02
   4.7045717e-01   6.1411456e-02
   5.1287453e-01   4.2190617e-02
   4.7544006e-01   7.7739195e-02
   4.9207708e-01   7.4312711e-02
   4.6005348e-01   9.0411675e-02
   4.5928129e-01   1.0305619e-01
   4.2968203e-01   1.0561587e-01
   4.1353866e-01   1.2135780e-01
   4.2424122e-01   1.1899012e-01
   4.2938764e-01   1.2481166e-01
   4.3365202e-01   1.3265771e-01
   4.1375923e-01   1.4073754e-01
   4.1373738e-01   1.3889512e-01
   3.8291765e-01   1.4172526e-01
   3.3753888e-01   1.5060480e-01
   3.2713829e-01   1.6648132e-01
   3.2941443e-01   1.5866001e-01
   2.6874860e-01   1.6667788e-01
   2.6570730e-01   1.4775359e-01
   2.2427761e-01   1.6466782e-01
   2.1123421e-01   1.5395330e-01
   1.6270813e-01   1.7441765e-01
   1.4984001e-01   1.7151838e-01
   1.1486949e-01   1.7009166e-01
   8.5144903e-02   1.5602286e-01
   5.0869613e-02   1.5933865e-01
   2.7714734e-02   1.5628671e-01
  -1.4536280e-02   1.5596245e-01
  -4.0094247e-02   1.3646918e-01
  -9.4859679e-02   1.4062712e-01
  -1.1712459e-01   1.2528237e-01
  -1.5251193e-01   1.1175219e-01
  -2.0947120e-01   1.0363122e-01
  -3.2895410e-01  -8.5480055e-02
  -2.9895192e-01  -8.9801633e-02
  -2.8527660e-01  -8.3981847e-02
  -2.4802104e-01  -9.1715227e-02
  -2.4984963e-01  -8.8859034e-02
  -2.0830802e-01  -9.0783853e-02
  -2.1529672e-01  -9.1958294e-02
  -2.0620509e-01  -9.8023171e-02
  -2.0686930e-01  -8.7258389e-02
  -1.5646113e-01  -9.2881150e-02
  -1.3039500e-01  -8.7955938e-02
  -1.2541835e-01  -9.3164107e-02
  -1.0903384e-01  -8.9934973e-02
  -8.6672585e-02  -8.7951791e-02
  -7.0658833e-02  -8.3152953e-02
  -3.3011517e-02  -9.0304125e-02
   2.5266028e-03  -7.8870807e-02
   6.3386860e-02  -1.0636415e-01
   3.4482188e-02  -8.8309911e-02
   5.9305523e-02  -9.3173986e-02
   6.9652294e-02  -8.8948946e-02
   9.0225732e-02  -7.9145985e-02
   1.1097912e-01  -8.6360482e-02
   1.2174546e-01  -8.1172944e-02
   1.4798536e-01  -5.8866908e-02
   2.1961548e-01  -9.0360786e-02
   1.8163089e-01  -6.3759395e-02
   2.1213410e-01  -6.3430415e-02
   1.9950717e-01  -4.6350808e-02
   2.4770510e-01  -6.6874682e-02
   2.3798153e-01  -5.2987947e-02
   2.6730036e-01  -5.0651676e-02
   2.7348931e-01  -3.6596020e-02
   2.8877043e-01  -3.4631268e-02
   2.9431511e-01  -2.1976324e-02
   2.8730765e-01  -1.3536028e-02
   2.8489305e-01  -1.8678368e-03
   3.1339241e-01   9.2740465e-04
   3.1558001e-01   6.0196897e-03
   3.1698078e-01   1.6681635e-02
   3.3695508e-01   1.1990442e-02
   3.3334496e-01   1.1169553e-02
   3.6498759e-01   8.3644853e-02
   4.5856321e-01   3.4963775e-03
   2.9419951e-01   3.4514186e-02
   2.6995288e-01   8.2476059e-02
   3.3952981e-01   5.2266090e-02
   3.7698221e-01   6.1766803e-02
  -2.2133721e-01   1.4998937e-01
  -2.5084116e-01   1.5215141e-01
  -2.7070604e-01   1.5563007e-01
  -3.0172626e-01   1.5253016e-01
  -3.2250680e-01   1.6837253e-01
  -3.3760279e-01   1.5406591e-01
  -3.4708912e-01   1.4576303e-01
  -3.6413142e-01   1.3814184e-01
  -3.8816310e-01   1.2450249e-01
  -3.9266341e-01   1.4382488e-01
  -4.2200378e-01   1.1318255e-01
  -4.1617225e-01   1.1922185e-01
  -4.1438844e-01   8.7953523e-02
  -4.4853657e-01   9.1056485e-02
  -4.4515767e-01   8.7297110e-02
  -4.5007134e-01   8.0091111e-02
  -4.3800637e-01   4.9281673e-02
  -4.6110147e-01   4.5044645e-02
  -4.3757014e-01   2.8566003e-02
  -4.3977942e-01   1.7989985e-02
  -4.2109350e-01   4.3026843e-03
  -4.2806828e-01  -7.9715900e-03
  -4.4155778e-01  -1.0760980e-02
  -4.2180150e-01  -1.4617792e-02
  -4.0309280e-01  -1.8643116e-02
  -3.7137347e-01  -4.1868791e-02
  -3.6956845e-01  -5.0755261e-02
  -3.5746160e-01  -6.2919436e-02
  -3.5720641e-01  -6.5339415e-02
  -3.3763129e-01  -7.7163447e-02
  -3.1934445e-01  -8.8919181e-02
  -3.0146952e-01  -8.6424583e-02
  -2.7089114e-01  -9.7303050e-02
  -2.6038917e-01  -1.0094468e-01
  -2.6150166e-01  -9.5795835e-02
  -2.5482240e-01  -9.7822588e-02
  -2.0885378e-01  -1.0858866e-01
  -2.0735605e-01  -1.1310335e-01
  -1.9038738e-01  -1.2101921e-01
  -1.6940085e-01  -1.1596135e-01
  -1.3213090e-01  -1.2358719e-01
  -1.0103217e-01  -1.2323598e-01
  -1.0267257e-01  -1.2165275e-01
  -7.4822118e-02  -1.2184195e-01
  -4.6195167e-02  -1.1748849e-01
  -3.6271704e-02  -1.1157995e-01
  -2.3592132e-02  -1.1635701e-01
   3.9456957e-01   6.5884972e-02
   3.7957002e-01   8.5420116e-02
   3.8107171e-01   6.5492576e-02
   3.7516993e-01   7.3872795e-02
   3.7992387e-01   6.8083754e-02
   3.7230718e-01   8.8914676e-02
   3.5639027e-01   9.6769418e-02
   3.4054457e-01   9.8069532e-02
   3.4020582e-01   9.9531400e-02
   3.2095009e-01   1.2982933e-01
   3.4633888e-01   1.2686551e-01
   3.1741388e-01   1.3546429e-01
   3.1876220e-01   1.4982555e-01
   3.2623685e-01   1.4733410e-01
   2.5631808e-01   1.5442841e-01
   3.0755893e-01   1.9349183e-01
   2.7615850e-01   1.2513267e-01
   2.2784756e-01   1.8562687e-01
   2.7089634e-01   1.5949002e-01
   2.2841219e-01   1.8282323e-01
   2.3956659e-01   1.7639394e-01
   2.0722300e-01   1.6940714e-01
   1.7369337e-01   1.7730725e-01
   1.5986869e-01   1.6692458e-01
   1.3996185e-01   1.7267218e-01
   1.2157493e-01   1.7938742e-01
   1.1806370e-01   1.8474003e-01
   1.0595297e-01   1.8320996e-01
   6.5653266e-02   1.7771927e-01
   5.5473423e-02   1.6308832e-01
   1.2796361e-03   1.6923067e-01
  -2.1733161e-02   1.6902234e-01
  -4.3452256e-02   1.5078913e-01
  -6.2589292e-02   1.5505641e-01
  -8.3145416e-02   1.4901722e-01
  -1.0975637e-01   1.4728543e-01
  -1.2449861e-01   1.4137172e-01
  -1.7206243e-01   1.5046318e-01
  -1.8404696e-01   1.3195956e-01
  -2.3171979e-01   1.4921631e-01
  -2.3621206e-01   1.3690831e-01
  -2.7169906e-01   1.3726736e-01
  -3.1030187e-01   1.0546725e-01
  -3.2831857e-01   1.1267397e-01
  -3.3522068e-01   9.3858379e-02
  -3.5924634e-01   8.7587245e-02
  -3.5574280e-01   7.0235251e-02
  -1.1628763e-01  -1.0502335e-01
  -1.0785515e-01  -1.0288526e-01
  -8.5852905e-02  -1.0630348e-01
  -5.9755977e-02  -1.0207234e-01
  -1.7711052e-02  -1.1556188e-01
  -1.0168112e-02  -1.0989362e-01
   3.3068497e-02  -1.1723624e-01
   1.2635046e-02  -1.1385908e-01
   4.5687015e-02  -8.4287329e-02
   1.2377244e-01  -1.2050052e-01
   1.2988955e-01  -9.0125396e-02
   1.0572637e-01  -9.6719513e-02
   1.5992149e-01  -8.7351571e-02
   1.9299369e-01  -7.4908171e-02
   1.9141716e-01  -7.0388391e-02
   1.7522099e-01  -5.4145796e-02
   2.3436774e-01  -5.4560593e-02
   2.4301273e-01  -4.9119300e-02
   2.3098175e-01  -4.8113667e-02
   2.3843659e-01  -2.5766967e-02
   2.6804929e-01   3.2806681e-02
   4.0813832e-01  -8.9547373e-02
   1.8827946e-01   1.9300899e-02
   3.5674083e-01   9.4405458e-04
   3.5967232e-01  -7.9706886e-03
   3.5665853e-01  -3.7080963e-03
   3.0527320e-01   1.1268386e-02
   3.8990267e-01  -1.3862351e-02
   3.2636169e-01   3.5150022e-02
   3.5479607e-01   1.3690972e-03
   3.5423864e-01   3.5769445e-02
   3.7408375e-01   3.0043753e-02
   3.6282598e-01   4.1529976e-02
   3.8646335e-01   3.4683372e-02
   3.7668450e-01   5.0539992e-02
   3.8113783e-01   5.9384708e-02
   3.8440596e-01   5.6930877e-02
   3.5875487e-01   7.7367941e-02
   3.4018706e-01   8.5189573e-02
   3.5411101e-01   9.4104660e-02
   3.5271532e-01   9.5061599e-02
   3.5191442e-01   8.7972397e-02
   3.1678800e-01   1.1773881e-01
   3.0779534e-01   1.0540082e-01
   2.8758167e-01   1.3101856e-01
   2.7210769e-01   1.2986446e-01
   2.5943807e-01   1.3001196e-01
   2.4746771e-01   1.3400736e-01
  -3.9892200e-01   1.2264547e-01
  -3.9219578e-01   9.8582720e-02
  -3.8820822e-01   9.3069811e-02
  -4.2786938e-01   8.8653017e-02
  -4.3396961e-01   8.2948603e-02
  -3.9625442e-01   8.5217885e-02
  -3.9204615e-01   6.4232062e-02
  -4.2189568e-01   5.2161258e-02
  -4.2809273e-01   3.6906031e-02
  -4.4453953e-01   3.4439629e-02
  -4.2462924e-01   2.1292127e-02
  -4.4133437e-01  -1.8813397e-03
  -4.1393258e-01  -1.1884282e-02
  -4.0847792e-01  -1.6233278e-02
  -4.0411162e-01  -2.5805753e-02
  -4.1003345e-01  -2.8000738e-02
  -3.7614907e-01  -4.1955789e-02
  -3.9175975e-01  -4.6599882e-02
  -4.0611869e-01  -3.9147688e-02
  -3.4399444e-01  -6.4504409e-02
  -3.2992236e-01  -5.1333493e-02
  -3.3526228e-01  -7.7201484e-02
  -3.3096625e-01  -7.2313279e-02
  -2.9416842e-01  -7.3863977e-02
  -2.5669284e-01  -8.6979077e-02
  -2.3231934e-01  -9.0802309e-02
  -2.1024049e-01  -8.7960998e-02
  -1.9572492e-01  -9.0948551e-02
  -1.9367101e-01  -8.1165497e-02
  -1.5900712e-01  -9.3072854e-02
  -1.1778681e-01  -9.7342720e-02
  -7.7947527e-02  -1.0459299e-01
  -8.4677337e-02  -8.9578329e-02
  -6.9345004e-02  -8.7183412e-02
  -1.1621688e-02  -7.4070899e-02
  -3.8568660e-03  -7.1729447e-02
   2.9562536e-02  -7.5716684e-02
   6.6361671e-02  -8.4615660e-02
   7.4127439e-02  -7.4168099e-02
   9.4511276e-02  -7.3038504e-02
   9.6306991e-02  -5.3070578e-02
   1.7682918e-01  -5.9788377e-02
   1.2480857e-01  -4.9578954e-02
   1.4927265e-01  -5.2062202e-02
   1.6368846e-01  -4.2936077e-02
   2.4942293e-01  -5.6448754e-02
   2.7627130e-01  -4.4862728e-02
   3.0594858e-01   1.1965703e-01
   2.7729396e-01   1.2832602e-01
   2.5549234e-01   1.2531270e-01
   2.3880124e-01   1.3011423e-01
   2.2842418e-01   1.2382778e-01
   2.1574364e-01   1.2981451e-01
   1.3534890e-01   1.4247876e-01
   1.1524201e-01   1.4532719e-01
   8.9948952e-02   1.3655958e-01
   6.7035648e-02   1.4512805e-01
   4.1911069e-02   1.4536815e-01
   1.2719010e-02   1.5008618e-01
  -3.4303638e-02   1.4109112e-01
  -4.9460187e-02   1.4238256e-01
  -7.7152028e-02   1.3234246e-01
  -8.1874853e-02   1.2409556e-01
  -1.0421187e-01   1.2094686e-01
  -1.5849115e-01   1.2906115e-01
  -1.8015553e-01   1.2510734e-01
  -1.9511357e-01   1.1461028e-01
  -2.3657551e-01   1.1555536e-01
  -2.5514017e-01   1.1256671e-01
  -2.8623424e-01   1.1570039e-01
  -2.9570713e-01   1.1929181e-01
  -2.9437617e-01   1.2338848e-01
  -2.9583058e-01   1.0476102e-01
  -3.0685332e-01   1.0285310e-01
  -3.2500299e-01   9.3555455e-02
  -3.4578147e-01   9.7329567e-02
  -3.3963255e-01   9.3460531e-02
  -3.6135627e-01   7.7100549e-02
  -3.5779250e-01   7.9344687e-02
  -3.4444912e-01   6.7964893e-02
  -3.3206706e-01   6.2898601e-02
  -3.2264118e-01   5.6394373e-02
  -3.3744071e-01   4.9566146e-02
  -3.3269434e-01   4.8231763e-02
  -3.2407743e-01   2.8170014e-02
  -3.3359681e-01   3.3905497e-02
  -3.2764635e-01   1.7072890e-02
  -3.4322383e-01   1.5602883e-02
  -3.2415836e-01   1.4251552e-02
  -3.1389504e-01   3.3592594e-03
  -2.9457761e-01  -3.8563762e-03
  -2.8608732e-01  -9.1532639e-03
  -2.8541906e-01  -1.4424275e-02
  -2.7042872e-01  -1.9240061e-02
