   3.6228510e-02   1.6528701e-02
   4.2687454e-02   1.5658803e-02
   3.7628221e-02   1.5645301e-02
   3.9900456e-02   1.5552240e-02
   4.1347490e-02   1.6575610e-02
   4.5060368e-02   1.7030690e-02
   4.2690124e-02   1.4709785e-02
   4.1355219e-02   1.3734077e-02
   4.2605918e-02   1.4680776e-02
   5.0123073e-02   1.5151075e-02
   5.0114657e-02   1.7518431e-02
   5.0169322e-02   1.6113900e-02
   5.0119852e-02   1.6098018e-02
   5.0073691e-02   1.5136157e-02
   5.0070480e-02   1.6082167e-02
   6.2775667e-02   1.5648530e-02
   6.5091624e-02   1.6073553e-02
   6.1392636e-02   1.7038322e-02
   6.5089443e-02   1.6546304e-02
   6.5093743e-02   1.5600801e-02
   6.5025391e-02   1.6530045e-02
   7.1286956e-02   1.4637036e-02
   7.3931532e-02   1.5137230e-02
   7.2597259e-02   1.7013611e-02
   7.2663602e-02   1.7976482e-02
   7.6357482e-02   1.6065630e-02
   7.3919120e-02   1.7502422e-02
   7.6505642e-02   1.6570715e-02
   7.5029298e-02   1.6522881e-02
   6.8975654e-02   1.7523547e-02
   7.0167793e-02   1.6086002e-02
   7.1275380e-02   1.6997849e-02
   7.2617259e-02   1.2760208e-02
   7.0024934e-02   1.6998778e-02
   6.7595148e-02   1.6071900e-02
   6.5087198e-02   1.7019056e-02
   6.5093743e-02   1.5600801e-02
   6.6408805e-02   1.6088558e-02
   6.6341163e-02   1.6545462e-02
   5.8892747e-02   1.5619919e-02
   6.1338334e-02   1.5603095e-02
   5.8717131e-02   1.6045832e-02
   6.1392636e-02   1.7038322e-02
   5.7581052e-02   1.6078139e-02
   5.6270037e-02   1.7007923e-02
   5.7584744e-02   1.5132366e-02
   6.7592883e-02   1.6544603e-02
   6.7661801e-02   1.6087721e-02
   6.6266372e-02   1.8418257e-02
   6.3774903e-02   1.6530870e-02
   6.0258546e-02   1.7072757e-02
   3.6269875e-02   1.4181405e-02
   4.0098458e-02   1.5155323e-02
   4.6504242e-02   1.4247868e-02
   4.7566956e-02   1.6083385e-02
   4.7612261e-02   1.6572746e-02
   4.7612261e-02   1.6572746e-02
   4.3810202e-02   1.6558187e-02
   4.6458285e-02   1.4233794e-02
   4.2600444e-02   1.6575069e-02
   4.1270135e-02   1.5125013e-02
   4.3769976e-02   1.5596641e-02
   4.3683990e-02   1.5566006e-02
   4.3807138e-02   1.7504369e-02
   4.5020547e-02   1.5596105e-02
   4.2559908e-02   1.6085635e-02
   4.2601875e-02   1.6101496e-02
   4.1309491e-02   1.5613036e-02
   4.2562637e-02   1.5139421e-02
   3.8804622e-02   1.6087158e-02
   3.5046953e-02   1.7034927e-02
   3.6372759e-02   1.6119865e-02
   3.6373947e-02   1.5645751e-02
   3.7554082e-02   1.5614469e-02
   3.1326920e-02   1.5158267e-02
   3.0100580e-02   1.6596124e-02
   2.9959149e-02   1.3211661e-02
   2.6288688e-02   1.5144682e-02
   2.7568535e-02   1.4685580e-02
   2.6283325e-02   1.7984309e-02
   2.8849217e-02   1.5173947e-02
   3.2514839e-02   1.5600794e-02
   2.7593127e-02   1.6122673e-02
   2.3804462e-02   1.7529000e-02
   2.5062305e-02   1.4686180e-02
   2.7621294e-02   1.5663948e-02
   3.0016448e-02   1.4183228e-02
   2.8791463e-02   1.5617285e-02
   3.1264269e-02   1.5601180e-02
   3.5052656e-02   1.4668965e-02
   3.8920914e-02   1.5660296e-02
   3.5046953e-02   1.7034927e-02
   3.3760827e-02   1.7491349e-02
   3.4982653e-02   1.5112372e-02
   3.7596697e-02   1.3261708e-02
   3.7555268e-02   1.5141304e-02
   3.8882495e-02   1.5644836e-02
   4.0058953e-02   1.5140392e-02
   3.6264161e-02   1.6544972e-02
   3.7477769e-02   1.6528229e-02
   4.4979068e-02   1.4636484e-02
   3.8845381e-02   1.5155788e-02
   4.3859034e-02   1.4680283e-02
   5.5128082e-02   1.7042174e-02
   5.3878841e-02   1.6096068e-02
   5.2625845e-02   1.6096733e-02
   5.6334626e-02   1.4660127e-02
   5.1420045e-02   1.7061103e-02
   5.3932021e-02   1.6111944e-02
   5.6440487e-02   1.6110563e-02
   5.2525626e-02   1.5120066e-02
   5.8830842e-02   1.6550278e-02
   6.2705140e-02   1.7528027e-02
   6.5149055e-02   1.7509030e-02
   6.3904896e-02   1.5616943e-02
   5.8722672e-02   1.4630024e-02
   6.6343386e-02   1.6072734e-02
   6.3777036e-02   1.6058559e-02
   6.2526506e-02   1.6059344e-02
   5.7577137e-02   1.7023912e-02
   6.0082562e-02   1.6549515e-02
   6.5093743e-02   1.5600801e-02
   6.5155808e-02   1.6089379e-02
   6.8718020e-02   1.4624257e-02
   7.1425379e-02   1.5138935e-02
   7.2814935e-02   1.6589933e-02
   7.0091421e-02   1.7488144e-02
   7.1418391e-02   1.6558211e-02
   6.7664007e-02   1.5614553e-02
   7.7695452e-02   1.4188652e-02
   6.8709243e-02   1.6511258e-02
   7.1415924e-02   1.7031302e-02
   6.8907654e-02   1.7506299e-02
   6.8910102e-02   1.7033156e-02
   7.3838035e-02   1.8902940e-02
   7.7451395e-02   1.6976295e-02
   7.2676156e-02   1.5611155e-02
   7.5186915e-02   1.4663344e-02
   6.6472115e-02   1.6578071e-02
   6.6198716e-02   1.8871978e-02
   6.7526368e-02   1.6528349e-02
   7.2609074e-02   1.4650609e-02
   6.8779157e-02   1.6055264e-02
   6.7590552e-02   1.7017306e-02
   6.5155808e-02   1.6089379e-02
   7.0299129e-02   1.7539879e-02
   6.2579346e-02   1.7966337e-02
   6.6465018e-02   1.7999049e-02
   6.0205154e-02   1.5634597e-02
   6.0095436e-02   1.3239612e-02
   4.3898157e-02   1.6116846e-02
   3.8735293e-02   1.3222193e-02
   4.1315612e-02   1.3247424e-02
   3.8771246e-02   1.4180580e-02
   4.1386865e-02   1.7066028e-02
   4.2601875e-02   1.6101496e-02
   3.7588627e-02   1.6577135e-02
   4.2480231e-02   1.4637475e-02
   4.1394859e-02   1.4221690e-02
   4.3944363e-02   1.5183782e-02
   4.0057688e-02   1.5613529e-02
   3.3796441e-02   1.6562177e-02
   3.7589889e-02   1.6103502e-02
   3.1291922e-02   1.7036243e-02
   3.1327881e-02   1.4684571e-02
   3.0045134e-02   1.4670448e-02
   3.1269727e-02   1.2764602e-02
   3.3732211e-02   1.5585049e-02
   3.2542445e-02   1.7509038e-02
   3.1322774e-02   1.7053050e-02
   3.2513783e-02   1.6073545e-02
   3.1265254e-02   1.5128417e-02
   3.3798674e-02   1.5615767e-02
   3.7664167e-02   1.6135331e-02
   3.7554082e-02   1.5614469e-02
   4.1263233e-02   1.7488296e-02
   3.6299881e-02   1.6561276e-02
   3.8765137e-02   1.6544010e-02
   3.7556418e-02   1.4668138e-02
   3.8807110e-02   1.5140855e-02
   4.2561293e-02   1.5612528e-02
   4.6362375e-02   1.5626303e-02
   4.5053716e-02   1.8922989e-02
   4.9970358e-02   1.6522633e-02
   4.7526043e-02   1.4177260e-02
   4.5066322e-02   1.5138391e-02
   5.1275016e-02   1.5120674e-02
   4.7613860e-02   1.6099239e-02
   5.2625845e-02   1.6096733e-02
   5.1120808e-02   1.6018448e-02
   5.0016041e-02   1.7483965e-02
   4.8919741e-02   1.4692651e-02
   5.5193145e-02   1.4215819e-02
   5.2527231e-02   1.4647564e-02
   5.0017810e-02   1.7011426e-02
   5.2676016e-02   1.6586512e-02
   4.8958322e-02   1.7553710e-02
   5.0124610e-02   1.4677604e-02
   4.8918238e-02   1.5166608e-02
   5.7646669e-02   1.3727217e-02
   5.3761225e-02   1.8899304e-02
   5.3878841e-02   1.6096068e-02
   6.1281769e-02   1.4643045e-02
   6.3774903e-02   1.6530870e-02
   6.1271818e-02   1.7004827e-02
   6.7524044e-02   1.7000588e-02
   6.2517778e-02   1.7948679e-02
   6.0254189e-02   1.8021243e-02
   5.8890827e-02   1.6093250e-02
   6.0145784e-02   1.5619198e-02
   6.2653841e-02   1.5144446e-02
   7.3851483e-02   1.6540072e-02
   7.6346803e-02   1.7955705e-02
   7.1340455e-02   1.7959812e-02
   7.3921746e-02   1.7029384e-02
   7.5026715e-02   1.6994963e-02
   7.1210138e-02   1.6037773e-02
   7.1493620e-02   1.5627405e-02
   7.6432775e-02   1.6081433e-02
   7.6427568e-02   1.7027399e-02
   7.2652290e-02   1.9868743e-02
   7.3768225e-02   1.8412270e-02
   7.9099853e-02   1.5163466e-02
   7.3924300e-02   1.6556345e-02
   7.1280217e-02   1.6053524e-02
   7.0299129e-02   1.7539879e-02
   7.2604559e-02   1.5595810e-02
   6.5151369e-02   1.7035813e-02
   6.8978109e-02   1.7049937e-02
   7.1557023e-02   1.7064888e-02
   6.8774489e-02   1.6999691e-02
   6.5093743e-02   1.5600801e-02
   6.3963734e-02   1.6579750e-02
   6.5087198e-02   1.7019056e-02
   6.3839862e-02   1.6074356e-02
   6.3839862e-02   1.6074356e-02
   6.7592883e-02   1.6544603e-02
   6.8919225e-02   1.5140583e-02
   6.1265136e-02   1.8421896e-02
   5.6319306e-02   1.8443386e-02
   6.2653841e-02   1.5144446e-02
   7.0245821e-02   1.4207513e-02
   7.0167793e-02   1.6086002e-02
   6.7592883e-02   1.6544603e-02
   5.8830842e-02   1.6550278e-02
   6.0199077e-02   1.7055924e-02
   6.2458597e-02   1.7459186e-02
   6.3959243e-02   1.7527165e-02
   6.3841940e-02   1.5601581e-02
   6.3843956e-02   1.5128806e-02
   5.8830842e-02   1.6550278e-02
   5.7577137e-02   1.7023912e-02
   4.6224125e-02   1.6052351e-02
   5.0116438e-02   1.7044960e-02
   5.0112829e-02   1.7991902e-02
   5.0072110e-02   1.5609162e-02
   5.2624078e-02   1.6570167e-02
   4.7574236e-02   1.3718181e-02
   4.7665389e-02   1.4693203e-02
   4.6357705e-02   1.7046876e-02
   4.7610616e-02   1.7046254e-02
   4.6318164e-02   1.5137855e-02
   4.6405062e-02   1.6589706e-02
   4.7612261e-02   1.6572746e-02
   4.7529985e-02   1.2759534e-02
   4.7568504e-02   1.5610344e-02
   4.7473425e-02   1.6051769e-02
   4.7563722e-02   1.7029466e-02
   4.7612261e-02   1.6572746e-02
   4.6359307e-02   1.6573351e-02
   4.3856301e-02   1.5627398e-02
   4.3817119e-02   1.4192731e-02
   4.1348878e-02   1.6102021e-02
   4.0056384e-02   1.6086666e-02
   4.5150871e-02   1.6590297e-02
   4.5053716e-02   1.8922989e-02
   4.2559908e-02   1.6085635e-02
   3.8809448e-02   1.4194552e-02
   3.6267694e-02   1.5126832e-02
   3.5052656e-02   1.4668965e-02
   3.7480235e-02   1.5583759e-02
   3.7554082e-02   1.5614469e-02
   4.1347490e-02   1.6575610e-02
   3.7480235e-02   1.5583759e-02
   3.3701161e-02   1.4626115e-02
   3.5013672e-02   1.6545430e-02
   2.7566818e-02   1.5633036e-02
   2.5011415e-02   1.5602883e-02
   2.3808460e-02   1.5160216e-02
   2.1241935e-02   1.3226495e-02
   1.7527350e-02   1.3726502e-02
   2.1237402e-02   1.6533119e-02
   2.3805308e-02   1.7055243e-02
   2.2531716e-02   1.6092139e-02
   2.3760072e-02   1.6076001e-02
   1.2516769e-02   1.7040591e-02
   1.2519883e-02   1.3253793e-02
   1.6277105e-02   1.1833347e-02
   1.5037383e-02   1.4688012e-02
   1.7491326e-02   1.5116675e-02
   2.3735920e-02   1.6532542e-02
   2.2533851e-02   1.4672245e-02
   2.6261133e-02   1.6075377e-02
   2.0091208e-02   1.3292104e-02
   5.3880598e-02   1.5622654e-02
   5.6223835e-02   1.4631325e-02
   5.6546228e-02   1.7566731e-02
   5.8890827e-02   1.6093250e-02
   5.7694721e-02   1.6109848e-02
   5.8892747e-02   1.5619919e-02
   6.3893857e-02   1.7983147e-02
   6.1338334e-02   1.5603095e-02
   6.5153620e-02   1.6562596e-02
   6.1463265e-02   1.4686352e-02
   6.6338875e-02   1.7018189e-02
   6.0192474e-02   1.8477251e-02
   6.0076172e-02   1.7968045e-02
   6.2721288e-02   1.3738183e-02
   6.2595884e-02   1.4183950e-02
   6.2590137e-02   1.5602345e-02
   6.6472115e-02   1.6578071e-02
   6.8912483e-02   1.6560012e-02
   6.7524044e-02   1.7000588e-02
   6.2698079e-02   1.8949218e-02
   6.2590137e-02   1.5602345e-02
   6.5153620e-02   1.6562596e-02
   6.5097791e-02   1.4655298e-02
   7.2673786e-02   1.6084221e-02
   6.8842229e-02   1.7016407e-02
   6.7788446e-02   1.7541761e-02
   6.5139166e-02   1.9401898e-02
   6.5089443e-02   1.6546304e-02
   6.9061604e-02   1.3748217e-02
   6.8781391e-02   1.5583050e-02
   7.2750200e-02   1.5153000e-02
   7.0227189e-02   1.7996184e-02
   6.7719075e-02   1.7998111e-02
   7.2740551e-02   1.7047124e-02
   7.0234688e-02   1.6575432e-02
   6.7588156e-02   1.7490009e-02
   6.6212935e-02   1.6041181e-02
   6.8917044e-02   1.5613726e-02
   7.1561918e-02   1.6116838e-02
   7.6346803e-02   1.7955705e-02
   7.5018534e-02   1.8411210e-02
   7.6274462e-02   1.7466023e-02
   7.2599763e-02   1.6541010e-02
   6.7530820e-02   1.5583872e-02
   6.7659529e-02   1.6560889e-02
   7.0093906e-02   1.7015491e-02
   7.1410781e-02   1.7977486e-02
   7.3926782e-02   1.6083307e-02
   7.8933389e-02   1.7025349e-02
   7.6497473e-02   1.7991062e-02
   7.9957835e-02   1.5559711e-02
   8.2537669e-02   1.5573023e-02
   8.2534988e-02   1.6044933e-02
   8.1600114e-02   1.7056772e-02
   8.4030787e-02   1.6564528e-02
   8.7793360e-02   1.6561219e-02
   8.7790320e-02   1.7034397e-02
   8.9038043e-02   1.7979521e-02
   8.7891432e-02   1.4682948e-02
   8.6529929e-02   1.7981967e-02
   8.6438069e-02   1.8909787e-02
   8.6529929e-02   1.7981967e-02
   9.3786622e-02   1.6506722e-02
   1.0315255e-01   1.6121281e-02
   9.5133912e-02   1.6049657e-02
   9.4139997e-02   1.8939056e-02
   9.2526312e-02   1.7922873e-02
   8.8865908e-02   1.7472015e-02
   9.2624090e-02   1.6996221e-02
   9.0199712e-02   1.8433261e-02
   9.2630388e-02   1.6051986e-02
   9.9093835e-02   1.4658960e-02
   9.6668103e-02   1.6569224e-02
   9.7723582e-02   1.7480340e-02
   9.5398878e-02   1.8464223e-02
   9.0370822e-02   1.9416699e-02
   8.7885934e-02   1.5630235e-02
   8.0028497e-02   1.6990888e-02
   8.1452491e-02   1.4658896e-02
   8.3947934e-02   1.6548247e-02
   8.5287848e-02   1.6090200e-02
   8.4005230e-02   2.0350705e-02
   8.6618570e-02   1.7525995e-02
   8.0107321e-02   1.7007577e-02
   8.5209224e-02   1.5128835e-02
   8.3953491e-02   1.5602633e-02
   8.9129253e-02   1.7523606e-02
   8.8775245e-02   1.7926638e-02
   8.8950271e-02   1.7961859e-02
   8.5191809e-02   1.7965492e-02
   8.1597204e-02   1.7530571e-02
   8.4116640e-02   1.6107102e-02
   8.6444629e-02   1.7964298e-02
   8.7799183e-02   1.5614864e-02
   8.6630421e-02   1.5631293e-02
   8.5532205e-02   1.7561749e-02
   8.5366273e-02   1.7053457e-02
   8.6618570e-02   1.7525995e-02
   8.4027878e-02   1.7037800e-02
   8.7883057e-02   1.6103879e-02
   8.7787196e-02   1.7507575e-02
   8.7703766e-02   1.7017661e-02
   1.2050838e-01   1.7960753e-02
   1.1674677e-01   1.7492911e-02
   1.1664367e-01   1.6058816e-02
   1.1572419e-01   1.7055119e-02
   1.1137842e-01   1.9333955e-02
   1.1286512e-01   1.7952860e-02
   1.0775034e-01   1.6997100e-02
   1.0273505e-01   1.7474924e-02
   1.0408673e-01   1.7963400e-02
   1.0169325e-01   1.6090872e-02
   1.0042365e-01   1.7985323e-02
   9.7913057e-02   1.7988087e-02
   1.0147468e-01   1.8420968e-02
   9.6375703e-02   1.7464512e-02
   9.5130724e-02   1.6521706e-02
   9.4160418e-02   1.6098198e-02
   9.0123844e-02   1.6526438e-02
   8.6776754e-02   1.9459013e-02
   9.5409364e-02   1.7043898e-02
   9.6668103e-02   1.6569224e-02
   9.0295401e-02   1.7505159e-02
   8.7950855e-02   1.8964408e-02
   8.5203749e-02   1.6074387e-02
   8.6453842e-02   1.6546064e-02
   8.2773731e-02   1.7038901e-02
   8.1519583e-02   1.7039987e-02
   8.0268215e-02   1.6567693e-02
   8.4039025e-02   1.5144711e-02
   8.1677885e-02   1.7547857e-02
   8.2694980e-02   1.6549315e-02
   8.5197944e-02   1.7019939e-02
   8.6377117e-02   1.5112980e-02
   8.5447633e-02   1.7544440e-02
   8.2779382e-02   1.6092296e-02
   7.5323182e-02   1.7061968e-02
   8.1519583e-02   1.7039987e-02
   8.1605696e-02   1.6109173e-02
   8.1361803e-02   1.6534112e-02
   8.0183452e-02   1.7497197e-02
   7.5317736e-02   1.8009855e-02
   7.4002168e-02   1.5625641e-02
   7.0306445e-02   1.6117727e-02
   7.5182230e-02   1.5609366e-02
   6.7654788e-02   1.7507226e-02
   7.0091421e-02   1.7488144e-02
   7.2668835e-02   1.7030351e-02
   6.7793215e-02   1.6593558e-02
   6.6404280e-02   1.7034943e-02
   7.1566534e-02   1.5168789e-02
   6.8844603e-02   1.6543729e-02
   7.1630271e-02   1.6607238e-02
   6.6284363e-02   1.4640153e-02
   6.7862549e-02   1.6135370e-02
   6.2711653e-02   1.6106835e-02
   6.1385915e-02   1.8458182e-02
   6.0196934e-02   1.7529700e-02
   6.1336338e-02   1.6075916e-02
   6.3843956e-02   1.5128806e-02
   6.3904896e-02   1.5616943e-02
   6.6408805e-02   1.6088558e-02
   6.1151473e-02   1.6971463e-02
   5.5184398e-02   1.6585122e-02
   5.8886814e-02   1.7039912e-02
   5.2520508e-02   1.6537572e-02
   5.3719929e-02   1.6048625e-02
   5.5079321e-02   1.5606616e-02
   5.5238916e-02   1.6601496e-02
   5.1371124e-02   1.6570836e-02
   5.1320522e-02   1.6554520e-02
   4.8860008e-02   1.7992594e-02
   4.8868450e-02   1.5625147e-02
   4.5158028e-02   1.4220254e-02
   4.6228486e-02   1.4635967e-02
   4.6363842e-02   1.5152778e-02
   4.5067701e-02   1.4665317e-02
   4.3762445e-02   1.7959769e-02
   4.2512089e-02   1.7960370e-02
   4.3729649e-02   1.4636987e-02
   4.2523302e-02   1.4179239e-02
   4.1310795e-02   1.5139913e-02
   3.2578966e-02   1.5631575e-02
   3.5017084e-02   1.5127250e-02
   3.8845381e-02   1.5155788e-02
   4.6268067e-02   1.6540738e-02
   4.5149308e-02   1.7064305e-02
   4.2641013e-02   1.7065470e-02
   4.1477955e-02   1.3774828e-02
   3.8809448e-02   1.4194552e-02
   4.1267494e-02   1.6070326e-02
   4.2434503e-02   1.6038237e-02
   4.2561293e-02   1.5612528e-02
   3.8879916e-02   1.6593007e-02
   4.3862813e-02   1.3259610e-02
   4.7618379e-02   1.4678718e-02
   5.2514934e-02   1.7955078e-02
   4.8813668e-02   1.7501853e-02
   4.6177185e-02   1.6508252e-02
   4.0177703e-02   1.5185274e-02
   3.8847726e-02   1.4208551e-02
   3.6305613e-02   1.4195379e-02
   4.1352803e-02   1.4681254e-02
   3.8805885e-02   1.5614007e-02
   4.2647980e-02   1.4695266e-02
