   7.6497473e-02   1.7991062e-02
   7.9957835e-02   1.5559711e-02
   8.2537669e-02   1.5573023e-02
   8.2534988e-02   1.6044933e-02
   8.1600114e-02   1.7056772e-02
   8.4030787e-02   1.6564528e-02
   8.7793360e-02   1.6561219e-02
   8.7790320e-02   1.7034397e-02
   8.9038043e-02   1.7979521e-02
   8.7891432e-02   1.4682948e-02
   8.6529929e-02   1.7981967e-02
   8.6438069e-02   1.8909787e-02
   8.6529929e-02   1.7981967e-02
   9.3786622e-02   1.6506722e-02
   1.0315255e-01   1.6121281e-02
   9.5133912e-02   1.6049657e-02
   9.4139997e-02   1.8939056e-02
   9.2526312e-02   1.7922873e-02
   8.8865908e-02   1.7472015e-02
   9.2624090e-02   1.6996221e-02
   9.0199712e-02   1.8433261e-02
   9.2630388e-02   1.6051986e-02
   9.9093835e-02   1.4658960e-02
   9.6668103e-02   1.6569224e-02
   9.7723582e-02   1.7480340e-02
   9.5398878e-02   1.8464223e-02
   9.0370822e-02   1.9416699e-02
   8.7885934e-02   1.5630235e-02
   8.0028497e-02   1.6990888e-02
   8.1452491e-02   1.4658896e-02
   8.3947934e-02   1.6548247e-02
   8.5287848e-02   1.6090200e-02
   8.4005230e-02   2.0350705e-02
   8.6618570e-02   1.7525995e-02
   8.0107321e-02   1.7007577e-02
   8.5209224e-02   1.5128835e-02
   8.3953491e-02   1.5602633e-02
   8.9129253e-02   1.7523606e-02
   8.8775245e-02   1.7926638e-02
   8.8950271e-02   1.7961859e-02
   8.5191809e-02   1.7965492e-02
   8.1597204e-02   1.7530571e-02
   8.4116640e-02   1.6107102e-02
   8.6444629e-02   1.7964298e-02
   8.7799183e-02   1.5614864e-02
   8.6630421e-02   1.5631293e-02
   8.5532205e-02   1.7561749e-02
   8.5366273e-02   1.7053457e-02
   8.6618570e-02   1.7525995e-02
   8.4027878e-02   1.7037800e-02
   8.7883057e-02   1.6103879e-02
   8.7787196e-02   1.7507575e-02
   8.7703766e-02   1.7017661e-02
   1.2050838e-01   1.7960753e-02
   1.1674677e-01   1.7492911e-02
   1.1664367e-01   1.6058816e-02
   1.1572419e-01   1.7055119e-02
   1.1137842e-01   1.9333955e-02
   1.1286512e-01   1.7952860e-02
   1.0775034e-01   1.6997100e-02
   1.0273505e-01   1.7474924e-02
   1.0408673e-01   1.7963400e-02
   1.0169325e-01   1.6090872e-02
   1.0042365e-01   1.7985323e-02
   9.7913057e-02   1.7988087e-02
   1.0147468e-01   1.8420968e-02
   9.6375703e-02   1.7464512e-02
   9.5130724e-02   1.6521706e-02
   9.4160418e-02   1.6098198e-02
   9.0123844e-02   1.6526438e-02
   8.6776754e-02   1.9459013e-02
   9.5409364e-02   1.7043898e-02
   9.6668103e-02   1.6569224e-02
   9.0295401e-02   1.7505159e-02
   8.7950855e-02   1.8964408e-02
   8.5203749e-02   1.6074387e-02
   8.6453842e-02   1.6546064e-02
   8.2773731e-02   1.7038901e-02
   8.1519583e-02   1.7039987e-02
   8.0268215e-02   1.6567693e-02
   8.4039025e-02   1.5144711e-02
   8.1677885e-02   1.7547857e-02
   8.2694980e-02   1.6549315e-02
   8.5197944e-02   1.7019939e-02
   8.6377117e-02   1.5112980e-02
   8.5447633e-02   1.7544440e-02
   8.2779382e-02   1.6092296e-02
   7.5323182e-02   1.7061968e-02
   8.1519583e-02   1.7039987e-02
   8.1605696e-02   1.6109173e-02
   8.1361803e-02   1.6534112e-02
   8.0183452e-02   1.7497197e-02
   7.5317736e-02   1.8009855e-02
   7.4002168e-02   1.5625641e-02
   7.0306445e-02   1.6117727e-02
   7.5182230e-02   1.5609366e-02
   6.7654788e-02   1.7507226e-02
   7.0091421e-02   1.7488144e-02
   7.2668835e-02   1.7030351e-02
   6.7793215e-02   1.6593558e-02
   6.6404280e-02   1.7034943e-02
   7.1566534e-02   1.5168789e-02
   6.8844603e-02   1.6543729e-02
   7.1630271e-02   1.6607238e-02
   6.6284363e-02   1.4640153e-02
   6.7862549e-02   1.6135370e-02
   6.2711653e-02   1.6106835e-02
   6.1385915e-02   1.8458182e-02
   6.0196934e-02   1.7529700e-02
   6.1336338e-02   1.6075916e-02
   6.3843956e-02   1.5128806e-02
   6.3904896e-02   1.5616943e-02
   6.6408805e-02   1.6088558e-02
   6.1151473e-02   1.6971463e-02
   5.5184398e-02   1.6585122e-02
   5.8886814e-02   1.7039912e-02
   5.2520508e-02   1.6537572e-02
   5.3719929e-02   1.6048625e-02
   5.5079321e-02   1.5606616e-02
   5.5238916e-02   1.6601496e-02
   5.1371124e-02   1.6570836e-02
   5.1320522e-02   1.6554520e-02
   4.8860008e-02   1.7992594e-02
   4.8868450e-02   1.5625147e-02
   4.5158028e-02   1.4220254e-02
   4.6228486e-02   1.4635967e-02
   4.6363842e-02   1.5152778e-02
   4.5067701e-02   1.4665317e-02
   4.3762445e-02   1.7959769e-02
   4.2512089e-02   1.7960370e-02
   4.3729649e-02   1.4636987e-02
   4.2523302e-02   1.4179239e-02
   4.1310795e-02   1.5139913e-02
   3.2578966e-02   1.5631575e-02
   3.5017084e-02   1.5127250e-02
   3.8845381e-02   1.5155788e-02
   4.6268067e-02   1.6540738e-02
   4.5149308e-02   1.7064305e-02
   4.2641013e-02   1.7065470e-02
   4.1477955e-02   1.3774828e-02
   3.8809448e-02   1.4194552e-02
   4.1267494e-02   1.6070326e-02
   4.2434503e-02   1.6038237e-02
   4.2561293e-02   1.5612528e-02
   3.8879916e-02   1.6593007e-02
   4.3862813e-02   1.3259610e-02
   4.7618379e-02   1.4678718e-02
   5.2514934e-02   1.7955078e-02
   4.8813668e-02   1.7501853e-02
   4.6177185e-02   1.6508252e-02
   4.0177703e-02   1.5185274e-02
   3.8847726e-02   1.4208551e-02
   3.6305613e-02   1.4195379e-02
   4.1352803e-02   1.4681254e-02
   3.8805885e-02   1.5614007e-02
   4.2647980e-02   1.4695266e-02
   5.7635895e-02   1.6567330e-02
   5.7526254e-02   1.5589909e-02
   5.8715171e-02   1.6517769e-02
   6.0084576e-02   1.6076672e-02
   6.2583844e-02   1.7020740e-02
   6.2707372e-02   1.7054296e-02
   5.9009127e-02   1.5650753e-02
   5.8948954e-02   1.6109119e-02
   5.7467831e-02   1.6046554e-02
   6.2526506e-02   1.6059344e-02
   6.3970004e-02   1.5158629e-02
   6.3839862e-02   1.6074356e-02
   6.6406574e-02   1.6561750e-02
   6.2647712e-02   1.6564238e-02
   6.6467448e-02   1.7525389e-02
   6.3777036e-02   1.6058559e-02
   6.7532948e-02   1.5111634e-02
   6.5091624e-02   1.6073553e-02
   6.3963734e-02   1.6579750e-02
   6.7459984e-02   1.6512127e-02
   6.8846910e-02   1.6071051e-02
   7.0234688e-02   1.6575432e-02
   6.7657191e-02   1.7034058e-02
   6.7590552e-02   1.7017306e-02
   6.3835521e-02   1.7019906e-02
   6.3900666e-02   1.6563425e-02
   6.3900666e-02   1.6563425e-02
   6.8846910e-02   1.6071051e-02
   7.1277833e-02   1.6525686e-02
   6.9043788e-02   1.7540828e-02
   7.1488879e-02   1.6574521e-02
   7.2533103e-02   1.5580495e-02
   6.8842229e-02   1.7016407e-02
   7.1413387e-02   1.7504394e-02
   7.2750200e-02   1.5153000e-02
   7.0027345e-02   1.6526590e-02
   7.3851483e-02   1.6540072e-02
   7.4070365e-02   1.6588986e-02
   7.1413387e-02   1.7504394e-02
   7.2740551e-02   1.7047124e-02
   7.2668835e-02   1.7030351e-02
   8.0189071e-02   1.6551403e-02
   8.1287098e-02   1.5574009e-02
   8.2683070e-02   1.8440665e-02
   7.8855644e-02   1.7008624e-02
   7.2737962e-02   1.7520656e-02
   7.6277161e-02   1.6993969e-02
   7.1488879e-02   1.6574521e-02
   7.0245821e-02   1.4207513e-02
   7.1350434e-02   1.6069306e-02
   7.2597259e-02   1.7013611e-02
   6.1340271e-02   1.5130274e-02
   6.0082562e-02   1.6549515e-02
   5.5025113e-02   1.5591269e-02
   5.2627561e-02   1.5623300e-02
   5.5021485e-02   1.6536194e-02
   5.3659704e-02   1.7919093e-02
   5.1320522e-02   1.6554520e-02
   4.8821849e-02   1.5136737e-02
   4.6319582e-02   1.4664797e-02
   5.0121487e-02   1.5624546e-02
   5.0164112e-02   1.7535715e-02
   5.0220534e-02   1.5655407e-02
   4.7613860e-02   1.6099239e-02
   4.6408139e-02   1.5641723e-02
   5.0121487e-02   1.5624546e-02
   5.0065300e-02   1.7501181e-02
   5.2679510e-02   1.5638712e-02
   4.7566956e-02   1.6083385e-02
   4.8633111e-02   1.4135014e-02
   4.5101546e-02   1.7994563e-02
   5.1423555e-02   1.6113264e-02
   5.2781983e-02   1.6144463e-02
   5.2681180e-02   1.5164811e-02
   5.2625845e-02   1.6096733e-02
   5.5180523e-02   1.7532843e-02
   4.9968642e-02   1.6994708e-02
   5.2632403e-02   1.4203000e-02
   5.2577375e-02   1.5134952e-02
   5.5081060e-02   1.5133688e-02
   5.5021485e-02   1.6536194e-02
   5.6382941e-02   1.6568063e-02
   5.9955845e-02   1.8404669e-02
   6.3835521e-02   1.7019906e-02
   5.5126123e-02   1.7515568e-02
   5.3933784e-02   1.5638064e-02
   5.5077528e-02   1.6079544e-02
   5.1376150e-02   1.5150478e-02
   5.2627561e-02   1.5623300e-02
   5.1372849e-02   1.6097383e-02
   5.5079321e-02   1.5606616e-02
   5.2514934e-02   1.7955078e-02
   5.3880598e-02   1.5622654e-02
   5.1426866e-02   1.5165425e-02
   5.2674192e-02   1.7060413e-02
   5.9966432e-02   1.6045096e-02
   5.3767244e-02   1.7481856e-02
   4.8858177e-02   1.8466083e-02
   5.1327104e-02   1.4662575e-02
   5.1428446e-02   1.4691505e-02
   5.1434267e-02   1.2795827e-02
   5.7522462e-02   1.6534752e-02
   5.5182487e-02   1.7058983e-02
   4.1391043e-02   1.5643859e-02
   4.1472918e-02   1.5674804e-02
   4.3857689e-02   1.5153840e-02
   4.5061922e-02   1.6557616e-02
   4.3940047e-02   1.6607262e-02
   4.6363842e-02   1.5152778e-02
   4.6272576e-02   1.5122960e-02
   4.8823343e-02   1.4663714e-02
   4.6360864e-02   1.6099827e-02
   4.2603264e-02   1.5627922e-02
   4.9973647e-02   1.5578483e-02
   5.0022830e-02   1.5593807e-02
   5.3830865e-02   1.4661379e-02
   5.7572999e-02   1.7969685e-02
   4.7666807e-02   1.4219228e-02
   4.8869996e-02   1.5151658e-02
   5.0067075e-02   1.7028176e-02
   5.3820198e-02   1.7499066e-02
   5.1374524e-02   1.5623931e-02
   5.2574004e-02   1.6080886e-02
   5.5025113e-02   1.5591269e-02
   5.4967394e-02   1.6519949e-02
   5.7463938e-02   1.6990469e-02
   5.8890827e-02   1.6093250e-02
   6.2476279e-02   1.3212357e-02
   5.7631856e-02   1.7514035e-02
   6.1329993e-02   1.7494379e-02
   6.3843956e-02   1.5128806e-02
   6.1332167e-02   1.7021558e-02
   6.2586003e-02   1.6547942e-02
   6.5149055e-02   1.7509030e-02
   6.1396819e-02   1.6091748e-02
   6.1396819e-02   1.6091748e-02
   6.7597348e-02   1.5599197e-02
   6.7728585e-02   1.6103573e-02
   6.7447748e-02   1.8871002e-02
   6.8711537e-02   1.6039508e-02
   6.7664007e-02   1.5614553e-02
   6.5153620e-02   1.6562596e-02
   6.8910102e-02   1.7033156e-02
   6.8919225e-02   1.5140583e-02
   6.6273599e-02   1.7001468e-02
   6.7585694e-02   1.7962712e-02
   7.3698470e-02   1.7922562e-02
   7.5171986e-02   1.7501411e-02
   7.2678455e-02   1.5138090e-02
   7.2750200e-02   1.5153000e-02
   6.7857898e-02   1.7084510e-02
   6.8839788e-02   1.7489085e-02
   6.8701964e-02   1.7926509e-02
   7.2673786e-02   1.6084221e-02
   8.5114028e-02   1.7003230e-02
   8.1522405e-02   1.6566654e-02
   8.0199376e-02   1.4659814e-02
   7.9170300e-02   1.6601398e-02
   7.5258828e-02   1.5151260e-02
   8.0189071e-02   1.6551403e-02
   7.7609244e-02   1.6064673e-02
   8.3868054e-02   1.6059655e-02
   8.1281739e-02   1.6517888e-02
   7.9092085e-02   1.6585041e-02
   7.5397665e-02   1.7078801e-02
   7.4002168e-02   1.5625641e-02
   7.8778051e-02   1.6991931e-02
   7.5179779e-02   1.6082377e-02
   7.7757141e-02   1.7043144e-02
   7.8861006e-02   1.6063700e-02
   7.5328334e-02   1.6114081e-02
   7.4072862e-02   1.6115015e-02
   7.5243416e-02   1.7992121e-02
   7.7606643e-02   1.6537163e-02
   7.6359967e-02   1.5593112e-02
   7.6209811e-02   1.5562527e-02
   7.2743070e-02   1.6573593e-02
   7.2594686e-02   1.7486211e-02
   8.1356113e-02   1.7478918e-02
   7.9172974e-02   1.6127073e-02
   7.8775264e-02   1.7463929e-02
   7.4072862e-02   1.6115015e-02
   7.6359967e-02   1.5593112e-02
   7.6430208e-02   1.6554416e-02
   7.5166427e-02   1.8447433e-02
   7.6505642e-02   1.6570715e-02
   7.1410781e-02   1.7977486e-02
   7.2594686e-02   1.7486211e-02
   7.2597259e-02   1.7013611e-02
   7.0031962e-02   1.5582213e-02
   6.1582960e-02   1.5190055e-02
   6.1215733e-02   1.6044344e-02
   6.2653841e-02   1.5144446e-02
   6.5210961e-02   1.7999969e-02
   6.2579346e-02   1.7966337e-02
   5.8826728e-02   1.7496009e-02
   6.1402647e-02   1.4671888e-02
   5.9067490e-02   1.5666215e-02
   5.7696606e-02   1.5636029e-02
   6.1329993e-02   1.7494379e-02
   6.0196934e-02   1.7529700e-02
   5.9009127e-02   1.5650753e-02
   5.6442332e-02   1.5636723e-02
   5.6384834e-02   1.6094690e-02
   5.7696606e-02   1.5636029e-02
   6.1336338e-02   1.6075916e-02
   4.5066322e-02   1.5138391e-02
   4.4932104e-02   1.5565472e-02
   4.7480662e-02   1.3691215e-02
   4.8966576e-02   1.5181587e-02
   4.5110765e-02   1.5153317e-02
   4.6312045e-02   1.7030086e-02
   4.3805542e-02   1.7977460e-02
   4.7608925e-02   1.7519761e-02
   4.2642489e-02   1.6591429e-02
   3.8810561e-02   1.3721400e-02
   4.1392355e-02   1.5169803e-02
   3.6339228e-02   1.5156673e-02
   4.5064899e-02   1.5611466e-02
   4.2598972e-02   1.7048643e-02
   3.8801984e-02   1.7033462e-02
   3.3801778e-02   1.4196152e-02
   3.5087227e-02   1.4683434e-02
   3.2581964e-02   1.4210522e-02
   3.1298839e-02   1.3723640e-02
   3.1322774e-02   1.7053050e-02
   3.6298630e-02   1.7034455e-02
   3.9938356e-02   1.6039260e-02
   4.2680050e-02   1.8031349e-02
   4.5107867e-02   1.6100399e-02
   4.2565201e-02   1.4193207e-02
   4.2522044e-02   1.4651880e-02
   4.6409611e-02   1.5167731e-02
   3.7629414e-02   1.5171201e-02
   4.2600444e-02   1.6575069e-02
   4.6365264e-02   1.4679254e-02
   4.8730153e-02   1.3690705e-02
   4.8866856e-02   1.6098636e-02
   4.8715938e-02   1.7939544e-02
   5.0068802e-02   1.6555171e-02
   5.0119852e-02   1.6098018e-02
   5.1323912e-02   1.5608548e-02
   4.8963417e-02   1.6130436e-02
   4.7521688e-02   1.5594986e-02
   4.8776729e-02   1.4176731e-02
   5.2413701e-02   1.7448254e-02
   5.2522265e-02   1.6065070e-02
   5.1318752e-02   1.7027507e-02
   5.1369349e-02   1.7044288e-02
   4.6362375e-02   1.5626303e-02
   4.6319582e-02   1.4664797e-02
   5.2629226e-02   1.5149867e-02
   5.3820198e-02   1.7499066e-02
   5.6327402e-02   1.6551756e-02
   5.6268046e-02   1.7480366e-02
   5.2676016e-02   1.6586512e-02
   5.3823962e-02   1.6553170e-02
   6.6338875e-02   1.7018189e-02
   6.6542207e-02   1.5646171e-02
   6.9053234e-02   1.5644523e-02
   6.7595148e-02   1.6071900e-02
   6.5153620e-02   1.6562596e-02
   6.6410970e-02   1.5615365e-02
   6.6476524e-02   1.5630753e-02
   6.7462236e-02   1.6040352e-02
   7.2735302e-02   1.7994187e-02
   7.3848936e-02   1.7012646e-02
   7.1272858e-02   1.7470011e-02
   7.3931532e-02   1.5137230e-02
   6.7530820e-02   1.5583872e-02
   7.1483859e-02   1.7521636e-02
   7.6357482e-02   1.6065630e-02
   7.3848936e-02   1.7012646e-02
   7.5179779e-02   1.6082377e-02
   7.5237694e-02   1.8939075e-02
   7.9019264e-02   1.5621932e-02
   7.7616596e-02   1.4647202e-02
   7.5182230e-02   1.5609366e-02
   7.1491284e-02   1.6100963e-02
   7.7606643e-02   1.6537163e-02
   8.0112768e-02   1.6062712e-02
   7.5253983e-02   1.6098213e-02
   7.8863573e-02   1.5591238e-02
   7.9011288e-02   1.7042108e-02
   8.0177522e-02   1.8442992e-02
   8.0191764e-02   1.6078506e-02
   7.7690763e-02   1.5134562e-02
   7.7601216e-02   1.7482144e-02
   7.8849976e-02   1.7953547e-02
   7.7759833e-02   1.6569723e-02
   7.5256442e-02   1.5624737e-02
   8.0338919e-02   1.8005502e-02
   7.7918816e-02   1.5653702e-02
   7.2599763e-02   1.6541010e-02
   7.5330801e-02   1.5640137e-02
   7.0237051e-02   1.6101849e-02
   7.2671346e-02   1.6557286e-02
   7.2673786e-02   1.6084221e-02
   7.6432775e-02   1.6081433e-02
   7.1415924e-02   1.7031302e-02
   7.1415924e-02   1.7031302e-02
   7.2735302e-02   1.7994187e-02
   8.0112768e-02   1.6062712e-02
   7.7748612e-02   1.8463406e-02
   7.5325795e-02   1.6588024e-02
   7.6578568e-02   1.7060961e-02
   7.6583807e-02   1.6113130e-02
   7.5171986e-02   1.7501411e-02
   7.6510716e-02   1.5623817e-02
   7.6427568e-02   1.7027399e-02
   8.2855500e-02   1.7055683e-02
   8.3947934e-02   1.6548247e-02
   8.1281739e-02   1.6517888e-02
   7.9014024e-02   1.6568716e-02
   8.0112768e-02   1.6062712e-02
   7.7916260e-02   1.6128057e-02
   7.6279786e-02   1.6521914e-02
   7.7683163e-02   1.6553427e-02
   7.8930586e-02   1.7498276e-02
   8.0273538e-02   1.5620968e-02
   8.2940314e-02   1.6598262e-02
   8.5111011e-02   1.7475542e-02
   8.0110083e-02   1.6535145e-02
   7.8705942e-02   1.6032200e-02
   8.0196916e-02   1.5132711e-02
   7.9097341e-02   1.5637325e-02
   8.0270916e-02   1.6094330e-02
   7.7839279e-02   1.6112164e-02
   7.6508216e-02   1.6097266e-02
   7.9083623e-02   1.8006616e-02
   7.8930586e-02   1.7498276e-02
   7.6277161e-02   1.6993969e-02
   7.4072862e-02   1.6115015e-02
   7.2743070e-02   1.6573593e-02
   7.0163013e-02   1.7032237e-02
   7.3921746e-02   1.7029384e-02
   7.2673786e-02   1.6084221e-02
   7.3997260e-02   1.6572650e-02
   6.6275880e-02   1.6529205e-02
   6.8917044e-02   1.5613726e-02
   6.9971502e-02   1.3680023e-02
   7.1566534e-02   1.5168789e-02
   6.7790864e-02   1.7067659e-02
   7.1348043e-02   1.6541932e-02
   7.2668835e-02   1.7030351e-02
   7.1343053e-02   1.7487186e-02
   6.7588156e-02   1.7490009e-02
   6.7661801e-02   1.6087721e-02
   6.5226322e-02   1.4684185e-02
   7.0170082e-02   1.5612884e-02
   6.9053234e-02   1.5644523e-02
   7.2671346e-02   1.6557286e-02
   7.2673786e-02   1.6084221e-02
   7.2530747e-02   1.6052631e-02
   7.6575837e-02   1.7534877e-02
   7.6338017e-02   1.9373260e-02
   7.6352290e-02   1.7010667e-02
   7.1630271e-02   1.6607238e-02
   7.0093906e-02   1.7015491e-02
   7.2812409e-02   1.7063931e-02
   7.3933800e-02   1.4664191e-02
