   1.2485947e-02   3.1210308e-02
   4.4919264e-02   4.6880573e-02
   3.8744126e-02   3.7889469e-02
   3.6392357e-02   3.0403311e-02
   2.9040075e-02   2.9155697e-02
   3.4187098e-02   2.1549064e-02
   4.7998354e-02   2.5798261e-02
   4.6523384e-02   3.0455680e-02
   5.6390186e-02   1.4674570e-02
   5.4015720e-02   2.1366783e-02
   5.5530919e-02   1.1440355e-02
   3.7780890e-02   1.4279392e-02
   2.8881055e-02   2.5181590e-02
   4.1368594e-02   3.0844107e-02
   1.0085939e-01   2.8429809e-02
   6.2622513e-02   2.3639917e-03
   2.8839978e-02   4.1852359e-02
   5.6286955e-02   1.2283500e-02
   6.8983356e-02   3.4167200e-02
   7.1637952e-02   2.6122870e-02
   8.7452400e-02   3.4001916e-02
   8.3819536e-02   3.7861777e-02
   6.7728387e-02   4.0378291e-02
   5.5463890e-02   2.6217480e-02
   5.2385105e-02   2.3578722e-02
   5.9284298e-02   2.3810425e-02
   7.6149232e-02   3.6713502e-02
   1.1827491e-01   3.9596271e-02
   1.3064094e-01   5.6387565e-02
   1.2437458e-01   5.3128067e-02
   9.2922540e-02   4.2666627e-02
   7.3297449e-02   2.3936562e-02
   6.2159472e-02   1.5965197e-02
   5.4396776e-02   2.3837739e-02
   7.0646752e-02   3.4701452e-02
   7.2565195e-02   5.2717733e-02
   7.0390280e-02   4.9594709e-02
   4.8382928e-02   4.0051226e-02
   4.2040951e-02   2.0229863e-02
   2.5329127e-02   1.9157861e-02
   2.7639479e-02   1.9955662e-02
   3.6189102e-02   1.7927816e-02
   3.4913993e-02   1.5082705e-02
   2.7305515e-02   1.0320194e-02
   3.2146398e-02   8.8773893e-03
   2.2253427e-02   1.0748106e-02
   3.3177654e-02   1.5328744e-02
   3.3258111e-02   2.1429532e-02
   3.8154581e-02   1.9544998e-02
   3.0698331e-02   2.3691030e-02
   3.3093076e-02   3.1091916e-02
   3.6925661e-02   3.5436838e-02
   4.1917589e-02   4.3017322e-02
   4.4803187e-02   3.9621202e-02
   3.6268380e-02   3.3628868e-02
   3.0221429e-02   2.6685570e-02
   2.9122343e-02   2.1551209e-02
   2.7819069e-02   2.4879360e-02
   3.1600567e-02   3.5438073e-02
   1.1407606e-02   3.6995496e-02
   1.7798003e-02   3.0328003e-02
   1.7677468e-02   3.5888827e-02
   2.5240978e-03   3.2509896e-02
   1.0084319e-02   3.3909373e-02
   7.6032873e-03   3.8437745e-02
   1.5203850e-02   3.3117616e-02
   1.2650457e-02   2.9699120e-02
   6.3382187e-03   2.9279634e-02
  -1.2693490e-03   2.6426413e-02
   0.0000000e+00   2.1035857e-02
   2.5290063e-03   2.4885294e-02
   3.7763645e-03   2.9552997e-02
   1.1330452e-02   2.8598659e-02
   8.8102753e-03   2.1904234e-02
  -8.8102753e-03   2.1904234e-02
  -5.0017810e-03   1.7024498e-02
  -1.2440438e-03   1.9764696e-02
  -2.4856085e-03   2.9176415e-02
   7.4397994e-03   2.3460007e-02
   1.4836630e-02   3.1373460e-02
   2.3639135e-02   2.8258091e-02
   2.5042321e-02   2.4161135e-02
   2.2491526e-02   2.5060099e-02
   2.2355004e-02   2.6793094e-02
   3.2239991e-02   3.1457532e-02
   5.7112007e-02   3.6198502e-02
   7.5802131e-02   4.7584098e-02
   7.8660893e-02   3.7796942e-02
   6.2927633e-02   3.0944996e-02
   4.5617453e-02   2.3960534e-02
   4.1856103e-02   1.1502243e-02
   4.5606921e-02   1.4840724e-02
   5.9383511e-02   8.5876292e-03
   6.8566288e-02   9.5860337e-03
   6.4007414e-02   5.7990900e-03
   6.7113683e-02   9.7425033e-04
   6.6909690e-02   9.7129730e-04
   5.5207204e-02   9.2127322e-03
   6.5028023e-02   3.8503773e-03
   5.3364286e-02   1.5841862e-02
   6.1310099e-02   1.1576048e-02
   6.2461789e-02   1.1552293e-02
   5.7554300e-02   2.1268451e-02
   6.8476507e-02   2.6361593e-02
   7.0900372e-02   6.6894820e-03
   5.2854852e-02  -9.0308318e-03
   1.0071070e-01  -1.4059644e-02
   5.2277430e-02  -3.8521593e-03
   1.6558846e-02   4.8140341e-03
   1.0452170e-01   2.7228546e-02
   4.8596158e-02   9.8848140e-03
   8.2003536e-02   4.5441789e-02
   4.5870281e-02   1.3584885e-02
   9.9133841e-03   2.9090020e-02
   6.2071874e-02   3.9183684e-02
   2.4833289e-02   2.8672266e-02
   9.9420483e-03   6.0116472e-02
   5.6011837e-02   5.7751535e-02
   3.7647449e-03   5.6835568e-02
   1.3676866e-02   5.8221426e-02
   2.7118738e-02   6.4862515e-02
   2.4935321e-03   5.0700790e-02
   2.1129412e-02   5.9636590e-02
   3.4667746e-02   6.6588891e-02
   1.6343899e-02   4.8712343e-02
   1.3825504e-02   5.4498721e-02
   5.0499787e-03   4.2634391e-02
  -1.1343250e-02   3.4864274e-02
   3.7617362e-03   4.1863046e-02
   1.0067621e-02   3.8169767e-02
   2.5172648e-03   3.0506395e-02
   1.2567188e-02   3.4284027e-02
   1.5116898e-02   2.2878217e-02
   1.8892033e-02   1.2855720e-02
   2.7813665e-02   1.5773106e-02
   4.9852413e-02   1.8827502e-03
   8.1835431e-02  -1.8441005e-02
   7.7529033e-02   4.6425202e-04
   8.8548233e-02   0.0000000e+00
   7.1293877e-02   9.1197993e-04
   4.7988871e-02   1.5867681e-02
   5.6327386e-02   1.0193302e-02
   5.6875051e-02   1.8804653e-02
   5.3575907e-02   3.4255092e-02
   5.8553368e-02   1.8511380e-02
   4.2085991e-02   8.6316239e-03
   4.3425481e-02   1.9152287e-02
   5.7166751e-02   7.8081834e-03
   4.8929281e-02   1.0165865e-02
   6.4688596e-02   1.5211030e-02
   8.2957316e-02  -2.7606870e-03
   5.0455047e-02  -1.8589986e-03
   4.9560952e-02   4.6793651e-04
   5.0742679e-02  -8.4143370e-03
   4.8606266e-02  -1.4121163e-03
   5.8855547e-02   8.9844368e-03
   4.1283408e-02   8.9804765e-03
   3.9036626e-02   1.5706860e-02
   4.2813690e-02   2.6677946e-02
   3.8841600e-02   2.7022898e-02
   3.2852323e-02   3.1096234e-02
   2.3908709e-02   3.8641220e-02
   2.2535088e-02   3.3196330e-02
   3.2529225e-02   4.3190468e-02
   4.1540071e-02   5.2135299e-02
   2.9065036e-02   4.7987309e-02
   2.7886926e-02   4.7651389e-02
   2.5352963e-02   5.6430812e-02
   2.0312993e-02   5.8481835e-02
   2.7951966e-02   6.6892576e-02
   1.9197573e-02   7.9418666e-02
   2.8307772e-02   7.2276723e-02
   3.2230862e-02   7.8986224e-02
   4.2248478e-02   7.8402866e-02
   4.2025455e-02   8.1988401e-02
   5.9595556e-02   8.5582339e-02
   5.4353378e-02   9.8929976e-02
   5.4448527e-02   9.9619408e-02
   5.0355089e-02   1.0614602e-01
   4.3850496e-02   1.1226986e-01
   5.2483504e-02   1.0683977e-01
   7.1401089e-02   1.1469694e-01
   5.4816094e-02   1.2388911e-01
   5.8707702e-02   1.1646748e-01
   5.8372878e-02   1.3177735e-01
   7.4155957e-02   1.2944087e-01
   5.9038899e-02   1.3663804e-01
   6.4602903e-02   1.3493367e-01
   7.5208559e-02   1.3584783e-01
   7.7220737e-02   1.3913846e-01
   7.0229805e-02   1.3526077e-01
   7.0653852e-02   1.3719180e-01
   4.9530365e-02   1.2983346e-01
   4.7522241e-02   1.1614495e-01
   5.6849212e-02   1.2179788e-01
   6.0439214e-02   1.2563119e-01
   4.3491152e-02   1.1895824e-01
   4.7291072e-02   1.1146787e-01
   5.0816036e-02   1.0492701e-01
   5.0775551e-02   9.4871540e-02
   5.2746054e-02   9.1481687e-02
   5.8427053e-02   9.8521534e-02
   6.2818819e-02   1.0259257e-01
   8.6207071e-02   1.0204192e-01
   7.9276661e-02   1.0305144e-01
   8.9098392e-02   9.4139024e-02
   9.1851495e-02   8.7763071e-02
   8.1308901e-02   6.8632722e-02
   7.3707134e-02   5.8888509e-02
   4.6495295e-02   3.4738510e-02
   4.3590479e-02   4.1077995e-02
   6.8149066e-02   4.2250202e-02
   6.1020773e-02   4.6763273e-02
   8.0164613e-02   4.2212367e-02
   8.0879746e-02   4.2590361e-02
   5.7352785e-02   2.6023650e-02
   5.0494399e-02   2.1952768e-02
   3.2610743e-02   2.6578749e-02
   1.1203277e-02   1.0352538e-02
  -7.5577203e-03   2.3832745e-02
   3.7834930e-02   2.1461632e-02
   4.6754367e-02   3.0607297e-02
   7.4645916e-02   3.5901728e-02
   6.6247481e-02   2.9387031e-02
   5.1445340e-02   1.4577699e-02
   4.6180664e-02   3.3916977e-03
  -1.2685262e-03  -8.6313643e-03
   2.7961791e-02  -1.0087644e-02
   2.1740035e-02   6.7663801e-03
   1.5372701e-02   1.3076741e-02
   2.7181969e-02   8.8053222e-03
   1.8104968e-02   4.8874870e-03
  -2.5863958e-03   5.3767709e-03
  -2.0761430e-02  -1.8647811e-02
  -1.6872916e-02  -2.6527846e-02
   0.0000000e+00  -2.3438454e-02
   1.2693243e-03  -4.0441304e-02
   0.0000000e+00  -2.7223881e-02
   2.1354102e-02  -2.1858290e-02
   1.2609909e-03  -2.2902573e-02
  -2.2772212e-02  -2.9216843e-02
  -2.2584027e-02  -3.1836529e-02
  -4.2521755e-02  -3.9819431e-02
  -3.3689334e-02  -2.8808727e-02
  -1.1126761e-02  -3.1842675e-02
  -2.1134838e-02  -2.6349282e-02
  -1.8546966e-02  -2.2453741e-02
  -1.3611188e-02  -3.8942030e-02
  -4.8459598e-02  -6.4394545e-02
  -6.2398258e-02  -7.6323511e-02
  -4.3327209e-02  -8.5493237e-02
  -2.9816596e-02  -8.9287977e-02
  -1.8436561e-02  -8.3448702e-02
   0.0000000e+00  -8.1100196e-02
   0.0000000e+00  -8.1962709e-02
  -4.9164808e-03  -7.7646462e-02
  -1.3528529e-02  -8.4478834e-02
  -2.4381522e-02  -9.7297691e-02
  -2.7853618e-02  -1.0149497e-01
  -3.4965901e-02  -1.0491461e-01
  -3.7294774e-02  -1.1201134e-01
  -3.1268196e-02  -1.0854795e-01
  -1.8028322e-02  -1.0557024e-01
  -2.1564761e-02  -1.1057373e-01
  -1.6844857e-02  -1.1998879e-01
  -1.0797862e-02  -1.2761969e-01
  -1.3223541e-02  -1.3497736e-01
  -8.4469037e-03  -1.3707182e-01
   0.0000000e+00  -1.2891972e-01
   8.5902060e-03  -1.1999708e-01
   2.5828840e-02  -1.1316933e-01
   2.7140877e-02  -1.0648195e-01
   3.4607211e-02  -1.0216931e-01
   4.0889654e-02  -1.0092246e-01
   4.4870369e-02  -8.8565611e-02
   5.4917918e-02  -9.0152774e-02
   5.7884584e-02  -7.8470571e-02
   5.7028033e-02  -7.2095236e-02
   6.2484896e-02  -6.4601290e-02
   6.4314722e-02  -6.2676227e-02
   7.8356927e-02  -6.0067472e-02
   7.6254135e-02  -5.5963413e-02
   7.9923601e-02  -4.9370683e-02
   8.7471252e-02  -4.4816600e-02
   8.2583546e-02  -3.2192396e-02
   1.0958415e-01  -3.5120307e-02
   9.5592019e-02  -1.3936448e-02
   9.4792922e-02  -1.4007420e-02
   9.8020161e-02  -1.7995186e-02
   8.7469413e-02  -1.2129302e-02
   9.1958083e-02  -1.6121012e-02
   1.0973650e-01  -5.0391792e-04
   1.0314721e-01   0.0000000e+00
   7.4536180e-02   1.0669890e-02
   6.8884418e-02   1.6377908e-02
   5.8610619e-02   2.8431944e-02
   6.5581879e-02   1.6998599e-02
   5.5171637e-02   2.9122229e-02
   6.2806669e-02   2.9084648e-02
   6.2567271e-02   3.4796286e-02
   3.6866220e-02   4.8269200e-02
   3.9392618e-02   5.0196922e-02
   3.1829930e-02   5.9132664e-02
   3.3168446e-02   6.3199960e-02
   2.0307565e-02   7.3761834e-02
   1.0111160e-02   8.3391217e-02
   8.8400971e-03   8.2823363e-02
   7.5890053e-03   8.6961959e-02
   1.7712309e-02   8.8988009e-02
   2.4029360e-02   8.9952939e-02
   1.5139071e-02   1.0595345e-01
   1.3807557e-02   1.0590437e-01
   0.0000000e+00   1.2513238e-01
   1.2409109e-03   1.2971653e-01
  -1.8657963e-02   1.3475542e-01
  -2.5840633e-02   1.4844504e-01
  -1.5898049e-02   1.6031091e-01
  -2.3227869e-02   1.6403854e-01
  -2.5679369e-02   1.6681194e-01
  -2.0714991e-02   1.7220656e-01
  -2.3056646e-02   1.6920877e-01
  -1.5956331e-02   1.6096446e-01
  -3.6900229e-03   1.6409339e-01
  -1.6805969e-02   1.7641751e-01
  -2.3939073e-02   1.7472914e-01
  -9.6135382e-03   1.7335455e-01
  -2.0184359e-02   1.8075316e-01
  -1.7935309e-02   1.7182067e-01
  -8.3443910e-03   1.7340894e-01
  -1.6389603e-02   1.9093397e-01
  -2.1167520e-02   1.8312250e-01
  -1.9898279e-02   1.9254456e-01
  -1.5173543e-02   1.9914752e-01
  -2.2331328e-02   2.0189098e-01
   2.6426668e-02   1.8427034e-01
   1.7734878e-02   1.9933205e-01
   2.6129992e-02   1.8742416e-01
   2.1589011e-02   1.8063620e-01
   1.6812617e-02   1.9041813e-01
   3.7229868e-02   1.8306780e-01
   1.1883569e-03   1.8814061e-01
   2.0385122e-02   1.7948977e-01
   1.6732711e-02   1.8713280e-01
   2.5484871e-02   1.6757349e-01
   2.1957881e-02   1.6582592e-01
   1.8427140e-02   1.5461618e-01
   2.3585640e-02   1.4025888e-01
   2.7247841e-02   1.3884862e-01
   2.1125771e-02   1.3461406e-01
   1.8820932e-02   1.2599134e-01
   1.3703476e-02   1.2607735e-01
   7.4837489e-03   1.1539182e-01
  -2.5128152e-03   1.1061906e-01
   1.6402384e-02   1.0801498e-01
   2.1615467e-02   9.7064019e-02
   1.9137341e-02   7.9664841e-02
   9.0063757e-03   4.8878595e-02
  -3.8669503e-03   5.4422625e-02
   1.4149761e-02   4.4920891e-02
   1.4193073e-02   3.2747436e-02
   1.9175463e-02   4.5616594e-02
   3.4230474e-02   2.8309683e-02
   2.6608843e-02   2.4450165e-02
   3.4080032e-02   8.5853776e-03
   1.9088167e-02   4.8090761e-04
   2.2836434e-02  -3.8355438e-03
   1.5298976e-02  -8.1921765e-03
   1.7779769e-02  -2.1619499e-02
   1.3992567e-02  -3.3250984e-02
   1.1596151e-02  -4.1546117e-02
   4.4723470e-02  -5.2436744e-02
   1.9236929e-02  -4.4781837e-02
   5.1015305e-03  -5.6298832e-02
   6.3770032e-03  -5.1878126e-02
   1.2743318e-03  -6.7112428e-02
   6.3659444e-03  -7.3508183e-02
  -3.8235883e-03  -7.6585010e-02
  -1.1386219e-02  -8.3474805e-02
  -2.2728442e-02  -8.8802280e-02
  -3.1869207e-02  -7.9079211e-02
  -3.6729042e-02  -9.4105482e-02
  -4.7091592e-02  -9.4559662e-02
  -3.6790985e-02  -1.0242698e-01
  -5.1379251e-02  -1.1175772e-01
  -5.7213282e-02  -1.1697108e-01
  -6.7470561e-02  -1.0930304e-01
  -7.5320827e-02  -1.1442163e-01
  -6.4435003e-02  -1.1163616e-01
  -6.3660627e-02  -1.1047122e-01
  -5.6738605e-02  -1.2024100e-01
  -6.0369545e-02  -1.2722328e-01
  -6.7659825e-02  -1.3988751e-01
  -7.5914907e-02  -1.5655672e-01
  -6.5509113e-02  -1.6584993e-01
  -5.1980182e-02  -1.5903086e-01
  -4.5134042e-02  -1.7508947e-01
  -4.0022228e-02  -1.8063231e-01
  -4.4842809e-02  -1.7712788e-01
  -3.7456189e-02  -1.8602940e-01
  -3.7457731e-02  -1.8886220e-01
  -2.5104259e-02  -1.9390518e-01
  -1.8991998e-02  -2.0082468e-01
  -1.4355082e-02  -1.9579416e-01
  -6.0053142e-03  -1.9729804e-01
   0.0000000e+00  -1.9880781e-01
   1.2081143e-02  -1.9346675e-01
   1.5658070e-02  -1.9621210e-01
   2.9030612e-02  -1.9027035e-01
   3.8957060e-02  -1.8254786e-01
   3.5541419e-02  -1.7272361e-01
   5.0277273e-02  -1.6230479e-01
   3.9372008e-02  -1.5535542e-01
   4.3409114e-02  -1.5562851e-01
   5.1268753e-02  -1.4881558e-01
   5.0463122e-02  -1.4427419e-01
   4.6598241e-02  -1.4186103e-01
   3.8079652e-02  -1.3714747e-01
   5.9262482e-02  -1.3021823e-01
   5.2949560e-02  -1.1194638e-01
   4.4101281e-02  -1.0168038e-01
   5.9514927e-02  -9.4526381e-02
   5.2365283e-02  -9.0810554e-02
   7.1273761e-02  -9.4472740e-02
   7.3966524e-02  -8.6542444e-02
   6.3726472e-02  -7.6486687e-02
   5.6350089e-02  -5.9940106e-02
   5.8793794e-02  -5.9813239e-02
   4.3618876e-02  -5.7097088e-02
   5.6103598e-02  -5.7213376e-02
   4.8476054e-02  -4.5980336e-02
   3.0764315e-02  -2.8626557e-02
   2.4451436e-02  -3.6578548e-02
   3.6203704e-02  -3.2313344e-02
   3.9981330e-02  -2.8307392e-02
   4.6720242e-02  -1.6675823e-02
   6.0885060e-02  -1.3209307e-02
   3.5948161e-02  -9.7028867e-03
   1.9240216e-02  -7.2718926e-03
   1.0302728e-02   8.2755897e-03
   1.2816754e-02   2.0362598e-02
   1.0141630e-02   3.6034881e-02
  -1.2541120e-03   5.1002954e-02
  -6.2603885e-03   5.3808862e-02
   1.2343624e-03   4.6874978e-02
  -3.0507981e-02   5.4761559e-02
  -3.1770259e-02   6.4756071e-02
  -2.5986044e-02   6.5118862e-02
  -3.0968963e-02   8.3617953e-02
  -3.3399278e-02   9.5298422e-02
  -3.5742461e-02   9.1978053e-02
  -3.4319896e-02   9.0967562e-02
  -2.6869732e-02   9.2593590e-02
  -2.3232993e-02   8.6873442e-02
  -1.2303770e-02   9.1356504e-02
   9.6112538e-03   8.1993745e-02
  -4.4583807e-02   1.2863805e-01
  -2.6652299e-02   1.1385587e-01
  -3.0429345e-02   1.2245515e-01
  -1.2197129e-02   1.0079986e-01
  -3.6456109e-02   1.2172353e-01
  -2.6555324e-02   1.2338636e-01
  -3.9787457e-02   1.3126936e-01
  -3.0249937e-02   1.2824505e-01
  -2.6600212e-02   1.2967363e-01
  -1.9396785e-02   1.2649952e-01
  -1.7012485e-02   1.2378262e-01
  -1.9628526e-02   1.2657724e-01
  -1.8336942e-02   1.3329173e-01
  -1.1004781e-02   1.2716621e-01
  -2.4428385e-03   1.2345557e-01
  -1.0924402e-02   1.3536699e-01
  -1.2214447e-02   1.3112010e-01
  -1.5992987e-02   1.2696318e-01
  -9.9406635e-03   1.2314749e-01
  -1.2470353e-02   1.1793128e-01
  -7.5646440e-03   1.0742425e-01
  -7.5539463e-03   1.0368976e-01
  -1.2653941e-03   8.8510593e-02
   1.2610649e-03   9.2214311e-02
   2.5302708e-03   8.3478090e-02
   1.7703597e-02   7.8942678e-02
   1.7677197e-02   8.3301476e-02
   1.2535553e-03   8.6659936e-02
  -1.2534210e-03   8.4168294e-02
  -1.2544753e-03   8.1763486e-02
   5.0407890e-03   7.0771747e-02
   2.5441491e-03   6.2545327e-02
   2.5449215e-03   4.3460677e-02
   8.9670805e-03   3.3487533e-02
   2.5761921e-03   3.0243840e-02
  -1.2789520e-03   3.0514616e-02
  -1.4069364e-02   3.0028423e-02
  -2.2949286e-02   2.2669658e-02
  -2.4233590e-02   1.8328317e-02
  -1.4024062e-02   8.1922715e-03
  -1.3983809e-02   2.4022568e-03
  -1.2761731e-02   8.6829786e-03
  -2.5628797e-03   5.8122990e-03
  -7.7120726e-03  -5.3440310e-03
  -1.4022988e-02  -1.0119865e-02
  -5.0400943e-03  -2.0496363e-02
  -2.0285908e-02  -2.7836437e-02
  -1.6448621e-02  -3.5481523e-02
  -1.3888402e-02  -3.6368700e-02
  -1.7904112e-02  -3.7814401e-02
  -1.4073397e-02  -4.6636786e-02
  -1.9074613e-02  -4.1482724e-02
  -2.7652620e-02  -5.8370806e-02
  -3.2536757e-02  -6.0039574e-02
  -1.8796216e-02  -6.2560196e-02
  -8.7401457e-03  -7.7926393e-02
  -7.5317920e-03  -7.9838237e-02
  -8.7950467e-03  -8.5867222e-02
  -8.7815244e-03  -9.5224220e-02
  -1.0006706e-02  -9.2434336e-02
   0.0000000e+00  -9.4465534e-02
  -6.2003884e-03  -1.0607867e-01
  -7.4333787e-03  -1.0597212e-01
  -1.4797860e-02  -1.0745503e-01
  -1.8489596e-02  -1.1698986e-01
  -1.3511561e-02  -1.2011242e-01
  -2.4542724e-03  -1.3178330e-01
   1.3490433e-02  -1.2911219e-01
   1.5985452e-02  -1.3726920e-01
   1.2171738e-02  -1.3939426e-01
   6.0499105e-03  -1.4109061e-01
  -6.0267488e-03  -1.4776382e-01
   0.0000000e+00  -1.4809524e-01
  -2.4208345e-03  -1.4739751e-01
   3.6209713e-03  -1.5218277e-01
   9.6885540e-03  -1.5486476e-01
   1.8112261e-02  -1.5966133e-01
   2.6603335e-02  -1.6527666e-01
   3.1346718e-02  -1.6363544e-01
   3.6300649e-02  -1.5784230e-01
   3.3753868e-02  -1.5086683e-01
   3.0224432e-02  -1.4768331e-01
   3.8610792e-02  -1.4421306e-01
   4.4798218e-02  -1.4161399e-01
   4.8419264e-02  -1.3486457e-01
   3.4105515e-02  -1.3068498e-01
   3.4422701e-02  -1.2631676e-01
   3.7126498e-02  -1.2513928e-01
   3.1003376e-02  -1.2698982e-01
   3.1220102e-02  -1.2324965e-01
   3.6255831e-02  -1.2703220e-01
   3.2773729e-02  -1.1664937e-01
   3.5267609e-02  -1.1395971e-01
   2.6438812e-02  -1.0366817e-01
   2.7782091e-02  -9.6365468e-02
   2.9124326e-02  -9.4608306e-02
   2.9171737e-02  -8.7691833e-02
   3.4257317e-02  -8.6708548e-02
   2.9300311e-02  -8.1035807e-02
   2.4402387e-02  -7.1642923e-02
   2.8199717e-02  -6.0534180e-02
   2.0519716e-02  -4.9699027e-02
   1.6585495e-02  -4.5525851e-02
   6.3936190e-03  -4.4165260e-02
   2.5608001e-03  -2.9575697e-02
   3.8468563e-03  -2.5722834e-02
   1.2764161e-03  -2.1247474e-02
  -1.2846193e-03  -1.7004040e-02
   1.0310556e-02  -1.3644220e-02
   2.4488932e-02  -1.2667694e-02
   1.6642300e-02  -4.8382942e-03
   0.0000000e+00  -2.4144869e-03
  -3.8047056e-03   1.3426513e-02
  -1.1362250e-02   2.1014083e-02
  -2.3833485e-02   2.5633456e-02
  -1.6373418e-02   2.4784429e-02
  -3.2985433e-02   3.0740341e-02
  -1.2689079e-02   2.9307841e-02
  -2.9286832e-02   3.9586989e-02
  -2.7789827e-02   4.5064043e-02
  -3.6563293e-02   6.1955883e-02
  -4.5070241e-02   6.9278188e-02
  -5.9737582e-02   7.5628588e-02
  -6.2238872e-02   8.1013319e-02
  -5.6820568e-02   8.8691625e-02
  -6.2140034e-02   8.8249060e-02
  -6.1254510e-02   9.1272819e-02
  -6.1690925e-02   8.8440561e-02
  -6.0390634e-02   9.2888077e-02
  -5.7517136e-02   9.8307060e-02
  -6.3310758e-02   1.0807541e-01
  -7.2570042e-02   1.1502069e-01
  -6.8448404e-02   1.2183757e-01
  -7.2710155e-02   1.3080842e-01
  -6.8383541e-02   1.3140054e-01
  -6.4247547e-02   1.3396794e-01
  -6.2861607e-02   1.4076520e-01
  -5.9111145e-02   1.4098270e-01
  -5.5189862e-02   1.5207198e-01
  -5.1580051e-02   1.5731163e-01
  -5.3080162e-02   1.5617288e-01
  -4.4569065e-02   1.5701873e-01
  -4.8716406e-02   1.5039109e-01
  -4.5357375e-02   1.4617464e-01
  -3.9172472e-02   1.4862082e-01
  -3.9080392e-02   1.5088926e-01
  -4.1623265e-02   1.5021447e-01
  -4.2948444e-02   1.4793570e-01
  -4.0670061e-02   1.3492536e-01
  -4.5847023e-02   1.3046485e-01
  -4.3527983e-02   1.2733638e-01
  -3.3470739e-02   1.2176768e-01
  -2.7131124e-02   1.1805144e-01
  -1.7210617e-02   1.1211638e-01
  -1.7095703e-02   1.1583459e-01
  -1.3398121e-02   1.0854822e-01
  -1.9565524e-02   1.0849585e-01
  -1.3523869e-02   1.0064686e-01
  -1.1120187e-02   9.3237124e-02
  -1.8698824e-02   7.9752311e-02
  -2.6305396e-02   7.0811998e-02
  -3.7673446e-02   6.5599347e-02
  -3.1512518e-02   5.9021559e-02
  -2.5272681e-02   5.2842264e-02
  -2.3961555e-02   4.3063062e-02
  -3.2799476e-02   3.5366629e-02
  -3.0330941e-02   2.9662496e-02
  -3.1670512e-02   2.6365405e-02
  -2.7952721e-02   1.5852012e-02
  -3.1804432e-02   1.1539466e-02
  -3.1813484e-02   1.4424333e-03
  -3.3252702e-02   9.6643615e-04
  -3.3152193e-02  -2.4088180e-03
  -4.5843163e-02  -1.2028270e-02
  -6.1766849e-02  -2.0908302e-02
  -5.1292071e-02  -3.3494828e-02
  -5.3945649e-02  -3.5991703e-02
  -4.7218095e-02  -4.4046001e-02
  -5.3322273e-02  -4.4779481e-02
  -4.6741759e-02  -4.4564971e-02
  -3.9239744e-02  -4.4663186e-02
  -4.3172294e-02  -5.3570280e-02
  -3.6744174e-02  -6.2267268e-02
  -2.7900729e-02  -6.9730549e-02
  -3.5451930e-02  -7.5045732e-02
  -3.4098074e-02  -7.9809154e-02
  -2.9069584e-02  -8.3371443e-02
  -2.2810373e-02  -9.2667424e-02
  -1.3858240e-02  -9.9689858e-02
  -3.2787217e-02  -1.0690056e-01
  -2.5005899e-02  -1.1669337e-01
  -2.4893229e-02  -1.1767533e-01
  -2.7402062e-02  -1.2239881e-01
  -2.1096925e-02  -1.2762523e-01
  -2.2280363e-02  -1.2675333e-01
  -1.8510506e-02  -1.3256549e-01
  -8.6282016e-03  -1.3658590e-01
  -3.6850004e-03  -1.3921387e-01
  -3.6765889e-03  -1.4676018e-01
   0.0000000e+00  -1.5027356e-01
   1.4595104e-02  -1.6095787e-01
   8.4930922e-03  -1.6322499e-01
   4.8279181e-03  -1.6821616e-01
   1.5647876e-02  -1.6931218e-01
   2.0461449e-02  -1.7092068e-01
   2.8877559e-02  -1.7137862e-01
   3.7146188e-02  -1.7000826e-01
   3.2254964e-02  -1.7160592e-01
   2.8690785e-02  -1.6905331e-01
   3.5842845e-02  -1.6837933e-01
   3.7016253e-02  -1.6772883e-01
   3.9585079e-02  -1.5895911e-01
   4.2106021e-02  -1.5259157e-01
   3.8549600e-02  -1.4864393e-01
   4.3553268e-02  -1.4984344e-01
   4.1304691e-02  -1.4790235e-01
   4.8971650e-02  -1.1612431e-01
   5.2891166e-02  -1.1646452e-01
   6.0744466e-02  -1.1029669e-01
   6.6182844e-02  -9.7040843e-02
   5.8615604e-02  -8.6021689e-02
   4.4575052e-02  -7.2489842e-02
   3.7123602e-02  -6.5403894e-02
   3.9581195e-02  -6.3741324e-02
   3.0821136e-02  -6.1143784e-02
   3.8557223e-02  -5.3742748e-02
   2.7042994e-02  -4.4470484e-02
   2.4434068e-02  -3.4592550e-02
   2.5670071e-02  -3.4035566e-02
   2.1819660e-02  -2.6230935e-02
   1.6738999e-02  -2.4850628e-02
   2.1991662e-02  -1.8590481e-02
   3.3750856e-02  -1.2756229e-02
   1.4386955e-02  -2.9658241e-03
   2.4747416e-02   4.9221424e-03
   1.9235272e-02   1.3089407e-02
   5.1052002e-03   2.2213100e-02
  -1.0288029e-02   3.4597844e-02
  -7.6236221e-03   3.4181929e-02
  -1.2695145e-03   3.3186356e-02
   1.2721275e-03   4.9788494e-02
  -1.2690536e-03   5.6016068e-02
  -5.0718662e-03   6.3322749e-02
  -1.2642851e-02   7.0016578e-02
  -6.3068169e-03   7.4290519e-02
  -1.6389028e-02   7.2764886e-02
  -1.6376647e-02   7.5174320e-02
  -2.3994941e-02   7.9824069e-02
  -1.8965065e-02   7.9425816e-02
  -1.8894003e-02   9.2595433e-02
  -1.2644705e-02   9.0451285e-02
  -8.8253876e-03   9.0179564e-02
  -1.4939274e-02   1.0398444e-01
  -1.3678394e-02   1.0890902e-01
  -1.6068585e-02   1.1327043e-01
  -1.2342552e-02   1.1209023e-01
  -2.2091133e-02   1.1141081e-01
  -8.5915056e-03   1.1344314e-01
  -2.4462621e-03   1.1655081e-01
  -1.1015932e-02   1.2321894e-01
  -2.4415617e-03   1.2644110e-01
  -1.2250335e-03   1.2742509e-01
  -8.5949903e-03   1.2876561e-01
   0.0000000e+00   1.3047619e-01
  -3.6429202e-03   1.3646063e-01
   1.2049287e-03   1.4148361e-01
   4.8197083e-03   1.4666551e-01
   6.0114412e-03   1.5205374e-01
   1.6865450e-02   1.4870460e-01
   1.4419694e-02   1.5458145e-01
   3.5921887e-03   1.6190973e-01
   3.5984638e-03   1.6543382e-01
   1.2012621e-02   1.6623792e-01
   1.4511621e-02   1.6047028e-01
   1.0834780e-02   1.5967387e-01
   3.6072042e-03   1.6319927e-01
   1.2089373e-03   1.5935799e-01
   4.8575001e-03   1.5533543e-01
   0.0000000e+00   1.5180723e-01
   0.0000000e+00   1.4433905e-01
   1.2319059e-03   1.4123350e-01
   2.4764170e-03   1.3568361e-01
  -2.4671569e-03   1.3513595e-01
  -8.6098394e-03   1.3679418e-01
  -1.6095372e-02   1.2627948e-01
  -9.9638494e-03   1.1418984e-01
  -8.7517425e-03   1.0344154e-01
  -8.7441739e-03   9.8310825e-02
  -7.5066569e-03   9.6963061e-02
  -8.7947842e-03   9.1357247e-02
   0.0000000e+00   8.2891566e-02
  -1.2509887e-02   8.3995800e-02
  -1.9955644e-02   7.1967083e-02
  -2.6440644e-02   6.3346034e-02
  -2.7729691e-02   5.5131542e-02
  -2.0324218e-02   4.1922302e-02
  -1.5311573e-02   3.2867691e-02
  -1.3992567e-02   3.3250984e-02
  -1.4011811e-02   2.1685425e-02
  -1.6531107e-02   1.8275003e-02
  -1.3953531e-02   9.1103391e-03
  -1.2750483e-02   4.3371308e-03
  -1.0180110e-02   3.3666253e-03
  -1.0221245e-02  -1.9315270e-03
  -1.5312129e-02  -1.1577048e-02
  -1.5330991e-02  -2.2234026e-02
  -7.6257291e-03  -3.2256186e-02
  -1.3981077e-02  -3.8551866e-02
   1.2644261e-03  -4.5119977e-02
  -8.8845288e-03  -4.6263918e-02
   2.5164159e-03  -4.9721017e-02
   7.5859397e-03  -5.4828668e-02
   7.6060898e-03  -6.0361073e-02
   1.2637348e-02  -7.1465196e-02
   7.6043322e-03  -7.5150135e-02
   7.5575530e-03  -7.8631736e-02
  -2.5212461e-03  -7.9195011e-02
  -3.7719056e-03  -8.3939317e-02
  -8.7456251e-03  -1.0033923e-01
  -1.7427545e-02  -1.0649550e-01
  -8.6987426e-03  -1.1035872e-01
  -4.9917281e-03  -1.1854154e-01
   0.0000000e+00  -1.2230536e-01
   3.7077979e-03  -1.2967683e-01
   6.1717627e-03  -1.3209510e-01
   6.1556184e-03  -1.3693374e-01
   3.7046380e-03  -1.4054646e-01
   7.4087472e-03  -1.4424098e-01
   9.8898122e-03  -1.4923051e-01
   1.7110176e-02  -1.5642154e-01
   1.3419349e-02  -1.6258623e-01
   1.4589104e-02  -1.6793888e-01
   2.9099314e-02  -1.6739258e-01
   2.0675790e-02  -1.6418622e-01
   3.5083749e-02  -1.7076583e-01
   3.9917363e-02  -1.6474289e-01
   4.2401751e-02  -1.6231612e-01
   3.9858919e-02  -1.6071439e-01
   4.7048325e-02  -1.5620516e-01
   4.8192290e-02  -1.5176044e-01
   5.6837825e-02  -1.4708992e-01
   5.2101355e-02  -1.4377258e-01
   5.1179509e-02  -1.4257675e-01
   5.7640056e-02  -1.3829806e-01
   6.0325060e-02  -1.3676874e-01
   6.0815202e-02  -1.3114548e-01
   5.9964082e-02  -1.2840067e-01
   5.8774232e-02  -1.2645403e-01
   6.6550435e-02  -1.2435315e-01
   6.3255484e-02  -1.1750713e-01
   7.2015592e-02  -1.1159855e-01
   7.0367124e-02  -1.0331596e-01
   6.3261950e-02  -9.1403851e-02
   6.0767520e-02  -8.1441044e-02
   6.1228370e-02  -7.7059762e-02
   6.0475694e-02  -7.2211402e-02
   6.6652145e-02  -7.1409748e-02
   4.5128113e-02  -5.7386576e-02
   5.2682087e-02  -5.0251325e-02
   5.6397337e-02  -4.2268051e-02
   4.3423309e-02  -3.3367504e-02
   2.9582041e-02  -2.5794200e-02
   4.5992973e-02  -2.2221051e-02
   3.1996685e-02  -1.1609217e-02
   2.9472742e-02  -6.2949749e-03
   2.4348944e-02   1.9370809e-03
   2.5681667e-02   3.8819161e-03
  -1.0107832e-02   8.5967426e-03
   2.8278831e-02   2.9142574e-03
  -1.4017939e-02   1.6384543e-02
   6.3290413e-03   1.1963959e-02
  -6.3214755e-03   3.4011553e-02
  -3.7803331e-03   2.9105238e-02
  -3.8011668e-03   4.4729257e-02
  -1.2733802e-03   4.4954660e-02
   6.4199574e-03   4.3857303e-02
   5.1428754e-03   4.7364816e-02
   0.0000000e+00   5.2408163e-02
  -7.6858814e-03   6.2989671e-02
  -6.3044572e-03   6.5410001e-02
  -3.3614465e-02   8.0607156e-02
  -3.2219787e-02   8.8065947e-02
  -2.6242146e-02   9.9837063e-02
  -1.1292917e-02   1.1560492e-01
