   6.9960837e-02   1.6038648e-02
   5.8896417e-02   1.4673258e-02
   5.2574004e-02   1.6080886e-02
   5.0021205e-02   1.6066347e-02
   5.3776237e-02   1.5119443e-02
   5.1224599e-02   1.5105816e-02
   5.0073691e-02   1.5136157e-02
   5.2627561e-02   1.5623300e-02
   4.5195477e-02   1.6606686e-02
   4.6268067e-02   1.6540738e-02
   4.7521688e-02   1.5594986e-02
   4.5066322e-02   1.5138391e-02
   5.2475579e-02   1.4633171e-02
   5.1376150e-02   1.5150478e-02
   5.6220352e-02   1.5575281e-02
   5.2572242e-02   1.6553853e-02
   5.2677788e-02   1.6112612e-02
   5.3979689e-02   1.7550898e-02
   5.3823962e-02   1.6553170e-02
   4.8866856e-02   1.6098636e-02
   4.7521688e-02   1.5594986e-02
   5.1369349e-02   1.7044288e-02
   4.7560303e-02   1.7975548e-02
   5.5186254e-02   1.6111261e-02
   4.7520145e-02   1.6067561e-02
   4.3729649e-02   1.4636987e-02
   4.8823343e-02   1.4663714e-02
   4.7713914e-02   1.4233273e-02
   4.5197001e-02   1.6132209e-02
   4.7563722e-02   1.7029466e-02
   5.0022830e-02   1.5593807e-02
   4.7470210e-02   1.6995991e-02
   4.3856301e-02   1.5627398e-02
   4.6319582e-02   1.4664797e-02
   4.3947026e-02   1.4234796e-02
   4.3805542e-02   1.7977460e-02
   4.3767090e-02   1.6541892e-02
   4.3817119e-02   1.4192731e-02
   4.1310795e-02   1.5139913e-02
   4.0053660e-02   1.7032941e-02
   4.2518024e-02   1.6069804e-02
   4.2515139e-02   1.7015087e-02
   4.7750148e-02   1.7571726e-02
   4.5021966e-02   1.5123495e-02
   4.7566956e-02   1.6083385e-02
   4.0056384e-02   1.6086666e-02
   4.1312059e-02   1.4666791e-02
   4.8773796e-02   1.5121846e-02
   4.6175602e-02   1.6979917e-02
   4.8818718e-02   1.6082783e-02
   4.7566956e-02   1.6083385e-02
   4.6319582e-02   1.4664797e-02
   4.3848725e-02   1.7995185e-02
   4.7466811e-02   1.7940212e-02
   5.5137071e-02   1.4675206e-02
   5.6382941e-02   1.6568063e-02
   6.1336338e-02   1.6075916e-02
   6.0196934e-02   1.7529700e-02
   6.0139725e-02   1.7039125e-02
   6.0201161e-02   1.6582149e-02
   5.8886814e-02   1.7039912e-02
   6.5220119e-02   1.6105235e-02
   6.6410970e-02   1.5615365e-02
   6.2649816e-02   1.6090974e-02
   5.5124112e-02   1.7988962e-02
   6.1392636e-02   1.7038322e-02
   6.5210961e-02   1.7999969e-02
   7.0088868e-02   1.7960796e-02
   6.7592883e-02   1.6544603e-02
   6.6345545e-02   1.5600007e-02
   6.5224318e-02   1.5157868e-02
   6.7452837e-02   1.7927452e-02
   6.6266372e-02   1.8418257e-02
   7.5246168e-02   1.7518644e-02
   7.0165437e-02   1.6559120e-02
   7.0031962e-02   1.5582213e-02
   6.8980497e-02   1.6576328e-02
   7.0163013e-02   1.7032237e-02
   7.1350434e-02   1.6069306e-02
   7.3986582e-02   1.8466667e-02
   6.9945813e-02   1.8868997e-02
   7.2671346e-02   1.6557286e-02
   7.0036308e-02   1.4637837e-02
   6.5159995e-02   1.5142944e-02
   6.6413071e-02   1.5142172e-02
   6.8846910e-02   1.6071051e-02
   7.2668835e-02   1.7030351e-02
   7.5177254e-02   1.6555388e-02
   7.9005587e-02   1.7988892e-02
   8.5272671e-02   1.8456405e-02
   9.0212705e-02   1.6542670e-02
   8.8946938e-02   1.8434539e-02
   8.4030787e-02   1.6564528e-02
   8.1350108e-02   1.8423724e-02
   8.2692122e-02   1.7022152e-02
   8.3856324e-02   1.7949027e-02
   9.1646384e-02   1.6574061e-02
   9.0298615e-02   1.7032047e-02
   9.1471714e-02   1.5596279e-02
   9.0120736e-02   1.6998622e-02
   8.9940379e-02   1.7436586e-02
   8.9119197e-02   1.8944439e-02
   9.1465659e-02   1.6541508e-02
   9.2810123e-02   1.6556586e-02
   9.2360436e-02   1.5534153e-02
   9.5217849e-02   1.7482949e-02
   9.0292100e-02   1.7978272e-02
   8.6519933e-02   1.9401596e-02
   8.8862672e-02   1.7944231e-02
   8.5282025e-02   1.7036682e-02
   8.7445123e-02   1.6967650e-02
   8.4041607e-02   1.4671439e-02
   8.2873925e-02   1.3739301e-02
   8.1427166e-02   1.8914705e-02
   7.8930586e-02   1.7498276e-02
   8.2931423e-02   1.8020971e-02
   8.2618981e-02   1.5588316e-02
   8.1358998e-02   1.7006515e-02
   7.6502993e-02   1.7044164e-02
   8.3865243e-02   1.6531998e-02
   8.0270916e-02   1.6094330e-02
   8.1436318e-02   1.7496102e-02
   7.8849976e-02   1.7953547e-02
   8.1433347e-02   1.7968970e-02
   8.1527812e-02   1.5619988e-02
   7.6581225e-02   1.6587046e-02
   7.6583807e-02   1.6113130e-02
   7.2525825e-02   1.6996903e-02
   7.3992065e-02   1.7519658e-02
   7.7461588e-02   1.5090040e-02
   7.6432775e-02   1.6081433e-02
   6.8910102e-02   1.7033156e-02
   6.6404280e-02   1.7034943e-02
   6.7795501e-02   1.6119456e-02
   6.1400764e-02   1.5145175e-02
   6.1461376e-02   1.5160105e-02
   5.9005206e-02   1.6599283e-02
   6.2641036e-02   1.7984030e-02
   6.0141803e-02   1.6565816e-02
   5.8778677e-02   1.5116807e-02
   5.7467831e-02   1.6046554e-02
   5.5184398e-02   1.6585122e-02
   5.7639710e-02   1.5620626e-02
   5.6488302e-02   1.8023698e-02
   5.3878841e-02   1.6096068e-02
   5.5137071e-02   1.4675206e-02
   5.3935493e-02   1.5164183e-02
   5.2679510e-02   1.5638712e-02
   5.1323912e-02   1.5608548e-02
   5.3772795e-02   1.6064408e-02
   4.6312045e-02   1.7030086e-02
   5.1374524e-02   1.5623931e-02
   5.5186254e-02   1.6111261e-02
   5.5140292e-02   1.3728418e-02
   4.8856300e-02   1.8939572e-02
   5.5079321e-02   1.5606616e-02
   5.0164112e-02   1.7535715e-02
   5.0165897e-02   1.7061776e-02
   5.2470628e-02   1.6049285e-02
   4.6362375e-02   1.5626303e-02
   4.7526043e-02   1.4177260e-02
   4.5110765e-02   1.5153317e-02
   4.2598972e-02   1.7048643e-02
   4.4971778e-02   1.6997207e-02
   4.2766103e-02   1.7591601e-02
   4.3860336e-02   1.4206725e-02
   4.1347490e-02   1.6575610e-02
   4.5159328e-02   1.3746246e-02
   3.8767693e-02   1.5598638e-02
   4.0134107e-02   1.6592498e-02
   3.5077666e-02   1.8472708e-02
   3.8845381e-02   1.5155788e-02
   3.5083897e-02   1.6104412e-02
   4.0138042e-02   1.5170283e-02
   3.8803322e-02   1.6560310e-02
   3.5053695e-02   1.4195772e-02
   3.4943699e-02   1.6984714e-02
   3.5082719e-02   1.6578071e-02
   3.6302280e-02   1.5614917e-02
   3.2484882e-02   1.4640876e-02
   3.3834112e-02   1.4683828e-02
   4.0062514e-02   1.3720980e-02
   3.3867513e-02   1.4698327e-02
   3.1238140e-02   1.3224344e-02
   2.8788568e-02   1.7037038e-02
   2.7565919e-02   1.6106765e-02
   2.5108598e-02   1.6613960e-02
   2.3762319e-02   1.4657531e-02
   2.8821651e-02   1.4685258e-02
   2.5037612e-02   1.4671703e-02
   2.1280647e-02   1.5619107e-02
   2.0028844e-02   1.5619357e-02
   1.5022567e-02   1.4673529e-02
   1.7508542e-02   1.5131566e-02
   2.1281970e-02   1.4672494e-02
   2.2535164e-02   1.3725648e-02
   2.0028844e-02   1.5619357e-02
   1.7492376e-02   1.4171883e-02
   1.6273436e-02   1.5620018e-02
   1.8758561e-02   1.5604207e-02
   1.7473031e-02   1.6045677e-02
   1.8776430e-02   1.6092914e-02
   2.3738229e-02   1.5115467e-02
   2.3739653e-02   1.4170751e-02
   2.3759278e-02   1.6548825e-02
   2.6236990e-02   1.5114882e-02
   2.8793253e-02   1.4670783e-02
   2.7516626e-02   1.3238270e-02
   2.3785731e-02   1.4671981e-02
   2.5010602e-02   1.6075697e-02
   2.6184674e-02   1.5556612e-02
   2.7540530e-02   1.5144365e-02
   2.6234438e-02   1.6531902e-02
   2.7541373e-02   1.4671104e-02
   2.7541373e-02   1.4671104e-02
   2.8824134e-02   1.3264104e-02
   3.2548895e-02   1.4669735e-02
   3.1266209e-02   1.4655654e-02
   3.2512696e-02   1.6546296e-02
   3.1228165e-02   1.7947323e-02
   3.2512696e-02   1.6546296e-02
   2.7483697e-02   1.6531558e-02
   2.6239313e-02   1.3697862e-02
   3.1362358e-02   1.2802418e-02
   3.1297942e-02   1.4196869e-02
   2.7564041e-02   1.7054221e-02
   5.1374524e-02   1.5623931e-02
   5.3827518e-02   1.5607275e-02
   5.1369349e-02   1.7044288e-02
   5.6270037e-02   1.7007923e-02
   5.6384834e-02   1.6094690e-02
   5.3820198e-02   1.7499066e-02
   5.1264578e-02   1.7955800e-02
   4.8820307e-02   1.5609760e-02
   4.7570006e-02   1.5137303e-02
   5.0025934e-02   1.4648728e-02
   5.3776237e-02   1.5119443e-02
   5.1470841e-02   1.7077951e-02
   5.6494346e-02   1.6600774e-02
   5.7745713e-02   1.7548610e-02
   5.3877032e-02   1.6569482e-02
   5.3922424e-02   1.8481348e-02
   5.0124610e-02   1.4677604e-02
   5.5082746e-02   1.4660760e-02
   5.0016041e-02   1.7483965e-02
   4.3722562e-02   1.6997791e-02
   5.0175587e-02   1.4218147e-02
   5.1325533e-02   1.5135561e-02
   5.2324251e-02   1.3648863e-02
   5.7581052e-02   1.6078139e-02
   5.7584744e-02   1.5132366e-02
   5.8713154e-02   1.6989705e-02
   6.3772708e-02   1.7003180e-02
   6.9889794e-02   1.6494187e-02
   6.6404280e-02   1.7034943e-02
   6.4033214e-02   1.5173584e-02
   6.7737042e-02   1.4209035e-02
   6.6605835e-02   1.6136214e-02
   6.6462523e-02   1.8472708e-02
   6.7716533e-02   1.8471746e-02
   6.6219183e-02   1.4625783e-02
   7.3853958e-02   1.6067499e-02
   7.2819774e-02   1.5641937e-02
   7.1486404e-02   1.7048079e-02
   6.8912483e-02   1.6560012e-02
   7.0165437e-02   1.6559120e-02
   6.7521655e-02   1.7472826e-02
   7.0310981e-02   1.5169625e-02
   7.1218960e-02   1.4150976e-02
   7.0239346e-02   1.5628265e-02
   7.5328334e-02   1.6114081e-02
   7.2592042e-02   1.7958811e-02
   7.3695726e-02   1.8394208e-02
   6.8978109e-02   1.7049937e-02
   7.0380526e-02   1.5184598e-02
   7.5103203e-02   1.6539119e-02
   7.5248846e-02   1.7045167e-02
   7.4002168e-02   1.5625641e-02
   7.9019264e-02   1.5621932e-02
   8.3945033e-02   1.7021054e-02
   8.4095070e-02   1.9423270e-02
   8.0098568e-02   1.8424876e-02
   8.1683643e-02   1.6599324e-02
   8.1454910e-02   1.4186029e-02
   8.2464059e-02   1.4143418e-02
   8.3708491e-02   1.5085345e-02
   8.8869059e-02   1.6999798e-02
   9.5027023e-02   1.7920278e-02
   9.6753327e-02   1.8007151e-02
   9.1531878e-02   1.9869322e-02
   9.0132644e-02   1.5109886e-02
   9.1392611e-02   1.3692374e-02
   9.2721727e-02   1.6067748e-02
   8.7960799e-02   1.7542078e-02
   8.7863997e-02   1.8945740e-02
   9.1646384e-02   1.6574061e-02
   9.6372193e-02   1.7936525e-02
   1.0052663e-01   1.7529256e-02
   9.5127443e-02   1.6993755e-02
   9.1291664e-02   1.5565705e-02
   9.3964983e-02   1.7484228e-02
   9.4057710e-02   1.7501411e-02
   8.9115671e-02   1.9418050e-02
   9.2705260e-02   1.8430652e-02
   9.5230825e-02   1.5592900e-02
   9.8691458e-02   1.6485672e-02
   9.6562384e-02   1.7971769e-02
   9.3968321e-02   1.7011681e-02
   9.1455912e-02   1.7959351e-02
   8.6612139e-02   1.8473346e-02
   9.1372413e-02   1.6997429e-02
   9.1384486e-02   1.5108826e-02
   9.1743122e-02   1.5642364e-02
   9.0304780e-02   1.6085822e-02
   8.9038043e-02   1.7979521e-02
   8.8946938e-02   1.8434539e-02
   8.7617382e-02   1.7000958e-02
   8.5382793e-02   1.4211214e-02
   8.6550312e-02   1.4669499e-02
   7.9251352e-02   1.6142994e-02
   7.8927705e-02   1.7971202e-02
   8.2601649e-02   1.8422556e-02
   8.6359498e-02   1.7946663e-02
   8.3938988e-02   1.7966668e-02
   8.0262579e-02   1.7514418e-02
   8.1764500e-02   1.6615707e-02
   8.0270916e-02   1.6094330e-02
   8.1597204e-02   1.7530571e-02
   8.2683070e-02   1.8440665e-02
   8.5282025e-02   1.7036682e-02
   8.7790320e-02   1.7034397e-02
   8.9223671e-02   1.6592716e-02
   8.5284978e-02   1.6563441e-02
   9.1552763e-02   1.7030847e-02
   9.2904946e-02   1.6099365e-02
   9.5210807e-02   1.8427973e-02
   9.5124071e-02   1.7465804e-02
   9.4343654e-02   1.6604342e-02
   8.9047551e-02   1.6560085e-02
   8.8968454e-02   1.5125776e-02
   8.6701033e-02   1.8017410e-02
   8.9056280e-02   1.5140649e-02
   8.8869059e-02   1.6999798e-02
   8.6526681e-02   1.8455177e-02
   8.7787196e-02   1.7507575e-02
   8.8953517e-02   1.7489178e-02
   9.4067479e-02   1.6082377e-02
   9.8023682e-02   1.6110445e-02
   9.7727054e-02   1.7007899e-02
   9.9074121e-02   1.7496178e-02
   9.6654126e-02   1.8462849e-02
   9.5224522e-02   1.6537925e-02
   9.7627336e-02   1.7463203e-02
   9.6483862e-02   1.5591744e-02
   1.0023970e-01   1.6060557e-02
   1.0149270e-01   1.6059305e-02
   1.0783644e-01   1.9376800e-02
   1.0387385e-01   1.8871795e-02
   1.0273505e-01   1.7474924e-02
   1.0148929e-01   1.6531638e-02
   1.0138932e-01   1.6515438e-02
   1.0149601e-01   1.5586973e-02
   1.0159288e-01   1.6075073e-02
   9.7812769e-02   1.8443323e-02
   9.9171986e-02   1.7513379e-02
   9.2895278e-02   1.7519897e-02
   9.3968321e-02   1.7011681e-02
   8.9122636e-02   1.8470828e-02
   8.8965639e-02   1.5598456e-02
   9.1378626e-02   1.6053128e-02
   8.6615397e-02   1.7999671e-02
   8.2773731e-02   1.7038901e-02
   8.0262579e-02   1.7514418e-02
   8.1361803e-02   1.6534112e-02
   8.1613472e-02   1.4687776e-02
   9.1291664e-02   1.5565705e-02
   6.1400764e-02   1.5145175e-02
   5.6611775e-02   1.5207876e-02
   6.1340271e-02   1.5130274e-02
   6.1453224e-02   1.7055119e-02
   5.8938464e-02   1.8478107e-02
   6.0078361e-02   1.7495202e-02
   6.6469814e-02   1.7051730e-02
   6.3965886e-02   1.6106043e-02
   6.2653841e-02   1.5144446e-02
   6.5282356e-02   1.6595274e-02
   6.1320702e-02   1.9385663e-02
   5.7749776e-02   1.6600037e-02
   6.1271818e-02   1.7004827e-02
   6.1461376e-02   1.5160105e-02
   6.1400764e-02   1.5145175e-02
   6.1398821e-02   1.5618461e-02
   6.2586003e-02   1.6547942e-02
   6.3893857e-02   1.7983147e-02
   6.2643322e-02   1.7510766e-02
   6.0262668e-02   1.6124270e-02
   6.3837723e-02   1.6547131e-02
   6.4969765e-02   1.4626525e-02
   6.6410970e-02   1.5615365e-02
   6.6406574e-02   1.6561750e-02
   6.7447748e-02   1.8871002e-02
   6.8706883e-02   1.6983008e-02
   6.7466545e-02   1.5096802e-02
   7.0170082e-02   1.5612884e-02
   6.6478631e-02   1.5157094e-02
   6.6476524e-02   1.5630753e-02
   6.6275880e-02   1.6529205e-02
   6.8897195e-02   1.9398872e-02
   6.7713925e-02   1.8945380e-02
   6.7597348e-02   1.5599197e-02
   6.5157933e-02   1.5616162e-02
   6.1275976e-02   1.6060114e-02
   5.8828814e-02   1.7023143e-02
   6.3967976e-02   1.5632336e-02
   6.0196934e-02   1.7529700e-02
   6.1202586e-02   1.8875698e-02
   4.6319582e-02   1.4664797e-02
   5.0024406e-02   1.5121267e-02
   4.8869996e-02   1.5151658e-02
   4.5064899e-02   1.5611466e-02
   4.6405062e-02   1.6589706e-02
   2.7511663e-02   1.6075042e-02
   2.8765763e-02   1.4183551e-02
   2.8763127e-02   1.5601906e-02
   3.1265254e-02   1.5128417e-02
   3.0011719e-02   1.6547099e-02
   3.0041281e-02   1.6563409e-02
   2.1300937e-02   1.6108295e-02
   2.0030683e-02   1.4199416e-02
   2.0049229e-02   1.5160992e-02
   2.1279241e-02   1.6565719e-02
   2.1345062e-02   1.4716021e-02
   2.1281970e-02   1.4672494e-02
   2.0009132e-02   1.5603973e-02
   1.5064099e-02   1.7565528e-02
   1.8812863e-02   1.6598967e-02
   2.0010966e-02   1.4185430e-02
   1.9971647e-02   1.4157540e-02
   1.8778765e-02   1.4199630e-02
   1.7543613e-02   1.4687640e-02
   1.8816910e-02   1.3279174e-02
   1.5022567e-02   1.4673529e-02
   1.7524668e-02   1.6093141e-02
   1.7543075e-02   1.5161435e-02
   1.6258910e-02   1.4186029e-02
   2.0050439e-02   1.4213430e-02
   1.7544134e-02   1.4213845e-02
   1.6289483e-02   1.5635435e-02
   2.0028844e-02   1.5619357e-02
   2.4986823e-02   1.5587531e-02
   2.4960641e-02   1.6515981e-02
   2.5038354e-02   1.4198422e-02
   2.6289492e-02   1.4671410e-02
   2.5036845e-02   1.5144983e-02
   2.3760844e-02   1.5603178e-02
   2.8790526e-02   1.6090536e-02
   3.0044215e-02   1.5143688e-02
   2.6263615e-02   1.4656962e-02
   2.8791463e-02   1.5617285e-02
   3.0017307e-02   1.3710453e-02
   3.3830900e-02   1.6104843e-02
   3.2544721e-02   1.6562604e-02
   3.9974914e-02   1.6999444e-02
   3.8804622e-02   1.6087158e-02
   3.8955460e-02   1.7100858e-02
   4.0055042e-02   1.6559803e-02
   3.8810561e-02   1.3721400e-02
   3.6377300e-02   1.4223410e-02
   4.2477600e-02   1.5581829e-02
   4.5106352e-02   1.6573940e-02
   4.2553955e-02   1.7978062e-02
   3.9980175e-02   1.5110617e-02
   3.6412165e-02   1.4712050e-02
