   1.9270621e-01   1.4242108e-01
  -4.0490455e-01   2.9214719e-02
  -4.0500811e-01   1.6265117e-02
  -4.0705460e-01   1.3623033e-02
  -4.1052324e-01   9.4657388e-03
  -4.0959695e-01   6.1990816e-03
  -3.8644252e-01  -4.8185656e-03
  -3.8531810e-01  -1.5438745e-02
  -3.9127963e-01  -1.8405726e-02
  -3.8741838e-01  -2.4748278e-02
  -3.7075391e-01  -2.7526251e-02
  -3.7164826e-01  -3.6787776e-02
  -3.6089151e-01  -5.0485483e-02
  -3.3603448e-01  -6.1898305e-02
  -3.1888181e-01  -6.9048672e-02
  -3.1150686e-01  -7.2149268e-02
  -2.7808044e-01  -8.9238606e-02
  -2.8486250e-01  -8.5946751e-02
  -2.8591559e-01  -9.1090457e-02
  -2.4166677e-01  -1.0432282e-01
  -2.0648928e-01  -1.1320113e-01
  -1.9504669e-01  -1.1173242e-01
  -1.7077761e-01  -1.1922669e-01
  -1.7200312e-01  -1.1289305e-01
  -1.3055610e-01  -1.1399919e-01
  -1.0901068e-01  -1.2220972e-01
  -8.4894631e-02  -1.2555422e-01
  -7.9956867e-02  -1.2620279e-01
  -3.7437147e-02  -1.3623840e-01
   0.0000000e+00  -1.2413793e-01
   0.0000000e+00  -1.2896970e-01
   2.7040961e-02  -1.2476981e-01
   5.1697188e-02  -1.2385455e-01
   7.0298220e-02  -1.2968634e-01
   9.8019468e-02  -1.2566115e-01
   1.1837765e-01  -1.2501943e-01
   1.4175869e-01  -1.2152062e-01
   1.4208408e-01  -1.3354156e-01
   1.6283318e-01  -9.5763946e-02
   1.8207207e-01  -1.0357434e-01
   1.9732872e-01  -8.3866909e-02
   2.1233122e-01  -9.0064465e-02
   2.4246697e-01  -8.3719757e-02
   2.1070637e-01   1.5072574e-01
   1.9644333e-01   1.5519066e-01
   1.8967800e-01   1.6735488e-01
   1.8172808e-01   1.6772593e-01
   1.2886428e-01   1.7813804e-01
   9.2817320e-02   1.7800549e-01
   7.1393692e-02   1.7565182e-01
   4.9069702e-02   1.8308845e-01
   3.4313118e-02   1.8410299e-01
   2.0440856e-02   1.8586228e-01
   1.0157359e-02   1.8397612e-01
  -3.2983985e-02   1.8965753e-01
  -4.7298422e-02   1.8945856e-01
  -7.0725339e-02   1.8396798e-01
  -8.0729684e-02   1.8729985e-01
  -1.1855219e-01   1.8805277e-01
  -1.5909705e-01   1.8344521e-01
  -1.7216171e-01   1.9627240e-01
  -1.9451170e-01   1.8261021e-01
  -2.1845771e-01   1.8521236e-01
  -2.4202640e-01   1.7772937e-01
  -2.6400330e-01   1.6033209e-01
  -2.9676149e-01   1.5636299e-01
  -3.3695730e-01   1.7108098e-01
  -3.5976093e-01   1.4392202e-01
  -4.1623489e-01   1.4728651e-01
  -4.1812673e-01   1.4528544e-01
  -4.2772566e-01   1.4184188e-01
  -4.2720099e-01   1.2194519e-01
  -4.3876484e-01   1.1763232e-01
  -4.5909087e-01   1.1956336e-01
  -4.6007345e-01   1.1362323e-01
  -4.8474939e-01   1.0503512e-01
  -4.9376410e-01   9.5647056e-02
  -5.1686253e-01   7.8787563e-02
  -5.1481615e-01   7.0913517e-02
  -5.3127791e-01   6.1941838e-02
  -5.2913289e-01   5.5020295e-02
  -5.1414615e-01   3.3916829e-02
  -5.3246953e-01   9.0434546e-03
  -5.2830655e-01   1.1761157e-02
  -5.1048773e-01  -1.3336372e-02
  -5.0630161e-01  -7.6053771e-03
  -4.9390321e-01  -1.7076816e-02
  -4.7114701e-01  -2.9801752e-02
  -4.6390619e-01  -3.8792698e-02
  -4.5957299e-01  -4.7026740e-02
  -4.4618714e-01  -6.2831246e-02
   2.5559006e-01  -1.5841729e-01
   2.1806263e-01  -1.1216518e-01
   2.5512228e-01  -1.3350538e-01
   2.7173458e-01  -1.1307243e-01
   3.6790705e-01  -8.9503833e-02
   3.8412113e-01  -8.0516575e-02
   3.6333389e-01  -6.5941468e-02
   3.4644295e-01  -5.6636310e-02
   3.9875943e-01  -3.2224382e-02
   3.8573112e-01  -9.4481765e-02
   3.0471266e-01  -1.8447958e-02
   3.8895803e-01  -3.9326829e-02
   3.8368070e-01  -3.1427692e-02
   4.1528832e-01  -1.9294967e-02
   4.1419183e-01  -2.5221331e-02
   3.9854286e-01  -9.6754155e-03
   3.7805247e-01   0.0000000e+00
   3.9843586e-01   6.9532154e-03
   3.3009109e-01  -1.5500134e-02
   3.8098440e-01   7.1035623e-02
   5.2401671e-01  -3.2613138e-02
   2.8730180e-01   6.0522789e-02
   3.7501843e-01   4.8436279e-02
   3.7403062e-01   4.8544787e-02
   4.3740312e-01   4.4132523e-02
   3.4683639e-01   8.2280128e-02
   3.6329349e-01   1.8607307e-02
   3.4201065e-01   1.1539707e-01
   3.4281414e-01   8.1775331e-02
   3.5305959e-01   9.2360002e-02
   3.0610154e-01   1.1669602e-01
   3.4375894e-01   7.8786299e-02
   2.6470359e-01   1.2224284e-01
   2.5198983e-01   1.0670499e-01
   2.3978304e-01   1.2695726e-01
   2.4795893e-01   1.3078359e-01
   2.4289636e-01   1.2160098e-01
   2.0484747e-01   1.4713854e-01
   2.0528578e-01   1.3069059e-01
   1.6801236e-01   1.3523156e-01
   1.5115448e-01   1.3877246e-01
   1.4807640e-01   1.2626011e-01
  -4.5726266e-01   2.1392165e-02
  -4.5059780e-01   1.2565309e-02
  -4.1956350e-01  -1.6057315e-02
  -4.2000914e-01  -1.4792385e-02
  -4.3218660e-01  -6.2051014e-03
  -4.2587844e-01  -4.2824365e-02
  -4.2563454e-01  -3.4670170e-02
  -3.9316266e-01  -5.0602423e-02
  -3.6739714e-01  -7.0506938e-02
  -3.7065639e-01  -6.9363805e-02
  -3.4066110e-01  -7.7594976e-02
  -3.1479368e-01  -8.5839919e-02
  -3.0085899e-01  -9.7534361e-02
  -2.8351518e-01  -9.4475306e-02
  -2.3496186e-01  -1.2259008e-01
  -2.5088958e-01  -1.2408949e-01
  -2.4789215e-01  -1.2389483e-01
  -2.1507492e-01  -1.3609947e-01
  -1.9390797e-01  -1.2753278e-01
  -1.7050387e-01  -1.4309522e-01
  -1.6315326e-01  -1.3123648e-01
  -1.3724065e-01  -1.2852402e-01
  -1.1096714e-01  -1.3355461e-01
  -8.4372675e-02  -1.3625268e-01
  -5.4737550e-02  -1.2783969e-01
  -3.8125591e-02  -1.3301958e-01
  -4.8518565e-02  -1.2401564e-01
  -5.0118389e-03  -1.4010159e-01
  -9.9630637e-03  -1.3811785e-01
   1.8578073e-02  -1.3886715e-01
   5.1197255e-02  -1.3310805e-01
   1.0712849e-01  -1.4080635e-01
   1.3399356e-01  -1.3307831e-01
   1.7621038e-01  -1.3205166e-01
   2.0213625e-01  -1.2553847e-01
   2.1274742e-01  -1.1601375e-01
   2.2788306e-01  -1.1680902e-01
   2.3291452e-01  -1.0933444e-01
   2.5281894e-01  -1.0987261e-01
   2.7818733e-01  -1.0366076e-01
   2.9661628e-01  -1.0463085e-01
   3.0064207e-01  -9.3319151e-02
   3.1696558e-01  -9.0964843e-02
   3.2412075e-01  -8.4605542e-02
   3.3387149e-01  -7.8168646e-02
   3.4893033e-01  -6.8221591e-02
   3.5171181e-01  -5.1064101e-02
   8.8316775e-02   1.7018162e-01
   2.9304374e-02   1.8718718e-01
   3.8328125e-02   1.8409571e-01
   2.4820445e-02   1.7409959e-01
  -2.2013194e-02   1.9796520e-01
  -6.4903229e-02   2.0153154e-01
  -5.7077583e-02   2.0021863e-01
  -8.7288794e-02   2.0162492e-01
  -8.4899718e-02   1.9772251e-01
  -1.0716803e-01   1.8568282e-01
  -1.2933601e-01   1.7465896e-01
  -1.5800332e-01   1.8037454e-01
  -1.9991178e-01   1.8169829e-01
  -2.2864917e-01   1.7905863e-01
  -2.5398240e-01   1.8063284e-01
  -2.6538573e-01   1.8169875e-01
  -2.6078365e-01   1.5818882e-01
  -2.9070567e-01   1.4994004e-01
  -2.9084392e-01   1.3206380e-01
  -3.1134951e-01   1.3727606e-01
  -3.1868124e-01   1.3106886e-01
  -3.2251036e-01   1.2772130e-01
  -3.3518808e-01   1.1715107e-01
  -3.4960732e-01   1.1213697e-01
  -3.4917411e-01   9.9826548e-02
  -3.5105588e-01   9.9583778e-02
  -3.5492101e-01   8.9110765e-02
  -3.7035492e-01   8.9779520e-02
  -3.5673699e-01   5.6899376e-02
  -3.7539527e-01   3.9370668e-02
  -3.9581866e-01   2.3576547e-02
  -4.0322215e-01   1.7339796e-02
  -3.9701587e-01   6.0948866e-03
  -3.9190756e-01  -6.0020258e-03
  -3.9011032e-01  -1.6158950e-02
  -3.8449759e-01  -2.7277815e-02
  -3.5653806e-01  -4.7855590e-02
  -3.5912296e-01  -5.9467592e-02
  -3.5524837e-01  -6.5987719e-02
  -3.5776998e-01  -7.2050561e-02
  -3.5970735e-01  -7.1393567e-02
  -3.5328927e-01  -7.0974563e-02
  -3.3079518e-01  -7.9348919e-02
  -3.0989032e-01  -8.9325523e-02
  -3.0903552e-01  -9.6048949e-02
  -2.8733228e-01  -1.0503907e-01
  -2.9147221e-01  -1.0559919e-01
   3.2956720e-01  -9.8851059e-02
   3.3494062e-01  -8.5871667e-02
   3.5531266e-01  -8.0444385e-02
   3.8770276e-01  -7.6959999e-02
   3.9748555e-01  -7.5564078e-02
   3.9717631e-01  -6.4661733e-02
   4.1175908e-01  -5.8824903e-02
   4.1762160e-01  -4.7434022e-02
   4.0923829e-01  -2.9499200e-02
   4.2187987e-01  -3.7831990e-02
   4.0734405e-01  -2.7446726e-02
   4.3405032e-01  -1.9248054e-02
   4.3498268e-01   1.3886933e-03
   3.9033637e-01   1.5884929e-02
   4.2868950e-01   2.6637658e-02
   4.2418562e-01   2.9261691e-02
   3.8610485e-01   3.4528490e-02
   3.9004372e-01   4.3000672e-02
   4.0364258e-01   4.7155968e-02
   3.6046622e-01   6.5915648e-02
   3.6326516e-01   5.7766966e-02
   3.6114569e-01   7.0967270e-02
   3.6484558e-01   6.6907583e-02
   3.4317603e-01   8.9052844e-02
   3.7032143e-01   8.4639754e-02
   3.4408064e-01   8.8695142e-02
   3.4297057e-01   1.0462363e-01
   2.9695195e-01   1.0873127e-01
   2.7258280e-01   1.0748552e-01
   2.4464029e-01   1.4385897e-01
   2.1702074e-01   1.3026452e-01
   1.9450122e-01   1.5356448e-01
   1.4253086e-01   1.4468729e-01
   1.8308774e-01   1.4726266e-01
   1.0504127e-01   1.6763614e-01
   1.0425965e-01   1.7023691e-01
   6.0695790e-02   1.8346996e-01
   4.6487285e-02   1.8513856e-01
   1.9092461e-02   1.8036218e-01
   3.7909941e-03   1.8769134e-01
  -3.2657138e-02   1.9161985e-01
  -8.1984657e-02   2.0056980e-01
  -1.0154082e-01   1.9018918e-01
  -1.2692903e-01   1.8836262e-01
  -1.1629556e-01   1.7870162e-01
  -1.3623430e-01   1.7681272e-01
  -1.7744321e-01   1.7328368e-01
  -3.2905784e-01  -3.4005203e-02
  -3.2130007e-01  -4.4214417e-02
  -3.3364160e-01  -4.9329208e-02
  -3.0008006e-01  -6.5384668e-02
  -2.8938911e-01  -6.4956145e-02
  -2.8623173e-01  -7.1290005e-02
  -2.8491186e-01  -7.4084279e-02
  -2.6686899e-01  -7.9365252e-02
  -2.4812467e-01  -8.8332544e-02
  -2.4673140e-01  -9.4742926e-02
  -2.0906000e-01  -1.0815548e-01
  -1.8846676e-01  -1.0481471e-01
  -1.6508638e-01  -1.0861455e-01
  -1.4770562e-01  -1.0687984e-01
  -1.3588788e-01  -1.0704444e-01
  -1.2891564e-01  -1.0502457e-01
  -9.6885840e-02  -1.2871896e-01
  -8.0759503e-02  -1.3677538e-01
  -7.8382858e-02  -1.4057383e-01
  -3.9669131e-02  -1.4207666e-01
  -3.3857378e-02  -1.3322965e-01
  -1.3335739e-02  -1.3211098e-01
   0.0000000e+00  -1.3447657e-01
   2.4243960e-02  -1.4134515e-01
   3.6145714e-02  -1.5339767e-01
   4.1102174e-02  -1.4606569e-01
   6.0727192e-02  -1.4305554e-01
   7.9508549e-02  -1.4840057e-01
   9.3476627e-02  -1.4534485e-01
   1.0869837e-01  -1.3265141e-01
   1.3560687e-01  -1.4924703e-01
   1.2923181e-01  -1.4002754e-01
   1.3951206e-01  -1.3187172e-01
   1.6047939e-01  -1.2634990e-01
   1.6445592e-01  -1.0932890e-01
   1.6356866e-01  -1.0458906e-01
   1.7997401e-01  -1.0060829e-01
   1.8452578e-01  -9.3925665e-02
   1.8657203e-01  -9.2213936e-02
   2.0567720e-01  -9.5091250e-02
   1.9887639e-01  -7.8540540e-02
   2.3918897e-01  -8.3637323e-02
   2.4910365e-01  -8.3565091e-02
   2.3553371e-01  -5.5949629e-02
   2.4645350e-01  -4.8272367e-02
   2.6085796e-01  -4.0069267e-02
   2.7841946e-01  -3.9378305e-02
   7.5489148e-02   1.4007682e-01
   4.3866060e-02   1.3578946e-01
   5.9888681e-02   1.4195957e-01
   1.8806701e-02   1.2746206e-01
   0.0000000e+00   1.3798768e-01
  -6.2957132e-03   1.2911534e-01
  -2.2801419e-02   1.2939912e-01
  -5.1427217e-02   1.3428133e-01
  -7.5742683e-02   1.1977389e-01
  -1.0525604e-01   1.3007325e-01
  -1.3809827e-01   1.1815097e-01
  -1.5434399e-01   1.2090326e-01
  -1.5626462e-01   1.1000924e-01
  -1.8613830e-01   1.2357008e-01
  -1.9193489e-01   1.2448952e-01
  -1.9546430e-01   1.1380339e-01
  -2.2261579e-01   1.0570329e-01
  -2.5292133e-01   8.6882595e-02
  -2.6158669e-01   8.3546938e-02
  -2.8433053e-01   4.9524853e-02
  -2.9208364e-01   6.2765175e-02
  -2.5775048e-01   3.0234611e-02
  -3.4979075e-01   1.0705266e-02
  -3.6249375e-01   2.9601668e-02
  -3.5021460e-01   6.8191063e-03
  -3.4139346e-01  -4.8487693e-03
  -3.4839135e-01   5.8164937e-03
  -3.5811136e-01  -2.8562200e-02
  -3.2816774e-01  -2.4408350e-03
  -3.1722991e-01  -6.7046181e-02
  -3.7608211e-01  -4.2395431e-02
  -3.3735204e-01  -7.1616881e-02
  -3.2997833e-01  -7.3960918e-02
  -3.0139838e-01  -7.2473347e-02
  -3.2240567e-01  -8.7260544e-02
  -2.9609205e-01  -8.9755961e-02
  -3.0764133e-01  -9.4718055e-02
  -3.2295659e-01  -9.4352133e-02
  -2.9063970e-01  -9.0816294e-02
  -2.6846335e-01  -1.1951355e-01
  -2.8293951e-01  -1.0146978e-01
  -2.5106911e-01  -1.1425867e-01
  -2.3344701e-01  -1.0657396e-01
  -2.2643500e-01  -1.0034069e-01
  -2.2933932e-01  -1.0636206e-01
  -1.8509693e-01  -1.1413728e-01
  -1.9041652e-01  -9.9962375e-02
  -1.5236832e-01  -9.8062267e-02
   4.2038838e-01   3.5320880e-02
   4.1412343e-01   4.5112422e-02
   4.2130772e-01   3.9740207e-02
   3.8434654e-01   6.1118872e-02
   3.9036302e-01   7.1049671e-02
   3.9550965e-01   7.0503779e-02
   4.1927328e-01   6.6849008e-02
   3.8785458e-01   7.5408581e-02
   3.7754248e-01   7.3165167e-02
   3.5727869e-01   7.3260913e-02
   3.1172090e-01   9.2564306e-02
   3.1046001e-01   7.9518983e-02
   3.2673014e-01   7.5068472e-02
   3.2538937e-01   7.0074554e-02
   3.0421755e-01   6.9008675e-02
   2.7313061e-01   8.4530824e-02
   2.4780338e-01   8.9249977e-02
   2.2571110e-01   9.9601428e-02
   2.3784929e-01   1.0279389e-01
   2.2785678e-01   1.0448412e-01
   1.9514146e-01   1.1636195e-01
   1.7587446e-01   1.2035860e-01
   1.4567297e-01   1.2823558e-01
   1.1372600e-01   1.1889308e-01
   9.9992743e-02   1.1837922e-01
   1.1091663e-01   1.1396881e-01
   7.8971529e-02   1.1827005e-01
   5.2071328e-02   1.2014015e-01
   1.5178425e-02   1.3026865e-01
  -1.1444188e-02   1.3963931e-01
  -3.1226277e-02   1.5251891e-01
  -3.9899994e-02   1.3399601e-01
  -7.2966581e-02   1.5171657e-01
  -8.3160404e-02   1.3835652e-01
  -1.0474064e-01   1.4023127e-01
  -1.4681363e-01   1.3939737e-01
  -1.7953902e-01   1.4625053e-01
  -1.7443062e-01   1.4302112e-01
  -1.9845728e-01   1.5054036e-01
  -2.1831455e-01   1.5390927e-01
  -2.3367349e-01   1.5272509e-01
  -2.5471504e-01   1.5718007e-01
  -2.3076186e-01   1.3308461e-01
  -2.8680148e-01   1.3893938e-01
  -2.8547988e-01   1.2957585e-01
  -3.4079639e-01   1.1901575e-01
  -3.7182658e-01   1.1476352e-01
  -4.1340946e-01   1.0903303e-01
  -1.3011359e-01  -9.5779460e-02
  -9.7772696e-02  -1.0944385e-01
  -6.0387671e-02  -1.2463984e-01
  -6.4237431e-02  -1.1385236e-01
  -3.7395504e-02  -1.1016122e-01
   3.6916646e-03  -1.1426244e-01
   4.0538570e-02  -1.1147938e-01
   6.6407799e-02  -1.0899930e-01
   9.3626171e-02  -1.1155336e-01
   1.4868316e-01  -1.1227231e-01
   1.4670556e-01  -8.9354603e-02
   1.3114452e-01  -6.9652155e-02
   1.4724161e-01  -7.9211648e-02
   1.7582373e-01  -8.3146412e-02
   1.9184215e-01  -7.2998517e-02
   2.0918331e-01  -7.3172495e-02
   2.4631270e-01  -5.7588360e-02
   2.9507421e-01  -6.9244624e-02
   2.8474053e-01  -4.8013911e-02
   2.7087424e-01  -4.0190374e-02
   3.3030262e-01  -1.9141053e-02
   3.6112630e-01  -5.7793921e-02
   3.3100427e-01  -2.3198640e-02
   3.7960166e-01  -2.9114242e-02
   3.6888947e-01  -1.4883714e-02
   4.1639805e-01  -1.1894143e-02
   3.9895451e-01  -2.3128075e-03
   4.0490511e-01  -7.8449318e-03
   4.0326317e-01   8.7358526e-03
   3.9167480e-01   1.7004226e-02
   3.8852629e-01   3.6840545e-02
   3.8180888e-01   5.3010291e-02
   4.1714959e-01   2.6366320e-02
   3.7147680e-01   5.7435980e-02
   3.8139428e-01   5.7711206e-02
   3.4983813e-01   6.9498329e-02
   3.8579869e-01   6.3723737e-02
   3.5917512e-01   7.2522010e-02
   3.6178646e-01   6.0075175e-02
   3.5229107e-01   6.7372324e-02
   3.1366131e-01   1.0769552e-01
   3.8302668e-01   1.0250537e-01
   2.9236301e-01   6.6329178e-02
   2.4740783e-01   1.3074080e-01
   2.8730839e-01   1.0563000e-01
   2.6449835e-01   1.0046472e-01
   2.8573657e-01   1.3956158e-01
