   8.1059494e-02   1.8166574e-02
  -5.2787023e-02   1.4719952e-02
  -5.9127853e-02   1.5206505e-02
  -6.8136512e-02   1.5246441e-02
  -7.5349692e-02   1.1374645e-02
  -9.0528264e-02   5.6885345e-03
  -9.5638357e-02   9.9618702e-03
  -9.4259633e-02   1.5166164e-02
  -9.8120722e-02   1.6126317e-02
  -1.0441051e-01   1.6119983e-02
  -1.1690187e-01   1.2304384e-02
  -1.3002057e-01   5.6958695e-03
  -1.3872062e-01   5.2122917e-03
  -1.4457562e-01   9.4439301e-03
  -1.4848800e-01   1.0394965e-02
  -1.5288460e-01   1.4113219e-02
  -1.5964018e-01   1.2259894e-02
  -1.6939583e-01   7.5222970e-03
  -1.7459486e-01   6.1145858e-03
  -1.7066186e-01   5.1709071e-03
  -1.6687119e-01   9.8755542e-03
  -1.6310376e-01   1.0349738e-02
  -1.6400592e-01   1.3614664e-02
  -1.7235673e-01   1.4613188e-02
  -1.8012177e-01   1.0843805e-02
  -1.8160435e-01   3.3030429e-03
  -1.8069655e-01   6.1045180e-03
  -1.7816679e-01   9.3941379e-03
  -1.8834983e-01   1.3619459e-02
  -1.9783866e-01   1.0757761e-02
  -2.0952559e-01   1.0295543e-02
  -2.2128253e-01   7.0228831e-03
  -2.2699738e-01   5.1614876e-03
  -2.2396349e-01   3.7257575e-03
  -2.2655383e-01   3.7465982e-03
  -2.3565003e-01   9.3176968e-03
  -2.3905564e-01   1.3090061e-02
  -2.4161269e-01   9.8139903e-03
  -2.2986230e-01   6.0734134e-03
  -2.2462901e-01   3.2694092e-03
  -2.2106370e-01   7.0161410e-03
  -2.1831269e-01   9.8164332e-03
  -2.1980078e-01   7.9529520e-03
  -2.2122790e-01   1.2641189e-02
  -2.0761196e-01   1.2206548e-02
  -2.0008954e-01   9.3983957e-03
  -1.9181181e-01   3.2796834e-03
  -1.8644477e-01   7.5382275e-03
  -1.8354818e-01   9.4071726e-03
   2.2755880e-02   1.6252368e-02
   3.1578895e-02   1.3846463e-02
   3.5301046e-02   1.2388459e-02
   3.1610322e-02   1.3860246e-02
   3.2803215e-02   1.6694227e-02
   5.5522037e-02   1.4300444e-02
   4.8044833e-02   1.4810113e-02
   5.7871603e-02   1.4731973e-02
   7.0800701e-02   1.5275062e-02
   7.6808871e-02   1.6636232e-02
   8.0814795e-02   1.8589211e-02
   8.7657616e-02   1.7735524e-02
   7.8367193e-02   1.8609968e-02
   7.7196514e-02   1.5763496e-02
   8.3440996e-02   1.5742914e-02
   9.0941821e-02   1.4768120e-02
   1.0123093e-01   1.7173774e-02
   1.0123449e-01   1.6696725e-02
   1.0342001e-01   2.0924639e-02
   1.1388067e-01   1.7636022e-02
   1.2757117e-01   1.4731763e-02
   1.3360354e-01   1.6591551e-02
   1.4168441e-01   2.0451157e-02
   1.4971515e-01   2.0974480e-02
   1.4559840e-01   2.2368133e-02
   1.4180673e-01   2.1899547e-02
   1.4225672e-01   2.0054540e-02
   1.6104660e-01   1.5222627e-02
   1.7053084e-01   1.3254090e-02
   1.8293077e-01   1.8071483e-02
   1.8229713e-01   2.3234347e-02
   1.8759922e-01   2.0397637e-02
   2.0491849e-01   2.1259873e-02
   2.0720358e-01   2.3119882e-02
   2.1885181e-01   2.0278826e-02
   2.2463629e-01   1.7488169e-02
   2.3288265e-01   2.0835476e-02
   2.3524423e-01   2.2586010e-02
   2.5399670e-01   2.1200928e-02
   2.5494171e-01   2.4120568e-02
   2.5249667e-01   2.0243069e-02
   2.6112889e-01   1.9726471e-02
   2.5887298e-01   1.8812539e-02
   2.6250754e-01   2.5381909e-02
   2.6783264e-01   2.5855998e-02
   2.7492959e-01   2.4837663e-02
   2.8474779e-01   2.1587177e-02
   2.9087625e-01   1.9201672e-02
   2.8236010e-01   2.1042070e-02
   2.8887629e-01   2.0654943e-02
   2.8204917e-01   1.6416359e-02
   2.7817423e-01   1.9242750e-02
   2.6631200e-01   2.5366699e-02
   2.6656329e-01   2.5861221e-02
   2.6092102e-01   2.7241317e-02
   2.5294408e-01   2.2640468e-02
   2.4665542e-01   1.9829231e-02
   2.4090320e-01   1.6959925e-02
   2.3932247e-01   1.7031840e-02
   2.3000655e-01   2.5081818e-02
   2.3383110e-01   2.4595490e-02
   2.2595205e-01   2.2099960e-02
   2.2455255e-01   2.1742048e-02
   2.2480686e-01   2.0343814e-02
   2.2821578e-01   1.7462181e-02
   2.1170062e-01   1.9392316e-02
   2.0490352e-01   1.9962059e-02
   1.9369070e-01   2.3204103e-02
   2.0041954e-01   2.3231808e-02
   2.0347742e-01   1.9826383e-02
   1.9862774e-01   1.9385089e-02
   1.8327094e-01   1.8927135e-02
   1.7616773e-01   2.1848304e-02
   1.6731097e-01   2.0917813e-02
   1.6226810e-01   1.9025901e-02
   1.6433068e-01   1.7542796e-02
   1.6574063e-01   1.8981360e-02
   1.5969885e-01   2.1409479e-02
   1.5481620e-01   1.9058689e-02
   1.3941963e-01   2.1449301e-02
   1.2308149e-01   2.0065821e-02
   1.2461912e-01   1.8189069e-02
   1.1218766e-01   1.5194001e-02
   1.1632599e-01   1.3806698e-02
   1.1170282e-01   1.5300869e-02
   9.6238768e-02   2.0539805e-02
   8.8472078e-02   1.9554125e-02
   8.7485898e-02   1.7221871e-02
   7.9795915e-02   1.7689620e-02
   7.0868931e-02   1.5768065e-02
   5.9726295e-02   1.3438589e-02
   3.6702315e-02   1.4829296e-02
   1.8981468e-02   1.6747878e-02
   7.5917618e-03   1.8185118e-02
  -5.0568622e-03   1.6254851e-02
  -7.6016074e-03   1.3891967e-02
  -1.1392818e-02   1.1006536e-02
  -7.5953815e-03   1.0528226e-02
  -8.8503639e-03   1.4820357e-02
  -2.1485193e-02   2.0076803e-02
  -2.6575849e-02   1.5789162e-02
  -2.0302303e-01   7.5309682e-03
  -2.1054003e-01   1.2696501e-02
  -2.1725307e-01   1.1699386e-02
  -2.3051546e-01   9.8391673e-03
  -2.3910963e-01   8.4150393e-03
  -2.4267889e-01   2.8008078e-03
  -2.4946429e-01   0.0000000e+00
  -2.5548581e-01   6.5292280e-03
  -2.5517927e-01   1.1648240e-02
  -2.5491122e-01   1.3098395e-02
  -2.6547016e-01   1.3503735e-02
  -2.6756559e-01   1.3937362e-03
  -2.7537502e-01  -1.3933636e-03
  -2.8123244e-01   3.7231088e-03
  -2.7493057e-01   2.7952300e-03
  -2.8288072e-01   7.8858986e-03
  -2.8536795e-01   1.0200975e-02
  -2.8371833e-01   8.3734690e-03
  -2.7968862e-01   4.6504555e-03
  -2.7871677e-01   1.8623318e-03
  -2.7744124e-01   5.1224753e-03
  -2.7490075e-01   7.4539468e-03
  -2.7253271e-01   9.7483031e-03
  -2.6579094e-01   9.3217724e-03
  -2.5977629e-01   6.5378899e-03
  -2.6004924e-01   4.2069391e-03
  -2.5173241e-01   1.8665592e-03
  -2.4968789e-01   6.5479133e-03
  -2.4690933e-01   7.9464103e-03
  -2.3585103e-01   1.2124576e-02
  -2.2651646e-01   9.3664956e-03
  -2.2594904e-01   7.0463828e-03
  -2.1626663e-01   4.6850254e-03
  -2.1206694e-01   6.5886786e-03
  -2.0109996e-01   7.5552465e-03
  -1.9250270e-01   1.3169574e-02
  -1.8909188e-01   1.4143848e-02
  -1.8660044e-01   1.1318333e-02
  -1.8138921e-01   9.8994949e-03
  -1.6772584e-01   5.1981548e-03
  -1.6030237e-01   8.5208385e-03
  -1.6137200e-01   1.2767184e-02
  -1.5492633e-01   1.1344425e-02
  -1.4922713e-01   1.0446029e-02
  -1.4107751e-01   1.0412115e-02
  -1.3239145e-01   1.0430048e-02
  -1.2496432e-01   7.5974947e-03
  -1.1737999e-01   9.9773376e-03
  -1.1600258e-01   9.9684151e-03
  -1.0727304e-01   1.1886077e-02
   7.8540251e-02   1.5778207e-02
   7.8311013e-02   1.4777876e-02
   6.5296426e-02   1.3276219e-02
   7.2956552e-02   1.7097643e-02
   7.8303461e-02   1.6207993e-02
   8.3416531e-02   1.9559378e-02
   1.0103672e-01   1.6187601e-02
   1.0774279e-01   2.0545441e-02
   1.0752371e-01   2.0981621e-02
   1.1114040e-01   1.6176909e-02
   1.0492630e-01   1.6676180e-02
   1.0945281e-01   1.4692758e-02
   1.2767230e-01   1.7600410e-02
   1.3439374e-01   1.7643610e-02
   1.3482252e-01   2.0381788e-02
   1.4450822e-01   2.0010510e-02
   1.4800961e-01   2.0439671e-02
   1.5420641e-01   1.8509268e-02
   1.6321024e-01   1.8986185e-02
   1.8059064e-01   1.7022574e-02
   1.8218818e-01   1.8948286e-02
   1.8111037e-01   1.8495234e-02
   1.7961991e-01   2.1322762e-02
   1.8543002e-01   1.8884936e-02
   1.8759922e-01   2.0397637e-02
   1.9521286e-01   1.9905668e-02
   2.0184412e-01   1.7906154e-02
   2.1358810e-01   1.9801119e-02
   2.1374341e-01   2.2651790e-02
   2.1591619e-01   2.0367860e-02
   2.2725477e-01   2.0215630e-02
   2.3193306e-01   2.1698320e-02
   2.4290781e-01   1.9271228e-02
   2.3573524e-01   2.1686731e-02
   2.3912198e-01   1.8811509e-02
   2.5120578e-01   2.1188653e-02
   2.5548029e-01   2.2518939e-02
   2.6816494e-01   2.1069882e-02
   2.6610181e-01   2.3465209e-02
   2.6618808e-01   2.0180080e-02
   2.7046067e-01   1.9638529e-02
   2.6458402e-01   2.2978515e-02
   2.6778029e-01   2.5259751e-02
   2.6832749e-01   2.4839344e-02
   2.7907421e-01   1.7725738e-02
   2.8636635e-01   1.7686537e-02
   2.8262881e-01   2.1530144e-02
   2.9114009e-01   2.3811878e-02
   2.9559981e-01   2.4211658e-02
   3.0538351e-01   2.3309959e-02
   3.1423777e-01   2.3737864e-02
   3.1080536e-01   2.2753256e-02
   1.9336674e-01   1.9850511e-02
   1.8054887e-01   1.9859669e-02
   1.8807417e-01   2.2677495e-02
   1.8472581e-01   1.8469363e-02
   1.7586220e-01   1.8961356e-02
   1.6973081e-01   1.7093334e-02
   1.6288596e-01   1.8949015e-02
   1.6369909e-01   1.9042213e-02
   1.6301363e-01   2.1338530e-02
   1.5291100e-01   2.0884732e-02
   1.4140297e-01   2.0410958e-02
   1.4425407e-01   1.7118101e-02
   1.3411600e-01   1.8560645e-02
   1.3046933e-01   1.6678580e-02
   1.1709376e-01   1.7544534e-02
   1.1227153e-01   1.8535953e-02
   1.0975680e-01   1.7588426e-02
   1.0598673e-01   1.5690923e-02
   9.1188439e-02   1.8634588e-02
   8.9746498e-02   1.8122074e-02
   8.9584021e-02   1.5706458e-02
   8.0756896e-02   1.4761411e-02
   6.9238384e-02   1.9494811e-02
   6.4215012e-02   1.7120957e-02
   5.5691165e-02   1.3386926e-02
   4.4202059e-02   1.6706290e-02
   3.7734796e-02   1.7593811e-02
   3.9147608e-02   1.7663241e-02
   3.0184417e-02   1.9023361e-02
   2.7733475e-02   1.4296489e-02
   3.0228041e-02   1.2377445e-02
   1.8945622e-02   1.5281880e-02
   3.7774855e-03   1.6666593e-02
  -6.2897898e-03   1.6174232e-02
  -1.6401607e-02   1.6698407e-02
  -2.7735812e-02   1.2866840e-02
  -3.2684596e-02   1.0927073e-02
  -3.4041972e-02   1.1435811e-02
  -3.4009005e-02   1.0948454e-02
  -2.7767873e-02   9.5404625e-03
  -3.6542212e-02   2.0011564e-02
  -4.1631891e-02   1.7644585e-02
  -4.4035334e-02   1.3787545e-02
  -4.7820141e-02   9.5076305e-03
  -5.5302342e-02   1.4243916e-02
  -5.9202171e-02   1.0464821e-02
  -6.6758417e-02   1.0937273e-02
  -8.0434886e-02   1.5177480e-02
  -8.8165121e-02   1.2351206e-02
  -9.1768288e-02   1.0902253e-02
  -9.1413934e-02   8.9708655e-03
  -8.6747028e-02   9.0087048e-03
  -2.1898472e-01   7.0319844e-03
  -2.1563000e-01   3.7372320e-03
  -2.1605654e-01   3.7444174e-03
  -2.1248454e-01   6.5622340e-03
  -2.0409471e-01   1.1216946e-02
  -2.0719058e-01   1.3120184e-02
  -2.0307111e-01   7.9542101e-03
  -1.9575460e-01   6.0940290e-03
  -1.9847200e-01   3.2835853e-03
  -1.9362496e-01   6.5774461e-03
  -1.8692449e-01   1.2200486e-02
  -1.8707743e-01   1.5030520e-02
  -1.7329582e-01   1.2230798e-02
  -1.6579259e-01   8.0032892e-03
  -1.6093914e-01   5.6577165e-03
  -1.5433842e-01   7.5334932e-03
  -1.4485944e-01   9.9355489e-03
  -1.4050336e-01   1.2728610e-02
  -1.3839276e-01   1.4187495e-02
  -1.3059636e-01   1.2751700e-02
  -1.2446075e-01   9.4596157e-03
  -1.1829634e-01   8.5260146e-03
  -1.1463834e-01   7.5881882e-03
  -1.1449187e-01   1.3740070e-02
  -1.1698206e-01   1.7053582e-02
  -1.1059445e-01   1.5623976e-02
  -1.0821518e-01   1.1375998e-02
  -1.0561051e-01   7.5777979e-03
  -9.7000095e-02   8.0717220e-03
  -9.4473548e-02   9.9724341e-03
  -8.8070668e-02   1.3762757e-02
  -7.2968543e-02   1.4722970e-02
  -6.6680147e-02   1.4251908e-02
  -6.0459056e-02   1.1415636e-02
  -4.6609633e-02   8.5656600e-03
  -5.0279067e-02   1.2821632e-02
  -4.6412418e-02   1.4219748e-02
  -4.5286487e-02   1.6164145e-02
  -4.4072158e-02   1.6180725e-02
  -3.2647304e-02   1.3763995e-02
  -2.6474376e-02   1.3343673e-02
  -1.7633466e-02   1.1903614e-02
  -8.8242875e-03   1.4299555e-02
  -1.1367728e-02   1.4805376e-02
  -3.7851152e-03   1.6222592e-02
   5.0571929e-03   1.5298683e-02
   7.5624643e-03   1.6682921e-02
   1.2614287e-02   1.9084544e-02
   2.3976124e-02   1.3834511e-02
   2.2692937e-02   1.2867855e-02
   1.8293460e-01   1.7001246e-02
   1.9319787e-01   1.8414693e-02
   2.0116611e-01   1.8906486e-02
   2.0528866e-01   2.3194714e-02
   2.0749209e-01   1.8891700e-02
   2.0811890e-01   1.9775534e-02
   2.1358810e-01   1.9801119e-02
   2.2202854e-01   1.7859948e-02
   2.3488565e-01   1.7376551e-02
   2.5546116e-01   2.3574717e-02
   2.6223184e-01   2.5827178e-02
   2.7233416e-01   2.3791762e-02
   2.7792851e-01   2.3817377e-02
   2.8641772e-01   2.1984117e-02
   2.8610521e-01   2.2897846e-02
   2.9450897e-01   1.8162734e-02
   2.9981433e-01   2.0026776e-02
   3.0536815e-01   2.3776158e-02
   3.0568991e-01   2.4633175e-02
   3.0590401e-01   2.8265156e-02
   3.1422166e-01   2.4203313e-02
   3.2041538e-01   1.8042152e-02
   3.2284862e-01   2.1819478e-02
   3.0952676e-01   2.3222944e-02
   3.1264315e-01   2.4186171e-02
   3.1307935e-01   2.0866605e-02
   3.1135411e-01   2.5485606e-02
   3.1584364e-01   2.3196083e-02
   3.1808517e-01   2.2236969e-02
   3.2194687e-01   2.0450787e-02
   3.1140894e-01   2.3261319e-02
   3.1498121e-01   2.0436488e-02
   3.0498315e-01   2.6082525e-02
   3.0218450e-01   2.5138642e-02
   2.9124626e-01   2.3716777e-02
   2.9012860e-01   1.8605420e-02
   2.8339244e-01   1.9149397e-02
   2.7924599e-01   2.1944767e-02
   2.7785498e-01   2.6152414e-02
   2.7390667e-01   2.2408953e-02
   2.7010701e-01   2.2889809e-02
   2.4992406e-01   2.2492997e-02
   2.3932027e-01   2.0712602e-02
   2.4343017e-01   1.7424624e-02
   2.4014813e-01   1.8790003e-02
   2.3396822e-01   2.3060663e-02
   2.3541941e-01   2.4962780e-02
   2.2870373e-01   2.2113641e-02
   2.2118907e-01   1.8839462e-02
   2.1319786e-01   1.7880660e-02
   2.1993373e-01   1.8371562e-02
   2.0834251e-01   1.8852090e-02
   1.9224260e-01   2.2711768e-02
   6.3150045e-03   1.5760999e-02
  -1.2627792e-03   1.8149245e-02
  -2.5208214e-03   1.6683185e-02
  -5.0575037e-03   1.4342516e-02
  -1.3881304e-02   1.3359042e-02
  -1.6389343e-02   1.2868838e-02
  -1.7634299e-02   1.0951325e-02
  -2.7707566e-02   1.3330159e-02
  -4.1684142e-02   1.3843285e-02
  -5.1829242e-02   1.7196822e-02
  -5.2950186e-02   1.2858731e-02
  -4.1522391e-02   1.2362072e-02
  -4.6551639e-02   1.3786571e-02
  -5.9314190e-02   1.2392050e-02
  -7.0674005e-02   1.1909991e-02
  -7.3133542e-02   9.5174936e-03
  -6.8087030e-02   1.0471549e-02
  -7.3043054e-02   1.4262124e-02
  -7.6961388e-02   1.6669185e-02
  -9.0947219e-02   1.3815338e-02
  -1.1106442e-01   1.0932408e-02
  -1.2620663e-01   1.1395133e-02
  -1.2483139e-01   9.4875279e-03
  -1.1829193e-01   9.4733495e-03
  -1.0949392e-01   6.6354393e-03
  -1.0949795e-01   5.2135595e-03
  -1.3112463e-01   1.1379394e-02
  -1.3879215e-01   1.5652235e-02
  -1.3726645e-01   1.4676348e-02
  -1.3715961e-01   1.0878236e-02
  -1.3969914e-01   6.6201210e-03
  -1.3884924e-01   7.5889624e-03
  -1.4360806e-01   8.5171323e-03
  -1.4595370e-01   1.2760350e-02
  -1.5209418e-01   1.2740579e-02
  -1.5380352e-01   1.3249690e-02
  -1.5729313e-01   1.0858518e-02
  -1.7385673e-01   5.6614757e-03
  -1.7386212e-01   4.2461068e-03
  -1.8627238e-01   5.1775033e-03
  -1.9291734e-01   9.8963551e-03
  -1.9915166e-01   1.6010676e-02
  -2.0277978e-01   1.2225985e-02
  -2.0512716e-01   8.9229700e-03
  -2.1123914e-01   4.2192570e-03
  -2.3330746e-01   4.2193577e-03
  -2.4087194e-01   4.6831386e-03
  -2.4768179e-01   7.4633172e-03
  -2.5896827e-01   1.0244531e-02
  -2.6174708e-01   9.7843559e-03
  -2.6654865e-01   6.5115668e-03
  -1.2958595e-01   1.4197773e-02
  -1.2229598e-01   1.1861681e-02
  -1.1462548e-01   1.0433759e-02
  -1.0591540e-01   9.9752854e-03
  -9.9388187e-02   1.4702280e-02
  -9.5717048e-02   1.3295596e-02
  -9.1670977e-02   1.2312160e-02
  -9.4278054e-02   1.1848566e-02
  -9.4469459e-02   1.0922190e-02
  -8.6731391e-02   1.2801844e-02
  -7.8015595e-02   1.1395751e-02
  -7.5502372e-02   1.0447353e-02
  -6.5241503e-02   1.0421035e-02
  -6.1520154e-02   1.5649286e-02
  -5.2791599e-02   1.3295440e-02
  -5.4212320e-02   1.2381964e-02
  -4.5436453e-02   1.0490303e-02
  -4.2948509e-02   1.3365488e-02
  -3.9229710e-02   1.6263420e-02
  -3.6411044e-02   1.5186632e-02
  -3.2675633e-02   1.5677974e-02
  -3.0190991e-02   1.6169857e-02
  -1.6342298e-02   1.0929788e-02
  -7.5568134e-03   1.2856915e-02
  -1.2606125e-03   1.4299894e-02
   0.0000000e+00   1.8534653e-02
   7.5557174e-03   1.5237825e-02
   8.8228750e-03   1.6682814e-02
   7.5405306e-03   1.5682892e-02
   7.5330801e-03   1.5667380e-02
   1.7616001e-02   1.1891819e-02
   1.8886768e-02   1.7140959e-02
   2.9016167e-02   1.7649463e-02
   4.2688810e-02   1.5184294e-02
   4.8956528e-02   1.8028134e-02
   5.4243548e-02   1.8591374e-02
   5.6496251e-02   1.6126466e-02
   5.6550214e-02   1.6617178e-02
   5.6498100e-02   1.5652159e-02
   8.9115671e-02   1.9418050e-02
   9.3082497e-02   1.7079994e-02
   8.9390868e-02   1.8050516e-02
   9.1649474e-02   1.6100516e-02
   8.1263778e-02   1.9349527e-02
   8.5790017e-02   1.7137832e-02
   8.9323561e-02   1.4710899e-02
   8.9147024e-02   1.4681940e-02
