  -1.2533789e-02   1.0897791e-02
  -8.7896587e-03   1.3768216e-02
  -1.6353991e-02   1.5697409e-02
  -1.0066286e-02   1.1892590e-02
  -7.5171986e-03   1.7531775e-02
  -6.2767080e-03   1.7566551e-02
  -5.0236444e-03   9.9702484e-03
   0.0000000e+00   7.6114965e-03
   0.0000000e+00   1.0434783e-02
   0.0000000e+00   1.5667656e-02
   8.7963942e-03   1.7108500e-02
   1.1286925e-02   1.7548713e-02
   8.7777310e-03   1.8971878e-02
   2.1516432e-02   1.3876372e-02
   1.1257391e-02   1.2295083e-02
   1.7633024e-02   1.2379758e-02
   6.2901972e-03   1.5222806e-02
   1.0084597e-02   1.4776098e-02
   2.0205217e-02   1.7669403e-02
   2.3875074e-02   1.7581048e-02
   3.5222823e-02   1.6168206e-02
   4.0140469e-02   1.4222141e-02
   4.6642663e-02   1.4290258e-02
   5.6842012e-02   1.3836882e-02
   6.6801768e-02   1.6660158e-02
   6.7857898e-02   1.7084510e-02
   6.2588100e-02   1.6075144e-02
   6.5466891e-02   1.8546766e-02
   7.5275277e-02   1.1363445e-02
   7.7037874e-02   1.6685711e-02
   9.2024713e-02   1.4262474e-02
   1.0113023e-01   1.7156776e-02
   1.0060244e-01   2.0391902e-02
   1.1364137e-01   1.9028330e-02
   1.1961620e-01   1.7067226e-02
   1.2744448e-01   1.4717266e-02
   1.3135632e-01   1.5202400e-02
   1.3129134e-01   2.1378375e-02
   1.2723389e-01   2.2765620e-02
   1.4759291e-01   1.8483762e-02
   1.4928709e-01   1.9486744e-02
   1.5422360e-01   1.7085479e-02
   1.5897484e-01   1.6096898e-02
   1.6039580e-01   1.6110680e-02
   1.6264401e-01   2.4136367e-02
   1.7203793e-01   2.0865888e-02
   1.7965057e-01   1.9427405e-02
   1.7927106e-01   2.0808245e-02
   1.8528038e-01   1.6508252e-02
   1.8872367e-01   1.7531775e-02
   1.8359738e-01   2.1334657e-02
   1.9424431e-01   1.9809004e-02
   1.9845352e-01   1.7949200e-02
   2.0553169e-01   2.3078741e-02
   2.1374341e-01   2.2651790e-02
   2.0470558e-01   2.1711219e-02
   1.9387519e-01   1.8829141e-02
   2.1595863e-01   1.6479572e-02
   2.1796520e-01   2.1140151e-02
   2.2269833e-01   2.4857776e-02
   2.2810109e-01   1.8296664e-02
   2.2158304e-01   2.1235448e-02
   2.2900042e-01   1.8838292e-02
   2.5043308e-01   2.2066665e-02
   2.6334319e-01   2.2045004e-02
   2.7270572e-01   2.0078800e-02
   2.6587534e-01   2.2036210e-02
   2.6264729e-01   2.0211520e-02
   2.6235051e-01   2.1600912e-02
   2.7299956e-01   1.9163127e-02
   2.7290227e-01   2.2902274e-02
   2.8077537e-01   2.2428279e-02
   2.7281804e-01   2.5706634e-02
   2.6966083e-01   2.2491454e-02
   2.6362985e-01   2.1127132e-02
   2.6368566e-01   1.8779673e-02
   2.7296509e-01   2.0565307e-02
   2.8784367e-01   2.0494146e-02
   3.0075384e-01   2.0933810e-02
   2.9456616e-01   2.6104495e-02
   2.9239096e-01   2.4273484e-02
   2.9152669e-01   2.0563075e-02
   2.9192100e-01   2.0500246e-02
   2.9783753e-01   2.1474109e-02
   2.9684764e-01   2.4671823e-02
   2.9206953e-01   2.5183214e-02
   2.8637623e-01   2.3387359e-02
   2.8557691e-01   2.1455183e-02
   2.8013127e-01   2.0134506e-02
   2.7374070e-01   1.8189981e-02
   2.6563508e-01   2.1078348e-02
   2.5274545e-01   2.0630510e-02
   2.5166078e-01   2.3116576e-02
   2.4728971e-01   2.5440819e-02
   2.4794772e-01   2.0196265e-02
   2.4204955e-01   2.2609085e-02
   2.4119978e-01   1.7360895e-02
   2.2619721e-01   2.1179962e-02
   2.1381807e-01   1.8876492e-02
   2.0579182e-01   2.0272408e-02
   2.0452050e-01   2.0747112e-02
   2.0474967e-01   1.9351304e-02
   2.0327530e-01   1.9807149e-02
   2.0267081e-01   1.6556715e-02
   1.9465400e-01   1.8429875e-02
   1.9565681e-01   2.2185454e-02
   1.9965112e-01   2.1724666e-02
   2.0322108e-01   2.2636742e-02
   1.9620631e-01   1.8335177e-02
   1.9446060e-01   1.8411958e-02
   1.8564865e-01   1.6540417e-02
   1.8202107e-01   1.7983304e-02
   1.8815411e-01   1.7953017e-02
   1.9061635e-01   2.1726286e-02
   1.8376538e-01   2.1207272e-02
   1.8018337e-01   2.0292935e-02
   1.8042382e-01   1.6061211e-02
   1.8092298e-01   1.8950935e-02
   1.6648814e-01   2.0342530e-02
   1.6161018e-01   1.9898956e-02
   1.6004261e-01   1.8916688e-02
   1.5610108e-01   1.9377739e-02
   1.5707286e-01   1.7451017e-02
   1.4730050e-01   1.8447576e-02
   1.4648239e-01   1.8029552e-02
   1.5153351e-01   1.8021243e-02
   1.5150318e-01   2.0392460e-02
   1.5118296e-01   2.1772469e-02
   1.5233051e-01   1.8911851e-02
   1.4255241e-01   1.8017902e-02
   1.4244051e-01   1.5158090e-02
   1.3861958e-01   1.8953788e-02
   1.2487645e-01   1.9468580e-02
   1.2725693e-01   2.0868485e-02
   1.1614744e-01   2.0927423e-02
   1.0315255e-01   1.6121281e-02
   1.0202220e-01   1.1866511e-02
   9.4457613e-02   1.3296579e-02
   8.0666286e-02   1.6649625e-02
   7.6788531e-02   1.9963479e-02
   7.3108719e-02   1.5703864e-02
   7.4421320e-02   1.9529067e-02
   8.3035655e-02   1.4241122e-02
   7.4364233e-02   1.6654656e-02
   7.2966287e-02   1.5197905e-02
   6.5217924e-02   1.6578919e-02
   6.7654788e-02   1.7507226e-02
   5.6651841e-02   1.9028667e-02
   5.5295411e-02   1.6143104e-02
   4.7713914e-02   1.4233273e-02
   3.2716217e-02   1.1413456e-02
   3.8846573e-02   1.4682169e-02
   3.9110155e-02   1.7168789e-02
   4.0285754e-02   1.9038028e-02
   3.5152038e-02   1.6610841e-02
   2.7564993e-02   1.6580493e-02
   2.2690343e-02   1.4774204e-02
   1.7596708e-02   1.3780854e-02
   2.6372392e-02   1.1392201e-02
   1.5109415e-02   1.7141643e-02
   1.1319157e-02   1.9027984e-02
   2.5106832e-03   1.7566731e-02
  -1.2557005e-03   1.3293762e-02
  -8.7819057e-03   1.1857424e-02
  -1.2556655e-02   1.3767873e-02
  -1.6356439e-02   1.3319014e-02
  -1.8793664e-02   1.7056373e-02
  -2.3879107e-02   1.5205231e-02
  -3.0129273e-02   1.7087174e-02
  -3.1394953e-02   1.1865809e-02
  -2.7574335e-02   1.0895753e-02
  -2.6371103e-02   1.2341552e-02
  -3.0135104e-02   1.4239312e-02
  -3.3864292e-02   1.6120746e-02
  -3.1413418e-02   1.8053876e-02
  -2.8795730e-02   1.3251030e-02
  -4.0141625e-02   1.3748069e-02
  -4.1363275e-02   9.9453659e-03
  -4.7626170e-02   1.1837676e-02
  -6.0107792e-02   8.9840227e-03
  -5.8969519e-02   9.9497497e-03
  -6.5027566e-02   1.6057758e-02
  -6.8899910e-02   1.8925729e-02
  -7.3999750e-02   1.6099145e-02
  -7.7787945e-02   1.0415255e-02
  -7.9126926e-02   8.5294497e-03
  -8.1628833e-02   1.1371181e-02
  -8.6308799e-02   1.1795436e-02
  -9.1480129e-02   1.4178435e-02
  -9.7954599e-02   1.1360897e-02
  -1.0295536e-01   1.5143151e-02
  -1.0559639e-01   1.0893084e-02
  -1.0654784e-01   8.4992533e-03
  -1.1133578e-01   9.8930753e-03
  -1.1884156e-01   9.8878192e-03
  -1.2533502e-01   1.1317153e-02
  -1.3535859e-01   1.1779246e-02
  -1.3911150e-01   1.2717561e-02
  -1.3551666e-01   7.5460832e-03
  -1.4053353e-01   8.0143097e-03
  -1.4178830e-01   8.0134402e-03
  -1.4679016e-01   1.0836907e-02
  -1.4790195e-01   1.0354469e-02
  -1.3536788e-01   1.0365737e-02
  -1.3522183e-01   1.2238471e-02
  -1.3535173e-01   1.2721586e-02
  -1.2760976e-01   7.5285833e-03
  -1.2396997e-01   9.4226527e-03
  -1.2633294e-01   1.2235141e-02
  -1.3032786e-01   1.4140874e-02
  -1.2270129e-01   1.2250611e-02
  -1.2659669e-01   9.9015484e-03
  -1.2171760e-01   6.6100219e-03
  -1.2294362e-01   1.2274597e-02
  -1.2646360e-01   1.1305005e-02
  -1.2781776e-01   1.4615140e-02
  -1.3133948e-01   1.1759903e-02
  -1.2770950e-01   1.2245892e-02
  -1.2759565e-01   1.0351802e-02
  -1.3523149e-01   1.0826339e-02
  -1.4302945e-01   1.0369199e-02
  -1.4010502e-01   1.0341174e-02
  -1.4037522e-01   1.1303285e-02
  -1.4288192e-01   1.1300827e-02
  -1.2260141e-01   8.4729136e-03
  -1.2033193e-01   9.4345306e-03
  -1.2682916e-01   1.2755498e-02
  -1.2920214e-01   1.4156117e-02
  -1.2157207e-01   1.1792064e-02
  -1.1405748e-01   1.0854612e-02
  -1.0779058e-01   1.0859259e-02
  -9.9301158e-02   1.2792610e-02
  -8.7740280e-02   9.9269690e-03
  -9.0150120e-02   1.1804598e-02
  -8.4300844e-02   1.2816176e-02
  -7.7776560e-02   1.3255779e-02
  -6.6546370e-02   1.4697918e-02
  -5.7765273e-02   1.2331456e-02
  -4.8880656e-02   1.1363743e-02
  -4.1362409e-02   1.0418955e-02
  -4.1351535e-02   1.5154843e-02
  -3.3898860e-02   1.5662072e-02
  -3.1331420e-02   1.2789788e-02
  -3.1394953e-02   1.1865809e-02
  -3.7631690e-02   1.4223001e-02
  -3.7823500e-02   1.1911299e-02
  -3.8929742e-02   1.1863860e-02
  -3.1450986e-02   1.5218323e-02
  -2.5110267e-02   1.5664591e-02
  -2.0127327e-02   1.6172397e-02
  -7.5424253e-03   1.1405739e-02
  -1.1302183e-02   1.1868966e-02
  -1.1323044e-02   1.4270988e-02
  -6.2769318e-03   1.7091779e-02
  -1.2567139e-03   1.6158408e-02
   0.0000000e+00   1.7619048e-02
   1.2593630e-03   1.4285707e-02
   2.5139534e-03   1.2831658e-02
   3.7710279e-03   1.2356381e-02
   8.8247918e-03   1.3346252e-02
   1.2543897e-02   1.4228554e-02
   1.6333730e-02   1.9008327e-02
   2.8986321e-02   1.8108485e-02
   2.8875862e-02   1.6138258e-02
   3.3903914e-02   1.3289030e-02
   3.5152038e-02   1.6610841e-02
   4.1594967e-02   1.6197859e-02
   4.4065921e-02   1.8084340e-02
   5.1629086e-02   1.5701303e-02
   5.2886590e-02   1.6176440e-02
   5.8099909e-02   1.5267598e-02
   5.0366473e-02   1.6653560e-02
   6.0459056e-02   1.1415636e-02
   7.1869643e-02   1.0469835e-02
   9.4795315e-02   1.9070371e-02
   9.5654418e-02   2.1842765e-02
   9.4404152e-02   2.0894624e-02
   9.3345724e-02   1.9034061e-02
   9.6089665e-02   1.4778437e-02
   1.0577666e-01   1.5660005e-02
   1.2123993e-01   1.6640671e-02
   1.2892163e-01   1.9025574e-02
   1.3090137e-01   2.1315420e-02
   1.3596970e-01   1.8465741e-02
   1.4014044e-01   2.0413184e-02
   1.4903411e-01   1.5653664e-02
   1.5390030e-01   1.8473005e-02
   1.4533489e-01   2.0424224e-02
   1.5121533e-01   1.9405897e-02
   1.5640451e-01   1.9889241e-02
   1.6759015e-01   1.9847500e-02
   1.7964317e-01   1.9901245e-02
   1.8944386e-01   1.6060900e-02
   1.8560680e-01   1.9375917e-02
   1.9192764e-01   1.8889652e-02
   1.8242768e-01   1.4699281e-02
   1.8889021e-01   1.8971795e-02
   1.9781523e-01   2.0722840e-02
   1.9944371e-01   2.2175388e-02
   2.0866412e-01   2.3610865e-02
   2.0365356e-01   2.1263200e-02
   2.0293302e-01   1.6003307e-02
   2.0707983e-01   1.8855081e-02
   2.1739725e-01   1.8848910e-02
   2.1770919e-01   2.2997092e-02
   2.2456275e-01   2.1269395e-02
   2.2241600e-01   2.0719907e-02
   2.1837824e-01   2.2122389e-02
   2.2397343e-01   1.6966161e-02
   2.1890395e-01   1.7449222e-02
   2.2099456e-01   1.7409673e-02
   2.2117110e-01   1.9781435e-02
   2.0991824e-01   2.4079226e-02
   2.2626230e-01   1.7885301e-02
   2.2644205e-01   2.0258186e-02
   2.3345413e-01   2.0771310e-02
   2.3831180e-01   1.9793788e-02
   2.3323146e-01   2.0279619e-02
   2.2533950e-01   2.3111219e-02
   2.2658294e-01   2.4050389e-02
   2.2541085e-01   1.9809616e-02
   2.2441218e-01   1.7471228e-02
   2.2167120e-01   1.6516460e-02
   2.3120417e-01   1.7962599e-02
   2.4314983e-01   1.9289780e-02
   2.6262423e-01   2.1151591e-02
   2.7310398e-01   2.5263290e-02
   2.7208040e-01   2.6229334e-02
   2.8008105e-01   2.2007483e-02
   2.7857386e-01   2.0587455e-02
   2.8453677e-01   1.8753568e-02
   2.8893873e-01   2.2442191e-02
   2.9431511e-01   2.1976324e-02
   3.0666577e-01   2.2838558e-02
   3.1455119e-01   2.3760228e-02
   3.1645662e-01   2.3704466e-02
   3.1425357e-01   2.3272416e-02
   3.1113180e-01   2.1465989e-02
   3.1214481e-01   1.9576359e-02
   3.0088396e-01   2.4310240e-02
   2.9399363e-01   2.2889766e-02
   3.0192671e-01   2.1946979e-02
   2.8481096e-01   2.3837547e-02
   2.8089410e-01   2.3009723e-02
   2.6999077e-01   2.0167851e-02
   2.7001336e-01   1.9229812e-02
   2.6333076e-01   2.2514046e-02
   2.6484771e-01   2.3000512e-02
   2.6514962e-01   2.1613006e-02
   2.6621036e-01   1.9241472e-02
   2.6700924e-01   1.9296863e-02
   2.6687565e-01   2.2010751e-02
   2.6307356e-01   2.4017863e-02
   2.5597721e-01   2.3032218e-02
   2.5611814e-01   1.6921630e-02
   2.5252806e-01   1.8830762e-02
   2.5304906e-01   1.8303668e-02
   2.5778293e-01   2.2130307e-02
   2.5545547e-01   2.3457228e-02
   2.5777069e-01   2.2601164e-02
   2.5246304e-01   2.1655376e-02
   2.4916567e-01   2.1237593e-02
   2.4342107e-01   1.7895559e-02
   2.3910253e-01   1.9752085e-02
   2.3684571e-01   1.7894629e-02
   2.3802173e-01   2.2128838e-02
   2.3884445e-01   2.0672756e-02
   2.3736826e-01   2.5975270e-02
   2.3748691e-01   2.1252494e-02
   2.3624776e-01   1.9839243e-02
   2.3787520e-01   1.7874169e-02
   2.3656237e-01   2.0229676e-02
   2.2848715e-01   2.1622279e-02
   2.1753768e-01   2.2640599e-02
   2.1653723e-01   2.0305236e-02
   2.1398591e-01   2.1256661e-02
   2.0493638e-01   2.0314990e-02
   1.9821666e-01   2.0291209e-02
   1.9721088e-01   1.6534664e-02
   1.9211850e-01   1.8908045e-02
   1.8865360e-01   2.1796261e-02
   1.8542261e-01   1.9357060e-02
   1.7817769e-01   2.1304873e-02
   1.7949300e-01   1.7988306e-02
   1.8091571e-01   1.9424708e-02
   1.7530190e-01   1.8562470e-02
   1.6918566e-01   1.9883736e-02
   1.6271780e-01   1.9403746e-02
   1.6463933e-01   1.9002414e-02
   1.5672825e-01   1.8979301e-02
   1.5043122e-01   1.7091520e-02
   1.4537470e-01   1.7099351e-02
   1.3272863e-01   1.7593293e-02
   1.1487476e-01   2.1880635e-02
   1.1145680e-01   1.8133793e-02
   1.1721820e-01   1.6612522e-02
   1.2481441e-01   1.2333786e-02
   1.2235858e-01   1.8997381e-02
   1.1720989e-01   1.7561809e-02
   1.0080610e-01   1.9956982e-02
   9.6562384e-02   1.7971769e-02
   9.4160418e-02   1.6098198e-02
   8.9400489e-02   1.6625476e-02
   8.9681446e-02   1.4292735e-02
   8.1923832e-02   1.7124244e-02
   8.4363842e-02   1.6629971e-02
   7.5100613e-02   1.7011665e-02
   6.8905139e-02   1.7979442e-02
   6.9317674e-02   1.7610297e-02
   5.6504949e-02   1.3754927e-02
   4.0295872e-02   1.5706373e-02
   3.0164914e-02   1.4253402e-02
   2.1410971e-02   1.2855315e-02
   1.7593994e-02   1.6156864e-02
   2.5158308e-02   1.6646879e-02
   2.7673175e-02   1.7121798e-02
   2.5112586e-02   1.4240537e-02
   1.3810195e-02   1.6141478e-02
   6.2775667e-03   1.5667464e-02
   1.2558847e-02   1.0444593e-02
   5.0079530e-03   1.3254335e-02
   0.0000000e+00   1.6650149e-02
  -3.7737462e-03   1.6650075e-02
  -6.2794234e-03   1.0444976e-02
  -1.1299979e-02   1.5192276e-02
  -1.1311505e-02   1.4732088e-02
  -2.0028192e-02   1.6092671e-02
  -2.0012625e-02   1.2766887e-02
  -2.0033360e-02   1.1832847e-02
  -2.1349079e-02   1.1393048e-02
  -1.7561455e-02   1.4227888e-02
  -1.1289171e-02   1.4702976e-02
   0.0000000e+00   1.4229249e-02
   0.0000000e+00   1.6094675e-02
   0.0000000e+00   1.7058243e-02
   0.0000000e+00   1.4732673e-02
  -3.7671015e-03   1.3293710e-02
  -8.7885934e-03   1.5667280e-02
  -5.0078143e-03   1.3727704e-02
  -8.7639178e-03   1.3254122e-02
  -1.0034192e-02   1.5651685e-02
  -1.2531152e-02   1.4688327e-02
  -1.3798286e-02   1.4228409e-02
  -1.1288824e-02   1.5177265e-02
  -1.3825586e-02   1.4256580e-02
  -2.2579014e-02   1.4226999e-02
  -2.6394300e-02   1.4254345e-02
  -3.3900981e-02   1.4712855e-02
  -4.1318805e-02   1.1828057e-02
  -5.1382152e-02   1.3256669e-02
  -5.5200550e-02   1.1846516e-02
  -7.0247843e-02   1.3733930e-02
  -7.6526132e-02   1.2309674e-02
  -8.0289712e-02   1.2307429e-02
  -8.3044783e-02   1.2342306e-02
  -8.5221462e-02   1.2764955e-02
  -9.1309949e-02   1.2263889e-02
  -1.0914383e-01   1.2286697e-02
  -1.1804502e-01   1.1818462e-02
  -1.2044585e-01   1.0388147e-02
  -1.1806240e-01   8.5092928e-03
  -1.1303200e-01   9.9310538e-03
  -1.0664476e-01   1.0398169e-02
  -1.2042822e-01   1.3221278e-02
  -1.2408451e-01   1.0846646e-02
  -1.3158844e-01   1.3196819e-02
  -1.2760326e-01   8.9401926e-03
  -1.2485295e-01   9.3942233e-03
  -1.3023355e-01   8.9471467e-03
  -1.4023004e-01   1.2233295e-02
  -1.4331556e-01   9.9172256e-03
  -1.5039843e-01   1.1763750e-02
  -1.5776271e-01   1.1743999e-02
  -1.6903147e-01   1.1730811e-02
  -1.7441760e-01   7.0484489e-03
  -1.7962840e-01   3.7607859e-03
   0.0000000e+00   1.8095238e-02
   1.5155509e-02   1.6237649e-02
   2.1367431e-02   1.3780226e-02
   5.0054695e-02   1.5518778e-02
   3.1445664e-02   1.7596185e-02
   4.5198480e-02   1.5657732e-02
   4.4070664e-02   1.6656629e-02
   4.6578549e-02   1.9510670e-02
   5.4253318e-02   1.6207865e-02
   6.6685742e-02   1.2826717e-02
   7.3165716e-02   1.8577500e-02
   7.9558042e-02   1.7637022e-02
   9.3638607e-02   1.7181616e-02
   9.9759560e-02   1.8093440e-02
   9.9561710e-02   1.8057724e-02
   1.1469337e-01   1.7090241e-02
   1.1376317e-01   1.8094775e-02
   1.2466535e-01   1.5639039e-02
   1.2995992e-01   1.5663641e-02
   1.2639375e-01   1.9029349e-02
   1.2128990e-01   2.3319934e-02
   1.2376576e-01   1.6637505e-02
   1.2288146e-01   1.5258013e-02
   1.3401980e-01   1.4738801e-02
   1.3158035e-01   1.9040490e-02
   1.3803818e-01   1.9525530e-02
   1.5532761e-01   1.7540760e-02
   1.6828405e-01   1.8027641e-02
   1.8050918e-01   2.2223915e-02
   1.9106645e-01   1.7509566e-02
   1.8414597e-01   2.0304184e-02
   1.7673039e-01   2.1760032e-02
   1.7293537e-01   2.2242054e-02
   1.7331770e-01   1.9914785e-02
   1.7549118e-01   2.0343656e-02
   1.8096286e-01   1.6108295e-02
   1.7443020e-01   1.8471746e-02
   3.5254225e-01   2.8322659e-02
   3.5863202e-01   2.6406351e-02
   3.6039957e-01   2.3178887e-02
   3.5810240e-01   2.1733287e-02
   3.5635395e-01   1.9467505e-02
   3.6389145e-01   2.2213434e-02
   3.6448881e-01   2.5500154e-02
   3.5979645e-01   2.8715142e-02
   3.5287902e-01   2.5459046e-02
   3.4637352e-01   2.3710069e-02
   3.3876699e-01   2.2814831e-02
   3.3085674e-01   2.0963870e-02
   3.2928368e-01   2.0018231e-02
   3.2699337e-01   2.2377814e-02
   3.2083650e-01   2.5696306e-02
   3.2945458e-01   2.4696818e-02
   3.2088827e-01   2.4294689e-02
   3.1331107e-01   2.2457676e-02
   3.1690048e-01   1.9618081e-02
   3.1850241e-01   1.9087905e-02
   3.1843566e-01   2.1501684e-02
   3.1257179e-01   2.5684142e-02
   3.1194146e-01   2.5270781e-02
   3.1107209e-01   2.3332597e-02
   3.1080743e-01   2.1063880e-02
   3.1410285e-01   1.7274393e-02
   3.0501282e-01   2.3849139e-02
   3.0793721e-01   2.1521521e-02
   3.0523604e-01   2.6212118e-02
   2.9989804e-01   2.4806824e-02
   3.0118463e-01   2.4333300e-02
   3.0060327e-01   2.1571389e-02
   2.9526470e-01   1.9694479e-02
   2.9172625e-01   2.0195956e-02
   2.8144278e-01   2.3524246e-02
   2.7956597e-01   2.4893321e-02
   2.8234333e-01   2.6316378e-02
   2.7258093e-01   2.1674033e-02
   2.7264059e-01   1.9318160e-02
   2.6167221e-01   1.8823195e-02
   2.4690238e-01   1.9848395e-02
   2.5021940e-01   1.9798894e-02
   2.3512594e-01   2.3645274e-02
   2.3620618e-01   2.1728695e-02
   2.2961653e-01   2.2199295e-02
   2.2953032e-01   1.4627924e-02
   2.3072495e-01   1.8871431e-02
   2.1569131e-01   2.0821275e-02
  -3.7777380e-03   1.5714216e-02
  -1.2579993e-03   1.5698704e-02
  -1.2531152e-03   1.4689035e-02
  -5.0529032e-03   1.2895420e-02
  -1.3838862e-02   1.4746398e-02
  -1.0055262e-02   1.3781746e-02
  -6.2843571e-03   1.4257251e-02
  -5.0270204e-03   1.5683045e-02
  -1.1299620e-02   1.5667035e-02
  -2.0108722e-02   1.5206013e-02
  -2.7623845e-02   1.4239952e-02
  -2.1370697e-02   1.0929145e-02
  -1.6309254e-02   1.1856729e-02
  -1.8834983e-02   1.3767031e-02
  -2.6390100e-02   1.6630069e-02
  -3.8991189e-02   1.8068778e-02
  -3.7631690e-02   1.4223001e-02
  -3.5196261e-02   1.2351690e-02
  -3.7751983e-02   9.9856764e-03
  -3.6529772e-02   9.9958640e-03
  -4.0185540e-02   1.1863495e-02
  -4.9013449e-02   1.5671489e-02
  -5.6488302e-02   1.8023698e-02
  -6.6755266e-02   1.1888340e-02
  -7.4168890e-02   1.0912091e-02
  -7.1588367e-02   9.4804932e-03
  -7.0332431e-02   9.4810156e-03
  -8.4476479e-02   1.0939071e-02
  -9.7926835e-02   1.6094604e-02
  -1.0036704e-01   1.1347997e-02
  -9.3034731e-02   8.5315869e-03
  -8.7913776e-02   9.9465134e-03
  -8.3044783e-02   1.2342306e-02
  -7.7928279e-02   1.3756284e-02
  -9.1748873e-02   1.4694342e-02
  -1.0703933e-01   1.5184205e-02
  -1.1040110e-01   1.1813130e-02
  -1.1668192e-01   1.0390998e-02
  -1.1681207e-01   7.0917205e-03
  -1.2183035e-01   8.5069291e-03
  -1.2973806e-01   1.0895646e-02
  -1.4092448e-01   1.2293180e-02
  -1.5002146e-01   1.3254348e-02
  -1.4946197e-01   8.4874019e-03
  -1.4540108e-01   9.4152721e-03
  -1.5338158e-01   8.4927223e-03
  -1.6593718e-01   1.0838520e-02
  -1.7422713e-01   9.8582673e-03
  -8.9328821e-02   1.3761809e-02
  -9.5624838e-02   1.2808119e-02
  -8.5737322e-02   1.0938346e-02
  -7.3056381e-02   1.0934295e-02
  -7.4524018e-02   1.4303731e-02
  -5.9300138e-02   1.6204988e-02
  -5.5473072e-02   1.2381434e-02
  -5.6838638e-02   1.4791150e-02
  -5.0432551e-02   1.1430906e-02
  -4.2942031e-02   1.5752182e-02
  -3.4075791e-02   1.1447170e-02
  -3.2805416e-02   1.5740271e-02
  -3.0196502e-02   1.3316352e-02
  -1.7663871e-02   1.6221093e-02
   0.0000000e+00   1.3386454e-02
   1.0125083e-02   1.4356473e-02
   1.5138870e-02   1.7652820e-02
   1.7641068e-02   2.0017926e-02
   2.6474376e-02   1.3343673e-02
   2.8991388e-02   1.5725789e-02
   3.9196800e-02   1.3857938e-02
   5.1734886e-02   1.4778984e-02
   5.3155076e-02   1.4822504e-02
   8.3554301e-02   2.1351924e-02
   6.0385893e-02   1.5205797e-02
   7.6165733e-02   1.4374150e-02
   7.4708444e-02   2.1041399e-02
   8.3604578e-02   1.6252207e-02
   7.8150699e-02   1.5700161e-02
   7.9408574e-02   1.6174931e-02
   7.7032389e-02   1.7639180e-02
   9.5005202e-02   1.6241990e-02
   1.0598323e-01   1.6166405e-02
   1.1768095e-01   1.7154730e-02
   1.2235858e-01   1.8997381e-02
   1.2892667e-01   1.8549935e-02
   1.2662448e-01   2.0973653e-02
   1.2435552e-01   1.9586172e-02
   1.2500050e-01   1.9487766e-02
   1.2881291e-01   1.7106153e-02
   1.4060287e-01   1.6664526e-02
   1.3921989e-01   1.4271360e-02
   1.4715755e-01   2.2409731e-02
   1.6069827e-01   1.7566619e-02
   1.7189550e-01   1.8950436e-02
   1.7617571e-01   2.1373341e-02
   1.7985746e-01   1.7549201e-02
   1.9125688e-01   1.7526652e-02
   1.9756719e-01   1.8933585e-02
   1.9225165e-01   2.2238606e-02
