  -1.6611827e-01   8.4905856e-03
  -2.0956272e-01   5.1477713e-03
  -1.9865136e-01   7.0430546e-03
  -1.9344058e-01   5.1629976e-03
  -1.8517544e-01   8.9529174e-03
  -1.8064129e-01   1.2766930e-02
  -1.7739435e-01   1.4134217e-02
  -1.6343331e-01   9.4271812e-03
  -1.5920493e-01   6.5822341e-03
  -1.6124953e-01   7.5583522e-03
  -1.6358847e-01   1.0380009e-02
  -1.5255478e-01   1.1831478e-02
  -1.5130451e-01   1.0412920e-02
  -1.4230802e-01   1.4196786e-02
  -1.3855200e-01   1.1361124e-02
  -1.3200382e-01   9.4539995e-03
  -1.2849572e-01   7.5803370e-03
  -1.2092614e-01   9.9549547e-03
  -1.2355677e-01   1.1860551e-02
  -1.1836121e-01   1.6594667e-02
  -1.1607291e-01   1.6630403e-02
  -1.1073681e-01   1.0426229e-02
  -1.1096337e-01   9.0222193e-03
  -1.0979977e-01   1.1408709e-02
  -1.0086267e-01   1.1879156e-02
  -8.9701812e-02   1.0004915e-02
  -8.0993064e-02   1.5760570e-02
  -6.9471543e-02   1.4306950e-02
  -5.8030186e-02   1.8112288e-02
  -4.2874430e-02   7.6222703e-03
  -4.2993554e-02   1.2423157e-02
  -3.4077339e-02   1.0493239e-02
  -2.9041683e-02   1.9099477e-02
  -1.2579993e-02   1.5697941e-02
  -3.7844336e-03   1.8608267e-02
  -6.3267037e-03   1.7706659e-02
   1.2606491e-02   1.3822556e-02
   1.8934548e-02   6.6791780e-03
   2.4025810e-02   1.2428054e-02
   2.5328107e-02   1.9636807e-02
   3.9065518e-02   1.9057506e-02
   5.0561407e-02   1.8152930e-02
   5.6831218e-02   1.6699686e-02
   6.9344757e-02   1.1422895e-02
   8.6060600e-02   1.4801516e-02
   9.1304877e-02   1.4826830e-02
   1.3018557e-01   1.9023659e-02
   1.1609738e-01   2.5208032e-02
   1.0245462e-01   2.1942522e-02
   8.8365197e-02   2.1917050e-02
   8.7080471e-02   1.1900470e-02
   9.3934875e-02   1.4839425e-02
   8.5735336e-02   1.1413927e-02
   2.9723118e-01   2.1899466e-02
   3.0927180e-01   2.0498701e-02
   3.0796242e-01   2.1901364e-02
   2.9896963e-01   2.5669848e-02
   3.0348075e-01   2.4202129e-02
   3.0036971e-01   2.3702632e-02
   3.2166696e-01   1.9038546e-02
   3.3459730e-01   1.8934897e-02
   3.6157048e-01   2.5772333e-02
   3.6319570e-01   2.5789314e-02
   3.5937907e-01   2.6270557e-02
   3.5973693e-01   2.6294847e-02
   3.6513313e-01   2.2512208e-02
   3.5541740e-01   2.4086827e-02
   3.6674463e-01   1.0104842e-02
   3.5024914e-01   2.4448680e-02
   3.5402368e-01   2.4890776e-02
   3.5256517e-01   2.4510490e-02
   3.3162068e-01   3.2008666e-02
   3.2891355e-01   2.9794576e-02
   3.1998882e-01   3.0070253e-02
   3.1720688e-01   2.0023741e-02
   3.0568371e-01   1.3465854e-02
   2.9502199e-01   2.0996688e-02
   2.9553666e-01   2.6074093e-02
   2.8478154e-01   2.4772353e-02
   2.7737546e-01   1.7783785e-02
   2.6712880e-01   2.2500547e-02
   2.6103320e-01   2.3483894e-02
   2.5155384e-01   2.7226033e-02
   2.4849234e-01   1.7882207e-02
   2.4539622e-01   2.1143523e-02
   2.4241297e-01   1.6973174e-02
   2.3758073e-01   2.0676490e-02
   2.2516729e-01   2.0732872e-02
   2.1246844e-01   2.3127470e-02
   2.1906983e-01   2.0298479e-02
   2.1018734e-01   2.1267013e-02
   2.1416950e-01   2.2695796e-02
   2.1181546e-01   2.4001615e-02
   2.0492754e-01   2.0787432e-02
   2.0098159e-01   1.7943710e-02
   2.0035719e-01   1.5157005e-02
   1.8630660e-01   1.9787847e-02
   1.8338932e-01   2.2734744e-02
   1.7833871e-01   2.2273512e-02
   1.7410937e-01   1.6544860e-02
   1.7060318e-01   2.0848232e-02
   1.5971285e-01   2.0457947e-02
   1.5340549e-01   2.1252545e-02
   1.4677406e-01   1.8065029e-02
   1.3819217e-01   1.8114699e-02
  -3.6558825e-02   1.3817509e-02
  -4.7765114e-02   1.2822611e-02
  -6.0507582e-02   1.4759806e-02
  -5.6732342e-02   1.2857080e-02
  -5.0332642e-02   1.1408284e-02
  -5.4260173e-02   1.4301057e-02
  -6.1706937e-02   1.4744494e-02
  -6.6886214e-02   1.2388386e-02
  -6.6761307e-02   9.9862056e-03
  -7.0608772e-02   1.0470416e-02
  -7.8153201e-02   1.5224399e-02
  -7.2980575e-02   1.1873363e-02
  -7.3190272e-02   1.3814038e-02
  -8.3375089e-02   1.2391219e-02
  -9.0596576e-02   1.1862799e-02
  -9.8639459e-02   1.0962982e-02
  -1.1875497e-01   1.0937337e-02
  -1.1599207e-01   1.1867161e-02
  -1.1725568e-01   1.1391444e-02
  -1.2734219e-01   1.1382810e-02
  -1.3113058e-01   1.0431111e-02
  -1.4121441e-01   1.0896071e-02
  -1.6456660e-01   1.0441080e-02
  -1.7021758e-01   1.0393610e-02
  -1.7780278e-01   7.5529333e-03
  -1.9524533e-01   9.8838303e-03
  -2.0555388e-01   6.1170062e-03
  -2.1437542e-01   7.0501923e-03
  -2.1921540e-01   4.6925059e-03
  -2.2066981e-01   8.4532429e-03
  -2.2627797e-01   1.0761134e-02
  -2.2923506e-01   1.1715332e-02
  -2.2630070e-01   8.4217567e-03
  -2.3179973e-01   7.0267482e-03
  -2.3787218e-01   5.6110350e-03
  -2.4187798e-01   7.0167040e-03
  -2.5217953e-01   9.8181606e-03
  -2.4969712e-01   5.1447890e-03
  -2.5347104e-01   6.5441957e-03
  -2.4793451e-01   6.5366372e-03
  -2.5773135e-01   8.3835108e-03
  -2.6757590e-01   9.8045383e-03
  -2.7212665e-01   5.1218222e-03
  -2.6279374e-01   3.7231035e-03
  -2.6127959e-01   3.2552623e-03
  -2.6832494e-01   7.9203407e-03
  -2.6575566e-01   6.9568854e-03
  -2.6582115e-01   6.0591520e-03
  -2.6278640e-01   5.1192673e-03
  -2.6353293e-01   9.3343444e-03
  -2.5395507e-01   8.8543522e-03
  -7.0465698e-02   1.1399701e-02
  -7.1641671e-02   1.4234775e-02
  -6.9274332e-02   1.1887080e-02
  -7.1793399e-02   1.1885774e-02
  -6.9402547e-02   1.4292771e-02
  -6.6818092e-02   1.2852122e-02
  -7.3188140e-02   1.4290384e-02
  -6.1660271e-02   1.0453488e-02
  -6.5498825e-02   1.0937836e-02
  -6.0399170e-02   1.1404348e-02
  -5.0488937e-02   8.5816882e-03
  -4.9313496e-02   1.3376366e-02
  -4.0383072e-02   1.2876191e-02
  -3.7805340e-02   1.9058079e-02
  -2.5209071e-02   1.6203359e-02
  -2.1409171e-02   1.4283683e-02
  -2.2787537e-02   9.0912580e-03
  -1.8968224e-02   1.1950858e-02
  -1.5112356e-02   1.4284702e-02
  -1.2642155e-02   1.6254174e-02
   1.2669346e-03   1.3892209e-02
   1.0103672e-02   1.6238292e-02
   2.1514477e-02   1.5311859e-02
   2.1493070e-02   1.5296612e-02
   3.0376139e-02   1.3874394e-02
   4.4434984e-02   1.2472363e-02
   2.5225476e-02   2.0512845e-02
   5.9943921e-02   1.8793116e-02
   8.0837174e-02   1.4776039e-02
   7.4580847e-02   1.7658779e-02
   7.4221960e-02   1.5671942e-02
   7.3451510e-02   1.9607897e-02
   9.0123868e-02   1.5321431e-02
   9.2554177e-02   1.7695265e-02
   8.4797571e-02   1.4325004e-02
   1.0140498e-01   2.0553844e-02
   1.0418033e-01   1.6760450e-02
   1.2325775e-01   1.4346943e-02
   1.3711003e-01   1.2885072e-02
   1.3742011e-01   2.2496280e-02
   1.3940686e-01   2.2402603e-02
   1.5451966e-01   1.8070144e-02
   1.5627588e-01   1.6213903e-02
   1.4592135e-01   2.0028000e-02
   1.5620797e-01   2.1459577e-02
   1.5705277e-01   1.8065783e-02
   1.6897541e-01   1.6669735e-02
   1.7457544e-01   2.0386212e-02
   1.9394524e-01   1.9908647e-02
   2.1026354e-01   1.7013611e-02
   2.1868419e-01   1.9906920e-02
   2.2855407e-01   2.3170435e-02
   3.5056011e-01   2.5394796e-02
   3.4716425e-01   2.4050339e-02
   3.4310579e-01   2.1734094e-02
   3.2562487e-01   2.4151760e-02
   3.2851961e-01   2.3233388e-02
   3.3329336e-01   2.2261441e-02
   3.3174147e-01   2.0855718e-02
   3.2275241e-01   2.4604943e-02
   3.1997569e-01   2.2828443e-02
   3.1269021e-01   2.2790815e-02
   3.0889235e-01   2.2806593e-02
   2.9998553e-01   2.4241317e-02
   2.9610134e-01   2.4355068e-02
   2.8730328e-01   2.1108813e-02
   2.7962989e-01   1.7759449e-02
   2.6797844e-01   2.0684799e-02
   2.5549839e-01   2.2160234e-02
   2.5553334e-01   2.0745751e-02
   2.5319045e-01   2.3018989e-02
   2.5120578e-01   2.1188653e-02
   2.4558266e-01   2.3515403e-02
   2.4572076e-01   1.7401398e-02
   2.4157979e-01   1.9371505e-02
   2.2583146e-01   2.1265735e-02
   2.2645160e-01   1.9787065e-02
   2.2645160e-01   1.9787065e-02
   2.2304042e-01   2.2669250e-02
   2.1336672e-01   2.0848395e-02
   2.1419925e-01   2.1277308e-02
   2.1065155e-01   1.8940807e-02
   2.0033517e-01   2.0716538e-02
   1.8867864e-01   2.0374766e-02
   1.8980111e-01   1.7512128e-02
   1.8978679e-01   1.8458729e-02
   1.8381933e-01   1.8982696e-02
   1.6838771e-01   2.2319213e-02
   1.5881147e-01   1.6686698e-02
   1.4436425e-01   1.9990794e-02
   1.3917153e-01   1.9028480e-02
   1.4087360e-01   1.7651590e-02
   1.2906943e-01   1.7139914e-02
   1.2054373e-01   2.0069639e-02
   1.1994998e-01   1.9495184e-02
   1.0129959e-01   2.1010984e-02
   1.0249631e-01   1.7172408e-02
   9.3555056e-02   1.5734213e-02
   8.0993064e-02   1.5760570e-02
   7.7196514e-02   1.5763496e-02
   6.7076644e-02   1.4814825e-02
   6.7067853e-02   1.6726415e-02
   5.1827368e-02   1.7674512e-02
   4.2975557e-02   1.8634736e-02
  -9.8412995e-02   1.6174120e-02
  -1.0337023e-01   1.4252725e-02
  -1.0223202e-01   1.0463157e-02
  -1.0580335e-01   1.1389094e-02
  -1.0925956e-01   1.0879673e-02
  -1.1634127e-01   1.1426233e-02
  -1.1700128e-01   1.4685029e-02
  -1.2355366e-01   1.2334973e-02
  -1.2873077e-01   1.1392881e-02
  -1.3366286e-01   8.5327975e-03
  -1.4165954e-01   6.6519657e-03
  -1.4751521e-01   1.1363478e-02
  -1.4247526e-01   1.0894877e-02
  -1.4722298e-01   1.1341253e-02
  -1.5601090e-01   1.3692824e-02
  -1.6656110e-01   1.4665545e-02
  -1.7183892e-01   7.5727678e-03
  -1.7654699e-01   6.6097149e-03
  -1.8158859e-01   7.0779491e-03
  -1.8787755e-01   9.4305921e-03
  -1.8281800e-01   1.1323137e-02
  -1.8786125e-01   1.1316711e-02
  -1.9564105e-01   8.9598796e-03
  -2.0658216e-01   9.8702171e-03
  -2.2339093e-01   1.0808139e-02
  -2.2275693e-01   7.4970192e-03
  -2.2951414e-01   6.0978308e-03
  -2.3101005e-01   5.1637679e-03
  -2.3603578e-01   8.4438277e-03
  -2.4235875e-01   7.0301640e-03
  -2.4942452e-01   8.4107042e-03
  -2.4667245e-01   7.0048423e-03
  -2.5171350e-01   6.0663174e-03
  -2.5976860e-01   7.4718742e-03
  -2.6607367e-01   7.4645121e-03
  -2.6939366e-01   7.9505394e-03
  -2.7418837e-01   7.0027978e-03
  -2.7448332e-01   3.7383795e-03
  -2.7392683e-01   5.5969171e-03
  -2.7059839e-01   5.1180045e-03
  -2.6529811e-01   5.5824516e-03
  -2.6581762e-01   6.5252406e-03
  -2.6428360e-01   7.9175515e-03
  -2.6077470e-01   6.9968467e-03
  -2.5826543e-01   5.5996565e-03
  -2.4944661e-01   5.6071361e-03
  -2.4510570e-01   9.3790930e-03
  -2.4410744e-01   1.1679049e-02
  -2.5091332e-01   1.0287639e-02
  -2.5624755e-01   6.5479382e-03
  -2.5246713e-01   5.6157425e-03
  -1.2144890e-01   2.0008262e-02
  -1.1198172e-01   1.2794723e-02
  -1.1201102e-01   6.6343010e-03
  -9.0348277e-02   6.1504614e-03
  -7.7006088e-02   3.3338370e-03
  -7.1946735e-02   8.5747163e-03
  -7.5489144e-02   1.3771510e-02
  -5.9256816e-02   1.1903626e-02
  -4.7998520e-02   1.4318127e-02
  -4.1767192e-02   1.3870859e-02
  -3.5370322e-02   1.2890520e-02
  -3.0200949e-02   1.0462848e-02
  -3.2864915e-02   1.8161242e-02
  -1.5127790e-02   1.3822256e-02
  -1.5187165e-02   1.4834432e-02
   0.0000000e+00   1.5268390e-02
   0.0000000e+00   1.5253227e-02
   3.7820536e-03   1.3346515e-02
   1.1368723e-02   1.3372598e-02
   1.2645483e-02   1.1951598e-02
   1.2655575e-02   1.5313297e-02
   1.7660002e-02   1.9083639e-02
   2.1427710e-02   1.6204245e-02
   3.5405526e-02   1.2903350e-02
   3.9194469e-02   1.4813657e-02
   4.9166697e-02   1.3336576e-02
   5.8147779e-02   1.7670706e-02
   7.5985680e-02   1.5516874e-02
   7.2822087e-02   1.5167939e-02
   8.6621659e-02   1.7052320e-02
   9.4166492e-02   1.5151245e-02
   1.0249993e-01   1.6695397e-02
   1.0872254e-01   1.6195673e-02
   1.0859488e-01   1.8559039e-02
   1.1500897e-01   1.9997707e-02
   1.3042886e-01   2.0490827e-02
   1.3803818e-01   1.9525530e-02
   1.4648782e-01   1.7555090e-02
   1.5310623e-01   1.7579420e-02
   1.7174434e-01   1.7512025e-02
   1.8312906e-01   1.6072384e-02
   1.7776467e-01   2.4570964e-02
   1.7058798e-01   2.1795879e-02
   1.6411417e-01   2.1314953e-02
   1.6133805e-01   1.6077195e-02
   1.6421489e-01   1.3262638e-02
   1.7410937e-01   1.6544860e-02
   1.8649129e-01   1.9807082e-02
   2.2182453e-01   1.6903646e-02
   2.1471790e-01   2.5925798e-02
   2.1152629e-01   2.7269582e-02
   2.1036679e-01   2.3041799e-02
   2.6756956e-01   2.3366378e-02
   2.6479542e-01   2.2886395e-02
   2.6072840e-01   2.3811945e-02
   2.5441772e-01   2.4302369e-02
   2.5094894e-01   2.1999163e-02
   2.4623258e-01   1.8285837e-02
   2.3690402e-01   1.9211267e-02
   2.3273642e-01   2.1652627e-02
   2.2971717e-01   2.3028420e-02
   2.2590831e-01   2.3980807e-02
   2.2645160e-01   1.9787065e-02
   2.1798408e-01   2.0200588e-02
   2.0599642e-01   2.0292082e-02
   2.0622690e-01   1.8894691e-02
   1.9229410e-01   1.9872797e-02
   1.8903405e-01   1.8387002e-02
   1.8125597e-01   2.0741799e-02
   1.7895224e-01   1.8407756e-02
   1.7512811e-01   2.1248380e-02
   1.6918566e-01   1.9883736e-02
   1.6274871e-01   1.7037435e-02
   1.6814625e-01   1.5640259e-02
   1.6667401e-01   1.8941793e-02
   1.5861884e-01   1.9373044e-02
   1.4644034e-01   2.1350786e-02
   1.3860839e-01   1.9901477e-02
   1.2826811e-01   2.0352170e-02
   1.3527106e-01   1.6163447e-02
   1.2956529e-01   1.6564069e-02
   1.1353732e-01   1.8059087e-02
   1.0333048e-01   1.9478724e-02
   1.0491492e-01   1.8105567e-02
   1.1344820e-01   1.5192670e-02
   1.0562806e-01   2.0859455e-02
   1.0220149e-01   1.5694735e-02
   9.0752656e-02   1.6165287e-02
   8.5616944e-02   1.7579093e-02
   8.5636684e-02   1.4253318e-02
   7.4267773e-02   2.0441205e-02
   6.6605835e-02   1.6136214e-02
   5.9646950e-02   1.8219887e-02
   4.1684142e-02   1.3843285e-02
   3.7744572e-02   1.3789744e-02
   3.5299167e-02   1.3341418e-02
   3.0159066e-02   1.7104083e-02
   3.5291500e-02   1.6676772e-02
   3.4133820e-02   1.6249105e-02
   2.5183236e-02   1.6663387e-02
   1.0093640e-02   1.6222151e-02
   0.0000000e+00   1.5207921e-02
  -1.5056907e-01   8.4781538e-03
  -1.5919501e-01   8.4628724e-03
  -1.5761471e-01   1.0793996e-02
  -1.6043601e-01   1.0342246e-02
  -1.6687771e-01   8.9350252e-03
  -1.7314454e-01   9.8691384e-03
  -1.7386845e-01   1.1713333e-02
  -1.6955140e-01   9.4120090e-03
  -1.6655718e-01   7.5096423e-03
  -1.6421182e-01   7.9887588e-03
  -1.6059094e-01   1.0822864e-02
  -1.5650675e-01   1.2215228e-02
  -1.4441678e-01   1.1793385e-02
  -1.3786852e-01   1.1305702e-02
  -1.3523997e-01   9.4142082e-03
  -1.3285816e-01   1.0839142e-02
  -1.2545580e-01   1.1800237e-02
  -1.2271530e-01   9.8947243e-03
  -1.2017306e-01   1.5551760e-02
  -1.1520212e-01   9.9001634e-03
  -1.1394245e-01   1.1315471e-02
  -1.1062955e-01   9.9425304e-03
  -1.0757062e-01   1.2251668e-02
  -1.0017366e-01   1.0381940e-02
  -9.3999019e-02   1.1813668e-02
  -8.0450606e-02   1.1857406e-02
  -7.0378286e-02   1.5659117e-02
  -6.3917746e-02   1.2304258e-02
  -6.3988201e-02   9.9478501e-03
  -6.3791882e-02   1.2280075e-02
  -6.1529325e-02   1.3278182e-02
  -4.8835682e-02   9.9334839e-03
  -4.7717902e-02   1.2809946e-02
  -4.3942967e-02   1.5658275e-02
  -4.1431940e-02   1.5659316e-02
  -3.7635802e-02   1.2326601e-02
  -4.1358541e-02   1.2313310e-02
  -3.7707232e-02   1.3776102e-02
  -2.7650345e-02   1.4729179e-02
  -1.8832084e-02   1.6140657e-02
  -1.1301305e-02   1.3293242e-02
  -6.2966262e-03   1.4761723e-02
   1.2567139e-03   1.6158408e-02
   1.0025786e-02   1.3267108e-02
   6.2833571e-03   1.6633460e-02
   7.5258828e-03   1.5177599e-02
   7.5119295e-03   1.3254206e-02
   1.0034819e-02   1.4703098e-02
   1.3798683e-02   1.3754128e-02
   1.6355981e-02   1.3794693e-02
   2.3876757e-02   1.6630721e-02
   1.5340549e-01   2.1252545e-02
   1.6238208e-01   2.0310544e-02
   1.7427951e-01   2.0205553e-02
   1.7966391e-01   1.9292736e-02
   1.7728860e-01   2.1672467e-02
   1.7516474e-01   1.8887449e-02
   1.7936687e-01   1.5028570e-02
   1.8975079e-01   1.6920851e-02
   1.9261626e-01   1.8831921e-02
   1.9717438e-01   2.3480387e-02
   1.8565030e-01   2.5367610e-02
   1.8684027e-01   1.8769979e-02
   1.8976380e-01   1.5980804e-02
   1.9063041e-01   1.6885696e-02
   2.0707401e-01   2.0617431e-02
   2.1732852e-01   2.0610725e-02
   2.2612216e-01   2.0586516e-02
   2.2549373e-01   2.2526719e-02
   2.1354102e-01   2.1558142e-02
   2.0201774e-01   2.2505731e-02
   1.9706639e-01   1.8766168e-02
   2.0209499e-01   1.8285907e-02
   2.0710799e-01   1.8743119e-02
   2.0981729e-01   1.9224132e-02
   2.0456402e-01   2.0623879e-02
   1.9719328e-01   2.2541172e-02
   1.9829748e-01   2.0170596e-02
   2.0274950e-01   1.8230346e-02
   1.9706639e-01   1.8766168e-02
   1.9221202e-01   2.0205127e-02
   1.8469679e-01   1.8811699e-02
   1.8252249e-01   2.0267570e-02
   1.8183143e-01   1.8311022e-02
   1.9093929e-01   2.1147992e-02
   1.9365144e-01   2.0691995e-02
   1.8951215e-01   2.0191462e-02
   1.7080900e-01   2.3078841e-02
   1.6667401e-01   1.8941793e-02
   1.5566236e-01   1.7436107e-02
   1.5976066e-01   1.6047811e-02
   1.5848032e-01   1.7937982e-02
   1.5989634e-01   1.7953304e-02
   1.5691195e-01   1.7905205e-02
   1.3872808e-01   2.1343957e-02
   1.3214809e-01   2.2260507e-02
   1.3598948e-01   1.6571819e-02
   1.4089129e-01   1.6075697e-02
   1.4029408e-01   1.9780750e-02
   1.3902380e-01   2.1195936e-02
   1.2705793e-01   1.5620649e-02
   1.1569763e-01   1.9897638e-02
