   5.6327402e-02   1.6551756e-02
   4.1297616e-02   1.9398014e-02
   4.2607184e-02   1.4207202e-02
   4.6455469e-02   1.5182714e-02
   4.8818718e-02   1.6082783e-02
   5.2574004e-02   1.6080886e-02
   5.0118169e-02   1.6571489e-02
   4.7562035e-02   1.7502507e-02
   4.3767090e-02   1.6541892e-02
   4.0134107e-02   1.6592498e-02
   4.2478936e-02   1.5109652e-02
   4.8682277e-02   1.3677263e-02
   4.6413753e-02   1.3745757e-02
   5.0073691e-02   1.5136157e-02
   5.0162278e-02   1.8009653e-02
   5.0010442e-02   1.8901584e-02
   4.8817082e-02   1.6555806e-02
   5.1322242e-02   1.6081534e-02
   5.2478627e-02   1.3689096e-02
   4.8772259e-02   1.5594404e-02
   5.3877032e-02   1.6569482e-02
   5.6323463e-02   1.7497571e-02
   5.3875171e-02   1.7042895e-02
   5.2520508e-02   1.6537572e-02
   4.5109338e-02   1.5626858e-02
   4.3990500e-02   1.4248873e-02
   4.5067701e-02   1.4665317e-02
   4.3940047e-02   1.6607262e-02
   4.7515239e-02   1.7485287e-02
   4.5106352e-02   1.6573940e-02
   4.2688810e-02   1.5184294e-02
   4.1310795e-02   1.5139913e-02
   3.8805885e-02   1.5614007e-02
   4.0019525e-02   1.5125490e-02
   3.5080260e-02   1.7525389e-02
   3.2545812e-02   1.6089386e-02
   3.1325929e-02   1.5631963e-02
   2.7541373e-02   1.4671104e-02
   3.1328811e-02   1.4210875e-02
   3.0075659e-02   1.4211214e-02
   2.5085481e-02   1.5649118e-02
   2.5032650e-02   1.7511387e-02
   2.8763127e-02   1.5601906e-02
   2.6261986e-02   1.5602572e-02
   2.8791463e-02   1.5617285e-02
   2.8820767e-02   1.5158976e-02
   2.6340590e-02   1.5174599e-02
   2.2531716e-02   1.6092139e-02
   2.3785003e-02   1.5145270e-02
   2.7567690e-02   1.5159308e-02
   2.2533851e-02   1.4672245e-02
   2.1302306e-02   1.5160748e-02
   3.3798674e-02   1.5615767e-02
   2.8763127e-02   1.5601906e-02
   3.5119673e-02   1.5646186e-02
   3.6298630e-02   1.7034455e-02
   3.8846573e-02   1.4682169e-02
   3.5048161e-02   1.6561734e-02
   4.0056384e-02   1.6086666e-02
   3.2544721e-02   1.6562604e-02
   3.7666597e-02   1.5186194e-02
   4.0098458e-02   1.5155323e-02
   4.5066322e-02   1.5138391e-02
   4.6228486e-02   1.4635967e-02
   4.3893598e-02   1.7538921e-02
   4.3802224e-02   1.8923642e-02
   4.7570006e-02   1.5137303e-02
   4.5024673e-02   1.4178277e-02
   4.3726941e-02   1.5581309e-02
   4.3805542e-02   1.7977460e-02
   5.0075223e-02   1.4663152e-02
   5.2672317e-02   1.7534313e-02
   4.7556701e-02   1.8921629e-02
   4.8906385e-02   1.8484303e-02
   5.8838388e-02   1.4658818e-02
   6.1275976e-02   1.6060114e-02
   6.0086532e-02   1.5603829e-02
   5.6271973e-02   1.6535481e-02
   5.5124112e-02   1.7988962e-02
   5.3827518e-02   1.5607275e-02
   5.7584744e-02   1.5132366e-02
   5.6378990e-02   1.7514810e-02
   6.1275976e-02   1.6060114e-02
   6.8914797e-02   1.6086869e-02
   6.7661801e-02   1.6087721e-02
   7.0027345e-02   1.6526590e-02
   7.1340455e-02   1.7959812e-02
   7.0157960e-02   1.7978473e-02
   6.7535011e-02   1.4639395e-02
   7.0024934e-02   1.6998778e-02
   7.3860955e-02   1.4649778e-02
   7.3776270e-02   1.6995941e-02
   6.7524044e-02   1.7000588e-02
   6.9960837e-02   1.6038648e-02
   7.1212446e-02   1.5566074e-02
   6.8846910e-02   1.6071051e-02
   6.5087198e-02   1.7019056e-02
   5.8948954e-02   1.6109119e-02
   6.0092049e-02   1.4185299e-02
   5.5079321e-02   1.5606616e-02
   5.7745713e-02   1.7548610e-02
   5.6430444e-02   1.8479763e-02
   5.3774542e-02   1.5591926e-02
   5.2832446e-02   1.6635743e-02
   1.6291902e-02   1.3266430e-02
   2.1259703e-02   1.5603723e-02
   1.8742367e-02   1.3699294e-02
   2.2532449e-02   1.5618841e-02
   2.7564993e-02   1.6580493e-02
   3.1260025e-02   1.7492232e-02
   3.5081506e-02   1.7051730e-02
   3.3795276e-02   1.7035382e-02
   3.6301098e-02   1.6088096e-02
   3.8884923e-02   1.4696664e-02
   3.8844152e-02   1.5629406e-02
   4.3856301e-02   1.5627398e-02
   4.8813668e-02   1.7501853e-02
   5.5184398e-02   1.6585122e-02
   5.5079321e-02   1.5606616e-02
   5.7575096e-02   1.7496798e-02
   5.6331123e-02   1.5605942e-02
   5.6218530e-02   1.6047260e-02
   5.7586507e-02   1.4659480e-02
   5.8890827e-02   1.6093250e-02
   6.0023438e-02   1.6533247e-02
   6.3902812e-02   1.6090184e-02
   7.5092408e-02   1.8429304e-02
   7.3933800e-02   1.4664191e-02
   7.6497473e-02   1.7991062e-02
   7.6349583e-02   1.7483186e-02
   7.8861006e-02   1.6063700e-02
   7.2666253e-02   1.7503416e-02
   7.2523259e-02   1.7469039e-02
   7.2461788e-02   1.5565209e-02
   7.3711129e-02   1.5564330e-02
   7.1413387e-02   1.7504394e-02
   6.6278097e-02   1.6056942e-02
   6.3910775e-02   1.4197221e-02
   6.1455352e-02   1.6581365e-02
   6.0023438e-02   1.6533247e-02
   5.8715171e-02   1.6517769e-02
   5.8776825e-02   1.5589207e-02
   5.7637830e-02   1.6093978e-02
   5.3880598e-02   1.5622654e-02
   5.5082746e-02   1.4660760e-02
   5.3825766e-02   1.6080223e-02
   5.3983486e-02   1.6602201e-02
   5.3827518e-02   1.5607275e-02
   5.6440487e-02   1.6110563e-02
   4.8866856e-02   1.6098636e-02
   4.7615413e-02   1.5625732e-02
   5.1276583e-02   1.4648153e-02
   5.0025934e-02   1.4648728e-02
   5.0070480e-02   1.6082167e-02
   5.7755448e-02   1.5177177e-02
   2.1279241e-02   1.6565719e-02
   2.3692357e-02   1.4614351e-02
   2.5009766e-02   1.6548512e-02
   2.3836601e-02   1.1855618e-02
   2.8878613e-02   1.4714294e-02
   3.1323856e-02   1.6579355e-02
   3.6372759e-02   1.6119865e-02
   3.6370276e-02   1.7068092e-02
   4.1348878e-02   1.6102021e-02
   4.0173757e-02   1.6608893e-02
   4.6363842e-02   1.5152778e-02
   5.1276583e-02   1.4648153e-02
   4.8866856e-02   1.6098636e-02
   5.1363725e-02   1.8464646e-02
   5.5067766e-02   1.8444182e-02
   6.3851401e-02   1.3237705e-02
   6.1271818e-02   1.7004827e-02
   6.0143823e-02   1.6092507e-02
   6.2530508e-02   1.5114677e-02
   5.8772950e-02   1.6534008e-02
   6.2641036e-02   1.7984030e-02
   6.8980497e-02   1.6576328e-02
   7.5103203e-02   1.6539119e-02
   7.7611770e-02   1.5592183e-02
   7.2743070e-02   1.6573593e-02
   7.7603967e-02   1.7009654e-02
   8.0025665e-02   1.7462857e-02
   7.6430208e-02   1.6554416e-02
   7.5103203e-02   1.6539119e-02
   7.8938768e-02   1.6079497e-02
   7.5265546e-02   1.3730829e-02
   8.1602944e-02   1.6582973e-02
   8.1504284e-02   1.9406651e-02
   8.1199043e-02   1.6973174e-02
   8.1439211e-02   1.7023234e-02
   7.6500271e-02   1.7517613e-02
   7.2390612e-02   1.5549954e-02
   7.1483859e-02   1.7521636e-02
   7.1355009e-02   1.5124053e-02
   8.1358998e-02   1.7006515e-02
   7.5248846e-02   1.7045167e-02
   7.4065154e-02   1.7536929e-02
   6.8991432e-02   1.4208281e-02
   6.6469814e-02   1.7051730e-02
   7.0105313e-02   1.4652229e-02
   6.7659529e-02   1.6560889e-02
   6.6215082e-02   1.5569382e-02
   6.6341163e-02   1.6545462e-02
   6.9956099e-02   1.6982098e-02
   6.3835521e-02   1.7019906e-02
   6.8844603e-02   1.6543729e-02
   6.6406574e-02   1.6561750e-02
   2.1283211e-02   1.3725882e-02
   2.2512336e-02   1.4184962e-02
   1.7490776e-02   1.5589071e-02
   1.8794314e-02   1.6582585e-02
   2.1219250e-02   1.4629225e-02
   2.3829626e-02   1.6597865e-02
   2.1302959e-02   1.4686974e-02
   1.9991287e-02   1.4171471e-02
   1.8741831e-02   1.4171684e-02
   2.5011415e-02   1.5602883e-02
   2.3806930e-02   1.6107730e-02
   2.3807706e-02   1.5633973e-02
   1.8815285e-02   1.4701942e-02
   2.3787777e-02   1.3252112e-02
   2.6341399e-02   1.4700393e-02
   3.0071911e-02   1.6106043e-02
   3.0041281e-02   1.6563409e-02
   3.2612159e-02   1.5172859e-02
   3.5118526e-02   1.6120313e-02
   3.7629414e-02   1.5171201e-02
   4.0100879e-02   1.4208115e-02
   3.8766434e-02   1.6071324e-02
   3.7519451e-02   1.4653699e-02
   4.1389691e-02   1.6117915e-02
   4.7476457e-02   1.5107547e-02
   5.0223675e-02   1.4706595e-02
   5.0172552e-02   1.5166023e-02
   4.7619793e-02   1.4205211e-02
   4.7753514e-02   1.6621903e-02
   5.2527231e-02   1.4647564e-02
   5.1376150e-02   1.5150478e-02
   5.2572242e-02   1.6553853e-02
   5.3770997e-02   1.6536891e-02
   6.1398821e-02   1.5618461e-02
   6.2467058e-02   1.5571706e-02
   6.6085130e-02   1.5538876e-02
   6.8987259e-02   1.5155500e-02
   7.0031962e-02   1.5582213e-02
   6.5089443e-02   1.6546304e-02
   6.8769556e-02   1.7944118e-02
   6.7528627e-02   1.6056111e-02
   7.2464067e-02   1.5093536e-02
   7.0167793e-02   1.6086002e-02
   7.1423119e-02   1.5612027e-02
   6.6394459e-02   1.8927715e-02
   6.3952040e-02   1.8948286e-02
   6.5222250e-02   1.5631552e-02
   6.7472520e-02   1.3681477e-02
   7.1210138e-02   1.6037773e-02
   7.2604559e-02   1.5595810e-02
   5.6266000e-02   1.7952808e-02
   5.1323912e-02   1.5608548e-02
   4.7520145e-02   1.6067561e-02
   4.7616919e-02   1.5152225e-02
   5.1428446e-02   1.4691505e-02
   5.3880598e-02   1.5622654e-02
   5.1270020e-02   1.6538237e-02
   4.8866856e-02   1.6098636e-02
   5.0172552e-02   1.5166023e-02
   5.1323912e-02   1.5608548e-02
   5.2682798e-02   1.4690911e-02
   5.1480802e-02   1.4231625e-02
   5.6329290e-02   1.6078849e-02
   5.1318752e-02   1.7027507e-02
   5.2523971e-02   1.5592568e-02
   5.1224599e-02   1.5105816e-02
   4.8868450e-02   1.5625147e-02
   5.0028845e-02   1.3703649e-02
   4.7473425e-02   1.6051769e-02
   5.3825766e-02   1.6080223e-02
   5.0016041e-02   1.7483965e-02
   5.3930207e-02   1.6585825e-02
   4.7615413e-02   1.5625732e-02
   4.7568504e-02   1.5610344e-02
   4.9978217e-02   1.4162257e-02
   5.1369349e-02   1.7044288e-02
   4.7566956e-02   1.6083385e-02
   5.0160395e-02   1.8483591e-02
   4.7711023e-02   1.5182158e-02
   5.1376150e-02   1.5150478e-02
   5.2733235e-02   1.5179785e-02
   4.5103192e-02   1.7521022e-02
   4.5147701e-02   1.7538314e-02
   4.7566956e-02   1.6083385e-02
   5.0073691e-02   1.5136157e-02
   5.5128082e-02   1.7042174e-02
   5.2625845e-02   1.6096733e-02
   4.6315194e-02   1.6083971e-02
   5.1482286e-02   1.3757238e-02
   4.8818718e-02   1.6082783e-02
   4.2594309e-02   1.8469363e-02
   4.1346061e-02   1.7049199e-02
   4.2481485e-02   1.4165299e-02
   4.1273797e-02   1.3707043e-02
   4.3811670e-02   1.6085095e-02
   4.1305337e-02   1.7032403e-02
   3.8805885e-02   1.5614007e-02
   3.8882495e-02   1.5644836e-02
   3.3767506e-02   1.4654914e-02
   3.7555268e-02   1.5141304e-02
   4.0061366e-02   1.4194117e-02
   3.7444595e-02   1.5096678e-02
   3.6228510e-02   1.6528701e-02
   4.2687454e-02   1.5658803e-02
   3.7628221e-02   1.5645301e-02
   3.9900456e-02   1.5552240e-02
   4.1347490e-02   1.6575610e-02
   4.5060368e-02   1.7030690e-02
   4.2690124e-02   1.4709785e-02
   4.1355219e-02   1.3734077e-02
   4.2605918e-02   1.4680776e-02
   5.0123073e-02   1.5151075e-02
   5.0114657e-02   1.7518431e-02
   5.0169322e-02   1.6113900e-02
   5.0119852e-02   1.6098018e-02
   5.0073691e-02   1.5136157e-02
   5.0070480e-02   1.6082167e-02
   6.2775667e-02   1.5648530e-02
   6.5091624e-02   1.6073553e-02
   6.1392636e-02   1.7038322e-02
   6.5089443e-02   1.6546304e-02
   6.5093743e-02   1.5600801e-02
   6.5025391e-02   1.6530045e-02
   7.1286956e-02   1.4637036e-02
   7.3931532e-02   1.5137230e-02
   7.2597259e-02   1.7013611e-02
   7.2663602e-02   1.7976482e-02
   7.6357482e-02   1.6065630e-02
   7.3919120e-02   1.7502422e-02
   7.6505642e-02   1.6570715e-02
   7.5029298e-02   1.6522881e-02
   6.8975654e-02   1.7523547e-02
   7.0167793e-02   1.6086002e-02
   7.1275380e-02   1.6997849e-02
   7.2617259e-02   1.2760208e-02
   7.0024934e-02   1.6998778e-02
   6.7595148e-02   1.6071900e-02
   6.5087198e-02   1.7019056e-02
   6.5093743e-02   1.5600801e-02
   6.6408805e-02   1.6088558e-02
   6.6341163e-02   1.6545462e-02
   5.8892747e-02   1.5619919e-02
   6.1338334e-02   1.5603095e-02
   5.8717131e-02   1.6045832e-02
   6.1392636e-02   1.7038322e-02
   5.7581052e-02   1.6078139e-02
   5.6270037e-02   1.7007923e-02
   5.7584744e-02   1.5132366e-02
   6.7592883e-02   1.6544603e-02
   6.7661801e-02   1.6087721e-02
   6.6266372e-02   1.8418257e-02
   6.3774903e-02   1.6530870e-02
   6.0258546e-02   1.7072757e-02
   3.6269875e-02   1.4181405e-02
   4.0098458e-02   1.5155323e-02
   4.6504242e-02   1.4247868e-02
   4.7566956e-02   1.6083385e-02
   4.7612261e-02   1.6572746e-02
   4.7612261e-02   1.6572746e-02
   4.3810202e-02   1.6558187e-02
   4.6458285e-02   1.4233794e-02
   4.2600444e-02   1.6575069e-02
   4.1270135e-02   1.5125013e-02
   4.3769976e-02   1.5596641e-02
   4.3683990e-02   1.5566006e-02
   4.3807138e-02   1.7504369e-02
   4.5020547e-02   1.5596105e-02
   4.2559908e-02   1.6085635e-02
   4.2601875e-02   1.6101496e-02
   4.1309491e-02   1.5613036e-02
   4.2562637e-02   1.5139421e-02
   3.8804622e-02   1.6087158e-02
   3.5046953e-02   1.7034927e-02
   3.6372759e-02   1.6119865e-02
   3.6373947e-02   1.5645751e-02
   3.7554082e-02   1.5614469e-02
   3.1326920e-02   1.5158267e-02
   3.0100580e-02   1.6596124e-02
   2.9959149e-02   1.3211661e-02
   2.6288688e-02   1.5144682e-02
   2.7568535e-02   1.4685580e-02
   2.6283325e-02   1.7984309e-02
   2.8849217e-02   1.5173947e-02
   3.2514839e-02   1.5600794e-02
   2.7593127e-02   1.6122673e-02
   2.3804462e-02   1.7529000e-02
   2.5062305e-02   1.4686180e-02
   2.7621294e-02   1.5663948e-02
   3.0016448e-02   1.4183228e-02
   2.8791463e-02   1.5617285e-02
   3.1264269e-02   1.5601180e-02
   3.5052656e-02   1.4668965e-02
   3.8920914e-02   1.5660296e-02
   3.5046953e-02   1.7034927e-02
   3.3760827e-02   1.7491349e-02
   3.4982653e-02   1.5112372e-02
   3.7596697e-02   1.3261708e-02
   3.7555268e-02   1.5141304e-02
   3.8882495e-02   1.5644836e-02
   4.0058953e-02   1.5140392e-02
   3.6264161e-02   1.6544972e-02
   3.7477769e-02   1.6528229e-02
   4.4979068e-02   1.4636484e-02
   3.8845381e-02   1.5155788e-02
   4.3859034e-02   1.4680283e-02
   5.5128082e-02   1.7042174e-02
   5.3878841e-02   1.6096068e-02
   5.2625845e-02   1.6096733e-02
   5.6334626e-02   1.4660127e-02
   5.1420045e-02   1.7061103e-02
   5.3932021e-02   1.6111944e-02
   5.6440487e-02   1.6110563e-02
   5.2525626e-02   1.5120066e-02
   5.8830842e-02   1.6550278e-02
   6.2705140e-02   1.7528027e-02
   6.5149055e-02   1.7509030e-02
   6.3904896e-02   1.5616943e-02
   5.8722672e-02   1.4630024e-02
   6.6343386e-02   1.6072734e-02
   6.3777036e-02   1.6058559e-02
   6.2526506e-02   1.6059344e-02
   5.7577137e-02   1.7023912e-02
   6.0082562e-02   1.6549515e-02
   6.5093743e-02   1.5600801e-02
   6.5155808e-02   1.6089379e-02
   6.8718020e-02   1.4624257e-02
   7.1425379e-02   1.5138935e-02
   7.2814935e-02   1.6589933e-02
   7.0091421e-02   1.7488144e-02
   7.1418391e-02   1.6558211e-02
   6.7664007e-02   1.5614553e-02
   7.7695452e-02   1.4188652e-02
   6.8709243e-02   1.6511258e-02
   7.1415924e-02   1.7031302e-02
   6.8907654e-02   1.7506299e-02
   6.8910102e-02   1.7033156e-02
   7.3838035e-02   1.8902940e-02
   7.7451395e-02   1.6976295e-02
   7.2676156e-02   1.5611155e-02
   7.5186915e-02   1.4663344e-02
   6.6472115e-02   1.6578071e-02
   6.6198716e-02   1.8871978e-02
   6.7526368e-02   1.6528349e-02
   7.2609074e-02   1.4650609e-02
   6.8779157e-02   1.6055264e-02
   6.7590552e-02   1.7017306e-02
   6.5155808e-02   1.6089379e-02
   7.0299129e-02   1.7539879e-02
   6.2579346e-02   1.7966337e-02
   6.6465018e-02   1.7999049e-02
   6.0205154e-02   1.5634597e-02
   6.0095436e-02   1.3239612e-02
   4.3898157e-02   1.6116846e-02
   3.8735293e-02   1.3222193e-02
   4.1315612e-02   1.3247424e-02
   3.8771246e-02   1.4180580e-02
   4.1386865e-02   1.7066028e-02
   4.2601875e-02   1.6101496e-02
   3.7588627e-02   1.6577135e-02
   4.2480231e-02   1.4637475e-02
   4.1394859e-02   1.4221690e-02
   4.3944363e-02   1.5183782e-02
   4.0057688e-02   1.5613529e-02
   3.3796441e-02   1.6562177e-02
   3.7589889e-02   1.6103502e-02
   3.1291922e-02   1.7036243e-02
   3.1327881e-02   1.4684571e-02
   3.0045134e-02   1.4670448e-02
   3.1269727e-02   1.2764602e-02
   3.3732211e-02   1.5585049e-02
   3.2542445e-02   1.7509038e-02
   3.1322774e-02   1.7053050e-02
   3.2513783e-02   1.6073545e-02
   3.1265254e-02   1.5128417e-02
   3.3798674e-02   1.5615767e-02
   3.7664167e-02   1.6135331e-02
   3.7554082e-02   1.5614469e-02
   4.1263233e-02   1.7488296e-02
   3.6299881e-02   1.6561276e-02
   3.8765137e-02   1.6544010e-02
   3.7556418e-02   1.4668138e-02
   3.8807110e-02   1.5140855e-02
   4.2561293e-02   1.5612528e-02
   4.6362375e-02   1.5626303e-02
   4.5053716e-02   1.8922989e-02
   4.9970358e-02   1.6522633e-02
   4.7526043e-02   1.4177260e-02
   4.5066322e-02   1.5138391e-02
   5.1275016e-02   1.5120674e-02
   4.7613860e-02   1.6099239e-02
   5.2625845e-02   1.6096733e-02
   5.1120808e-02   1.6018448e-02
   5.0016041e-02   1.7483965e-02
   4.8919741e-02   1.4692651e-02
   5.5193145e-02   1.4215819e-02
   5.2527231e-02   1.4647564e-02
   5.0017810e-02   1.7011426e-02
   5.2676016e-02   1.6586512e-02
   4.8958322e-02   1.7553710e-02
   5.0124610e-02   1.4677604e-02
   4.8918238e-02   1.5166608e-02
   5.7646669e-02   1.3727217e-02
   5.3761225e-02   1.8899304e-02
   5.3878841e-02   1.6096068e-02
