  -1.0727304e-01   1.1886077e-02
   7.8540251e-02   1.5778207e-02
   7.8311013e-02   1.4777876e-02
   6.5296426e-02   1.3276219e-02
   7.2956552e-02   1.7097643e-02
   7.8303461e-02   1.6207993e-02
   8.3416531e-02   1.9559378e-02
   1.0103672e-01   1.6187601e-02
   1.0774279e-01   2.0545441e-02
   1.0752371e-01   2.0981621e-02
   1.1114040e-01   1.6176909e-02
   1.0492630e-01   1.6676180e-02
   1.0945281e-01   1.4692758e-02
   1.2767230e-01   1.7600410e-02
   1.3439374e-01   1.7643610e-02
   1.3482252e-01   2.0381788e-02
   1.4450822e-01   2.0010510e-02
   1.4800961e-01   2.0439671e-02
   1.5420641e-01   1.8509268e-02
   1.6321024e-01   1.8986185e-02
   1.8059064e-01   1.7022574e-02
   1.8218818e-01   1.8948286e-02
   1.8111037e-01   1.8495234e-02
   1.7961991e-01   2.1322762e-02
   1.8543002e-01   1.8884936e-02
   1.8759922e-01   2.0397637e-02
   1.9521286e-01   1.9905668e-02
   2.0184412e-01   1.7906154e-02
   2.1358810e-01   1.9801119e-02
   2.1374341e-01   2.2651790e-02
   2.1591619e-01   2.0367860e-02
   2.2725477e-01   2.0215630e-02
   2.3193306e-01   2.1698320e-02
   2.4290781e-01   1.9271228e-02
   2.3573524e-01   2.1686731e-02
   2.3912198e-01   1.8811509e-02
   2.5120578e-01   2.1188653e-02
   2.5548029e-01   2.2518939e-02
   2.6816494e-01   2.1069882e-02
   2.6610181e-01   2.3465209e-02
   2.6618808e-01   2.0180080e-02
   2.7046067e-01   1.9638529e-02
   2.6458402e-01   2.2978515e-02
   2.6778029e-01   2.5259751e-02
   2.6832749e-01   2.4839344e-02
   2.7907421e-01   1.7725738e-02
   2.8636635e-01   1.7686537e-02
   2.8262881e-01   2.1530144e-02
   2.9114009e-01   2.3811878e-02
   2.9559981e-01   2.4211658e-02
   3.0538351e-01   2.3309959e-02
   3.1423777e-01   2.3737864e-02
   3.1080536e-01   2.2753256e-02
   1.9336674e-01   1.9850511e-02
   1.8054887e-01   1.9859669e-02
   1.8807417e-01   2.2677495e-02
   1.8472581e-01   1.8469363e-02
   1.7586220e-01   1.8961356e-02
   1.6973081e-01   1.7093334e-02
   1.6288596e-01   1.8949015e-02
   1.6369909e-01   1.9042213e-02
   1.6301363e-01   2.1338530e-02
   1.5291100e-01   2.0884732e-02
   1.4140297e-01   2.0410958e-02
   1.4425407e-01   1.7118101e-02
   1.3411600e-01   1.8560645e-02
   1.3046933e-01   1.6678580e-02
   1.1709376e-01   1.7544534e-02
   1.1227153e-01   1.8535953e-02
   1.0975680e-01   1.7588426e-02
   1.0598673e-01   1.5690923e-02
   9.1188439e-02   1.8634588e-02
   8.9746498e-02   1.8122074e-02
   8.9584021e-02   1.5706458e-02
   8.0756896e-02   1.4761411e-02
   6.9238384e-02   1.9494811e-02
   6.4215012e-02   1.7120957e-02
   5.5691165e-02   1.3386926e-02
   4.4202059e-02   1.6706290e-02
   3.7734796e-02   1.7593811e-02
   3.9147608e-02   1.7663241e-02
   3.0184417e-02   1.9023361e-02
   2.7733475e-02   1.4296489e-02
   3.0228041e-02   1.2377445e-02
   1.8945622e-02   1.5281880e-02
   3.7774855e-03   1.6666593e-02
  -6.2897898e-03   1.6174232e-02
  -1.6401607e-02   1.6698407e-02
  -2.7735812e-02   1.2866840e-02
  -3.2684596e-02   1.0927073e-02
  -3.4041972e-02   1.1435811e-02
  -3.4009005e-02   1.0948454e-02
  -2.7767873e-02   9.5404625e-03
  -3.6542212e-02   2.0011564e-02
  -4.1631891e-02   1.7644585e-02
  -4.4035334e-02   1.3787545e-02
  -4.7820141e-02   9.5076305e-03
  -5.5302342e-02   1.4243916e-02
  -5.9202171e-02   1.0464821e-02
  -6.6758417e-02   1.0937273e-02
  -8.0434886e-02   1.5177480e-02
  -8.8165121e-02   1.2351206e-02
  -9.1768288e-02   1.0902253e-02
  -9.1413934e-02   8.9708655e-03
  -8.6747028e-02   9.0087048e-03
  -2.1898472e-01   7.0319844e-03
  -2.1563000e-01   3.7372320e-03
  -2.1605654e-01   3.7444174e-03
  -2.1248454e-01   6.5622340e-03
  -2.0409471e-01   1.1216946e-02
  -2.0719058e-01   1.3120184e-02
  -2.0307111e-01   7.9542101e-03
  -1.9575460e-01   6.0940290e-03
  -1.9847200e-01   3.2835853e-03
  -1.9362496e-01   6.5774461e-03
  -1.8692449e-01   1.2200486e-02
  -1.8707743e-01   1.5030520e-02
  -1.7329582e-01   1.2230798e-02
  -1.6579259e-01   8.0032892e-03
  -1.6093914e-01   5.6577165e-03
  -1.5433842e-01   7.5334932e-03
  -1.4485944e-01   9.9355489e-03
  -1.4050336e-01   1.2728610e-02
  -1.3839276e-01   1.4187495e-02
  -1.3059636e-01   1.2751700e-02
  -1.2446075e-01   9.4596157e-03
  -1.1829634e-01   8.5260146e-03
  -1.1463834e-01   7.5881882e-03
  -1.1449187e-01   1.3740070e-02
  -1.1698206e-01   1.7053582e-02
  -1.1059445e-01   1.5623976e-02
  -1.0821518e-01   1.1375998e-02
  -1.0561051e-01   7.5777979e-03
  -9.7000095e-02   8.0717220e-03
  -9.4473548e-02   9.9724341e-03
  -8.8070668e-02   1.3762757e-02
  -7.2968543e-02   1.4722970e-02
  -6.6680147e-02   1.4251908e-02
  -6.0459056e-02   1.1415636e-02
  -4.6609633e-02   8.5656600e-03
  -5.0279067e-02   1.2821632e-02
  -4.6412418e-02   1.4219748e-02
  -4.5286487e-02   1.6164145e-02
  -4.4072158e-02   1.6180725e-02
  -3.2647304e-02   1.3763995e-02
  -2.6474376e-02   1.3343673e-02
  -1.7633466e-02   1.1903614e-02
  -8.8242875e-03   1.4299555e-02
  -1.1367728e-02   1.4805376e-02
  -3.7851152e-03   1.6222592e-02
   5.0571929e-03   1.5298683e-02
   7.5624643e-03   1.6682921e-02
   1.2614287e-02   1.9084544e-02
   2.3976124e-02   1.3834511e-02
   2.2692937e-02   1.2867855e-02
   1.8293460e-01   1.7001246e-02
   1.9319787e-01   1.8414693e-02
   2.0116611e-01   1.8906486e-02
   2.0528866e-01   2.3194714e-02
   2.0749209e-01   1.8891700e-02
   2.0811890e-01   1.9775534e-02
   2.1358810e-01   1.9801119e-02
   2.2202854e-01   1.7859948e-02
   2.3488565e-01   1.7376551e-02
   2.5546116e-01   2.3574717e-02
   2.6223184e-01   2.5827178e-02
   2.7233416e-01   2.3791762e-02
   2.7792851e-01   2.3817377e-02
   2.8641772e-01   2.1984117e-02
   2.8610521e-01   2.2897846e-02
   2.9450897e-01   1.8162734e-02
   2.9981433e-01   2.0026776e-02
   3.0536815e-01   2.3776158e-02
   3.0568991e-01   2.4633175e-02
   3.0590401e-01   2.8265156e-02
   3.1422166e-01   2.4203313e-02
   3.2041538e-01   1.8042152e-02
   3.2284862e-01   2.1819478e-02
   3.0952676e-01   2.3222944e-02
   3.1264315e-01   2.4186171e-02
   3.1307935e-01   2.0866605e-02
   3.1135411e-01   2.5485606e-02
   3.1584364e-01   2.3196083e-02
   3.1808517e-01   2.2236969e-02
   3.2194687e-01   2.0450787e-02
   3.1140894e-01   2.3261319e-02
   3.1498121e-01   2.0436488e-02
   3.0498315e-01   2.6082525e-02
   3.0218450e-01   2.5138642e-02
   2.9124626e-01   2.3716777e-02
   2.9012860e-01   1.8605420e-02
   2.8339244e-01   1.9149397e-02
   2.7924599e-01   2.1944767e-02
   2.7785498e-01   2.6152414e-02
   2.7390667e-01   2.2408953e-02
   2.7010701e-01   2.2889809e-02
   2.4992406e-01   2.2492997e-02
   2.3932027e-01   2.0712602e-02
   2.4343017e-01   1.7424624e-02
   2.4014813e-01   1.8790003e-02
   2.3396822e-01   2.3060663e-02
   2.3541941e-01   2.4962780e-02
   2.2870373e-01   2.2113641e-02
   2.2118907e-01   1.8839462e-02
   2.1319786e-01   1.7880660e-02
   2.1993373e-01   1.8371562e-02
   2.0834251e-01   1.8852090e-02
   1.9224260e-01   2.2711768e-02
   6.3150045e-03   1.5760999e-02
  -1.2627792e-03   1.8149245e-02
  -2.5208214e-03   1.6683185e-02
  -5.0575037e-03   1.4342516e-02
  -1.3881304e-02   1.3359042e-02
  -1.6389343e-02   1.2868838e-02
  -1.7634299e-02   1.0951325e-02
  -2.7707566e-02   1.3330159e-02
  -4.1684142e-02   1.3843285e-02
  -5.1829242e-02   1.7196822e-02
  -5.2950186e-02   1.2858731e-02
  -4.1522391e-02   1.2362072e-02
  -4.6551639e-02   1.3786571e-02
  -5.9314190e-02   1.2392050e-02
  -7.0674005e-02   1.1909991e-02
  -7.3133542e-02   9.5174936e-03
  -6.8087030e-02   1.0471549e-02
  -7.3043054e-02   1.4262124e-02
  -7.6961388e-02   1.6669185e-02
  -9.0947219e-02   1.3815338e-02
  -1.1106442e-01   1.0932408e-02
  -1.2620663e-01   1.1395133e-02
  -1.2483139e-01   9.4875279e-03
  -1.1829193e-01   9.4733495e-03
  -1.0949392e-01   6.6354393e-03
  -1.0949795e-01   5.2135595e-03
  -1.3112463e-01   1.1379394e-02
  -1.3879215e-01   1.5652235e-02
  -1.3726645e-01   1.4676348e-02
  -1.3715961e-01   1.0878236e-02
  -1.3969914e-01   6.6201210e-03
  -1.3884924e-01   7.5889624e-03
  -1.4360806e-01   8.5171323e-03
  -1.4595370e-01   1.2760350e-02
  -1.5209418e-01   1.2740579e-02
  -1.5380352e-01   1.3249690e-02
  -1.5729313e-01   1.0858518e-02
  -1.7385673e-01   5.6614757e-03
  -1.7386212e-01   4.2461068e-03
  -1.8627238e-01   5.1775033e-03
  -1.9291734e-01   9.8963551e-03
  -1.9915166e-01   1.6010676e-02
  -2.0277978e-01   1.2225985e-02
  -2.0512716e-01   8.9229700e-03
  -2.1123914e-01   4.2192570e-03
  -2.3330746e-01   4.2193577e-03
  -2.4087194e-01   4.6831386e-03
  -2.4768179e-01   7.4633172e-03
  -2.5896827e-01   1.0244531e-02
  -2.6174708e-01   9.7843559e-03
  -2.6654865e-01   6.5115668e-03
  -1.2958595e-01   1.4197773e-02
  -1.2229598e-01   1.1861681e-02
  -1.1462548e-01   1.0433759e-02
  -1.0591540e-01   9.9752854e-03
  -9.9388187e-02   1.4702280e-02
  -9.5717048e-02   1.3295596e-02
  -9.1670977e-02   1.2312160e-02
  -9.4278054e-02   1.1848566e-02
  -9.4469459e-02   1.0922190e-02
  -8.6731391e-02   1.2801844e-02
  -7.8015595e-02   1.1395751e-02
  -7.5502372e-02   1.0447353e-02
  -6.5241503e-02   1.0421035e-02
  -6.1520154e-02   1.5649286e-02
  -5.2791599e-02   1.3295440e-02
  -5.4212320e-02   1.2381964e-02
  -4.5436453e-02   1.0490303e-02
  -4.2948509e-02   1.3365488e-02
  -3.9229710e-02   1.6263420e-02
  -3.6411044e-02   1.5186632e-02
  -3.2675633e-02   1.5677974e-02
  -3.0190991e-02   1.6169857e-02
  -1.6342298e-02   1.0929788e-02
  -7.5568134e-03   1.2856915e-02
  -1.2606125e-03   1.4299894e-02
   0.0000000e+00   1.8534653e-02
   7.5557174e-03   1.5237825e-02
   8.8228750e-03   1.6682814e-02
   7.5405306e-03   1.5682892e-02
   7.5330801e-03   1.5667380e-02
   1.7616001e-02   1.1891819e-02
   1.8886768e-02   1.7140959e-02
   2.9016167e-02   1.7649463e-02
   4.2688810e-02   1.5184294e-02
   4.8956528e-02   1.8028134e-02
   5.4243548e-02   1.8591374e-02
   5.6496251e-02   1.6126466e-02
   5.6550214e-02   1.6617178e-02
   5.6498100e-02   1.5652159e-02
   8.9115671e-02   1.9418050e-02
   9.3082497e-02   1.7079994e-02
   8.9390868e-02   1.8050516e-02
   9.1649474e-02   1.6100516e-02
   8.1263778e-02   1.9349527e-02
   8.5790017e-02   1.7137832e-02
   8.9323561e-02   1.4710899e-02
   8.9147024e-02   1.4681940e-02
   2.0794534e-01   1.7874847e-02
   2.0089604e-01   2.2665739e-02
   2.0769801e-01   2.0207258e-02
   2.1422172e-01   1.9270526e-02
   2.1967017e-01   2.0706868e-02
   2.2549373e-01   2.2526719e-02
   2.2783842e-01   2.0153857e-02
   2.2323588e-01   2.0676441e-02
   2.2680424e-01   2.0176724e-02
   2.2495314e-01   2.0242105e-02
   2.3791856e-01   1.9657444e-02
   2.4485139e-01   2.3447733e-02
   2.4337124e-01   2.2492397e-02
   2.3933946e-01   2.2951541e-02
   2.4393994e-01   1.8779673e-02
   2.4620301e-01   1.9692440e-02
   2.4546128e-01   2.0103471e-02
   2.4258925e-01   2.4764124e-02
   2.4493014e-01   2.0165050e-02
   2.4999075e-01   1.9681373e-02
   2.5094894e-01   2.1999163e-02
   2.4705291e-01   2.6226550e-02
   2.4994727e-01   2.1555789e-02
   2.5002180e-01   1.9117602e-02
   2.4822464e-01   2.0115220e-02
   2.4942882e-01   2.2449988e-02
   2.5478799e-01   1.9647592e-02
   2.4773351e-01   2.0076814e-02
   2.3810227e-01   2.2018717e-02
   2.3478817e-01   2.2072916e-02
   2.3811317e-01   2.1550234e-02
   2.2067340e-01   2.2563731e-02
   2.0577392e-01   2.1215311e-02
   1.9657993e-01   1.9312829e-02
   1.8796734e-01   1.7935554e-02
   1.9230201e-01   1.9399635e-02
   2.0250262e-01   1.7851478e-02
   1.9887808e-01   2.0699636e-02
   2.0114070e-01   2.3492398e-02
   1.9168838e-01   2.1701988e-02
   1.8991029e-01   1.8819171e-02
   1.9049039e-01   1.7930354e-02
   1.8775137e-01   1.9804243e-02
   1.8342563e-01   1.9755062e-02
   1.8198456e-01   2.0349528e-02
   1.8270342e-01   2.0287288e-02
   1.8559140e-01   2.0321084e-02
   1.7911572e-01   1.9370604e-02
   1.7660002e-01   1.8903316e-02
   1.7267023e-01   1.7003246e-02
   1.7047520e-01   1.7987693e-02
   1.5595282e-01   1.8886654e-02
  -1.3855200e-02   1.1427891e-02
  -1.2569077e-02   1.3781503e-02
  -7.5479959e-03   1.5698434e-02
  -5.0416429e-03   1.6683086e-02
  -1.1320844e-02   1.7125186e-02
  -1.1324844e-02   1.1416791e-02
  -1.3868268e-02   1.2392508e-02
  -1.5099429e-02   1.1892122e-02
  -2.5187260e-02   1.4282903e-02
  -3.5287695e-02   1.8106210e-02
  -4.6537870e-02   1.8065162e-02
  -5.4098987e-02   1.4258614e-02
  -6.6824677e-02   1.0948104e-02
  -6.9142015e-02   1.0439978e-02
  -7.5510824e-02   7.5980747e-03
  -8.6656043e-02   1.0420862e-02
  -9.6680575e-02   1.4675598e-02
  -9.4268080e-02   1.3744336e-02
  -9.4256633e-02   1.5640107e-02
  -1.0534463e-01   1.7489263e-02
  -1.0822660e-01   9.0059986e-03
  -1.2322042e-01   5.2032863e-03
  -1.4946197e-01   8.4874019e-03
  -1.6451727e-01   1.0829350e-02
  -1.6216945e-01   1.0371195e-02
  -1.5448590e-01   8.4834405e-03
  -1.4079829e-01   1.0391748e-02
  -1.4675006e-01   1.5548605e-02
  -1.3689431e-01   9.9128799e-03
  -1.3900177e-01   8.4701120e-03
  -1.3011741e-01   6.1157634e-03
  -1.2497579e-01   9.4033810e-03
  -1.3157307e-01   1.5082079e-02
  -1.4689973e-01   1.5092152e-02
  -1.5276803e-01   9.8696493e-03
  -1.5826956e-01   5.1824590e-03
  -1.5905376e-01   5.1667338e-03
  -1.5934939e-01   8.9417222e-03
  -1.5403408e-01   7.5188499e-03
  -1.5571105e-01   1.2723646e-02
  -1.6589167e-01   1.5550921e-02
  -1.7827105e-01   1.6455688e-02
  -1.7315739e-01   7.9893025e-03
  -1.6487793e-01   4.7175911e-03
  -1.5718784e-01   2.8076524e-03
  -1.7060665e-01   1.3162309e-02
  -1.7828856e-01   1.5045200e-02
  -1.8153327e-01   1.3589571e-02
  -1.7906042e-01   1.0312161e-02
  -1.8658460e-01   8.8985266e-03
  -1.8427397e-01   7.0339270e-03
  -3.3874652e-02   1.0905210e-02
  -2.3859569e-02   1.2342034e-02
  -2.7651970e-02   1.3778910e-02
  -2.7701560e-02   1.6662699e-02
  -1.3798683e-02   1.3754128e-02
  -7.5479959e-03   1.5698434e-02
  -1.2555919e-03   1.4718094e-02
  -2.5114010e-03   1.3293743e-02
  -7.5570103e-03   1.2380733e-02
  -6.2779594e-03   1.4717921e-02
   3.7848537e-03   1.7176862e-02
   1.1298477e-02   1.7091311e-02
   2.6421200e-02   1.3792850e-02
   2.8881888e-02   1.2815675e-02
   3.1547531e-02   1.3832707e-02
   2.7702500e-02   1.6186621e-02
   3.0249857e-02   1.6678481e-02
   4.7946378e-02   1.5734306e-02
   5.6503319e-02   1.4229235e-02
   5.7980863e-02   1.6189672e-02
   6.4149154e-02   1.7579144e-02
   7.0524328e-02   1.4263719e-02
   7.8150699e-02   1.5700161e-02
   7.4344501e-02   1.9985587e-02
   8.4351571e-02   1.8530539e-02
   9.0836489e-02   1.7133114e-02
   9.4346848e-02   1.6129932e-02
   1.0052663e-01   1.7529256e-02
   1.0839532e-01   1.6622708e-02
   1.2769412e-01   1.5221976e-02
   1.3170616e-01   1.9535772e-02
   1.2838403e-01   2.1319698e-02
   1.3584527e-01   1.7501615e-02
   1.4115599e-01   1.7528462e-02
   1.4114543e-01   1.8475946e-02
   1.4853555e-01   2.0337315e-02
   1.6648814e-01   2.0342530e-02
   1.7264439e-01   1.8892496e-02
   1.6883593e-01   2.0789929e-02
   1.6033397e-01   2.0849116e-02
   1.6068615e-01   1.8516166e-02
   1.5614650e-01   1.5596717e-02
   1.6259298e-01   1.6547990e-02
   1.6900344e-01   2.0810235e-02
   1.7908534e-01   2.1260419e-02
   1.8050071e-01   2.2696765e-02
   1.7800858e-01   2.0811104e-02
   1.6887042e-01   1.8427437e-02
   1.8221736e-01   1.6464852e-02
   1.9448906e-01   1.6523552e-02
   1.8667635e-01   1.9826354e-02
   1.8647550e-01   2.0750276e-02
   2.9039329e-01   1.9554162e-02
   2.7516892e-01   2.2404344e-02
   2.6145062e-01   2.5753156e-02
   2.5696249e-01   2.3358674e-02
   2.5402012e-01   2.0157778e-02
   2.5205496e-01   1.7766195e-02
   2.5074826e-01   1.9268133e-02
   2.4282108e-01   2.3031467e-02
   2.2362825e-01   2.3070524e-02
   2.0806349e-01   2.2600610e-02
   1.9844596e-01   1.8421548e-02
   1.9374384e-01   2.0362784e-02
   1.8904122e-01   1.7915541e-02
   1.8708416e-01   1.7500128e-02
   1.8327811e-01   1.8453957e-02
   1.7221674e-01   2.0411646e-02
   1.6238828e-01   2.1901313e-02
   1.4183155e-01   1.9995238e-02
   1.2893638e-01   1.7598656e-02
   1.2717966e-01   1.6109809e-02
   1.2629591e-01   1.6159010e-02
   1.2249413e-01   1.7589901e-02
   1.1249484e-01   1.8572589e-02
   1.0324767e-01   1.7086414e-02
   9.0839671e-02   1.6657194e-02
   7.9499778e-02   1.3809925e-02
   7.9741801e-02   1.2895822e-02
   7.1988666e-02   1.6212751e-02
   7.0915773e-02   2.0088412e-02
   7.0500069e-02   1.9018292e-02
   7.4583544e-02   1.7181514e-02
   7.1983683e-02   1.7166442e-02
   6.2964312e-02   1.5219383e-02
   3.7841349e-02   1.9553932e-02
   3.0250885e-02   1.6201953e-02
   3.1548419e-02   1.3355718e-02
   2.6494904e-02   1.6696164e-02
   1.8904820e-02   1.7634588e-02
   7.5489144e-03   1.3795594e-02
  -1.0085193e-02   1.3822801e-02
  -1.8889294e-02   1.5236408e-02
  -1.6404716e-02   1.3835823e-02
  -1.1357739e-02   1.2882188e-02
  -1.7648575e-02   1.4298519e-02
  -3.4070341e-02   1.4308963e-02
  -2.9025333e-02   1.2879338e-02
  -3.0227254e-02   1.2853500e-02
  -3.7857037e-02   1.3830830e-02
  -5.2923204e-02   2.0002471e-02
  -5.5477091e-02   1.0952807e-02
  -6.1970976e-02   9.0728664e-03
