   4.3773987e-02   1.4178765e-02
   2.3762319e-02   1.4657531e-02
   2.2512980e-02   1.3712130e-02
   2.1240742e-02   1.4171245e-02
   2.5011415e-02   1.5602883e-02
   2.0028192e-02   1.6092671e-02
   2.0028844e-02   1.5619357e-02
   2.1279954e-02   1.6092413e-02
   2.3786436e-02   1.4198691e-02
   2.7514264e-02   1.4656656e-02
   3.0044215e-02   1.5143688e-02
   2.7566818e-02   1.5633036e-02
   2.5036055e-02   1.5618264e-02
   2.6315420e-02   1.4685887e-02
   2.7542189e-02   1.4197842e-02
   3.6379359e-02   1.3275183e-02
   3.7517122e-02   1.5599099e-02
   3.6227265e-02   1.7000950e-02
   3.2573339e-02   1.7999995e-02
   3.0041281e-02   1.6563409e-02
   3.5089277e-02   1.3736116e-02
   3.6304537e-02   1.4668558e-02
   4.1398312e-02   1.2799521e-02
   3.8803322e-02   1.6560310e-02
   3.5015981e-02   1.5599977e-02
   3.5080260e-02   1.7525389e-02
   4.1270135e-02   1.5125013e-02
   4.3767090e-02   1.6541892e-02
   4.3949518e-02   1.3285809e-02
   4.3815821e-02   1.4665822e-02
   4.3730940e-02   1.4164826e-02
   4.7610616e-02   1.7046254e-02
   4.5064899e-02   1.5611466e-02
   4.6305209e-02   1.8922318e-02
   4.6396578e-02   1.8959664e-02
   3.8845381e-02   1.5155788e-02
   3.8811636e-02   1.3248248e-02
   3.7631690e-02   1.4223001e-02
   3.6298630e-02   1.7034455e-02
   3.9976287e-02   1.6527238e-02
   4.2559908e-02   1.6085635e-02
   4.6316702e-02   1.5610913e-02
   4.3900983e-02   1.5168796e-02
   4.1226922e-02   1.6054526e-02
   3.8767693e-02   1.5598638e-02
   4.3811670e-02   1.6085095e-02
   4.6269615e-02   1.6068145e-02
   4.5021966e-02   1.5123495e-02
   4.2522044e-02   1.4651880e-02
   4.5067701e-02   1.4665317e-02
   4.8916687e-02   1.5640564e-02
   4.8813668e-02   1.7501853e-02
   5.3873257e-02   1.7516309e-02
   6.7723961e-02   1.7050842e-02
   7.3835132e-02   1.9375513e-02
   7.8700611e-02   1.6975271e-02
   7.6669156e-02   1.4231493e-02
   7.4006788e-02   1.4678633e-02
   7.2826500e-02   1.4219942e-02
   7.8849976e-02   1.7953547e-02
   8.2523467e-02   1.7932572e-02
   7.6250222e-02   2.1242461e-02
   8.0247126e-02   1.9881231e-02
   7.8788440e-02   1.5103939e-02
   7.7688305e-02   1.5607517e-02
   7.6354923e-02   1.6538149e-02
   7.6284815e-02   1.5577804e-02
   8.0180526e-02   1.7970094e-02
   8.5272671e-02   1.8456405e-02
   8.5206528e-02   1.5601611e-02
   8.7617382e-02   1.7000958e-02
   8.2943116e-02   1.6124026e-02
   8.2692122e-02   1.7022152e-02
   7.8936117e-02   1.6552423e-02
   8.4015425e-02   1.8930889e-02
   8.6441391e-02   1.8437042e-02
   8.6450855e-02   1.7018808e-02
   8.8875102e-02   1.6055365e-02
   8.8976380e-02   1.3707734e-02
   9.0301741e-02   1.6558935e-02
   9.2617433e-02   1.7940455e-02
   9.1434027e-02   2.0795038e-02
   8.7783986e-02   1.7980752e-02
   8.8875102e-02   1.6055365e-02
   8.9149681e-02   1.4208329e-02
   8.6280723e-02   1.6985428e-02
   8.3862351e-02   1.7004341e-02
   8.2598480e-02   1.8894929e-02
   7.6268843e-02   1.8410133e-02
   7.1483859e-02   1.7521636e-02
   7.2673786e-02   1.6084221e-02
   7.1284779e-02   1.5109199e-02
   7.1568737e-02   1.4694764e-02
   6.8711537e-02   1.6039508e-02
   7.6338017e-02   1.9373260e-02
   7.0219076e-02   1.9416935e-02
   7.0022457e-02   1.7470966e-02
   7.5036609e-02   1.5106634e-02
   7.2525825e-02   1.6996903e-02
   7.6354923e-02   1.6538149e-02
   7.9016682e-02   1.6095324e-02
   7.8930586e-02   1.7498276e-02
   7.8921715e-02   1.8917055e-02
   8.3950753e-02   1.6075440e-02
   8.2703070e-02   1.5130802e-02
   7.6432775e-02   1.6081433e-02
   5.1374524e-02   1.5623931e-02
   5.2577375e-02   1.5134952e-02
   5.8830842e-02   1.6550278e-02
   5.6386673e-02   1.5621317e-02
   5.2679510e-02   1.5638712e-02
   5.5182487e-02   1.7058983e-02
   5.1425236e-02   1.5639344e-02
   5.3935493e-02   1.5164183e-02
   5.5129986e-02   1.6568781e-02
   5.6444121e-02   1.5162883e-02
   5.8717131e-02   1.6045832e-02
   5.5021485e-02   1.6536194e-02
   5.2728056e-02   1.6602890e-02
   5.0072110e-02   1.5609162e-02
   4.9008482e-02   1.7096170e-02
   5.1224599e-02   1.5105816e-02
   4.6320954e-02   1.4191739e-02
   4.3895160e-02   1.7064896e-02
   4.5060368e-02   1.7030690e-02
   4.0138042e-02   1.5170283e-02
   4.1388298e-02   1.6591972e-02
   4.3813096e-02   1.5612004e-02
   3.5046953e-02   1.7034927e-02
   3.1297015e-02   1.4670098e-02
   2.6314613e-02   1.5159625e-02
   2.3760072e-02   1.6076001e-02
   2.8795730e-02   1.3251030e-02
   2.6312039e-02   1.6580840e-02
   2.6340590e-02   1.5174599e-02
   2.3785731e-02   1.4671981e-02
   2.1241349e-02   1.3698870e-02
   2.1323990e-02   1.4701483e-02
   2.1256045e-02   1.7967923e-02
   2.2554669e-02   1.5634255e-02
   2.0007813e-02   1.6549668e-02
   2.1282601e-02   1.4199188e-02
   1.9991287e-02   1.4171471e-02
   1.8814111e-02   1.5650455e-02
   2.0048595e-02   1.5634773e-02
   2.1281970e-02   1.4672494e-02
   3.0011719e-02   1.6547099e-02
   3.1234511e-02   1.5113536e-02
   3.2480733e-02   1.6530021e-02
   2.8736627e-02   1.4641918e-02
   2.5062305e-02   1.4686180e-02
   1.7543075e-02   1.5161435e-02
   2.1238800e-02   1.5588369e-02
   1.1255835e-02   1.4659522e-02
   1.1277691e-02   1.5162284e-02
   1.7510580e-02   1.3240120e-02
   1.7544134e-02   1.4213845e-02
   1.6308848e-02   1.2330998e-02
   1.7525238e-02   1.5619813e-02
   2.1323990e-02   1.4701483e-02
   1.7525238e-02   1.5619813e-02
   1.6240909e-02   1.6061677e-02
   1.0012321e-02   1.8460964e-02
   1.2541909e-02   1.6599980e-02
   1.7494273e-02   1.2282299e-02
   1.0035406e-02   1.3754511e-02
   6.2597679e-03   1.3727644e-02
   3.7592305e-03   1.5162816e-02
   7.4958040e-03   1.6062712e-02
   1.1254395e-02   1.6551073e-02
   1.5037383e-02   1.4688012e-02
   1.1289171e-02   1.4702976e-02
   1.1279311e-02   1.2793177e-02
   1.2533203e-02   1.1845425e-02
   1.5022107e-02   1.5146868e-02
   1.3768446e-02   1.7040417e-02
   1.3768921e-02   1.6567073e-02
   2.0030683e-02   1.4199416e-02
   2.0068385e-02   1.5650218e-02
   2.2557392e-02   1.3739193e-02
   2.1324624e-02   1.4227242e-02
   1.8703339e-02   1.5558233e-02
   2.2510273e-02   1.5603458e-02
   2.5033538e-02   1.7038106e-02
   2.7483697e-02   1.6531558e-02
   2.5063769e-02   1.3738685e-02
   1.8780809e-02   1.2306346e-02
   2.0033360e-02   1.1832847e-02
   1.9988143e-02   1.6533383e-02
   2.8764034e-02   1.5129121e-02
   3.2611125e-02   1.5647011e-02
   2.7568535e-02   1.4685580e-02
   2.5012203e-02   1.5130068e-02
   2.6339755e-02   1.5648805e-02
   2.8767381e-02   1.3237981e-02
   3.3901992e-02   1.4238247e-02
   2.8819855e-02   1.5632694e-02
   3.1295069e-02   1.5616556e-02
   3.3764313e-02   1.6073132e-02
   4.0176427e-02   1.5659813e-02
   3.7668879e-02   1.4237057e-02
   3.5081506e-02   1.7051730e-02
   3.7480235e-02   1.5583759e-02
   3.8920914e-02   1.5660296e-02
   4.1312059e-02   1.4666791e-02
   5.1332890e-02   1.2770630e-02
   5.0027414e-02   1.4176188e-02
   5.7572999e-02   1.7969685e-02
   5.5019591e-02   1.7008657e-02
   9.5221232e-02   1.7010437e-02
   9.5500296e-02   1.7534586e-02
   9.6565915e-02   1.7498828e-02
   9.8965325e-02   1.8896228e-02
   1.0430010e-01   1.7051431e-02
   1.0282485e-01   1.8910356e-02
   1.0293801e-01   1.7509268e-02
   1.0388918e-01   1.6984616e-02
   1.0014422e-01   1.5572910e-02
   1.0032079e-01   1.8440495e-02
   9.8781680e-02   1.7444777e-02
   1.0003208e-01   1.7443439e-02
   1.0168982e-01   1.6564133e-02
   1.0313009e-01   1.8966212e-02
   1.0910295e-01   1.7957480e-02
   1.0931457e-01   1.8466271e-02
   1.1015136e-01   1.6506005e-02
   1.0283643e-01   1.7492079e-02
   1.0294525e-01   1.6562821e-02
   1.0273505e-01   1.7474924e-02
   1.0649365e-01   1.7470687e-02
   1.0900325e-01   1.6995678e-02
   1.1004665e-01   1.6018726e-02
   1.0524078e-01   1.7472116e-02
   1.0136688e-01   1.9346656e-02
   1.0042365e-01   1.7985323e-02
   1.0284365e-01   1.6546561e-02
   1.0399161e-01   1.7001271e-02
   1.0159620e-01   1.5602277e-02
   1.0158233e-01   1.7493462e-02
   1.0535203e-01   1.6543897e-02
   9.9062964e-02   1.8914787e-02
   9.5398878e-02   1.8464223e-02
   9.1462499e-02   1.7014122e-02
   9.1649474e-02   1.6100516e-02
   9.1562005e-02   1.5611610e-02
   9.3958034e-02   1.8429321e-02
   9.2796730e-02   1.8448768e-02
   8.9295568e-02   1.8981805e-02
   8.9038043e-02   1.7979521e-02
   8.8962738e-02   1.6071137e-02
   8.6542081e-02   1.6089128e-02
   8.7799183e-02   1.5614864e-02
   8.5282025e-02   1.7036682e-02
   8.4030787e-02   1.6564528e-02
   9.0295401e-02   1.7505159e-02
   8.6697766e-02   1.8491552e-02
   8.3859378e-02   1.7476684e-02
   8.2692122e-02   1.7022152e-02
   8.0350223e-02   1.6110186e-02
   8.7631641e-02   1.4639714e-02
   8.7793360e-02   1.6561219e-02
   6.3841940e-02   1.5601581e-02
   6.1461376e-02   1.5160105e-02
   6.1572559e-02   1.7563501e-02
   6.2643322e-02   1.7510766e-02
   6.3893857e-02   1.7983147e-02
   6.0147687e-02   1.5145889e-02
   5.8954560e-02   1.4687726e-02
   5.7474950e-02   1.4158724e-02
   5.7694721e-02   1.6109848e-02
   5.8946970e-02   1.6582916e-02
   5.1365649e-02   1.7991193e-02
   5.1221327e-02   1.6049929e-02
   5.0024406e-02   1.5121267e-02
   4.8918238e-02   1.5166608e-02
   4.8820307e-02   1.5609760e-02
   5.0220534e-02   1.5655407e-02
   4.7803974e-02   1.5687590e-02
   5.6268046e-02   1.7480366e-02
   5.0123073e-02   1.5151075e-02
   4.6272576e-02   1.5122960e-02
   5.1325533e-02   1.5135561e-02
   4.8970955e-02   1.3758313e-02
   4.8868450e-02   1.5625147e-02
   4.8911750e-02   1.7062433e-02
   4.8915089e-02   1.6114520e-02
   5.0021205e-02   1.6066347e-02
   5.6388457e-02   1.5147944e-02
   4.8868450e-02   1.5625147e-02
   4.7666807e-02   1.4219228e-02
   4.8823343e-02   1.4663714e-02
   5.1175837e-02   1.4619393e-02
   5.0068802e-02   1.6555171e-02
   5.0169322e-02   1.6113900e-02
   5.2580543e-02   1.4189017e-02
   5.3885556e-02   1.4202413e-02
   4.8767365e-02   1.7012077e-02
   4.8765640e-02   1.7484635e-02
   5.0124610e-02   1.4677604e-02
   4.6271118e-02   1.5595553e-02
   4.6316702e-02   1.5610913e-02
   4.6316702e-02   1.5610913e-02
   4.8918238e-02   1.5166608e-02
   4.6403455e-02   1.7063698e-02
   4.5107867e-02   1.6100399e-02
   4.5064899e-02   1.5611466e-02
   4.7572872e-02   1.4191222e-02
   4.8679455e-02   1.4620522e-02
   4.2559908e-02   1.6085635e-02
   4.6225623e-02   1.5580223e-02
   4.3765584e-02   1.7014518e-02
   4.1433256e-02   1.5184791e-02
   4.1308146e-02   1.6086158e-02
   2.0049844e-02   1.4687211e-02
   2.0028192e-02   1.6092671e-02
   1.6256348e-02   1.6550367e-02
   1.6273950e-02   1.5146684e-02
   2.0009762e-02   1.5131125e-02
   2.7596573e-02   1.4225888e-02
   2.7542189e-02   1.4197842e-02
   2.1279241e-02   1.6565719e-02
   2.3806930e-02   1.6107730e-02
   2.2532449e-02   1.5618841e-02
   2.4987609e-02   1.5115182e-02
   2.3787118e-02   1.3725401e-02
   2.6316958e-02   1.3738411e-02
   3.1327881e-02   1.4684571e-02
   2.8791463e-02   1.5617285e-02
   2.7564041e-02   1.7054221e-02
   3.2515864e-02   1.5128042e-02
   3.1362358e-02   1.2802418e-02
   3.5157621e-02   1.4237864e-02
   3.8771246e-02   1.4180580e-02
   3.6377300e-02   1.4223410e-02
   3.6333127e-02   1.7524903e-02
   3.8801984e-02   1.7033462e-02
   4.2687454e-02   1.5658803e-02
   4.3767090e-02   1.6541892e-02
   5.1434267e-02   1.2795827e-02
   5.0172552e-02   1.5166023e-02
   5.1270020e-02   1.6538237e-02
   5.1410395e-02   1.9430700e-02
   5.3822106e-02   1.7026118e-02
   5.2633915e-02   1.3729567e-02
   5.3880598e-02   1.5622654e-02
   5.7526254e-02   1.5589909e-02
   6.3716399e-02   1.5570946e-02
   6.3833258e-02   1.7492681e-02
   6.1388215e-02   1.7984895e-02
   6.3833258e-02   1.7492681e-02
   6.7657191e-02   1.7034058e-02
   6.9119263e-02   1.6134511e-02
   7.0174454e-02   1.4666649e-02
   7.2737962e-02   1.7520656e-02
   7.2673786e-02   1.6084221e-02
   7.0306445e-02   1.6117727e-02
   7.7614221e-02   1.5119692e-02
   8.2782086e-02   1.5618993e-02
   8.1364530e-02   1.6061708e-02
   8.0268215e-02   1.6567693e-02
   8.0186300e-02   1.7024300e-02
   8.3859378e-02   1.7476684e-02
   8.6274534e-02   1.7929063e-02
   5.4965506e-02   1.6991947e-02
   5.7520482e-02   1.7007174e-02
   4.7657602e-02   1.7063074e-02
   4.6325997e-02   1.2299507e-02
   4.4976282e-02   1.5580773e-02
   4.6269615e-02   1.6068145e-02
   4.7613860e-02   1.6099239e-02
   5.0019532e-02   1.6538886e-02
   5.2627561e-02   1.5623300e-02
   5.3726584e-02   1.4160552e-02
   5.2572242e-02   1.6553853e-02
   5.6494346e-02   1.6600774e-02
   6.1392636e-02   1.7038322e-02
   5.9953554e-02   1.8876583e-02
   5.7469694e-02   1.5574596e-02
   5.2525626e-02   1.5120066e-02
   5.0225173e-02   1.4232188e-02
   5.5135380e-02   1.5148599e-02
   5.3823962e-02   1.6553170e-02
   5.3818238e-02   1.7972013e-02
   5.8774916e-02   1.6061607e-02
   5.1371124e-02   1.6570836e-02
   5.0068802e-02   1.6555171e-02
   4.1312059e-02   1.4666791e-02
   4.6323565e-02   1.3245623e-02
   3.8838860e-02   1.7523879e-02
   4.1351535e-02   1.5154843e-02
   3.6265374e-02   1.6072259e-02
   3.1264269e-02   1.5601180e-02
   3.2578966e-02   1.5631575e-02
   3.1299706e-02   1.3250411e-02
   3.2516857e-02   1.4655291e-02
   3.3802747e-02   1.3722947e-02
   2.2487412e-02   1.6060472e-02
   2.2556744e-02   1.4212959e-02
   1.6290498e-02   1.4687833e-02
   1.7528755e-02   1.2306519e-02
   1.3770686e-02   1.4673693e-02
   2.0028192e-02   1.6092671e-02
   1.8739510e-02   1.6061242e-02
   1.9990697e-02   1.4643854e-02
   2.1301632e-02   1.5634521e-02
   1.7507422e-02   1.6077288e-02
   2.0031257e-02   1.3726102e-02
   2.0010374e-02   1.4658277e-02
   1.7544638e-02   1.3740050e-02
   1.8757952e-02   1.6077062e-02
   1.8778765e-02   1.4199630e-02
   2.0049229e-02   1.5160992e-02
   2.2487412e-02   1.6060472e-02
   1.6289483e-02   1.5635435e-02
   1.8777634e-02   1.5146272e-02
   2.8793253e-02   1.4670783e-02
   2.8790526e-02   1.6090536e-02
   3.0015561e-02   1.4656002e-02
   2.6235314e-02   1.6059562e-02
   2.2578342e-02   1.4701232e-02
   2.2534518e-02   1.4198946e-02
   2.1283211e-02   1.3725882e-02
   2.2466757e-02   1.5100880e-02
   2.7538764e-02   1.6090888e-02
   2.1343028e-02   1.6140152e-02
   2.3808460e-02   1.5160216e-02
   2.5009766e-02   1.6548512e-02
   2.8819855e-02   1.5632694e-02
   3.2482870e-02   1.5585449e-02
   3.2546871e-02   1.5616169e-02
   3.6373947e-02   1.5645751e-02
   3.5087227e-02   1.4683434e-02
   3.5083897e-02   1.6104412e-02
   3.7625726e-02   1.6593501e-02
   3.3794078e-02   1.7508587e-02
   3.3866473e-02   1.5172467e-02
   3.5054700e-02   1.3722580e-02
   3.6375100e-02   1.5171638e-02
   4.1346061e-02   1.7049199e-02
   4.5101546e-02   1.7994563e-02
   4.9975218e-02   1.5106407e-02
   5.1273400e-02   1.5593195e-02
   4.2643924e-02   1.6117389e-02
   4.1312059e-02   1.4666791e-02
   4.6322282e-02   1.3718681e-02
   4.8826190e-02   1.3717668e-02
   5.7516356e-02   1.7952017e-02
   5.5180523e-02   1.7532843e-02
   5.3877032e-02   1.6569482e-02
   5.5128082e-02   1.7042174e-02
   5.1275016e-02   1.5120674e-02
   5.2477128e-02   1.4161134e-02
   5.3829218e-02   1.5134327e-02
   6.0149532e-02   1.4672580e-02
   6.7524044e-02   1.7000588e-02
   6.2705140e-02   1.7528027e-02
   6.1446483e-02   1.8476378e-02
   5.8890827e-02   1.6093250e-02
   5.6388457e-02   1.5147944e-02
   5.6444121e-02   1.5162883e-02
   5.8838388e-02   1.4658818e-02
   5.5128082e-02   1.7042174e-02
   5.1372849e-02   1.6097383e-02
   5.3979689e-02   1.7550898e-02
   5.3935493e-02   1.5164183e-02
   1.0388918e-01   1.6984616e-02
   9.9066779e-02   1.8441918e-02
   9.4926460e-02   1.8844988e-02
   9.2617433e-02   1.7940455e-02
   9.1300031e-02   1.4150641e-02
   9.4153977e-02   1.7045151e-02
   9.4160418e-02   1.6098198e-02
   1.0012321e-01   1.8404348e-02
   9.3875767e-02   1.6994996e-02
   9.2806910e-02   1.7029632e-02
   9.2987130e-02   1.7537151e-02
   8.7799183e-02   1.5614864e-02
   8.8962738e-02   1.6071137e-02
   8.5206528e-02   1.5601611e-02
   8.9214107e-02   1.8014949e-02
   8.5181986e-02   1.9383820e-02
   8.6352957e-02   1.8891224e-02
   8.2764651e-02   1.8458810e-02
   8.6382321e-02   1.4168418e-02
   8.2705606e-02   1.4657964e-02
   8.2779382e-02   1.6092296e-02
   8.0350223e-02   1.6110186e-02
   8.0338919e-02   1.8005502e-02
   7.8921715e-02   1.8917055e-02
   7.6427568e-02   1.7027399e-02
   8.0112768e-02   1.6062712e-02
   8.0036528e-02   1.5574980e-02
   7.4143614e-02   1.6605355e-02
   8.0183452e-02   1.7497197e-02
   8.0191764e-02   1.6078506e-02
   8.0180526e-02   1.7970094e-02
   8.6362643e-02   1.7474383e-02
   8.0025665e-02   1.7462857e-02
   8.4113804e-02   1.6580840e-02
   7.7690763e-02   1.5134562e-02
   7.3926782e-02   1.6083307e-02
   7.2443878e-02   1.8866920e-02
   7.3919120e-02   1.7502422e-02
   7.4002168e-02   1.5625641e-02
   7.1413387e-02   1.7504394e-02
   7.5256442e-02   1.5624737e-02
   7.1420790e-02   1.6085119e-02
   6.8910102e-02   1.7033156e-02
   7.0229757e-02   1.7522600e-02
   6.6406574e-02   1.6561750e-02
   6.1340271e-02   1.5130274e-02
   6.6415108e-02   1.4668979e-02
   6.2653841e-02   1.5144446e-02
   6.2643322e-02   1.7510766e-02
   6.2773612e-02   1.6122728e-02
   5.2572242e-02   1.6553853e-02
   5.6327402e-02   1.6551756e-02
