   5.1476047e-02   1.5654788e-02
   6.2651859e-02   1.5617710e-02
   6.1383556e-02   1.8931468e-02
   5.8880368e-02   1.8459905e-02
   4.1338317e-02   1.9417143e-02
   3.1290813e-02   1.7509472e-02
   2.2579014e-02   1.4226999e-02
   2.6321533e-02   1.0422242e-02
   3.5097480e-02   8.9995243e-03
   2.7488020e-02   1.4169907e-02
   2.2549928e-02   1.8476846e-02
   3.3824892e-02   1.8473202e-02
   3.1294050e-02   1.6089785e-02
   2.8934907e-02   1.5219040e-02
   3.3860775e-02   1.7543164e-02
   3.6260311e-02   1.7963113e-02
   3.1359742e-02   1.4224909e-02
   4.6146313e-02   1.1308839e-02
   4.5028406e-02   1.2760449e-02
   3.1353686e-02   1.7069891e-02
   3.7466460e-02   2.0306110e-02
   4.3850325e-02   1.7521628e-02
   4.6413753e-02   1.3745757e-02
   5.0021205e-02   1.6066347e-02
   4.8818718e-02   1.6082783e-02
   4.7659252e-02   1.6589100e-02
   5.7469694e-02   1.5574596e-02
   5.7758948e-02   1.4228603e-02
   6.0203187e-02   1.6108373e-02
   7.1335051e-02   1.8905066e-02
   8.0189071e-02   1.6551403e-02
   7.2671346e-02   1.6557286e-02
   7.7546854e-02   1.3216745e-02
   7.2385858e-02   1.6492375e-02
   7.9016682e-02   1.6095324e-02
   9.0209588e-02   1.7015318e-02
   9.0169535e-02   2.2214443e-02
   8.1315370e-02   2.3147756e-02
   7.5086574e-02   1.9374396e-02
   7.2604559e-02   1.5595810e-02
   7.5184609e-02   1.5136355e-02
   9.0330333e-02   1.1354698e-02
   9.2636328e-02   1.5107752e-02
   1.0158946e-01   1.6547870e-02
   9.5395197e-02   1.8937665e-02
   8.3809249e-02   2.4089483e-02
   7.2704826e-02   2.2729499e-02
   7.3921746e-02   1.7029384e-02
   7.9888864e-02   1.3660294e-02
   7.3871184e-02   1.2286911e-02
   7.1220993e-02   1.3679277e-02
   7.0185935e-02   1.1827943e-02
   5.1406185e-02   2.0378539e-02
   5.2714176e-02   1.9923468e-02
   6.3898458e-02   1.7036665e-02
   7.3926782e-02   1.6083307e-02
   7.8849976e-02   1.7953547e-02
   9.2467355e-02   1.2722205e-02
   9.5062413e-02   1.2261243e-02
   8.4131934e-02   1.3264672e-02
   7.5240592e-02   1.8465598e-02
   7.3882028e-02   2.3178883e-02
   8.5332094e-02   2.1790529e-02
   9.3846600e-02   2.0771662e-02
   9.5043376e-02   1.5562347e-02
   8.8798660e-02   1.4152609e-02
   9.0154326e-02   1.0860231e-02
   8.4048863e-02   1.3251622e-02
   7.9080648e-02   1.8480474e-02
   8.4073394e-02   2.2265700e-02
   8.6423943e-02   2.0800766e-02
   8.4008710e-02   1.9877433e-02
   8.6444629e-02   1.7964298e-02
   8.7648037e-02   1.1333972e-02
   6.9002338e-02   1.1366625e-02
   5.1477682e-02   1.5180400e-02
   4.6308716e-02   1.7976202e-02
   4.3752013e-02   2.0795522e-02
   5.3862905e-02   1.9883378e-02
   6.0021372e-02   1.7005625e-02
   5.6334626e-02   1.4660127e-02
   5.3832461e-02   1.4188432e-02
   5.3944650e-02   1.2320899e-02
   4.9023363e-02   1.2347234e-02
   4.2605918e-02   1.4680776e-02
   5.5237000e-02   1.7075824e-02
   5.6254959e-02   2.0315020e-02
   6.5064166e-02   2.1273820e-02
   6.7592883e-02   1.6544603e-02
   7.1365238e-02   1.2760919e-02
   6.3979210e-02   1.2790093e-02
   6.4017668e-02   1.8492806e-02
   6.0190156e-02   1.8951027e-02
   8.7545385e-02   1.4625359e-02
   8.7528071e-02   1.7456074e-02
   8.6283692e-02   1.6513611e-02
   7.9097341e-02   1.5637325e-02
   6.0258546e-02   1.7072757e-02
   4.7746596e-02   1.8521549e-02
   4.8804307e-02   1.9866968e-02
   5.5081060e-02   1.5133688e-02
   5.9859484e-02   1.3187706e-02
   6.0093772e-02   1.3712456e-02
   6.0331571e-02   1.3766640e-02
   5.5197750e-02   1.2794237e-02
   5.5342332e-02   1.8060141e-02
   5.8926544e-02   2.0847095e-02
   6.8820840e-02   2.0797831e-02
   7.6236338e-02   2.3130679e-02
   7.8788440e-02   1.5103939e-02
   7.9040854e-02   1.0888013e-02
   8.5400159e-02   1.0421557e-02
   9.1740113e-02   1.6116375e-02
   1.0615497e-01   2.0244237e-02
   1.1100653e-01   2.3508971e-02
   1.0759155e-01   2.2640610e-02
   9.1351651e-02   1.9830334e-02
   7.7685771e-02   1.6080472e-02
   6.6560424e-02   1.0904907e-02
   5.3999319e-02   1.1858715e-02
   4.5161795e-02   1.2798229e-02
   4.2645317e-02   1.5643348e-02
   4.6214198e-02   1.8885119e-02
   5.0114657e-02   1.7518431e-02
   6.1336338e-02   1.6075916e-02
   7.6218958e-02   1.3676160e-02
   8.7720672e-02   1.4181384e-02
   9.0209588e-02   1.7015318e-02
   8.6773223e-02   1.9933624e-02
   8.3918901e-02   2.0803510e-02
   7.6338017e-02   1.9373260e-02
   6.6323802e-02   1.9854554e-02
   6.4956941e-02   1.7457465e-02
   7.6452536e-02   1.1824583e-02
   8.2726550e-02   9.9295888e-03
   8.1622727e-02   1.2792579e-02
   8.6536173e-02   1.7035548e-02
   9.1494562e-02   2.4127034e-02
   9.8829449e-02   2.3125189e-02
   1.0135861e-01   2.0290395e-02
   9.7527734e-02   1.7917615e-02
   8.8981232e-02   1.2762373e-02
   8.0285481e-02   1.3254154e-02
   7.7776560e-02   1.3255779e-02
   8.6453842e-02   1.6546064e-02
   9.0025601e-02   1.7925400e-02
   9.1516179e-02   2.1761638e-02
   9.1160628e-02   2.1205177e-02
   8.1356113e-02   1.7478918e-02
   7.0182380e-02   1.2774178e-02
   5.9027821e-02   9.9595699e-03
   4.9020770e-02   1.3297021e-02
   4.1308146e-02   1.6086158e-02
   3.6256147e-02   1.9381253e-02
   3.1288503e-02   1.8455930e-02
   2.6280301e-02   1.9404123e-02
   2.7515865e-02   1.3711065e-02
   2.6242057e-02   1.1808501e-02
   2.8884712e-02   1.0917057e-02
   2.2556744e-02   1.4212959e-02
   2.5061536e-02   1.5159928e-02
   2.6282343e-02   1.8457581e-02
   2.1318168e-02   1.8495414e-02
   1.5033849e-02   1.8004660e-02
   1.2530372e-02   1.5635961e-02
   1.0016174e-02   1.2780667e-02
   1.7547688e-02   1.0423486e-02
   1.8779824e-02   1.3252988e-02
   2.5110267e-02   1.5664591e-02
   1.7470601e-02   1.7933404e-02
   2.0021454e-02   2.0352496e-02
   2.2575435e-02   1.6598165e-02
   1.1291551e-02   1.0908660e-02
   1.1279882e-02   1.1845534e-02
   1.0016174e-02   1.2780667e-02
   8.7720672e-03   1.4214863e-02
   1.0023970e-02   1.6110060e-02
   8.7451046e-03   1.6062611e-02
   8.7620404e-03   1.6567653e-02
   7.5024061e-03   1.7497231e-02
   8.7380851e-03   1.3215026e-02
   1.2521970e-02   9.9403450e-03
   2.1263961e-02   1.2293842e-02
   2.8822507e-02   1.4211540e-02
   3.0010686e-02   1.7019873e-02
   3.1254042e-02   1.9856047e-02
   3.3759600e-02   1.7964089e-02
   3.2512696e-02   1.6546296e-02
   3.6377300e-02   1.4223410e-02
   3.5018154e-02   1.4654524e-02
   2.9983216e-02   1.6058512e-02
   2.7540530e-02   1.5144365e-02
   2.7480786e-02   1.7948549e-02
   3.1293001e-02   1.6563014e-02
   3.6341421e-02   1.4209381e-02
   4.2607184e-02   1.4207202e-02
   4.7715290e-02   1.3758831e-02
   5.2625845e-02   1.6096733e-02
   5.6279176e-02   1.4645712e-02
   5.6261747e-02   1.8897693e-02
   5.6319306e-02   1.8443386e-02
   5.0061605e-02   1.8447191e-02
   4.8770675e-02   1.6066962e-02
   4.7571462e-02   1.4664263e-02
   4.1312059e-02   1.4666791e-02
   4.5117245e-02   1.2785611e-02
   4.8776729e-02   1.4176731e-02
   5.5026847e-02   1.5118806e-02
   4.8712263e-02   1.8883731e-02
   4.5140834e-02   1.9434348e-02
   3.7554082e-02   1.5614469e-02
   4.1360555e-02   1.1366132e-02
   4.2485001e-02   1.2748769e-02
   4.5114784e-02   1.3732693e-02
   4.0090263e-02   1.7996946e-02
   3.2481817e-02   1.6057735e-02
   2.3804462e-02   1.7529000e-02
   1.6287842e-02   1.7056838e-02
   1.6291902e-02   1.3266430e-02
   1.9971059e-02   1.4629458e-02
   2.1304795e-02   1.3265654e-02
   3.2486769e-02   1.3696303e-02
   2.8708397e-02   1.4627528e-02
   2.8814876e-02   1.8001284e-02
   3.3860775e-02   1.7543164e-02
   3.6294664e-02   1.8453993e-02
   3.8842886e-02   1.6103024e-02
   4.7621161e-02   1.3731704e-02
   4.7518555e-02   1.6540137e-02
   4.7570006e-02   1.5137303e-02
   5.1372849e-02   1.6097383e-02
   5.0118169e-02   1.6571489e-02
   5.6372653e-02   1.8934930e-02
   5.5184398e-02   1.6585122e-02
   6.3908878e-02   1.4670462e-02
   7.5191307e-02   1.3717322e-02
   8.0122732e-02   1.4172981e-02
   7.3997260e-02   1.6572650e-02
   6.5270398e-02   1.8966027e-02
   5.6363441e-02   2.0828423e-02
   5.5126123e-02   1.7515568e-02
   5.7528067e-02   1.5117488e-02
   6.6150042e-02   1.5554114e-02
   7.5117215e-02   1.3703841e-02
   8.2618981e-02   1.5588316e-02
   8.9050547e-02   1.6086940e-02
   8.7793360e-02   1.6561219e-02
   9.2983717e-02   1.8011128e-02
   9.3946927e-02   1.9846962e-02
   8.6338872e-02   2.0780347e-02
   8.9933767e-02   1.8379105e-02
   9.7830178e-02   1.6078794e-02
   1.0120878e-01   1.3657453e-02
   1.0139922e-01   1.5099829e-02
   9.9059053e-02   1.9387657e-02
   1.0040379e-01   2.0351813e-02
   1.1171280e-01   1.8917936e-02
   1.1126887e-01   1.9315052e-02
   1.1014366e-01   1.7449206e-02
   1.0178685e-01   1.7054155e-02
   8.6536173e-02   1.7035548e-02
   6.3965886e-02   1.6106043e-02
   5.5081060e-02   1.5133688e-02
   5.9065552e-02   1.6140949e-02
   6.6540029e-02   1.6120297e-02
   8.2540270e-02   1.5101113e-02
   7.8861006e-02   1.6063700e-02
   6.3886490e-02   1.9402869e-02
   6.2775667e-02   1.5648530e-02
   6.7742693e-02   1.2788132e-02
   6.7799874e-02   1.5171253e-02
   7.1107241e-02   2.1676894e-02
   7.2438132e-02   1.9810266e-02
   7.0229757e-02   1.7522600e-02
   6.6408805e-02   1.6088558e-02
   6.5099720e-02   1.4182547e-02
   6.6552127e-02   1.3275539e-02
   6.1457420e-02   1.6107612e-02
   6.6323802e-02   1.9854554e-02
   7.8861006e-02   1.6063700e-02
   8.8877995e-02   1.5583148e-02
   8.8510709e-02   1.8344436e-02
   8.3678532e-02   1.9799515e-02
   8.1602944e-02   1.6582973e-02
   6.2707372e-02   1.7054296e-02
   6.2717617e-02   1.4685644e-02
   6.5099720e-02   1.4182547e-02
   6.3843956e-02   1.5128806e-02
   6.8902558e-02   1.8452585e-02
   6.6408805e-02   1.6088558e-02
   5.7561679e-02   2.0334117e-02
   5.7690782e-02   1.7057487e-02
   6.0031121e-02   1.4643733e-02
   6.3916096e-02   1.2777499e-02
   6.2524415e-02   1.6531678e-02
   7.0029687e-02   1.6054402e-02
   6.5163928e-02   1.4196510e-02
   6.0086532e-02   1.5603829e-02
   5.8770927e-02   1.7006408e-02
   6.1332167e-02   1.7021558e-02
   6.5155808e-02   1.6089379e-02
   6.1325466e-02   1.8440021e-02
   6.2711653e-02   1.6106835e-02
   6.2414894e-02   1.3199397e-02
   5.7586507e-02   1.4659480e-02
   5.2465221e-02   1.7465398e-02
   5.0311211e-02   1.8063116e-02
   4.8762047e-02   1.8429750e-02
   5.5081060e-02   1.5133688e-02
   4.2519405e-02   1.5597163e-02
   4.1224130e-02   1.6998910e-02
   3.2484882e-02   1.4640876e-02
   2.6318393e-02   1.2790934e-02
   1.6289999e-02   1.5161634e-02
   1.0053711e-02   1.6157909e-02
   1.3798683e-02   1.3754128e-02
   1.8780326e-02   1.2779667e-02
   2.5041700e-02   1.1832018e-02
   3.5055671e-02   1.3249387e-02
   3.7594574e-02   1.4208973e-02
   3.3932388e-02   1.5677567e-02
   3.6260311e-02   1.7963113e-02
   3.8801984e-02   1.7033462e-02
   4.0131289e-02   1.7540640e-02
   4.2639495e-02   1.7539511e-02
   4.0131289e-02   1.7540640e-02
   4.2523302e-02   1.4179239e-02
   4.2524519e-02   1.3706598e-02
   3.7512030e-02   1.7489899e-02
   3.8835987e-02   1.8471116e-02
   3.7589889e-02   1.6103502e-02
   3.1289673e-02   1.7982701e-02
   2.0047268e-02   1.6582334e-02
   1.5006849e-02   1.5604821e-02
   1.0006817e-02   1.1822293e-02
   6.2667508e-03   1.1372023e-02
   5.0030228e-03   1.3241276e-02
   3.7556418e-03   1.4674492e-02
   2.5083817e-03   1.6600758e-02
   2.4985179e-03   1.6535401e-02
   0.0000000e+00   1.7497537e-02
  -2.4989822e-03   1.3700761e-02
  -7.5202731e-03   1.0898131e-02
  -1.0006817e-02   1.1822293e-02
  -1.1222696e-02   1.4616325e-02
  -1.1266580e-02   1.5147332e-02
  -1.2519177e-02   1.4200493e-02
  -7.5038901e-03   1.4659842e-02
  -2.5089213e-03   1.3280606e-02
  -1.2545580e-03   1.1857702e-02
  -1.2543138e-03   1.5177858e-02
  -1.2506102e-03   1.5132998e-02
   0.0000000e+00   1.3714286e-02
   8.7456632e-03   1.5117751e-02
   1.1265092e-02   1.7040749e-02
   1.1265092e-02   1.7040749e-02
   1.2492160e-02   1.7007050e-02
   2.1306444e-02   1.1844334e-02
   2.7519402e-02   1.1347089e-02
   3.2550793e-02   1.3723300e-02
   4.1386865e-02   1.7066028e-02
   3.7512030e-02   1.7489899e-02
   3.1326920e-02   1.5158267e-02
   3.5046953e-02   1.7034927e-02
   4.5119529e-02   1.1838529e-02
   5.0075223e-02   1.4663152e-02
   5.3920348e-02   1.8955229e-02
   5.0006468e-02   1.9846663e-02
   5.3659704e-02   1.7919093e-02
   6.2528537e-02   1.5587011e-02
   6.8720049e-02   1.4152507e-02
   8.1204543e-02   1.6030220e-02
   9.3798627e-02   1.4620240e-02
   1.0616775e-01   1.8831848e-02
   1.2403818e-01   1.6977360e-02
   1.3135560e-01   2.3071900e-02
   1.2989428e-01   1.9269389e-02
   1.1744176e-01   1.5053818e-02
   9.1358925e-02   1.8886033e-02
   6.2510598e-02   1.9365680e-02
   4.7560303e-02   1.7975548e-02
   3.0072892e-02   1.5632336e-02
   1.6211498e-02   1.3672756e-02
   7.5125100e-03   1.1834112e-02
   3.7634829e-03   1.2806268e-02
   3.7632773e-03   1.3754880e-02
   7.5184609e-03   1.5162617e-02
   8.7620404e-03   1.6567653e-02
   1.6271800e-02   1.7040020e-02
   2.0027521e-02   1.6565985e-02
   2.6312923e-02   1.6107102e-02
   2.8786499e-02   1.7983540e-02
   2.7571649e-02   1.2790666e-02
   2.2574654e-02   1.7072399e-02
   3.1361516e-02   1.3276582e-02
   3.6271915e-02   1.3235978e-02
   4.2567601e-02   1.3246993e-02
   4.8769043e-02   1.6539519e-02
   5.3767244e-02   1.7481856e-02
   6.2690470e-02   2.0370409e-02
   6.6341163e-02   1.6545462e-02
   7.2530747e-02   1.6052631e-02
   7.2826500e-02   1.4219942e-02
   6.8776856e-02   1.6527478e-02
   6.6212935e-02   1.6041181e-02
   6.0139725e-02   1.7039125e-02
   6.5091624e-02   1.6073553e-02
   7.0031962e-02   1.5582213e-02
   8.0196916e-02   1.5132711e-02
   8.8787639e-02   1.6039624e-02
   1.0023634e-01   1.6532927e-02
   9.8965325e-02   1.8896228e-02
   1.0156277e-01   1.9857444e-02
   1.0135861e-01   2.0290395e-02
   9.9077647e-02   1.7023309e-02
   9.7547592e-02   1.5088518e-02
   9.3885206e-02   1.5578746e-02
   8.5114028e-02   1.7003230e-02
   7.9077597e-02   1.8954333e-02
   7.5166427e-02   1.8447433e-02
   6.5136536e-02   1.9875115e-02
   4.9924560e-02   1.5563188e-02
   3.8733118e-02   1.4166636e-02
   3.5020192e-02   1.3709070e-02
   2.7515078e-02   1.4183861e-02
   1.2530768e-02   1.5162144e-02
  -1.2503556e-03   1.7970435e-02
  -1.2518027e-03   1.5621294e-02
   0.0000000e+00   1.2307692e-02
   0.0000000e+00   1.4201183e-02
  -1.2531525e-03   1.4215195e-02
   0.0000000e+00   1.2319842e-02
   0.0000000e+00   1.5621302e-02
   3.7589889e-03   1.6110492e-02
   1.2566277e-02   1.7108072e-02
   2.3740331e-02   1.3698392e-02
   3.2514839e-02   1.5600794e-02
   4.1350227e-02   1.5628432e-02
   4.2598972e-02   1.7048643e-02
   4.6310403e-02   1.7503144e-02
   5.1313145e-02   1.8446466e-02
   5.9966432e-02   1.6045096e-02
   6.3910775e-02   1.4197221e-02
   6.5099720e-02   1.4182547e-02
   6.6345545e-02   1.5600007e-02
   6.5149055e-02   1.7509030e-02
   6.5075031e-02   1.9382814e-02
   6.3774903e-02   1.6530870e-02
   6.4899828e-02   1.6026262e-02
   6.3908878e-02   1.4670462e-02
   5.5348277e-02   1.6634340e-02
   5.5246043e-02   1.4704182e-02
   5.1167559e-02   1.6977360e-02
   4.8714124e-02   1.8411637e-02
   4.8810065e-02   1.8447899e-02
   4.6371698e-02   1.2311632e-02
   4.3865120e-02   1.2312495e-02
   4.3732189e-02   1.3692665e-02
   5.2459360e-02   1.8881512e-02
   4.7471840e-02   1.6523880e-02
   4.2604612e-02   1.5154349e-02
   4.6324803e-02   1.2772565e-02
   4.7579230e-02   1.1826018e-02
   4.3859034e-02   1.4680283e-02
   4.0014248e-02   1.7016176e-02
   4.3938523e-02   1.7081755e-02
   4.5019084e-02   1.6068714e-02
   4.8863527e-02   1.7045615e-02
   5.0128929e-02   1.3257191e-02
   4.5069037e-02   1.4192242e-02
   4.3902332e-02   1.4694772e-02
   5.0114657e-02   1.7518431e-02
   4.8763867e-02   1.7957192e-02
   5.0070480e-02   1.6082167e-02
   4.8821849e-02   1.5136737e-02
   4.8921197e-02   1.4218695e-02
   5.0126098e-02   1.4204133e-02
   6.2647712e-02   1.6564238e-02
   6.0010174e-02   1.9367518e-02
   6.5146677e-02   1.7982247e-02
   6.6338875e-02   1.7018189e-02
   6.2530508e-02   1.5114677e-02
   6.2775667e-02   1.5648530e-02
   6.7730798e-02   1.5629939e-02
   6.5091624e-02   1.6073553e-02
   7.5169243e-02   1.7974422e-02
   7.3759540e-02   1.9828598e-02
   7.5171986e-02   1.7501411e-02
   7.2824329e-02   1.4693940e-02
   7.2743070e-02   1.6573593e-02
   7.2668835e-02   1.7030351e-02
   7.5169243e-02   1.7974422e-02
   7.6277161e-02   1.6993969e-02
   8.1433347e-02   1.7968970e-02
   7.2817390e-02   1.6115935e-02
   7.1418391e-02   1.6558211e-02
   7.3043054e-02   1.4262124e-02
   7.3926782e-02   1.6083307e-02
   8.0019770e-02   1.8406795e-02
   8.3942051e-02   1.7493861e-02
   7.8855644e-02   1.7008624e-02
   8.5287848e-02   1.6090200e-02
   8.1436318e-02   1.7496102e-02
   8.2700453e-02   1.5603640e-02
   8.0098568e-02   1.8424876e-02
   8.0101563e-02   1.7952443e-02
   8.5197944e-02   1.7019939e-02
   8.0189071e-02   1.6551403e-02
   8.2694980e-02   1.6549315e-02
   8.4104805e-02   1.8002055e-02
   8.2694980e-02   1.6549315e-02
   8.1433347e-02   1.7968970e-02
   8.1270079e-02   1.8405647e-02
   7.9086520e-02   1.7532758e-02
   8.0352854e-02   1.5636357e-02
   8.0191764e-02   1.6078506e-02
   8.0268215e-02   1.6567693e-02
   7.6279786e-02   1.6521914e-02
   7.2599763e-02   1.6541010e-02
   7.0301636e-02   1.7065828e-02
   7.2752436e-02   1.4679468e-02
   7.2594686e-02   1.7486211e-02
   7.0157960e-02   1.7978473e-02
   7.0024934e-02   1.6998778e-02
   7.3792547e-02   1.3691175e-02
   6.8912483e-02   1.6560012e-02
   7.1415924e-02   1.7031302e-02
   7.0163013e-02   1.7032237e-02
   6.7670233e-02   1.4195048e-02
   6.9956099e-02   1.6982098e-02
   7.0027345e-02   1.6526590e-02
   6.8844603e-02   1.6543729e-02
   6.9055427e-02   1.5170446e-02
   6.7730798e-02   1.5629939e-02
   6.3841940e-02   1.5601581e-02
   6.7601552e-02   1.4653792e-02
   7.0024934e-02   1.6998778e-02
   7.0091421e-02   1.7488144e-02
   6.6336523e-02   1.7490917e-02
   6.3772708e-02   1.7003180e-02
   6.1459428e-02   1.5633859e-02
   6.1271818e-02   1.7004827e-02
   5.9907534e-02   1.6029354e-02
   6.2641036e-02   1.7984030e-02
   6.0135394e-02   1.7985743e-02
   5.8888849e-02   1.6566581e-02
   5.6327402e-02   1.6551756e-02
   5.2731560e-02   1.5654153e-02
   5.3832461e-02   1.4188432e-02
   5.2681180e-02   1.5164811e-02
   5.0068802e-02   1.6555171e-02
   5.2562669e-02   1.8918689e-02
   5.1323912e-02   1.5608548e-02
   4.8911750e-02   1.7062433e-02
   5.0126098e-02   1.4204133e-02
   4.7570006e-02   1.5137303e-02
   4.5109338e-02   1.5626858e-02
   4.3854871e-02   1.6100955e-02
   4.0098458e-02   1.5155323e-02
   4.2595904e-02   1.7995790e-02
   3.6298630e-02   1.7034455e-02
   4.0058953e-02   1.5140392e-02
   4.1391043e-02   1.5643859e-02
   4.7528717e-02   1.3232109e-02
   4.1303873e-02   1.7505525e-02
   3.6262912e-02   1.7017686e-02
   3.2511577e-02   1.7019048e-02
   3.7554082e-02   1.5614469e-02
   4.2646669e-02   1.5169307e-02
   3.8768915e-02   1.5125952e-02
   4.1149884e-02   1.4609222e-02
   3.6266552e-02   1.5599545e-02
   3.6301098e-02   1.6088096e-02
   3.6338078e-02   1.5630319e-02
   4.0095882e-02   1.6102530e-02
   4.1305337e-02   1.7032403e-02
   3.7479020e-02   1.6055994e-02
   3.6341421e-02   1.4209381e-02
   3.3731118e-02   1.6057323e-02
   3.2577904e-02   1.6105259e-02
   4.1312059e-02   1.4666791e-02
   3.6266552e-02   1.5599545e-02
   4.1270135e-02   1.5125013e-02
   3.6373947e-02   1.5645751e-02
   3.1325929e-02   1.5631963e-02
   3.3902969e-02   1.3763639e-02
   3.3800776e-02   1.4669357e-02
   3.2481817e-02   1.6057735e-02
   3.8805885e-02   1.5614007e-02
   3.5048161e-02   1.6561734e-02
   2.6338894e-02   1.6123011e-02
   2.5061536e-02   1.5159928e-02
   2.5035240e-02   1.6091545e-02
   3.2583804e-02   1.3263154e-02
   2.8710061e-02   1.3683817e-02
   3.1268028e-02   1.3710128e-02
   2.0030089e-02   1.4672730e-02
   1.6304481e-02   1.6599421e-02
   1.8796152e-02   1.5161220e-02
   2.2535164e-02   1.3725648e-02
   2.3714910e-02   1.5100610e-02
   2.2466757e-02   1.5100880e-02
   1.3744010e-02   1.4172398e-02
   1.1288824e-02   1.5177265e-02
   8.7703766e-03   1.7057836e-02
   1.1254395e-02   1.6551073e-02
   1.0015629e-02   1.3727383e-02
   1.1245420e-02   1.3700250e-02
   7.5045342e-03   1.3241148e-02
   3.7631690e-03   1.4229186e-02
   7.5049273e-03   1.2295352e-02
   6.2583844e-03   1.7041213e-02
   1.2542740e-03   1.5652166e-02
   6.2653841e-03   1.5162698e-02
   3.7523672e-03   1.2768417e-02
   0.0000000e+00   1.3795837e-02
  -1.2507211e-03   1.3714279e-02
   3.7597704e-03   1.2793626e-02
   3.7628221e-03   1.5652105e-02
   2.4986013e-03   1.6062961e-02
   5.0124610e-03   1.4688928e-02
   2.5064465e-03   1.3267496e-02
   5.0072110e-03   1.5621180e-02
   7.5117215e-03   1.3727570e-02
   1.2493007e-02   1.6062214e-02
   8.7459298e-03   1.4645322e-02
   8.7626192e-03   1.5620930e-02
   1.1289832e-02   1.3754397e-02
   1.2544258e-02   1.3754269e-02
   1.7526328e-02   1.4673158e-02
   2.0008482e-02   1.6076820e-02
   2.2508015e-02   1.7021954e-02
   2.2576933e-02   1.5649699e-02
   2.1260373e-02   1.5130883e-02
   2.5062305e-02   1.4686180e-02
   2.5011415e-02   1.5602883e-02
   2.2579014e-02   1.4226999e-02
   2.6338894e-02   1.6123011e-02
   3.0044215e-02   1.5143688e-02
   2.5085481e-02   1.5649118e-02
   2.3760844e-02   1.5603178e-02
   2.1279241e-02   1.6565719e-02
   3.0048521e-02   1.2777487e-02
   3.6414300e-02   1.3762885e-02
   3.7550307e-02   1.7033967e-02
   3.3791584e-02   1.8454997e-02
   3.7555268e-02   1.5141304e-02
   3.3805457e-02   1.2303331e-02
   3.8889324e-02   1.2800320e-02
   3.8765137e-02   1.6544010e-02
   3.5082719e-02   1.6578071e-02
   3.7551602e-02   1.6560801e-02
   3.7519451e-02   1.4653699e-02
   4.1388298e-02   1.6591972e-02
   4.1270135e-02   1.5125013e-02
   4.3813096e-02   1.5612004e-02
   4.3857689e-02   1.5153840e-02
   4.5066322e-02   1.5138391e-02
   4.3891993e-02   1.8012946e-02
   4.2601875e-02   1.6101496e-02
   4.1270135e-02   1.5125013e-02
   3.7596697e-02   1.3261708e-02
   3.3835116e-02   1.4210156e-02
   4.0099688e-02   1.4681719e-02
   4.8910009e-02   1.7536390e-02
   4.7712492e-02   1.4707715e-02
   4.3760812e-02   1.8432394e-02
   4.7568504e-02   1.5610344e-02
   5.3987074e-02   1.5653504e-02
   5.6273856e-02   1.6063039e-02
   5.9964430e-02   1.6517010e-02
   5.6268046e-02   1.7480366e-02
   5.4969229e-02   1.6047950e-02
   5.6222121e-02   1.5103303e-02
   5.7648269e-02   1.3253864e-02
   6.2651859e-02   1.5617710e-02
   6.1209425e-02   1.7460021e-02
   6.2581626e-02   1.7493539e-02
   6.6467448e-02   1.7525389e-02
   6.3963734e-02   1.6579750e-02
   6.1522108e-02   1.5175065e-02
   6.6544321e-02   1.5172045e-02
   6.3837723e-02   1.6547131e-02
   6.6349671e-02   1.4654552e-02
   6.3893857e-02   1.7983147e-02
   5.8936194e-02   1.8951904e-02
   6.2581626e-02   1.7493539e-02
   6.1340271e-02   1.5130274e-02
   6.0271945e-02   1.3753054e-02
   5.8770927e-02   1.7006408e-02
   6.0199077e-02   1.7055924e-02
   6.0023438e-02   1.6533247e-02
   6.7524044e-02   1.7000588e-02
   7.1415924e-02   1.7031302e-02
   7.1410781e-02   1.7977486e-02
   7.3997260e-02   1.6572650e-02
   7.3999750e-02   1.6099145e-02
   7.7606643e-02   1.6537163e-02
   7.5246168e-02   1.7518644e-02
   7.2597259e-02   1.7013611e-02
   7.1284779e-02   1.5109199e-02
   6.6284363e-02   1.4640153e-02
   7.3929193e-02   1.5610268e-02
   8.0186300e-02   1.7024300e-02
   7.8999579e-02   1.8935676e-02
   7.6343948e-02   1.8428223e-02
   7.6212208e-02   1.5090935e-02
   7.5248846e-02   1.7045167e-02
   7.2740551e-02   1.7047124e-02
   7.0024934e-02   1.6998778e-02
   7.2750200e-02   1.5153000e-02
   6.6410970e-02   1.5615365e-02
   6.7728585e-02   1.6103573e-02
   6.8774489e-02   1.6999691e-02
   6.8769556e-02   1.7944118e-02
   6.7657191e-02   1.7034058e-02
   7.1350434e-02   1.6069306e-02
   7.0239346e-02   1.5628265e-02
   6.5210961e-02   1.7999969e-02
   6.6406574e-02   1.6561750e-02
   6.7661801e-02   1.6087721e-02
   6.3898458e-02   1.7036665e-02
   6.0254189e-02   1.8021243e-02
   6.0086532e-02   1.5603829e-02
   6.0149532e-02   1.4672580e-02
   5.8886814e-02   1.7039912e-02
   5.6273856e-02   1.6063039e-02
   6.0139725e-02   1.7039125e-02
   6.3963734e-02   1.6579750e-02
   6.0199077e-02   1.7055924e-02
   6.0137589e-02   1.7512434e-02
   6.2399463e-02   1.6970653e-02
   5.6390186e-02   1.4674570e-02
   5.7526254e-02   1.5589909e-02
   5.7582926e-02   1.5605252e-02
   6.1398821e-02   1.5618461e-02
   5.8828814e-02   1.7023143e-02
   6.1269650e-02   1.7477183e-02
   6.5144237e-02   1.8455464e-02
   6.2588100e-02   1.6075144e-02
   6.7532948e-02   1.5111634e-02
   6.5093743e-02   1.5600801e-02
   6.5097791e-02   1.4655298e-02
   6.8839788e-02   1.7489085e-02
   6.6273599e-02   1.7001468e-02
   6.3839862e-02   1.6074356e-02
   6.3959243e-02   1.7527165e-02
   6.2594029e-02   1.4656749e-02
   6.0143823e-02   1.6092507e-02
   5.8780473e-02   1.4644407e-02
   6.1582960e-02   1.5190055e-02
   6.1211586e-02   1.6988129e-02
   6.3896188e-02   1.7509906e-02
   6.3768134e-02   1.7947801e-02
   6.5082520e-02   1.7964559e-02
   5.7641534e-02   1.5147273e-02
   6.1396819e-02   1.6091748e-02
   6.2651859e-02   1.5617710e-02
   6.3839862e-02   1.6074356e-02
   5.9955845e-02   1.8404669e-02
   6.1273926e-02   1.6532470e-02
   6.0133141e-02   1.8459052e-02
   6.5029679e-02   1.5585471e-02
   5.8886814e-02   1.7039912e-02
   6.1343967e-02   1.4184631e-02
   6.3845910e-02   1.4656030e-02
   6.2579346e-02   1.7966337e-02
   5.8886814e-02   1.7039912e-02
   5.8888849e-02   1.6566581e-02
   5.7582926e-02   1.5605252e-02
   5.4976039e-02   1.4159956e-02
   5.6444121e-02   1.5162883e-02
   4.8769043e-02   1.6539519e-02
   5.2629226e-02   1.5149867e-02
   5.1271735e-02   1.6065716e-02
   5.1418215e-02   1.7535022e-02
   5.3825766e-02   1.6080223e-02
   4.8871495e-02   1.4678168e-02
   4.7575554e-02   1.3245140e-02
   5.1328625e-02   1.4189589e-02
   5.1169313e-02   1.6505766e-02
   5.2574004e-02   1.6080886e-02
   5.4907604e-02   1.7918341e-02
   4.7613860e-02   1.6099239e-02
   4.7615413e-02   1.5625732e-02
   4.3767090e-02   1.6541892e-02
   4.5024673e-02   1.4178277e-02
   4.2559908e-02   1.6085635e-02
   4.3896680e-02   1.6590871e-02
   4.2600444e-02   1.6575069e-02
   4.1434532e-02   1.4710267e-02
   3.9980175e-02   1.5110617e-02
   3.8796256e-02   1.8926069e-02
   3.6305613e-02   1.4195379e-02
   3.2579997e-02   1.5157891e-02
   3.3798674e-02   1.5615767e-02
   3.0133277e-02   1.5188599e-02
   2.8850962e-02   1.4225576e-02
   3.2515864e-02   1.5128042e-02
   2.7515078e-02   1.4183861e-02
   2.7537841e-02   1.6564149e-02
   2.3783478e-02   1.6091850e-02
   2.2533851e-02   1.4672245e-02
   2.5015114e-02   1.3238809e-02
   2.4987609e-02   1.5115182e-02
   2.3829626e-02   1.6597865e-02
   2.5012203e-02   1.5130068e-02
   2.0108722e-02   1.5206013e-02
   1.8760817e-02   1.3712788e-02
   1.3769830e-02   1.5620383e-02
   1.9990087e-02   1.5116236e-02
   1.2506102e-02   1.5132271e-02
   1.2530372e-02   1.5635961e-02
   1.5006849e-02   1.5604821e-02
   1.3744010e-02   1.4172398e-02
   1.2530768e-02   1.5162144e-02
   1.0015342e-02   1.4200741e-02
   9.9959289e-03   1.3700363e-02
   1.1288824e-02   1.5177265e-02
   1.0004881e-02   1.5132535e-02
   8.7626192e-03   1.5620930e-02
   1.3798683e-02   1.3754128e-02
   1.3757539e-02   1.4186359e-02
   1.8777634e-02   1.5146272e-02
   1.6272906e-02   1.6093352e-02
   2.0027521e-02   1.6565985e-02
   2.0049229e-02   1.5160992e-02
   2.2532449e-02   1.5618841e-02
   1.8737579e-02   1.7478410e-02
   2.1326403e-02   1.2804518e-02
   2.3813085e-02   1.1843919e-02
   2.8704737e-02   1.6514951e-02
   3.3798674e-02   1.5615767e-02
   3.3864292e-02   1.6120746e-02
   3.6370276e-02   1.7068092e-02
   3.4975545e-02   1.7945942e-02
   4.0098458e-02   1.5155323e-02
   4.6370501e-02   1.2785157e-02
   4.1308146e-02   1.6086158e-02
   4.5024673e-02   1.4178277e-02
   4.8918238e-02   1.5166608e-02
   4.8960068e-02   1.7079285e-02
   5.0263314e-02   1.7570384e-02
   5.1377725e-02   1.4677026e-02
   5.5131838e-02   1.6095387e-02
   5.5184398e-02   1.6585122e-02
   5.4963565e-02   1.7463946e-02
   5.6280841e-02   1.4173270e-02
   5.8719035e-02   1.5573896e-02
   5.6380992e-02   1.7041437e-02
   5.6386673e-02   1.5621317e-02
   6.2777661e-02   1.5174332e-02
   5.7686619e-02   1.8005125e-02
   6.5089443e-02   1.6546304e-02
   6.5077590e-02   1.8910062e-02
   6.6343386e-02   1.6072734e-02
   6.1513932e-02   1.7071949e-02
   6.2405700e-02   1.5556432e-02
   6.2769318e-02   1.7071124e-02
   6.6338875e-02   1.7018189e-02
   6.7588156e-02   1.7490009e-02
   6.7459984e-02   1.6512127e-02
   6.7664007e-02   1.5614553e-02
   6.7595148e-02   1.6071900e-02
   6.6336523e-02   1.7490917e-02
   6.8987259e-02   1.5155500e-02
   6.9960837e-02   1.6038648e-02
