  -1.9051776e-01   1.0309074e-02
  -9.9604287e-02   1.1404879e-02
  -9.3023246e-02   1.1375449e-02
  -7.7926028e-02   1.4230639e-02
  -7.5337759e-02   1.4218306e-02
  -8.1671808e-02   1.8496389e-02
  -8.1537675e-02   1.3726656e-02
  -7.0474416e-02   8.5497758e-03
  -7.4394465e-02   9.5169464e-03
  -7.9267958e-02   1.2819436e-02
  -7.2970727e-02   1.4248036e-02
  -7.4304573e-02   1.3785929e-02
  -6.9196379e-02   1.4250401e-02
  -5.6676100e-02   1.2844350e-02
  -5.5420801e-02   1.1417699e-02
  -4.0349540e-02   9.5284574e-03
  -3.9040253e-02   1.4278963e-02
  -3.2808477e-02   1.4309337e-02
  -2.7784151e-02   1.6712414e-02
  -1.6404238e-02   1.4312920e-02
  -1.5095992e-02   1.5697601e-02
  -1.1379383e-02   1.4342053e-02
   0.0000000e+00   1.3878365e-02
   7.5793548e-03   1.2895293e-02
   1.3877797e-02   1.7175912e-02
   2.3970740e-02   1.7173876e-02
   3.2869604e-02   1.6249532e-02
   3.7970174e-02   1.3872161e-02
   3.2673457e-02   1.6628155e-02
   6.6475209e-02   1.4481668e-02
   6.1390455e-02   1.7511608e-02
   7.0692158e-02   2.1936121e-02
   6.4271578e-02   1.8566075e-02
   6.6927300e-02   1.8124069e-02
   7.3198077e-02   1.1908654e-02
   8.8677345e-02   1.5292071e-02
   1.0346324e-01   1.5693479e-02
   1.0452076e-01   1.5186699e-02
   1.1227579e-01   1.8060672e-02
   1.2051125e-01   2.2936730e-02
   1.1836042e-01   2.0133261e-02
   1.1996848e-01   1.7593215e-02
   1.2769001e-01   1.5697663e-02
   1.4482675e-01   1.4193641e-02
   1.3735393e-01   1.9429706e-02
   1.4348116e-01   2.3394359e-02
   1.4630776e-01   2.0381848e-02
   1.5818432e-01   1.6146280e-02
   1.6196361e-01   1.7564429e-02
   1.6436390e-01   1.4698019e-02
   1.7622671e-01   1.8048599e-02
   1.8112406e-01   1.7546760e-02
   3.3905440e-01   2.1816815e-02
   3.3747848e-01   2.0874135e-02
   3.3481009e-01   2.4597271e-02
   3.3790451e-01   2.5458952e-02
   3.3920645e-01   2.4527071e-02
   3.3962973e-01   2.2233904e-02
   3.3199369e-01   2.3194686e-02
   3.2851961e-01   2.3233388e-02
   3.2753944e-01   2.3168247e-02
   3.2403500e-01   2.4134931e-02
   3.2178985e-01   2.5098693e-02
   3.2123205e-01   2.2732066e-02
   3.1527085e-01   2.1004479e-02
   3.1589596e-01   2.1425778e-02
   3.0952363e-01   2.2383326e-02
   3.0794785e-01   2.2367351e-02
   2.9895312e-01   2.6136572e-02
   2.8984432e-01   2.4751052e-02
   2.8261572e-01   2.1998191e-02
   2.7600392e-01   2.2000304e-02
   2.7308209e-01   1.9728464e-02
   2.6899143e-01   2.0191249e-02
   2.7022425e-01   2.1595550e-02
   2.5748834e-01   2.3520269e-02
   2.5500035e-01   2.1647048e-02
   2.4945023e-01   2.0681912e-02
   2.4571159e-01   1.7871706e-02
   2.3474305e-01   1.9823622e-02
   2.3067612e-01   2.1230360e-02
   2.2664780e-01   2.1220931e-02
   2.2941883e-01   2.0762215e-02
   2.2200493e-01   2.2222287e-02
   2.2030689e-01   2.1711009e-02
   2.2543809e-01   1.8394643e-02
   2.0952226e-01   2.3090126e-02
   2.0752340e-01   1.7002530e-02
   1.9822499e-01   1.9819320e-02
   1.9266112e-01   2.0859781e-02
   1.8704756e-01   1.9865010e-02
   1.9056700e-01   1.7105549e-02
   1.7868579e-01   2.2791982e-02
   1.8413807e-01   2.0776375e-02
   1.7618352e-01   2.0898378e-02
   1.7337001e-01   1.6121493e-02
   1.6476865e-01   2.1398718e-02
   1.5719722e-01   1.9035324e-02
   1.5195595e-01   2.0452653e-02
   1.4200610e-01   1.7155686e-02
   1.2387545e-01   1.8081398e-02
   1.1758341e-01   1.4757541e-02
   1.2134738e-01   1.8084847e-02
   1.1261533e-01   1.7637579e-02
  -6.3167540e-02   1.0971505e-02
  -6.3107524e-02   1.0007528e-02
  -7.1796789e-02   1.0934912e-02
  -7.9339869e-02   1.4257894e-02
  -9.0755651e-02   1.5689837e-02
  -1.0074290e-01   1.5190330e-02
  -1.1232651e-01   1.0931459e-02
  -1.1864900e-01   8.5512203e-03
  -1.1692403e-01   8.0451741e-03
  -1.1864455e-01   9.5013559e-03
  -1.2630808e-01   1.4733215e-02
  -1.3474780e-01   1.4679433e-02
  -1.4735388e-01   1.3244414e-02
  -1.5747892e-01   5.6708490e-03
  -1.6563398e-01   7.0548646e-03
  -1.6235074e-01   7.0781646e-03
  -1.7509098e-01   9.9062572e-03
  -1.7903123e-01   1.1799844e-02
  -1.7778280e-01   1.0385283e-02
  -1.7349074e-01   9.4174509e-03
  -1.8284386e-01   8.0205557e-03
  -1.9650498e-01   9.8823529e-03
  -2.1143654e-01   6.5696181e-03
  -2.1943307e-01   4.6970307e-03
  -2.3409643e-01   5.6140324e-03
  -2.3806831e-01   1.0296756e-02
  -2.3452696e-01   9.8434261e-03
  -2.5650467e-01   4.1925627e-03
  -2.5599314e-01   6.5416898e-03
  -2.5649964e-01   5.1242433e-03
  -2.6077072e-01   7.4633031e-03
  -2.6024108e-01   8.8458307e-03
  -2.5747870e-01   9.8200101e-03
  -2.6077072e-01   7.4633031e-03
  -2.5398207e-01   5.5922225e-03
  -2.5574866e-01   5.1349989e-03
  -2.5424162e-01   4.1981635e-03
  -2.6075725e-01   8.8626724e-03
  -2.6023611e-01   9.3114008e-03
  -2.4792721e-01   7.4704425e-03
  -2.3466005e-01   5.1305364e-03
  -2.2379370e-01   7.4885536e-03
  -2.0891328e-01   7.5105328e-03
  -2.0806370e-01   7.9966419e-03
  -2.0552632e-01   9.8813178e-03
  -1.9524533e-01   9.8838303e-03
  -2.1381457e-02   1.8550390e-02
  -1.7733069e-02   1.7243826e-02
  -6.3154042e-03   1.4805787e-02
   0.0000000e+00   1.2921236e-02
   5.0571929e-03   1.5298683e-02
   1.1357739e-02   1.2882188e-02
   1.3879660e-02   1.5267477e-02
   1.1353732e-02   1.8130487e-02
   1.6431831e-02   1.8643856e-02
   2.0211613e-02   1.2893888e-02
   3.7819474e-02   1.3817107e-02
   3.7848537e-02   1.7169306e-02
   4.9209703e-02   1.5256929e-02
   5.5516858e-02   1.5730488e-02
   5.2977889e-02   1.9545597e-02
   8.8756950e-02   1.6742330e-02
   6.8276300e-02   1.4321929e-02
   7.0732528e-02   1.4783038e-02
   8.3604578e-02   1.6252207e-02
   9.2355573e-02   1.9569374e-02
   1.0639455e-01   1.7662594e-02
   1.2123130e-01   1.7591567e-02
   1.1456261e-01   1.8970471e-02
   1.2006925e-01   1.9514430e-02
   1.2136872e-01   1.5705261e-02
   1.2124809e-01   1.5689776e-02
   1.2402063e-01   1.5717774e-02
   1.2628716e-01   1.7109540e-02
   1.3008909e-01   1.5679065e-02
   1.3448390e-01   2.1479664e-02
   1.3902755e-01   1.9484996e-02
   1.5386646e-01   1.8143686e-02
   1.5753538e-01   1.7165570e-02
   1.6703103e-01   1.7081029e-02
   1.7585513e-01   1.9435390e-02
   1.7188861e-01   1.9424197e-02
   1.7493823e-01   1.9476129e-02
   1.8126908e-01   1.9937444e-02
   1.8653328e-01   1.9470753e-02
   1.8959805e-01   1.8440746e-02
   2.0007533e-01   2.0347392e-02
   1.9786314e-01   1.7896998e-02
   2.0066632e-01   2.0881588e-02
   2.1846567e-01   1.9887567e-02
   2.2415375e-01   1.9341273e-02
   2.1969715e-01   2.1777965e-02
   2.2810952e-01   2.2653641e-02
   2.3344376e-01   2.1243385e-02
   2.3862753e-01   1.9714121e-02
   2.5553334e-01   2.0745751e-02
   2.6182889e-01   2.3080574e-02
   2.6053931e-01   2.2501406e-02
   3.3712674e-01   2.1318095e-02
   3.3447655e-01   2.4574297e-02
   3.3229105e-01   2.4145047e-02
   3.3199369e-01   2.3194686e-02
   3.2346192e-01   2.2790687e-02
   3.1583545e-01   2.3288889e-02
   3.0600850e-01   2.2886980e-02
   2.9583590e-01   2.3396103e-02
   2.9247639e-01   2.1472697e-02
   2.9083916e-01   2.0606673e-02
   2.7978893e-01   2.2454338e-02
   2.7162553e-01   2.3374444e-02
   2.6415657e-01   2.1167673e-02
   2.6264729e-01   2.0211520e-02
   2.5702470e-01   2.1597161e-02
   2.5650089e-01   2.2605570e-02
   2.4917976e-01   2.1601243e-02
   2.3950343e-01   2.3088558e-02
   2.3684571e-01   1.7894629e-02
   2.3373587e-01   1.8428759e-02
   2.2969538e-01   1.8420692e-02
   2.2409493e-01   2.2171704e-02
   2.2664780e-01   2.1220931e-02
   2.2437730e-01   1.9360010e-02
   2.1906035e-01   2.0770537e-02
   1.9952790e-01   2.7391970e-02
   2.0033712e-01   1.6577974e-02
   1.8853577e-01   1.7514674e-02
   1.8202783e-01   1.7510059e-02
   1.8306634e-01   2.0326838e-02
   1.7052609e-01   2.0994772e-02
   1.6463269e-01   1.9477474e-02
   1.6544299e-01   2.0528332e-02
   1.5594745e-01   1.7609812e-02
   1.3790633e-01   1.9030527e-02
   1.3479717e-01   1.7696056e-02
   1.2311025e-01   1.7199275e-02
   1.1907716e-01   1.5739276e-02
   1.0775616e-01   1.9112039e-02
   1.0120742e-01   2.0036069e-02
   9.3620718e-02   1.9567952e-02
   8.9749832e-02   1.7645177e-02
   7.8632739e-02   1.2922290e-02
   6.1887044e-02   1.5742494e-02
   5.8395450e-02   1.3905296e-02
   3.9077813e-02   1.4769567e-02
   3.7847174e-02   1.7646231e-02
   4.4117330e-02   1.5720398e-02
   3.6699982e-02   1.5786025e-02
   3.0373379e-02   1.5309676e-02
   2.1447504e-02   1.7174486e-02
  -9.5632019e-02   1.1384995e-02
  -9.9420974e-02   8.0625405e-03
  -1.0684846e-01   1.1839335e-02
  -1.1279882e-01   1.1799524e-02
  -1.2155928e-01   1.3678795e-02
  -1.2696416e-01   1.1349335e-02
  -1.3086172e-01   1.1830287e-02
  -1.3425244e-01   9.4335831e-03
  -1.3399498e-01   8.0029043e-03
  -1.4053353e-01   8.0143097e-03
  -1.4790195e-01   1.0354469e-02
  -1.5963604e-01   1.2731428e-02
  -1.7615560e-01   1.2251313e-02
  -1.7691210e-01   9.3954110e-03
  -1.9197210e-01   8.9105977e-03
  -1.9866850e-01   3.2867588e-03
  -1.9970793e-01   7.5042021e-03
  -1.9779109e-01   6.1167270e-03
  -1.9235211e-01   8.9278470e-03
  -1.9464871e-01   1.1732352e-02
  -1.8710925e-01   1.2212297e-02
  -1.8983026e-01   9.8704963e-03
  -1.8909875e-01   7.4913568e-03
  -1.9323672e-01   7.5025619e-03
  -1.9574925e-01   7.0315719e-03
  -1.9785837e-01   8.4191174e-03
  -2.0363022e-01   1.2669742e-02
  -2.0220574e-01   9.3773881e-03
  -2.0016897e-01   7.9413473e-03
  -1.9594561e-01   6.5691409e-03
  -1.9161147e-01   6.0849676e-03
  -1.8822310e-01   6.5685541e-03
  -1.8335916e-01   1.0337864e-02
  -1.8460674e-01   1.1276086e-02
  -1.8083926e-01   1.1280805e-02
  -1.7941790e-01   9.8624991e-03
  -1.7331921e-01   9.4083064e-03
  -1.6814359e-01   7.0530636e-03
  -1.6404107e-01   9.3894233e-03
  -1.6216945e-01   1.0371195e-02
  -1.5225624e-01   1.1336024e-02
  -1.4691696e-01   1.3205633e-02
  -1.4301235e-01   1.2725836e-02
  -1.4554747e-01   8.9532324e-03
  -1.3955675e-01   7.5584511e-03
  -1.3213194e-01   9.9364323e-03
  -1.2709285e-01   1.0887119e-02
  -1.2570407e-01   1.1823377e-02
  -1.2318371e-01   1.2771703e-02
  -1.2683245e-01   1.2283072e-02
  -1.2821162e-01   1.2766744e-02
  -1.2445563e-01   1.0405577e-02
   3.3957470e-02   1.9021932e-02
   4.7900349e-02   1.5242379e-02
   5.1918283e-02   2.0581580e-02
   5.1231913e-02   1.2745532e-02
   6.8138631e-02   1.4769989e-02
   7.9481928e-02   1.7143355e-02
   8.4351571e-02   1.8530539e-02
   8.6618570e-02   1.7525995e-02
   8.9667034e-02   1.6674858e-02
   9.3249455e-02   1.9490642e-02
   1.0105531e-01   1.3330965e-02
   1.0220149e-01   1.5694735e-02
   1.0490681e-01   1.9058492e-02
   9.7130010e-02   1.9029825e-02
   1.0492989e-01   1.6199718e-02
   1.1481896e-01   1.5681500e-02
   1.1949352e-01   1.7524084e-02
   1.2499012e-01   2.0438389e-02
   1.3861958e-01   1.8953788e-02
   1.4679002e-01   1.6638843e-02
   1.5248154e-01   1.8930364e-02
   1.5670218e-01   2.0877231e-02
   1.6224094e-01   2.0928491e-02
   1.6475007e-01   1.9342124e-02
   2.0202101e-01   1.9338547e-02
   2.1129596e-01   1.8410560e-02
   2.1065018e-01   1.9298524e-02
   2.1667554e-01   2.2553221e-02
   2.1563954e-01   2.2108331e-02
   2.1398274e-01   2.0660615e-02
   2.2199349e-01   1.9739942e-02
   2.2808313e-01   1.9234954e-02
   2.2285909e-01   2.0760028e-02
   2.2555365e-01   1.9710879e-02
   2.2974951e-01   2.1618517e-02
   2.3547847e-01   2.2607801e-02
   2.2638006e-01   2.3084910e-02
   2.3656237e-01   2.0229676e-02
   2.3584808e-01   2.0640468e-02
   2.3635632e-01   1.8800188e-02
   2.3146087e-01   2.2127241e-02
   2.2720369e-01   2.2566285e-02
   2.3562441e-01   2.0152003e-02
   2.3606131e-01   2.1599424e-02
   2.3986972e-01   2.0649147e-02
   2.4388862e-01   2.1127132e-02
   2.0976003e-01   2.1697461e-02
   2.0646449e-01   1.8800414e-02
   1.9863572e-01   1.8912282e-02
   1.9695413e-01   2.0294279e-02
   1.9856637e-01   2.2694739e-02
   1.9153160e-01   1.9795620e-02
   1.9549744e-01   2.0277622e-02
   1.9244038e-01   1.7872993e-02
   1.9263812e-01   1.7419527e-02
   1.9320522e-01   1.7942521e-02
   1.8198456e-01   2.0349528e-02
   1.7836144e-01   2.2119093e-02
   1.7311521e-01   2.1790104e-02
   1.7046871e-01   1.8461054e-02
   1.6923074e-01   1.6569780e-02
   1.6890078e-01   1.6064945e-02
   1.6506309e-01   2.0325261e-02
   1.6632311e-01   2.0322670e-02
   1.5591338e-01   2.1719652e-02
   1.4756270e-01   2.0853475e-02
   1.4224761e-01   1.9875501e-02
   1.4006274e-01   1.4702029e-02
   1.3109976e-01   1.4698384e-02
   1.3020046e-01   1.7596885e-02
   1.2347702e-01   2.0874570e-02
   1.1944977e-01   2.1786699e-02
   1.2349252e-01   1.9451304e-02
   1.2064849e-01   1.5612801e-02
   1.1870125e-01   1.8070383e-02
   1.1356438e-01   1.4732413e-02
   1.0460281e-01   1.8051993e-02
   9.0721697e-02   2.0444333e-02
   8.3181209e-02   1.7598786e-02
   8.0901257e-02   1.7653413e-02
   8.1842662e-02   1.7107326e-02
   8.0751794e-02   1.5713760e-02
   7.1991051e-02   1.5735905e-02
   6.9309791e-02   1.9038159e-02
   6.1689955e-02   1.8549525e-02
   5.7982777e-02   1.5713505e-02
   5.5350151e-02   1.6159073e-02
   5.1693364e-02   1.1430450e-02
   3.6518134e-02   1.5707786e-02
   3.0223806e-02   1.4757722e-02
   2.8985222e-02   1.8585024e-02
   3.0221904e-02   1.5709833e-02
   2.3879107e-02   1.5205231e-02
   2.0206655e-02   1.6714300e-02
   1.1313084e-02   1.2355945e-02
   1.1313638e-02   1.1405488e-02
   1.2604951e-03   1.5729883e-02
  -7.5547073e-03   1.7142553e-02
  -2.5110267e-03   1.5667625e-02
  -1.3173476e-01   1.0850842e-02
  -1.4984534e-01   1.6078818e-02
  -1.4847401e-01   1.2284958e-02
  -1.5323502e-01   7.5417268e-03
  -1.5449950e-01   5.6556270e-03
  -1.5477644e-01   1.0861124e-02
  -1.6215420e-01   1.2256866e-02
  -1.7061988e-01   1.1752061e-02
  -1.7331921e-01   9.4083064e-03
  -1.7331921e-01   9.4083064e-03
  -1.7174076e-01   6.5739139e-03
  -1.7617947e-01   9.4240873e-03
  -1.7189658e-01   8.9303977e-03
  -1.8390462e-01   1.0368000e-02
  -1.8836014e-01   1.2680186e-02
  -1.8567458e-01   1.1732902e-02
  -1.8426823e-01   7.9717840e-03
  -1.8697302e-01   5.6309936e-03
  -1.9236493e-01   7.0483003e-03
  -1.9361614e-01   7.9868988e-03
  -1.9738092e-01   8.9225472e-03
  -1.9862177e-01   1.0799350e-02
  -1.9717390e-01   1.0321392e-02
  -2.0096985e-01   6.5651771e-03
  -2.0076219e-01   7.9643155e-03
  -2.0283285e-01   5.6427622e-03
  -1.9718576e-01   8.9139297e-03
  -1.9862177e-01   1.0799350e-02
  -2.0596509e-01   1.0310332e-02
  -2.0637315e-01   1.0330243e-02
  -2.0262668e-01   6.5768602e-03
  -1.9779352e-01   5.6462096e-03
  -1.9904239e-01   7.5271404e-03
  -1.9378514e-01   1.0816270e-02
  -1.8767932e-01   1.0834652e-02
  -1.8749342e-01   1.0824143e-02
  -1.9147025e-01   9.4173422e-03
  -1.8426177e-01   8.9096409e-03
  -1.8301470e-01   7.9728988e-03
  -1.8193763e-01   8.4512409e-03
  -1.7600846e-01   8.9441859e-03
  -1.7457514e-01   9.4070551e-03
  -1.7743057e-01   1.0365093e-02
  -1.7726567e-01   8.9429775e-03
  -1.6610873e-01   9.9056831e-03
  -1.5697476e-01   1.1779740e-02
  -1.5714425e-01   9.9046310e-03
  -1.5727345e-01   1.3219065e-02
  -1.5476915e-01   1.1805570e-02
  -1.5227769e-01   8.0296838e-03
  -1.4835988e-01   7.0805531e-03
  -1.4736895e-01   1.1352355e-02
   2.2713561e-02   1.4311825e-02
   3.2705800e-02   1.6644624e-02
   4.2855421e-02   1.6197324e-02
   4.5284954e-02   1.6639561e-02
   4.9110594e-02   1.5702537e-02
   5.9011002e-02   1.5176488e-02
   6.8066738e-02   1.5707323e-02
   8.4369482e-02   1.5679687e-02
   1.0576959e-01   1.6609096e-02
   9.4610839e-02   1.8556851e-02
   8.0174440e-02   1.8915889e-02
   8.5519120e-02   1.9460317e-02
   9.4172199e-02   1.4204292e-02
   9.9466744e-02   1.7565185e-02
   1.0839901e-01   1.6147774e-02
   1.0449918e-01   1.8034205e-02
   1.0168630e-01   1.7037394e-02
   1.0310401e-01   2.1811144e-02
   1.0585907e-01   1.8525530e-02
   1.0180040e-01   1.5159249e-02
   1.0420420e-01   1.6088307e-02
   1.0587810e-01   1.6150462e-02
   1.0577318e-01   1.6134550e-02
   1.0197727e-01   1.8511757e-02
   1.0817696e-01   1.7063997e-02
   1.1217263e-01   1.7093251e-02
   1.1446631e-01   1.7056639e-02
   1.2326700e-01   1.7519147e-02
   1.1811879e-01   1.7508494e-02
   1.0585907e-01   1.8525530e-02
   1.1456706e-01   1.8496209e-02
   1.1859624e-01   1.6627373e-02
   1.3217146e-01   2.0365996e-02
   1.4340721e-01   1.6072173e-02
   1.4855372e-01   1.8918432e-02
   1.5007856e-01   2.1322513e-02
   1.5736623e-01   1.8902830e-02
   1.6331740e-01   2.0268440e-02
   1.8096680e-01   1.5996648e-02
   1.8252249e-01   2.0267570e-02
   1.8666852e-01   2.0298410e-02
   1.8160766e-01   2.1254531e-02
   1.8143562e-01   2.0761984e-02
   1.8651360e-01   1.8392291e-02
   1.9369816e-01   1.7870359e-02
   2.0309794e-01   1.8374527e-02
   2.0898235e-01   1.8794468e-02
   2.0913643e-01   2.1634534e-02
   2.0811018e-01   2.0246380e-02
   2.1755278e-01   2.0161692e-02
   2.2233388e-01   2.1533226e-02
   2.1518187e-01   2.3474142e-02
