   1.7544134e-02   1.4213845e-02
   1.6308848e-02   1.2330998e-02
   1.7525238e-02   1.5619813e-02
   2.1323990e-02   1.4701483e-02
   1.7525238e-02   1.5619813e-02
   1.6240909e-02   1.6061677e-02
   1.0012321e-02   1.8460964e-02
   1.2541909e-02   1.6599980e-02
   1.7494273e-02   1.2282299e-02
   1.0035406e-02   1.3754511e-02
   6.2597679e-03   1.3727644e-02
   3.7592305e-03   1.5162816e-02
   7.4958040e-03   1.6062712e-02
   1.1254395e-02   1.6551073e-02
   1.5037383e-02   1.4688012e-02
   1.1289171e-02   1.4702976e-02
   1.1279311e-02   1.2793177e-02
   1.2533203e-02   1.1845425e-02
   1.5022107e-02   1.5146868e-02
   1.3768446e-02   1.7040417e-02
   1.3768921e-02   1.6567073e-02
   2.0030683e-02   1.4199416e-02
   2.0068385e-02   1.5650218e-02
   2.2557392e-02   1.3739193e-02
   2.1324624e-02   1.4227242e-02
   1.8703339e-02   1.5558233e-02
   2.2510273e-02   1.5603458e-02
   2.5033538e-02   1.7038106e-02
   2.7483697e-02   1.6531558e-02
   2.5063769e-02   1.3738685e-02
   1.8780809e-02   1.2306346e-02
   2.0033360e-02   1.1832847e-02
   1.9988143e-02   1.6533383e-02
   2.8764034e-02   1.5129121e-02
   3.2611125e-02   1.5647011e-02
   2.7568535e-02   1.4685580e-02
   2.5012203e-02   1.5130068e-02
   2.6339755e-02   1.5648805e-02
   2.8767381e-02   1.3237981e-02
   3.3901992e-02   1.4238247e-02
   2.8819855e-02   1.5632694e-02
   3.1295069e-02   1.5616556e-02
   3.3764313e-02   1.6073132e-02
   4.0176427e-02   1.5659813e-02
   3.7668879e-02   1.4237057e-02
   3.5081506e-02   1.7051730e-02
   3.7480235e-02   1.5583759e-02
   3.8920914e-02   1.5660296e-02
   4.1312059e-02   1.4666791e-02
   5.1332890e-02   1.2770630e-02
   5.0027414e-02   1.4176188e-02
   5.7572999e-02   1.7969685e-02
   5.5019591e-02   1.7008657e-02
   9.5221232e-02   1.7010437e-02
   9.5500296e-02   1.7534586e-02
   9.6565915e-02   1.7498828e-02
   9.8965325e-02   1.8896228e-02
   1.0430010e-01   1.7051431e-02
   1.0282485e-01   1.8910356e-02
   1.0293801e-01   1.7509268e-02
   1.0388918e-01   1.6984616e-02
   1.0014422e-01   1.5572910e-02
   1.0032079e-01   1.8440495e-02
   9.8781680e-02   1.7444777e-02
   1.0003208e-01   1.7443439e-02
   1.0168982e-01   1.6564133e-02
   1.0313009e-01   1.8966212e-02
   1.0910295e-01   1.7957480e-02
   1.0931457e-01   1.8466271e-02
   1.1015136e-01   1.6506005e-02
   1.0283643e-01   1.7492079e-02
   1.0294525e-01   1.6562821e-02
   1.0273505e-01   1.7474924e-02
   1.0649365e-01   1.7470687e-02
   1.0900325e-01   1.6995678e-02
   1.1004665e-01   1.6018726e-02
   1.0524078e-01   1.7472116e-02
   1.0136688e-01   1.9346656e-02
   1.0042365e-01   1.7985323e-02
   1.0284365e-01   1.6546561e-02
   1.0399161e-01   1.7001271e-02
   1.0159620e-01   1.5602277e-02
   1.0158233e-01   1.7493462e-02
   1.0535203e-01   1.6543897e-02
   9.9062964e-02   1.8914787e-02
   9.5398878e-02   1.8464223e-02
   9.1462499e-02   1.7014122e-02
   9.1649474e-02   1.6100516e-02
   9.1562005e-02   1.5611610e-02
   9.3958034e-02   1.8429321e-02
   9.2796730e-02   1.8448768e-02
   8.9295568e-02   1.8981805e-02
   8.9038043e-02   1.7979521e-02
   8.8962738e-02   1.6071137e-02
   8.6542081e-02   1.6089128e-02
   8.7799183e-02   1.5614864e-02
   8.5282025e-02   1.7036682e-02
   8.4030787e-02   1.6564528e-02
   9.0295401e-02   1.7505159e-02
   8.6697766e-02   1.8491552e-02
   8.3859378e-02   1.7476684e-02
   8.2692122e-02   1.7022152e-02
   8.0350223e-02   1.6110186e-02
   8.7631641e-02   1.4639714e-02
   8.7793360e-02   1.6561219e-02
   6.3841940e-02   1.5601581e-02
   6.1461376e-02   1.5160105e-02
   6.1572559e-02   1.7563501e-02
   6.2643322e-02   1.7510766e-02
   6.3893857e-02   1.7983147e-02
   6.0147687e-02   1.5145889e-02
   5.8954560e-02   1.4687726e-02
   5.7474950e-02   1.4158724e-02
   5.7694721e-02   1.6109848e-02
   5.8946970e-02   1.6582916e-02
   5.1365649e-02   1.7991193e-02
   5.1221327e-02   1.6049929e-02
   5.0024406e-02   1.5121267e-02
   4.8918238e-02   1.5166608e-02
   4.8820307e-02   1.5609760e-02
   5.0220534e-02   1.5655407e-02
   4.7803974e-02   1.5687590e-02
   5.6268046e-02   1.7480366e-02
   5.0123073e-02   1.5151075e-02
   4.6272576e-02   1.5122960e-02
   5.1325533e-02   1.5135561e-02
   4.8970955e-02   1.3758313e-02
   4.8868450e-02   1.5625147e-02
   4.8911750e-02   1.7062433e-02
   4.8915089e-02   1.6114520e-02
   5.0021205e-02   1.6066347e-02
   5.6388457e-02   1.5147944e-02
   4.8868450e-02   1.5625147e-02
   4.7666807e-02   1.4219228e-02
   4.8823343e-02   1.4663714e-02
   5.1175837e-02   1.4619393e-02
   5.0068802e-02   1.6555171e-02
   5.0169322e-02   1.6113900e-02
   5.2580543e-02   1.4189017e-02
   5.3885556e-02   1.4202413e-02
   4.8767365e-02   1.7012077e-02
   4.8765640e-02   1.7484635e-02
   5.0124610e-02   1.4677604e-02
   4.6271118e-02   1.5595553e-02
   4.6316702e-02   1.5610913e-02
   4.6316702e-02   1.5610913e-02
   4.8918238e-02   1.5166608e-02
   4.6403455e-02   1.7063698e-02
   4.5107867e-02   1.6100399e-02
   4.5064899e-02   1.5611466e-02
   4.7572872e-02   1.4191222e-02
   4.8679455e-02   1.4620522e-02
   4.2559908e-02   1.6085635e-02
   4.6225623e-02   1.5580223e-02
   4.3765584e-02   1.7014518e-02
   4.1433256e-02   1.5184791e-02
   4.1308146e-02   1.6086158e-02
   2.0049844e-02   1.4687211e-02
   2.0028192e-02   1.6092671e-02
   1.6256348e-02   1.6550367e-02
   1.6273950e-02   1.5146684e-02
   2.0009762e-02   1.5131125e-02
   2.7596573e-02   1.4225888e-02
   2.7542189e-02   1.4197842e-02
   2.1279241e-02   1.6565719e-02
   2.3806930e-02   1.6107730e-02
   2.2532449e-02   1.5618841e-02
   2.4987609e-02   1.5115182e-02
   2.3787118e-02   1.3725401e-02
   2.6316958e-02   1.3738411e-02
   3.1327881e-02   1.4684571e-02
   2.8791463e-02   1.5617285e-02
   2.7564041e-02   1.7054221e-02
   3.2515864e-02   1.5128042e-02
   3.1362358e-02   1.2802418e-02
   3.5157621e-02   1.4237864e-02
   3.8771246e-02   1.4180580e-02
   3.6377300e-02   1.4223410e-02
   3.6333127e-02   1.7524903e-02
   3.8801984e-02   1.7033462e-02
   4.2687454e-02   1.5658803e-02
   4.3767090e-02   1.6541892e-02
   5.1434267e-02   1.2795827e-02
   5.0172552e-02   1.5166023e-02
   5.1270020e-02   1.6538237e-02
   5.1410395e-02   1.9430700e-02
   5.3822106e-02   1.7026118e-02
   5.2633915e-02   1.3729567e-02
   5.3880598e-02   1.5622654e-02
   5.7526254e-02   1.5589909e-02
   6.3716399e-02   1.5570946e-02
   6.3833258e-02   1.7492681e-02
   6.1388215e-02   1.7984895e-02
   6.3833258e-02   1.7492681e-02
   6.7657191e-02   1.7034058e-02
   6.9119263e-02   1.6134511e-02
   7.0174454e-02   1.4666649e-02
   7.2737962e-02   1.7520656e-02
   7.2673786e-02   1.6084221e-02
   7.0306445e-02   1.6117727e-02
   7.7614221e-02   1.5119692e-02
   8.2782086e-02   1.5618993e-02
   8.1364530e-02   1.6061708e-02
   8.0268215e-02   1.6567693e-02
   8.0186300e-02   1.7024300e-02
   8.3859378e-02   1.7476684e-02
   8.6274534e-02   1.7929063e-02
   5.4965506e-02   1.6991947e-02
   5.7520482e-02   1.7007174e-02
   4.7657602e-02   1.7063074e-02
   4.6325997e-02   1.2299507e-02
   4.4976282e-02   1.5580773e-02
   4.6269615e-02   1.6068145e-02
   4.7613860e-02   1.6099239e-02
   5.0019532e-02   1.6538886e-02
   5.2627561e-02   1.5623300e-02
   5.3726584e-02   1.4160552e-02
   5.2572242e-02   1.6553853e-02
   5.6494346e-02   1.6600774e-02
   6.1392636e-02   1.7038322e-02
   5.9953554e-02   1.8876583e-02
   5.7469694e-02   1.5574596e-02
   5.2525626e-02   1.5120066e-02
   5.0225173e-02   1.4232188e-02
   5.5135380e-02   1.5148599e-02
   5.3823962e-02   1.6553170e-02
   5.3818238e-02   1.7972013e-02
   5.8774916e-02   1.6061607e-02
   5.1371124e-02   1.6570836e-02
   5.0068802e-02   1.6555171e-02
   4.1312059e-02   1.4666791e-02
   4.6323565e-02   1.3245623e-02
   3.8838860e-02   1.7523879e-02
   4.1351535e-02   1.5154843e-02
   3.6265374e-02   1.6072259e-02
   3.1264269e-02   1.5601180e-02
   3.2578966e-02   1.5631575e-02
   3.1299706e-02   1.3250411e-02
   3.2516857e-02   1.4655291e-02
   3.3802747e-02   1.3722947e-02
   2.2487412e-02   1.6060472e-02
   2.2556744e-02   1.4212959e-02
   1.6290498e-02   1.4687833e-02
   1.7528755e-02   1.2306519e-02
   1.3770686e-02   1.4673693e-02
   2.0028192e-02   1.6092671e-02
   1.8739510e-02   1.6061242e-02
   1.9990697e-02   1.4643854e-02
   2.1301632e-02   1.5634521e-02
   1.7507422e-02   1.6077288e-02
   2.0031257e-02   1.3726102e-02
   2.0010374e-02   1.4658277e-02
   1.7544638e-02   1.3740050e-02
   1.8757952e-02   1.6077062e-02
   1.8778765e-02   1.4199630e-02
   2.0049229e-02   1.5160992e-02
   2.2487412e-02   1.6060472e-02
   1.6289483e-02   1.5635435e-02
   1.8777634e-02   1.5146272e-02
   2.8793253e-02   1.4670783e-02
   2.8790526e-02   1.6090536e-02
   3.0015561e-02   1.4656002e-02
   2.6235314e-02   1.6059562e-02
   2.2578342e-02   1.4701232e-02
   2.2534518e-02   1.4198946e-02
   2.1283211e-02   1.3725882e-02
   2.2466757e-02   1.5100880e-02
   2.7538764e-02   1.6090888e-02
   2.1343028e-02   1.6140152e-02
   2.3808460e-02   1.5160216e-02
   2.5009766e-02   1.6548512e-02
   2.8819855e-02   1.5632694e-02
   3.2482870e-02   1.5585449e-02
   3.2546871e-02   1.5616169e-02
   3.6373947e-02   1.5645751e-02
   3.5087227e-02   1.4683434e-02
   3.5083897e-02   1.6104412e-02
   3.7625726e-02   1.6593501e-02
   3.3794078e-02   1.7508587e-02
   3.3866473e-02   1.5172467e-02
   3.5054700e-02   1.3722580e-02
   3.6375100e-02   1.5171638e-02
   4.1346061e-02   1.7049199e-02
   4.5101546e-02   1.7994563e-02
   4.9975218e-02   1.5106407e-02
   5.1273400e-02   1.5593195e-02
   4.2643924e-02   1.6117389e-02
   4.1312059e-02   1.4666791e-02
   4.6322282e-02   1.3718681e-02
   4.8826190e-02   1.3717668e-02
   5.7516356e-02   1.7952017e-02
   5.5180523e-02   1.7532843e-02
   5.3877032e-02   1.6569482e-02
   5.5128082e-02   1.7042174e-02
   5.1275016e-02   1.5120674e-02
   5.2477128e-02   1.4161134e-02
   5.3829218e-02   1.5134327e-02
   6.0149532e-02   1.4672580e-02
   6.7524044e-02   1.7000588e-02
   6.2705140e-02   1.7528027e-02
   6.1446483e-02   1.8476378e-02
   5.8890827e-02   1.6093250e-02
   5.6388457e-02   1.5147944e-02
   5.6444121e-02   1.5162883e-02
   5.8838388e-02   1.4658818e-02
   5.5128082e-02   1.7042174e-02
   5.1372849e-02   1.6097383e-02
   5.3979689e-02   1.7550898e-02
   5.3935493e-02   1.5164183e-02
   1.0388918e-01   1.6984616e-02
   9.9066779e-02   1.8441918e-02
   9.4926460e-02   1.8844988e-02
   9.2617433e-02   1.7940455e-02
   9.1300031e-02   1.4150641e-02
   9.4153977e-02   1.7045151e-02
   9.4160418e-02   1.6098198e-02
   1.0012321e-01   1.8404348e-02
   9.3875767e-02   1.6994996e-02
   9.2806910e-02   1.7029632e-02
   9.2987130e-02   1.7537151e-02
   8.7799183e-02   1.5614864e-02
   8.8962738e-02   1.6071137e-02
   8.5206528e-02   1.5601611e-02
   8.9214107e-02   1.8014949e-02
   8.5181986e-02   1.9383820e-02
   8.6352957e-02   1.8891224e-02
   8.2764651e-02   1.8458810e-02
   8.6382321e-02   1.4168418e-02
   8.2705606e-02   1.4657964e-02
   8.2779382e-02   1.6092296e-02
   8.0350223e-02   1.6110186e-02
   8.0338919e-02   1.8005502e-02
   7.8921715e-02   1.8917055e-02
   7.6427568e-02   1.7027399e-02
   8.0112768e-02   1.6062712e-02
   8.0036528e-02   1.5574980e-02
   7.4143614e-02   1.6605355e-02
   8.0183452e-02   1.7497197e-02
   8.0191764e-02   1.6078506e-02
   8.0180526e-02   1.7970094e-02
   8.6362643e-02   1.7474383e-02
   8.0025665e-02   1.7462857e-02
   8.4113804e-02   1.6580840e-02
   7.7690763e-02   1.5134562e-02
   7.3926782e-02   1.6083307e-02
   7.2443878e-02   1.8866920e-02
   7.3919120e-02   1.7502422e-02
   7.4002168e-02   1.5625641e-02
   7.1413387e-02   1.7504394e-02
   7.5256442e-02   1.5624737e-02
   7.1420790e-02   1.6085119e-02
   6.8910102e-02   1.7033156e-02
   7.0229757e-02   1.7522600e-02
   6.6406574e-02   1.6561750e-02
   6.1340271e-02   1.5130274e-02
   6.6415108e-02   1.4668979e-02
   6.2653841e-02   1.5144446e-02
   6.2643322e-02   1.7510766e-02
   6.2773612e-02   1.6122728e-02
   5.2572242e-02   1.6553853e-02
   5.6327402e-02   1.6551756e-02
   4.1297616e-02   1.9398014e-02
   4.2607184e-02   1.4207202e-02
   4.6455469e-02   1.5182714e-02
   4.8818718e-02   1.6082783e-02
   5.2574004e-02   1.6080886e-02
   5.0118169e-02   1.6571489e-02
   4.7562035e-02   1.7502507e-02
   4.3767090e-02   1.6541892e-02
   4.0134107e-02   1.6592498e-02
   4.2478936e-02   1.5109652e-02
   4.8682277e-02   1.3677263e-02
   4.6413753e-02   1.3745757e-02
   5.0073691e-02   1.5136157e-02
   5.0162278e-02   1.8009653e-02
   5.0010442e-02   1.8901584e-02
   4.8817082e-02   1.6555806e-02
   5.1322242e-02   1.6081534e-02
   5.2478627e-02   1.3689096e-02
   4.8772259e-02   1.5594404e-02
   5.3877032e-02   1.6569482e-02
   5.6323463e-02   1.7497571e-02
   5.3875171e-02   1.7042895e-02
   5.2520508e-02   1.6537572e-02
   4.5109338e-02   1.5626858e-02
   4.3990500e-02   1.4248873e-02
   4.5067701e-02   1.4665317e-02
   4.3940047e-02   1.6607262e-02
   4.7515239e-02   1.7485287e-02
   4.5106352e-02   1.6573940e-02
   4.2688810e-02   1.5184294e-02
   4.1310795e-02   1.5139913e-02
   3.8805885e-02   1.5614007e-02
   4.0019525e-02   1.5125490e-02
   3.5080260e-02   1.7525389e-02
   3.2545812e-02   1.6089386e-02
   3.1325929e-02   1.5631963e-02
   2.7541373e-02   1.4671104e-02
   3.1328811e-02   1.4210875e-02
   3.0075659e-02   1.4211214e-02
   2.5085481e-02   1.5649118e-02
   2.5032650e-02   1.7511387e-02
   2.8763127e-02   1.5601906e-02
   2.6261986e-02   1.5602572e-02
   2.8791463e-02   1.5617285e-02
   2.8820767e-02   1.5158976e-02
   2.6340590e-02   1.5174599e-02
   2.2531716e-02   1.6092139e-02
   2.3785003e-02   1.5145270e-02
   2.7567690e-02   1.5159308e-02
   2.2533851e-02   1.4672245e-02
   2.1302306e-02   1.5160748e-02
   3.3798674e-02   1.5615767e-02
   2.8763127e-02   1.5601906e-02
   3.5119673e-02   1.5646186e-02
   3.6298630e-02   1.7034455e-02
   3.8846573e-02   1.4682169e-02
   3.5048161e-02   1.6561734e-02
   4.0056384e-02   1.6086666e-02
   3.2544721e-02   1.6562604e-02
   3.7666597e-02   1.5186194e-02
   4.0098458e-02   1.5155323e-02
   4.5066322e-02   1.5138391e-02
   4.6228486e-02   1.4635967e-02
   4.3893598e-02   1.7538921e-02
   4.3802224e-02   1.8923642e-02
   4.7570006e-02   1.5137303e-02
   4.5024673e-02   1.4178277e-02
   4.3726941e-02   1.5581309e-02
   4.3805542e-02   1.7977460e-02
   5.0075223e-02   1.4663152e-02
   5.2672317e-02   1.7534313e-02
   4.7556701e-02   1.8921629e-02
   4.8906385e-02   1.8484303e-02
   5.8838388e-02   1.4658818e-02
   6.1275976e-02   1.6060114e-02
   6.0086532e-02   1.5603829e-02
   5.6271973e-02   1.6535481e-02
   5.5124112e-02   1.7988962e-02
   5.3827518e-02   1.5607275e-02
   5.7584744e-02   1.5132366e-02
   5.6378990e-02   1.7514810e-02
   6.1275976e-02   1.6060114e-02
   6.8914797e-02   1.6086869e-02
   6.7661801e-02   1.6087721e-02
   7.0027345e-02   1.6526590e-02
   7.1340455e-02   1.7959812e-02
   7.0157960e-02   1.7978473e-02
   6.7535011e-02   1.4639395e-02
   7.0024934e-02   1.6998778e-02
   7.3860955e-02   1.4649778e-02
   7.3776270e-02   1.6995941e-02
   6.7524044e-02   1.7000588e-02
   6.9960837e-02   1.6038648e-02
   7.1212446e-02   1.5566074e-02
   6.8846910e-02   1.6071051e-02
   6.5087198e-02   1.7019056e-02
   5.8948954e-02   1.6109119e-02
   6.0092049e-02   1.4185299e-02
   5.5079321e-02   1.5606616e-02
   5.7745713e-02   1.7548610e-02
   5.6430444e-02   1.8479763e-02
   5.3774542e-02   1.5591926e-02
   5.2832446e-02   1.6635743e-02
   1.6291902e-02   1.3266430e-02
   2.1259703e-02   1.5603723e-02
   1.8742367e-02   1.3699294e-02
   2.2532449e-02   1.5618841e-02
   2.7564993e-02   1.6580493e-02
   3.1260025e-02   1.7492232e-02
   3.5081506e-02   1.7051730e-02
   3.3795276e-02   1.7035382e-02
   3.6301098e-02   1.6088096e-02
   3.8884923e-02   1.4696664e-02
   3.8844152e-02   1.5629406e-02
   4.3856301e-02   1.5627398e-02
   4.8813668e-02   1.7501853e-02
   5.5184398e-02   1.6585122e-02
   5.5079321e-02   1.5606616e-02
   5.7575096e-02   1.7496798e-02
   5.6331123e-02   1.5605942e-02
   5.6218530e-02   1.6047260e-02
   5.7586507e-02   1.4659480e-02
   5.8890827e-02   1.6093250e-02
   6.0023438e-02   1.6533247e-02
   6.3902812e-02   1.6090184e-02
   7.5092408e-02   1.8429304e-02
   7.3933800e-02   1.4664191e-02
   7.6497473e-02   1.7991062e-02
   7.6349583e-02   1.7483186e-02
   7.8861006e-02   1.6063700e-02
   7.2666253e-02   1.7503416e-02
   7.2523259e-02   1.7469039e-02
   7.2461788e-02   1.5565209e-02
   7.3711129e-02   1.5564330e-02
   7.1413387e-02   1.7504394e-02
   6.6278097e-02   1.6056942e-02
   6.3910775e-02   1.4197221e-02
   6.1455352e-02   1.6581365e-02
   6.0023438e-02   1.6533247e-02
   5.8715171e-02   1.6517769e-02
   5.8776825e-02   1.5589207e-02
   5.7637830e-02   1.6093978e-02
   5.3880598e-02   1.5622654e-02
   5.5082746e-02   1.4660760e-02
   5.3825766e-02   1.6080223e-02
   5.3983486e-02   1.6602201e-02
   5.3827518e-02   1.5607275e-02
   5.6440487e-02   1.6110563e-02
   4.8866856e-02   1.6098636e-02
   4.7615413e-02   1.5625732e-02
   5.1276583e-02   1.4648153e-02
   5.0025934e-02   1.4648728e-02
   5.0070480e-02   1.6082167e-02
   5.7755448e-02   1.5177177e-02
