  -3.9667003e-01   6.6127224e-03
   5.4463110e-02  -1.2664967e-01
   8.7065861e-02  -1.4716297e-01
   9.4200748e-02  -1.2160359e-01
   6.1588962e-02  -1.1826235e-01
   1.1111209e-01  -1.2534201e-01
   1.6225970e-01  -1.1800248e-01
   1.5062029e-01  -1.0648743e-01
   1.8397938e-01  -1.1179618e-01
   1.8112114e-01  -9.3348758e-02
   2.1509768e-01  -9.2680557e-02
   2.1778199e-01  -8.8241500e-02
   2.1973956e-01  -8.1577521e-02
   2.3923981e-01  -7.5269200e-02
   2.7493096e-01  -6.8067872e-02
   3.0084503e-01  -6.1181381e-02
   3.2049553e-01  -6.7985058e-02
   3.3840829e-01  -7.8323950e-02
   3.4993866e-01  -6.0506384e-02
   3.6130645e-01  -6.3424401e-02
   3.7702663e-01  -5.4904706e-02
   3.8340356e-01  -4.5510566e-02
   3.7677168e-01  -3.7517017e-02
   3.8919082e-01  -2.5182145e-02
   4.0267523e-01  -2.9348602e-02
   4.1369037e-01  -2.4189033e-02
   4.2861171e-01  -1.7579851e-02
   4.2935025e-01   0.0000000e+00
   4.3921884e-01  -4.6007815e-04
   4.2134830e-01   1.6187150e-02
   4.3385926e-01   8.6474249e-03
   4.2964106e-01   2.1931978e-02
   4.3033274e-01   2.4569857e-02
   4.4107301e-01   2.0381849e-02
   4.3087085e-01   2.9451136e-02
   4.1709670e-01   3.4125078e-02
   3.8186458e-01   4.2765851e-02
   3.8169231e-01   3.9999821e-02
   3.8744820e-01   4.8448794e-02
   4.1555867e-01   4.7562425e-02
   4.2207708e-01   4.9969888e-02
   3.9600851e-01   5.9725340e-02
   3.8557505e-01   6.0230442e-02
   3.8126634e-01   6.4487413e-02
   3.6066986e-01   7.0722663e-02
   3.4269314e-01   6.9038683e-02
   3.3059978e-01   7.5621729e-02
  -1.6603982e-01   1.2630458e-01
  -1.6091915e-01   1.0988127e-01
  -1.6055780e-01   1.1103584e-01
  -1.9795132e-01   1.0071104e-01
  -2.1209449e-01   8.8637559e-02
  -2.1987274e-01   7.5665358e-02
  -2.4270938e-01   6.8012031e-02
  -2.5410879e-01   6.2351229e-02
  -2.5469570e-01   4.4039212e-02
  -2.6096674e-01   4.2736136e-02
  -2.6341725e-01   3.6298051e-02
  -2.7247778e-01   2.2668960e-02
  -2.7000025e-01   1.7370756e-02
  -2.5941022e-01   1.0622447e-02
  -2.6934758e-01   3.3677125e-03
  -2.7631256e-01   0.0000000e+00
  -2.6524944e-01  -1.1913160e-02
  -2.7823247e-01  -2.0467963e-02
  -2.8877444e-01  -2.4481114e-02
  -2.7126019e-01  -3.3663059e-02
  -2.6870481e-01  -3.6455234e-02
  -2.7598790e-01  -2.4787729e-02
  -2.6126986e-01  -4.3705001e-02
  -2.7984059e-01  -4.6334004e-02
  -2.6938047e-01  -3.8725311e-02
  -2.6163768e-01  -4.2688539e-02
  -2.4411442e-01  -5.5581408e-02
  -2.0629589e-01  -6.8625830e-02
  -2.0055013e-01  -8.1716119e-02
  -2.0649883e-01  -8.6933698e-02
  -2.0336648e-01  -8.6704946e-02
  -1.9167001e-01  -9.0028314e-02
  -2.3060917e-01  -9.4489562e-02
  -1.4894028e-01  -1.1699436e-01
  -1.3300852e-01  -1.0223806e-01
  -1.6182721e-01  -1.0561023e-01
  -1.4816553e-01  -1.0527536e-01
  -1.4681236e-01  -1.1726719e-01
  -8.8081532e-02  -1.2589184e-01
  -8.3804168e-02  -1.0679958e-01
  -7.5858001e-02  -1.2924580e-01
  -6.2666776e-02  -1.0917203e-01
  -3.3513122e-02  -1.2918254e-01
  -4.1174442e-02  -1.1026159e-01
  -1.3691467e-02  -1.0901846e-01
  -1.0084408e-02  -1.1876903e-01
  -4.9521751e-03  -1.1195105e-01
   3.6165288e-01   3.1563978e-02
   3.6109077e-01   3.5191319e-02
   3.8115678e-01   3.8833463e-02
   3.7942401e-01   3.8392265e-02
   3.6486491e-01   4.1252859e-02
   3.4265946e-01   4.3549182e-02
   3.3884866e-01   4.5152733e-02
   3.5366785e-01   4.0761777e-02
   3.5602856e-01   4.0400661e-02
   3.4455733e-01   5.4611724e-02
   3.6098245e-01   6.2916891e-02
   3.6047729e-01   6.4255073e-02
   3.3126907e-01   5.4397727e-02
   3.0540445e-01   5.4577732e-02
   2.8425729e-01   6.7899686e-02
   2.7717265e-01   6.2598408e-02
   2.7502090e-01   6.9394722e-02
   2.7311285e-01   6.3810440e-02
   2.6170038e-01   6.6504273e-02
   2.3662777e-02   1.4880126e-01
   1.3796230e-01   8.4892358e-02
   7.0361185e-02   9.7938777e-02
   7.4831557e-02   1.1217574e-01
   1.7416071e-02   1.0339664e-01
   1.3593251e-02   9.0291675e-02
  -2.4291510e-02   1.3235490e-01
  -2.8428470e-02   1.0669179e-01
  -4.9352777e-02   1.2110517e-01
  -3.8424846e-02   1.0246594e-01
  -4.5755862e-02   1.0319688e-01
  -6.4516157e-02   1.0247920e-01
  -9.9258045e-02   9.8595674e-02
  -9.4511925e-02   1.0156837e-01
  -1.0849024e-01   9.4776414e-02
  -1.2244853e-01   8.6943495e-02
  -1.4011427e-01   7.7600567e-02
  -1.3635558e-01   7.4694817e-02
  -1.1794664e-01   6.8203530e-02
  -1.2819791e-01   6.6497109e-02
  -1.2707360e-01   5.8846314e-02
  -1.2708935e-01   5.4482828e-02
  -1.2375759e-01   4.2802840e-02
  -1.7638349e-01   1.9727337e-02
  -3.0302134e-02  -1.0846071e-01
   1.3370380e-02  -1.2129591e-01
   2.0813131e-02  -1.2069847e-01
   4.5148935e-02  -1.2527793e-01
   4.3347209e-02  -1.0889332e-01
   3.6212149e-02  -1.1736628e-01
   7.2155831e-02  -1.0585646e-01
   1.0203781e-01  -1.0278224e-01
   1.0290449e-01  -1.1283069e-01
   9.6797239e-02  -9.9010899e-02
   1.2107504e-01  -1.0553371e-01
   1.3245554e-01  -9.8849186e-02
   1.5231157e-01  -9.7358206e-02
   1.5575791e-01  -9.8637645e-02
   1.6714587e-01  -1.0513452e-01
   1.9521694e-01  -9.6167000e-02
   2.0441918e-01  -9.5203055e-02
   1.9980182e-01  -9.1018566e-02
   2.1376172e-01  -8.7091937e-02
   2.1309198e-01  -8.2477616e-02
   2.2660410e-01  -7.4356807e-02
   2.2345217e-01  -6.6211866e-02
   2.3269196e-01  -7.3160403e-02
   2.4427117e-01  -5.6395855e-02
   2.5976758e-01  -4.9540536e-02
   2.4840011e-01  -4.1207169e-02
   2.3664338e-01  -3.7935831e-02
   2.3108173e-01  -3.5224907e-02
   2.4171477e-01  -3.5421506e-02
   2.5264848e-01  -3.1922219e-02
   2.5528566e-01  -3.6894975e-02
   2.5879029e-01  -1.4862465e-02
   2.5796701e-01  -1.7777413e-02
   2.4432322e-01  -1.3919687e-02
   2.3408156e-01  -1.9228045e-03
   2.2996936e-01  -4.8048722e-04
   2.4033892e-01   8.1150334e-03
   2.4280100e-01   2.6748056e-02
   2.7159171e-01   1.2314707e-02
   2.6672965e-01   2.4697321e-02
   2.4206943e-01   5.4558039e-02
   2.6741212e-01   4.1521521e-02
   2.6623702e-01   5.4753604e-02
   2.6085993e-01   5.8754419e-02
   2.5803487e-01   6.2696461e-02
  -2.3036844e-01   1.0236017e-01
  -2.3273992e-01   9.8069343e-02
  -2.5462678e-01   9.2222154e-02
  -2.7359046e-01   9.8866764e-02
  -2.6717676e-01   8.7403896e-02
  -2.8300103e-01   8.3324455e-02
  -3.0189555e-01   7.4243179e-02
  -2.9432291e-01   7.5386107e-02
  -3.1791511e-01   7.8911353e-02
  -3.0871978e-01   6.3918540e-02
  -3.2560678e-01   6.7411837e-02
  -3.2841040e-01   4.6360307e-02
  -3.3090769e-01   4.2259063e-02
  -3.4174980e-01   2.9204967e-02
  -3.5383989e-01   2.7139946e-02
  -3.4713687e-01   1.8974917e-02
  -3.6070574e-01   2.3700828e-02
  -3.4577489e-01   1.1899551e-02
  -3.4930835e-01   2.8393407e-03
  -3.4221689e-01  -2.8491888e-03
  -3.3728277e-01  -4.7386963e-04
  -3.2076420e-01  -2.0481493e-02
  -3.1714795e-01  -2.1947486e-02
  -3.1874722e-01  -2.2168064e-02
  -3.2544000e-01  -2.3012245e-02
  -3.1832774e-01  -2.4974228e-02
  -3.0531344e-01  -3.6403406e-02
  -2.9061477e-01  -4.2140897e-02
  -2.8219056e-01  -5.6190759e-02
  -2.8768457e-01  -5.6953795e-02
  -2.7050500e-01  -6.3454976e-02
  -2.4726605e-01  -6.5520313e-02
  -2.3145581e-01  -7.2695398e-02
  -2.5534093e-01  -7.3478642e-02
  -1.8659968e-01  -8.7475331e-02
  -2.3132251e-01  -7.5300125e-02
  -2.1601410e-01  -8.9886630e-02
  -1.7821096e-01  -7.6648959e-02
  -1.3015126e-01  -1.0974543e-01
  -1.6157991e-01  -8.5381869e-02
  -1.4412382e-01  -1.0558177e-01
  -1.4627912e-01  -1.0273346e-01
  -9.2599456e-02  -9.2522437e-02
  -6.2365606e-02  -1.1564635e-01
  -6.6194646e-02  -9.9102310e-02
  -5.7785531e-02  -1.1304727e-01
  -5.9563947e-02  -1.0480269e-01
  -3.1680600e-02  -1.0027325e-01
   4.2992802e-01  -1.5629245e-02
   4.4727910e-01  -1.0571328e-02
   4.6142304e-01  -1.1907936e-02
   4.6333751e-01  -2.2912940e-03
   4.6064819e-01  -4.5717748e-04
   4.5540851e-01   1.6119122e-02
   4.5646928e-01   2.1638658e-02
   4.6562026e-01   1.3851662e-02
   4.7146093e-01   2.4557518e-02
   4.6908712e-01   1.9937404e-02
   4.5574492e-01   1.9360430e-02
   4.3567693e-01   3.1495918e-02
   4.3685537e-01   3.1200511e-02
   4.3503808e-01   4.3641979e-02
   4.3384810e-01   4.8126310e-02
   4.4593116e-01   4.5310149e-02
   4.2279107e-01   5.9072636e-02
   3.9463982e-01   5.7661129e-02
   4.0011929e-01   5.8674348e-02
   3.9082606e-01   6.4373701e-02
   3.8330551e-01   7.3830153e-02
   3.7224764e-01   8.5303300e-02
   3.7156507e-01   8.1089468e-02
   3.4759000e-01   9.2092864e-02
   3.4939352e-01   8.3033285e-02
   3.1127629e-01   8.0538855e-02
   3.0765069e-01   1.1477780e-01
   2.9922167e-01   9.7942529e-02
   2.9372195e-01   9.1276354e-02
   2.5603791e-01   1.2083826e-01
   2.4790935e-01   1.0720861e-01
   2.4332938e-01   1.1197170e-01
   2.0741306e-01   1.2478265e-01
   2.1630595e-01   1.2491584e-01
   1.9802731e-01   1.2613827e-01
   1.6944008e-01   1.2021262e-01
   1.3490043e-01   1.2589558e-01
   1.0640662e-01   1.2893694e-01
   5.5785774e-02   1.3154064e-01
   4.0500252e-02   1.3295721e-01
   0.0000000e+00   1.3514077e-01
   2.2859714e-02   1.2444130e-01
  -3.8339799e-03   1.2636775e-01
  -5.4144836e-02   1.4395683e-01
  -8.7976719e-02   1.3022098e-01
  -1.3169053e-01   1.3434471e-01
  -1.4549193e-01   1.4859548e-01
  -1.3297361e-01   1.2368674e-01
  -1.5427672e-01   1.0898339e-01
  -3.0244137e-01  -1.0272751e-01
  -2.9849074e-01  -9.8080597e-02
  -2.8740442e-01  -8.9987054e-02
  -2.7194104e-01  -9.3789888e-02
  -2.6802857e-01  -9.6326330e-02
  -2.2611232e-01  -9.7790706e-02
  -2.1043191e-01  -9.0359776e-02
  -1.8546772e-01  -8.7285446e-02
  -1.5773088e-01  -8.1612692e-02
  -1.3296855e-01  -8.9703460e-02
  -1.0044014e-01  -7.9104973e-02
  -6.6715085e-02  -8.0448766e-02
  -3.2997009e-02  -8.0215334e-02
   0.0000000e+00  -7.8696538e-02
   1.5281315e-02  -8.5044567e-02
   1.2741323e-02  -8.9138217e-02
   2.3784714e-02  -9.8010266e-02
   5.4716225e-02  -9.2482446e-02
   9.1045237e-02  -9.6138803e-02
   1.1065084e-01  -9.2762317e-02
   1.4189404e-01  -9.1241968e-02
   1.2671951e-01  -8.9269913e-02
   1.6632624e-01  -9.2148138e-02
   2.1053282e-01  -8.1050124e-02
   2.4776368e-01  -8.9098357e-02
   3.0994111e-01  -9.6494380e-02
   2.3632969e-01  -7.8143000e-02
   2.6953497e-01  -1.0088636e-01
   3.4385513e-01  -8.1565777e-02
   3.6816179e-01  -8.8905646e-02
   3.5741650e-01  -7.2231941e-02
   4.1924108e-01  -8.1331897e-02
   4.1248256e-01  -5.6097224e-02
   4.1430073e-01  -5.9072308e-02
   4.1551974e-01  -5.1735518e-02
   4.5982850e-01  -6.7656621e-02
   4.5398042e-01  -5.8858568e-02
   4.5549584e-01  -4.9097636e-02
   4.6829134e-01  -4.8877456e-02
   4.9437722e-01  -4.6713389e-02
   4.9849052e-01  -4.7022208e-02
   4.8137451e-01  -3.4018604e-02
   4.8360206e-01  -2.4107821e-02
   4.8251063e-01  -2.1560470e-02
   4.9033728e-01  -2.2317271e-02
   4.8718585e-01  -1.9976064e-02
   4.8558128e-01  -1.2770122e-02
   4.8311832e-01  -4.0743659e-03
   5.1549289e-01   5.4570981e-03
   8.1805112e-02   1.4700358e-01
   7.0971334e-02   1.3944656e-01
   3.0576407e-02   1.5254080e-01
   3.8185536e-03   1.5410449e-01
  -2.0372998e-02   1.5693967e-01
  -2.0471383e-02   1.4166067e-01
  -4.2127071e-02   1.3042297e-01
  -7.3521376e-02   1.3444075e-01
  -9.1185069e-02   1.4572124e-01
  -9.9424512e-02   1.4226971e-01
  -1.0424169e-01   1.3586426e-01
  -1.3342197e-01   1.2828082e-01
  -1.4822139e-01   1.3220156e-01
  -1.8570230e-01   1.3382341e-01
  -2.2485735e-01   1.4398619e-01
  -2.3618717e-01   1.4005101e-01
  -2.6077149e-01   1.3833448e-01
  -2.6734153e-01   1.3919897e-01
  -2.8585966e-01   1.3298437e-01
  -3.1176955e-01   1.3742124e-01
  -3.2303731e-01   1.5054716e-01
  -3.3085945e-01   1.4788849e-01
  -3.5212512e-01   1.3722478e-01
  -3.5559075e-01   1.2719151e-01
  -3.6127631e-01   1.2474656e-01
  -3.6760580e-01   1.1071612e-01
  -3.6918102e-01   1.1187102e-01
  -3.7215341e-01   1.0158775e-01
  -3.6466326e-01   9.9461653e-02
  -3.7529720e-01   9.6417131e-02
  -3.7362858e-01   7.7607176e-02
  -3.6531135e-01   6.5311839e-02
  -3.6862610e-01   5.6528211e-02
  -3.4740724e-01   4.5571324e-02
  -3.2737633e-01   3.2148587e-02
  -3.3831519e-01   1.5098545e-02
  -3.5402817e-01   2.4109008e-02
  -3.3986608e-01   3.7890299e-03
  -3.2327952e-01  -4.7176936e-03
  -3.2288839e-01  -1.0369049e-02
  -3.3251187e-01  -1.6093000e-02
  -3.4361888e-01  -2.2174413e-02
  -3.4840874e-01  -2.6002572e-02
  -2.9530987e-01  -5.1082810e-02
  -2.8776724e-01  -5.3607958e-02
  -2.9969048e-01  -5.0606363e-02
  -3.0461822e-01  -5.0781048e-02
  -2.7513326e-01  -5.1102074e-02
  -2.3583442e-01  -6.2294330e-02
   3.1796593e-01  -7.4256614e-02
   3.2113214e-01  -7.4361769e-02
   3.2417629e-01  -5.5298975e-02
   3.4217942e-01  -5.2419088e-02
   3.6281618e-01  -4.2243192e-02
   3.8791074e-01  -5.0721945e-02
   3.8545274e-01  -4.6375102e-02
   3.9262961e-01  -4.2514085e-02
   3.9280422e-01  -2.5909351e-02
   4.0200557e-01  -2.0316363e-02
   4.0766995e-01  -1.6618273e-02
   4.2566893e-01  -1.5215794e-02
   4.1985110e-01  -5.1154338e-03
   4.1600876e-01   1.8561575e-03
   4.0916879e-01   7.3837246e-03
   4.0284220e-01   9.6466088e-03
   3.9143116e-01   2.1204574e-02
   3.9042564e-01   2.6227093e-02
   3.7462036e-01   2.6833053e-02
   3.6502310e-01   2.9728097e-02
   3.5856916e-01   4.2870917e-02
   3.5328621e-01   4.4631280e-02
   3.6095900e-01   4.5029189e-02
   3.4074074e-01   6.0803999e-02
   3.2269181e-01   5.8596757e-02
   3.0421434e-01   7.5297402e-02
   3.0470191e-01   8.0085450e-02
   3.0230405e-01   8.9999210e-02
   2.8716137e-01   1.0162089e-01
   2.6062397e-01   1.1337978e-01
   2.5093889e-01   1.1699762e-01
   2.3655765e-01   1.1984864e-01
   2.3350371e-01   1.2429226e-01
   2.2439922e-01   1.3461414e-01
   2.0335031e-01   1.3317043e-01
   1.8422228e-01   1.3499175e-01
   1.5492820e-01   1.3487118e-01
   1.1927383e-01   1.4553510e-01
   9.7287842e-02   1.5083951e-01
   1.0683043e-01   1.4521416e-01
   9.9608037e-02   1.5433107e-01
   9.9763355e-02   1.4812943e-01
   7.9371215e-02   1.5213229e-01
   5.2674192e-02   1.4011617e-01
   3.2960511e-02   1.4675181e-01
   0.0000000e+00   1.4111902e-01
  -1.0031903e-02   1.3488777e-01
  -3.9000906e-02   1.3636718e-01
  -7.7057384e-02   1.2456531e-01
  -9.7957012e-02   1.2271395e-01
  -3.7679815e-01  -1.7551978e-02
  -3.5211227e-01  -2.6839115e-02
  -3.3048654e-01  -3.2694646e-02
  -3.2100246e-01  -4.3691427e-02
  -3.2938816e-01  -4.3829436e-02
  -3.3920089e-01  -4.9326090e-02
  -2.9915217e-01  -6.1751894e-02
  -2.8290373e-01  -6.6208929e-02
  -2.7458306e-01  -7.2586509e-02
  -2.2241666e-01  -7.8037135e-02
  -2.5170712e-01  -7.6972436e-02
  -2.5012383e-01  -6.4307590e-02
  -2.0278227e-01  -7.6144795e-02
  -1.7719206e-01  -9.7440926e-02
  -1.8075658e-01  -9.7994998e-02
  -1.5406239e-01  -9.8342094e-02
  -1.2659875e-01  -9.9688118e-02
  -1.2852183e-01  -9.7152018e-02
  -1.1687428e-01  -1.0506654e-01
  -1.1095181e-01  -1.0272324e-01
  -1.0714513e-01  -1.0419064e-01
  -8.1495387e-02  -9.6470281e-02
  -5.4378460e-02  -1.0911640e-01
  -4.4579850e-02  -1.0234686e-01
   0.0000000e+00  -1.0155689e-01
  -2.4954737e-03  -9.6192192e-02
   2.1293425e-02  -9.4056625e-02
   1.1235245e-02  -8.9756365e-02
   4.2298607e-02  -9.0875021e-02
   7.4783949e-02  -8.8464296e-02
   8.9285762e-02  -8.0278216e-02
   1.2038876e-01  -7.6448533e-02
   1.1085180e-01  -6.8511729e-02
   1.1820932e-01  -7.0798388e-02
   1.3763205e-01  -5.9764840e-02
   1.4096932e-01  -5.2316913e-02
   1.7611927e-01  -5.5069914e-02
   1.8826168e-01  -5.0146830e-02
   2.0540394e-01  -4.2219320e-02
   2.3391843e-01  -4.3417839e-02
   2.5520665e-01  -4.2816576e-02
   2.6859495e-01  -3.5367887e-02
   2.7932357e-01  -4.1302283e-02
   2.6412166e-01  -2.4465294e-02
   2.8844109e-01  -4.2875634e-02
   2.8371498e-01  -2.1500179e-02
   2.9940656e-01  -2.9426367e-02
   3.0696162e-01  -1.4796500e-02
   3.2487309e-01  -3.7615798e-03
