   3.2480574e-01   2.0460199e-02
   1.7334523e-01   1.8018139e-02
   1.5801027e-01   1.7553718e-02
   1.4663353e-01   1.7572345e-02
   1.4746805e-01   1.6571739e-02
   1.4786246e-01   2.0419586e-02
   1.4423231e-01   1.9020112e-02
   1.3422776e-01   2.0484498e-02
   1.3269708e-01   2.0446259e-02
   1.3552640e-01   1.7624348e-02
   1.4524510e-01   1.5659010e-02
   1.1650448e-01   2.0035486e-02
   1.0499827e-01   2.0508167e-02
   1.0122349e-01   1.8127872e-02
   9.8612086e-02   1.5729495e-02
   9.3458970e-02   1.6194964e-02
   8.3518458e-02   1.6713605e-02
   6.6742170e-02   1.5217075e-02
   7.3183661e-02   1.5243077e-02
   6.9527032e-02   1.7185388e-02
   6.8241272e-02   2.1005496e-02
   6.8117150e-02   1.9058051e-02
   5.3158244e-02   1.3866213e-02
   4.6781909e-02   1.4332900e-02
   3.6702315e-02   1.4829296e-02
   3.1535717e-02   1.9079597e-02
   2.3974703e-02   1.4788615e-02
   1.7680824e-02   1.6714796e-02
   1.2631190e-02   1.4327649e-02
   2.5207333e-03   1.7159847e-02
   8.8591794e-03   1.4835132e-02
   5.0531632e-03   1.1940204e-02
   0.0000000e+00   1.4791252e-02
  -1.1378318e-02   1.5776259e-02
  -2.2690343e-02   1.4774204e-02
  -3.0319714e-02   1.1459419e-02
  -2.6474376e-02   1.3343673e-02
  -2.5312708e-02   1.4354076e-02
  -3.1516229e-02   1.3818979e-02
  -3.9117799e-02   1.4307324e-02
  -4.7901836e-02   1.4766054e-02
  -5.5474466e-02   1.1905225e-02
  -6.5432434e-02   1.1402113e-02
  -7.0602092e-02   1.2374128e-02
  -7.0675715e-02   1.1433591e-02
  -7.6753511e-02   1.2346140e-02
  -7.5643123e-02   1.2847126e-02
  -8.0688105e-02   1.2368293e-02
  -8.9500798e-02   1.4739972e-02
  -8.6911902e-02   1.0926811e-02
  -9.3300219e-02   1.1409157e-02
  -1.0097408e-01   9.5127123e-03
  -2.4591383e-01   5.1476710e-03
  -2.5222818e-01   5.1174300e-03
  -2.5317815e-01   1.0740921e-02
  -2.4137842e-01   9.3377262e-03
  -2.3236457e-01   7.4723658e-03
  -2.3191858e-01   5.5935671e-03
  -2.3385540e-01   7.0108205e-03
  -2.2946811e-01   1.1257534e-02
  -2.2503057e-01   9.8270589e-03
  -2.1768868e-01   1.1253037e-02
  -2.0260639e-01   9.3955145e-03
  -1.9594561e-01   6.5691409e-03
  -1.8571590e-01   6.1011090e-03
  -1.8641542e-01   1.1307341e-02
  -1.7866746e-01   1.2719062e-02
  -1.7346729e-01   1.2242686e-02
  -1.6955140e-01   9.4120090e-03
  -1.6610522e-01   1.0377382e-02
  -1.5621509e-01   6.6167890e-03
  -1.5509355e-01   9.4629378e-03
  -1.4862493e-01   1.1824020e-02
  -1.4370983e-01   1.4209139e-02
  -1.4091701e-01   1.3238809e-02
  -1.3337495e-01   1.2300989e-02
  -1.2836632e-01   8.0462066e-03
  -1.2584248e-01   9.4679851e-03
  -1.2219492e-01   8.0580145e-03
  -1.2519028e-01   1.1894506e-02
  -1.0830522e-01   1.4234003e-02
  -1.0673157e-01   1.3720140e-02
  -1.0056567e-01   1.1370328e-02
  -9.5741908e-02   7.5974836e-03
  -9.6981633e-02   1.2344987e-02
  -9.0854243e-02   1.4277595e-02
  -8.4465865e-02   1.3317130e-02
  -6.7880199e-02   1.1864243e-02
  -6.2847141e-02   1.3290655e-02
  -6.3098551e-02   1.2866821e-02
  -5.6568190e-02   1.1394636e-02
  -4.9265806e-02   1.2885824e-02
  -4.7904668e-02   1.3813406e-02
  -4.1392355e-02   1.5169803e-02
  -3.0079686e-02   1.1842679e-02
  -2.2716645e-02   1.1926520e-02
  -1.8968685e-02   1.1472823e-02
  -2.0169194e-02   1.4774699e-02
  -1.0074904e-02   1.4285264e-02
  -3.7933458e-03   1.3386394e-02
   5.0273355e-03   1.4732558e-02
   3.7702653e-03   1.5683099e-02
   1.2594689e-02   1.2856510e-02
   1.5939496e-01   2.0417788e-02
   1.6617212e-01   1.9358530e-02
   1.7318552e-01   1.7053125e-02
   1.7048152e-01   1.7514333e-02
   1.7493823e-01   1.9476129e-02
   1.8887427e-01   1.6485140e-02
   1.9609745e-01   1.9390960e-02
   1.9456921e-01   2.3155484e-02
   2.0031743e-01   2.1658199e-02
   2.0243131e-01   1.8903563e-02
   2.0350190e-01   1.8410213e-02
   2.1146289e-01   2.0791058e-02
   2.1805634e-01   1.8431188e-02
   2.1632174e-01   2.0285563e-02
   2.1907908e-01   1.9826421e-02
   2.1695707e-01   1.9282815e-02
   2.2594145e-01   2.2570172e-02
   2.2570658e-01   2.3018184e-02
   2.3402219e-01   2.0707534e-02
   2.4398526e-01   1.6432214e-02
   2.4643743e-01   2.0180659e-02
   2.4939260e-01   2.3032130e-02
   2.4935506e-01   2.4442260e-02
   2.4914454e-01   2.3010020e-02
   2.5151348e-01   1.9227545e-02
   2.5400918e-01   2.0626564e-02
   2.7397976e-01   1.9607834e-02
   2.8430021e-01   2.1926269e-02
   2.8384193e-01   2.3397359e-02
   2.8423059e-01   2.4258851e-02
   2.7991293e-01   2.3296360e-02
   2.8746215e-01   1.9622513e-02
   2.8913071e-01   1.9558386e-02
   3.0012568e-01   1.9579525e-02
   3.0389876e-01   2.0498054e-02
   3.0123558e-01   2.4701963e-02
   3.0817747e-01   2.4720604e-02
   3.1108366e-01   2.3704232e-02
   3.1166299e-01   2.5509521e-02
   3.1298641e-01   2.3277834e-02
   3.1503373e-01   1.8578625e-02
   3.1913415e-01   1.9047568e-02
   3.0722538e-01   2.5580987e-02
   3.0338152e-01   2.6994683e-02
   3.0197580e-01   2.2324397e-02
   3.0512360e-01   2.1890690e-02
   2.9119680e-01   2.1944279e-02
   2.8713887e-01   2.1004181e-02
   2.7572935e-01   2.1979359e-02
   2.7068258e-01   2.1529377e-02
   2.6911196e-01   2.2916261e-02
   2.6532165e-01   2.2930077e-02
   1.0198113e-01   1.8037097e-02
   9.0749572e-02   1.6640736e-02
   8.5022010e-02   1.9157050e-02
   6.6880766e-02   1.3817815e-02
   4.9204822e-02   1.6687266e-02
   4.9255403e-02   1.6226593e-02
   4.7898816e-02   1.5718703e-02
   4.1516585e-02   1.4739394e-02
   2.8965349e-02   1.4281997e-02
   2.6447390e-02   1.3806528e-02
   2.0210493e-02   1.3848991e-02
   1.6403744e-02   1.4790018e-02
   1.8910268e-02   1.3345094e-02
   1.3818577e-02   2.0909651e-02
   1.2592862e-03   1.5238088e-02
  -3.7776136e-03   1.6190404e-02
  -6.3172791e-03   9.0745146e-03
  -1.3892550e-02   1.6237833e-02
  -7.5493293e-03   1.2844173e-02
  -8.8157968e-03   1.3809191e-02
  -7.5643123e-03   1.2869682e-02
  -1.6367342e-02   1.8093733e-02
  -2.0211613e-02   1.2893888e-02
  -3.4171120e-02   1.4830121e-02
  -3.7787783e-02   1.0947534e-02
  -3.5233662e-02   1.0937316e-02
  -4.0346040e-02   1.1434149e-02
  -4.7893933e-02   1.7147676e-02
  -4.9116582e-02   1.3799199e-02
  -5.6732342e-02   1.2857080e-02
  -5.2843879e-02   1.3308594e-02
  -5.4213683e-02   1.1905734e-02
  -5.6619970e-02   1.2831645e-02
  -6.6821516e-02   1.1900113e-02
  -8.3280549e-02   1.4759523e-02
  -8.9333731e-02   1.2812719e-02
  -8.9424622e-02   1.2350353e-02
  -8.5742773e-02   9.5116056e-03
  -9.3207711e-02   1.1397899e-02
  -9.9402089e-02   1.2330944e-02
  -1.0968539e-01   1.2347252e-02
  -1.1484237e-01   1.2355122e-02
  -1.1826633e-01   1.3736357e-02
  -1.2570709e-01   1.1350442e-02
  -1.2809141e-01   1.1809485e-02
  -1.4849113e-01   9.9224663e-03
  -1.4975541e-01   8.9764388e-03
  -1.5114021e-01   1.2294141e-02
  -1.5886253e-01   1.1351407e-02
  -1.6611827e-01   8.4905856e-03
  -2.0956272e-01   5.1477713e-03
  -1.9865136e-01   7.0430546e-03
  -1.9344058e-01   5.1629976e-03
  -1.8517544e-01   8.9529174e-03
  -1.8064129e-01   1.2766930e-02
  -1.7739435e-01   1.4134217e-02
  -1.6343331e-01   9.4271812e-03
  -1.5920493e-01   6.5822341e-03
  -1.6124953e-01   7.5583522e-03
  -1.6358847e-01   1.0380009e-02
  -1.5255478e-01   1.1831478e-02
  -1.5130451e-01   1.0412920e-02
  -1.4230802e-01   1.4196786e-02
  -1.3855200e-01   1.1361124e-02
  -1.3200382e-01   9.4539995e-03
  -1.2849572e-01   7.5803370e-03
  -1.2092614e-01   9.9549547e-03
  -1.2355677e-01   1.1860551e-02
  -1.1836121e-01   1.6594667e-02
  -1.1607291e-01   1.6630403e-02
  -1.1073681e-01   1.0426229e-02
  -1.1096337e-01   9.0222193e-03
  -1.0979977e-01   1.1408709e-02
  -1.0086267e-01   1.1879156e-02
  -8.9701812e-02   1.0004915e-02
  -8.0993064e-02   1.5760570e-02
  -6.9471543e-02   1.4306950e-02
  -5.8030186e-02   1.8112288e-02
  -4.2874430e-02   7.6222703e-03
  -4.2993554e-02   1.2423157e-02
  -3.4077339e-02   1.0493239e-02
  -2.9041683e-02   1.9099477e-02
  -1.2579993e-02   1.5697941e-02
  -3.7844336e-03   1.8608267e-02
  -6.3267037e-03   1.7706659e-02
   1.2606491e-02   1.3822556e-02
   1.8934548e-02   6.6791780e-03
   2.4025810e-02   1.2428054e-02
   2.5328107e-02   1.9636807e-02
   3.9065518e-02   1.9057506e-02
   5.0561407e-02   1.8152930e-02
   5.6831218e-02   1.6699686e-02
   6.9344757e-02   1.1422895e-02
   8.6060600e-02   1.4801516e-02
   9.1304877e-02   1.4826830e-02
   1.3018557e-01   1.9023659e-02
   1.1609738e-01   2.5208032e-02
   1.0245462e-01   2.1942522e-02
   8.8365197e-02   2.1917050e-02
   8.7080471e-02   1.1900470e-02
   9.3934875e-02   1.4839425e-02
   8.5735336e-02   1.1413927e-02
   2.9723118e-01   2.1899466e-02
   3.0927180e-01   2.0498701e-02
   3.0796242e-01   2.1901364e-02
   2.9896963e-01   2.5669848e-02
   3.0348075e-01   2.4202129e-02
   3.0036971e-01   2.3702632e-02
   3.2166696e-01   1.9038546e-02
   3.3459730e-01   1.8934897e-02
   3.6157048e-01   2.5772333e-02
   3.6319570e-01   2.5789314e-02
   3.5937907e-01   2.6270557e-02
   3.5973693e-01   2.6294847e-02
   3.6513313e-01   2.2512208e-02
   3.5541740e-01   2.4086827e-02
   3.6674463e-01   1.0104842e-02
   3.5024914e-01   2.4448680e-02
   3.5402368e-01   2.4890776e-02
   3.5256517e-01   2.4510490e-02
   3.3162068e-01   3.2008666e-02
   3.2891355e-01   2.9794576e-02
   3.1998882e-01   3.0070253e-02
   3.1720688e-01   2.0023741e-02
   3.0568371e-01   1.3465854e-02
   2.9502199e-01   2.0996688e-02
   2.9553666e-01   2.6074093e-02
   2.8478154e-01   2.4772353e-02
   2.7737546e-01   1.7783785e-02
   2.6712880e-01   2.2500547e-02
   2.6103320e-01   2.3483894e-02
   2.5155384e-01   2.7226033e-02
   2.4849234e-01   1.7882207e-02
   2.4539622e-01   2.1143523e-02
   2.4241297e-01   1.6973174e-02
   2.3758073e-01   2.0676490e-02
   2.2516729e-01   2.0732872e-02
   2.1246844e-01   2.3127470e-02
   2.1906983e-01   2.0298479e-02
   2.1018734e-01   2.1267013e-02
   2.1416950e-01   2.2695796e-02
   2.1181546e-01   2.4001615e-02
   2.0492754e-01   2.0787432e-02
   2.0098159e-01   1.7943710e-02
   2.0035719e-01   1.5157005e-02
   1.8630660e-01   1.9787847e-02
   1.8338932e-01   2.2734744e-02
   1.7833871e-01   2.2273512e-02
   1.7410937e-01   1.6544860e-02
   1.7060318e-01   2.0848232e-02
   1.5971285e-01   2.0457947e-02
   1.5340549e-01   2.1252545e-02
   1.4677406e-01   1.8065029e-02
   1.3819217e-01   1.8114699e-02
  -3.6558825e-02   1.3817509e-02
  -4.7765114e-02   1.2822611e-02
  -6.0507582e-02   1.4759806e-02
  -5.6732342e-02   1.2857080e-02
  -5.0332642e-02   1.1408284e-02
  -5.4260173e-02   1.4301057e-02
  -6.1706937e-02   1.4744494e-02
  -6.6886214e-02   1.2388386e-02
  -6.6761307e-02   9.9862056e-03
  -7.0608772e-02   1.0470416e-02
  -7.8153201e-02   1.5224399e-02
  -7.2980575e-02   1.1873363e-02
  -7.3190272e-02   1.3814038e-02
  -8.3375089e-02   1.2391219e-02
  -9.0596576e-02   1.1862799e-02
  -9.8639459e-02   1.0962982e-02
  -1.1875497e-01   1.0937337e-02
  -1.1599207e-01   1.1867161e-02
  -1.1725568e-01   1.1391444e-02
  -1.2734219e-01   1.1382810e-02
  -1.3113058e-01   1.0431111e-02
  -1.4121441e-01   1.0896071e-02
  -1.6456660e-01   1.0441080e-02
  -1.7021758e-01   1.0393610e-02
  -1.7780278e-01   7.5529333e-03
  -1.9524533e-01   9.8838303e-03
  -2.0555388e-01   6.1170062e-03
  -2.1437542e-01   7.0501923e-03
  -2.1921540e-01   4.6925059e-03
  -2.2066981e-01   8.4532429e-03
  -2.2627797e-01   1.0761134e-02
  -2.2923506e-01   1.1715332e-02
  -2.2630070e-01   8.4217567e-03
  -2.3179973e-01   7.0267482e-03
  -2.3787218e-01   5.6110350e-03
  -2.4187798e-01   7.0167040e-03
  -2.5217953e-01   9.8181606e-03
  -2.4969712e-01   5.1447890e-03
  -2.5347104e-01   6.5441957e-03
  -2.4793451e-01   6.5366372e-03
  -2.5773135e-01   8.3835108e-03
  -2.6757590e-01   9.8045383e-03
  -2.7212665e-01   5.1218222e-03
  -2.6279374e-01   3.7231035e-03
  -2.6127959e-01   3.2552623e-03
  -2.6832494e-01   7.9203407e-03
  -2.6575566e-01   6.9568854e-03
  -2.6582115e-01   6.0591520e-03
  -2.6278640e-01   5.1192673e-03
  -2.6353293e-01   9.3343444e-03
  -2.5395507e-01   8.8543522e-03
  -7.0465698e-02   1.1399701e-02
  -7.1641671e-02   1.4234775e-02
  -6.9274332e-02   1.1887080e-02
  -7.1793399e-02   1.1885774e-02
  -6.9402547e-02   1.4292771e-02
  -6.6818092e-02   1.2852122e-02
  -7.3188140e-02   1.4290384e-02
  -6.1660271e-02   1.0453488e-02
  -6.5498825e-02   1.0937836e-02
  -6.0399170e-02   1.1404348e-02
  -5.0488937e-02   8.5816882e-03
  -4.9313496e-02   1.3376366e-02
  -4.0383072e-02   1.2876191e-02
  -3.7805340e-02   1.9058079e-02
  -2.5209071e-02   1.6203359e-02
  -2.1409171e-02   1.4283683e-02
  -2.2787537e-02   9.0912580e-03
  -1.8968224e-02   1.1950858e-02
  -1.5112356e-02   1.4284702e-02
  -1.2642155e-02   1.6254174e-02
   1.2669346e-03   1.3892209e-02
   1.0103672e-02   1.6238292e-02
   2.1514477e-02   1.5311859e-02
   2.1493070e-02   1.5296612e-02
   3.0376139e-02   1.3874394e-02
   4.4434984e-02   1.2472363e-02
   2.5225476e-02   2.0512845e-02
   5.9943921e-02   1.8793116e-02
   8.0837174e-02   1.4776039e-02
   7.4580847e-02   1.7658779e-02
   7.4221960e-02   1.5671942e-02
   7.3451510e-02   1.9607897e-02
   9.0123868e-02   1.5321431e-02
   9.2554177e-02   1.7695265e-02
   8.4797571e-02   1.4325004e-02
   1.0140498e-01   2.0553844e-02
   1.0418033e-01   1.6760450e-02
   1.2325775e-01   1.4346943e-02
   1.3711003e-01   1.2885072e-02
   1.3742011e-01   2.2496280e-02
   1.3940686e-01   2.2402603e-02
   1.5451966e-01   1.8070144e-02
   1.5627588e-01   1.6213903e-02
   1.4592135e-01   2.0028000e-02
   1.5620797e-01   2.1459577e-02
   1.5705277e-01   1.8065783e-02
   1.6897541e-01   1.6669735e-02
   1.7457544e-01   2.0386212e-02
   1.9394524e-01   1.9908647e-02
   2.1026354e-01   1.7013611e-02
   2.1868419e-01   1.9906920e-02
   2.2855407e-01   2.3170435e-02
   3.5056011e-01   2.5394796e-02
   3.4716425e-01   2.4050339e-02
   3.4310579e-01   2.1734094e-02
   3.2562487e-01   2.4151760e-02
   3.2851961e-01   2.3233388e-02
   3.3329336e-01   2.2261441e-02
   3.3174147e-01   2.0855718e-02
   3.2275241e-01   2.4604943e-02
   3.1997569e-01   2.2828443e-02
   3.1269021e-01   2.2790815e-02
   3.0889235e-01   2.2806593e-02
   2.9998553e-01   2.4241317e-02
   2.9610134e-01   2.4355068e-02
   2.8730328e-01   2.1108813e-02
   2.7962989e-01   1.7759449e-02
   2.6797844e-01   2.0684799e-02
   2.5549839e-01   2.2160234e-02
   2.5553334e-01   2.0745751e-02
   2.5319045e-01   2.3018989e-02
   2.5120578e-01   2.1188653e-02
   2.4558266e-01   2.3515403e-02
   2.4572076e-01   1.7401398e-02
   2.4157979e-01   1.9371505e-02
   2.2583146e-01   2.1265735e-02
   2.2645160e-01   1.9787065e-02
   2.2645160e-01   1.9787065e-02
   2.2304042e-01   2.2669250e-02
   2.1336672e-01   2.0848395e-02
   2.1419925e-01   2.1277308e-02
   2.1065155e-01   1.8940807e-02
   2.0033517e-01   2.0716538e-02
   1.8867864e-01   2.0374766e-02
   1.8980111e-01   1.7512128e-02
   1.8978679e-01   1.8458729e-02
   1.8381933e-01   1.8982696e-02
   1.6838771e-01   2.2319213e-02
   1.5881147e-01   1.6686698e-02
   1.4436425e-01   1.9990794e-02
   1.3917153e-01   1.9028480e-02
   1.4087360e-01   1.7651590e-02
   1.2906943e-01   1.7139914e-02
   1.2054373e-01   2.0069639e-02
   1.1994998e-01   1.9495184e-02
   1.0129959e-01   2.1010984e-02
   1.0249631e-01   1.7172408e-02
   9.3555056e-02   1.5734213e-02
   8.0993064e-02   1.5760570e-02
   7.7196514e-02   1.5763496e-02
   6.7076644e-02   1.4814825e-02
   6.7067853e-02   1.6726415e-02
   5.1827368e-02   1.7674512e-02
   4.2975557e-02   1.8634736e-02
  -9.8412995e-02   1.6174120e-02
  -1.0337023e-01   1.4252725e-02
  -1.0223202e-01   1.0463157e-02
  -1.0580335e-01   1.1389094e-02
  -1.0925956e-01   1.0879673e-02
  -1.1634127e-01   1.1426233e-02
  -1.1700128e-01   1.4685029e-02
  -1.2355366e-01   1.2334973e-02
  -1.2873077e-01   1.1392881e-02
  -1.3366286e-01   8.5327975e-03
  -1.4165954e-01   6.6519657e-03
  -1.4751521e-01   1.1363478e-02
  -1.4247526e-01   1.0894877e-02
  -1.4722298e-01   1.1341253e-02
  -1.5601090e-01   1.3692824e-02
  -1.6656110e-01   1.4665545e-02
  -1.7183892e-01   7.5727678e-03
  -1.7654699e-01   6.6097149e-03
  -1.8158859e-01   7.0779491e-03
  -1.8787755e-01   9.4305921e-03
  -1.8281800e-01   1.1323137e-02
  -1.8786125e-01   1.1316711e-02
  -1.9564105e-01   8.9598796e-03
  -2.0658216e-01   9.8702171e-03
  -2.2339093e-01   1.0808139e-02
  -2.2275693e-01   7.4970192e-03
  -2.2951414e-01   6.0978308e-03
  -2.3101005e-01   5.1637679e-03
  -2.3603578e-01   8.4438277e-03
  -2.4235875e-01   7.0301640e-03
  -2.4942452e-01   8.4107042e-03
  -2.4667245e-01   7.0048423e-03
  -2.5171350e-01   6.0663174e-03
  -2.5976860e-01   7.4718742e-03
  -2.6607367e-01   7.4645121e-03
  -2.6939366e-01   7.9505394e-03
  -2.7418837e-01   7.0027978e-03
  -2.7448332e-01   3.7383795e-03
  -2.7392683e-01   5.5969171e-03
  -2.7059839e-01   5.1180045e-03
  -2.6529811e-01   5.5824516e-03
  -2.6581762e-01   6.5252406e-03
  -2.6428360e-01   7.9175515e-03
  -2.6077470e-01   6.9968467e-03
  -2.5826543e-01   5.5996565e-03
  -2.4944661e-01   5.6071361e-03
  -2.4510570e-01   9.3790930e-03
  -2.4410744e-01   1.1679049e-02
  -2.5091332e-01   1.0287639e-02
  -2.5624755e-01   6.5479382e-03
  -2.5246713e-01   5.6157425e-03
