  -1.4913053e-02   1.9634117e-01
  -1.4562805e-02   1.0794608e-01
  -1.7159614e-02   1.0199717e-01
  -1.3222730e-02   9.3809998e-02
  -9.2943026e-03   8.3653679e-02
  -1.9953383e-02   8.7691444e-02
  -2.0042118e-02   8.3074206e-02
  -8.0026786e-03   7.4631254e-02
  -5.3168943e-03   7.6021751e-02
   1.3337471e-03   5.7093466e-02
   6.6465493e-03   4.7694032e-02
  -8.0054867e-03   4.3538748e-02
  -1.2017830e-02   2.9532713e-02
  -8.0024172e-03   3.1112787e-02
   0.0000000e+00   2.9444444e-02
   1.3291326e-03   8.5397741e-03
   0.0000000e+00   9.6072508e-03
   7.9349755e-03   7.9657879e-03
   2.5130147e-02  -1.5928977e-03
   1.5950683e-02  -5.8706690e-03
   6.6576485e-03  -1.3904969e-02
   2.6608564e-03  -2.5670987e-02
   1.3341142e-02  -2.8429718e-02
   1.1942684e-02  -3.1489140e-02
   1.2002786e-02  -3.9734924e-02
   1.8746983e-02  -4.6410762e-02
   2.9513902e-02  -4.7579849e-02
   3.0756406e-02  -4.8511647e-02
   3.0477842e-02  -5.4001603e-02
   3.2894773e-02  -5.4151349e-02
   4.3159927e-02  -5.4343163e-02
   4.0608989e-02  -6.5688444e-02
   4.7210255e-02  -6.9523921e-02
   5.2034859e-02  -7.7538089e-02
   5.4352941e-02  -8.1952701e-02
   4.9091563e-02  -8.4508969e-02
   5.2722200e-02  -9.0005216e-02
   6.0200334e-02  -9.6070425e-02
   5.1341249e-02  -9.5765144e-02
   4.5050450e-02  -1.0204365e-01
   4.2558528e-02  -1.0499310e-01
   4.5267671e-02  -1.0805384e-01
   4.6700724e-02  -1.1338310e-01
   5.0491461e-02  -1.1591519e-01
   5.5788667e-02  -1.1559611e-01
   5.6891192e-02  -1.1406755e-01
   3.8670381e-02  -1.1431431e-01
   2.9663321e-02  -1.1550945e-01
   2.3085278e-02  -1.1705585e-01
   2.6830427e-02  -1.2155252e-01
   3.2093333e-02  -1.1715492e-01
  -1.7242922e-02  -3.5223568e-02
  -2.6628535e-03  -2.8373679e-02
   9.3421067e-03  -2.4675494e-02
   3.9660230e-03  -1.6462851e-02
  -7.8770883e-03  -1.5820614e-02
  -9.2207809e-03  -6.8760797e-03
  -5.2747147e-03   1.0589326e-03
  -1.1867279e-02   6.3533896e-03
  -7.8936594e-03   1.3738538e-02
   3.9513088e-03   1.0578795e-02
   0.0000000e+00   1.6348259e-02
   3.9458891e-03   1.7966021e-02
  -1.3217856e-03   1.9118227e-02
   0.0000000e+00   2.2927565e-02
  -1.3307358e-03   2.2996961e-02
   4.0099174e-03   1.7720283e-02
   1.3343248e-03   2.6821849e-02
  -5.3218749e-03   3.4797696e-02
  -1.0578529e-02   4.9052737e-02
  -1.5840657e-02   5.8114478e-02
  -1.3160970e-02   6.2788000e-02
  -1.5852179e-02   6.4108213e-02
   1.3198726e-03   6.7852788e-02
  -7.9233919e-03   7.3877431e-02
  -1.3220640e-02   7.7243007e-02
  -1.5832703e-02   8.0914165e-02
  -1.8515017e-02   8.3308033e-02
  -2.5123186e-02   9.3797333e-02
  -2.1128115e-02   9.4784219e-02
  -2.6332674e-02   1.0339328e-01
  -2.2300115e-02   1.0523262e-01
  -4.1792847e-02   1.1420125e-01
  -4.0768217e-02   1.0659346e-01
  -3.4158978e-02   1.1719636e-01
  -3.4078053e-02   1.1803603e-01
  -4.0477470e-02   1.2717991e-01
  -4.9535408e-02   1.2863379e-01
  -4.5676621e-02   1.3972650e-01
  -4.4288491e-02   1.4583802e-01
  -5.3416412e-02   1.5168292e-01
  -4.5435395e-02   1.5878868e-01
  -5.9321999e-02   1.6347980e-01
  -6.4465760e-02   1.6578100e-01
  -6.8301132e-02   1.7224006e-01
  -6.8705884e-02   1.7640136e-01
  -6.8365967e-02   1.7785842e-01
  -7.7240912e-02   1.8653889e-01
  -8.0466485e-02   1.9778404e-01
  -9.6905466e-02   2.0032361e-01
  -7.5694711e-02   1.6539421e-01
  -6.8465615e-02   1.5020909e-01
  -6.8651578e-02   1.4252715e-01
  -7.3844776e-02   1.3335114e-01
  -8.3458176e-02   1.2283482e-01
  -8.1184364e-02   1.1772387e-01
  -8.0109251e-02   1.1020511e-01
  -6.8462433e-02   1.0047937e-01
  -7.3781678e-02   9.2212385e-02
  -6.8468462e-02   8.7765525e-02
  -6.9794469e-02   8.3930318e-02
  -8.1208021e-02   8.5061156e-02
  -8.2879307e-02   7.6703789e-02
  -6.9857072e-02   6.9287080e-02
  -6.6435315e-02   6.0601115e-02
  -6.3975690e-02   4.9930728e-02
  -6.9419373e-02   3.9721675e-02
  -8.6561763e-02   3.5292918e-02
  -8.4925756e-02   3.1425231e-02
  -8.7953079e-02   2.9408804e-02
  -6.8050565e-02   2.6786199e-02
  -6.1437824e-02   1.3396419e-02
  -5.5994401e-02   7.4882138e-03
  -4.2578028e-02  -5.8739608e-03
  -4.7987051e-02  -1.2304998e-02
  -5.5956598e-02  -2.0860024e-02
  -7.1026589e-02  -2.3664885e-02
  -7.0736384e-02  -2.4105018e-02
  -8.8477392e-02  -1.9346774e-02
  -7.5185185e-02  -2.5864292e-02
  -6.1614608e-02  -2.9053637e-02
  -4.8021809e-02  -3.8100298e-02
  -3.4423945e-02  -4.7486243e-02
  -3.9332175e-02  -5.7157154e-02
  -4.4472629e-02  -6.3436544e-02
  -4.9777560e-02  -6.9979422e-02
  -5.2392814e-02  -7.4289052e-02
  -5.7631698e-02  -7.8068445e-02
  -5.2478427e-02  -8.6395191e-02
  -5.5684153e-02  -7.7949475e-02
  -3.0468279e-02  -8.4539917e-02
  -3.1751426e-02  -8.5527915e-02
  -3.8284748e-02  -8.9190640e-02
  -3.0012838e-02  -1.0575787e-01
  -4.4425693e-02  -1.1032916e-01
  -4.6696980e-02  -1.1616127e-01
  -4.2371135e-02  -1.2159076e-01
  -6.3114335e-02  -1.1358682e-01
  -6.3395071e-02  -1.1244971e-01
   1.4005361e-02  -1.6665299e-01
   2.1717154e-02  -1.6607065e-01
   2.1891277e-02  -1.5865240e-01
   1.5576298e-02  -1.5708554e-01
   2.6092040e-02  -1.5318774e-01
   2.6108571e-02  -1.4565141e-01
   1.5603965e-02  -1.4099863e-01
   1.8135558e-02  -1.4042237e-01
   1.4384249e-02  -1.3086931e-01
   1.3074229e-02  -1.2172136e-01
   6.5646136e-03  -1.1376252e-01
   7.8828607e-03  -1.0374047e-01
   2.6325276e-03  -9.8366938e-02
   2.6423991e-03  -9.3180702e-02
   6.5952630e-03  -9.1915654e-02
   3.9838954e-03  -8.3115702e-02
  -2.6736621e-03  -7.7574044e-02
  -1.3359359e-03  -6.3751241e-02
  -9.3300021e-03  -6.0323677e-02
  -2.0012613e-02  -5.5471198e-02
  -2.0089507e-02  -5.1319180e-02
  -2.4141044e-02  -4.9205986e-02
  -2.4196862e-02  -4.1137072e-02
  -3.1043983e-02  -3.3658688e-02
  -2.4244065e-02  -2.4357477e-02
  -2.6877166e-02  -1.1871265e-02
  -2.8342358e-02  -4.8761766e-03
  -2.9450500e-02  -5.9113076e-03
  -4.5609733e-02   5.3829665e-04
  -4.0199545e-02  -6.9916818e-03
  -3.4771590e-02   2.6839727e-03
  -3.9039097e-02   1.7839130e-02
  -3.0893375e-02   2.0503542e-02
  -3.4860627e-02   3.7766806e-02
  -3.3512418e-02   3.9386424e-02
  -3.5888782e-02   4.1742055e-02
  -3.9340481e-02   5.6098688e-02
  -5.7220675e-02   7.1055329e-02
  -5.2224395e-02   7.5124859e-02
  -6.2613856e-02   8.9405308e-02
  -5.2186026e-02   6.9852458e-02
   3.6143145e-02   3.4458575e-02
  -7.1711617e-02   1.1053625e-01
  -7.4990248e-02   1.0539243e-01
  -6.2460548e-02   1.1313377e-01
  -4.5492079e-02   1.1865458e-01
  -6.0265029e-02   1.2641184e-01
  -5.8962006e-02   1.1622000e-01
  -7.2647570e-02   1.3927667e-01
  -6.2363111e-02   1.3382090e-01
  -5.0291713e-02   2.0189136e-01
  -5.6612934e-02   2.0571283e-01
  -4.6964643e-02   1.9480884e-01
  -5.4518157e-02   1.9327953e-01
  -4.9767664e-02   1.8067386e-01
  -5.5873720e-02   1.8205576e-01
  -4.9723142e-02   1.7509114e-01
  -4.9661054e-02   1.7187372e-01
  -5.4899754e-02   1.6701164e-01
  -5.7677923e-02   1.5770851e-01
  -5.1421728e-02   1.5591210e-01
  -5.7282748e-02   1.5537886e-01
  -6.0044130e-02   1.5423223e-01
  -6.5163761e-02   1.5191458e-01
  -6.1710610e-02   1.3914267e-01
  -5.8311006e-02   1.2835232e-01
  -7.4124014e-02   1.2705274e-01
  -6.4185747e-02   1.1166747e-01
  -6.5632405e-02   1.1415558e-01
  -6.0778314e-02   1.0199802e-01
  -7.4240820e-02   9.5028651e-02
  -7.4579021e-02   8.7106808e-02
  -7.8259935e-02   8.3420578e-02
  -7.8167206e-02   7.2899253e-02
  -8.6325771e-02   7.5242522e-02
  -7.8416757e-02   6.3851308e-02
  -8.5188650e-02   5.6858038e-02
  -5.8860969e-02   2.0405656e-02
  -6.5645491e-02   1.2897757e-02
  -7.0327869e-02   0.0000000e+00
  -7.3182713e-02  -5.4331348e-04
  -8.8887548e-02  -8.0939103e-03
  -8.3976456e-02  -1.7920609e-02
  -7.5479005e-02  -1.4052616e-02
  -5.8417263e-02  -1.9085312e-02
  -4.8067015e-02  -1.8762852e-02
  -5.2938190e-02  -3.6724106e-02
  -4.6079751e-02  -4.5067444e-02
  -3.7892448e-02  -5.9098858e-02
  -4.0487633e-02  -6.1205891e-02
  -2.8711019e-02  -7.2976424e-02
  -3.2480787e-02  -7.8552814e-02
  -2.0798849e-02  -8.0228857e-02
  -1.0395342e-02  -8.5072070e-02
  -5.1918132e-03  -8.5517250e-02
  -2.1650531e-02  -1.5849641e-01
  -1.9020348e-02  -1.6297646e-01
  -7.5786732e-03  -1.6462628e-01
  -8.7965977e-03  -1.6486139e-01
  -1.2607358e-02  -1.5677509e-01
  -1.2498381e-02  -1.6387699e-01
  -1.3734822e-02  -1.6197854e-01
  -6.2443106e-03  -1.5973125e-01
  -9.9435734e-03  -1.6863109e-01
  -8.7464163e-03  -1.6440635e-01
  -6.2789748e-03  -1.5668458e-01
  -5.0291234e-03  -1.5631456e-01
  -7.5518459e-03  -1.5022529e-01
  -5.0570583e-03  -1.4924260e-01
  -6.3385634e-03  -1.4569540e-01
  -2.5659139e-03  -1.3728888e-01
  -1.1631278e-02  -1.3893148e-01
  -7.8059226e-03  -1.3992603e-01
  -1.3133028e-03  -1.2802450e-01
  -2.6245579e-03  -1.2505592e-01
  -2.1034250e-02  -1.2070911e-01
  -2.7613548e-02  -1.2015622e-01
  -2.6177173e-02  -1.1900997e-01
  -2.4923511e-02  -1.0802254e-01
  -1.8439882e-02  -1.0232704e-01
  -2.1213524e-02  -9.7974659e-02
  -3.4613908e-02  -8.4964935e-02
  -1.1908681e-02  -8.5011680e-02
  -1.5772942e-02  -7.2436943e-02
  -3.1743471e-02  -6.3089473e-02
  -2.5214385e-02  -6.1678879e-02
  -2.4022707e-02  -6.3675658e-02
  -2.7914403e-02  -6.3413611e-02
  -2.5014796e-02  -5.0972727e-02
  -5.3070285e-02  -4.0571869e-02
  -5.9615092e-02  -3.6753101e-02
  -3.7046158e-02  -3.8869035e-02
  -2.9103866e-02  -3.1919925e-02
  -2.5118650e-02  -2.8700907e-02
  -3.0393939e-02  -2.2298688e-02
  -3.3252885e-02  -1.4954929e-02
  -5.5550513e-02  -1.1960660e-02
  -1.5810919e-02  -2.1706732e-02
  -1.8643645e-02   1.1229959e-02
  -4.8110253e-02   2.0391709e-02
  -3.0694034e-02   2.5205722e-02
  -2.1372052e-02   3.5472003e-02
  -2.0064333e-02   3.2280521e-02
  -2.9455650e-02   3.2847482e-02
  -6.2434527e-02   1.7788459e-01
  -6.4862234e-02   1.8110013e-01
  -6.8651249e-02   1.8521903e-01
  -7.1064670e-02   1.8482192e-01
  -6.4958154e-02   1.8381612e-01
  -5.5808758e-02   1.9091045e-01
  -5.8523296e-02   1.9093559e-01
  -5.8427171e-02   1.9364774e-01
  -5.2877731e-02   1.9971511e-01
  -5.5094223e-02   2.0029762e-01
  -6.1580761e-02   1.9924397e-01
  -5.1314048e-02   2.0267729e-01
  -4.9896100e-02   2.0314330e-01
  -4.9864782e-02   2.0731426e-01
  -5.6000941e-02   2.0995387e-01
  -4.9786668e-02   2.0817764e-01
  -4.6319752e-02   2.0710355e-01
  -4.1242437e-02   2.0179200e-01
  -5.0236231e-02   2.0040384e-01
  -4.0215077e-02   1.9448178e-01
  -4.6570818e-02   1.9356907e-01
  -4.5397257e-02   1.9215803e-01
  -5.0571906e-02   1.8782252e-01
  -4.8036018e-02   1.8118183e-01
  -4.1765159e-02   1.8265635e-01
  -4.3058527e-02   1.7978191e-01
  -4.0612512e-02   1.7603719e-01
  -4.5730799e-02   1.7619092e-01
  -4.4715892e-02   1.6955741e-01
  -5.2470517e-02   1.6450730e-01
  -5.1401865e-02   1.5468007e-01
  -4.5285022e-02   1.4709906e-01
  -4.7044409e-02   1.4340997e-01
  -4.6055429e-02   1.3513876e-01
  -4.3547961e-02   1.2629943e-01
  -4.2228325e-02   1.2630376e-01
  -4.2297543e-02   1.1735220e-01
  -5.5699580e-02   1.1144674e-01
  -5.5680137e-02   1.0405947e-01
  -5.5755437e-02   9.4111596e-02
  -6.2736573e-02   9.2941137e-02
  -6.6740318e-02   8.2890498e-02
  -8.1371616e-02   8.5003363e-02
  -8.5142950e-02   7.6477263e-02
  -7.7082814e-02   7.2587429e-02
  -6.7255298e-02   6.7162233e-02
  -6.4703492e-02   6.1305065e-02
  -6.4846056e-02   5.0110227e-02
  -6.3609713e-02   4.8028485e-02
  -5.1969334e-02   2.9986805e-02
  -6.7995566e-02  -1.3759440e-01
  -7.3396025e-02  -1.4138986e-01
  -6.0723978e-02  -1.4373317e-01
  -4.0665880e-02  -1.4402549e-01
  -5.1977921e-02  -1.4658862e-01
  -5.4102947e-02  -1.4983370e-01
  -5.1415877e-02  -1.5414299e-01
  -5.2737217e-02  -1.6069503e-01
  -5.1353680e-02  -1.6805395e-01
  -4.7404475e-02  -1.7365539e-01
  -3.6906094e-02  -1.7658999e-01
  -3.7888839e-02  -1.8104918e-01
  -3.6503028e-02  -1.8336247e-01
  -3.6394377e-02  -1.8156109e-01
  -3.3892708e-02  -1.8460448e-01
  -2.9953272e-02  -1.8759861e-01
  -3.6343920e-02  -1.8905230e-01
  -2.8763932e-02  -1.9588654e-01
  -2.2543364e-02  -2.0174297e-01
  -2.8850441e-02  -2.0084961e-01
  -3.5098576e-02  -2.0189998e-01
  -2.7592585e-02  -2.0267560e-01
  -2.1462828e-02  -1.9865238e-01
  -2.5336453e-02  -1.9140912e-01
  -2.6772364e-02  -1.9278142e-01
  -1.7868213e-02  -1.8751913e-01
  -1.6582133e-02  -1.8678671e-01
  -1.2705089e-02  -1.8657192e-01
  -1.2722261e-02  -1.7899379e-01
  -1.9159225e-02  -1.7376792e-01
  -2.4246057e-02  -1.7357897e-01
  -2.6740567e-02  -1.7196911e-01
  -2.1735942e-02  -1.6445832e-01
  -1.9052947e-02  -1.6915230e-01
  -2.6799025e-02  -1.5650727e-01
  -2.1738288e-02  -1.5453831e-01
  -1.9232213e-02  -1.5324830e-01
  -2.3134019e-02  -1.4841829e-01
  -2.4458657e-02  -1.4925300e-01
  -2.0664640e-02  -1.4457529e-01
  -1.6835921e-02  -1.4096234e-01
  -1.4271023e-02  -1.3491047e-01
  -6.5035995e-03  -1.2672583e-01
  -1.5690761e-02  -1.1383151e-01
  -1.3045790e-02  -1.1188318e-01
  -2.6166588e-02  -9.8286478e-02
  -2.6341521e-02  -9.3415474e-02
  -2.9158625e-02  -8.9570193e-02
  -3.0473082e-02  -8.4001447e-02
  -2.7749360e-02  -8.2676324e-02
  -8.5439014e-02   1.2328629e-01
  -9.2584752e-02   1.2061325e-01
  -7.8978971e-02   1.2236926e-01
  -8.2828809e-02   1.2276192e-01
  -7.8866782e-02   1.2332641e-01
  -6.8079896e-02   1.3028621e-01
  -6.4137132e-02   1.3314587e-01
  -6.5049355e-02   1.3974725e-01
  -7.6121904e-02   1.4648241e-01
  -8.2387171e-02   1.5302758e-01
  -7.3550777e-02   1.5641305e-01
  -8.4997347e-02   1.6009680e-01
  -9.1332623e-02   1.6219553e-01
  -8.5239780e-02   1.7679593e-01
  -8.3736334e-02   1.7985052e-01
  -8.1835924e-02   1.8608993e-01
  -7.5971267e-02   1.9526682e-01
  -7.5827257e-02   1.9668918e-01
  -7.8672199e-02   2.0004650e-01
  -9.1469816e-02   2.0454449e-01
  -9.2495774e-02   2.0704338e-01
  -9.4895345e-02   2.1222849e-01
  -9.2890246e-02   2.1836285e-01
  -9.9691279e-02   2.2607414e-01
  -9.3870347e-02   2.2838802e-01
  -8.3612359e-02   2.3499168e-01
  -9.1577607e-02   2.3151700e-01
  -8.3993634e-02   2.3432565e-01
  -8.5048208e-02   2.4020949e-01
  -8.2703160e-02   2.3674815e-01
  -8.8574091e-02   2.4286690e-01
  -9.2474551e-02   2.4677890e-01
  -9.9373437e-02   2.4648421e-01
  -9.9853829e-02   2.4264474e-01
  -9.6095958e-02   2.3706000e-01
  -1.0039724e-01   2.4225253e-01
  -1.1126752e-01   2.4131374e-01
  -1.1328462e-01   2.3150872e-01
  -1.1117057e-01   2.2666059e-01
  -9.6772574e-02   2.1318496e-01
  -9.1988033e-02   2.0761377e-01
  -9.5398031e-02   2.1038796e-01
  -9.4391423e-02   2.0791163e-01
  -9.5797002e-02   2.0389784e-01
  -8.9950206e-02   2.0080191e-01
  -9.7283502e-02   1.9065282e-01
  -8.9682789e-02   1.8055066e-01
  -9.2385775e-02   1.8143610e-01
  -8.6758225e-02   1.6519976e-01
  -1.1691826e-02  -6.7298905e-02
  -3.1114424e-02  -8.2690189e-02
  -3.0987053e-02  -7.9661039e-02
  -2.0680455e-02  -8.6219298e-02
  -1.6900245e-02  -9.3272119e-02
  -1.3089622e-02  -9.0639276e-02
  -1.0387499e-02  -9.6986896e-02
  -3.0041550e-02  -1.0308721e-01
  -2.0878272e-02  -1.0855296e-01
  -3.0134162e-02  -1.1123749e-01
  -3.4221447e-02  -1.2026426e-01
  -3.6930910e-02  -1.2510232e-01
  -4.3715819e-02  -1.2450529e-01
  -3.8077641e-02  -1.3081317e-01
  -3.9281616e-02  -1.4141138e-01
  -4.1983322e-02  -1.3936966e-01
  -4.2080293e-02  -1.4322430e-01
  -4.3030665e-02  -1.4367446e-01
  -5.1173620e-02  -1.4343739e-01
  -5.6387355e-02  -1.4683518e-01
  -4.6073082e-02  -1.4749121e-01
  -3.9303648e-02  -1.5088746e-01
  -2.8432668e-02  -1.6341136e-01
  -3.8668151e-02  -1.6646197e-01
  -3.3268999e-02  -1.7049015e-01
  -4.1078515e-02  -1.6452570e-01
  -4.2477775e-02  -1.6323401e-01
  -4.5112842e-02  -1.6643367e-01
  -2.8169492e-02  -1.7662199e-01
  -4.2728949e-02  -1.6369457e-01
  -2.6962825e-02  -1.8080065e-01
  -3.2158718e-02  -1.7751593e-01
  -3.5994868e-02  -1.8040870e-01
  -2.9493456e-02  -1.8297047e-01
  -2.2902016e-02  -1.8929234e-01
  -1.2641283e-02  -1.9158884e-01
  -4.9996929e-03  -2.0008945e-01
  -2.5009578e-03  -1.9774479e-01
   0.0000000e+00  -1.9084253e-01
   3.7211472e-03  -1.9291913e-01
  -1.2526437e-03  -1.8483408e-01
   5.0045145e-03  -1.9360084e-01
   1.2594932e-03  -1.9262934e-01
   1.6348077e-02  -1.9349231e-01
   1.7539650e-02  -1.9631632e-01
   1.4983214e-02  -1.9193772e-01
   1.7556517e-02  -1.8804579e-01
   1.8744336e-02  -1.8550559e-01
   1.3830140e-02  -1.7488404e-01
