   7.9356706e-02   3.0290640e-02
   8.3245063e-02   3.1851598e-02
   8.1972062e-02   2.8720425e-02
   7.9369774e-02   2.8723882e-02
   7.5462273e-02   2.9251205e-02
   7.4148774e-02   3.0819955e-02
   8.3355249e-02   2.8746919e-02
   8.3515291e-02   2.9327319e-02
   8.0812063e-02   3.0871776e-02
   8.2129298e-02   2.9300239e-02
   8.2191731e-02   3.1424076e-02
   8.3327023e-02   3.1882947e-02
   8.2034616e-02   3.0839509e-02
   8.0653052e-02   3.0811052e-02
   7.5589537e-02   3.1925746e-02
   7.6595354e-02   3.1277253e-02
   7.9361138e-02   2.9768387e-02
   7.9534703e-02   2.7733936e-02
   8.0905438e-02   2.9330927e-02
   8.0587257e-02   2.9215655e-02
   8.0741594e-02   2.9795913e-02
   8.0732479e-02   3.0841384e-02
   8.3327023e-02   3.1882947e-02
   8.5786435e-02   2.9208411e-02
   8.2052823e-02   2.8748695e-02
   8.0741594e-02   2.9795913e-02
   8.3277615e-02   2.8196497e-02
   8.4712412e-02   3.1912352e-02
   8.1953908e-02   3.0809183e-02
   7.9517636e-02   2.9827063e-02
   8.4574349e-02   2.8716857e-02
   8.3767900e-02   2.8889082e-02
   7.9434865e-02   3.0320463e-02
   8.3259494e-02   3.0285126e-02
   8.4560424e-02   3.0283231e-02
   8.3593183e-02   2.9880487e-02
   8.4629008e-02   3.1880947e-02
   8.1972062e-02   2.8720425e-02
   8.6040217e-02   2.9294716e-02
   8.6129816e-02   2.8799961e-02
   8.6020754e-02   3.1387195e-02
   8.6105623e-02   3.1418140e-02
   8.7324098e-02   3.1385162e-02
   7.9456326e-02   2.7706630e-02
   8.3177652e-02   3.0255378e-02
   8.4741164e-02   2.8773432e-02
   7.9365494e-02   2.9246135e-02
   8.3081624e-02   3.1789085e-02
   8.2039287e-02   3.0316806e-02
   8.2115483e-02   3.0869895e-02
   8.3273205e-02   2.8718654e-02
   8.4633989e-02   3.1358309e-02
   7.9347612e-02   3.1335144e-02
   7.9513178e-02   3.0350345e-02
   8.3432937e-02   2.9298426e-02
   8.4633989e-02   3.1358309e-02
   8.0657635e-02   3.0288831e-02
   7.9499341e-02   3.1920190e-02
   8.0830034e-02   2.8778774e-02
   8.3186846e-02   2.9212089e-02
   8.3583690e-02   3.0928925e-02
   8.3336753e-02   3.0837604e-02
   8.7086229e-02   2.9206530e-02
   8.7243163e-02   3.0831713e-02
   8.8812757e-02   3.0396857e-02
   7.6906188e-02   3.0353895e-02
   7.4226021e-02   3.0327427e-02
   7.4315434e-02   2.8263720e-02
   7.4380806e-02   2.9339453e-02
   7.5681554e-02   2.9861694e-02
   7.5462273e-02   2.9251205e-02
   7.7906807e-02   2.9711680e-02
   7.7053714e-02   3.0938234e-02
   7.5598381e-02   3.0879000e-02
   8.0662140e-02   2.9766610e-02
   7.6687874e-02   2.9220795e-02
   8.0918369e-02   2.7759628e-02
   7.4217498e-02   3.1373200e-02
   7.5532459e-02   2.9802872e-02
   7.6982083e-02   3.0383847e-02
   7.6683673e-02   2.9742595e-02
   7.6843120e-02   2.8755520e-02
   7.6914739e-02   2.9307209e-02
   8.1900036e-02   2.7648857e-02
   8.8632585e-02   3.0860047e-02
   8.5830846e-02   3.3413855e-02
   8.6005285e-02   3.2956555e-02
   8.7593213e-02   3.0428888e-02
   8.0679384e-02   2.7677725e-02
   8.4670906e-02   2.7177201e-02
   7.9386128e-02   2.6634873e-02
   7.4454297e-02   2.9368438e-02
   8.3568844e-02   3.2501582e-02
   8.3568844e-02   3.2501582e-02
   8.6025744e-02   3.0864075e-02
   8.0657635e-02   3.0288831e-02
   8.6138909e-02   2.7752690e-02
   8.9867378e-02   2.8737628e-02
   8.7324098e-02   3.1385162e-02
   8.7227758e-02   3.2399427e-02
   9.1149573e-02   3.0825555e-02
   8.7496579e-02   3.1447100e-02
   9.3856882e-02   2.9805817e-02
   9.5044886e-02   3.1863848e-02
   9.6447512e-02   3.1370086e-02
   9.5343106e-02   3.0386385e-02
   9.2366002e-02   3.0271247e-02
   9.6548280e-02   3.0877630e-02
   8.7248130e-02   3.0309142e-02
   8.3428340e-02   2.9821613e-02
   8.3341497e-02   3.0314933e-02
   8.2214824e-02   2.8805403e-02
   8.7248130e-02   3.0309142e-02
   9.1144296e-02   3.1348022e-02
   8.8463213e-02   3.0277369e-02
   8.8637641e-02   3.0336995e-02
   9.1329454e-02   3.0886304e-02
   8.7071667e-02   3.0771166e-02
   8.7318948e-02   3.1908248e-02
   8.9951136e-02   2.9288938e-02
   8.7353229e-02   2.8246646e-02
   9.1414337e-02   3.1440782e-02
   8.4555620e-02   3.0805355e-02
   8.3418903e-02   3.0867985e-02
   8.4805922e-02   3.0896479e-02
   8.4574349e-02   2.8716857e-02
   8.4657675e-02   2.8745116e-02
   8.2029867e-02   3.1362213e-02
   8.7152295e-02   3.1323467e-02
   8.5950729e-02   2.9788496e-02
   8.7511613e-02   2.9874745e-02
   8.4467641e-02   3.1296711e-02
   8.8714885e-02   3.1414031e-02
   8.0559610e-02   3.2345904e-02
   8.2219204e-02   2.8281668e-02
   8.0675190e-02   2.8199946e-02
   7.4238269e-02   2.8758767e-02
   7.5519560e-02   3.1371444e-02
   7.6914739e-02   2.9307209e-02
   7.9352197e-02   3.0812892e-02
   8.2048390e-02   2.9271398e-02
   7.9665705e-02   3.0934600e-02
   8.0578351e-02   3.0259072e-02
   8.3496362e-02   3.1422127e-02
   8.0896426e-02   3.0378460e-02
   7.9517636e-02   2.9827063e-02
   7.6817099e-02   3.1892486e-02
   7.9287463e-02   2.9217396e-02
   7.8222613e-02   2.8782197e-02
   8.3501215e-02   3.0898425e-02
   8.9909052e-02   3.3473072e-02
   9.6626476e-02   3.2479665e-02
   1.0037472e-01   2.9795015e-02
   9.4130020e-02   3.0418532e-02
   9.2542846e-02   3.0853782e-02
   9.3846266e-02   3.0851635e-02
   9.1515297e-02   3.0422763e-02
   9.1339806e-02   2.9839311e-02
   9.3672163e-02   2.9747266e-02
   1.0157245e-01   3.0285670e-02
   9.7955246e-02   3.0381992e-02
   1.0418270e-01   2.9758940e-02
   1.1066870e-01   3.1834547e-02
   1.0562227e-01   3.5568967e-02
   1.0293935e-01   3.3448977e-02
   9.8968028e-02   3.0290198e-02
   9.5082126e-02   2.8207341e-02
   9.3949515e-02   2.9835178e-02
   9.5348474e-02   2.9862482e-02
   9.5542548e-02   2.9396544e-02
   9.5259629e-02   2.9309681e-02
   9.6453107e-02   3.0847251e-02
   9.2537477e-02   3.1376728e-02
   8.9936005e-02   3.0857988e-02
   8.9769156e-02   2.9753368e-02
   8.5795586e-02   2.8165253e-02
   8.8652295e-02   2.8767840e-02
   8.9748583e-02   3.1841324e-02
   9.1313264e-02   3.2456795e-02
   9.1059898e-02   3.0795270e-02
   9.0186706e-02   3.2523098e-02
   8.8720041e-02   3.0890464e-02
   9.0232501e-02   2.7802003e-02
   8.8555297e-02   2.9784616e-02
   8.4722324e-02   3.0866045e-02
   8.8627443e-02   3.1383099e-02
   8.8545300e-02   3.0829690e-02
   9.6755563e-02   2.9365419e-02
   9.2366002e-02   3.0271247e-02
   9.4037036e-02   3.0388538e-02
   9.6352542e-02   3.1339253e-02
   9.7858580e-02   3.0352075e-02
   1.0165489e-01   3.1883490e-02
   9.9261316e-02   3.0379751e-02
   9.6531165e-02   3.2447679e-02
   9.3877026e-02   2.7714180e-02
   9.1334675e-02   3.0362808e-02
   9.7750856e-02   3.1367812e-02
   9.5050480e-02   3.1341490e-02
   9.6542669e-02   3.1400980e-02
   9.8886931e-02   2.8695268e-02
   9.1164878e-02   2.9258154e-02
   9.5254369e-02   2.9833069e-02
   9.1228752e-02   3.1901863e-02
   9.6643642e-02   3.0908068e-02
   9.4037036e-02   3.0388538e-02
   8.9930788e-02   3.1381005e-02
   9.3877026e-02   2.7714180e-02
   9.0222938e-02   2.8851135e-02
   8.8524283e-02   3.2919838e-02
   9.4962465e-02   3.0788865e-02
   8.8698900e-02   3.2984732e-02
   9.0123900e-02   2.9870772e-02
   8.5861354e-02   3.0281306e-02
   9.1264568e-02   2.8240993e-02
   8.8555297e-02   2.9784616e-02
   8.9920093e-02   3.2427039e-02
   9.3835288e-02   3.1897453e-02
   9.1223283e-02   3.2424844e-02
   9.4973165e-02   2.9745175e-02
   9.6626476e-02   3.2479665e-02
   9.7767586e-02   2.9799421e-02
   9.8973567e-02   2.9767954e-02
   9.8989611e-02   2.8201219e-02
   1.0959535e-01   3.0853872e-02
   1.1448180e-01   3.0231651e-02
   1.1334923e-01   3.4472006e-02
   1.2014456e-01   3.1386156e-02
   1.2254213e-01   2.9230996e-02
   1.2229421e-01   2.9694738e-02
   1.2237924e-01   3.2331184e-02
   1.2239377e-01   3.1288242e-02
   1.2251441e-01   3.1318925e-02
   1.2382493e-01   3.0794120e-02
   1.2266308e-01   2.9259690e-02
   1.2251441e-01   3.1318925e-02
   1.2405497e-01   3.1900543e-02
   1.2630727e-01   3.0758242e-02
   1.2132348e-01   3.1875059e-02
   1.2144328e-01   3.1906383e-02
   1.2131619e-01   3.2397601e-02
   1.1100959e-01   3.0881695e-02
   1.0957592e-01   3.2422713e-02
   1.0548499e-01   2.9756616e-02
   4.0297927e-02   2.8211671e-02
   3.6501910e-02   2.9345820e-02
   4.5504611e-02   2.6640939e-02
   4.1755340e-02   2.9895890e-02
   4.6884794e-02   2.9309524e-02
   4.8274140e-02   3.0939642e-02
   5.5842209e-02   2.8171775e-02
   6.1267687e-02   2.9849068e-02
   6.3878343e-02   2.9322652e-02
   6.9013248e-02   3.0856922e-02
   6.3997428e-02   3.0429946e-02
   7.0269141e-02   2.7690201e-02
   8.0816672e-02   3.0348525e-02
   9.1075157e-02   2.9229409e-02
   1.0146088e-01   3.1299258e-02
   1.0666400e-01   3.1289560e-02
   9.9030260e-02   3.3456541e-02
   1.0174907e-01   3.2438065e-02
   9.4014949e-02   3.2484299e-02
   8.4717409e-02   3.1389198e-02
   8.1895787e-02   2.8170533e-02
   7.5623160e-02   2.7738763e-02
   7.9526323e-02   2.8780499e-02
   7.1688120e-02   3.0884105e-02
   7.1758857e-02   3.0914593e-02
   8.2110719e-02   3.1393114e-02
   7.1538726e-02   3.1868167e-02
   6.2629491e-02   3.0401331e-02
   5.5918821e-02   2.4021803e-02
   5.7280641e-02   2.2999045e-02
   7.1640950e-02   2.7716015e-02
   8.2010080e-02   3.3453027e-02
   8.9867684e-02   3.7134189e-02
   8.2161399e-02   3.4566483e-02
   8.4727157e-02   3.0342892e-02
   9.8722466e-02   2.5514782e-02
   9.7681932e-02   2.8725570e-02
   1.1092476e-01   2.8759718e-02
   1.0803825e-01   3.3927585e-02
   1.0685505e-01   3.2918607e-02
   9.8970822e-02   3.8161368e-02
   7.6888196e-02   3.2447268e-02
   7.0338387e-02   2.7717486e-02
   8.0717046e-02   2.2455513e-02
   7.6963060e-02   2.2503750e-02
   7.8128206e-02   3.0845045e-02
   6.5048376e-02   3.8184648e-02
   7.2893276e-02   3.3989503e-02
   7.5668578e-02   3.1433362e-02
   8.9713485e-02   2.6073825e-02
   8.7094083e-02   4.9693173e-02
   8.7095519e-02   2.8163440e-02
   8.8433669e-02   2.3467999e-02
   7.5435162e-02   2.2438668e-02
   7.1591297e-02   2.4554161e-02
   7.9300035e-02   2.7652179e-02
   7.5379747e-02   3.0266111e-02
   6.2286795e-02   4.2289923e-02
   4.9515926e-02   4.0901754e-02
   6.0039291e-02   2.7258872e-02
   7.5616705e-02   1.6208580e-02
   7.4396767e-02   1.3608458e-02
   7.0271634e-02   3.6085028e-02
   6.0108530e-02   4.2061402e-02
   5.7290645e-02   3.9280325e-02
   4.4294531e-02   3.5103795e-02
   2.6056431e-02   2.5657045e-02
   2.8677513e-02   1.8849301e-02
   4.0347947e-02   9.9263287e-03
   4.1656845e-02   2.3532191e-02
   4.5565365e-02   4.0341807e-02
   4.4279114e-02   4.4578709e-02
   5.0665512e-02   4.1302077e-02
   4.6916135e-02   2.1982143e-02
   5.3372833e-02   2.3524669e-02
   6.3744560e-02   1.9316710e-02
   7.0229771e-02   2.2965485e-02
   6.9017178e-02   3.0333923e-02
   7.8171007e-02   4.1906318e-02
   7.6611325e-02   4.4396628e-02
   6.5207460e-02   3.4591302e-02
   6.7857036e-02   1.7276866e-02
   8.3224701e-02   6.7747231e-03
   8.2103236e-02   2.1953549e-02
   8.4717244e-02   3.9275186e-02
   7.6673712e-02   4.5486005e-02
   8.2058735e-02   3.6625299e-02
   8.5936051e-02   3.1356312e-02
   8.9722016e-02   2.5030872e-02
   9.4948173e-02   2.1895994e-02
   1.0686010e-01   2.2446198e-02
   1.0052503e-01   3.4043729e-02
   8.7319672e-02   4.6122413e-02
   8.9822310e-02   4.7117897e-02
   8.4379774e-02   3.1787103e-02
   8.5981700e-02   1.1486012e-02
   8.4512170e-02   1.1464201e-02
   8.6224045e-02   2.7780078e-02
   8.4795981e-02   3.1943818e-02
   7.5606933e-02   2.9832254e-02
   7.4184122e-02   2.6118606e-02
   7.5648739e-02   2.4075152e-02
   6.7703206e-02   3.1904550e-02
   7.9427831e-02   2.0367844e-02
   6.9168537e-02   2.8297699e-02
   6.9141339e-02   3.1965920e-02
   6.7891315e-02   3.3572888e-02
   7.1542929e-02   3.1345738e-02
   7.8128206e-02   3.0845045e-02
   7.5598381e-02   3.0879000e-02
   8.2247629e-02   2.4615526e-02
   8.3231689e-02   2.3474000e-02
   7.8196073e-02   3.1922073e-02
   7.8002872e-02   3.6037533e-02
   8.9803403e-02   3.5007656e-02
   9.2451710e-02   3.0823444e-02
   1.0030749e-01   2.6632507e-02
   9.9014438e-02   2.5589995e-02
   1.0186762e-01   3.0898893e-02
   1.0432516e-01   3.5048642e-02
   1.0944064e-01   3.4480596e-02
   1.1694137e-01   3.2279414e-02
   1.1992151e-01   3.0280424e-02
   1.1470754e-01   3.0291007e-02
   1.1091262e-01   2.9805526e-02
   1.0926556e-01   3.1284532e-02
   1.0825130e-01   3.3994318e-02
   1.0681384e-01   3.6053712e-02
   9.3823947e-02   3.2943271e-02
   9.0092767e-02   2.3035416e-02
   9.1128293e-02   2.2965964e-02
   8.5945919e-02   3.0311101e-02
   8.2161399e-02   3.4566483e-02
   8.5904461e-02   3.4491943e-02
   7.6750485e-02   3.0816483e-02
   7.2995704e-02   3.0359002e-02
   6.9035825e-02   2.7718930e-02
   5.8676147e-02   2.7233175e-02
   5.8621260e-02   2.6683119e-02
   5.4579091e-02   3.1334079e-02
   4.9375245e-02   3.2383580e-02
   4.5662073e-02   3.1466261e-02
   4.2988924e-02   2.6695297e-02
   3.9121325e-02   2.6200139e-02
   4.2946594e-02   2.6668972e-02
   9.3621838e-02   3.4444203e-02
   9.3829663e-02   3.2420362e-02
   9.7596030e-02   2.7653827e-02
   1.0314520e-01   2.3541956e-02
   1.0038569e-01   2.8749576e-02
   1.0279785e-01   3.6548886e-02
   9.7894886e-02   3.5620266e-02
   1.0148922e-01   2.8690987e-02
   1.0040141e-01   2.7181417e-02
   9.4879799e-02   2.9715992e-02
   8.6020754e-02   3.1387195e-02
   8.3432937e-02   2.9298426e-02
   8.7348585e-02   2.8769732e-02
   8.6015680e-02   3.1910315e-02
   8.4680720e-02   3.5051271e-02
   8.0633947e-02   3.2899937e-02
   7.6581762e-02   2.2914153e-02
   7.1711617e-02   2.7743349e-02
   7.6732304e-02   3.2905736e-02
   7.7960913e-02   3.2349728e-02
   7.9342950e-02   3.1857397e-02
   8.4643708e-02   3.0313032e-02
   8.2120167e-02   3.0346677e-02
   7.9274204e-02   3.0782614e-02
   8.0758889e-02   2.7704972e-02
   7.3079844e-02   2.8817125e-02
   6.8746341e-02   3.0214823e-02
   6.9081279e-02   3.0887359e-02
   7.1484780e-02   2.9749170e-02
   6.7789262e-02   2.9318317e-02
   6.4865656e-02   2.8656265e-02
   6.6231457e-02   2.8161517e-02
   6.7718756e-02   2.9812448e-02
   7.0445892e-02   3.1964248e-02
   6.9021040e-02   2.9810924e-02
   6.7519233e-02   2.9724564e-02
   7.2882646e-02   2.6120040e-02
   7.2939713e-02   2.8237433e-02
   7.4363947e-02   3.1435128e-02
   7.8032852e-02   3.2903835e-02
   7.4062867e-02   3.2355232e-02
   7.0466027e-02   2.9344228e-02
   7.0330991e-02   2.8763429e-02
   6.6309967e-02   2.6101129e-02
   6.5117770e-02   2.9292333e-02
   6.2567746e-02   3.0371328e-02
   6.9092901e-02   2.9316816e-02
   6.2448109e-02   2.9788887e-02
   6.3745550e-02   3.0310070e-02
   6.7663063e-02   2.8215565e-02
   6.6278433e-02   3.0799333e-02
   6.6213354e-02   3.0769065e-02
   5.5988639e-02   3.1394598e-02
   5.2145586e-02   2.9334122e-02
   5.3305401e-02   2.6635041e-02
   4.9548747e-02   2.7240903e-02
   4.9438086e-02   2.9801349e-02
   4.8237278e-02   2.8813549e-02
   4.8147375e-02   2.7711038e-02
   4.8176271e-02   3.1401944e-02
   5.4743655e-02   3.0903117e-02
   5.7303638e-02   2.9300382e-02
   4.8134395e-02   3.0325287e-02
   4.8094984e-02   2.8728416e-02
   4.9481197e-02   3.0877449e-02
   4.5589696e-02   2.7740332e-02
   4.6892258e-02   2.7739371e-02
   5.3396571e-02   2.9304024e-02
   4.3017738e-02   2.9865400e-02
   4.4287133e-02   2.7741265e-02
   4.8192310e-02   2.8261750e-02
   5.1934982e-02   3.0262224e-02
   5.3430780e-02   3.2475779e-02
   5.0647585e-02   2.8176253e-02
   4.8139726e-02   2.9279587e-02
   4.9638896e-02   2.8869524e-02
   4.9389484e-02   2.9772001e-02
   5.2242798e-02   3.0441896e-02
   5.2153904e-02   2.7762651e-02
   5.7247242e-02   2.9271512e-02
   5.8426854e-02   3.0255993e-02
   5.6099118e-02   3.1456653e-02
   5.6047076e-02   3.0901835e-02
   5.3341093e-02   2.9797914e-02
   5.3302738e-02   2.7157296e-02
   5.9808990e-02   2.6107272e-02
   6.3885197e-02   2.8275415e-02
   6.8937318e-02   3.1871511e-02
   6.9009253e-02   3.1379920e-02
   6.3797252e-02   3.1909258e-02
   6.6282192e-02   3.0277310e-02
   6.9032228e-02   2.8241928e-02
   7.0134621e-02   2.7114364e-02
   6.8978219e-02   2.6124190e-02
   6.6274611e-02   3.1321355e-02
   6.8960925e-02   3.7132906e-02
   6.2475972e-02   3.4526402e-02
   6.2277527e-02   2.7616835e-02
