  -9.8568387e-02   2.2349732e-01
  -1.3421171e-02   1.7252414e-02
  -1.4846502e-02   2.1675521e-03
   0.0000000e+00  -7.0234455e-03
  -1.6292494e-02  -1.1449745e-02
   2.7123184e-03  -2.7808583e-02
   0.0000000e+00  -3.1016427e-02
   2.6985670e-03  -3.6383120e-02
   1.3344523e-02  -5.4397598e-02
   2.4041491e-02  -4.9544557e-02
   3.8669073e-02  -6.3054967e-02
   2.8052528e-02  -8.0268052e-02
   2.9528637e-02  -7.7873211e-02
   2.1265852e-02  -9.0396509e-02
   1.1909082e-02  -9.7783856e-02
   1.5875522e-02  -9.2190486e-02
   6.5638896e-03  -1.0309898e-01
   1.7033124e-02  -1.0566899e-01
   7.9277651e-03  -1.0773036e-01
   9.1996104e-03  -1.1897656e-01
   2.3496611e-02  -1.2547698e-01
   5.1957029e-03  -1.3223015e-01
   2.5689675e-03  -1.4546893e-01
   2.5752960e-03  -1.5281187e-01
   1.2911118e-03  -1.5150552e-01
  -1.2841214e-03  -1.5819281e-01
   2.5855329e-03  -1.6290949e-01
   1.3049774e-02  -1.6458745e-01
   3.9141883e-03  -1.6878549e-01
   2.2427422e-02  -1.7329513e-01
  -6.4998390e-03  -1.7538146e-01
   5.1653219e-03  -1.8692785e-01
  -2.1724999e-02  -1.8533593e-01
  -2.0402988e-02  -1.9408893e-01
  -1.4096901e-02  -1.9271483e-01
  -1.6672071e-02  -1.9660392e-01
  -2.0482163e-02  -2.0119636e-01
  -1.9106380e-02  -2.0255833e-01
  -1.9009616e-02  -2.0891202e-01
  -1.8908622e-02  -2.1393946e-01
  -1.5128829e-02  -2.1844396e-01
  -1.5048226e-02  -2.2027128e-01
  -1.1292648e-02  -2.1787352e-01
  -1.0037909e-02  -2.1787547e-01
  -8.6908266e-03  -2.2597581e-01
  -1.2464745e-02  -2.2767554e-01
  -8.8016886e-03  -2.2549097e-01
  -7.5575512e-03  -2.2596035e-01
  -1.7698357e-02  -2.2365615e-01
  -7.5443046e-03  -2.2549254e-01
   1.0782895e-02  -2.7637112e-02
   8.0938281e-03  -1.7341187e-02
  -1.6097428e-02   2.1543114e-03
  -1.0676382e-02   7.5022824e-03
  -5.4150998e-03   5.4358517e-03
  -3.1160169e-02   1.3599905e-02
  -5.3279516e-03   0.0000000e+00
  -6.7117237e-03   3.6737545e-02
  -1.4633253e-02   2.6739019e-02
  -2.1497700e-02   2.8630239e-02
  -2.2806197e-02   4.7584678e-02
  -1.9038298e-02   3.1173217e-02
  -2.7287846e-02   3.7888237e-02
  -4.0402358e-03   4.8872720e-02
  -2.2904626e-02   5.2176685e-02
  -2.8216463e-02   6.0805599e-02
  -4.0317066e-02   8.0744170e-02
  -5.3164873e-02   8.6998990e-02
  -4.1346582e-02   8.9012489e-02
  -3.0557350e-02   8.1474601e-02
  -3.9722215e-02   8.6138838e-02
  -3.8265882e-02   8.7490105e-02
  -3.6982844e-02   8.7581326e-02
  -5.8673142e-02   1.1059240e-01
  -6.2575069e-02   1.2121439e-01
  -6.5375733e-02   1.2384803e-01
  -6.5130546e-02   1.3704942e-01
  -6.4137132e-02   1.3314587e-01
  -6.7645994e-02   1.2630210e-01
  -4.7244214e-02   1.2726555e-01
  -7.5662665e-02   1.3146133e-01
  -8.1593746e-02   1.3839932e-01
  -8.0904359e-02   1.5380048e-01
  -7.6117868e-02   1.5871263e-01
  -8.5695059e-02   1.6534383e-01
  -8.4031229e-02   1.5665204e-01
  -7.7889248e-02   1.5859055e-01
  -6.2904420e-02   1.5853492e-01
  -8.2487257e-02   1.6439276e-01
  -9.6678166e-02   1.6015413e-01
  -8.5835886e-02   1.6035031e-01
  -9.0022132e-02   1.7016927e-01
  -9.3629517e-02   1.7209241e-01
  -8.3307109e-02   1.7468005e-01
  -8.6501032e-02   1.8814421e-01
  -8.2366565e-02   1.8902320e-01
  -9.0824701e-02   1.9067296e-01
  -8.0607568e-02   1.9222411e-01
  -6.9706808e-02   1.8698801e-01
  -6.5395274e-03   1.1050466e-01
  -1.5779695e-02   9.8260215e-02
  -6.5651885e-03   8.7085587e-02
  -6.5744748e-03   8.2277181e-02
  -6.5748728e-03   7.8458220e-02
  -3.9788386e-03   6.8733218e-02
  -1.4518476e-02   6.3510706e-02
  -1.9800624e-02   4.7354068e-02
  -3.4312984e-02   4.2513129e-02
  -1.4554499e-02   3.0329476e-02
  -1.8513261e-02   2.6045577e-02
  -1.4540772e-02   2.9767496e-02
  -9.2603535e-03   2.1263267e-02
  -1.3253961e-02   2.2903366e-02
  -3.9661444e-03   1.5931792e-02
  -1.8610272e-02   0.0000000e+00
  -3.1896191e-02  -1.1205187e-02
  -3.4604898e-02  -2.0850545e-02
  -2.9489149e-02  -3.1802820e-02
  -2.0106238e-02  -3.1807080e-02
  -2.4160356e-02  -2.8600084e-02
  -3.2150261e-02  -2.7999803e-02
  -4.1600643e-02  -3.8879675e-02
  -4.7018255e-02  -4.5445941e-02
  -3.4847758e-02  -6.2840783e-02
  -4.0227869e-02  -6.0666761e-02
  -4.1610793e-02  -6.0726859e-02
  -4.2435441e-02  -6.9234138e-02
  -3.0661146e-02  -6.8524995e-02
  -1.1891886e-02  -7.5558044e-02
  -1.0492307e-02  -8.7529889e-02
  -2.6459521e-02  -8.5535669e-02
  -3.9491586e-02  -9.5001718e-02
  -4.3685646e-02  -9.9453835e-02
  -3.0562366e-02  -1.0043318e-01
  -1.9888582e-02  -1.1208117e-01
  -2.6529086e-02  -1.1098277e-01
  -3.5806873e-02  -1.1150747e-01
  -3.5521908e-02  -1.2134436e-01
  -3.6812804e-02  -1.2296597e-01
  -3.8068527e-02  -1.3366397e-01
  -4.5889076e-02  -1.4509630e-01
  -3.6806159e-02  -1.3967418e-01
  -3.1191620e-02  -1.4844202e-01
  -4.5765236e-02  -1.4643150e-01
  -3.3698533e-02  -1.4567196e-01
  -5.0537423e-02  -1.6023084e-01
  -4.7749168e-02  -1.6604876e-01
  -3.3847652e-02  -1.5932497e-01
  -4.9237819e-02  -1.6617964e-01
  -4.6788768e-02  -1.6435077e-01
  -5.5209238e-02  -1.3960170e-01
  -4.3088182e-02  -1.3865320e-01
  -4.8471538e-02  -1.2417267e-01
  -4.4604658e-02  -1.2323198e-01
  -4.8879804e-02  -1.1612560e-01
  -2.7933331e-02  -1.0902806e-01
  -3.2127471e-02  -1.0574820e-01
  -1.7464349e-02  -1.0159700e-01
  -1.6024822e-02  -1.0097066e-01
  -6.6026118e-03  -1.0653943e-01
  -1.5870620e-02  -8.9942499e-02
  -3.1887546e-02  -7.7616748e-02
  -2.0037889e-02  -7.2534898e-02
  -1.3374849e-02  -5.8345593e-02
  -1.0694868e-02  -5.0140761e-02
   5.3641698e-03  -4.9754688e-02
  -6.7208173e-03  -4.1684850e-02
   0.0000000e+00  -3.1940756e-02
   8.0649849e-03  -3.4070790e-02
   1.3433426e-03  -1.8890011e-02
  -4.0398889e-03  -1.1357090e-02
  -4.0314809e-03  -1.2413384e-02
  -2.6911091e-03   2.1610557e-03
   1.2109463e-02   5.4024230e-03
  -1.3426718e-03   8.0874831e-03
  -1.3450564e-03   1.4587148e-02
  -2.6910420e-03   2.4336684e-02
   1.3502573e-03   1.8444207e-02
  -4.0726561e-03   2.7837148e-02
   2.7298260e-03   2.5238041e-02
  -2.6799821e-03   3.4506541e-02
   2.6674860e-03   3.9199514e-02
   1.3358121e-02   4.2505424e-02
   1.4615392e-02   4.4431601e-02
  -1.0586090e-02   6.0966732e-02
  -1.3120339e-02   7.5558441e-02
  -1.4424274e-02   8.4773481e-02
  -1.1813506e-02   8.8151614e-02
  -1.0466404e-02   9.2240473e-02
  -2.4931144e-02   9.8586460e-02
  -2.2412215e-02   9.9629442e-02
  -2.7681687e-02   1.0295718e-01
  -2.3718198e-02   1.0684560e-01
  -3.6729384e-02   1.0799906e-01
  -7.1090300e-02   1.1447940e-01
  -5.3588466e-02   1.3184385e-01
  -5.3680941e-02   1.4367517e-01
  -1.1813265e-01   2.2006876e-01
  -1.2456566e-01   2.2557299e-01
  -1.2765274e-01   2.1985438e-01
  -1.2163644e-01   2.1470645e-01
  -1.1597550e-01   2.0603282e-01
  -1.1565625e-01   1.9320744e-01
  -1.0541062e-01   1.9295771e-01
  -9.1323079e-02   1.8824554e-01
  -9.6616581e-02   1.8822179e-01
  -1.0729961e-01   1.8816364e-01
  -1.0342801e-01   1.7912238e-01
  -9.7395442e-02   1.6913641e-01
  -9.8270564e-02   1.6008955e-01
  -1.0801814e-01   1.4933802e-01
  -1.0110170e-01   1.3507139e-01
  -1.0256394e-01   1.3411242e-01
  -1.0075860e-01   1.2718093e-01
  -1.0316229e-01   1.3030093e-01
  -1.0208808e-01   1.1970660e-01
  -8.7220667e-02   1.0976057e-01
  -7.9090851e-02   1.0839073e-01
  -7.3316355e-02   9.3891757e-02
  -6.1126002e-02   9.4190349e-02
  -7.2029366e-02   9.5079859e-02
  -6.6694402e-02   8.1723534e-02
  -7.7568230e-02   7.1949251e-02
  -7.0728430e-02   5.9222223e-02
  -7.0646487e-02   4.9381045e-02
  -7.1040942e-02   3.9880858e-02
  -6.9768060e-02   3.2337586e-02
  -7.3022899e-02   2.5509623e-02
  -7.3444581e-02   1.7457505e-02
  -6.7890852e-02   9.2573075e-03
  -6.6402336e-02   5.9780661e-03
  -6.9328234e-02  -4.3606217e-03
  -8.5640760e-02  -4.3574703e-03
  -6.9825759e-02  -3.2304781e-03
  -7.7561662e-02  -6.9687279e-03
  -6.9607588e-02  -7.5149115e-03
  -7.2390594e-02  -1.9361112e-02
  -6.8811123e-02  -2.7628708e-02
  -5.5274584e-02  -4.2319234e-02
  -7.1912579e-02  -5.3030077e-02
  -5.3970213e-02  -6.0473507e-02
  -5.7880050e-02  -6.1972490e-02
  -5.7822087e-02  -5.6963185e-02
  -5.2203195e-02  -7.2634067e-02
  -4.6595575e-02  -7.3894017e-02
  -5.4404408e-02  -7.8570038e-02
  -5.8383183e-02  -9.2386521e-02
  -5.7197866e-02  -2.0173887e-01
  -5.2623927e-02  -1.9435465e-01
  -4.3974699e-02  -1.9319164e-01
  -4.2417310e-02  -1.9649752e-01
  -4.7476058e-02  -1.9740009e-01
  -4.3743155e-02  -1.9023422e-01
  -4.7515299e-02  -1.8432955e-01
  -6.0422596e-02  -1.7788125e-01
  -5.2964796e-02  -1.7296156e-01
  -5.0987251e-02  -1.6438532e-01
  -4.7233755e-02  -1.6349875e-01
  -5.2298033e-02  -1.6685711e-01
  -4.8641751e-02  -1.6221224e-01
  -4.6518091e-02  -1.6748317e-01
  -5.0574479e-02  -1.6273675e-01
  -5.0732805e-02  -1.5674978e-01
  -6.2714785e-02  -1.5210057e-01
  -5.2338679e-02  -1.4067141e-01
  -5.9451805e-02  -1.2351648e-01
  -5.3136866e-02  -1.2022785e-01
  -4.2286689e-02  -1.1277473e-01
  -5.8874697e-02  -1.0108264e-01
  -4.1156819e-02  -9.6955396e-02
  -3.6441013e-02  -9.0680207e-02
  -3.2966984e-02  -7.9207072e-02
  -6.3405351e-02  -7.6542866e-02
  -7.5228741e-02  -6.6208831e-02
  -5.1207886e-02  -5.6548355e-02
  -6.0255642e-02  -5.3551589e-02
  -3.5381443e-02  -4.8264095e-02
  -4.2029913e-02  -3.8734127e-02
  -2.4140047e-02  -4.3213929e-02
  -4.6420182e-02  -2.6643448e-02
  -7.2146470e-02  -1.2625281e-02
  -6.8333382e-02  -2.5819003e-02
  -7.1243360e-02  -2.3737044e-02
  -6.9863012e-02  -1.8686171e-02
  -8.7187513e-02  -6.9868056e-03
  -2.4219567e-02  -3.7812188e-03
  -1.7387884e-02   2.2574103e-02
   3.3732176e-02   1.3001888e-02
   4.0514058e-03   3.7507515e-02
  -1.4726000e-02   4.1513169e-02
  -2.9272097e-02   4.1789460e-02
  -3.9773613e-02   4.5392554e-02
  -3.9630448e-02   6.4083605e-02
  -2.5144452e-02   5.5554327e-02
  -3.2781470e-02   6.5765196e-02
  -3.0083746e-02   7.5845767e-02
  -8.3841143e-02   2.3835661e-01
  -8.4531378e-02   2.4301311e-01
  -9.1749573e-02   2.4772561e-01
  -9.1442529e-02   2.4672139e-01
  -7.7431208e-02   2.4144328e-01
  -8.6214063e-02   2.4127641e-01
  -8.4539527e-02   2.3679639e-01
  -8.4386548e-02   2.3498123e-01
  -8.8269212e-02   2.3674409e-01
  -1.0074874e-01   2.3148159e-01
  -1.0605498e-01   2.2837485e-01
  -1.0383039e-01   2.2460832e-01
  -9.5256524e-02   2.1885037e-01
  -8.7773673e-02   2.1210725e-01
  -8.0460500e-02   2.0657248e-01
  -8.2071901e-02   2.0135630e-01
  -7.5920707e-02   1.9634863e-01
  -5.9516658e-02   1.8507356e-01
  -6.5624984e-02   1.8733601e-01
  -5.2933161e-02   1.7935545e-01
  -6.1699555e-02   1.7911741e-01
  -6.3590721e-02   1.7215007e-01
  -6.3910866e-02   1.6480852e-01
  -5.9091651e-02   1.5925697e-01
  -5.5413572e-02   1.5105410e-01
  -5.4359394e-02   1.3559616e-01
  -5.8270450e-02   1.3450631e-01
  -5.1880073e-02   1.1892671e-01
  -7.9699454e-02   1.2310717e-01
  -6.9386292e-02   1.1045890e-01
  -6.8503915e-02   1.0165693e-01
  -6.6230986e-02   1.0056352e-01
  -5.1759087e-02   9.8010038e-02
  -5.0724743e-02   8.6276845e-02
  -5.7218440e-02   8.9872275e-02
  -4.9484299e-02   7.5892372e-02
  -5.8609496e-02   7.1710130e-02
  -6.1641589e-02   5.8944162e-02
  -6.3090985e-02   4.3755830e-02
  -6.4706410e-02   4.2847803e-02
  -5.3735149e-02   3.0229723e-02
  -4.5616494e-02   2.2092588e-02
  -4.4145726e-02   2.0414533e-02
  -4.4178294e-02   1.6116737e-03
  -4.4171139e-02   9.6700420e-03
  -4.0040445e-02   0.0000000e+00
  -4.1580535e-02  -8.0752619e-03
  -3.5121302e-02  -1.0303415e-02
  -2.9577869e-02  -2.1605169e-02
  -2.6974005e-02  -3.1457074e-02
  -5.3319525e-02  -1.7364884e-01
  -5.2193375e-02  -1.7777016e-01
  -5.3577648e-02  -1.8300106e-01
  -5.1681093e-02  -1.9446978e-01
  -6.2009917e-02  -1.8613116e-01
  -5.3846467e-02  -1.9361543e-01
  -4.7426014e-02  -1.8751681e-01
  -6.4721978e-02  -1.8861353e-01
  -5.4579307e-02  -1.9756096e-01
  -5.1121753e-02  -1.9571441e-01
  -3.7622041e-02  -1.9463701e-01
  -3.6528098e-02  -1.9073902e-01
  -3.2768132e-02  -1.9148660e-01
  -2.5255065e-02  -1.8828606e-01
  -2.0084759e-02  -1.9309209e-01
  -3.2873488e-02  -1.8610777e-01
  -3.9340898e-02  -1.8322529e-01
  -3.9426832e-02  -1.7945300e-01
  -4.0867503e-02  -1.6654517e-01
  -4.5002977e-02  -1.5949202e-01
  -4.1180115e-02  -1.5789195e-01
  -4.7951491e-02  -1.5201609e-01
  -4.8093584e-02  -1.5426845e-01
  -4.6824552e-02  -1.4676155e-01
  -4.9485916e-02  -1.4635812e-01
  -3.6346910e-02  -1.4242684e-01
  -3.9108655e-02  -1.4423089e-01
  -4.6013334e-02  -1.4375559e-01
  -3.5371488e-02  -1.4033623e-01
  -3.5788238e-02  -1.3039386e-01
  -2.9222391e-02  -1.1799028e-01
  -3.9563362e-02  -1.1537518e-01
  -4.4772808e-02  -9.3915925e-02
  -5.0993472e-02  -9.7065146e-02
  -2.9994538e-02  -1.0181379e-01
  -4.0951955e-02  -8.7036101e-02
  -4.1496127e-02  -9.3834786e-02
  -3.8974376e-02  -7.2958352e-02
  -1.4894721e-02  -7.1869047e-02
  -4.5869098e-02  -5.6070608e-02
  -4.0523497e-02  -6.0012559e-02
  -3.5202240e-02  -5.3527167e-02
  -4.1775442e-02  -4.5049003e-02
  -3.7713147e-02  -4.1753583e-02
  -4.0359341e-02  -4.2791733e-02
  -3.0723678e-02  -4.2496031e-02
  -2.8006787e-02  -3.1642651e-02
  -4.1552742e-02  -2.0995681e-02
  -3.9859735e-02  -1.6538275e-02
  -7.9658246e-02   1.6266999e-01
  -7.4462836e-02   1.6790008e-01
  -1.0067659e-01   1.6630121e-01
  -9.1571998e-02   1.7906254e-01
  -8.2094401e-02   1.9098679e-01
  -8.2115829e-02   1.8199523e-01
  -9.1830711e-02   1.9244489e-01
  -8.7089615e-02   1.9200975e-01
  -9.0794721e-02   1.8154073e-01
  -8.5544782e-02   1.9740210e-01
  -8.2376432e-02   1.9871043e-01
  -9.1741770e-02   1.9648466e-01
  -9.2855918e-02   2.0343295e-01
  -9.3339547e-02   2.0158296e-01
  -1.0038552e-01   2.0174467e-01
  -8.9378709e-02   1.9439456e-01
  -1.0070150e-01   1.8682192e-01
  -9.7830421e-02   1.8037143e-01
  -7.8210151e-02   1.7934662e-01
  -7.4674338e-02   1.7885143e-01
  -8.5031347e-02   1.7930142e-01
  -8.4799438e-02   1.7341844e-01
  -9.5003428e-02   1.6818160e-01
  -9.5923083e-02   1.6925696e-01
  -9.4840465e-02   1.6204807e-01
  -8.2880951e-02   1.5780676e-01
  -6.5729700e-02   1.6862415e-01
  -6.5731931e-02   1.5529999e-01
  -8.5137700e-02   1.4460722e-01
  -8.2383176e-02   1.2957213e-01
  -8.2945293e-02   1.3340908e-01
  -5.2875546e-02   1.2773080e-01
  -6.4498351e-02   1.3620415e-01
  -6.8094565e-02   1.2939682e-01
  -6.9895118e-02   1.2139042e-01
  -6.1384236e-02   1.1919529e-01
  -5.5093314e-02   1.0236706e-01
  -5.4879120e-02   1.0195503e-01
  -4.9800714e-02   9.6195703e-02
  -6.4570002e-02   9.1710760e-02
  -5.4089583e-02   7.7559779e-02
  -6.3739197e-02   7.5854926e-02
  -6.5295038e-02   5.6427685e-02
  -6.5156704e-02   6.1739225e-02
  -6.2742315e-02   5.7624913e-02
  -3.8633786e-02   4.0215473e-02
  -3.7393491e-02   4.4104012e-02
  -3.0812301e-02   2.7462011e-02
  -3.8732186e-03  -1.4108235e-01
  -6.4374315e-03  -1.3837526e-01
  -1.2889592e-03  -1.4026255e-01
   0.0000000e+00  -1.4600404e-01
  -8.9951730e-03  -1.4668320e-01
  -3.8536336e-03  -1.5357579e-01
  -3.8223867e-03  -1.5569346e-01
  -2.1714347e-02  -1.6251643e-01
  -1.3996522e-02  -1.6594935e-01
  -1.1467598e-02  -1.7629983e-01
  -8.8650969e-03  -1.7809270e-01
  -3.8021895e-02  -1.8719373e-01
  -2.1399154e-02  -1.9186804e-01
  -1.1247413e-02  -1.9213712e-01
  -1.8959447e-02  -1.8668901e-01
  -1.0077983e-02  -1.8721046e-01
  -3.7639508e-03  -1.9727089e-01
  -1.2555597e-03  -1.8771938e-01
   0.0000000e+00  -1.9728370e-01
  -6.2110832e-03  -1.9868091e-01
  -3.7459979e-03  -2.0169948e-01
  -2.5101318e-03  -1.9673388e-01
   0.0000000e+00  -1.8759635e-01
   0.0000000e+00  -1.9350913e-01
   3.7618765e-03  -1.8985786e-01
   0.0000000e+00  -1.7755533e-01
  -8.8647053e-03  -1.7096349e-01
  -5.0512903e-03  -1.6691942e-01
  -1.5226420e-02  -1.5787222e-01
  -2.1769178e-02  -1.5768921e-01
  -1.2768412e-02  -1.5546589e-01
  -2.5644221e-02  -1.5907478e-01
  -1.2937099e-02  -1.5358384e-01
  -1.4264824e-02  -1.5692651e-01
  -1.5671988e-02  -1.5516338e-01
  -2.3505152e-02  -1.5335161e-01
  -1.9595424e-02  -1.5461038e-01
  -1.7069118e-02  -1.3548075e-01
  -2.1078926e-02  -1.2785749e-01
  -2.5095049e-02  -1.1672993e-01
  -1.5771347e-02  -1.1105988e-01
  -2.2346408e-02  -9.9326707e-02
  -2.3828570e-02  -9.3354990e-02
  -3.1877858e-02  -8.9207947e-02
  -1.7227205e-02  -9.0124486e-02
  -2.0075922e-02  -8.4332916e-02
  -2.0141337e-02  -8.0144778e-02
  -6.7052952e-03  -7.7267976e-02
  -2.4315588e-02  -6.4463129e-02
