   1.0816475e-01   3.2393492e-02
   7.9425744e-02   3.1365996e-02
   8.3254764e-02   3.0807284e-02
   8.4591776e-02   2.6628358e-02
   8.3372458e-02   2.6656234e-02
   8.9867378e-02   2.8737628e-02
   8.8709642e-02   3.1937598e-02
   9.1206350e-02   3.3993788e-02
   8.8524283e-02   3.2919838e-02
   9.2451710e-02   3.0823444e-02
   9.2669340e-02   2.7219956e-02
   8.3505988e-02   3.0374723e-02
   8.0816672e-02   3.0348525e-02
   8.0877463e-02   3.2473527e-02
   7.0437362e-02   3.3012256e-02
   6.7785526e-02   2.9841859e-02
   5.7256337e-02   2.7703396e-02
   4.9600173e-02   2.6743455e-02
   5.0910419e-02   2.5693723e-02
   5.2151181e-02   2.8286475e-02
   5.7283901e-02   3.2439709e-02
   5.3319162e-02   3.3457306e-02
   5.5888101e-02   2.9766147e-02
   5.4878152e-02   2.6240904e-02
   5.4935131e-02   2.5741553e-02
   5.8795111e-02   2.6762298e-02
   6.1217259e-02   2.8250182e-02
   6.7765867e-02   3.2459566e-02
   7.3122738e-02   3.2516856e-02
   8.2034616e-02   3.0839509e-02
   9.0123900e-02   2.9870772e-02
   8.8550341e-02   3.0307153e-02
   9.1259715e-02   2.8763975e-02
   9.4031651e-02   3.0912478e-02
   9.8853512e-02   3.1825661e-02
   9.7654603e-02   3.1336985e-02
   1.0186169e-01   3.1422603e-02
   1.0167829e-01   2.9792769e-02
   1.0157245e-01   3.0285670e-02
   1.0036337e-01   3.0840454e-02
   9.6358120e-02   3.0816932e-02
   9.5061395e-02   3.0296774e-02
   9.2634161e-02   3.0884180e-02
   9.2644661e-02   2.9837259e-02
   8.3588477e-02   3.0404706e-02
   8.4560424e-02   3.0283231e-02
   8.8550341e-02   3.0307153e-02
   9.5332094e-02   3.1434191e-02
   9.7590956e-02   2.8175597e-02
   1.0050055e-01   2.7208174e-02
   1.0036337e-01   3.0840454e-02
   9.9042422e-02   3.2411025e-02
   1.0294572e-01   3.2926336e-02
   9.6447512e-02   3.1370086e-02
   9.2822658e-02   3.0420662e-02
   9.0118827e-02   3.0394821e-02
   9.2833040e-02   2.9371674e-02
   9.4119126e-02   3.1467447e-02
   9.1510046e-02   3.0947293e-02
   9.5165694e-02   2.9280841e-02
   9.9266904e-02   2.9855962e-02
   1.0197419e-01   3.0405137e-02
   1.0308919e-01   2.9296656e-02
   1.1318720e-01   2.9712930e-02
   1.1744338e-01   2.9270160e-02
   1.2262803e-01   3.1872162e-02
   1.3059191e-01   3.1362701e-02
   1.2901579e-01   3.2347753e-02
   1.3175991e-01   3.1851042e-02
   1.2631446e-01   3.0236916e-02
   1.3151581e-01   3.0746464e-02
   1.2758687e-01   3.2319171e-02
   1.2798753e-01   3.0845930e-02
   1.3047811e-01   3.0287552e-02
   1.3841923e-01   3.1866263e-02
   1.4231948e-01   3.2900752e-02
   1.3877804e-01   3.5103880e-02
   1.3783215e-01   3.4343586e-02
   1.3801851e-01   3.1251958e-02
   1.2618300e-01   3.0728154e-02
   1.2665903e-01   3.2417443e-02
   1.2381775e-01   3.1316054e-02
   1.1859738e-01   3.1849481e-02
   1.2367363e-01   3.2849649e-02
   1.1738832e-01   3.3451611e-02
   1.1868516e-01   3.3971303e-02
   1.1481417e-01   3.0843544e-02
   1.0312124e-01   2.6157729e-02
   1.0288608e-01   2.9239109e-02
   9.8956665e-02   3.1334688e-02
   9.3759185e-02   3.0298908e-02
   8.9941135e-02   3.0334972e-02
   8.9852552e-02   3.0305135e-02
   8.2105877e-02   3.1916332e-02
   7.8137027e-02   2.9799450e-02
   7.1837891e-02   2.9896153e-02
   8.5851514e-02   3.1325489e-02
   8.4565147e-02   2.9761106e-02
   8.1958565e-02   3.0286993e-02
   8.2287039e-02   2.9882344e-02
   8.4731908e-02   2.9819738e-02
   8.7248130e-02   3.0309142e-02
   8.7430070e-02   2.9321694e-02
   8.8555297e-02   2.9784616e-02
   8.2191731e-02   3.1424076e-02
   7.9591645e-02   3.0380285e-02
   7.9443679e-02   2.9274929e-02
   8.3441890e-02   2.8252054e-02
   8.5866149e-02   2.9759214e-02
   8.3597807e-02   2.9356268e-02
   8.8545300e-02   3.0829690e-02
   9.1244630e-02   3.0332919e-02
   8.8534962e-02   3.1874764e-02
   9.3954703e-02   2.9311754e-02
   9.1344850e-02   2.9315814e-02
   9.3862055e-02   2.9282908e-02
   9.1080068e-02   2.8707455e-02
   9.0128886e-02   2.9346724e-02
   9.6368999e-02   2.9772290e-02
   9.4951400e-02   3.1832556e-02
   9.5337646e-02   3.0910288e-02
   1.0166089e-01   3.1360809e-02
   1.0158372e-01   2.9241337e-02
   9.9054201e-02   3.1365508e-02
   1.0167259e-01   3.0315449e-02
   1.0186169e-01   3.1422603e-02
   1.0699205e-01   3.0335828e-02
   1.0657731e-01   2.9695958e-02
   1.0546076e-01   3.1844799e-02
   9.6458609e-02   3.0324416e-02
   9.6358120e-02   3.0816932e-02
   9.4042331e-02   2.9864597e-02
   9.7960761e-02   2.9858164e-02
   1.0418270e-01   2.9758940e-02
   1.0026453e-01   3.0810155e-02
   1.0558307e-01   3.0308420e-02
   9.7654603e-02   3.1336985e-02
   9.6531165e-02   3.2447679e-02
   9.2558415e-02   2.9284946e-02
   9.3794016e-02   2.6642143e-02
   9.6469334e-02   2.9278747e-02
   9.3779631e-02   2.8209328e-02
   8.8642611e-02   2.9813944e-02
   8.4824819e-02   2.8801803e-02
   8.7167152e-02   2.9757294e-02
   8.8637641e-02   3.0336995e-02
   9.1329454e-02   3.0886304e-02
   9.2725656e-02   3.0914638e-02
   9.5243574e-02   3.0879843e-02
   8.4560424e-02   3.0283231e-02
   8.4800993e-02   3.1420149e-02
   8.5875493e-02   2.8715031e-02
   9.1159864e-02   2.9780621e-02
   9.0029893e-02   3.0364867e-02
   8.8714885e-02   3.1414031e-02
   8.3510680e-02   2.9851021e-02
   8.4795981e-02   3.1943818e-02
   8.3336753e-02   3.0837604e-02
   8.8652295e-02   2.8767840e-02
   8.4983283e-02   2.9908121e-02
   8.3437454e-02   2.8775240e-02
   7.5623160e-02   2.7738763e-02
   7.8060136e-02   2.9770136e-02
   7.8350506e-02   3.1985125e-02
   8.0971700e-02   3.0932738e-02
   7.6910501e-02   2.9830552e-02
   7.7991865e-02   2.8697340e-02
   7.4230175e-02   2.9804540e-02
   7.2875420e-02   2.7164841e-02
   7.1492543e-02   2.8705339e-02
   7.5611099e-02   2.9308881e-02
   7.4080097e-02   3.0267798e-02
   8.0891802e-02   3.0902227e-02
   7.7197124e-02   3.2050300e-02
   7.4238269e-02   2.8758767e-02
   7.9439310e-02   2.9797696e-02
   8.4829337e-02   2.8278134e-02
   8.4535589e-02   3.2893854e-02
   9.1329454e-02   3.0886304e-02
   9.3856882e-02   2.9805817e-02
   9.4967861e-02   3.0267020e-02
   9.3954703e-02   2.9311754e-02
   9.1239425e-02   3.0855900e-02
   9.8956665e-02   3.1334688e-02
   9.8762165e-02   3.1273229e-02
   9.7648855e-02   3.1859268e-02
   9.5238038e-02   3.1403230e-02
   9.7479245e-02   2.9711738e-02
   9.6284644e-02   2.8699440e-02
   9.3964805e-02   2.8264906e-02
   1.0027024e-01   3.0287949e-02
   9.5160450e-02   2.9803713e-02
   9.3764432e-02   2.9776513e-02
   8.8637641e-02   3.0336995e-02
   9.2532020e-02   3.1899673e-02
   9.2617740e-02   3.2454562e-02
   9.1049287e-02   3.1839177e-02
   9.3759185e-02   3.0298908e-02
   9.2269976e-02   3.0762945e-02
   9.0034952e-02   2.9841335e-02
   8.4722324e-02   3.0866045e-02
   8.4574349e-02   2.8716857e-02
   8.6214925e-02   2.8828383e-02
   8.7501675e-02   3.0922981e-02
   8.7410254e-02   3.1416100e-02
   9.0024748e-02   3.0888399e-02
   8.4750093e-02   2.7727125e-02
   8.7334146e-02   3.0338990e-02
   9.0108418e-02   3.1442918e-02
   8.7066646e-02   3.1292711e-02
   8.8381182e-02   2.9726132e-02
   9.0039923e-02   2.9317802e-02
   8.4722324e-02   3.0866045e-02
   8.6040217e-02   2.9294716e-02
   8.2120167e-02   3.0346677e-02
   8.9867378e-02   2.8737628e-02
   9.5132852e-02   3.2418074e-02
   9.1149573e-02   3.0825555e-02
   8.9732248e-02   3.3407291e-02
   9.1254775e-02   2.9286956e-02
   9.2639456e-02   3.0360720e-02
   9.2300041e-02   2.7634510e-02
   9.2654802e-02   2.8790338e-02
   9.3938867e-02   3.0882026e-02
   9.2349991e-02   3.1837001e-02
   9.1049287e-02   3.1839177e-02
   9.1149573e-02   3.0825555e-02
   8.8366148e-02   3.1290666e-02
   9.3944237e-02   3.0358602e-02
   8.7267157e-02   2.8218856e-02
   8.9946179e-02   2.9811955e-02
   8.8540174e-02   3.1352227e-02
   8.8453075e-02   3.1321416e-02
   8.7243163e-02   3.0831713e-02
   9.3650695e-02   3.1834793e-02
   9.1504706e-02   3.1471823e-02
   8.9857581e-02   2.9782633e-02
   9.1149573e-02   3.0825555e-02
   9.8870650e-02   3.0260464e-02
   1.0406845e-01   3.0772894e-02
   1.0571041e-01   2.8245944e-02
   1.0819613e-01   2.9781113e-02
   1.1101595e-01   3.0358277e-02
   1.0949356e-01   3.0301130e-02
   1.1186712e-01   3.1279386e-02
   1.1091262e-01   2.9805526e-02
   1.1220476e-01   3.0848767e-02
   1.1219824e-01   3.1371628e-02
   1.0796478e-01   3.1287061e-02
   1.0826483e-01   3.2948339e-02
   1.0568123e-01   3.0861309e-02
   1.0297608e-01   3.0313135e-02
   1.0277918e-01   2.9732034e-02
   1.0277918e-01   2.9732034e-02
   1.0036337e-01   3.0840454e-02
   1.0034561e-01   3.2408613e-02
   9.5155114e-02   3.0326585e-02
   9.5264796e-02   2.8786294e-02
   9.1144296e-02   3.1348022e-02
   9.2563426e-02   2.8762000e-02
   8.8560167e-02   2.9262079e-02
   8.7405089e-02   3.1939702e-02
   8.4790888e-02   3.2467487e-02
   8.4374756e-02   3.2308203e-02
   8.5866149e-02   2.9759214e-02
   8.4657675e-02   2.8745116e-02
   8.2227724e-02   2.7234199e-02
   7.5615193e-02   2.8785508e-02
   8.3423662e-02   3.0344799e-02
   8.3505988e-02   3.0374723e-02
   8.8642611e-02   2.9813944e-02
   8.7238112e-02   3.1354284e-02
   8.9960788e-02   2.8242905e-02
   8.5950729e-02   2.9788496e-02
   8.2287039e-02   2.9882344e-02
   8.0741594e-02   2.9795913e-02
   8.3588477e-02   3.0404706e-02
   8.1949173e-02   3.1331372e-02
   8.2210365e-02   2.9329137e-02
   8.2043878e-02   2.9794102e-02
   7.4286269e-02   3.1927536e-02
   8.0830034e-02   2.8778774e-02
   7.8055776e-02   3.0292419e-02
   9.1244630e-02   3.0332919e-02
   9.3748419e-02   3.1343697e-02
   8.7334146e-02   3.0338990e-02
   8.0825658e-02   2.9302024e-02
   7.9604830e-02   2.8808891e-02
   8.4745670e-02   2.8250278e-02
   8.5955456e-02   2.9265891e-02
   8.9842235e-02   3.1350140e-02
   9.1144296e-02   3.1348022e-02
   9.1318749e-02   3.1933298e-02
   9.0034952e-02   2.9841335e-02
   9.3764432e-02   2.9776513e-02
   9.1515297e-02   3.0422763e-02
   9.2563426e-02   2.8762000e-02
   9.3851620e-02   3.0328726e-02
   9.6358120e-02   3.0816932e-02
   9.7955246e-02   3.0381992e-02
   9.9151930e-02   3.1396388e-02
   1.0038025e-01   2.9272295e-02
   1.0420502e-01   2.7670593e-02
   1.0308919e-01   2.9296656e-02
   1.0455138e-01   3.3545312e-02
   1.0295199e-01   3.2403696e-02
   1.0316761e-01   3.1420195e-02
   1.0006744e-01   3.0749734e-02
   1.0298186e-01   2.9790495e-02
   1.0318533e-01   2.9849185e-02
   1.0418270e-01   2.9758940e-02
   1.0046240e-01   3.0870813e-02
   1.0054377e-01   3.2472480e-02
   9.9030260e-02   3.3456541e-02
   9.7864078e-02   2.9828764e-02
   9.8999829e-02   2.7156730e-02
   1.0028678e-01   2.8721331e-02
   1.0156667e-01   3.0807837e-02
   1.0164880e-01   3.2406170e-02
   1.0273692e-01   3.3383337e-02
   1.0167259e-01   3.0315449e-02
   1.0415255e-01   3.2369373e-02
   9.9076613e-02   2.9274474e-02
   9.9174408e-02   2.9303295e-02
   9.5170846e-02   2.8757969e-02
   9.7864078e-02   2.9828764e-02
   9.7841517e-02   3.1922010e-02
   1.0816475e-01   3.2393492e-02
   1.0709774e-01   3.0365696e-02
   1.0830291e-01   2.9810402e-02
   1.1113815e-01   2.9340313e-02
   1.0316761e-01   3.1420195e-02
   1.0949970e-01   2.9778697e-02
   1.1732757e-01   2.9241436e-02
   1.1728708e-01   3.2374447e-02
   1.1601103e-01   3.0288404e-02
   1.1434949e-01   3.1764235e-02
   1.1491408e-01   3.1920454e-02
   1.1349616e-01   3.1891803e-02
   1.1090639e-01   3.0328430e-02
   1.1102220e-01   2.9834858e-02
   1.1071783e-01   2.7659524e-02
   1.0315529e-01   3.2467534e-02
   1.0427363e-01   3.0833392e-02
   1.0305973e-01   3.1912429e-02
   1.0548499e-01   2.9756616e-02
   1.0277344e-01   3.0253649e-02
   1.0037472e-01   2.9795015e-02
   9.7783465e-02   2.8231031e-02
   9.6744742e-02   3.0414184e-02
   9.3764432e-02   2.9776513e-02
   9.9146071e-02   3.1919661e-02
   9.9065598e-02   3.0319991e-02
   9.7841517e-02   3.1922010e-02
   9.9097493e-02   2.7183440e-02
   9.3759185e-02   3.0298908e-02
   8.8534962e-02   3.1874764e-02
   9.1344850e-02   2.9315814e-02
   1.0018267e-01   2.9214834e-02
   9.6179522e-02   2.9713879e-02
   9.8956665e-02   3.1334688e-02
   9.2451710e-02   3.0823444e-02
   9.1324146e-02   3.1409801e-02
   8.9956005e-02   2.8765921e-02
   9.0039923e-02   2.9317802e-02
   8.7430070e-02   2.9321694e-02
   8.8632585e-02   3.0860047e-02
   8.4653101e-02   2.9267755e-02
   8.4482012e-02   2.9731876e-02
   9.1159864e-02   2.9780621e-02
   8.5861354e-02   3.0281306e-02
   8.3331928e-02   3.1360276e-02
   8.2372979e-02   2.9387104e-02
   8.0834331e-02   2.8255523e-02
   7.3003820e-02   2.9312140e-02
   7.5598381e-02   3.0879000e-02
   8.4727157e-02   3.0342892e-02
   8.0966984e-02   3.1457022e-02
   7.5598381e-02   3.0879000e-02
   7.2983002e-02   3.1929295e-02
   7.4445987e-02   3.0417311e-02
   5.8615323e-02   2.7729516e-02
   6.2691358e-02   3.0431393e-02
   6.5295955e-02   3.1477728e-02
   6.2571255e-02   2.9847684e-02
   6.3815415e-02   2.9293745e-02
   6.5253336e-02   2.8301974e-02
   7.0319388e-02   3.0332343e-02
   6.9021040e-02   2.9810924e-02
   6.6478231e-02   3.0366926e-02
   7.0181144e-02   3.0272685e-02
   7.0454151e-02   3.0916240e-02
   7.1707874e-02   2.8266808e-02
   7.4161200e-02   2.9252839e-02
   8.0985376e-02   2.9359887e-02
   7.6901801e-02   3.0877238e-02
   7.5523932e-02   3.0848587e-02
   7.3148082e-02   2.9370063e-02
   7.6834743e-02   2.9801175e-02
   7.9439310e-02   2.9797696e-02
   8.4731908e-02   2.9819738e-02
   7.9205254e-02   2.9709941e-02
   8.6030651e-02   3.0340955e-02
   8.4894547e-02   3.0402788e-02
   8.5687870e-02   3.0742957e-02
   8.6205470e-02   2.9876688e-02
   8.6200617e-02   3.0400840e-02
   8.5964662e-02   2.8220680e-02
   8.7486133e-02   3.2495336e-02
   9.3645104e-02   3.2356675e-02
   8.9852552e-02   3.0305135e-02
   9.6179522e-02   2.9713879e-02
   9.3881836e-02   2.7191271e-02
   9.3959799e-02   2.8788330e-02
   9.5066716e-02   2.9774416e-02
   9.6464018e-02   2.9801581e-02
   9.5138556e-02   3.1895202e-02
   9.5027553e-02   3.3430923e-02
   9.6531165e-02   3.2447679e-02
   9.7671283e-02   2.9770136e-02
   9.9081977e-02   2.8751715e-02
   9.3862055e-02   2.9282908e-02
   8.8652295e-02   2.8767840e-02
   9.0034952e-02   2.9841335e-02
   9.3846266e-02   3.0851635e-02
   9.5160450e-02   2.9803713e-02
   9.5160450e-02   2.9803713e-02
   9.6363606e-02   3.0294611e-02
   9.4973165e-02   2.9745175e-02
   9.7864078e-02   2.9828764e-02
   1.0176119e-01   3.1391676e-02
   1.3322663e-01   2.9788713e-02
   1.3570486e-01   2.9753570e-02
   1.3712949e-01   3.0824627e-02
   1.3436902e-01   3.1844737e-02
   1.3725706e-01   3.1377843e-02
   1.3423659e-01   3.1813563e-02
   1.3556345e-01   3.0245930e-02
   1.3567357e-01   3.1841540e-02
   1.2905321e-01   2.9739064e-02
   1.3789070e-01   3.0701084e-02
   1.3410443e-01   3.1782449e-02
   1.3030297e-01   3.3388010e-02
   1.2797249e-01   3.1891555e-02
   1.2642444e-01   3.1310225e-02
   1.2121106e-01   3.1321766e-02
   1.2147134e-01   2.9814161e-02
   1.1776533e-01   3.1453575e-02
   1.1765577e-01   3.0898908e-02
   1.1468070e-01   3.2380042e-02
   1.1882445e-01   3.2435252e-02
   1.1112572e-01   3.0388181e-02
   1.0972809e-01   2.8790394e-02
   1.0699806e-01   2.9812797e-02
   1.0589627e-01   3.0398045e-02
   1.0308350e-01   2.9819811e-02
   1.0536931e-01   3.0770495e-02
   1.0689256e-01   2.9783501e-02
   1.0688047e-01   3.0828536e-02
   1.0306582e-01   3.1389275e-02
   9.7960761e-02   2.9858164e-02
   9.8956665e-02   3.1334688e-02
   1.0305973e-01   3.1912429e-02
   1.0156079e-01   3.1330004e-02
   9.9163361e-02   3.0349842e-02
   1.0057861e-01   2.9329982e-02
   1.0046240e-01   3.0870813e-02
   9.5055984e-02   3.0819132e-02
   9.7750856e-02   3.1367812e-02
   1.0028137e-01   2.9243537e-02
   9.7858580e-02   3.0352075e-02
   9.9185071e-02   2.8256749e-02
   9.7756527e-02   3.0845015e-02
   9.6263321e-02   3.0786672e-02
   1.0039102e-01   2.8226856e-02
   1.0026453e-01   3.0810155e-02
   9.9092417e-02   2.7706198e-02
   9.7788569e-02   2.7708234e-02
   1.0045062e-01   3.1917281e-02
   9.6157523e-02   3.1799063e-02
