   1.0056739e-01   3.0377481e-02
   9.1440072e-02   2.8820717e-02
   9.9076613e-02   2.9274474e-02
   9.7823604e-02   3.3491945e-02
   9.1065072e-02   3.0273316e-02
   8.9847437e-02   3.0827637e-02
   8.3785366e-02   2.6788058e-02
   8.7525883e-02   2.8302390e-02
   9.0980629e-02   2.9722161e-02
   9.1144296e-02   3.1348022e-02
   9.2264655e-02   3.1284351e-02
   9.1254775e-02   2.9286956e-02
   9.5254369e-02   2.9833069e-02
   9.2275208e-02   3.0241539e-02
   8.4722324e-02   3.0866045e-02
   8.8647496e-02   2.9290892e-02
   8.6020754e-02   3.1387195e-02
   8.2115483e-02   3.0869895e-02
   7.8291263e-02   2.9858252e-02
   7.9468283e-02   2.6138330e-02
   8.2227724e-02   2.7234199e-02
   8.0723054e-02   3.1886855e-02
   8.7056353e-02   3.2335801e-02
   8.3341497e-02   3.0314933e-02
   9.1344850e-02   2.9315814e-02
   8.9951136e-02   2.9288938e-02
   8.9946179e-02   2.9811955e-02
   8.5751811e-02   3.2859462e-02
   8.0802609e-02   3.1918276e-02
   7.5528232e-02   3.0325730e-02
   7.5602694e-02   3.0355627e-02
   7.4466221e-02   2.7795129e-02
   7.1711617e-02   2.7743349e-02
   7.3091311e-02   2.7245282e-02
   8.7171936e-02   2.9235236e-02
   8.8437232e-02   3.2887487e-02
   8.0862420e-02   3.4044826e-02
   8.3195720e-02   2.8168800e-02
   8.9833975e-02   2.1923534e-02
   9.5195225e-02   2.6143608e-02
   9.8750490e-02   3.2315670e-02
   1.0956923e-01   3.2945660e-02
   1.1725023e-01   3.4985290e-02
   1.2391758e-01   3.2914128e-02
   1.2903113e-01   3.1304277e-02
   1.2659147e-01   2.8206848e-02
   1.2816939e-01   2.6689635e-02
   1.3543751e-01   2.9695384e-02
   1.4317410e-01   3.4362819e-02
   1.3557674e-01   3.7583457e-02
   1.3560471e-01   3.6017480e-02
   1.2119665e-01   3.2365824e-02
   1.0821935e-01   2.7691211e-02
   1.0674567e-01   2.3467170e-02
   9.5431905e-02   3.0940793e-02
   8.6361238e-02   3.1511339e-02
   8.4722324e-02   3.0866045e-02
   8.3428340e-02   2.9821613e-02
   8.7248130e-02   3.0309142e-02
   8.4477303e-02   3.0253488e-02
   7.9670267e-02   3.0410285e-02
   7.8119084e-02   3.1890640e-02
   6.9005191e-02   3.1902919e-02
   7.4315434e-02   2.8263720e-02
   8.3350746e-02   2.9269591e-02
   8.8583237e-02   2.6649393e-02
   9.3661609e-02   3.0791030e-02
   9.3737292e-02   3.2388487e-02
   9.2520837e-02   3.2945564e-02
   8.9737779e-02   3.2885302e-02
   8.8647496e-02   2.9290892e-02
   9.5190534e-02   2.6666480e-02
   9.4047533e-02   2.9340657e-02
   9.5071944e-02   2.9252057e-02
   9.5138556e-02   3.1895202e-02
   9.2532020e-02   3.1899673e-02
   8.9831572e-02   3.2395144e-02
   8.8744538e-02   2.8272628e-02
   8.8739810e-02   2.8796195e-02
   9.4031651e-02   3.0912478e-02
   9.2542846e-02   3.0853782e-02
   9.1408924e-02   3.1964795e-02
   9.2628777e-02   3.1407641e-02
   1.0166679e-01   3.0838129e-02
   1.0820209e-01   2.9258638e-02
   1.0286880e-01   3.0805490e-02
   1.0025873e-01   3.1332361e-02
   1.0827144e-01   3.2425349e-02
   1.1339099e-01   3.1338187e-02
   1.0958898e-01   3.1376819e-02
   1.1122931e-01   3.0942596e-02
   1.0784593e-01   3.2298292e-02
   1.0418270e-01   2.9758940e-02
   1.0285064e-01   3.2371871e-02
   1.0418843e-01   2.9236853e-02
   1.0197419e-01   3.0405137e-02
   1.0035163e-01   3.1885893e-02
   9.6274168e-02   2.9743056e-02
   9.4879799e-02   2.9715992e-02
   9.1065072e-02   3.0273316e-02
   9.5249018e-02   3.0356456e-02
   9.8994767e-02   2.7678974e-02
   9.9272396e-02   2.9332173e-02
   1.0559481e-01   2.9263302e-02
   1.0935353e-01   3.2880996e-02
   1.0555837e-01   3.2398656e-02
   1.0057305e-01   2.9853732e-02
   9.3677305e-02   2.9225384e-02
   9.2568347e-02   2.8239055e-02
   9.3886554e-02   2.6668362e-02
   9.8956665e-02   3.1334688e-02
   9.8979010e-02   2.9245709e-02
   1.0446734e-01   3.1941386e-02
   1.0675636e-01   3.2364286e-02
   1.1861802e-01   3.0283113e-02
   1.2894015e-01   2.8667501e-02
   1.3529668e-01   3.0186838e-02
   1.3159773e-01   3.3906396e-02
   1.2795697e-01   3.2937180e-02
   1.2626949e-01   3.3364872e-02
   1.2002602e-01   3.1355336e-02
   1.1327934e-01   3.1307448e-02
   1.1589677e-01   3.0258705e-02
   1.1344055e-01   2.7159762e-02
   1.1734016e-01   2.8197099e-02
   1.0948096e-01   3.1345997e-02
   1.0313607e-01   3.4038544e-02
   9.7739232e-02   3.2413405e-02
   9.7778267e-02   2.8753827e-02
   9.0138596e-02   2.8298626e-02
   7.9517636e-02   2.9827063e-02
   7.0384700e-02   3.0885747e-02
   7.0327192e-02   2.9286400e-02
   6.6368686e-02   2.7171904e-02
   6.7796536e-02   2.8271235e-02
   6.9161100e-02   2.9345762e-02
   6.6485622e-02   2.9319791e-02
   7.1562911e-02   2.8733593e-02
   7.1741757e-02   3.3010498e-02
   7.1671071e-02   3.2977943e-02
   6.7895533e-02   3.3048312e-02
   6.9229434e-02   2.9374766e-02
   6.5195719e-02   2.7226862e-02
   6.7867019e-02   2.7775094e-02
   6.6536163e-02   3.1445085e-02
   7.0396541e-02   2.9315285e-02
   7.4372521e-02   3.0387291e-02
   7.9434865e-02   3.0320463e-02
   8.0838551e-02   2.7732273e-02
   9.0138596e-02   2.8298626e-02
   9.3969719e-02   2.7741481e-02
   9.2558415e-02   2.9284946e-02
   9.1122311e-02   3.3437890e-02
   9.6513211e-02   3.4017728e-02
   9.9249851e-02   3.1427329e-02
   9.2644661e-02   2.9837259e-02
   1.0574695e-01   2.4584433e-02
   1.0551827e-01   2.6624340e-02
   9.9042422e-02   3.2411025e-02
   1.0046814e-01   3.0347579e-02
   1.0289164e-01   2.8716982e-02
   9.6436042e-02   3.2415755e-02
   8.4874607e-02   3.2499532e-02
   7.2974181e-02   3.2976157e-02
   6.9085220e-02   3.0363845e-02
   6.5198996e-02   2.6703268e-02
   6.1160179e-02   2.7699718e-02
   6.3891805e-02   2.7228177e-02
   6.8967861e-02   2.7691641e-02
   7.2871702e-02   2.7687242e-02
   7.4350549e-02   3.3006885e-02
   7.9489733e-02   3.2966754e-02
   8.4486640e-02   2.9210264e-02
   8.9979048e-02   2.6150838e-02
   9.4160505e-02   2.7271787e-02
   9.7762104e-02   3.0322218e-02
   1.0014824e-01   3.2344995e-02
   9.9231933e-02   3.2998695e-02
   1.0424238e-01   3.3446391e-02
   1.0431315e-01   2.7175193e-02
   1.1072349e-01   2.7137646e-02
   1.1222976e-01   2.8757325e-02
   1.0829683e-01   3.0333391e-02
   1.0966367e-01   3.4025011e-02
   1.0944762e-01   3.3958163e-02
   1.0825812e-01   3.3471328e-02
   1.1077777e-01   3.1865814e-02
   1.1200862e-01   2.8700900e-02
   1.0831477e-01   2.8764423e-02
   1.0428542e-01   2.9788192e-02
   1.0710377e-01   2.9842150e-02
   1.0304725e-01   3.2958738e-02
   1.0548499e-01   2.9756616e-02
   1.0186762e-01   3.0898893e-02
   1.0426758e-01   3.1355992e-02
   1.0287466e-01   3.0283363e-02
   1.0945450e-01   3.3435730e-02
   1.1467371e-01   3.2902301e-02
   1.2121106e-01   3.1321766e-02
   1.3113583e-01   3.0136878e-02
   1.3972507e-01   3.1862966e-02
   1.4992668e-01   2.8648099e-02
   1.6554383e-01   3.0168443e-02
   1.6449550e-01   3.3879578e-02
   1.6020991e-01   3.6427737e-02
   1.5370772e-01   3.5928216e-02
   1.4325122e-01   2.9676980e-02
   1.4093970e-01   2.8697785e-02
   1.3789070e-01   3.0701084e-02
   1.2668153e-01   3.0848857e-02
   1.1883160e-01   3.1912103e-02
   1.0677521e-01   3.0798272e-02
   9.2606345e-02   3.3501484e-02
   9.4014949e-02   3.2484299e-02
   9.2664584e-02   2.7743416e-02
   8.7525883e-02   2.8302390e-02
   8.2214824e-02   2.8805403e-02
   7.9661065e-02   3.1458915e-02
   7.6964037e-02   3.2479284e-02
   7.5729633e-02   3.3037633e-02
   7.1920681e-02   2.8350686e-02
   7.2864055e-02   2.8732044e-02
   7.1704062e-02   2.8790267e-02
   7.1762959e-02   3.0390617e-02
   7.2708974e-02   3.0239724e-02
   7.9596117e-02   2.9856487e-02
   7.9443679e-02   2.9274929e-02
   8.7496579e-02   3.1447100e-02
   8.7162283e-02   3.0279352e-02
   9.0044807e-02   2.8794270e-02
   8.8983449e-02   3.0982074e-02
   8.7486133e-02   3.2495336e-02
   8.8827498e-02   2.8824605e-02
   9.1525532e-02   2.9373702e-02
   9.6750200e-02   2.9889802e-02
   9.9059948e-02   3.0842749e-02
   1.0317953e-01   3.0372855e-02
   1.0035163e-01   3.1885893e-02
   9.9146071e-02   3.1919661e-02
   9.4951400e-02   3.1832556e-02
   1.5522308e-01   3.2832303e-02
   1.4977087e-01   2.9140518e-02
   1.3972507e-01   3.1862966e-02
   1.3163782e-01   3.1298212e-02
   1.3177536e-01   3.0806745e-02
   1.3175991e-01   3.1851042e-02
   1.2811406e-01   3.0876245e-02
   1.2772025e-01   3.1829054e-02
   1.2914305e-01   3.2379476e-02
   1.2692485e-01   3.1433454e-02
   1.2145755e-01   3.0860272e-02
   1.2000439e-01   3.2923103e-02
   1.1696857e-01   3.0196872e-02
   1.1730103e-01   3.1330110e-02
   1.1601103e-01   3.0288404e-02
   1.1764891e-01   3.1422618e-02
   1.2262067e-01   3.2394656e-02
   1.2129363e-01   3.3965226e-02
   1.1631341e-01   3.3520389e-02
   1.1611888e-01   3.0840889e-02
   1.1992824e-01   2.9758348e-02
   1.1992824e-01   2.9758348e-02
   1.1898967e-01   2.8801522e-02
   1.1870724e-01   3.2403397e-02
   1.2013744e-01   3.1909258e-02
   1.2249238e-01   3.2884871e-02
   1.1499187e-01   3.4570889e-02
   1.1601103e-01   3.0288404e-02
   1.1319951e-01   2.8670371e-02
   1.1333444e-01   2.6611331e-02
   1.0839760e-01   3.0886756e-02
   1.1458140e-01   3.1304793e-02
   1.1195027e-01   3.3397411e-02
   1.1619860e-01   3.3487424e-02
   1.1210055e-01   3.0296126e-02
   1.1082126e-01   2.8209081e-02
   1.1210055e-01   3.0296126e-02
   1.1079073e-01   3.0821033e-02
   1.0577318e-01   3.1938876e-02
   1.1175063e-01   3.1769572e-02
   1.1348242e-01   3.2937436e-02
   1.1068793e-01   3.0268913e-02
   1.1603021e-01   2.8721763e-02
   1.1211908e-01   2.8729085e-02
   1.0589020e-01   3.0922150e-02
   1.0816475e-01   3.2393492e-02
   7.9425744e-02   3.1365996e-02
   8.3254764e-02   3.0807284e-02
   8.4591776e-02   2.6628358e-02
   8.3372458e-02   2.6656234e-02
   8.9867378e-02   2.8737628e-02
   8.8709642e-02   3.1937598e-02
   9.1206350e-02   3.3993788e-02
   8.8524283e-02   3.2919838e-02
   9.2451710e-02   3.0823444e-02
   9.2669340e-02   2.7219956e-02
   8.3505988e-02   3.0374723e-02
   8.0816672e-02   3.0348525e-02
   8.0877463e-02   3.2473527e-02
   7.0437362e-02   3.3012256e-02
   6.7785526e-02   2.9841859e-02
   5.7256337e-02   2.7703396e-02
   4.9600173e-02   2.6743455e-02
   5.0910419e-02   2.5693723e-02
   5.2151181e-02   2.8286475e-02
   5.7283901e-02   3.2439709e-02
   5.3319162e-02   3.3457306e-02
   5.5888101e-02   2.9766147e-02
   5.4878152e-02   2.6240904e-02
   5.4935131e-02   2.5741553e-02
   5.8795111e-02   2.6762298e-02
   6.1217259e-02   2.8250182e-02
   6.7765867e-02   3.2459566e-02
   7.3122738e-02   3.2516856e-02
   8.2034616e-02   3.0839509e-02
   9.0123900e-02   2.9870772e-02
   8.8550341e-02   3.0307153e-02
   9.1259715e-02   2.8763975e-02
   9.4031651e-02   3.0912478e-02
   9.8853512e-02   3.1825661e-02
   9.7654603e-02   3.1336985e-02
   1.0186169e-01   3.1422603e-02
   1.0167829e-01   2.9792769e-02
   1.0157245e-01   3.0285670e-02
   1.0036337e-01   3.0840454e-02
   9.6358120e-02   3.0816932e-02
   9.5061395e-02   3.0296774e-02
   9.2634161e-02   3.0884180e-02
   9.2644661e-02   2.9837259e-02
   8.3588477e-02   3.0404706e-02
   8.4560424e-02   3.0283231e-02
   8.8550341e-02   3.0307153e-02
   9.5332094e-02   3.1434191e-02
   9.7590956e-02   2.8175597e-02
   1.0050055e-01   2.7208174e-02
   1.0036337e-01   3.0840454e-02
   9.9042422e-02   3.2411025e-02
   1.0294572e-01   3.2926336e-02
   9.6447512e-02   3.1370086e-02
   9.2822658e-02   3.0420662e-02
   9.0118827e-02   3.0394821e-02
   9.2833040e-02   2.9371674e-02
   9.4119126e-02   3.1467447e-02
   9.1510046e-02   3.0947293e-02
   9.5165694e-02   2.9280841e-02
   9.9266904e-02   2.9855962e-02
   1.0197419e-01   3.0405137e-02
   1.0308919e-01   2.9296656e-02
   1.1318720e-01   2.9712930e-02
   1.1744338e-01   2.9270160e-02
   1.2262803e-01   3.1872162e-02
   1.3059191e-01   3.1362701e-02
   1.2901579e-01   3.2347753e-02
   1.3175991e-01   3.1851042e-02
   1.2631446e-01   3.0236916e-02
   1.3151581e-01   3.0746464e-02
   1.2758687e-01   3.2319171e-02
   1.2798753e-01   3.0845930e-02
   1.3047811e-01   3.0287552e-02
   1.3841923e-01   3.1866263e-02
   1.4231948e-01   3.2900752e-02
   1.3877804e-01   3.5103880e-02
   1.3783215e-01   3.4343586e-02
   1.3801851e-01   3.1251958e-02
   1.2618300e-01   3.0728154e-02
   1.2665903e-01   3.2417443e-02
   1.2381775e-01   3.1316054e-02
   1.1859738e-01   3.1849481e-02
   1.2367363e-01   3.2849649e-02
   1.1738832e-01   3.3451611e-02
   1.1868516e-01   3.3971303e-02
   1.1481417e-01   3.0843544e-02
   1.0312124e-01   2.6157729e-02
   1.0288608e-01   2.9239109e-02
   9.8956665e-02   3.1334688e-02
   9.3759185e-02   3.0298908e-02
   8.9941135e-02   3.0334972e-02
   8.9852552e-02   3.0305135e-02
   8.2105877e-02   3.1916332e-02
   7.8137027e-02   2.9799450e-02
   7.1837891e-02   2.9896153e-02
   8.5851514e-02   3.1325489e-02
   8.4565147e-02   2.9761106e-02
   8.1958565e-02   3.0286993e-02
   8.2287039e-02   2.9882344e-02
   8.4731908e-02   2.9819738e-02
   8.7248130e-02   3.0309142e-02
   8.7430070e-02   2.9321694e-02
   8.8555297e-02   2.9784616e-02
   8.2191731e-02   3.1424076e-02
   7.9591645e-02   3.0380285e-02
   7.9443679e-02   2.9274929e-02
   8.3441890e-02   2.8252054e-02
   8.5866149e-02   2.9759214e-02
   8.3597807e-02   2.9356268e-02
   8.8545300e-02   3.0829690e-02
   9.1244630e-02   3.0332919e-02
   8.8534962e-02   3.1874764e-02
   9.3954703e-02   2.9311754e-02
   9.1344850e-02   2.9315814e-02
   9.3862055e-02   2.9282908e-02
   9.1080068e-02   2.8707455e-02
   9.0128886e-02   2.9346724e-02
   9.6368999e-02   2.9772290e-02
   9.4951400e-02   3.1832556e-02
   9.5337646e-02   3.0910288e-02
   1.0166089e-01   3.1360809e-02
   1.0158372e-01   2.9241337e-02
   9.9054201e-02   3.1365508e-02
   1.0167259e-01   3.0315449e-02
   1.0186169e-01   3.1422603e-02
   1.0699205e-01   3.0335828e-02
   1.0657731e-01   2.9695958e-02
   1.0546076e-01   3.1844799e-02
   9.6458609e-02   3.0324416e-02
   9.6358120e-02   3.0816932e-02
   9.4042331e-02   2.9864597e-02
   9.7960761e-02   2.9858164e-02
   1.0418270e-01   2.9758940e-02
   1.0026453e-01   3.0810155e-02
   1.0558307e-01   3.0308420e-02
   9.7654603e-02   3.1336985e-02
   9.6531165e-02   3.2447679e-02
   9.2558415e-02   2.9284946e-02
   9.3794016e-02   2.6642143e-02
   9.6469334e-02   2.9278747e-02
   9.3779631e-02   2.8209328e-02
   8.8642611e-02   2.9813944e-02
   8.4824819e-02   2.8801803e-02
   8.7167152e-02   2.9757294e-02
   8.8637641e-02   3.0336995e-02
   9.1329454e-02   3.0886304e-02
   9.2725656e-02   3.0914638e-02
   9.5243574e-02   3.0879843e-02
   8.4560424e-02   3.0283231e-02
   8.4800993e-02   3.1420149e-02
   8.5875493e-02   2.8715031e-02
   9.1159864e-02   2.9780621e-02
   9.0029893e-02   3.0364867e-02
   8.8714885e-02   3.1414031e-02
   8.3510680e-02   2.9851021e-02
   8.4795981e-02   3.1943818e-02
   8.3336753e-02   3.0837604e-02
   8.8652295e-02   2.8767840e-02
   8.4983283e-02   2.9908121e-02
   8.3437454e-02   2.8775240e-02
   7.5623160e-02   2.7738763e-02
   7.8060136e-02   2.9770136e-02
   7.8350506e-02   3.1985125e-02
   8.0971700e-02   3.0932738e-02
   7.6910501e-02   2.9830552e-02
   7.7991865e-02   2.8697340e-02
   7.4230175e-02   2.9804540e-02
   7.2875420e-02   2.7164841e-02
   7.1492543e-02   2.8705339e-02
   7.5611099e-02   2.9308881e-02
   7.4080097e-02   3.0267798e-02
   8.0891802e-02   3.0902227e-02
   7.7197124e-02   3.2050300e-02
   7.4238269e-02   2.8758767e-02
   7.9439310e-02   2.9797696e-02
   8.4829337e-02   2.8278134e-02
   8.4535589e-02   3.2893854e-02
   9.1329454e-02   3.0886304e-02
   9.3856882e-02   2.9805817e-02
   9.4967861e-02   3.0267020e-02
   9.3954703e-02   2.9311754e-02
   9.1239425e-02   3.0855900e-02
   9.8956665e-02   3.1334688e-02
   9.8762165e-02   3.1273229e-02
   9.7648855e-02   3.1859268e-02
   9.5238038e-02   3.1403230e-02
   9.7479245e-02   2.9711738e-02
   9.6284644e-02   2.8699440e-02
   9.3964805e-02   2.8264906e-02
   1.0027024e-01   3.0287949e-02
   9.5160450e-02   2.9803713e-02
   9.3764432e-02   2.9776513e-02
   8.8637641e-02   3.0336995e-02
   9.2532020e-02   3.1899673e-02
   9.2617740e-02   3.2454562e-02
   9.1049287e-02   3.1839177e-02
   9.3759185e-02   3.0298908e-02
   9.2269976e-02   3.0762945e-02
   9.0034952e-02   2.9841335e-02
   8.4722324e-02   3.0866045e-02
   8.4574349e-02   2.8716857e-02
   8.6214925e-02   2.8828383e-02
   8.7501675e-02   3.0922981e-02
   8.7410254e-02   3.1416100e-02
   9.0024748e-02   3.0888399e-02
   8.4750093e-02   2.7727125e-02
   8.7334146e-02   3.0338990e-02
   9.0108418e-02   3.1442918e-02
   8.7066646e-02   3.1292711e-02
   8.8381182e-02   2.9726132e-02
   9.0039923e-02   2.9317802e-02
   8.4722324e-02   3.0866045e-02
   8.6040217e-02   2.9294716e-02
   8.2120167e-02   3.0346677e-02
   8.9867378e-02   2.8737628e-02
   9.5132852e-02   3.2418074e-02
   9.1149573e-02   3.0825555e-02
   8.9732248e-02   3.3407291e-02
   9.1254775e-02   2.9286956e-02
   9.2639456e-02   3.0360720e-02
   9.2300041e-02   2.7634510e-02
   9.2654802e-02   2.8790338e-02
   9.3938867e-02   3.0882026e-02
   9.2349991e-02   3.1837001e-02
   9.1049287e-02   3.1839177e-02
   9.1149573e-02   3.0825555e-02
   8.8366148e-02   3.1290666e-02
   9.3944237e-02   3.0358602e-02
   8.7267157e-02   2.8218856e-02
   8.9946179e-02   2.9811955e-02
   8.8540174e-02   3.1352227e-02
   8.8453075e-02   3.1321416e-02
   8.7243163e-02   3.0831713e-02
