   8.7243163e-02   3.0831713e-02
   9.3650695e-02   3.1834793e-02
   9.1504706e-02   3.1471823e-02
   8.9857581e-02   2.9782633e-02
   9.1149573e-02   3.0825555e-02
   9.8870650e-02   3.0260464e-02
   1.0406845e-01   3.0772894e-02
   1.0571041e-01   2.8245944e-02
   1.0819613e-01   2.9781113e-02
   1.1101595e-01   3.0358277e-02
   1.0949356e-01   3.0301130e-02
   1.1186712e-01   3.1279386e-02
   1.1091262e-01   2.9805526e-02
   1.1220476e-01   3.0848767e-02
   1.1219824e-01   3.1371628e-02
   1.0796478e-01   3.1287061e-02
   1.0826483e-01   3.2948339e-02
   1.0568123e-01   3.0861309e-02
   1.0297608e-01   3.0313135e-02
   1.0277918e-01   2.9732034e-02
   1.0277918e-01   2.9732034e-02
   1.0036337e-01   3.0840454e-02
   1.0034561e-01   3.2408613e-02
   9.5155114e-02   3.0326585e-02
   9.5264796e-02   2.8786294e-02
   9.1144296e-02   3.1348022e-02
   9.2563426e-02   2.8762000e-02
   8.8560167e-02   2.9262079e-02
   8.7405089e-02   3.1939702e-02
   8.4790888e-02   3.2467487e-02
   8.4374756e-02   3.2308203e-02
   8.5866149e-02   2.9759214e-02
   8.4657675e-02   2.8745116e-02
   8.2227724e-02   2.7234199e-02
   7.5615193e-02   2.8785508e-02
   8.3423662e-02   3.0344799e-02
   8.3505988e-02   3.0374723e-02
   8.8642611e-02   2.9813944e-02
   8.7238112e-02   3.1354284e-02
   8.9960788e-02   2.8242905e-02
   8.5950729e-02   2.9788496e-02
   8.2287039e-02   2.9882344e-02
   8.0741594e-02   2.9795913e-02
   8.3588477e-02   3.0404706e-02
   8.1949173e-02   3.1331372e-02
   8.2210365e-02   2.9329137e-02
   8.2043878e-02   2.9794102e-02
   7.4286269e-02   3.1927536e-02
   8.0830034e-02   2.8778774e-02
   7.8055776e-02   3.0292419e-02
   9.1244630e-02   3.0332919e-02
   9.3748419e-02   3.1343697e-02
   8.7334146e-02   3.0338990e-02
   8.0825658e-02   2.9302024e-02
   7.9604830e-02   2.8808891e-02
   8.4745670e-02   2.8250278e-02
   8.5955456e-02   2.9265891e-02
   8.9842235e-02   3.1350140e-02
   9.1144296e-02   3.1348022e-02
   9.1318749e-02   3.1933298e-02
   9.0034952e-02   2.9841335e-02
   9.3764432e-02   2.9776513e-02
   9.1515297e-02   3.0422763e-02
   9.2563426e-02   2.8762000e-02
   9.3851620e-02   3.0328726e-02
   9.6358120e-02   3.0816932e-02
   9.7955246e-02   3.0381992e-02
   9.9151930e-02   3.1396388e-02
   1.0038025e-01   2.9272295e-02
   1.0420502e-01   2.7670593e-02
   1.0308919e-01   2.9296656e-02
   1.0455138e-01   3.3545312e-02
   1.0295199e-01   3.2403696e-02
   1.0316761e-01   3.1420195e-02
   1.0006744e-01   3.0749734e-02
   1.0298186e-01   2.9790495e-02
   1.0318533e-01   2.9849185e-02
   1.0418270e-01   2.9758940e-02
   1.0046240e-01   3.0870813e-02
   1.0054377e-01   3.2472480e-02
   9.9030260e-02   3.3456541e-02
   9.7864078e-02   2.9828764e-02
   9.8999829e-02   2.7156730e-02
   1.0028678e-01   2.8721331e-02
   1.0156667e-01   3.0807837e-02
   1.0164880e-01   3.2406170e-02
   1.0273692e-01   3.3383337e-02
   1.0167259e-01   3.0315449e-02
   1.0415255e-01   3.2369373e-02
   9.9076613e-02   2.9274474e-02
   9.9174408e-02   2.9303295e-02
   9.5170846e-02   2.8757969e-02
   9.7864078e-02   2.9828764e-02
   9.7841517e-02   3.1922010e-02
   1.0816475e-01   3.2393492e-02
   1.0709774e-01   3.0365696e-02
   1.0830291e-01   2.9810402e-02
   1.1113815e-01   2.9340313e-02
   1.0316761e-01   3.1420195e-02
   1.0949970e-01   2.9778697e-02
   1.1732757e-01   2.9241436e-02
   1.1728708e-01   3.2374447e-02
   1.1601103e-01   3.0288404e-02
   1.1434949e-01   3.1764235e-02
   1.1491408e-01   3.1920454e-02
   1.1349616e-01   3.1891803e-02
   1.1090639e-01   3.0328430e-02
   1.1102220e-01   2.9834858e-02
   1.1071783e-01   2.7659524e-02
   1.0315529e-01   3.2467534e-02
   1.0427363e-01   3.0833392e-02
   1.0305973e-01   3.1912429e-02
   1.0548499e-01   2.9756616e-02
   1.0277344e-01   3.0253649e-02
   1.0037472e-01   2.9795015e-02
   9.7783465e-02   2.8231031e-02
   9.6744742e-02   3.0414184e-02
   9.3764432e-02   2.9776513e-02
   9.9146071e-02   3.1919661e-02
   9.9065598e-02   3.0319991e-02
   9.7841517e-02   3.1922010e-02
   9.9097493e-02   2.7183440e-02
   9.3759185e-02   3.0298908e-02
   8.8534962e-02   3.1874764e-02
   9.1344850e-02   2.9315814e-02
   1.0018267e-01   2.9214834e-02
   9.6179522e-02   2.9713879e-02
   9.8956665e-02   3.1334688e-02
   9.2451710e-02   3.0823444e-02
   9.1324146e-02   3.1409801e-02
   8.9956005e-02   2.8765921e-02
   9.0039923e-02   2.9317802e-02
   8.7430070e-02   2.9321694e-02
   8.8632585e-02   3.0860047e-02
   8.4653101e-02   2.9267755e-02
   8.4482012e-02   2.9731876e-02
   9.1159864e-02   2.9780621e-02
   8.5861354e-02   3.0281306e-02
   8.3331928e-02   3.1360276e-02
   8.2372979e-02   2.9387104e-02
   8.0834331e-02   2.8255523e-02
   7.3003820e-02   2.9312140e-02
   7.5598381e-02   3.0879000e-02
   8.4727157e-02   3.0342892e-02
   8.0966984e-02   3.1457022e-02
   7.5598381e-02   3.0879000e-02
   7.2983002e-02   3.1929295e-02
   7.4445987e-02   3.0417311e-02
   5.8615323e-02   2.7729516e-02
   6.2691358e-02   3.0431393e-02
   6.5295955e-02   3.1477728e-02
   6.2571255e-02   2.9847684e-02
   6.3815415e-02   2.9293745e-02
   6.5253336e-02   2.8301974e-02
   7.0319388e-02   3.0332343e-02
   6.9021040e-02   2.9810924e-02
   6.6478231e-02   3.0366926e-02
   7.0181144e-02   3.0272685e-02
   7.0454151e-02   3.0916240e-02
   7.1707874e-02   2.8266808e-02
   7.4161200e-02   2.9252839e-02
   8.0985376e-02   2.9359887e-02
   7.6901801e-02   3.0877238e-02
   7.5523932e-02   3.0848587e-02
   7.3148082e-02   2.9370063e-02
   7.6834743e-02   2.9801175e-02
   7.9439310e-02   2.9797696e-02
   8.4731908e-02   2.9819738e-02
   7.9205254e-02   2.9709941e-02
   8.6030651e-02   3.0340955e-02
   8.4894547e-02   3.0402788e-02
   8.5687870e-02   3.0742957e-02
   8.6205470e-02   2.9876688e-02
   8.6200617e-02   3.0400840e-02
   8.5964662e-02   2.8220680e-02
   8.7486133e-02   3.2495336e-02
   9.3645104e-02   3.2356675e-02
   8.9852552e-02   3.0305135e-02
   9.6179522e-02   2.9713879e-02
   9.3881836e-02   2.7191271e-02
   9.3959799e-02   2.8788330e-02
   9.5066716e-02   2.9774416e-02
   9.6464018e-02   2.9801581e-02
   9.5138556e-02   3.1895202e-02
   9.5027553e-02   3.3430923e-02
   9.6531165e-02   3.2447679e-02
   9.7671283e-02   2.9770136e-02
   9.9081977e-02   2.8751715e-02
   9.3862055e-02   2.9282908e-02
   8.8652295e-02   2.8767840e-02
   9.0034952e-02   2.9841335e-02
   9.3846266e-02   3.0851635e-02
   9.5160450e-02   2.9803713e-02
   9.5160450e-02   2.9803713e-02
   9.6363606e-02   3.0294611e-02
   9.4973165e-02   2.9745175e-02
   9.7864078e-02   2.9828764e-02
   1.0176119e-01   3.1391676e-02
   1.3322663e-01   2.9788713e-02
   1.3570486e-01   2.9753570e-02
   1.3712949e-01   3.0824627e-02
   1.3436902e-01   3.1844737e-02
   1.3725706e-01   3.1377843e-02
   1.3423659e-01   3.1813563e-02
   1.3556345e-01   3.0245930e-02
   1.3567357e-01   3.1841540e-02
   1.2905321e-01   2.9739064e-02
   1.3789070e-01   3.0701084e-02
   1.3410443e-01   3.1782449e-02
   1.3030297e-01   3.3388010e-02
   1.2797249e-01   3.1891555e-02
   1.2642444e-01   3.1310225e-02
   1.2121106e-01   3.1321766e-02
   1.2147134e-01   2.9814161e-02
   1.1776533e-01   3.1453575e-02
   1.1765577e-01   3.0898908e-02
   1.1468070e-01   3.2380042e-02
   1.1882445e-01   3.2435252e-02
   1.1112572e-01   3.0388181e-02
   1.0972809e-01   2.8790394e-02
   1.0699806e-01   2.9812797e-02
   1.0589627e-01   3.0398045e-02
   1.0308350e-01   2.9819811e-02
   1.0536931e-01   3.0770495e-02
   1.0689256e-01   2.9783501e-02
   1.0688047e-01   3.0828536e-02
   1.0306582e-01   3.1389275e-02
   9.7960761e-02   2.9858164e-02
   9.8956665e-02   3.1334688e-02
   1.0305973e-01   3.1912429e-02
   1.0156079e-01   3.1330004e-02
   9.9163361e-02   3.0349842e-02
   1.0057861e-01   2.9329982e-02
   1.0046240e-01   3.0870813e-02
   9.5055984e-02   3.0819132e-02
   9.7750856e-02   3.1367812e-02
   1.0028137e-01   2.9243537e-02
   9.7858580e-02   3.0352075e-02
   9.9185071e-02   2.8256749e-02
   9.7756527e-02   3.0845015e-02
   9.6263321e-02   3.0786672e-02
   1.0039102e-01   2.8226856e-02
   1.0026453e-01   3.0810155e-02
   9.9092417e-02   2.7706198e-02
   9.7788569e-02   2.7708234e-02
   1.0045062e-01   3.1917281e-02
   9.6157523e-02   3.1799063e-02
   9.6632291e-02   3.1955800e-02
   9.6346870e-02   3.1861573e-02
   9.6441823e-02   3.1892921e-02
   9.3742901e-02   3.1866092e-02
   9.7479245e-02   2.9711738e-02
   9.1244630e-02   3.0332919e-02
   9.0024748e-02   3.0888399e-02
   8.9956005e-02   2.8765921e-02
   9.3938867e-02   3.0882026e-02
   9.5332094e-02   3.1434191e-02
   9.5259629e-02   2.9309681e-02
   9.5149687e-02   3.0849458e-02
   9.3856882e-02   2.9805817e-02
   9.1254775e-02   2.9286956e-02
   8.9925484e-02   3.1904022e-02
   9.2542846e-02   3.0853782e-02
   9.7783465e-02   2.8231031e-02
   9.1344850e-02   2.9315814e-02
   8.9951136e-02   2.9288938e-02
   9.5155114e-02   3.0326585e-02
   9.2623303e-02   3.1931102e-02
   9.6632291e-02   3.1955800e-02
   9.2548125e-02   3.0330837e-02
   9.3590238e-02   2.8675337e-02
   8.6129816e-02   2.8799961e-02
   8.6224045e-02   2.7780078e-02
   8.3336753e-02   3.0837604e-02
   8.4894547e-02   3.0402788e-02
   8.0653052e-02   3.0811052e-02
   8.2304770e-02   2.7785337e-02
   8.5945919e-02   3.0311101e-02
   8.9847437e-02   3.0827637e-02
   9.0202759e-02   3.0949400e-02
   8.5856475e-02   3.0803397e-02
   8.3501215e-02   3.0898425e-02
   8.0737076e-02   3.0318649e-02
   8.5631599e-02   2.7589487e-02
   8.3593183e-02   2.9880487e-02
   8.3350746e-02   2.9269591e-02
   7.9269633e-02   3.1304353e-02
   8.6025744e-02   3.0864075e-02
   8.3331928e-02   3.1360276e-02
   8.5875493e-02   2.8715031e-02
   8.8725112e-02   3.0366896e-02
   8.4569789e-02   2.9238981e-02
   8.0657635e-02   3.0288831e-02
   8.4727157e-02   3.0342892e-02
   8.0727805e-02   3.1364119e-02
   8.1154502e-02   2.8367337e-02
   7.4088285e-02   2.9224081e-02
   7.9369774e-02   2.8723882e-02
   7.9596117e-02   2.9856487e-02
   8.0564411e-02   3.1824196e-02
   7.8123683e-02   3.1367842e-02
   8.3336753e-02   3.0837604e-02
   7.9526323e-02   2.8780499e-02
   8.0821204e-02   2.9825275e-02
   7.8128206e-02   3.0845045e-02
   8.2133744e-02   2.8777021e-02
   7.6897340e-02   3.1400581e-02
   8.0741594e-02   2.9795913e-02
   8.2048390e-02   2.9271398e-02
   8.4820218e-02   2.9325472e-02
   8.8822670e-02   2.9348689e-02
   8.9956005e-02   2.8765921e-02
   9.2634161e-02   3.0884180e-02
   9.5127058e-02   3.2940946e-02
   9.5149687e-02   3.0849458e-02
   8.8627443e-02   3.1383099e-02
   8.8637641e-02   3.0336995e-02
   8.7430070e-02   2.9321694e-02
   8.8749179e-02   2.7749061e-02
   8.8720041e-02   3.0890464e-02
   9.0049604e-02   2.8270738e-02
   8.9914616e-02   3.2950055e-02
   9.1049287e-02   3.1839177e-02
   8.8900574e-02   3.0426876e-02
   8.5964662e-02   2.8220680e-02
   8.9867378e-02   2.8737628e-02
   9.0123900e-02   2.9870772e-02
   8.8611506e-02   3.2952254e-02
   8.9930788e-02   3.1381005e-02
   8.6205470e-02   2.9876688e-02
   8.7343856e-02   2.9292818e-02
   8.5800038e-02   2.7643675e-02
   8.6040217e-02   2.9294716e-02
   9.2446358e-02   3.1345875e-02
   8.7238112e-02   3.1354284e-02
   9.1313264e-02   3.2456795e-02
   9.2275208e-02   3.0241539e-02
   9.2548125e-02   3.0330837e-02
   9.3862055e-02   2.9282908e-02
   9.6553799e-02   3.0354280e-02
   9.2435386e-02   3.2390737e-02
   8.9930788e-02   3.1381005e-02
   8.7262526e-02   2.8741427e-02
   9.0049604e-02   2.8270738e-02
   9.1344850e-02   2.9315814e-02
   9.0980629e-02   2.9722161e-02
   1.0034561e-01   3.2408613e-02
   9.7564176e-02   3.0784449e-02
   9.6469334e-02   2.9278747e-02
   1.0167829e-01   2.9792769e-02
   1.0027585e-01   2.9765743e-02
   1.0427958e-01   3.0310792e-02
   1.0579167e-01   3.0368112e-02
   1.0296424e-01   3.1358415e-02
   1.0275562e-01   3.1818493e-02
   1.0579762e-01   2.9844523e-02
   1.0426143e-01   3.1878591e-02
   1.0698593e-01   3.0858860e-02
   1.1080326e-01   2.9776252e-02
   1.0797716e-01   3.0244159e-02
   1.0796478e-01   3.1287061e-02
   1.0686156e-01   3.2396089e-02
   1.0458891e-01   3.0400439e-02
   1.1189234e-01   2.9194094e-02
   1.1483353e-01   2.9275229e-02
   1.1033622e-01   3.2261457e-02
   1.0174907e-01   3.2438065e-02
   1.0276166e-01   3.1296878e-02
   1.0830291e-01   2.9810402e-02
   1.0810134e-01   2.8707956e-02
   1.1187995e-01   3.0236740e-02
   1.0699806e-01   2.9812797e-02
   1.0428542e-01   2.9788192e-02
   1.0416491e-01   3.1325200e-02
   1.0033950e-01   3.2931332e-02
   1.0416491e-01   3.1325200e-02
   1.0417687e-01   3.0281027e-02
   1.0286285e-01   3.1327617e-02
   1.0018808e-01   2.8693141e-02
   1.0277344e-01   3.0253649e-02
   1.0164261e-01   3.2928850e-02
   9.9151930e-02   3.1396388e-02
   1.0044459e-01   3.2440515e-02
   1.0428542e-01   2.9788192e-02
   9.7489832e-02   2.8669220e-02
   9.5055984e-02   3.0819132e-02
   9.2628777e-02   3.1407641e-02
   9.1414337e-02   3.1440782e-02
   9.3748419e-02   3.1343697e-02
   9.5420674e-02   3.1989634e-02
   9.1065072e-02   3.0273316e-02
   7.5536613e-02   2.9280015e-02
   7.4161200e-02   2.9252839e-02
   7.1633417e-02   2.8761902e-02
   7.4315434e-02   2.8263720e-02
   7.3011654e-02   2.8265278e-02
   7.1625608e-02   2.9807790e-02
   7.5809115e-02   3.2545375e-02
   6.2441073e-02   3.0834111e-02
   6.3923124e-02   3.1972297e-02
   5.9914764e-02   2.8251462e-02
   5.9870769e-02   2.5610331e-02
   6.2529344e-02   2.6679493e-02
   6.4911317e-02   3.1292105e-02
   7.1464170e-02   3.2358746e-02
   7.0242148e-02   3.1347398e-02
   6.7840794e-02   3.1443502e-02
   6.9096642e-02   2.8793301e-02
   7.2939713e-02   2.8237433e-02
   6.9161100e-02   2.9345762e-02
   7.4307460e-02   2.9310525e-02
   7.4368270e-02   3.0911209e-02
   7.3041624e-02   3.3532655e-02
   7.6892805e-02   3.1923925e-02
   7.9452187e-02   2.8229396e-02
   8.1980665e-02   2.7676045e-02
   8.4727157e-02   3.0342892e-02
   8.0900971e-02   2.9854694e-02
   8.6110628e-02   3.0894504e-02
   8.3428340e-02   2.9821613e-02
   8.0989778e-02   2.8835604e-02
   8.3428340e-02   2.9821613e-02
   8.7271703e-02   2.7696285e-02
   8.8468154e-02   2.9755345e-02
   8.5964662e-02   2.8220680e-02
   8.7491399e-02   3.1971218e-02
   8.6115550e-02   3.0370868e-02
   8.8482466e-02   2.8189275e-02
   9.1080068e-02   2.8707455e-02
   9.1138931e-02   3.1870489e-02
   8.8555297e-02   2.9784616e-02
   8.8622216e-02   3.1906150e-02
   8.7243163e-02   3.0831713e-02
   9.1075157e-02   2.9229409e-02
   9.4890103e-02   2.8673326e-02
   9.6474556e-02   2.8755912e-02
   9.3682356e-02   2.8703502e-02
   9.5149687e-02   3.0849458e-02
   9.6727807e-02   3.1987332e-02
   9.5127058e-02   3.2940946e-02
   1.0707903e-01   3.1936336e-02
   1.0925914e-01   3.1805941e-02
   1.0586486e-01   3.3018567e-02
   1.0664490e-01   3.2854038e-02
   1.0308350e-01   2.9819811e-02
   1.0129517e-01   2.8114152e-02
   1.0409702e-01   2.8165022e-02
   1.0417687e-01   3.0281027e-02
   1.0708537e-01   3.1412789e-02
   1.0295199e-01   3.2403696e-02
   9.6453107e-02   3.0847251e-02
   9.6374300e-02   2.9249969e-02
   9.2659738e-02   2.8266877e-02
   9.5264796e-02   2.8786294e-02
   9.2553315e-02   2.9807891e-02
   9.1059898e-02   3.0795270e-02
   9.3933407e-02   3.1405451e-02
   9.1239425e-02   3.0855900e-02
   9.8870650e-02   3.0260464e-02
   9.5170846e-02   2.8757969e-02
   9.6363606e-02   3.0294611e-02
   9.7772973e-02   2.9276624e-02
   9.5232410e-02   3.1926617e-02
   9.2537477e-02   3.1376728e-02
   9.2741318e-02   2.9342708e-02
   9.2553315e-02   2.9807891e-02
   9.3886554e-02   2.6668362e-02
   9.5249018e-02   3.0356456e-02
   9.9065598e-02   3.0319991e-02
   9.2612087e-02   3.2978023e-02
   9.7727231e-02   3.3458999e-02
   9.3856882e-02   2.9805817e-02
   9.6665218e-02   2.8812606e-02
   8.9685818e-02   2.9202684e-02
   9.7558539e-02   3.1306219e-02
   9.6352542e-02   3.1339253e-02
   9.2451710e-02   3.0823444e-02
   8.9842235e-02   3.1350140e-02
   8.9862523e-02   2.9260130e-02
   9.3687317e-02   2.8181620e-02
   9.3877026e-02   2.7714180e-02
   9.5249018e-02   3.0356456e-02
   9.8950840e-02   3.1856933e-02
   9.3731594e-02   3.2910882e-02
   9.3574859e-02   3.0239446e-02
   9.5071944e-02   2.9252057e-02
   9.4047533e-02   2.9340657e-02
   9.4962465e-02   3.0788865e-02
   9.5254369e-02   2.9833069e-02
   9.2446358e-02   3.1345875e-02
