   6.9133641e-02   1.2465217e-01
   7.5711301e-02   1.2528053e-01
   6.5007753e-02   1.2991421e-01
   5.0297979e-02   1.3226459e-01
   4.5402429e-02   1.2346490e-01
   5.8491659e-02   1.1079196e-01
   5.5761981e-02   1.1164299e-01
   5.3631786e-02   9.8756413e-02
   4.8252084e-02   1.0177057e-01
   5.0373243e-02   1.0349109e-01
   3.8765559e-02   9.6464494e-02
   3.1126857e-02   9.7394588e-02
   4.5509556e-02   8.6165015e-02
   4.1866665e-02   8.8908806e-02
   4.7503614e-02   6.4539675e-02
   5.3070473e-02   6.2711783e-02
   4.6401214e-02   6.1589352e-02
   3.5724679e-02   5.1219740e-02
   2.7762843e-02   3.7240719e-02
   1.9785344e-02   3.1297773e-02
   2.4863022e-02   3.1047106e-02
   1.9383606e-02   2.8575342e-02
   2.5995889e-02   2.9264525e-02
   3.2594488e-02   2.8299954e-02
   4.5666757e-02   1.9385024e-02
   3.2555954e-02   1.8829410e-02
   4.1706564e-02   2.0938152e-02
   5.8342500e-02   8.3219323e-03
   4.7828826e-02   8.8188928e-03
   5.3055152e-02   6.2302630e-03
   5.5688691e-02   1.1432417e-02
   5.6994312e-02   5.1963357e-03
   6.0118340e-02   2.0968363e-03
   6.2915096e-02  -6.3086267e-03
   6.1540806e-02  -7.8783454e-03
   5.7752319e-02  -3.0588170e-02
   8.7836355e-02  -4.0030487e-02
   7.6302456e-02  -3.6472294e-02
   7.4091349e-02  -3.0814786e-02
   8.4370348e-02  -2.6974812e-02
   5.7946817e-02  -2.6976948e-02
   5.9238028e-02  -3.9180350e-02
   7.2970839e-02  -4.0867923e-02
   8.6275442e-02  -3.9389174e-02
   9.3694101e-02  -4.9201873e-02
   8.3365476e-02  -4.9276593e-02
   9.5449401e-02  -5.9253379e-02
   8.3850466e-02  -4.4252812e-02
   8.8385571e-02  -5.0969147e-02
   1.1287524e-01  -6.1314765e-02
   1.2511506e-01  -5.9329127e-02
   1.2049967e-01  -5.6886468e-02
   1.0672060e-01  -6.7737574e-02
   9.9860706e-02  -7.7668011e-02
   9.3750447e-02  -9.0801061e-02
   1.0910015e-01  -9.5503640e-02
   1.2006622e-01  -9.8173239e-02
   1.4116394e-01  -9.5799376e-02
   1.5600226e-01  -9.2615551e-02
   1.6226126e-01  -9.4044803e-02
   1.5305311e-01  -1.0077833e-01
   1.3531208e-01  -9.5179456e-02
   1.4311043e-01  -1.1317755e-01
   1.4064691e-01  -1.1656000e-01
   1.4138721e-01  -1.2101395e-01
   1.3199328e-01  -1.1089084e-01
   1.2766363e-01  -1.1048955e-01
   1.4081953e-01  -1.3040296e-01
   1.2897574e-01  -1.1487261e-01
   1.3535023e-01  -1.0990272e-01
   1.2179350e-01  -1.0448930e-01
   1.1763378e-01  -1.0639918e-01
   1.1086161e-01  -1.0498980e-01
   9.8934339e-02  -9.8368013e-02
   9.8997908e-02  -1.0223192e-01
   9.2000835e-02  -9.9819153e-02
   1.0514230e-01  -1.0047109e-01
   1.1329290e-01  -9.6913565e-02
   1.1419536e-01  -9.1102683e-02
   1.0332580e-01  -7.7162586e-02
   1.2432410e-01  -7.1487737e-02
   1.2270277e-01  -6.4832098e-02
   1.0794823e-01  -5.1340020e-02
   1.1546572e-01  -4.9513121e-02
   1.1113507e-01  -4.3577584e-02
   9.3050762e-02  -4.3104504e-02
   9.0494128e-02  -4.1032774e-02
   9.8224533e-02  -3.5788724e-02
   8.9131279e-02  -2.1752538e-02
   7.8327960e-02  -2.3182123e-02
   6.5856940e-02  -1.0876876e-02
   6.9809857e-02  -5.7021185e-03
   7.1244639e-02  -3.6355326e-03
   5.5865709e-02   2.0847479e-03
   4.4700641e-02   2.6379301e-03
   4.6153270e-02   2.6457359e-03
   6.1204422e-02   6.9381091e-03
   6.4242159e-02   1.2348460e-02
   6.7485333e-02   2.3837790e-02
   5.0168466e-02   3.8180324e-02
   3.6751233e-02   5.2704763e-02
   2.5898563e-02   4.4478426e-02
   3.9372174e-02   5.5331897e-02
   3.6296497e-02   7.1873669e-02
   2.2709189e-02   8.0274440e-02
  -1.3268040e-03   9.5822218e-02
  -3.9170193e-03   9.5346300e-02
  -5.8692862e-02   1.0975856e-01
  -5.2663608e-02   1.0780542e-01
  -3.2155968e-02   1.1745864e-01
  -7.3359150e-02   1.3332864e-01
  -8.9071754e-02   1.1912248e-01
  -7.2407099e-02   1.1354193e-01
  -8.8611622e-02   1.0709742e-01
  -1.0037738e-01   7.6942013e-02
  -1.1946492e-01   1.5239982e-01
  -5.3547725e-02   1.0101517e-01
  -8.1286448e-02   1.3172540e-01
  -1.6905526e-01   1.9199782e-01
  -1.5017302e-01   1.5923277e-01
  -1.3228292e-01   1.6672401e-01
  -8.6751245e-02   1.3615389e-01
  -8.0085992e-02   1.3961584e-01
  -8.8135004e-02   1.6829606e-01
  -8.3550800e-02   1.5393565e-01
  -7.8010585e-02   1.7668494e-01
  -2.4626849e-02   1.5387689e-01
  -2.6327371e-02   1.4108450e-01
  -4.4272650e-02   1.6470215e-01
  -3.5257728e-02   1.5331870e-01
  -3.5228521e-02   1.5495555e-01
  -1.8239217e-02   1.6188197e-01
  -1.9408165e-02   1.8177079e-01
  -2.1987186e-02   1.8599387e-01
  -3.3394553e-02   1.9066532e-01
   1.1584247e-02   1.7829483e-01
   1.2973282e-02   1.6592323e-01
  -2.3061289e-02   1.8098454e-01
  -1.2683697e-02   1.7719455e-01
  -3.0403057e-02   1.7215941e-01
  -2.7958914e-02   1.5869488e-01
  -2.2622160e-02   1.6834441e-01
  -2.1509049e-02   1.5564189e-01
  -2.4163644e-02   1.4731341e-01
  -2.1567503e-02   1.4409289e-01
   0.0000000e+00   1.3118290e-01
   6.3712441e-03   1.2789316e-01
   1.5359195e-02   1.1461489e-01
   1.1471201e-02   1.1521284e-01
   1.3940154e-02   1.0963088e-01
   1.6447212e-02   1.0619866e-01
   1.9169602e-02   9.7016986e-02
   2.4453320e-02   8.0478970e-02
   3.3621184e-02   7.3892483e-02
   3.8701986e-02   7.9046303e-02
   3.4989571e-02   6.9242590e-02
   3.1131065e-02   6.0793951e-02
   3.7670086e-02   5.8748065e-02
   4.6720898e-02   6.2930334e-02
   5.0160677e-02   6.2934801e-02
   4.4950357e-02   5.0091429e-02
   2.8923098e-02   4.7688461e-02
   1.7224471e-02   4.9149006e-02
   3.9356235e-02   2.5829291e-02
   3.1499630e-02   3.9091502e-02
   5.3051637e-02   2.6638400e-02
  -6.7441771e-03   5.1693364e-02
   3.1992423e-02   2.4033012e-02
  -1.9406006e-02   4.4115326e-02
   2.5113122e-02   2.5794263e-02
   4.8335325e-02   3.2755741e-02
   1.7618367e-02   4.8078157e-02
   2.0308120e-02   4.8027225e-02
   5.1171953e-02   3.5739903e-02
   5.5279053e-02   4.1776679e-02
   5.5129599e-02   4.6022970e-02
   6.2210437e-02   4.1895652e-02
   5.6396649e-02   4.8137540e-02
   5.9639697e-02   4.1055549e-02
   5.9084153e-02   2.7422668e-02
   6.2812402e-02   3.8941781e-02
   7.3382007e-02   2.6872463e-02
   3.8453761e-02   3.1436033e-02
   3.8291892e-02   2.5129773e-02
  -2.6124673e-03   1.7316798e-02
   2.5895772e-03   1.6123620e-02
   2.5655201e-03   4.1204976e-03
  -1.2853683e-03   2.2729034e-02
   3.3342128e-02   1.3387370e-02
   2.8213249e-02   1.2873637e-02
   2.3172450e-02   1.3958823e-02
   0.0000000e+00   1.5113078e-02
  -2.5882303e-03   1.0392137e-03
  -9.0234332e-03  -5.1756603e-04
   0.0000000e+00  -6.7615309e-03
  -1.3004295e-03  -5.2216723e-03
  -7.7861052e-03  -1.0422631e-02
  -6.4992339e-03  -1.6709157e-02
  -1.0378966e-02  -1.5633735e-02
   0.0000000e+00  -2.0344488e-02
  -7.8285870e-03  -1.9396295e-02
  -2.3567671e-02  -9.4627771e-03
   0.0000000e+00  -5.7894737e-03
   6.5070534e-03  -1.2544226e-02
   6.4748309e-03  -1.3522899e-02
   1.1587327e-02  -1.1892225e-02
   1.6648264e-02  -2.0066363e-02
   1.6755759e-02  -2.4866028e-02
   2.5901979e-03  -2.6031384e-02
  -1.2860214e-02  -2.7920622e-02
  -6.4027537e-03  -3.1418482e-02
  -1.2746527e-02  -3.7452263e-02
  -1.5114476e-02  -5.6963593e-02
  -1.2677594e-02  -5.3202155e-02
  -2.2853920e-02  -4.4501006e-02
  -1.5150793e-02  -5.4525217e-02
  -2.5167523e-03  -5.1781514e-02
  -2.5085222e-03  -5.8776183e-02
  -7.6126367e-03  -5.8944849e-02
  -1.4006025e-02  -6.9081648e-02
   0.0000000e+00  -6.2985507e-02
   1.5283019e-02  -6.3863490e-02
   1.9238858e-02  -5.3304828e-02
   2.9497409e-02  -6.7465744e-02
   1.5586309e-02  -7.2100144e-02
   1.9421128e-02  -7.6681319e-02
   1.1662353e-02  -7.7288586e-02
   1.4234275e-02  -7.5035154e-02
   2.0730126e-02  -7.7807659e-02
   3.3356172e-02  -8.1271380e-02
   4.8646303e-02  -7.8406392e-02
   4.3366833e-02  -8.7679116e-02
   3.4649250e-02  -8.0227385e-02
   4.7541589e-02  -7.1799350e-02
   5.6729436e-02  -6.9904792e-02
   6.2465860e-02  -5.9347433e-02
   6.4269441e-02  -5.4999080e-02
   5.6674091e-02  -5.0454600e-02
   7.1653510e-02  -5.8859642e-02
   7.1821614e-02  -4.6246862e-02
   4.4770446e-02  -3.7078575e-02
   5.9255297e-02  -4.3989428e-02
   7.2052996e-02  -4.4803342e-02
   5.5870418e-02  -4.0250032e-02
   4.0598555e-02  -2.2620863e-02
   4.6844751e-02  -1.5148247e-02
   5.1753738e-02  -1.0903384e-02
   4.3162978e-02  -1.0499837e-02
   4.2173482e-02  -1.7992806e-02
   4.3116542e-02  -1.2587342e-02
   6.5728706e-03  -8.4461104e-03
  -1.3226426e-02  -1.0620709e-03
   1.7262524e-02   5.8646896e-03
   1.4703520e-02   1.7182317e-02
   3.8511066e-02   0.0000000e+00
   3.9361017e-03   6.3220395e-03
   1.3050246e-03   1.6251228e-02
  -1.8085326e-02   2.1281055e-02
  -3.1309576e-02   2.1487517e-02
  -1.4427713e-02   2.7948575e-02
  -9.1470803e-03   3.4701544e-02
  -2.9940770e-02   4.7215482e-02
  -2.0809144e-02   5.2468664e-02
  -4.0581082e-02   5.9741874e-02
  -2.2227259e-02   6.0758970e-02
  -2.5179340e-02   7.1942092e-02
  -2.2574299e-02   7.5933791e-02
  -3.7049136e-02   7.7830896e-02
  -3.9532910e-02   7.8046991e-02
  -3.5246553e-02   7.5686758e-02
  -3.0269177e-02   8.9470248e-02
   5.2366086e-03   6.8369453e-02
  -1.6892734e-02   8.8325900e-02
  -6.1223668e-02   1.0492302e-01
  -5.2134832e-02   1.0890344e-01
  -2.2145550e-02   1.2068052e-01
  -1.4199954e-02   1.3022363e-01
   0.0000000e+00   1.0087613e-01
  -4.4852213e-02   1.3308151e-01
  -3.8316423e-03   1.3832938e-01
  -4.0787024e-02   1.6266252e-01
  -1.5478407e-02   1.5542628e-01
   3.4919417e-02   1.4591053e-01
   1.1404046e-02   1.6053508e-01
  -6.2900518e-03   1.7206197e-01
  -2.7593868e-02   1.7556304e-01
  -1.8977805e-02   1.6900490e-01
   5.0839550e-03   1.6987728e-01
   3.8074160e-03   1.7792007e-01
   0.0000000e+00   1.7827273e-01
   1.1443085e-02   1.7468846e-01
   1.1310178e-02   1.8790133e-01
   2.3759835e-02   1.9104257e-01
   3.0233949e-02   1.8716139e-01
   3.3950649e-02   1.9524646e-01
   2.6589711e-02   1.8885703e-01
   2.6640389e-02   1.9416191e-01
   3.4478180e-02   1.9002963e-01
   3.0707306e-02   1.6692190e-01
   3.8679456e-02   1.6591975e-01
   3.6000144e-02   1.6542229e-01
   5.0387163e-02   1.5207970e-01
   3.8979323e-02   1.5306296e-01
   4.3756305e-02   1.5379673e-01
   4.6293433e-02   1.5132794e-01
   3.4813155e-02   1.5006546e-01
   4.4054551e-02   1.3981521e-01
   3.7829171e-02   1.3852963e-01
   4.4428197e-02   1.3471960e-01
   5.6197662e-02   1.2496696e-01
   4.3186646e-02   1.2178287e-01
   5.2450325e-02   1.1690224e-01
   4.9798530e-02   1.0785323e-01
   2.8734270e-02   1.0031778e-01
   6.2974112e-02   8.6364416e-02
   2.3459920e-02   1.0065690e-01
   3.6788505e-02   8.4915777e-02
   2.2376618e-02   7.8526776e-02
   3.4240023e-02   6.8759178e-02
   3.0143964e-02   6.7889917e-02
   1.9624016e-02   5.2782954e-02
   1.0571799e-02   4.6872857e-02
   2.1096333e-02   4.1948517e-02
   2.3766121e-02   3.9331604e-02
   1.9728584e-02   3.0146323e-02
   2.6233564e-03   2.7422831e-02
   1.0514669e-02   1.3196792e-02
   2.2168675e-02   1.1520114e-02
   1.4404648e-02   2.1030494e-03
   1.3095212e-03   1.0515868e-03
   5.2170831e-03  -5.7608246e-03
   2.6029921e-03  -1.0976310e-02
   3.8954572e-03  -1.7736143e-02
   0.0000000e+00  -2.1887906e-02
   5.1883079e-03  -1.9282053e-02
   9.0952900e-03  -2.2452668e-02
  -5.1908170e-03  -2.5560826e-02
  -1.4263069e-02  -3.3383870e-02
  -2.1941764e-02  -4.5243950e-02
  -1.9328114e-02  -4.9357408e-02
  -3.1116105e-02  -5.3351268e-02
  -3.2431199e-02  -5.0211760e-02
  -3.1278079e-02  -5.2038823e-02
  -2.0809144e-02  -5.2468664e-02
  -1.5713157e-02  -5.3366071e-02
  -2.1016413e-02  -5.7820412e-02
  -2.6269918e-02  -6.2652751e-02
  -2.4998488e-02  -7.2501847e-02
  -2.2368346e-02  -8.3418605e-02
  -1.1856400e-02  -7.9149107e-02
  -1.8508896e-02  -7.7239210e-02
  -1.3171265e-02  -9.0116842e-02
  -3.1937009e-02  -7.9395204e-02
  -3.8061996e-02  -1.0080679e-01
  -3.6563570e-02  -1.1195716e-01
  -3.6246549e-02  -1.1873692e-01
  -2.4582837e-02  -1.1757901e-01
  -2.9485443e-02  -1.1809843e-01
  -2.5669265e-02  -1.1769577e-01
  -1.3993629e-02  -1.2710840e-01
  -1.0165724e-02  -1.3420629e-01
  -6.3653181e-03  -1.3672141e-01
  -2.5358136e-03  -1.4119256e-01
   2.5465264e-03  -1.4069832e-01
   8.8948311e-03  -1.3644799e-01
   1.6494008e-02  -1.4184883e-01
   2.1630646e-02  -1.4000980e-01
   2.2895912e-02  -1.4279133e-01
   1.9038162e-02  -1.4529781e-01
   1.6603783e-02  -1.3831831e-01
   2.7966537e-02  -1.3985687e-01
   3.4420326e-02  -1.3800380e-01
   4.0796344e-02  -1.3124692e-01
   4.2209520e-02  -1.3057791e-01
   4.4662871e-02  -1.3136443e-01
   4.6036052e-02  -1.3109306e-01
   4.8547068e-02  -1.2871262e-01
   4.3531290e-02  -1.2122418e-01
   4.2281758e-02  -1.2187641e-01
   3.0647630e-02  -1.2037263e-01
   3.8374237e-02  -1.1614897e-01
   3.7364003e-02  -1.0764435e-01
   3.3716807e-02  -1.0066598e-01
   2.8520455e-02  -9.5715455e-02
   3.3723513e-02  -9.4120016e-02
   3.3888962e-02  -8.4771352e-02
   3.6422633e-02  -8.1344182e-02
   3.2449570e-02  -7.4713821e-02
   3.1142254e-02  -7.2013321e-02
   2.7347214e-02  -6.9596748e-02
   1.8321499e-02  -6.5647925e-02
   1.4524067e-02  -6.6245927e-02
   2.5223067e-02  -6.0069865e-02
   3.0744796e-02  -5.0667720e-02
   3.1992346e-02  -4.2945766e-02
   2.2596721e-02  -3.4223017e-02
   2.5199528e-02  -2.6655091e-02
   2.6457077e-02  -2.1791002e-02
   1.8529307e-02  -1.3820102e-02
   6.5986804e-03  -1.0599868e-02
   9.2291069e-03  -1.0059694e-02
   9.2862633e-03  -3.1959008e-03
   1.6015515e-02  -4.8226986e-03
   6.6730664e-03   5.3588799e-03
   2.6824781e-03   9.6951019e-03
  -6.7025804e-03   1.9928605e-02
  -6.6938325e-03   2.3674822e-02
  -2.1407760e-02   3.8236815e-02
  -1.6045931e-02   4.2547649e-02
  -2.2825101e-02   4.8715843e-02
  -1.8686152e-02   5.3317775e-02
  -2.3978126e-02   5.8101975e-02
  -3.4396842e-02   6.2017005e-02
  -3.6937383e-02   6.9962056e-02
  -3.5559283e-02   7.2561299e-02
  -3.5816798e-02   7.2001408e-02
  -4.1251803e-02   7.1673422e-02
  -3.6043015e-02   7.5221654e-02
  -2.7666379e-02   9.5657820e-02
  -6.1694095e-02   9.7422913e-02
  -6.0492372e-02   1.0094497e-01
  -5.7355362e-02   1.1897115e-01
  -5.5739176e-02   1.2276778e-01
  -6.1033170e-02   1.2806368e-01
  -6.1107851e-02   1.3221505e-01
  -6.8642358e-02   1.3848163e-01
  -7.3646446e-02   1.3924215e-01
  -7.4838674e-02   1.4419906e-01
  -7.3552885e-02   1.4825958e-01
  -7.2098821e-02   1.5080160e-01
  -6.9445850e-02   1.5704013e-01
  -7.1604984e-02   1.6599591e-01
  -8.0343176e-02   1.7075769e-01
  -8.1522188e-02   1.7468173e-01
  -8.1001256e-02   1.8058327e-01
  -8.2416452e-02   1.8093642e-01
  -7.9280544e-02   1.7826404e-01
  -8.4593978e-02   1.7946826e-01
  -8.1532780e-02   1.6524587e-01
  -7.2439912e-02   1.6605250e-01
  -6.8450140e-02   1.7801139e-01
  -8.1501514e-02   1.9124480e-01
  -7.9914623e-02   2.0127855e-01
  -8.1860576e-02   2.0704890e-01
  -7.4399921e-02   2.0277981e-01
  -7.0756267e-02   2.0429005e-01
  -6.9514929e-02   2.0430174e-01
  -6.7386820e-02   2.0556416e-01
  -6.7354682e-02   2.1103482e-01
  -6.6188626e-02   2.1072183e-01
  -7.5326838e-02   2.0878945e-01
  -6.9208990e-02   2.1003532e-01
  -6.4175609e-02   2.1008202e-01
  -6.6690512e-02   2.0692196e-01
  -6.7781371e-02   2.0757008e-01
  -7.6626660e-02   2.0146504e-01
  -7.4696316e-02   2.0205264e-01
  -6.7426729e-02   1.9763851e-01
  -6.4052076e-02   1.8623525e-01
  -6.0512461e-02   1.8118949e-01
  -5.0337518e-02   1.7325566e-01
  -4.9060487e-02   1.7090774e-01
  -5.4042532e-02   1.7324446e-01
  -3.8882305e-02   1.5794794e-01
  -3.2500472e-02   1.5199932e-01
  -2.8674535e-02   1.4248952e-01
  -3.5144272e-02   1.3879555e-01
  -5.0718424e-02   1.3401064e-01
  -3.3638395e-02   1.2259388e-01
  -2.7312771e-02   1.1709783e-01
  -2.5951163e-02   1.1793177e-01
  -2.0773782e-02   1.0577374e-01
  -2.4696981e-02   1.0257917e-01
  -2.0925656e-02   9.3297773e-02
  -1.8411334e-02   8.1735812e-02
  -2.5033855e-02   7.8603113e-02
  -1.4487981e-02   6.3915692e-02
  -2.7692874e-02   6.2903468e-02
  -3.4492863e-02   5.8392363e-02
  -3.4464485e-02   4.6465898e-02
  -1.9820048e-02   3.3486682e-02
  -1.8578608e-02   3.0953621e-02
  -7.9392163e-03   1.8073895e-02
  -2.1250776e-02   2.1880342e-02
  -1.8561384e-02   1.8641371e-02
  -1.5807053e-02   6.8757544e-03
  -1.9738855e-02   7.3969794e-03
  -2.6242078e-03  -3.1610276e-03
   0.0000000e+00  -1.2669323e-02
   2.6545604e-03  -1.7062340e-02
   1.8502912e-02  -2.0709385e-02
   1.3262909e-02  -2.6658611e-02
   6.6344258e-03  -3.2023763e-02
   2.6525792e-03  -3.5760250e-02
   6.6332730e-03  -4.1138590e-02
  -2.6433791e-03  -5.1720217e-02
  -6.5732031e-03  -6.3258984e-02
  -2.6453278e-03  -6.7454408e-02
   6.6252439e-03  -7.2491471e-02
   1.1940543e-02  -7.1487894e-02
   1.7123838e-02  -7.5860422e-02
   3.9825554e-03  -7.7022000e-02
   1.3158321e-02  -9.0025732e-02
   3.9559176e-03  -8.6365999e-02
   7.8366192e-03  -1.0034057e-01
   3.9184631e-03  -1.0311445e-01
   0.0000000e+00  -1.0471774e-01
   9.1529439e-03  -1.1383706e-01
  -1.3097443e-03  -1.2480116e-01
   5.2356096e-03  -1.3561811e-01
   2.6361790e-03  -1.3605126e-01
   9.1578651e-03  -1.4543303e-01
   7.8403353e-03  -1.3249752e-01
   3.8955364e-03  -1.3964330e-01
  -1.3005740e-03  -1.4277544e-01
   5.1727083e-03  -1.4826937e-01
   1.2891879e-02  -1.4834937e-01
   8.9858401e-03  -1.5288078e-01
   7.6455784e-03  -1.5744929e-01
   2.4104055e-02  -1.6014155e-01
   1.3910892e-02  -1.6425279e-01
   1.2616713e-02  -1.6674514e-01
   2.2508944e-02  -1.7382047e-01
   1.6241518e-02  -1.7190602e-01
   8.6627466e-03  -1.7648787e-01
   2.4706747e-03  -1.7614364e-01
   8.6050344e-03  -1.8800934e-01
   2.3442109e-02  -1.8344931e-01
   2.2235371e-02  -1.8135603e-01
   1.6087703e-02  -1.7997519e-01
   2.8421161e-02  -1.7731857e-01
   2.1150385e-02  -1.7226495e-01
   2.7256794e-02  -1.7087695e-01
   2.6072295e-02  -1.6151916e-01
   1.4990432e-02  -1.5919829e-01
   2.2765598e-02  -1.5442618e-01
   2.0465251e-02  -1.4996039e-01
   2.8184811e-02  -1.5078021e-01
   2.9784580e-02  -1.4323324e-01
   2.2092683e-02  -1.4437624e-01
   2.3289194e-02  -1.4080818e-01
   1.5639108e-02  -1.2925868e-01
   7.8286214e-03  -1.2657285e-01
   1.5728332e-02  -1.1806852e-01
   2.5107722e-02  -1.1281388e-01
   1.8526411e-02  -1.0058157e-01
   1.8448949e-02  -8.8503261e-02
   1.3178904e-03  -8.1373696e-02
  -2.6391807e-03  -8.0384062e-02
  -1.3269368e-03  -7.8638171e-02
   7.9945979e-03  -7.8416898e-02
   1.3360420e-02  -7.1998287e-02
   1.4685791e-02  -6.2063316e-02
   1.9920666e-02  -5.3047489e-02
   6.6158673e-03  -3.8351275e-02
  -7.8712469e-03  -2.5840336e-02
  -1.0501455e-02  -1.7929780e-02
  -6.6191404e-03  -2.5009725e-02
   9.3776569e-03  -2.7468817e-02
   1.3551154e-02  -2.5055203e-02
   3.3876226e-02  -2.5592787e-02
   2.4223708e-02  -2.2169730e-02
   4.0156985e-03  -8.6003659e-03
   0.0000000e+00  -1.1288032e-02
  -7.9999347e-03  -2.1413748e-03
  -1.3306425e-03   1.0685478e-03
   0.0000000e+00   5.3212851e-03
   3.9833209e-03   9.0643450e-03
  -9.3095886e-03   2.9413999e-02
  -3.9860341e-03   2.8850675e-02
  -1.0660767e-02   3.8085796e-02
  -9.2966780e-03   4.7109933e-02
  -1.7295215e-02   4.8811564e-02
  -2.5446708e-02   5.1315555e-02
  -1.3428309e-02   5.3647502e-02
  -3.1866487e-02   6.3881826e-02
  -5.4078646e-02   8.1921546e-02
  -5.3718901e-02   8.4089445e-02
  -5.7800803e-02   9.1989999e-02
  -4.8819256e-02   9.4096075e-02
  -5.8331572e-02   1.0405011e-01
  -6.0718634e-02   1.0189438e-01
  -7.3569431e-02   1.1196495e-01
  -8.0425596e-02   1.0504193e-01
  -7.6159351e-02   1.1583683e-01
  -7.6146806e-02   1.2375645e-01
  -7.7468572e-02   1.3293632e-01
  -9.8720841e-02   1.4912098e-01
  -8.1218098e-02   1.4242441e-01
  -8.7574659e-02   1.4904962e-01
  -6.1567012e-02   1.5312540e-01
  -6.9473650e-02   1.5378160e-01
  -7.8406119e-02   1.5973418e-01
  -8.0311752e-02   1.6651345e-01
  -1.0565092e-01   1.6838460e-01
  -8.6318057e-02   1.7806271e-01
  -8.6714843e-02   1.8264032e-01
  -8.4719989e-02   1.9636604e-01
  -8.1780338e-02   2.0036819e-01
  -8.1672914e-02   2.0571933e-01
  -8.5411212e-02   2.0732144e-01
  -8.9963757e-02   2.1023071e-01
  -8.4232086e-02   2.0653024e-01
  -1.0088243e-01   2.1904725e-01
  -9.2391982e-02   2.1853474e-01
  -8.9588447e-02   2.2212892e-01
  -8.4319761e-02   2.3023082e-01
  -8.3066022e-02   2.3343194e-01
  -7.8798222e-02   2.3607423e-01
  -8.8138202e-02   2.4403958e-01
  -8.7316901e-02   2.3757829e-01
  -9.0083539e-02   2.3268396e-01
  -8.9544696e-02   2.3032607e-01
  -8.8807797e-02   2.2801620e-01
  -9.2360794e-02   2.3256523e-01
  -8.3737798e-02   2.2017819e-01
  -8.3646176e-02   2.2180512e-01
  -8.8742281e-02   2.1696112e-01
  -9.2396239e-02   2.1539169e-01
  -8.8604397e-02   2.1468222e-01
  -8.9316011e-02   2.1755862e-01
  -8.8683461e-02   2.1177024e-01
  -8.8774762e-02   2.0703949e-01
  -8.4588793e-02   1.9821868e-01
  -7.4429867e-02   1.9630177e-01
  -7.2616755e-02   1.8683685e-01
  -8.4193446e-02   1.8275406e-01
  -8.3278994e-02   1.7519631e-01
  -8.3144961e-02   1.6892916e-01
  -9.3830238e-02   1.6557189e-01
  -8.4778655e-02   1.6494821e-01
  -7.9368455e-02   1.6378754e-01
  -7.3702923e-02   1.6030060e-01
  -7.7622591e-02   1.5330478e-01
  -7.0302559e-02   1.4039926e-01
  -7.0525395e-02   1.2651322e-01
  -6.9257110e-02   1.2035382e-01
  -7.3066812e-02   1.1396306e-01
  -6.8198143e-02   1.0842944e-01
  -8.0314657e-02   1.0321649e-01
  -7.0339272e-02   9.7944219e-02
  -5.7038889e-02   8.6810908e-02
  -6.3882069e-02   8.5974355e-02
  -6.0079466e-02   7.8495683e-02
  -4.5455822e-02   6.9253448e-02
  -6.0327859e-02   7.0519347e-02
  -5.4990687e-02   5.9559138e-02
  -5.2290617e-02   5.0796527e-02
  -5.6179181e-02   4.6864669e-02
  -5.9802480e-02   4.9251369e-02
  -4.2531467e-02   4.2270853e-02
  -3.8517499e-02   4.0093836e-02
  -2.6652448e-02   2.9468192e-02
  -1.3752060e-02  -1.6335006e-01
  -1.7560369e-02  -1.5704138e-01
  -1.0062945e-02  -1.5925864e-01
  -8.8268094e-03  -1.6026555e-01
  -1.0169683e-02  -1.5819589e-01
  -1.2742631e-02  -1.5744418e-01
  -5.1050915e-03  -1.5830345e-01
  -2.5520484e-03  -1.5074341e-01
  -5.0841365e-03  -1.4440005e-01
  -1.0181630e-02  -1.3949706e-01
  -1.0227849e-02  -1.3170239e-01
  -7.7176525e-03  -1.2692155e-01
  -7.7120890e-03  -1.2626399e-01
  -1.1621863e-02  -1.2238456e-01
  -1.2952005e-02  -1.1996375e-01
   0.0000000e+00  -1.1979818e-01
   0.0000000e+00  -1.0869036e-01
  -1.5824057e-02  -1.1031826e-01
  -1.1863190e-02  -1.1140347e-01
  -2.6286204e-03  -1.0266713e-01
  -7.8394903e-03  -9.9273112e-02
  -1.3007041e-02  -8.8417167e-02
  -1.8306508e-02  -7.3132833e-02
  -9.1425657e-03  -6.9818656e-02
  -1.1888366e-02  -5.9775994e-02
  -1.1953089e-02  -5.7932819e-02
  -3.9874706e-03  -5.9067610e-02
   0.0000000e+00  -5.2299084e-02
  -3.9944651e-03  -4.9938979e-02
  -2.2610103e-02  -4.4472702e-02
  -3.3362382e-02  -3.4892557e-02
  -2.6569079e-02  -3.0447442e-02
  -2.7785303e-02  -1.9133168e-02
  -4.6470385e-02  -1.0124510e-02
  -4.6657147e-02  -1.0700386e-02
  -3.3530335e-02  -1.0230439e-02
  -6.3758681e-02   1.6207169e-01
  -7.4792271e-02   1.7835156e-01
  -7.4400260e-02   1.8033763e-01
  -5.6160128e-02   1.8552878e-01
  -5.9443151e-02   1.9393016e-01
  -6.5009970e-02   2.0108889e-01
  -6.8776340e-02   1.9744012e-01
  -6.1068837e-02   2.0285532e-01
  -5.2745011e-02   2.0532173e-01
  -4.5464796e-02   2.0295625e-01
  -3.8884463e-02   2.0886365e-01
  -2.9976112e-02   2.0602007e-01
  -2.9977508e-02   2.1226065e-01
  -3.5004505e-02   2.1245412e-01
  -2.7561711e-02   2.1237981e-01
  -2.8967567e-02   2.1368504e-01
  -2.1605607e-02   2.0769283e-01
  -1.9052303e-02   2.0377976e-01
  -2.0366745e-02   1.9865480e-01
  -2.0316288e-02   1.9933585e-01
  -1.8977570e-02   2.0348716e-01
  -2.1419577e-02   1.9696641e-01
  -2.7601944e-02   2.0213656e-01
  -2.2694611e-02   1.9588359e-01
  -2.2767385e-02   1.9230198e-01
  -2.6613756e-02   1.8904945e-01
  -3.1716550e-02   1.8379611e-01
  -4.5730799e-02   1.7619092e-01
  -4.1926792e-02   1.6676932e-01
  -3.5501964e-02   1.6117126e-01
  -3.6861374e-02   1.5637951e-01
  -2.2831973e-02   1.5261528e-01
  -3.2851477e-02   1.5825831e-01
  -2.8042478e-02   1.4881031e-01
  -2.6857011e-02   1.4190433e-01
  -2.5768671e-02   1.3674640e-01
  -9.0251203e-03   1.2611134e-01
  -1.5486920e-02   1.2849164e-01
  -7.7762773e-03   1.2567883e-01
   3.8904985e-03   1.2181396e-01
   0.0000000e+00   1.2498988e-01
   3.9164331e-03   1.2040512e-01
   1.7149679e-02   1.0923529e-01
   2.3802096e-02   1.0554907e-01
   2.4984517e-02   9.8249275e-02
   1.4528822e-02   9.0928340e-02
