   9.6157523e-02   3.1799063e-02
   9.6632291e-02   3.1955800e-02
   9.6346870e-02   3.1861573e-02
   9.6441823e-02   3.1892921e-02
   9.3742901e-02   3.1866092e-02
   9.7479245e-02   2.9711738e-02
   9.1244630e-02   3.0332919e-02
   9.0024748e-02   3.0888399e-02
   8.9956005e-02   2.8765921e-02
   9.3938867e-02   3.0882026e-02
   9.5332094e-02   3.1434191e-02
   9.5259629e-02   2.9309681e-02
   9.5149687e-02   3.0849458e-02
   9.3856882e-02   2.9805817e-02
   9.1254775e-02   2.9286956e-02
   8.9925484e-02   3.1904022e-02
   9.2542846e-02   3.0853782e-02
   9.7783465e-02   2.8231031e-02
   9.1344850e-02   2.9315814e-02
   8.9951136e-02   2.9288938e-02
   9.5155114e-02   3.0326585e-02
   9.2623303e-02   3.1931102e-02
   9.6632291e-02   3.1955800e-02
   9.2548125e-02   3.0330837e-02
   9.3590238e-02   2.8675337e-02
   8.6129816e-02   2.8799961e-02
   8.6224045e-02   2.7780078e-02
   8.3336753e-02   3.0837604e-02
   8.4894547e-02   3.0402788e-02
   8.0653052e-02   3.0811052e-02
   8.2304770e-02   2.7785337e-02
   8.5945919e-02   3.0311101e-02
   8.9847437e-02   3.0827637e-02
   9.0202759e-02   3.0949400e-02
   8.5856475e-02   3.0803397e-02
   8.3501215e-02   3.0898425e-02
   8.0737076e-02   3.0318649e-02
   8.5631599e-02   2.7589487e-02
   8.3593183e-02   2.9880487e-02
   8.3350746e-02   2.9269591e-02
   7.9269633e-02   3.1304353e-02
   8.6025744e-02   3.0864075e-02
   8.3331928e-02   3.1360276e-02
   8.5875493e-02   2.8715031e-02
   8.8725112e-02   3.0366896e-02
   8.4569789e-02   2.9238981e-02
   8.0657635e-02   3.0288831e-02
   8.4727157e-02   3.0342892e-02
   8.0727805e-02   3.1364119e-02
   8.1154502e-02   2.8367337e-02
   7.4088285e-02   2.9224081e-02
   7.9369774e-02   2.8723882e-02
   7.9596117e-02   2.9856487e-02
   8.0564411e-02   3.1824196e-02
   7.8123683e-02   3.1367842e-02
   8.3336753e-02   3.0837604e-02
   7.9526323e-02   2.8780499e-02
   8.0821204e-02   2.9825275e-02
   7.8128206e-02   3.0845045e-02
   8.2133744e-02   2.8777021e-02
   7.6897340e-02   3.1400581e-02
   8.0741594e-02   2.9795913e-02
   8.2048390e-02   2.9271398e-02
   8.4820218e-02   2.9325472e-02
   8.8822670e-02   2.9348689e-02
   8.9956005e-02   2.8765921e-02
   9.2634161e-02   3.0884180e-02
   9.5127058e-02   3.2940946e-02
   9.5149687e-02   3.0849458e-02
   8.8627443e-02   3.1383099e-02
   8.8637641e-02   3.0336995e-02
   8.7430070e-02   2.9321694e-02
   8.8749179e-02   2.7749061e-02
   8.8720041e-02   3.0890464e-02
   9.0049604e-02   2.8270738e-02
   8.9914616e-02   3.2950055e-02
   9.1049287e-02   3.1839177e-02
   8.8900574e-02   3.0426876e-02
   8.5964662e-02   2.8220680e-02
   8.9867378e-02   2.8737628e-02
   9.0123900e-02   2.9870772e-02
   8.8611506e-02   3.2952254e-02
   8.9930788e-02   3.1381005e-02
   8.6205470e-02   2.9876688e-02
   8.7343856e-02   2.9292818e-02
   8.5800038e-02   2.7643675e-02
   8.6040217e-02   2.9294716e-02
   9.2446358e-02   3.1345875e-02
   8.7238112e-02   3.1354284e-02
   9.1313264e-02   3.2456795e-02
   9.2275208e-02   3.0241539e-02
   9.2548125e-02   3.0330837e-02
   9.3862055e-02   2.9282908e-02
   9.6553799e-02   3.0354280e-02
   9.2435386e-02   3.2390737e-02
   8.9930788e-02   3.1381005e-02
   8.7262526e-02   2.8741427e-02
   9.0049604e-02   2.8270738e-02
   9.1344850e-02   2.9315814e-02
   9.0980629e-02   2.9722161e-02
   1.0034561e-01   3.2408613e-02
   9.7564176e-02   3.0784449e-02
   9.6469334e-02   2.9278747e-02
   1.0167829e-01   2.9792769e-02
   1.0027585e-01   2.9765743e-02
   1.0427958e-01   3.0310792e-02
   1.0579167e-01   3.0368112e-02
   1.0296424e-01   3.1358415e-02
   1.0275562e-01   3.1818493e-02
   1.0579762e-01   2.9844523e-02
   1.0426143e-01   3.1878591e-02
   1.0698593e-01   3.0858860e-02
   1.1080326e-01   2.9776252e-02
   1.0797716e-01   3.0244159e-02
   1.0796478e-01   3.1287061e-02
   1.0686156e-01   3.2396089e-02
   1.0458891e-01   3.0400439e-02
   1.1189234e-01   2.9194094e-02
   1.1483353e-01   2.9275229e-02
   1.1033622e-01   3.2261457e-02
   1.0174907e-01   3.2438065e-02
   1.0276166e-01   3.1296878e-02
   1.0830291e-01   2.9810402e-02
   1.0810134e-01   2.8707956e-02
   1.1187995e-01   3.0236740e-02
   1.0699806e-01   2.9812797e-02
   1.0428542e-01   2.9788192e-02
   1.0416491e-01   3.1325200e-02
   1.0033950e-01   3.2931332e-02
   1.0416491e-01   3.1325200e-02
   1.0417687e-01   3.0281027e-02
   1.0286285e-01   3.1327617e-02
   1.0018808e-01   2.8693141e-02
   1.0277344e-01   3.0253649e-02
   1.0164261e-01   3.2928850e-02
   9.9151930e-02   3.1396388e-02
   1.0044459e-01   3.2440515e-02
   1.0428542e-01   2.9788192e-02
   9.7489832e-02   2.8669220e-02
   9.5055984e-02   3.0819132e-02
   9.2628777e-02   3.1407641e-02
   9.1414337e-02   3.1440782e-02
   9.3748419e-02   3.1343697e-02
   9.5420674e-02   3.1989634e-02
   9.1065072e-02   3.0273316e-02
   7.5536613e-02   2.9280015e-02
   7.4161200e-02   2.9252839e-02
   7.1633417e-02   2.8761902e-02
   7.4315434e-02   2.8263720e-02
   7.3011654e-02   2.8265278e-02
   7.1625608e-02   2.9807790e-02
   7.5809115e-02   3.2545375e-02
   6.2441073e-02   3.0834111e-02
   6.3923124e-02   3.1972297e-02
   5.9914764e-02   2.8251462e-02
   5.9870769e-02   2.5610331e-02
   6.2529344e-02   2.6679493e-02
   6.4911317e-02   3.1292105e-02
   7.1464170e-02   3.2358746e-02
   7.0242148e-02   3.1347398e-02
   6.7840794e-02   3.1443502e-02
   6.9096642e-02   2.8793301e-02
   7.2939713e-02   2.8237433e-02
   6.9161100e-02   2.9345762e-02
   7.4307460e-02   2.9310525e-02
   7.4368270e-02   3.0911209e-02
   7.3041624e-02   3.3532655e-02
   7.6892805e-02   3.1923925e-02
   7.9452187e-02   2.8229396e-02
   8.1980665e-02   2.7676045e-02
   8.4727157e-02   3.0342892e-02
   8.0900971e-02   2.9854694e-02
   8.6110628e-02   3.0894504e-02
   8.3428340e-02   2.9821613e-02
   8.0989778e-02   2.8835604e-02
   8.3428340e-02   2.9821613e-02
   8.7271703e-02   2.7696285e-02
   8.8468154e-02   2.9755345e-02
   8.5964662e-02   2.8220680e-02
   8.7491399e-02   3.1971218e-02
   8.6115550e-02   3.0370868e-02
   8.8482466e-02   2.8189275e-02
   9.1080068e-02   2.8707455e-02
   9.1138931e-02   3.1870489e-02
   8.8555297e-02   2.9784616e-02
   8.8622216e-02   3.1906150e-02
   8.7243163e-02   3.0831713e-02
   9.1075157e-02   2.9229409e-02
   9.4890103e-02   2.8673326e-02
   9.6474556e-02   2.8755912e-02
   9.3682356e-02   2.8703502e-02
   9.5149687e-02   3.0849458e-02
   9.6727807e-02   3.1987332e-02
   9.5127058e-02   3.2940946e-02
   1.0707903e-01   3.1936336e-02
   1.0925914e-01   3.1805941e-02
   1.0586486e-01   3.3018567e-02
   1.0664490e-01   3.2854038e-02
   1.0308350e-01   2.9819811e-02
   1.0129517e-01   2.8114152e-02
   1.0409702e-01   2.8165022e-02
   1.0417687e-01   3.0281027e-02
   1.0708537e-01   3.1412789e-02
   1.0295199e-01   3.2403696e-02
   9.6453107e-02   3.0847251e-02
   9.6374300e-02   2.9249969e-02
   9.2659738e-02   2.8266877e-02
   9.5264796e-02   2.8786294e-02
   9.2553315e-02   2.9807891e-02
   9.1059898e-02   3.0795270e-02
   9.3933407e-02   3.1405451e-02
   9.1239425e-02   3.0855900e-02
   9.8870650e-02   3.0260464e-02
   9.5170846e-02   2.8757969e-02
   9.6363606e-02   3.0294611e-02
   9.7772973e-02   2.9276624e-02
   9.5232410e-02   3.1926617e-02
   9.2537477e-02   3.1376728e-02
   9.2741318e-02   2.9342708e-02
   9.2553315e-02   2.9807891e-02
   9.3886554e-02   2.6668362e-02
   9.5249018e-02   3.0356456e-02
   9.9065598e-02   3.0319991e-02
   9.2612087e-02   3.2978023e-02
   9.7727231e-02   3.3458999e-02
   9.3856882e-02   2.9805817e-02
   9.6665218e-02   2.8812606e-02
   8.9685818e-02   2.9202684e-02
   9.7558539e-02   3.1306219e-02
   9.6352542e-02   3.1339253e-02
   9.2451710e-02   3.0823444e-02
   8.9842235e-02   3.1350140e-02
   8.9862523e-02   2.9260130e-02
   9.3687317e-02   2.8181620e-02
   9.3877026e-02   2.7714180e-02
   9.5249018e-02   3.0356456e-02
   9.8950840e-02   3.1856933e-02
   9.3731594e-02   3.2910882e-02
   9.3574859e-02   3.0239446e-02
   9.5071944e-02   2.9252057e-02
   9.4047533e-02   2.9340657e-02
   9.4962465e-02   3.0788865e-02
   9.5254369e-02   2.9833069e-02
   9.2446358e-02   3.1345875e-02
   9.8979010e-02   2.9245709e-02
   1.0036909e-01   3.0317734e-02
   9.7943932e-02   3.1429646e-02
   1.0196834e-01   3.0929364e-02
   1.0176119e-01   3.1391676e-02
   9.6189967e-02   2.8671287e-02
   9.9087245e-02   2.8228957e-02
   9.6649176e-02   3.0384203e-02
   9.5353749e-02   2.9338579e-02
   9.5155114e-02   3.0326585e-02
   9.1234133e-02   3.1378881e-02
   9.5232410e-02   3.1926617e-02
   9.2371161e-02   2.9749329e-02
   9.1239425e-02   3.0855900e-02
   9.8892168e-02   2.8173536e-02
   9.7772973e-02   2.9276624e-02
   9.5232410e-02   3.1926617e-02
   9.6352542e-02   3.1339253e-02
   9.5431905e-02   3.0940793e-02
   9.5061395e-02   3.0296774e-02
   9.3769589e-02   2.9254118e-02
   8.8473010e-02   2.9233322e-02
   8.8637641e-02   3.0336995e-02
   8.8730098e-02   2.9843329e-02
   9.6464018e-02   2.9801581e-02
   1.0145492e-01   3.1820912e-02
   1.0166089e-01   3.1360809e-02
   9.2435386e-02   3.2390737e-02
   8.9842235e-02   3.1350140e-02
   8.6044875e-02   2.8771596e-02
   8.9857581e-02   2.9782633e-02
   8.8555297e-02   2.9784616e-02
   8.9930788e-02   3.1381005e-02
   8.8720041e-02   3.0890464e-02
   9.1144296e-02   3.1348022e-02
   9.2628777e-02   3.1407641e-02
   8.8822670e-02   2.9348689e-02
   9.4983500e-02   2.8701485e-02
   9.8859319e-02   3.1303929e-02
   1.0018267e-01   2.9214834e-02
   9.2446358e-02   3.1345875e-02
   9.3944237e-02   3.0358602e-02
   9.3580075e-02   2.9718077e-02
   9.7762104e-02   3.0322218e-02
   9.6579989e-02   2.7737532e-02
   9.6553799e-02   3.0354280e-02
   9.8859319e-02   3.1303929e-02
   9.7648855e-02   3.1859268e-02
   9.1414337e-02   3.1440782e-02
   9.2456974e-02   3.0301012e-02
   1.0025282e-01   3.1854567e-02
   9.7847299e-02   3.1398699e-02
   9.5155114e-02   3.0326585e-02
   8.8468154e-02   2.9755345e-02
   8.8642611e-02   2.9813944e-02
   8.9960788e-02   2.8242905e-02
   8.6020754e-02   3.1387195e-02
   8.4968655e-02   3.1482232e-02
   8.3331928e-02   3.1360276e-02
   8.5866149e-02   2.9759214e-02
   9.1349805e-02   2.8792318e-02
   9.5170846e-02   2.8757969e-02
   9.2456974e-02   3.0301012e-02
   9.1038327e-02   3.2883085e-02
   8.6120389e-02   2.9847233e-02
   8.6200617e-02   3.0400840e-02
   8.7162283e-02   3.0279352e-02
   8.7348585e-02   2.8769732e-02
   8.5945919e-02   3.0311101e-02
   8.8463213e-02   3.0277369e-02
   9.2720256e-02   3.1438615e-02
   9.1307691e-02   3.2980291e-02
   9.1144296e-02   3.1348022e-02
   9.2376231e-02   2.9227410e-02
   8.9867378e-02   2.8737628e-02
   8.6125144e-02   2.9323597e-02
   8.8381182e-02   2.9726132e-02
   8.3505988e-02   3.0374723e-02
   8.7593213e-02   3.0428888e-02
   8.6200617e-02   3.0400840e-02
   8.7496579e-02   3.1447100e-02
   8.7076605e-02   3.0249620e-02
   9.1080068e-02   2.8707455e-02
   9.2360754e-02   3.0793165e-02
   8.8437232e-02   3.2887487e-02
   8.7329164e-02   3.0862076e-02
   8.7248130e-02   3.0309142e-02
   8.0985376e-02   2.9359887e-02
   8.5866149e-02   2.9759214e-02
   8.7448532e-02   2.7227287e-02
   9.4874510e-02   3.0237325e-02
   8.8704314e-02   3.2461165e-02
   8.6015680e-02   3.1910315e-02
   8.5866149e-02   2.9759214e-02
   7.1683961e-02   3.1407564e-02
   7.4380806e-02   2.9339453e-02
   7.9356706e-02   3.0290640e-02
   7.9456326e-02   2.7706630e-02
   8.3602351e-02   2.8832049e-02
   8.2124772e-02   2.9823458e-02
   8.3418903e-02   3.0867985e-02
   8.2191731e-02   3.1424076e-02
   8.2034616e-02   3.0839509e-02
   7.5548638e-02   2.7711442e-02
   8.3281945e-02   2.7674340e-02
   7.8372945e-02   2.9363393e-02
   7.6843120e-02   2.8755520e-02
   8.2205826e-02   2.9852872e-02
   8.0825658e-02   2.9302024e-02
   7.7974627e-02   3.0784419e-02
   7.7066729e-02   2.9365103e-02
   7.8132654e-02   3.0322247e-02
   7.4165199e-02   2.8730467e-02
   7.9530552e-02   2.8257217e-02
   7.9591645e-02   3.0380285e-02
   8.7167152e-02   2.9757294e-02
   8.9759042e-02   3.0797346e-02
   8.8725112e-02   3.0366896e-02
   8.3423662e-02   3.0344799e-02
   8.6986171e-02   3.0740981e-02
   9.1339806e-02   2.9839311e-02
   9.6536964e-02   3.1924329e-02
   9.3590238e-02   2.8675337e-02
   9.2548125e-02   3.0330837e-02
   9.2623303e-02   3.1931102e-02
   9.2563426e-02   2.8762000e-02
   8.7232977e-02   3.1876856e-02
   9.3677305e-02   2.9225384e-02
   9.2371161e-02   2.9749329e-02
   9.1520459e-02   2.9898232e-02
   8.8802499e-02   3.1445024e-02
   8.9936005e-02   3.0857988e-02
   8.8632585e-02   3.0860047e-02
   8.7343856e-02   2.9292818e-02
   8.7583075e-02   3.1478160e-02
   8.4731908e-02   2.9819738e-02
   8.0821204e-02   2.9825275e-02
   8.0737076e-02   3.0318649e-02
   7.6771552e-02   2.8204916e-02
   7.8268512e-02   3.2477397e-02
   7.8137027e-02   2.9799450e-02
   7.4172982e-02   2.7685722e-02
   7.4144490e-02   3.1342327e-02
   7.2999797e-02   2.9835571e-02
   7.1704062e-02   2.8790267e-02
   7.8149693e-02   2.8231058e-02
   7.5536613e-02   2.9280015e-02
   7.6830443e-02   3.0324003e-02
   7.4221796e-02   3.0850313e-02
   8.0966984e-02   3.1457022e-02
   8.0662140e-02   2.9766610e-02
   7.8282390e-02   3.0905910e-02
   8.2196509e-02   3.0900341e-02
   8.0746035e-02   2.9273178e-02
   8.2120167e-02   3.0346677e-02
   7.9421069e-02   3.1888762e-02
   7.6817099e-02   3.1892486e-02
   7.8068630e-02   2.8725570e-02
   7.9513178e-02   3.0350345e-02
   8.3100594e-02   2.9704555e-02
   8.2205826e-02   2.9852872e-02
   8.0741594e-02   2.9795913e-02
   8.0578351e-02   3.0259072e-02
   7.8137027e-02   2.9799450e-02
   7.6834743e-02   2.9801175e-02
   7.6847198e-02   2.8232693e-02
   7.8230855e-02   2.7735571e-02
   7.5453917e-02   3.0295891e-02
   7.6670628e-02   3.1307994e-02
   7.8282390e-02   3.0905910e-02
   8.3519821e-02   2.8803617e-02
   8.0816672e-02   3.0348525e-02
   7.9522018e-02   2.9303781e-02
   7.9513178e-02   3.0350345e-02
   7.8214069e-02   2.9828822e-02
   8.0670918e-02   2.8722167e-02
   8.3414064e-02   3.1391171e-02
   8.3428340e-02   2.9821613e-02
   8.0657635e-02   3.0288831e-02
   8.4638890e-02   3.0835670e-02
   7.8214069e-02   2.9828822e-02
   7.4363947e-02   3.1435128e-02
   7.8055776e-02   3.0292419e-02
   7.9522018e-02   2.9303781e-02
   7.9587096e-02   3.0904083e-02
   7.7129896e-02   3.0968822e-02
   7.5528232e-02   3.0325730e-02
   7.9269633e-02   3.1304353e-02
   7.6754846e-02   3.0294170e-02
   7.6977683e-02   3.0907706e-02
   7.5462273e-02   2.9251205e-02
   8.3268715e-02   2.9240812e-02
   8.3264145e-02   2.9762969e-02
   8.3359672e-02   2.8224248e-02
   8.4727157e-02   3.0342892e-02
   8.4717409e-02   3.1389198e-02
   8.3505988e-02   3.0374723e-02
   8.3423662e-02   3.0344799e-02
   7.9600512e-02   2.9332689e-02
   8.2039287e-02   3.0316806e-02
   8.4810769e-02   3.0372810e-02
   7.9522018e-02   2.9303781e-02
   7.5510597e-02   3.2417159e-02
   8.3341497e-02   3.0314933e-02
   8.1963143e-02   2.9764804e-02
   8.3341497e-02   3.0314933e-02
   7.8145546e-02   2.8753855e-02
   8.1878002e-02   3.0257239e-02
   8.0662140e-02   2.9766610e-02
   8.0643654e-02   3.1855495e-02
   7.8368609e-02   2.9887739e-02
   7.6910501e-02   2.9830552e-02
   7.8218379e-02   2.9305509e-02
   7.1711617e-02   2.7743349e-02
   7.8141324e-02   2.9276653e-02
   7.8299833e-02   2.8810594e-02
   7.7974627e-02   3.0784419e-02
   7.9517636e-02   2.9827063e-02
   7.5453917e-02   3.0295891e-02
   7.6986408e-02   2.9859987e-02
   8.0750397e-02   2.8750443e-02
   8.4662167e-02   2.8222478e-02
   8.4560424e-02   3.0283231e-02
   8.0653052e-02   3.0811052e-02
   7.8123683e-02   3.1367842e-02
   7.6986408e-02   2.9859987e-02
   7.6843120e-02   2.8755520e-02
   7.8295585e-02   2.9334423e-02
   8.0675190e-02   2.8199946e-02
   8.2043878e-02   2.9794102e-02
   8.1868637e-02   3.1300592e-02
   8.6084771e-02   3.3512682e-02
   8.7167152e-02   2.9757294e-02
   8.4731908e-02   2.9819738e-02
   8.5795586e-02   2.8165253e-02
   8.3519821e-02   2.8803617e-02
   7.9434865e-02   3.0320463e-02
   8.3414064e-02   3.1391171e-02
   8.0821204e-02   2.9825275e-02
   7.9661065e-02   3.1458915e-02
   8.3505988e-02   3.0374723e-02
