   9.6531165e-02   3.2447679e-02
   9.3877026e-02   2.7714180e-02
   9.1334675e-02   3.0362808e-02
   9.7750856e-02   3.1367812e-02
   9.5050480e-02   3.1341490e-02
   9.6542669e-02   3.1400980e-02
   9.8886931e-02   2.8695268e-02
   9.1164878e-02   2.9258154e-02
   9.5254369e-02   2.9833069e-02
   9.1228752e-02   3.1901863e-02
   9.6643642e-02   3.0908068e-02
   9.4037036e-02   3.0388538e-02
   8.9930788e-02   3.1381005e-02
   9.3877026e-02   2.7714180e-02
   9.0222938e-02   2.8851135e-02
   8.8524283e-02   3.2919838e-02
   9.4962465e-02   3.0788865e-02
   8.8698900e-02   3.2984732e-02
   9.0123900e-02   2.9870772e-02
   8.5861354e-02   3.0281306e-02
   9.1264568e-02   2.8240993e-02
   8.8555297e-02   2.9784616e-02
   8.9920093e-02   3.2427039e-02
   9.3835288e-02   3.1897453e-02
   9.1223283e-02   3.2424844e-02
   9.4973165e-02   2.9745175e-02
   9.6626476e-02   3.2479665e-02
   9.7767586e-02   2.9799421e-02
   9.8973567e-02   2.9767954e-02
   9.8989611e-02   2.8201219e-02
   1.0959535e-01   3.0853872e-02
   1.1448180e-01   3.0231651e-02
   1.1334923e-01   3.4472006e-02
   1.2014456e-01   3.1386156e-02
   1.2254213e-01   2.9230996e-02
   1.2229421e-01   2.9694738e-02
   1.2237924e-01   3.2331184e-02
   1.2239377e-01   3.1288242e-02
   1.2251441e-01   3.1318925e-02
   1.2382493e-01   3.0794120e-02
   1.2266308e-01   2.9259690e-02
   1.2251441e-01   3.1318925e-02
   1.2405497e-01   3.1900543e-02
   1.2630727e-01   3.0758242e-02
   1.2132348e-01   3.1875059e-02
   1.2144328e-01   3.1906383e-02
   1.2131619e-01   3.2397601e-02
   1.1100959e-01   3.0881695e-02
   1.0957592e-01   3.2422713e-02
   1.0548499e-01   2.9756616e-02
   4.0297927e-02   2.8211671e-02
   3.6501910e-02   2.9345820e-02
   4.5504611e-02   2.6640939e-02
   4.1755340e-02   2.9895890e-02
   4.6884794e-02   2.9309524e-02
   4.8274140e-02   3.0939642e-02
   5.5842209e-02   2.8171775e-02
   6.1267687e-02   2.9849068e-02
   6.3878343e-02   2.9322652e-02
   6.9013248e-02   3.0856922e-02
   6.3997428e-02   3.0429946e-02
   7.0269141e-02   2.7690201e-02
   8.0816672e-02   3.0348525e-02
   9.1075157e-02   2.9229409e-02
   1.0146088e-01   3.1299258e-02
   1.0666400e-01   3.1289560e-02
   9.9030260e-02   3.3456541e-02
   1.0174907e-01   3.2438065e-02
   9.4014949e-02   3.2484299e-02
   8.4717409e-02   3.1389198e-02
   8.1895787e-02   2.8170533e-02
   7.5623160e-02   2.7738763e-02
   7.9526323e-02   2.8780499e-02
   7.1688120e-02   3.0884105e-02
   7.1758857e-02   3.0914593e-02
   8.2110719e-02   3.1393114e-02
   7.1538726e-02   3.1868167e-02
   6.2629491e-02   3.0401331e-02
   5.5918821e-02   2.4021803e-02
   5.7280641e-02   2.2999045e-02
   7.1640950e-02   2.7716015e-02
   8.2010080e-02   3.3453027e-02
   8.9867684e-02   3.7134189e-02
   8.2161399e-02   3.4566483e-02
   8.4727157e-02   3.0342892e-02
   9.8722466e-02   2.5514782e-02
   9.7681932e-02   2.8725570e-02
   1.1092476e-01   2.8759718e-02
   1.0803825e-01   3.3927585e-02
   1.0685505e-01   3.2918607e-02
   9.8970822e-02   3.8161368e-02
   7.6888196e-02   3.2447268e-02
   7.0338387e-02   2.7717486e-02
   8.0717046e-02   2.2455513e-02
   7.6963060e-02   2.2503750e-02
   7.8128206e-02   3.0845045e-02
   6.5048376e-02   3.8184648e-02
   7.2893276e-02   3.3989503e-02
   7.5668578e-02   3.1433362e-02
   8.9713485e-02   2.6073825e-02
   8.7094083e-02   4.9693173e-02
   8.7095519e-02   2.8163440e-02
   8.8433669e-02   2.3467999e-02
   7.5435162e-02   2.2438668e-02
   7.1591297e-02   2.4554161e-02
   7.9300035e-02   2.7652179e-02
   7.5379747e-02   3.0266111e-02
   6.2286795e-02   4.2289923e-02
   4.9515926e-02   4.0901754e-02
   6.0039291e-02   2.7258872e-02
   7.5616705e-02   1.6208580e-02
   7.4396767e-02   1.3608458e-02
   7.0271634e-02   3.6085028e-02
   6.0108530e-02   4.2061402e-02
   5.7290645e-02   3.9280325e-02
   4.4294531e-02   3.5103795e-02
   2.6056431e-02   2.5657045e-02
   2.8677513e-02   1.8849301e-02
   4.0347947e-02   9.9263287e-03
   4.1656845e-02   2.3532191e-02
   4.5565365e-02   4.0341807e-02
   4.4279114e-02   4.4578709e-02
   5.0665512e-02   4.1302077e-02
   4.6916135e-02   2.1982143e-02
   5.3372833e-02   2.3524669e-02
   6.3744560e-02   1.9316710e-02
   7.0229771e-02   2.2965485e-02
   6.9017178e-02   3.0333923e-02
   7.8171007e-02   4.1906318e-02
   7.6611325e-02   4.4396628e-02
   6.5207460e-02   3.4591302e-02
   6.7857036e-02   1.7276866e-02
   8.3224701e-02   6.7747231e-03
   8.2103236e-02   2.1953549e-02
   8.4717244e-02   3.9275186e-02
   7.6673712e-02   4.5486005e-02
   8.2058735e-02   3.6625299e-02
   8.5936051e-02   3.1356312e-02
   8.9722016e-02   2.5030872e-02
   9.4948173e-02   2.1895994e-02
   1.0686010e-01   2.2446198e-02
   1.0052503e-01   3.4043729e-02
   8.7319672e-02   4.6122413e-02
   8.9822310e-02   4.7117897e-02
   8.4379774e-02   3.1787103e-02
   8.5981700e-02   1.1486012e-02
   8.4512170e-02   1.1464201e-02
   8.6224045e-02   2.7780078e-02
   8.4795981e-02   3.1943818e-02
   7.5606933e-02   2.9832254e-02
   7.4184122e-02   2.6118606e-02
   7.5648739e-02   2.4075152e-02
   6.7703206e-02   3.1904550e-02
   7.9427831e-02   2.0367844e-02
   6.9168537e-02   2.8297699e-02
   6.9141339e-02   3.1965920e-02
   6.7891315e-02   3.3572888e-02
   7.1542929e-02   3.1345738e-02
   7.8128206e-02   3.0845045e-02
   7.5598381e-02   3.0879000e-02
   8.2247629e-02   2.4615526e-02
   8.3231689e-02   2.3474000e-02
   7.8196073e-02   3.1922073e-02
   7.8002872e-02   3.6037533e-02
   8.9803403e-02   3.5007656e-02
   9.2451710e-02   3.0823444e-02
   1.0030749e-01   2.6632507e-02
   9.9014438e-02   2.5589995e-02
   1.0186762e-01   3.0898893e-02
   1.0432516e-01   3.5048642e-02
   1.0944064e-01   3.4480596e-02
   1.1694137e-01   3.2279414e-02
   1.1992151e-01   3.0280424e-02
   1.1470754e-01   3.0291007e-02
   1.1091262e-01   2.9805526e-02
   1.0926556e-01   3.1284532e-02
   1.0825130e-01   3.3994318e-02
   1.0681384e-01   3.6053712e-02
   9.3823947e-02   3.2943271e-02
   9.0092767e-02   2.3035416e-02
   9.1128293e-02   2.2965964e-02
   8.5945919e-02   3.0311101e-02
   8.2161399e-02   3.4566483e-02
   8.5904461e-02   3.4491943e-02
   7.6750485e-02   3.0816483e-02
   7.2995704e-02   3.0359002e-02
   6.9035825e-02   2.7718930e-02
   5.8676147e-02   2.7233175e-02
   5.8621260e-02   2.6683119e-02
   5.4579091e-02   3.1334079e-02
   4.9375245e-02   3.2383580e-02
   4.5662073e-02   3.1466261e-02
   4.2988924e-02   2.6695297e-02
   3.9121325e-02   2.6200139e-02
   4.2946594e-02   2.6668972e-02
   9.3621838e-02   3.4444203e-02
   9.3829663e-02   3.2420362e-02
   9.7596030e-02   2.7653827e-02
   1.0314520e-01   2.3541956e-02
   1.0038569e-01   2.8749576e-02
   1.0279785e-01   3.6548886e-02
   9.7894886e-02   3.5620266e-02
   1.0148922e-01   2.8690987e-02
   1.0040141e-01   2.7181417e-02
   9.4879799e-02   2.9715992e-02
   8.6020754e-02   3.1387195e-02
   8.3432937e-02   2.9298426e-02
   8.7348585e-02   2.8769732e-02
   8.6015680e-02   3.1910315e-02
   8.4680720e-02   3.5051271e-02
   8.0633947e-02   3.2899937e-02
   7.6581762e-02   2.2914153e-02
   7.1711617e-02   2.7743349e-02
   7.6732304e-02   3.2905736e-02
   7.7960913e-02   3.2349728e-02
   7.9342950e-02   3.1857397e-02
   8.4643708e-02   3.0313032e-02
   8.2120167e-02   3.0346677e-02
   7.9274204e-02   3.0782614e-02
   8.0758889e-02   2.7704972e-02
   7.3079844e-02   2.8817125e-02
   6.8746341e-02   3.0214823e-02
   6.9081279e-02   3.0887359e-02
   7.1484780e-02   2.9749170e-02
   6.7789262e-02   2.9318317e-02
   6.4865656e-02   2.8656265e-02
   6.6231457e-02   2.8161517e-02
   6.7718756e-02   2.9812448e-02
   7.0445892e-02   3.1964248e-02
   6.9021040e-02   2.9810924e-02
   6.7519233e-02   2.9724564e-02
   7.2882646e-02   2.6120040e-02
   7.2939713e-02   2.8237433e-02
   7.4363947e-02   3.1435128e-02
   7.8032852e-02   3.2903835e-02
   7.4062867e-02   3.2355232e-02
   7.0466027e-02   2.9344228e-02
   7.0330991e-02   2.8763429e-02
   6.6309967e-02   2.6101129e-02
   6.5117770e-02   2.9292333e-02
   6.2567746e-02   3.0371328e-02
   6.9092901e-02   2.9316816e-02
   6.2448109e-02   2.9788887e-02
   6.3745550e-02   3.0310070e-02
   6.7663063e-02   2.8215565e-02
   6.6278433e-02   3.0799333e-02
   6.6213354e-02   3.0769065e-02
   5.5988639e-02   3.1394598e-02
   5.2145586e-02   2.9334122e-02
   5.3305401e-02   2.6635041e-02
   4.9548747e-02   2.7240903e-02
   4.9438086e-02   2.9801349e-02
   4.8237278e-02   2.8813549e-02
   4.8147375e-02   2.7711038e-02
   4.8176271e-02   3.1401944e-02
   5.4743655e-02   3.0903117e-02
   5.7303638e-02   2.9300382e-02
   4.8134395e-02   3.0325287e-02
   4.8094984e-02   2.8728416e-02
   4.9481197e-02   3.0877449e-02
   4.5589696e-02   2.7740332e-02
   4.6892258e-02   2.7739371e-02
   5.3396571e-02   2.9304024e-02
   4.3017738e-02   2.9865400e-02
   4.4287133e-02   2.7741265e-02
   4.8192310e-02   2.8261750e-02
   5.1934982e-02   3.0262224e-02
   5.3430780e-02   3.2475779e-02
   5.0647585e-02   2.8176253e-02
   4.8139726e-02   2.9279587e-02
   4.9638896e-02   2.8869524e-02
   4.9389484e-02   2.9772001e-02
   5.2242798e-02   3.0441896e-02
   5.2153904e-02   2.7762651e-02
   5.7247242e-02   2.9271512e-02
   5.8426854e-02   3.0255993e-02
   5.6099118e-02   3.1456653e-02
   5.6047076e-02   3.0901835e-02
   5.3341093e-02   2.9797914e-02
   5.3302738e-02   2.7157296e-02
   5.9808990e-02   2.6107272e-02
   6.3885197e-02   2.8275415e-02
   6.8937318e-02   3.1871511e-02
   6.9009253e-02   3.1379920e-02
   6.3797252e-02   3.1909258e-02
   6.6282192e-02   3.0277310e-02
   6.9032228e-02   2.8241928e-02
   7.0134621e-02   2.7114364e-02
   6.8978219e-02   2.6124190e-02
   6.6274611e-02   3.1321355e-02
   6.8960925e-02   3.7132906e-02
   6.2475972e-02   3.4526402e-02
   6.2277527e-02   2.7616835e-02
   4.0260421e-02   2.7661978e-02
   5.2056477e-02   2.6662342e-02
   5.4495600e-02   2.7102836e-02
   5.2139789e-02   3.0381769e-02
   4.9386731e-02   3.0294317e-02
   5.5952148e-02   2.8227296e-02
   5.3486696e-02   3.1983559e-02
   5.7363250e-02   2.8805571e-02
   5.8612269e-02   2.8252715e-02
   5.9738177e-02   2.8168132e-02
   6.1220448e-02   2.7727031e-02
   5.9891298e-02   3.1913689e-02
   5.9777100e-02   3.1328726e-02
   6.2448109e-02   2.9788887e-02
   6.2396790e-02   2.8193282e-02
   6.6365300e-02   2.7694440e-02
   6.4989723e-02   2.9234697e-02
   6.1260757e-02   3.0896404e-02
   6.1182123e-02   3.3481697e-02
   5.9783938e-02   3.0284436e-02
   6.7606850e-02   2.6621822e-02
   6.8835832e-02   2.7115768e-02
   6.5121288e-02   2.8769255e-02
   6.2321978e-02   3.0251905e-02
   6.9032228e-02   2.8241928e-02
   6.6365300e-02   2.7694440e-02
   6.6339806e-02   3.1352197e-02
   6.8953120e-02   2.9781576e-02
   5.9970670e-02   2.8803040e-02
   6.0029872e-02   2.8831499e-02
   6.2502565e-02   3.0864511e-02
   6.5103069e-02   3.1384642e-02
   6.9164852e-02   2.8821731e-02
   6.7659479e-02   2.8738075e-02
   6.5303498e-02   3.0428471e-02
   6.1314017e-02   3.1975299e-02
   6.6466662e-02   3.1937629e-02
   6.5114189e-02   2.9815410e-02
   6.7540410e-02   2.6595662e-02
   6.4996656e-02   2.8190601e-02
   6.8967861e-02   2.7691641e-02
   6.6343640e-02   3.0829660e-02
   6.2618571e-02   3.1973813e-02
   6.7718756e-02   2.9812448e-02
   6.6282192e-02   3.0277310e-02
   6.9032228e-02   2.8241928e-02
   7.2939713e-02   2.8237433e-02
   6.7663063e-02   2.8215565e-02
   6.3993763e-02   3.0954601e-02
   5.8789121e-02   2.7811799e-02
   5.8439521e-02   2.8169373e-02
   5.7247242e-02   2.9271512e-02
   6.1253591e-02   3.1943740e-02
   6.6274611e-02   3.1321355e-02
   6.5185511e-02   2.8797642e-02
   6.2509621e-02   2.9818257e-02
   5.9741271e-02   2.7646500e-02
   6.2516437e-02   2.8772002e-02
   6.6169872e-02   2.7612871e-02
   6.7578010e-02   3.0797794e-02
   6.2556858e-02   3.1942259e-02
   6.2328853e-02   2.9208736e-02
   5.8505928e-02   2.6630594e-02
   6.2538389e-02   2.5110111e-02
   6.3749111e-02   2.9787482e-02
   7.6763347e-02   2.9249543e-02
   6.4967428e-02   3.2366986e-02
   6.2437465e-02   3.1356723e-02
   6.1321205e-02   3.0926928e-02
   6.1096857e-02   2.8194581e-02
   6.6303406e-02   2.7145175e-02
   6.4805466e-02   2.8107644e-02
   6.3689929e-02   2.9236101e-02
   6.8933201e-02   3.2393995e-02
   5.9998477e-02   3.3549381e-02
   5.9780548e-02   3.0806581e-02
   6.1214011e-02   2.8773334e-02
   6.3759424e-02   2.8219720e-02
   5.9735026e-02   2.8689764e-02
   5.7290701e-02   3.1393267e-02
   6.1203912e-02   3.0342788e-02
   5.9783938e-02   3.0284436e-02
   5.9908348e-02   2.9297813e-02
   5.9861952e-02   2.7178311e-02
   6.3637440e-02   2.7642684e-02
   6.3689929e-02   2.9236101e-02
   6.0005859e-02   3.2500962e-02
   5.9967424e-02   2.9326732e-02
   5.7187824e-02   2.9764890e-02
   5.7312760e-02   2.7730719e-02
   5.7303638e-02   2.9300382e-02
   6.1217259e-02   2.8250182e-02
   5.7318565e-02   2.6684277e-02
   5.8708380e-02   3.1453944e-02
   5.7287328e-02   3.1916488e-02
   5.8657262e-02   3.0375464e-02
   5.7244100e-02   2.9794218e-02
   5.6007280e-02   2.8255138e-02
   5.8442547e-02   2.7647718e-02
   6.2594121e-02   2.6182179e-02
   5.5884985e-02   3.0288360e-02
   5.8589313e-02   3.1915104e-02
   5.7244100e-02   2.9794218e-02
   6.1283976e-02   2.7230729e-02
   5.5936794e-02   3.0840934e-02
   5.4869847e-02   2.7815358e-02
   5.9855786e-02   2.8223631e-02
   5.8538506e-02   3.0838294e-02
   5.7230981e-02   3.1885040e-02
   5.7290701e-02   3.1393267e-02
   6.1217259e-02   2.8250182e-02
   6.2406323e-02   2.6626988e-02
   6.2386717e-02   2.9759575e-02
   5.7303638e-02   2.9300382e-02
   6.2444621e-02   3.0311499e-02
   5.9957337e-02   3.0897807e-02
   5.7065932e-02   3.1269903e-02
   6.5249860e-02   2.8826085e-02
   6.5128136e-02   2.7723101e-02
   6.3762739e-02   2.7697133e-02
   6.6339806e-02   3.1352197e-02
   6.2487729e-02   3.2957021e-02
   6.4978856e-02   3.0800842e-02
   5.9777100e-02   3.1328726e-02
   6.1106191e-02   2.6628216e-02
   6.1160179e-02   2.7699718e-02
   5.8731074e-02   2.7784318e-02
   5.9964119e-02   2.9850423e-02
   6.3801007e-02   3.1386156e-02
   6.1065684e-02   3.2893678e-02
   6.2491528e-02   3.2433893e-02
   6.3700028e-02   2.7669882e-02
   6.1049125e-02   2.6080429e-02
   5.8560606e-02   2.7179514e-02
   5.8660551e-02   2.9851750e-02
   5.8585808e-02   3.2438302e-02
   6.1023604e-02   3.0253297e-02
   6.3693357e-02   2.8714028e-02
   5.9976989e-02   2.7755657e-02
   6.1153760e-02   2.8744991e-02
   6.2495267e-02   3.1910766e-02
   5.9832389e-02   3.1882249e-02
   6.3495645e-02   3.0191133e-02
   6.2564177e-02   3.0894971e-02
   6.5181982e-02   2.9321236e-02
   5.8721689e-02   2.9357015e-02
   5.4812803e-02   2.8312165e-02
   5.7202938e-02   2.7153935e-02
   6.3808334e-02   3.0339950e-02
   6.2495267e-02   3.1910766e-02
   6.3801007e-02   3.1386156e-02
   6.5192379e-02   2.7750455e-02
   6.9028566e-02   2.8764927e-02
   6.2390135e-02   2.9237477e-02
   6.0095546e-02   2.7810559e-02
   6.1338136e-02   2.8306002e-02
   6.6270725e-02   3.1843378e-02
   6.1102250e-02   3.6061897e-02
   6.3856298e-02   3.2464365e-02
   5.8739947e-02   2.6211620e-02
   5.7143824e-02   2.7648910e-02
   5.4704785e-02   2.8256308e-02
   5.9777100e-02   3.1328726e-02
   6.1083588e-02   3.0283069e-02
   5.8490751e-02   2.9241436e-02
   6.2390135e-02   2.9237477e-02
   6.1207337e-02   2.9819637e-02
   6.5185511e-02   2.8797642e-02
   6.4989723e-02   2.9234697e-02
   5.8538506e-02   3.0838294e-02
   5.8535123e-02   3.1360977e-02
   5.7181393e-02   3.0809272e-02
   5.8742791e-02   2.5687388e-02
   6.1290076e-02   2.6183393e-02
   5.7312760e-02   2.7730719e-02
   6.2433797e-02   3.1879335e-02
   6.3797252e-02   3.1909258e-02
   5.7287328e-02   3.1916488e-02
   6.3888532e-02   2.7751796e-02
   6.3958117e-02   2.6730937e-02
   6.1203912e-02   3.0342788e-02
   5.9828816e-02   3.2404909e-02
   5.5930276e-02   3.1886389e-02
   5.7290701e-02   3.1393267e-02
   5.7363250e-02   2.8805571e-02
   5.2151181e-02   2.8286475e-02
   5.7363250e-02   2.8805571e-02
   5.9793763e-02   2.8717999e-02
   5.8557618e-02   2.7702197e-02
   6.2430069e-02   3.2401947e-02
   6.4978856e-02   3.0800842e-02
   6.0033070e-02   2.8307290e-02
   5.9721849e-02   3.0776292e-02
   5.2102509e-02   2.7735260e-02
   5.7208599e-02   2.6109553e-02
   5.7190957e-02   2.9242699e-02
