  -2.1237691e-01  -8.2076545e-02
   1.8745276e-01  -7.4716793e-02
   1.9530133e-01  -8.0598900e-02
   1.9745465e-01  -7.2726355e-02
   2.2286504e-01  -7.1439546e-02
   2.2940192e-01  -6.1076161e-02
   2.4872540e-01  -6.8260019e-02
   2.4861801e-01  -5.1653779e-02
   2.7086623e-01  -5.3009432e-02
   2.7202220e-01  -4.6321203e-02
   2.9534409e-01  -4.2214662e-02
   3.0842828e-01  -3.7681524e-02
   3.2030490e-01  -3.9854922e-02
   3.2507863e-01  -2.9898803e-02
   3.3118198e-01  -2.8352522e-02
   3.4931827e-01  -2.8200658e-02
   3.4837467e-01  -2.2301751e-02
   3.5941264e-01  -1.8060160e-02
   3.7151569e-01  -1.2355211e-02
   3.7520058e-01  -6.2107924e-03
   3.9811298e-01  -5.6494264e-03
   3.9393118e-01  -8.7651015e-03
   3.8537890e-01   4.1404631e-03
   3.9723957e-01   1.7553109e-02
   4.1306497e-01   1.8694198e-02
   4.3106189e-01   2.0192510e-02
   4.2942748e-01   2.6495467e-02
   4.3385716e-01   3.6806625e-02
   4.3823838e-01   3.8880461e-02
   4.3991216e-01   4.0727318e-02
   4.6255078e-01   4.3453716e-02
   4.6446403e-01   4.4260981e-02
   4.7186851e-01   5.5868499e-02
   4.7895161e-01   6.1517048e-02
   4.7550483e-01   6.0607035e-02
   4.7466221e-01   6.3630780e-02
   4.9488027e-01   7.2341912e-02
   4.7340439e-01   7.8551358e-02
   4.9100883e-01   8.4349919e-02
   4.5996972e-01   1.0307824e-01
   4.7143720e-01   9.6064832e-02
   4.6452563e-01   1.0946673e-01
   4.7428557e-01   1.0850141e-01
   4.7223185e-01   1.1441242e-01
   4.7414127e-01   1.1580009e-01
   4.7029302e-01   1.2040055e-01
   4.7015843e-01   1.2578391e-01
   4.4778626e-01   1.3700701e-01
   4.2430409e-01   1.4199934e-01
   4.1026371e-01   1.5045954e-01
   4.0228530e-01   1.5524997e-01
  -1.1940305e-01   2.1312387e-01
  -1.7260963e-01   2.1194127e-01
  -1.8015619e-01   2.1264741e-01
  -1.8839705e-01   2.0998177e-01
  -2.0828553e-01   2.0180363e-01
  -2.4030981e-01   2.1813926e-01
  -2.7500408e-01   2.1476540e-01
  -2.8236404e-01   2.0848537e-01
  -3.0448617e-01   2.0194022e-01
  -3.3093183e-01   2.0699122e-01
  -3.1851118e-01   2.1070918e-01
  -3.4032248e-01   1.9733489e-01
  -3.4318043e-01   1.8979084e-01
  -3.2695150e-01   1.8833897e-01
  -3.5038130e-01   1.9007135e-01
  -3.5581200e-01   1.6207412e-01
  -3.7376279e-01   1.6589248e-01
  -3.6733982e-01   1.6204493e-01
  -3.7675650e-01   1.6062164e-01
  -3.7864605e-01   1.5029014e-01
  -3.9500776e-01   1.4749047e-01
  -4.0926246e-01   1.5137907e-01
  -4.1881631e-01   1.4464037e-01
  -4.2843090e-01   1.3358268e-01
  -4.4264574e-01   1.3284435e-01
  -4.3009914e-01   1.2760345e-01
  -4.2659972e-01   1.1772710e-01
  -4.2921623e-01   1.1091615e-01
  -4.2894951e-01   1.0199460e-01
  -4.0731973e-01   8.3600629e-02
  -3.9816631e-01   8.5538651e-02
  -4.1371651e-01   8.6523180e-02
  -4.1924521e-01   8.1991971e-02
  -3.9356879e-01   7.2575855e-02
  -3.7402164e-01   5.6693457e-02
  -3.8358682e-01   5.1371573e-02
  -3.9943671e-01   5.8117228e-02
  -3.8867228e-01   5.7016110e-02
  -3.7285081e-01   3.3739285e-02
  -3.5350612e-01   2.9110387e-02
  -3.4580313e-01   2.4048139e-02
  -3.6405111e-01   3.0944667e-02
  -3.5212003e-01   2.8116331e-02
  -3.7509571e-01   8.1094041e-03
  -3.8345565e-01   1.0794292e-02
  -3.5152767e-01   1.7124553e-02
  -3.4986883e-01  -6.3905270e-03
  -3.7470921e-01   1.1095100e-02
  -3.6779226e-01   3.6881917e-03
  -3.2609937e-02  -1.5550974e-01
  -1.9678351e-02  -1.4820722e-01
   1.5702198e-02  -1.5133894e-01
   3.2645996e-02  -1.4920050e-01
   6.6923985e-02  -1.5953209e-01
   6.6178856e-02  -1.6335554e-01
   6.7484927e-02  -1.5920858e-01
   6.7206259e-02  -1.5731655e-01
   8.4173814e-02  -1.5929876e-01
   1.0226724e-01  -1.5711454e-01
   1.0522353e-01  -1.6859467e-01
   1.3099017e-01  -1.5788336e-01
   1.5062216e-01  -1.6313456e-01
   1.4866133e-01  -1.4357053e-01
   1.6586310e-01  -1.4634831e-01
   1.5772126e-01  -1.3873707e-01
   1.6796803e-01  -1.3422481e-01
   1.7117363e-01  -1.2198877e-01
   1.6975727e-01  -1.2079816e-01
   1.8140459e-01  -1.0916544e-01
   1.9458727e-01  -1.0806115e-01
   1.9588362e-01  -1.0297513e-01
   2.1101952e-01  -9.6338406e-02
   2.1704276e-01  -8.6593615e-02
   2.5004248e-01  -8.4020577e-02
   2.6968889e-01  -7.9405744e-02
   2.8476686e-01  -7.6151804e-02
   2.9259420e-01  -7.2082520e-02
   2.9823647e-01  -7.0272038e-02
   3.0624996e-01  -5.8685329e-02
   3.1585468e-01  -6.4208280e-02
   3.2259123e-01  -5.8625597e-02
   3.4143434e-01  -4.8558958e-02
   3.4516468e-01  -4.3109844e-02
   3.6432790e-01  -4.4413962e-02
   3.6527872e-01  -2.8518819e-02
   3.8660222e-01  -2.8709581e-02
   4.0092172e-01  -2.6042771e-02
   4.1080983e-01  -1.8419657e-02
   4.1169642e-01  -1.2854358e-02
   4.1879250e-01  -1.4389245e-02
   4.2392504e-01  -5.6238460e-03
   4.4440441e-01  -7.1103008e-03
   4.5199755e-01   9.1721230e-03
   4.5280986e-01   1.4293746e-02
   4.5194859e-01   1.4867712e-02
   4.5645262e-01   1.8569512e-02
   4.5771580e-01   3.2098891e-02
   4.6220666e-01   3.0871386e-02
   2.9796997e-01   1.7044209e-01
   2.6363470e-01   1.7860803e-01
   2.6423513e-01   1.8247870e-01
   2.7103910e-01   1.7835564e-01
   2.1492829e-01   1.9218660e-01
   2.1240047e-01   1.9670217e-01
   2.0086209e-01   1.9576627e-01
   2.0468978e-01   1.8941403e-01
   1.6410580e-01   1.9784347e-01
   1.4184633e-01   1.9656309e-01
   1.3470935e-01   1.9958110e-01
   1.2985561e-01   2.0725961e-01
   1.1747690e-01   1.9346609e-01
   9.7767098e-02   2.0109006e-01
   7.8382273e-02   1.9979561e-01
   4.7193869e-02   2.1162260e-01
   4.7461226e-02   2.0280499e-01
   2.2026225e-02   2.0527240e-01
   2.6012264e-02   2.0423112e-01
  -2.0513867e-02   2.1820448e-01
  -2.7047764e-02   2.1283981e-01
  -1.9351409e-02   2.1197358e-01
  -6.9400115e-02   2.0944554e-01
  -7.1944715e-02   2.1318944e-01
  -9.6469374e-02   2.1903080e-01
  -9.1408578e-02   2.1514199e-01
  -8.0833582e-02   2.0701631e-01
  -1.2602307e-01   2.1783972e-01
  -1.4344556e-01   2.2533205e-01
  -1.4460650e-01   2.1817208e-01
  -1.4426558e-01   2.0399942e-01
  -1.3958161e-01   2.1074819e-01
  -1.5807056e-01   2.0363298e-01
  -1.6443863e-01   2.1100345e-01
  -1.7598562e-01   2.1639316e-01
  -2.0060404e-01   2.0899443e-01
  -2.0978971e-01   2.0197704e-01
  -2.1923985e-01   2.0570591e-01
  -2.3026599e-01   2.0527869e-01
  -2.2067173e-01   2.0178408e-01
  -2.4585727e-01   1.9342667e-01
  -2.3678237e-01   1.8323007e-01
  -2.5677758e-01   2.0770881e-01
  -2.9730400e-01   1.7279529e-01
  -2.9430979e-01   1.7216029e-01
  -2.7023120e-01   1.7557764e-01
  -3.3343112e-01   1.7890046e-01
  -3.1512788e-01   1.6353270e-01
  -3.1215324e-01   1.5031836e-01
  -3.3703373e-01   1.4222090e-01
  -1.9321942e-01  -1.8009872e-02
  -1.8182590e-01  -2.9608758e-02
  -1.6438226e-01  -2.0449976e-02
  -1.4132409e-01  -2.4354129e-02
  -1.1310142e-01  -4.0738516e-02
  -9.1422878e-02  -4.1387526e-02
  -1.0024073e-01  -3.2898979e-02
  -9.4723623e-02  -3.5415910e-02
  -8.2290343e-02  -3.7783419e-02
  -9.7558615e-02  -3.5448426e-02
  -1.1580144e-01  -3.0931298e-02
  -9.9118437e-02  -1.6633329e-02
  -8.6073243e-02  -3.9904711e-02
  -4.4384245e-02  -4.2039584e-02
  -1.9836015e-02  -3.5116500e-02
   0.0000000e+00  -3.6221106e-02
   2.9020664e-02  -3.8758119e-02
   5.7173835e-02  -3.9578846e-02
   5.7848388e-02  -4.2770541e-02
   6.3478968e-02  -2.7662616e-02
   5.9550660e-02  -3.6458117e-02
   6.7151099e-02  -4.7037774e-02
   1.0283889e-01  -3.6440775e-02
   1.1974711e-01  -4.8080280e-02
   1.3638454e-01  -3.5323802e-02
   1.6795157e-01  -3.7016426e-02
   1.6964197e-01  -4.8611024e-02
   1.8574600e-01  -4.0206409e-02
   1.8536025e-01  -2.0309603e-02
   1.9610407e-01  -2.8652209e-02
   2.0480252e-01  -2.4989669e-02
   2.1735717e-01  -2.2207983e-02
   2.2735557e-01  -2.1060359e-02
   2.4617952e-01  -1.9238688e-02
   2.6814428e-01  -1.2997631e-02
   2.7284364e-01  -1.8238484e-02
   2.9465975e-01  -2.3534837e-02
   3.0481630e-01  -3.1520424e-03
   3.1048969e-01   5.7791221e-03
   3.3368297e-01   5.2378677e-03
   3.5843700e-01   1.1967221e-02
   3.6004764e-01   1.0371458e-02
   3.5781819e-01   1.7801024e-02
   3.8056526e-01   2.5198001e-02
   3.8790640e-01   1.8234140e-02
   3.8534287e-01   1.9226996e-02
   3.9742868e-01   3.8429673e-02
   4.1192521e-01   3.0392573e-02
   4.1352750e-01   3.3504683e-02
   4.9392113e-01   1.0726736e-01
   4.7753222e-01   1.1559028e-01
   4.7448009e-01   1.1377777e-01
   4.6885223e-01   1.1631540e-01
   4.7301763e-01   1.2035052e-01
   4.7305958e-01   1.1855660e-01
   4.6106506e-01   1.2197071e-01
   4.4068623e-01   1.3375780e-01
   4.2724251e-01   1.3239823e-01
   4.1465609e-01   1.3420169e-01
   4.0215637e-01   1.3232521e-01
   3.7267636e-01   1.4171672e-01
   3.6804393e-01   1.4551186e-01
   3.4672334e-01   1.3530890e-01
   3.4060626e-01   1.5019571e-01
   3.3194163e-01   1.4219030e-01
   2.8382873e-01   1.5051352e-01
   2.7084445e-01   1.6112596e-01
   2.6671336e-01   1.5810318e-01
   2.5082697e-01   1.5932116e-01
   2.4158029e-01   1.6570817e-01
   2.2359711e-01   1.5973520e-01
   2.0110054e-01   1.7167854e-01
   1.9111383e-01   1.7299545e-01
   1.6928738e-01   1.6918699e-01
   1.6197568e-01   1.7372470e-01
   1.3785850e-01   1.7690635e-01
   1.2047393e-01   1.6725640e-01
   1.1033227e-01   1.8160291e-01
   1.0485275e-01   1.7511879e-01
   1.0255299e-01   1.7085237e-01
   9.0454599e-02   1.6154577e-01
   5.3022605e-02   1.7594827e-01
   6.3565970e-02   1.7383176e-01
   4.8037559e-02   1.6979113e-01
   3.5855548e-02   1.6894930e-01
  -1.7336871e-02   1.7477052e-01
  -5.2948437e-02   1.6704473e-01
  -7.9770175e-02   1.7557345e-01
  -1.1776758e-01   1.7589057e-01
  -1.2778660e-01   1.6901478e-01
  -1.4357919e-01   1.8055559e-01
  -1.6650694e-01   1.7903772e-01
  -1.7652305e-01   1.6368808e-01
  -2.2367335e-01   1.8728712e-01
  -2.4321885e-01   1.8384042e-01
  -2.4254635e-01   1.8328982e-01
  -2.2419665e-01   1.7444000e-01
  -2.6294477e-01   1.9684670e-01
  -3.8553233e-01   3.7369244e-02
  -3.6176961e-01   2.1449212e-02
  -3.5621146e-01   3.7370190e-02
  -3.5491715e-01   1.9522143e-02
  -3.5893048e-01   1.0577504e-02
  -3.3441795e-01  -5.2911263e-04
  -3.5463795e-01   3.7167390e-03
  -3.6149300e-01   1.0605346e-03
  -3.5335087e-01   2.1004043e-03
  -3.2916798e-01  -1.6167689e-02
  -3.3501968e-01  -3.2919502e-02
  -3.2320726e-01  -2.5238381e-02
  -3.3439897e-01  -2.1972664e-02
  -3.2444608e-01  -3.6832735e-02
  -3.0738209e-01  -3.9292503e-02
  -3.0948406e-01  -4.9563152e-02
  -3.0921200e-01  -3.7572446e-02
  -2.9108558e-01  -4.4130090e-02
  -2.6873224e-01  -6.2408573e-02
  -2.5076292e-01  -6.5924804e-02
  -2.5114116e-01  -5.5567983e-02
  -2.5995761e-01  -5.3819597e-02
  -2.6050352e-01  -6.7021058e-02
  -2.5261599e-01  -7.0507093e-02
  -2.2891942e-01  -8.4904221e-02
  -2.2602203e-01  -8.3174342e-02
  -2.1257585e-01  -7.7809611e-02
  -2.0791788e-01  -7.3713578e-02
  -1.5505317e-01  -9.9705374e-02
  -1.7046036e-01  -8.1997649e-02
  -1.7248786e-01  -8.7125773e-02
  -1.5207627e-01  -7.9472504e-02
  -1.1113962e-01  -9.6786041e-02
  -1.0255076e-01  -1.0598675e-01
  -9.8132419e-02  -1.0911925e-01
  -8.2752537e-02  -1.0965354e-01
  -7.1886333e-02  -1.1980323e-01
  -4.6200693e-02  -1.3501000e-01
  -4.5933577e-02  -1.3418024e-01
  -1.5633729e-02  -1.4128663e-01
   1.9390269e-02  -1.3838486e-01
   2.9899897e-02  -1.4790389e-01
   4.1435887e-02  -1.4549770e-01
   4.5265911e-02  -1.4587320e-01
   5.5817227e-02  -1.4873301e-01
   6.2493930e-02  -1.5093515e-01
   7.1072593e-02  -1.4556432e-01
   7.8122580e-02  -1.4442172e-01
   1.0054699e-01  -1.4319960e-01
   4.7606332e-01  -1.5324776e-03
   4.7953106e-01   1.0197240e-02
   4.7583286e-01   1.8958323e-02
   4.6636653e-01   2.0605368e-02
   4.6570828e-01   3.7434782e-02
   4.6633043e-01   4.1022906e-02
   4.7400583e-01   4.1422015e-02
   4.7936555e-01   4.6953123e-02
   4.7114841e-01   5.7492061e-02
   4.7645068e-01   5.5351699e-02
   4.6938884e-01   6.2686802e-02
   4.6735383e-01   7.3473522e-02
   4.7230191e-01   8.0318944e-02
   4.7056774e-01   8.0517994e-02
   4.6176699e-01   8.8193992e-02
   4.5369976e-01   8.9151364e-02
   4.4833554e-01   9.5116072e-02
   4.5260152e-01   9.5556818e-02
   4.4968473e-01   1.0248852e-01
   4.5752787e-01   1.0697112e-01
   4.2878485e-01   1.2928577e-01
   4.2805101e-01   1.2191037e-01
   4.2312841e-01   1.2684382e-01
   4.1360698e-01   1.4479797e-01
   3.9643533e-01   1.4148166e-01
   3.9830883e-01   1.4276172e-01
   4.0167323e-01   1.4852480e-01
   3.7430298e-01   1.6891251e-01
   3.6291744e-01   1.6933221e-01
   3.3841190e-01   1.6876933e-01
   3.4836557e-01   1.7867487e-01
   2.8207965e-01   1.9429809e-01
   2.4881847e-01   1.9417729e-01
   3.0078679e-01   1.8763625e-01
   2.5305348e-01   1.9624042e-01
   2.4932391e-01   2.0334377e-01
   1.6558548e+00   6.0780771e-02
  -5.6980015e-01   5.4094430e-01
   8.2588024e-01  -2.4966174e-01
   1.3209418e-01   7.4798643e-01
  -1.8628278e-01   8.9360667e-02
  -1.0150568e-01   4.3020965e-01
   4.1480522e-01   1.1998832e-01
   4.2645380e-01   1.8761067e-01
   3.6297170e-01   2.7625295e-01
  -3.4291774e-01   2.5734670e-01
   4.5396360e-01   4.6624982e-02
   1.0564821e-01   2.9468119e-01
  -1.6261325e-01   2.5535496e-01
  -2.5017334e-01   1.8721497e-01
  -2.4695345e-01   1.7535548e-01
  -1.7425984e-01   1.3515894e-01
  -2.1935993e-01   1.5468958e-01
  -3.2637341e-01   2.1903641e-01
  -2.5659740e-01   1.3924157e-01
  -1.7621382e-01   1.3360692e-01
  -2.3477606e-01   1.4517701e-01
  -3.4663473e-01   1.7400800e-01
  -2.6190639e-01   1.5595980e-01
  -2.3026200e-01   1.1890006e-01
  -3.0817047e-01   1.2200496e-01
  -3.2645847e-01   1.1225714e-01
  -2.9541296e-01   1.2141021e-01
  -3.0984698e-01   1.1276176e-01
  -3.3943517e-01   9.5332954e-02
  -3.0237584e-01   7.2757801e-02
  -2.7681803e-01   8.2843149e-02
  -2.9071960e-01   7.9208707e-02
  -3.4031364e-01   6.5285727e-02
  -2.9513192e-01   4.8753903e-02
  -2.9813440e-01   5.9841126e-02
  -3.1755179e-01   5.3941792e-02
  -3.7618362e-01   6.3609638e-02
  -3.3614073e-01   2.7058219e-02
  -3.3356050e-01   3.8036694e-02
  -3.5815175e-01   2.3152975e-02
  -4.0667876e-01   4.7207693e-02
  -3.8877618e-01   2.7690027e-02
  -3.7167771e-01   1.0411308e-02
  -3.6881558e-01  -6.2695618e-03
  -3.9082599e-01   6.7689143e-03
  -3.7420928e-01   7.3066826e-03
  -3.4290782e-01  -2.2141440e-02
  -3.5792230e-01  -2.5971701e-02
  -3.6669337e-01  -2.4538978e-02
  -3.5093284e-01  -1.6119708e-02
  -3.5751041e-01  -2.4507498e-02
  -3.7352539e-01  -3.8937060e-02
  -3.7065530e-01  -3.0905125e-02
  -3.5478816e-01  -3.4465212e-02
  -3.6260655e-01  -2.4802049e-02
  -3.5440190e-01  -4.4589414e-02
  -3.3689014e-01  -4.1406171e-02
  -3.1817412e-01  -3.2392022e-02
  -3.5198540e-01  -3.8171830e-02
  -3.5694342e-01  -3.3762198e-02
  -3.3675629e-01  -4.3302128e-02
  -3.5380868e-01  -4.5909937e-02
   1.3730777e-01  -9.0185659e-02
   1.4804366e-01  -7.0325964e-02
   1.9513124e-01  -9.7311878e-02
   2.2276864e-01  -7.2594757e-02
   2.2513321e-01  -6.5490498e-02
   2.5460641e-01  -7.5377643e-02
   2.6899427e-01  -6.7945908e-02
   2.7668061e-01  -6.4555215e-02
   2.7542251e-01  -5.3878198e-02
   2.9871295e-01  -4.8027756e-02
   3.1919430e-01  -4.9840573e-02
   3.3300578e-01  -5.1374533e-02
   3.4523947e-01  -3.4766557e-02
   3.4983632e-01  -3.3496652e-02
   3.6026976e-01  -2.5588283e-02
   3.7327649e-01  -2.5929743e-02
   3.8357988e-01  -2.5773289e-02
   3.8363501e-01  -1.1693714e-02
   3.9203294e-01  -3.0483931e-03
   4.0723607e-01  -7.1258124e-03
   4.1646633e-01  -5.6046475e-03
   4.1477078e-01   1.0318708e-02
   4.3007032e-01   9.2368170e-03
   4.3327554e-01   2.2161021e-02
   4.4215717e-01   2.4511947e-02
   4.5233556e-01   2.7056020e-02
   4.5746680e-01   3.0498227e-02
   4.5712518e-01   4.3376662e-02
   4.5680968e-01   3.6387647e-02
   4.4963393e-01   5.3482284e-02
   4.4973280e-01   5.1622746e-02
   4.4832424e-01   5.6458707e-02
   4.4198169e-01   6.6004011e-02
   4.3949276e-01   6.8439293e-02
   4.4251651e-01   7.2582135e-02
   4.4246157e-01   7.9832888e-02
   4.3124084e-01   8.4867414e-02
   4.2356856e-01   9.2628940e-02
   4.0698942e-01   9.5931856e-02
   4.0377508e-01   9.6703201e-02
   4.0867269e-01   1.0199619e-01
   3.9012458e-01   1.0926147e-01
   3.8553679e-01   1.1830018e-01
   3.7934508e-01   1.2781565e-01
   3.5108286e-01   1.3038150e-01
   3.4503267e-01   1.2470289e-01
   3.2015073e-01   1.4526326e-01
   3.1252434e-01   1.5809025e-01
   3.0957118e-01   1.5639028e-01
