   4.5319171e-01   9.6461332e-02
  -2.6497264e-01   1.2435171e-01
  -2.7498195e-01   1.1040942e-01
  -2.5687597e-01   1.0484932e-01
  -2.5668530e-01   9.5130572e-02
  -2.7245823e-01   8.8674990e-02
  -3.0235694e-01   1.0799961e-01
  -3.4825054e-01   9.1283649e-02
  -3.1510142e-01   7.7735594e-02
  -3.3192249e-01   8.6586302e-02
  -3.5927807e-01   8.9991392e-02
  -3.7294018e-01   1.0325044e-01
  -3.9056135e-01   8.1679153e-02
  -4.1505155e-01   9.8613090e-02
  -4.9500966e-01   9.2911087e-02
  -4.9278077e-01   8.6973709e-02
  -4.6654731e-01   9.0874260e-02
  -4.8825592e-01   8.5811470e-02
  -4.9709483e-01   1.0167132e-01
  -5.2997336e-01   9.0086030e-02
  -5.7185853e-01   9.1707859e-02
  -5.4962656e-01   8.3825109e-02
  -5.7982990e-01   1.0482441e-01
  -5.8183001e-01   8.9786618e-02
  -5.4751020e-01   8.2194587e-02
  -5.2286762e-01   7.0954954e-02
  -5.2783714e-01   7.0643995e-02
  -5.2947858e-01   6.3297986e-02
  -5.0663451e-01   4.7670020e-02
  -4.9762919e-01   4.3861477e-02
  -4.7991528e-01   3.3760487e-02
  -4.5531669e-01   2.0502058e-02
  -4.2527273e-01   7.3643807e-03
  -4.0666978e-01   3.6779484e-03
  -4.0827230e-01   2.1163366e-03
  -4.0317992e-01   0.0000000e+00
  -3.8061465e-01  -1.0110396e-02
  -3.6799205e-01  -1.3280947e-02
  -3.7153868e-01  -3.0478215e-02
  -3.6758533e-01  -2.5686855e-02
  -3.3339128e-01  -2.5234935e-02
  -3.1756471e-01  -4.1086878e-02
  -3.0373213e-01  -4.1725290e-02
  -2.9855760e-01  -3.6727014e-02
  -2.8020523e-01  -4.1123885e-02
  -2.7551461e-01  -3.3469299e-02
  -2.7806967e-01  -3.6503395e-02
  -2.6788012e-01  -3.8431264e-02
  -2.4905612e-01  -3.7273558e-02
  -2.3946389e-01  -3.8684256e-02
   3.0037229e-01  -3.8779997e-02
   3.0039671e-01  -1.9352685e-02
   3.1414547e-01  -2.1244847e-02
   3.1078171e-01  -8.2707937e-03
   3.2464829e-01  -1.2302495e-02
   3.0996769e-01  -2.0535917e-03
   3.1731034e-01   4.0616288e-03
   3.1328191e-01   1.5241286e-02
   3.2597939e-01   1.3219212e-02
   3.1300822e-01   2.6418229e-02
   3.0886809e-01   2.4379405e-02
   3.0982188e-01   4.5968692e-02
   3.1322040e-01   4.9464670e-02
   3.2415784e-01   5.1303774e-02
   3.1926842e-01   5.6540210e-02
   3.0923691e-01   6.5750568e-02
   3.2033749e-01   6.4480161e-02
   2.9981931e-01   8.4545531e-02
   3.1708016e-01   8.5995436e-02
   3.0602105e-01   9.4687093e-02
   2.9626506e-01   9.9900284e-02
   2.9093654e-01   1.0756911e-01
   3.0329739e-01   1.1193268e-01
   2.9932009e-01   1.2127160e-01
   2.8968442e-01   1.1959934e-01
   2.6616084e-01   1.3653741e-01
   2.6898367e-01   1.3885080e-01
   2.4516909e-01   1.4550248e-01
   2.5312240e-01   1.4610838e-01
   2.2224820e-01   1.5166205e-01
   2.1841777e-01   1.6060505e-01
   2.1183674e-01   1.7472310e-01
   1.8584401e-01   1.6616671e-01
   1.8633706e-01   1.6832365e-01
   1.6604708e-01   1.7763381e-01
   1.3416923e-01   1.8792232e-01
   1.2724111e-01   1.8653255e-01
   1.0748586e-01   1.9034732e-01
   1.0475997e-01   1.9179971e-01
   1.1153645e-01   1.8473427e-01
   9.1388671e-02   1.8769819e-01
   8.6382799e-02   1.9650321e-01
   5.8576320e-02   2.0606050e-01
   2.6008401e-02   2.0612730e-01
  -1.3003897e-02   2.1921995e-01
  -3.7737150e-02   2.2129338e-01
  -4.6444313e-02   2.2296590e-01
  -7.6333427e-02   2.2943780e-01
  -1.6245344e-01   2.2907231e-01
  -3.3307181e-01   1.1600715e-01
  -3.2141515e-01   1.0917911e-01
  -3.2376489e-01   1.0139453e-01
  -3.1846890e-01   9.3140672e-02
  -3.0951107e-01   8.6304566e-02
  -3.1281308e-01   8.0768543e-02
  -3.0741243e-01   7.9954060e-02
  -3.0100231e-01   7.4090872e-02
  -3.0021928e-01   5.6157800e-02
  -3.1682416e-01   6.1734251e-02
  -3.2770455e-01   5.6249652e-02
  -3.1123993e-01   4.4916862e-02
  -3.1267314e-01   4.9180719e-02
  -3.2925730e-01   4.7898713e-02
  -3.4210391e-01   4.3586015e-02
  -3.2264990e-01   2.0550639e-02
  -3.0732340e-01   1.2654211e-02
  -3.0004361e-01   1.5740252e-02
  -2.9272683e-01   4.2110164e-03
  -2.6829268e-01   0.0000000e+00
  -2.5569980e-01   0.0000000e+00
  -2.2206789e-01  -1.8329288e-02
  -2.0189924e-01  -2.6745209e-02
  -2.0248461e-01  -2.7875830e-02
  -1.9726070e-01  -3.3714529e-02
  -2.0092885e-01  -4.0791200e-02
  -1.8298687e-01  -4.5190287e-02
  -1.5208543e-01  -5.3549442e-02
  -1.3285390e-01  -5.5478145e-02
  -1.2081316e-01  -6.3458392e-02
  -1.2105277e-01  -5.3939633e-02
  -1.1101775e-01  -6.1754803e-02
  -1.1840805e-01  -6.3770671e-02
  -1.0080987e-01  -6.3648002e-02
  -8.9892239e-02  -6.0764662e-02
  -6.7004482e-02  -7.0149061e-02
  -4.3313104e-02  -7.0132105e-02
  -2.7594004e-02  -8.1109760e-02
  -2.6355274e-02  -7.8066848e-02
  -1.3277098e-03  -7.6483700e-02
   1.3362644e-02  -7.5323261e-02
   2.6983965e-02  -7.3823286e-02
   4.4095823e-02  -7.9156497e-02
   6.4120064e-02  -8.0189871e-02
   7.0811893e-02  -7.5757959e-02
   8.7865762e-02  -7.7622689e-02
   9.3578077e-02  -7.3513370e-02
   1.1359429e-01  -7.0653502e-02
   1.2758445e-01  -7.5355960e-02
   4.9465273e-01   4.8588188e-02
   4.8389123e-01   5.6724599e-02
   4.7026063e-01   7.0435385e-02
   4.6769831e-01   6.9452633e-02
   4.5645864e-01   8.0989170e-02
   4.5230566e-01   9.6213376e-02
   4.4932940e-01   1.0125830e-01
   4.6856351e-01   1.0200587e-01
   4.6252670e-01   1.0053711e-01
   4.5508114e-01   1.2267451e-01
   4.4284702e-01   1.3470989e-01
   4.2190981e-01   1.3697611e-01
   4.3294147e-01   1.3633847e-01
   4.2322828e-01   1.3693373e-01
   4.2040796e-01   1.5344822e-01
   4.1378648e-01   1.6329700e-01
   4.0695589e-01   1.6853236e-01
   3.9998315e-01   1.7558052e-01
   3.8578598e-01   1.7913581e-01
   3.8764134e-01   1.8044246e-01
   3.8474513e-01   1.8989911e-01
   3.8553686e-01   1.8671644e-01
   3.8735597e-01   1.8325466e-01
   3.8873045e-01   1.8188160e-01
   3.8291668e-01   1.9121524e-01
   3.6583577e-01   1.9875232e-01
   3.6044877e-01   1.9479840e-01
   3.6706597e-01   1.9267481e-01
   3.3958580e-01   2.0524777e-01
   3.2241154e-01   2.0766970e-01
   3.1321327e-01   2.0476414e-01
   2.9470141e-01   2.0739789e-01
   3.0331180e-01   2.0073362e-01
   2.9920349e-01   1.9435693e-01
   2.7626124e-01   2.1310218e-01
   2.7692960e-01   2.1043109e-01
   2.6489595e-01   2.0320827e-01
   2.5707070e-01   2.0901599e-01
   2.3859538e-01   2.1129356e-01
   2.3960867e-01   2.0972138e-01
   2.2088059e-01   2.2006432e-01
   2.1536313e-01   2.0506761e-01
   2.0626245e-01   1.9226394e-01
   1.9939270e-01   1.9518246e-01
   1.7780172e-01   1.9727447e-01
   1.7260568e-01   1.9238412e-01
   1.6445968e-01   1.9269931e-01
   1.5322235e-01   1.8474798e-01
   1.4918613e-01   1.8777914e-01
   1.9947995e-02  -2.9946116e-02
   2.3808213e-02  -4.1008366e-02
   2.2502690e-02  -4.2649699e-02
   3.0295811e-02  -4.1900808e-02
   3.0423194e-02  -5.2825711e-02
   3.5623386e-02  -6.5091753e-02
   2.8794423e-02  -6.5109152e-02
   2.6083697e-02  -6.7556319e-02
   2.2270005e-02  -7.3806928e-02
   3.7737315e-02  -8.3537874e-02
   5.5516319e-02  -8.6591374e-02
   5.5577337e-02  -9.2639070e-02
   5.4620690e-02  -8.8872854e-02
   5.8788373e-02  -9.0369659e-02
   7.0636987e-02  -9.8694607e-02
   8.9896395e-02  -1.0149494e-01
   8.1983852e-02  -1.1026170e-01
   7.6085940e-02  -9.6198686e-02
   1.0438015e-01  -1.0178060e-01
   1.2328949e-01  -1.0930900e-01
   1.4406900e-01  -1.1160034e-01
   1.3017783e-01  -1.1449490e-01
   1.3817573e-01  -1.1669594e-01
   1.5104698e-01  -1.0539141e-01
   1.7228523e-01  -1.1987377e-01
   1.8730734e-01  -1.1875988e-01
   2.0274125e-01  -1.1742252e-01
   2.1700917e-01  -1.1816876e-01
   2.1800185e-01  -1.1684126e-01
   2.2684766e-01  -1.1522810e-01
   2.3491616e-01  -1.1799072e-01
   2.4945532e-01  -1.1169666e-01
   2.5851779e-01  -1.0489925e-01
   2.7643671e-01  -1.1486416e-01
   2.8187125e-01  -1.0546768e-01
   3.0288347e-01  -1.0017589e-01
   3.0258317e-01  -8.9547230e-02
   3.1871405e-01  -9.0437532e-02
   3.1688875e-01  -9.1797783e-02
   3.3546971e-01  -9.2013164e-02
   3.5364533e-01  -7.3462103e-02
   3.5753753e-01  -7.1223618e-02
   3.6850228e-01  -6.0952903e-02
   3.7835689e-01  -4.8707108e-02
   3.9831271e-01  -4.6159262e-02
   4.1783630e-01  -4.7659271e-02
   4.2263475e-01  -3.6747731e-02
   4.2421748e-01  -3.3528731e-02
   4.0414010e-01  -1.7653293e-02
   3.0170867e-01   2.2208422e-01
   2.9652814e-01   2.1981125e-01
   2.9309572e-01   2.1964792e-01
   3.0802611e-01   2.1458788e-01
   2.9126497e-01   2.3383537e-01
   2.8726800e-01   2.2969285e-01
   2.7829113e-01   2.1620665e-01
   1.7180483e-01   2.1399090e-01
   1.5224821e-01   2.1004576e-01
   1.6971135e-01   2.0643466e-01
   1.6012130e-01   2.1313876e-01
   1.2731493e-01   2.1109318e-01
   1.1813458e-01   1.9377999e-01
   9.1538613e-02   1.9410701e-01
   7.0487207e-02   1.9551588e-01
   4.4449604e-02   1.9790050e-01
   3.1048951e-02   1.8157631e-01
   2.6963704e-03   1.9298867e-01
  -9.4888087e-03   1.8569646e-01
  -5.0708177e-02   1.8104744e-01
  -5.8934103e-02   1.5871540e-01
  -6.6535504e-02   1.6302236e-01
  -9.3503016e-02   1.6164180e-01
  -1.2878382e-01   1.6620985e-01
  -1.2278284e-01   1.5212098e-01
  -1.5135228e-01   1.3836091e-01
  -1.9686607e-01   1.4771024e-01
  -2.1333795e-01   1.5469365e-01
  -2.3886995e-01   1.3916626e-01
  -2.5495674e-01   1.4379394e-01
  -2.7559811e-01   1.3252639e-01
  -3.1453530e-01   1.2957947e-01
  -3.3613964e-01   1.3441891e-01
  -3.7168809e-01   1.2851247e-01
  -4.0226182e-01   1.1673183e-01
  -4.3242316e-01   1.3009966e-01
  -4.6380337e-01   1.2331552e-01
  -4.7018328e-01   1.0671141e-01
  -4.8800756e-01   1.0270917e-01
  -4.9618515e-01   8.6010863e-02
  -5.0321642e-01   8.2888449e-02
  -5.0557100e-01   7.5800004e-02
  -5.0212601e-01   6.1239026e-02
  -4.8469052e-01   5.3680970e-02
   1.2526889e-01  -1.3091092e-02
   1.4492869e-01   2.2683919e-03
   1.6071177e-01   8.5039968e-03
   1.8794753e-01   7.3032008e-03
   2.2070689e-01  -1.1205644e-03
   2.2943559e-01  -3.9218811e-03
   2.6324228e-01   1.9969065e-02
   2.7895008e-01   2.3267163e-02
   2.8966230e-01   1.3175173e-02
   3.2404246e-01   8.6779907e-03
   3.2330537e-01   1.4553772e-02
   3.5359470e-01   2.1727425e-02
   3.7523552e-01   2.2435917e-02
   3.9224314e-01   1.7247607e-02
   4.0487321e-01   2.8587358e-02
   4.2429237e-01   3.4299413e-02
   4.3674712e-01   4.0283505e-02
   4.5042922e-01   4.2135794e-02
   4.5796008e-01   4.8952750e-02
   4.8426459e-01   4.3337401e-02
   5.1049595e-01   4.2963267e-02
   5.1559962e-01   4.9436715e-02
   5.3918330e-01   5.2472687e-02
   5.6967942e-01   4.5588809e-02
   5.9754038e-01   4.1622221e-02
   6.2278830e-01   4.3936982e-02
   6.4596042e-01   4.3678818e-02
   6.5192356e-01   4.3857647e-02
   6.7000394e-01   4.6362343e-02
   6.8328417e-01   4.9314608e-02
   6.9140177e-01   5.3299036e-02
   7.2037713e-01   5.3849796e-02
   7.1768809e-01   5.0675806e-02
   7.1869602e-01   5.5169113e-02
   7.1410658e-01   6.2309498e-02
   7.0382257e-01   5.9064623e-02
   7.0450936e-01   6.2345909e-02
   6.9786680e-01   5.9829247e-02
   6.9089683e-01   6.5241071e-02
   6.7335051e-01   7.2931509e-02
   6.6166912e-01   7.2244514e-02
   6.5983306e-01   7.1839105e-02
   6.5441247e-01   7.2439801e-02
   6.4967544e-01   6.6215502e-02
   6.3068262e-01   7.4461297e-02
   6.1412740e-01   7.9974334e-02
   5.9627758e-01   7.6285238e-02
   5.7444340e-01   7.5693528e-02
   5.4455205e-01   7.8826017e-02
   5.3690153e-01   8.2252964e-02
  -1.4969072e-01   5.2442887e-02
  -1.5239827e-01   4.7764789e-02
  -2.0028825e-01   5.0584344e-02
  -2.2003761e-01   4.6123355e-02
  -2.5454509e-01   5.5709460e-02
  -2.9401866e-01   4.7638547e-02
  -3.0219985e-01   4.8119995e-02
  -3.1979853e-01   2.9229989e-02
  -3.6365889e-01   3.7429850e-02
  -4.0640701e-01   3.8333821e-02
  -4.4319935e-01   4.3064188e-02
  -4.8680855e-01   5.7521081e-02
  -5.2216359e-01   5.0175035e-02
  -5.5475814e-01   5.3759890e-02
  -5.5102578e-01   4.6821873e-02
  -5.5393033e-01   5.4886461e-02
  -5.5183791e-01   3.7086377e-02
  -5.5791317e-01   3.8522760e-02
  -5.6200284e-01   3.7714033e-02
  -5.5346537e-01   3.7618444e-02
  -5.5136605e-01   3.8159629e-02
  -5.4249395e-01   3.0294040e-02
  -5.2296458e-01   2.2640068e-02
  -5.2739622e-01   2.8273519e-02
  -5.3657159e-01   3.0833426e-02
  -5.0247179e-01   1.1414959e-02
  -4.8060156e-01   4.9951610e-04
  -4.8544098e-01   5.5437440e-03
  -4.8710458e-01   1.1693052e-02
  -4.7807725e-01   8.2281173e-03
  -4.6722906e-01   1.0343950e-02
  -4.5550235e-01   5.1918036e-04
  -4.4045143e-01   2.6130450e-03
  -4.3078420e-01   6.8299890e-03
  -4.0402316e-01   1.5936857e-03
  -3.7773686e-01   2.1522565e-03
  -3.4258302e-01  -1.6303097e-03
  -3.3246653e-01  -3.8559864e-03
  -2.8460587e-01  -1.1673666e-02
  -2.5229681e-01  -1.2860503e-02
  -2.2197776e-01  -1.9733317e-02
  -2.1627815e-01  -1.8740029e-02
  -1.9849286e-01  -1.4747485e-02
  -1.7455471e-01  -2.6016232e-02
  -1.6223542e-01  -3.1539133e-02
  -1.1931474e-01  -3.7821833e-02
  -1.0731424e-01  -4.4757132e-02
  -5.5308854e-02  -5.2395681e-02
   5.8995705e-01   5.3207390e-02
   5.7931535e-01   6.2616961e-02
   5.8050472e-01   7.4118150e-02
   5.7947802e-01   7.6523566e-02
   5.6344496e-01   8.4172227e-02
   5.5847059e-01   9.8314253e-02
   5.6732027e-01   9.4306942e-02
   5.3193719e-01   1.1209777e-01
   5.2332636e-01   1.1614265e-01
   4.9902744e-01   1.2821487e-01
   4.9699704e-01   1.2915452e-01
   4.7056575e-01   1.3494499e-01
   4.5314308e-01   1.4397126e-01
   4.5373310e-01   1.4188324e-01
   4.3258018e-01   1.3858081e-01
   4.2931310e-01   1.3642431e-01
   4.2556104e-01   1.3410066e-01
   4.0696681e-01   1.4106799e-01
   4.0470079e-01   1.4572770e-01
   4.0164642e-01   1.4716562e-01
   4.0117037e-01   1.4230914e-01
   3.9505233e-01   1.5124634e-01
   3.8322082e-01   1.4189449e-01
   3.6152554e-01   1.4343900e-01
   3.5605312e-01   1.4182981e-01
   3.4646820e-01   1.3741161e-01
   3.3267826e-01   1.5126717e-01
   3.3474548e-01   1.4124919e-01
   3.2211798e-01   1.4211140e-01
   3.1143827e-01   1.4549785e-01
   2.8139927e-01   1.4918061e-01
   2.7723898e-01   1.4178304e-01
   2.6095855e-01   1.4738596e-01
   2.4277555e-01   1.3580511e-01
   2.3303096e-01   1.3873880e-01
   2.2732297e-01   1.3684594e-01
   2.0250248e-01   1.3903191e-01
   1.9928514e-01   1.3653665e-01
   1.6636979e-01   1.3631802e-01
   1.5621478e-01   1.2759201e-01
   1.3589915e-01   1.3176014e-01
   1.0840044e-01   1.3134685e-01
   8.3428866e-02   1.4348682e-01
   6.7680684e-02   1.3684872e-01
   4.9055088e-02   1.3446079e-01
   2.1097122e-02   1.4193507e-01
  -1.0441631e-02   1.4389885e-01
  -2.8545687e-02   1.4122608e-01
  -3.5128238e-02   1.3757530e-01
  -5.5981667e-02   1.4047708e-01
  -3.5185085e-01   3.9794017e-02
  -3.4631097e-01   4.1428316e-02
  -3.2083002e-01   3.2948139e-02
  -3.3124594e-01   2.7109575e-02
  -3.1928014e-01   1.7506937e-02
  -3.1265343e-01   2.3924281e-02
  -2.8400685e-01   4.2470645e-03
  -2.6723871e-01  -1.0622928e-03
  -2.4673951e-01  -2.1286063e-03
  -2.2710676e-01  -1.2233599e-02
  -2.1675560e-01  -1.6009877e-02
  -2.0192637e-01  -1.7641485e-02
  -1.9189577e-01  -1.9207792e-02
  -1.7397604e-01  -1.3855749e-02
  -1.5371653e-01  -2.3145944e-02
  -1.3666676e-01  -2.5715868e-02
  -1.2649613e-01  -2.2610512e-02
  -1.1646630e-01  -2.0055445e-02
  -9.8077822e-02  -2.9093871e-02
  -6.5926664e-02  -3.4441374e-02
  -4.8806701e-02  -3.0749688e-02
  -3.1963397e-02  -3.4822913e-02
  -9.3160215e-03  -4.0191107e-02
   1.4717835e-02  -3.8239481e-02
   3.2444357e-02  -3.7534808e-02
   4.9654561e-02  -3.0202602e-02
   6.0169649e-02  -3.5475688e-02
   7.2954508e-02  -4.2142938e-02
   1.0785109e-01  -4.4899301e-02
   1.1906815e-01  -3.9256821e-02
   1.2695884e-01  -3.4428798e-02
   1.4987072e-01  -3.5531005e-02
   1.7670442e-01  -2.9124484e-02
   1.9318333e-01  -3.7945437e-02
   2.1507775e-01  -3.6164112e-02
   2.2397715e-01  -3.3116315e-02
   2.5223067e-01  -3.5682049e-02
   2.7931438e-01  -2.4987609e-02
   2.9607929e-01  -3.4403530e-02
   3.0167258e-01  -3.4927888e-02
   3.1822057e-01  -2.9940982e-02
   3.1852999e-01  -3.1393306e-02
   3.4120349e-01  -3.1172891e-02
   3.5846213e-01  -2.5979038e-02
   3.8436423e-01  -3.3952269e-02
   3.9772987e-01  -2.2371376e-02
   4.0150069e-01  -1.5226526e-02
   4.0722575e-01  -1.3701040e-02
   4.1701004e-01  -7.0965512e-03
   4.1753754e-01   0.0000000e+00
