   3.5370705e-02   3.0019011e-02
  -1.0353026e-01   2.6261100e-02
  -1.1364077e-01   2.9306524e-02
  -1.0866454e-01   2.6226853e-02
  -1.1011814e-01   2.2575513e-02
  -1.1251191e-01   2.3051177e-02
  -1.1786172e-01   2.3065955e-02
  -1.2581506e-01   2.5698365e-02
  -1.3876951e-01   2.6694620e-02
  -1.4036371e-01   2.6219972e-02
  -1.3909064e-01   2.3075981e-02
  -1.3859785e-01   1.7239126e-02
  -1.4274364e-01   2.3023412e-02
  -1.4681789e-01   2.3038575e-02
  -1.4895499e-01   2.6097585e-02
  -1.5466231e-01   2.4592830e-02
  -1.5418895e-01   2.5564132e-02
  -1.4279362e-01   1.8314078e-02
  -1.4513548e-01   1.7230047e-02
  -1.4916238e-01   2.1420982e-02
  -1.5192353e-01   2.1960043e-02
  -1.5478590e-01   2.6712029e-02
  -1.6033884e-01   2.9662586e-02
  -1.6628588e-01   2.5064611e-02
  -1.8206099e-01   2.0854892e-02
  -1.9184987e-01   1.5044570e-02
  -1.9935472e-01   1.5627790e-02
  -2.0363129e-01   2.0346607e-02
  -2.0556601e-01   2.4961602e-02
  -2.0927669e-01   2.5445332e-02
  -2.1828231e-01   2.1374247e-02
  -2.2618999e-01   2.0311684e-02
  -2.2802395e-01   1.1928501e-02
  -2.3606351e-01   1.6595293e-02
  -2.3594697e-01   2.3337131e-02
  -2.3613741e-01   2.5436042e-02
  -2.4616698e-01   2.4316701e-02
  -2.5780257e-01   1.9093147e-02
  -2.6382127e-01   1.9133519e-02
  -2.7169660e-01   1.6960898e-02
  -2.8252586e-01   1.6517940e-02
  -2.7956795e-01   1.4887318e-02
  -2.8298612e-01   1.6982143e-02
  -2.9363578e-01   2.2626790e-02
  -2.9198229e-01   2.4665595e-02
  -2.9474716e-01   1.8491411e-02
  -2.9194107e-01   1.2321134e-02
  -2.9295271e-01   1.2819704e-02
  -2.9013942e-01   1.5451713e-02
  -2.8585047e-01   1.9050870e-02
  -2.8601576e-01   2.4222752e-02
  -1.0908012e-01   2.7910581e-02
  -9.9707238e-02   2.5241362e-02
  -1.0081900e-01   2.5189625e-02
  -1.0089909e-01   2.7315729e-02
  -9.3164486e-02   2.3146291e-02
  -8.7919562e-02   2.2626392e-02
  -8.2835177e-02   2.2677145e-02
  -8.1328186e-02   2.6844488e-02
  -7.3450173e-02   2.7906959e-02
  -7.0823211e-02   2.8436592e-02
  -6.4293790e-02   2.3703187e-02
  -6.1774630e-02   2.6919614e-02
  -5.7785324e-02   2.4786965e-02
  -4.5965599e-02   2.4795695e-02
  -3.5320384e-02   2.4177836e-02
  -2.2296196e-02   2.8473539e-02
  -1.3116782e-02   2.7421528e-02
   0.0000000e+00   2.7450199e-02
   1.3119373e-03   2.5313420e-02
   2.6262274e-03   2.6394370e-02
   9.2013892e-03   2.5891692e-02
   1.4440500e-02   2.9032122e-02
   1.4455635e-02   2.8532681e-02
   1.9691591e-02   2.9030625e-02
   1.3140054e-02   2.9589756e-02
   1.9734933e-02   2.6973026e-02
   3.5522879e-02   2.6966260e-02
   5.1068890e-02   2.4192390e-02
   4.9970372e-02   3.1713729e-02
   5.1234433e-02   3.1680945e-02
   5.6555273e-02   3.0121977e-02
   7.6232522e-02   2.6904208e-02
   8.1454411e-02   3.1117077e-02
   9.4880545e-02   3.0660630e-02
   1.0670170e-01   3.3809270e-02
   1.1595835e-01   3.1149621e-02
   1.1020753e-01   3.4193283e-02
   1.1025443e-01   3.0510930e-02
   1.1560590e-01   3.1583557e-02
   1.2090167e-01   2.8415113e-02
   1.1953985e-01   3.2101449e-02
   1.1835088e-01   3.1609276e-02
   1.4216243e-01   3.1584928e-02
   1.5138562e-01   3.1034626e-02
   1.5005132e-01   3.2090267e-02
   1.6303137e-01   3.3071079e-02
   1.7373301e-01   3.2545423e-02
   1.8411224e-01   3.0907359e-02
   1.8781346e-01   3.3479985e-02
   3.4070641e-01   3.5881319e-02
   3.4267918e-01   3.6453305e-02
   3.4407900e-01   4.1616405e-02
   3.4589461e-01   3.7382602e-02
   3.3870105e-01   3.6993664e-02
   3.3428365e-01   3.2331997e-02
   3.2273970e-01   3.2945628e-02
   3.1437503e-01   3.6564633e-02
   3.1256194e-01   3.9268642e-02
   3.1606327e-01   3.6444824e-02
   3.1575579e-01   3.5011733e-02
   3.1495603e-01   3.7665817e-02
   3.0726317e-01   3.9820926e-02
   3.0456129e-01   3.4114866e-02
   3.0200153e-01   3.2061329e-02
   2.8419926e-01   3.4676395e-02
   2.7270466e-01   4.0001154e-02
   2.7357893e-01   3.7324600e-02
   2.6075782e-01   3.5353660e-02
   2.5523593e-01   3.5346297e-02
   2.5666672e-01   3.1701777e-02
   2.4968420e-01   3.4471337e-02
   2.5048834e-01   3.4919595e-02
   2.4191751e-01   3.2775327e-02
   2.3438645e-01   3.6525869e-02
   2.3819497e-01   3.3345375e-02
   2.1573688e-01   3.6575305e-02
   2.0908656e-01   3.1344352e-02
   2.1088128e-01   2.8783894e-02
   2.1041399e-01   3.0817171e-02
   2.1299259e-01   3.2896185e-02
   2.1307589e-01   3.7632239e-02
   2.1252933e-01   3.4395762e-02
   2.0976322e-01   3.1769066e-02
   2.0662414e-01   3.2953778e-02
   2.0510398e-01   3.2926688e-02
   2.1075525e-01   3.4017330e-02
   2.0451914e-01   3.1788471e-02
   1.9190679e-01   3.5068804e-02
   1.8762715e-01   3.3447302e-02
   1.8805751e-01   3.0894549e-02
   1.9328304e-01   3.2447094e-02
   1.9380304e-01   3.3358628e-02
   1.9075614e-01   3.6156104e-02
   1.8037308e-01   3.7806851e-02
   1.7989818e-01   3.5078077e-02
   1.7623195e-01   3.0407934e-02
   1.6985369e-01   2.8882034e-02
   1.6586598e-01   3.0994186e-02
   1.5218150e-01   3.4610396e-02
  -1.9678117e-02   2.5837918e-02
  -2.6167771e-02   2.2078988e-02
  -3.6672695e-02   2.1570610e-02
  -4.7272093e-02   2.6377471e-02
  -4.9882626e-02   2.9540602e-02
  -5.1088124e-02   3.0533724e-02
  -4.7182903e-02   2.5272094e-02
  -4.8408355e-02   2.2593911e-02
  -6.0474818e-02   2.4281556e-02
  -6.9391582e-02   2.5753828e-02
  -7.5985742e-02   2.9454070e-02
  -6.9388203e-02   2.6279417e-02
  -7.0767517e-02   2.6304080e-02
  -7.8704696e-02   2.6847719e-02
  -8.5014524e-02   2.6235193e-02
  -9.7298462e-02   2.2660245e-02
  -9.0461682e-02   2.1549768e-02
  -9.1540218e-02   2.7800111e-02
  -9.1616142e-02   2.9402731e-02
  -8.9043194e-02   2.4155515e-02
  -9.5884062e-02   2.3165938e-02
  -1.0637753e-01   2.4730405e-02
  -1.1248622e-01   2.5670629e-02
  -1.1018657e-01   2.6802066e-02
  -1.0583644e-01   2.6179407e-02
  -1.1403592e-01   2.4144473e-02
  -1.1941815e-01   2.2059010e-02
  -1.2547580e-01   2.2485177e-02
  -1.3359339e-01   2.1469093e-02
  -1.4405322e-01   2.3020955e-02
  -1.4431988e-01   2.4638923e-02
  -1.5434891e-01   2.5066923e-02
  -1.6399217e-01   2.5119877e-02
  -1.5535436e-01   1.8385921e-02
  -1.6144287e-01   1.9367922e-02
  -1.5488015e-01   1.9379315e-02
  -1.5776752e-01   2.3610286e-02
  -1.6430246e-01   2.6217918e-02
  -1.7071314e-01   2.5652389e-02
  -1.7208765e-01   2.1461511e-02
  -1.8304774e-01   1.7689797e-02
  -1.7340129e-01   2.1458759e-02
  -1.7456183e-01   1.9866590e-02
  -1.7694417e-01   2.4541443e-02
  -1.7085727e-01   2.7249637e-02
  -1.8011791e-01   2.3559902e-02
  -1.8001018e-01   1.8306451e-02
  -1.8212377e-01   1.5641169e-02
  -1.8788722e-01   1.8814107e-02
  -2.7330946e-01   1.7575010e-02
  -2.7062196e-01   2.0684630e-02
  -2.5205922e-01   1.6057844e-02
  -2.4540781e-01   2.1257042e-02
  -2.3531507e-01   2.4449197e-02
  -2.3546669e-01   2.8117734e-02
  -2.3011690e-01   2.1342584e-02
  -2.2075728e-01   1.7181443e-02
  -2.1637745e-01   1.7676345e-02
  -2.1765790e-01   1.9752770e-02
  -2.1018338e-01   2.1373720e-02
  -2.0626666e-01   1.9818909e-02
  -1.9758452e-01   2.4610335e-02
  -1.8908837e-01   2.6127059e-02
  -1.8378818e-01   2.8755646e-02
  -1.7045498e-01   1.9854789e-02
  -1.6668686e-01   1.9881685e-02
  -1.5737567e-01   1.6740172e-02
  -1.6312526e-01   2.7821701e-02
  -1.5396246e-01   2.4692515e-02
  -1.4533648e-01   2.5111065e-02
  -1.4170876e-01   2.3595491e-02
  -1.3226125e-01   2.3565974e-02
  -1.2036672e-01   2.2515542e-02
  -1.2715478e-01   2.3073902e-02
  -1.2318790e-01   2.6227701e-02
  -1.2171859e-01   2.9348789e-02
  -1.0330968e-01   2.7781871e-02
  -9.5892228e-02   2.2112940e-02
  -9.4293417e-02   2.2573951e-02
  -9.0433897e-02   2.5228997e-02
  -8.6517684e-02   2.3131187e-02
  -7.3329689e-02   2.4173177e-02
  -5.7596548e-02   2.7868147e-02
  -5.0984168e-02   3.0998632e-02
  -4.3152409e-02   2.8377654e-02
  -4.8543959e-02   2.4769289e-02
  -4.9710170e-02   2.4169340e-02
  -5.1160604e-02   2.6348328e-02
  -4.4545801e-02   2.8959608e-02
  -4.4379102e-02   2.6747225e-02
  -4.5779276e-02   2.5748372e-02
  -5.0976669e-02   2.2044986e-02
  -4.7045124e-02   2.4672111e-02
  -4.0467256e-02   2.5700768e-02
  -3.1312956e-02   3.0951659e-02
  -3.0013308e-02   2.9378522e-02
  -3.5227075e-02   3.0949339e-02
  -1.8315092e-02   2.3658433e-02
   6.0061433e-02   3.3057834e-02
   6.2639866e-02   2.8828848e-02
   6.9236893e-02   2.8325668e-02
   6.6561884e-02   2.7776492e-02
   6.7777859e-02   3.0888941e-02
   6.9221707e-02   3.0423865e-02
   7.4432981e-02   3.1990620e-02
   6.9282134e-02   3.1504101e-02
   7.0686672e-02   2.7854716e-02
   7.9804959e-02   2.3092675e-02
   9.2770210e-02   2.6198846e-02
   9.0097660e-02   3.2491015e-02
   9.7907715e-02   3.4572611e-02
   9.4020608e-02   3.1960359e-02
   9.5269871e-02   2.8262907e-02
   1.0737070e-01   2.4655235e-02
   1.2018479e-01   2.8247540e-02
   1.2403992e-01   3.2946462e-02
   1.1880231e-01   3.4004700e-02
   1.1522693e-01   3.4114262e-02
   1.1603021e-01   2.8721763e-02
   1.1935023e-01   2.8361584e-02
   1.3342647e-01   2.4586744e-02
   1.4002612e-01   3.0355435e-02
   1.4243311e-01   3.4501253e-02
   1.4373047e-01   3.5020269e-02
   1.4995754e-01   3.5454088e-02
   1.5456542e-01   3.0871851e-02
   1.5675441e-01   2.8687819e-02
   1.6446373e-01   2.6556522e-02
   1.6733265e-01   3.0774697e-02
   1.6580102e-01   3.3875433e-02
   1.6996115e-01   3.8104840e-02
   1.7898591e-01   3.5949249e-02
   1.7697698e-01   3.2405461e-02
   1.7519631e-01   2.9708878e-02
   1.8326174e-01   2.7629002e-02
   1.8676800e-01   3.0164376e-02
   1.9320456e-01   3.4300959e-02
   1.9334388e-01   3.6415135e-02
   1.8306094e-01   3.7012436e-02
   1.8714829e-01   2.9702014e-02
   1.8810529e-01   2.8600198e-02
   1.8922460e-01   2.8568479e-02
   2.0169714e-01   3.1767118e-02
   1.9942314e-01   3.3926153e-02
   1.9862231e-01   3.4314441e-02
   2.2128807e-01   3.3771313e-02
   2.4239330e-01   3.1965994e-02
   1.6961383e-01   3.8551511e-02
   1.6739300e-01   3.6025920e-02
   1.5561020e-01   2.8197044e-02
   1.5171071e-01   2.6639658e-02
   1.4043502e-01   3.0970037e-02
   1.4401495e-01   3.5089070e-02
   1.4650742e-01   3.4000874e-02
   1.4276817e-01   3.1426408e-02
   1.2966245e-01   3.1982683e-02
   1.2316265e-01   2.8325917e-02
   1.1399097e-01   2.8343511e-02
   1.1660519e-01   2.8863409e-02
   1.1295075e-01   3.3694912e-02
   1.1779016e-01   3.7781512e-02
   1.1152663e-01   3.3664430e-02
   9.9468954e-02   2.9390100e-02
   9.4440832e-02   2.7352781e-02
   8.6772134e-02   2.3727350e-02
   7.4601715e-02   2.9426581e-02
   6.6911713e-02   3.4268566e-02
   5.9002890e-02   3.1083284e-02
   4.4457680e-02   2.8902214e-02
   4.5863225e-02   2.7379061e-02
   4.3330587e-02   2.6907780e-02
   2.8882557e-02   2.8499135e-02
   2.8823754e-02   2.8969217e-02
   1.9692653e-02   2.8502795e-02
   7.8592587e-03   3.1082946e-02
   0.0000000e+00   2.6868787e-02
  -1.0508295e-02   2.2698483e-02
  -2.0925615e-02   2.6812099e-02
  -2.3583071e-02   2.8971506e-02
  -3.2687690e-02   2.9435393e-02
  -4.3199641e-02   2.7353737e-02
  -4.3350323e-02   2.1631745e-02
  -5.3643930e-02   2.2065088e-02
  -5.3855012e-02   2.2680300e-02
  -5.6290442e-02   2.7343504e-02
  -6.2800645e-02   3.2594571e-02
  -6.6679192e-02   2.9931952e-02
  -7.2293081e-02   2.6381104e-02
  -7.7348127e-02   2.2089280e-02
  -7.4952360e-02   2.1630105e-02
  -8.7907965e-02   2.4204977e-02
  -9.5567683e-02   2.6771852e-02
  -1.1554234e-01   2.7345361e-02
  -1.1973715e-01   2.5811934e-02
  -1.2070390e-01   2.4682864e-02
  -1.3096308e-01   2.2520807e-02
  -2.1888649e-01   2.4427145e-02
  -2.1477025e-01   2.2856759e-02
  -2.1113892e-01   1.7167226e-02
  -2.1662054e-01   1.7071118e-02
  -2.2053786e-01   1.7164812e-02
  -2.3487948e-01   2.2844462e-02
  -2.4664422e-01   2.4881829e-02
  -2.4601624e-01   2.7038157e-02
  -2.4084574e-01   1.5517402e-02
  -2.4730715e-01   1.5581101e-02
  -2.4158447e-01   1.4006000e-02
  -2.4756957e-01   1.9656780e-02
  -2.6053955e-01   2.4907587e-02
  -2.5744137e-01   2.4230302e-02
  -2.5438069e-01   1.9140390e-02
  -2.5707738e-01   1.4479241e-02
  -2.6152439e-01   1.5016634e-02
  -2.6179644e-01   1.4956458e-02
  -2.5703868e-01   1.7064820e-02
  -2.5593652e-01   1.9672904e-02
  -2.5502219e-01   2.4902372e-02
  -2.4905513e-01   2.3295904e-02
  -2.3839129e-01   2.0199065e-02
  -2.3582177e-01   1.7097428e-02
  -2.3451165e-01   1.7100361e-02
  -2.3053224e-01   2.0219813e-02
  -2.2854557e-01   2.2885942e-02
  -2.2560865e-01   2.7029885e-02
  -2.2151805e-01   2.3899698e-02
  -2.1745009e-01   1.9214366e-02
  -2.1926992e-01   1.3525974e-02
  -2.1923901e-01   1.6127122e-02
  -2.1221796e-01   1.8706844e-02
  -2.0726604e-01   2.6048217e-02
  -1.9898017e-01   2.7061870e-02
  -1.9229109e-01   2.4453637e-02
  -1.9140384e-01   2.1897827e-02
  -1.9239059e-01   1.7689865e-02
  -1.8731866e-01   1.8890497e-02
  -1.7451939e-01   2.3003420e-02
  -1.7360918e-01   2.6013054e-02
  -1.6890455e-01   2.5058385e-02
  -1.6077911e-01   2.1377919e-02
  -1.6504013e-01   2.0367498e-02
  -3.2802954e-02   2.3724004e-02
  -1.9643621e-02   2.3155326e-02
  -1.1816217e-02   2.7976964e-02
   0.0000000e+00   2.8976143e-02
   2.6201980e-03   2.9502924e-02
   1.3111753e-02   3.1112888e-02
   7.8540747e-03   2.7894242e-02
   1.0483555e-02   2.6867938e-02
   2.2281859e-02   2.4757897e-02
   3.1417921e-02   2.7360651e-02
   3.4023083e-02   3.1042286e-02
   4.0523512e-02   3.1532711e-02
   4.7166143e-02   2.8957608e-02
   5.8969996e-02   2.6841946e-02
   6.0155001e-02   2.7838092e-02
   6.0148625e-02   2.8888586e-02
   6.2822497e-02   2.9440258e-02
   6.9358734e-02   3.0484123e-02
   7.0576575e-02   3.3077569e-02
   7.0659195e-02   3.1533641e-02
   7.6005772e-02   2.6824242e-02
   7.8552683e-02   2.6269201e-02
   8.4894547e-02   3.0402788e-02
   8.9038988e-02   3.4166568e-02
   8.9232411e-02   3.2654273e-02
   9.0376180e-02   3.1536246e-02
   9.8073656e-02   2.8314590e-02
   1.0625134e-01   2.6808591e-02
   1.2032228e-01   2.6704480e-02
   1.2441603e-01   3.2519339e-02
   1.2544567e-01   3.4546063e-02
   1.2816027e-01   3.6145029e-02
   1.3382343e-01   3.4137033e-02
   1.5067771e-01   2.8265223e-02
   1.4659383e-01   2.8769970e-02
   1.4552323e-01   3.1974720e-02
   1.4518998e-01   3.4527714e-02
   1.4519932e-01   3.4004567e-02
   1.5058064e-01   3.4022953e-02
   1.6229145e-01   2.9252739e-02
   1.6849251e-01   2.9698799e-02
   1.7558155e-01   2.7678007e-02
   1.7679085e-01   3.2895977e-02
   1.7324796e-01   3.8768400e-02
   1.7688489e-01   3.6586810e-02
   1.7470144e-01   3.2477428e-02
   1.7664799e-01   3.1298940e-02
   1.7911861e-01   2.9697206e-02
   1.8209363e-01   2.9747208e-02
   2.8487042e-01   3.6669064e-02
   2.8730283e-01   3.7319959e-02
   2.8549586e-01   3.5186689e-02
   2.8551933e-01   3.1408191e-02
   2.8533999e-01   3.1534441e-02
   2.8683074e-01   3.4662053e-02
   2.8029520e-01   3.8684945e-02
   2.6637473e-01   3.9879348e-02
   2.5885355e-01   3.7368455e-02
   2.6610454e-01   3.2566173e-02
   2.6040244e-01   3.0096667e-02
   2.6008185e-01   3.2141427e-02
   2.4816412e-01   3.5310771e-02
   2.4965570e-01   3.7417088e-02
   2.4634545e-01   3.5767629e-02
   2.4532707e-01   3.4251593e-02
   2.3005538e-01   3.3868573e-02
   2.2458812e-01   3.3337515e-02
   2.3338921e-01   3.0637595e-02
   2.3547327e-01   3.3158648e-02
   2.4107080e-01   3.6830594e-02
   2.4016699e-01   3.8987492e-02
   2.2966789e-01   3.9041312e-02
   2.2597030e-01   3.0727932e-02
   2.2944221e-01   3.1172726e-02
   2.2324601e-01   3.4384976e-02
   2.1506522e-01   3.7510828e-02
   2.0088115e-01   3.6043676e-02
   1.9139733e-01   3.2356864e-02
   1.8615356e-01   3.2374950e-02
   1.8729020e-01   3.1817337e-02
   1.8696322e-01   2.9673129e-02
   1.8131226e-01   3.0362023e-02
   1.8484262e-01   3.2379398e-02
   1.6534854e-01   3.9846341e-02
   1.5785625e-01   3.6799453e-02
   1.5551035e-01   3.3940887e-02
   1.5027604e-01   2.5050900e-02
   1.4634174e-01   2.6103307e-02
   1.4409471e-01   3.0375613e-02
   1.3222313e-01   3.5645851e-02
   1.2934886e-01   3.5582764e-02
   1.3107777e-01   3.3585393e-02
   1.3769685e-01   2.9372465e-02
   1.3374760e-01   3.0430737e-02
   1.2302739e-01   2.9346107e-02
   1.1125424e-01   2.8844793e-02
   9.7111762e-02   3.2114084e-02
   1.0205105e-01   3.2534127e-02
   1.1282421e-01   3.4713520e-02
