  -1.1657596e-01   2.0446614e-02
  -2.3844965e-01   1.6573591e-02
  -2.5239109e-01   2.2428615e-02
  -2.5271397e-01   2.4294659e-02
  -2.7335439e-01   2.5742172e-02
  -2.7505210e-01   2.3300917e-02
  -2.7710689e-01   2.4280356e-02
  -2.8391970e-01   1.7634272e-02
  -2.9033880e-01   2.0106309e-02
  -3.0532099e-01   2.3188938e-02
  -3.1729152e-01   1.7999659e-02
  -3.3878684e-01   1.3333784e-02
  -3.5360092e-01   1.5358026e-02
  -3.5876418e-01   1.5281787e-02
  -3.6381374e-01   1.4291864e-02
  -3.7375523e-01   1.6727378e-02
  -3.7320860e-01   1.5746681e-02
  -3.6759745e-01   1.5240453e-02
  -3.6337120e-01   1.7848259e-02
  -3.6013616e-01   1.2222342e-02
  -3.6474673e-01   1.5294593e-02
  -3.6214400e-01   1.3772170e-02
  -3.5581392e-01   1.8403234e-02
  -3.5666228e-01   2.2466271e-02
  -3.4623110e-01   1.8929656e-02
  -3.3635724e-01   1.9515495e-02
  -3.2818400e-01   1.6441999e-02
  -3.1967505e-01   1.1859206e-02
  -3.1106912e-01   1.5460249e-02
  -3.0044293e-01   1.9617436e-02
  -2.9500198e-01   2.6351276e-02
  -2.8593691e-01   2.0180601e-02
  -2.8773297e-01   1.9083163e-02
  -2.7068149e-01   1.7581935e-02
  -2.7375817e-01   2.4463246e-02
  -2.8538117e-01   3.2278095e-02
  -2.4679065e-01   1.0419388e-02
  -2.3725872e-01   1.0360291e-03
  -2.5941917e-01   2.6627867e-02
  -2.5177610e-01   1.8112436e-02
  -2.2678558e-01   4.1344381e-02
  -2.2673548e-01   3.4301471e-02
  -2.1749474e-01   2.7715259e-02
  -2.0114540e-01   5.2186364e-03
  -2.0960497e-01   1.3072873e-02
  -1.8770710e-01   1.8273654e-02
  -1.8411224e-01   3.0907359e-02
  -1.0497282e-02   3.3255916e-02
  -1.3100990e-03   2.9502968e-02
   1.0481928e-02   2.8448405e-02
   1.8348029e-02   2.5812610e-02
   2.4800086e-02   2.6757642e-02
   3.0255496e-02   2.8555352e-02
   3.2875245e-02   3.1726653e-02
   3.6776975e-02   3.3277165e-02
   4.2040987e-02   3.1160616e-02
   4.7215474e-02   2.8459359e-02
   5.6362580e-02   2.4212484e-02
   6.2839025e-02   2.6811663e-02
   6.4243820e-02   3.1604249e-02
   7.2083534e-02   3.4753965e-02
   7.5884113e-02   3.2577587e-02
   8.5320777e-02   3.0026780e-02
   9.1835614e-02   2.5252253e-02
   9.2930014e-02   2.8875685e-02
   9.8343826e-02   3.0502247e-02
   9.5851752e-02   3.5837410e-02
   1.0351750e-01   3.6276156e-02
   1.0901746e-01   3.3176729e-02
   1.1281006e-01   2.6797587e-02
   1.1973715e-01   2.5811934e-02
   1.1795726e-01   2.5187674e-02
   1.2205316e-01   3.1538293e-02
   1.2577607e-01   3.7273122e-02
   1.2479126e-01   4.0020133e-02
   1.2990387e-01   3.3096462e-02
   1.3132411e-01   2.5213887e-02
   1.3776621e-01   2.4127382e-02
   1.4706873e-01   2.6231710e-02
   1.4297921e-01   3.5686719e-02
   1.3924077e-01   3.9976531e-02
   1.4954786e-01   3.5142710e-02
   1.5708149e-01   2.7698762e-02
   1.5641594e-01   2.6236724e-02
   1.5782867e-01   2.9935787e-02
   1.6650910e-01   3.2171384e-02
   1.6969547e-01   3.6758952e-02
   1.7871359e-01   3.7213675e-02
   1.9363138e-01   3.4083711e-02
   1.9752552e-01   2.7752080e-02
   1.9316942e-01   2.8755618e-02
   1.9748229e-01   2.9846577e-02
   1.9342617e-01   3.4574232e-02
   3.2394468e-01   3.5137305e-02
   3.2944619e-01   3.7721199e-02
   3.4370614e-01   3.6556109e-02
   3.4468376e-01   3.6512820e-02
   3.5600933e-01   3.5480015e-02
   3.6228916e-01   3.4888625e-02
   3.6399619e-01   3.8900538e-02
   3.6776075e-01   3.8476189e-02
   3.7675480e-01   3.6323325e-02
   3.7624045e-01   3.8845254e-02
   3.7834379e-01   3.8395118e-02
   3.8280739e-01   3.6351855e-02
   3.8339165e-01   3.5763858e-02
   3.8058039e-01   3.8850205e-02
   3.8369236e-01   3.7331146e-02
   3.8108236e-01   3.9788184e-02
   3.7739806e-01   3.8441052e-02
   3.6567931e-01   3.8926724e-02
   3.6223900e-01   3.5914761e-02
   3.5956950e-01   3.6446482e-02
   3.5593366e-01   3.7022624e-02
   3.5211065e-01   3.3963070e-02
   3.4333857e-01   3.7036170e-02
   3.3481066e-01   3.6136543e-02
   3.2637552e-01   3.9769237e-02
   3.2260029e-01   3.5662319e-02
   3.1806275e-01   3.4070773e-02
   3.1280419e-01   3.3585023e-02
   3.0516958e-01   3.4179818e-02
   2.9643316e-01   3.6376028e-02
   2.8810001e-01   3.8986705e-02
   2.8133307e-01   3.5870564e-02
   2.7560866e-01   3.2715144e-02
   2.6754082e-01   2.9086733e-02
   2.5873966e-01   3.2308672e-02
   2.5520636e-01   3.5001533e-02
   2.4877449e-01   3.7161576e-02
   2.4847178e-01   3.8694235e-02
   2.4322075e-01   3.7675739e-02
   2.2937914e-01   3.5541006e-02
   2.2027684e-01   3.0872904e-02
   2.1018025e-01   2.9397812e-02
   2.0091564e-01   2.9954779e-02
   1.9648656e-01   3.3057753e-02
   1.9859729e-01   3.3182839e-02
   1.9776707e-01   3.4626858e-02
   1.8608651e-01   3.4705438e-02
   1.7241685e-01   3.2549622e-02
   1.4438901e-02   3.0087836e-02
   1.4415605e-02   2.6340374e-02
   1.5740939e-02   2.6893605e-02
   0.0000000e+00   2.9004975e-02
  -9.1701827e-03   3.0029094e-02
  -1.4429914e-02   2.6366580e-02
  -3.0168599e-02   2.7415707e-02
  -3.5348707e-02   2.6306335e-02
  -3.9317206e-02   2.5803638e-02
  -4.9705581e-02   2.5220181e-02
  -5.3781542e-02   2.6873169e-02
  -6.8207268e-02   2.7386251e-02
  -7.7295841e-02   2.9452373e-02
  -7.7488433e-02   2.4241049e-02
  -7.9880559e-02   2.3640876e-02
  -8.6424276e-02   2.4158693e-02
  -9.5671867e-02   2.5747410e-02
  -1.0492882e-01   2.7862114e-02
  -1.0767532e-01   2.6306828e-02
  -1.1378867e-01   2.6192306e-02
  -1.1917640e-01   2.2539733e-02
  -1.2181995e-01   1.9915250e-02
  -1.2808988e-01   2.2480932e-02
  -1.3238045e-01   2.4637573e-02
  -1.4252609e-01   2.8751044e-02
  -1.5480861e-01   2.5140733e-02
  -1.5976812e-01   2.2989790e-02
  -1.5995313e-01   2.0920283e-02
  -1.6488288e-01   1.9825869e-02
  -1.7302777e-01   2.3506266e-02
  -1.7971802e-01   2.6126526e-02
  -1.7973542e-01   2.5081465e-02
  -1.8612759e-01   2.3996714e-02
  -1.9233312e-01   2.1852187e-02
  -1.9628914e-01   1.9762543e-02
  -2.0264608e-01   1.8690565e-02
  -2.1289451e-01   1.8649779e-02
  -2.2243512e-01   2.1257347e-02
  -2.1496426e-01   2.3918841e-02
  -2.1128516e-01   2.4328620e-02
  -2.1346068e-01   2.2860350e-02
  -2.1719250e-01   2.1789836e-02
  -2.1599396e-01   1.4009974e-02
  -2.2357974e-01   1.7608188e-02
  -2.1759155e-01   2.4286171e-02
  -2.2101563e-01   2.6964912e-02
  -2.0223109e-01   1.9690798e-02
  -1.6779187e-01   2.2995523e-02
  -1.6176614e-01   2.1333706e-02
  -1.5342606e-01   1.8315908e-02
  -1.6008545e-01   2.3034877e-02
  -1.5348181e-01   2.6191270e-02
  -1.4491908e-01   2.3994145e-02
  -1.3615122e-01   2.6700089e-02
  -1.2954090e-01   2.0931037e-02
  -1.2203760e-01   2.2580144e-02
  -1.2343269e-01   2.6279494e-02
  -1.1805704e-01   2.6788321e-02
  -1.1250699e-01   2.3575068e-02
  -1.0626183e-01   2.5757273e-02
  -9.9509659e-02   2.5191515e-02
  -9.6816710e-02   2.2548447e-02
  -9.5473116e-02   2.6745431e-02
  -9.4067432e-02   2.7244896e-02
  -8.1255559e-02   2.5766222e-02
  -7.7243472e-02   2.6270737e-02
  -7.0790233e-02   2.2621509e-02
  -6.2981672e-02   2.3704322e-02
  -5.8972931e-02   2.6315634e-02
  -5.7641148e-02   3.0001139e-02
  -4.8524405e-02   2.8985338e-02
  -4.5860852e-02   2.7905581e-02
  -4.7045124e-02   2.4672111e-02
  -4.4519560e-02   2.4722754e-02
  -4.0554846e-02   2.3649533e-02
  -3.9280128e-02   2.5251954e-02
  -2.8826821e-02   2.7915791e-02
  -2.6199038e-02   3.0550623e-02
  -6.5454002e-03   2.7368084e-02
  -5.2259684e-03   2.7313958e-02
  -6.5460569e-03   2.6315465e-02
  -7.8618603e-03   2.7921969e-02
  -7.8618603e-03   2.7921969e-02
  -1.3102410e-03   2.8449290e-02
   5.2297405e-03   2.9970002e-02
   6.5307174e-03   2.9940168e-02
   1.4412651e-02   2.8447604e-02
   1.8384492e-02   2.5864019e-02
   2.6201980e-02   2.9497153e-02
   3.5333695e-02   3.0515349e-02
   3.9259661e-02   3.0512778e-02
   5.2513740e-02   2.8483380e-02
   4.9893285e-02   2.7430559e-02
   2.1036305e-01   3.2906471e-02
   2.1871346e-01   3.1893557e-02
   2.2812094e-01   3.3456004e-02
   2.3816419e-01   3.4387418e-02
   2.4400475e-01   3.1299667e-02
   2.3892323e-01   3.2919886e-02
   2.3437001e-01   3.7047668e-02
   2.4820915e-01   3.1312987e-02
   2.5658573e-01   3.4300283e-02
   2.6764477e-01   3.4313747e-02
   2.7778084e-01   3.7856472e-02
   2.8100884e-01   3.4624464e-02
   2.9036675e-01   3.3709706e-02
   2.9747978e-01   3.5814390e-02
   2.9759179e-01   3.6187356e-02
   2.9896971e-01   3.4629008e-02
   3.0058600e-01   3.4654459e-02
   3.0112431e-01   3.6275175e-02
   3.1272041e-01   3.5651794e-02
   3.1164577e-01   3.7245579e-02
   3.1106912e-01   3.6142321e-02
   3.0763923e-01   3.8305859e-02
   3.1648841e-01   3.2498740e-02
   3.1747048e-01   3.2975879e-02
   3.1374848e-01   3.5093900e-02
   3.2519818e-01   3.7046641e-02
   3.2485110e-01   3.7160361e-02
   3.2958992e-01   3.4482213e-02
   3.2443138e-01   3.9187775e-02
   3.2522131e-01   3.6532104e-02
   3.3117034e-01   3.6051630e-02
   3.3685307e-01   3.4506088e-02
   3.2711802e-01   3.8138689e-02
   3.3175721e-01   3.7517092e-02
   3.3084046e-01   3.6017686e-02
   3.3740719e-01   3.6488660e-02
   3.3423335e-01   3.4007388e-02
   3.3244259e-01   3.7072873e-02
   3.2994062e-01   3.3999580e-02
   3.2487435e-01   3.6644245e-02
   3.3053410e-01   3.5469750e-02
   3.2751561e-01   3.6627091e-02
   3.2882083e-01   3.6985827e-02
   3.2487435e-01   3.6644245e-02
   3.1374848e-01   3.5093900e-02
   3.1636340e-01   3.5593858e-02
   3.1245124e-01   3.4585603e-02
   2.9664365e-01   4.1444745e-02
   1.2766744e-01   3.2674123e-02
   1.2378913e-01   2.7411869e-02
   1.2316265e-01   2.8325917e-02
   1.1286636e-01   3.1557746e-02
   1.1414351e-01   3.4184646e-02
   1.1800578e-01   3.0990411e-02
   1.1768839e-01   2.8280356e-02
   1.1168420e-01   3.0012063e-02
   1.0218204e-01   2.9939962e-02
   9.8435759e-02   3.1058880e-02
   9.6952627e-02   2.8898067e-02
   9.3109297e-02   2.9458916e-02
   8.4249388e-02   3.1175107e-02
   8.2435728e-02   3.1517328e-02
   7.6065283e-02   2.8956793e-02
   7.3453980e-02   2.7380412e-02
   7.2070781e-02   2.7354775e-02
   7.0641982e-02   3.3635884e-02
   6.8097215e-02   3.3146603e-02
   6.9561270e-02   3.1102113e-02
   6.8004809e-02   2.7304961e-02
   5.7707802e-02   2.8450358e-02
   5.0945183e-02   2.8868434e-02
   4.8476313e-02   2.8956565e-02
   4.3161220e-02   2.6275605e-02
   3.1404087e-02   3.1569982e-02
   3.4132091e-02   2.9024134e-02
   4.5813025e-02   2.8403901e-02
   3.1411249e-02   2.9465317e-02
   2.3554442e-02   3.1047672e-02
   2.2270444e-02   3.0025534e-02
   1.3075076e-02   2.9442996e-02
   1.3065580e-02   2.6787584e-02
   6.5337408e-03   2.5212773e-02
  -3.9381020e-03   2.9561621e-02
  -2.6107907e-03   2.5712821e-02
  -6.5454002e-03   2.7368084e-02
  -9.1419661e-03   3.0990335e-02
  -1.6977937e-02   3.0988508e-02
  -2.7434923e-02   2.7833417e-02
  -3.0030922e-02   2.3083125e-02
  -4.1894764e-02   2.6302513e-02
  -3.9154050e-02   2.7799621e-02
  -4.0615290e-02   2.8962395e-02
  -4.4457680e-02   2.8902214e-02
  -5.3675000e-02   2.6819885e-02
  -6.1480823e-02   2.4685482e-02
  -6.6782395e-02   2.4179536e-02
  -1.8934900e-01   2.1296503e-02
  -2.0259114e-01   2.2324841e-02
  -2.1005939e-01   1.9672979e-02
  -2.1963434e-01   1.9171162e-02
  -2.2502382e-01   2.2805300e-02
  -2.2696616e-01   2.2732057e-02
  -2.2719046e-01   2.2753916e-02
  -2.3311428e-01   2.2286092e-02
  -2.2881720e-01   1.7079019e-02
  -2.3508983e-01   1.9114658e-02
  -2.2876872e-01   2.0184296e-02
  -2.3188375e-01   1.7624553e-02
  -2.3242312e-01   2.2221893e-02
  -2.2812988e-01   2.0765242e-02
  -2.1810311e-01   1.9673476e-02
  -2.1415155e-01   2.1754677e-02
  -2.1669563e-01   2.5372461e-02
  -2.1978110e-01   2.3338785e-02
  -2.2053537e-01   1.7062952e-02
  -2.0619389e-01   1.6056341e-02
  -1.9092215e-01   1.5075896e-02
  -1.7871083e-01   2.2337878e-02
  -1.7674354e-01   2.6082450e-02
  -1.7601024e-01   2.8059552e-02
  -1.6610530e-01   2.6083473e-02
  -1.5045840e-01   2.2463409e-02
  -1.4235995e-01   1.9303753e-02
  -1.3858860e-01   1.8283921e-02
  -1.3997963e-01   2.3528526e-02
  -1.4774836e-01   2.9261154e-02
  -1.4122606e-01   2.8231278e-02
  -1.3680906e-01   2.4483195e-02
  -1.3436482e-01   2.1904420e-02
  -1.3567483e-01   2.1380744e-02
  -1.4482355e-01   1.9801879e-02
  -1.4886749e-01   2.1379098e-02
  -1.5127643e-01   2.5520005e-02
  -1.4599141e-01   3.0220663e-02
  -1.3601649e-01   2.6673880e-02
  -1.4000885e-01   2.0914245e-02
  -1.3035233e-01   1.8762377e-02
  -1.1990637e-01   2.0862585e-02
  -1.1392291e-01   2.4120674e-02
  -1.0722146e-01   2.8823436e-02
  -1.1448180e-01   3.0231651e-02
  -1.0955019e-01   2.5076797e-02
  -1.1740128e-01   2.2453246e-02
  -1.2157423e-01   2.0399163e-02
  -1.1903179e-01   2.5135873e-02
   6.5150122e-03   2.4090615e-02
   1.6983524e-02   2.7837135e-02
   2.2128316e-02   3.4036700e-02
   2.2221253e-02   3.2068852e-02
   2.6079598e-02   2.6730675e-02
   2.3526713e-02   2.2583126e-02
   2.4855085e-02   2.4182212e-02
   2.7386251e-02   2.5681898e-02
   3.0039609e-02   3.0457896e-02
   2.9997349e-02   3.4100070e-02
   3.1220536e-02   3.0860047e-02
   3.1345679e-02   3.0457193e-02
   3.7858261e-02   2.5177742e-02
   3.9209516e-02   2.3101783e-02
   3.9126882e-02   2.4628131e-02
   3.5084502e-02   3.1872332e-02
   3.6439570e-02   3.5599025e-02
   4.0401304e-02   3.1963217e-02
   4.3067202e-02   2.8321520e-02
   4.5598754e-02   2.5646722e-02
   4.5637003e-02   2.7243818e-02
   4.1675373e-02   2.9313412e-02
   3.7840777e-02   2.9898569e-02
   4.6879592e-02   3.0356293e-02
   4.9570058e-02   3.2511651e-02
   6.7950904e-02   2.5179666e-02
   7.3315837e-02   2.6275192e-02
   6.9052805e-02   2.5103936e-02
   7.0515456e-02   3.1995837e-02
   6.9238011e-02   3.6754785e-02
   6.6581512e-02   3.4099185e-02
   8.0825658e-02   2.9302024e-02
   8.3388378e-02   2.4565549e-02
   8.3868439e-02   2.6814579e-02
   8.0914137e-02   2.8283394e-02
   8.7669742e-02   3.1509282e-02
   8.8676389e-02   3.5079001e-02
   9.1408924e-02   3.1964795e-02
   1.0298753e-01   2.9267854e-02
   1.0854614e-01   2.7249050e-02
   1.0348620e-01   3.0462876e-02
   1.1744338e-01   2.9270160e-02
   1.1632778e-01   3.2472877e-02
   1.2035301e-01   3.3544508e-02
   1.3844341e-01   3.0299069e-02
   1.4145837e-01   3.1429739e-02
   1.4929923e-01   3.2456288e-02
   1.6074775e-01   3.3403030e-02
   1.6449550e-01   3.3879578e-02
   2.7989754e-01   3.4492883e-02
   2.8530299e-01   2.9320798e-02
   2.8550204e-01   3.1923080e-02
   2.7765498e-01   3.9216571e-02
   2.6427670e-01   3.9772730e-02
   2.4997689e-01   3.7266673e-02
   2.3285690e-01   3.3169997e-02
   2.3186149e-01   3.0094403e-02
   2.2663451e-01   2.9595396e-02
   2.1520758e-01   3.2300991e-02
   2.0700645e-01   3.6988469e-02
   2.0393867e-01   3.8488270e-02
   2.0943396e-01   3.6420960e-02
   2.1958502e-01   3.2155659e-02
   2.2080831e-01   2.6420861e-02
   2.1392113e-01   3.1263963e-02
   1.9500815e-01   3.7523067e-02
   1.8126199e-01   4.0347682e-02
   1.8473360e-01   3.7079633e-02
   1.8569587e-01   2.7594598e-02
   1.8717893e-01   2.8138750e-02
   1.8736446e-01   2.8166167e-02
   1.8188200e-01   3.1282337e-02
   1.7565521e-01   3.2932437e-02
   1.7345731e-01   3.7233198e-02
   1.5980619e-01   3.8740475e-02
   1.5057094e-01   3.4546383e-02
   1.4274364e-01   2.3023412e-02
   1.2571367e-01   2.3577314e-02
   1.1659881e-01   2.9388199e-02
   1.1403766e-01   3.3625486e-02
   1.1678227e-01   3.3127070e-02
   1.0594253e-01   3.5149630e-02
   1.0485555e-01   3.4170518e-02
   9.8073656e-02   2.8314590e-02
   9.4267810e-02   2.5723805e-02
   8.2480317e-02   2.6264440e-02
   7.0777494e-02   3.4229232e-02
   5.8817417e-02   3.2566770e-02
   4.5712448e-02   3.0447495e-02
   3.5311975e-02   2.6805862e-02
   2.2276423e-02   2.7391715e-02
   2.4876228e-02   2.5784884e-02
   2.3591451e-02   2.5284223e-02
   2.8766734e-02   2.8911766e-02
   3.4054792e-02   3.1599786e-02
   1.6987435e-02   3.4699495e-02
   2.6174587e-03   2.9999941e-02
  -5.2176129e-03   2.3066090e-02
