   2.8606673e-02   3.4522955e-02
   2.2152984e-02   2.3040228e-02
   2.0818301e-02   2.8772324e-02
   1.6896402e-02   2.9790451e-02
   1.1717863e-02   3.1945377e-02
   5.2005370e-03   3.5577215e-02
  -9.0975557e-03   3.0314860e-02
  -1.4293762e-02   2.1407610e-02
  -1.6879171e-02   1.8777990e-02
  -1.1697078e-02   1.8797291e-02
  -1.5600801e-02   2.7177584e-02
  -2.2126907e-02   3.4560341e-02
  -1.3006264e-02   3.2436722e-02
  -1.1731452e-02   3.0404334e-02
  -9.0924229e-03   2.6107754e-02
  -1.3026947e-03   2.6709473e-02
  -1.3016600e-03   2.4590314e-02
   2.6006381e-03   2.5088709e-02
   2.6058868e-03   2.4614576e-02
   1.3021368e-03   3.0899194e-02
   3.8942195e-03   3.2374243e-02
   1.2987717e-03   3.6065071e-02
   1.2965619e-03   3.3907464e-02
   0.0000000e+00   2.2975369e-02
   0.0000000e+00   2.0825147e-02
   0.0000000e+00   2.2475345e-02
   2.6024255e-03   2.8252660e-02
   6.4986163e-03   2.9792537e-02
   1.5594026e-02   3.1358751e-02
   2.2136325e-02   3.0894851e-02
   2.4691965e-02   3.0832852e-02
   2.4693366e-02   3.0310261e-02
   1.8220662e-02   2.6157423e-02
   2.2083694e-02   2.5060525e-02
   2.3403518e-02   2.6130006e-02
   3.6465951e-02   2.9316844e-02
   3.8939841e-02   3.2882192e-02
   4.4311108e-02   3.1960171e-02
   4.1576636e-02   3.2912609e-02
   3.9111307e-02   2.8820153e-02
   3.2594488e-02   2.8299954e-02
   3.2570539e-02   2.5654229e-02
   2.7305415e-02   2.5605949e-02
   2.2075988e-02   2.8715184e-02
   2.3424242e-02   2.7202024e-02
   1.6928742e-02   3.0372988e-02
   5.1946241e-03   2.8196825e-02
  -1.3034204e-03   3.0929757e-02
   0.0000000e+00   3.0807882e-02
   1.2950989e-03   2.6031422e-02
  -1.2976422e-03   2.6082665e-02
  -5.2051216e-03   2.7729300e-02
  -1.2989176e-02   2.6107107e-02
  -1.5632336e-02   2.6707609e-02
  -2.0804126e-02   2.5608252e-02
  -2.3378207e-02   2.7148441e-02
  -3.1200014e-02   2.7694413e-02
  -3.6465951e-02   2.9316844e-02
  -3.9000017e-02   2.7690053e-02
  -4.2830140e-02   2.3983415e-02
  -5.0814793e-02   2.4596367e-02
  -5.4551870e-02   2.6607772e-02
  -6.2473846e-02   2.5607991e-02
  -7.0425122e-02   2.5127387e-02
  -6.7753057e-02   2.4582194e-02
  -6.6381591e-02   2.5081757e-02
  -5.8469722e-02   2.2431168e-02
  -5.6086902e-02   2.3569196e-02
  -4.6994233e-02   2.5696553e-02
  -4.2944444e-02   2.7191893e-02
  -4.1509529e-02   2.9719515e-02
  -3.8991698e-02   2.9779869e-02
  -4.0377341e-02   2.8267373e-02
  -4.5455315e-02   2.7658438e-02
  -4.1610210e-02   2.5076274e-02
  -3.7719137e-02   2.1943690e-02
  -3.9090073e-02   2.4080331e-02
  -4.1651195e-02   2.5101003e-02
  -4.1638808e-02   2.8238629e-02
  -3.7700017e-02   2.7690847e-02
  -3.3724620e-02   3.0246003e-02
  -3.2592756e-02   2.8824028e-02
  -3.2503293e-02   2.6648707e-02
  -3.7675614e-02   2.4009906e-02
  -3.8978172e-02   2.2965340e-02
  -4.4124013e-02   2.5025361e-02
  -4.9440800e-02   2.9278519e-02
  -5.4695919e-02   2.9826103e-02
  -4.5513266e-02   2.4551454e-02
  -4.6865979e-02   2.3006207e-02
  -4.6950081e-02   2.5147267e-02
  -4.0341751e-02   2.7193588e-02
  -3.7811580e-02   2.7772948e-02
  -4.1663511e-02   3.1930681e-02
  -3.7661025e-02   2.8185542e-02
  -3.2494862e-02   2.9261325e-02
  -3.2510943e-02   2.4036088e-02
  -2.9907339e-02   2.5082306e-02
  -4.0469175e-02   2.5176263e-02
  -4.2991038e-02   2.6171860e-02
  -4.0302070e-02   2.7166794e-02
  -4.0419275e-02   2.7771320e-02
  -4.1586468e-02   3.0822920e-02
  -4.1727357e-02   2.6722523e-02
  -3.6513237e-02   2.6201625e-02
  -3.5188524e-02   2.1464694e-02
  -3.2513783e-02   2.2991041e-02
  -3.5138122e-02   2.6673647e-02
  -3.3888929e-02   3.0919550e-02
  -2.9923052e-02   2.9814626e-02
  -2.8593912e-02   2.9785890e-02
  -3.1238396e-02   2.5106479e-02
  -2.2198637e-02   2.2036483e-02
  -1.8278896e-02   2.3611593e-02
  -1.9580930e-02   2.5710036e-02
  -1.0449726e-02   2.9414338e-02
  -5.2088436e-03   3.0375257e-02
  -2.6031655e-03   3.4565150e-02
   2.6065358e-03   3.1978177e-02
   5.1954162e-03   2.6630335e-02
   3.9207805e-03   2.3637160e-02
   1.1738597e-02   2.4113782e-02
   1.7002905e-02   2.6287496e-02
   2.6078288e-02   2.7254806e-02
   2.4725205e-02   3.6129996e-02
   2.7360159e-02   3.4591945e-02
   3.1321602e-02   2.8328637e-02
   3.6523290e-02   2.3057430e-02
   3.3811380e-02   2.4035493e-02
   4.2872251e-02   2.4007019e-02
   3.5229089e-02   3.0424774e-02
   3.9145631e-02   2.9897705e-02
   4.6736148e-02   3.1310362e-02
   4.6865797e-02   3.2973215e-02
   4.5757648e-02   3.0477665e-02
   4.5584902e-02   2.8787137e-02
   4.1782153e-02   2.3077529e-02
   4.1735341e-02   2.4626638e-02
   4.8247257e-02   2.6718018e-02
   4.5577381e-02   3.0357344e-02
   5.0921650e-02   3.3067478e-02
   5.4680087e-02   3.2442428e-02
   5.8841046e-02   2.8889877e-02
   6.0155001e-02   2.7838092e-02
   6.5253336e-02   2.8301974e-02
   7.0554134e-02   2.6750618e-02
   7.3203764e-02   3.1499047e-02
   7.6897340e-02   3.1400581e-02
   7.5930115e-02   3.5765657e-02
   7.9735084e-02   3.2014844e-02
   8.7694520e-02   2.8883508e-02
   9.4276714e-02   2.4673854e-02
   9.9490083e-02   2.7290808e-02
   1.0603548e-01   2.7280310e-02
   1.1250390e-01   3.3562040e-02
   1.0847206e-01   3.3537293e-02
   1.1502073e-01   3.2475683e-02
   1.1916268e-01   3.3580587e-02
   1.2745139e-01   2.9979770e-02
   1.2847218e-01   3.2542167e-02
   1.2288492e-01   3.0887811e-02
   1.2707960e-01   2.9366785e-02
   1.2552073e-01   2.9311811e-02
   1.3005664e-01   3.1551563e-02
   1.2846426e-01   3.3067041e-02
   1.3231264e-01   2.9879610e-02
   1.3728069e-01   2.9808951e-02
   1.4031964e-01   2.9366368e-02
   1.4799855e-01   3.1936336e-02
   1.4915153e-01   3.2424465e-02
   1.4552323e-01   3.1974720e-02
   1.4431938e-01   3.4108643e-02
   1.4129278e-01   3.2968827e-02
   1.4412651e-01   2.8280743e-02
   1.4514901e-01   2.8222258e-02
   1.4332746e-01   3.2076238e-02
   1.5093483e-01   3.0943096e-02
   1.5302810e-01   3.5027526e-02
   1.5832894e-01   3.1353416e-02
   1.6810201e-01   3.4070640e-02
   1.7210529e-01   3.0913913e-02
   1.7207435e-01   3.2485807e-02
   1.7340885e-01   3.1433838e-02
   1.7567670e-01   3.1886963e-02
   1.8353168e-01   3.2383816e-02
   1.8631507e-01   3.3451937e-02
   1.9060493e-01   3.4550293e-02
   1.8927793e-01   3.5078727e-02
   1.9480346e-01   3.1950369e-02
   1.9311440e-01   3.1369765e-02
   1.9870240e-01   3.4030572e-02
   2.0512921e-01   3.1881397e-02
   1.9603172e-01   3.5611640e-02
   2.0159745e-01   3.1434207e-02
   2.0702305e-01   3.3542261e-02
   2.1586330e-01   3.1872766e-02
   2.1982524e-01   3.1335144e-02
   2.2489726e-01   3.8099426e-02
   2.2428284e-01   3.7170005e-02
   2.2105848e-01   3.4463054e-02
   2.3455212e-01   3.0786090e-02
   2.4138120e-01   3.0788985e-02
   2.4392866e-01   3.3907973e-02
   2.5287306e-01   3.4873037e-02
   2.5305540e-01   3.6990685e-02
   2.6034042e-01   3.2172300e-02
   2.7244494e-01   3.2147010e-02
   2.8210997e-01   3.5275791e-02
   2.9295296e-01   3.8723254e-02
   3.0931334e-01   3.7297723e-02
   3.1544388e-01   3.3569840e-02
   3.1847062e-01   3.2937240e-02
   3.3421937e-01   3.3871616e-02
   3.4436438e-01   3.5964795e-02
   3.5616270e-01   3.7422205e-02
   3.6823397e-01   4.0442310e-02
   3.6853720e-01   3.8788191e-02
   3.6206275e-01   3.6794078e-02
   3.6063997e-01   3.8848109e-02
   3.6012006e-01   3.7393722e-02
   3.6063997e-01   3.8848109e-02
   3.6077182e-01   3.6292312e-02
   3.5157968e-01   3.5844340e-02
   3.4596829e-01   3.5846331e-02
   3.4126185e-01   3.8516393e-02
   3.4162729e-01   3.8038519e-02
   3.3544454e-01   3.5915871e-02
   3.2917137e-01   3.6506462e-02
   3.1836542e-01   3.5510461e-02
   3.0747071e-01   3.7085967e-02
   3.0122126e-01   3.6645687e-02
   2.9960570e-01   3.3659322e-02
   2.8519287e-01   3.5670105e-02
   2.7520657e-01   3.6315332e-02
   2.7160011e-01   3.4293508e-02
   2.7381051e-01   3.0585436e-02
   2.7318321e-01   3.3113996e-02
   2.7683689e-01   3.5304485e-02
   2.6850567e-01   3.9467139e-02
   2.6887136e-01   3.6906047e-02
   2.6103521e-01   3.4867304e-02
   2.6504225e-01   3.3286880e-02
   2.6507558e-01   3.2246665e-02
   2.6741290e-01   3.3241980e-02
   2.6442748e-01   3.5818496e-02
   2.5621981e-01   3.6526560e-02
   2.5330768e-01   3.7026427e-02
   2.4902892e-01   3.9096264e-02
   2.5791835e-01   3.3774234e-02
   2.5343320e-01   3.4766007e-02
   2.4462047e-01   3.0163359e-02
   2.4267115e-01   3.1827018e-02
   2.3528298e-01   3.4886818e-02
   2.3105951e-01   3.8745673e-02
   2.2664300e-01   3.7419786e-02
   2.2632178e-01   3.4440329e-02
   2.2373315e-01   3.2885764e-02
   2.2531480e-01   3.1345022e-02
   2.2074055e-01   2.9705819e-02
   1.9807212e-01   3.5497192e-02
   1.8405745e-01   4.0900613e-02
   1.6565170e-01   4.0975364e-02
   1.5905653e-01   3.4658389e-02
   1.5377155e-01   2.7292507e-02
   1.5001470e-01   2.4700927e-02
   1.4827587e-01   2.3058681e-02
   1.4429914e-01   2.6211620e-02
   1.3541268e-01   3.3674847e-02
   1.2728250e-01   4.0498988e-02
   1.1818678e-01   4.2145701e-02
   1.1686128e-01   2.6817152e-02
   1.1955127e-01   2.0503602e-02
   1.1167303e-01   1.9988255e-02
   1.0749167e-01   2.3104289e-02
   1.0367957e-01   3.1575709e-02
   9.9579639e-02   3.6810320e-02
   9.7995309e-02   4.2513828e-02
   9.4318674e-02   3.8399096e-02
   9.7038081e-02   2.9978545e-02
   9.5516259e-02   2.1501229e-02
   9.4315701e-02   1.9424098e-02
   8.5114817e-02   2.4160247e-02
   8.3817113e-02   3.2598116e-02
   7.7283319e-02   3.8957800e-02
   7.4573129e-02   4.0501640e-02
   7.0529573e-02   3.8327977e-02
   6.5195719e-02   2.7226862e-02
   6.1503931e-02   1.9958475e-02
   4.9607376e-02   2.5170310e-02
   3.5402188e-02   2.0012674e-02
   3.0102920e-02   1.7346675e-02
   2.6118139e-02   2.0985985e-02
   2.4806442e-02   3.3611484e-02
   2.0875549e-02   3.8865282e-02
   2.4808675e-02   4.0478921e-02
   2.0875304e-02   3.0956512e-02
   2.4834787e-02   2.2057537e-02
   2.2180996e-02   1.9393895e-02
   2.3533913e-02   1.8381614e-02
   2.2166544e-02   2.7256285e-02
   1.6956091e-02   3.3581377e-02
   1.6998516e-02   3.7365308e-02
   9.1233955e-03   3.9355490e-02
  -7.8355146e-03   3.1515796e-02
  -1.1729971e-02   2.0947788e-02
  -1.0429239e-02   1.7282069e-02
  -9.1430267e-03   1.8365896e-02
  -1.0404850e-02   2.2474646e-02
  -1.9621530e-02   3.4206732e-02
  -2.7358387e-02   3.5116065e-02
  -2.6116835e-02   3.2035333e-02
  -3.1289045e-02   2.8824718e-02
  -4.3132307e-02   2.2574649e-02
  -3.6633350e-02   2.2600409e-02
  -3.6497354e-02   1.9370058e-02
  -4.0511079e-02   2.4676166e-02
  -4.2975365e-02   2.9835920e-02
  -4.4384831e-02   3.4648323e-02
  -4.1740659e-02   3.3042826e-02
  -3.9141195e-02   3.0946747e-02
  -4.5699230e-02   2.3075258e-02
  -4.8324020e-02   1.9402826e-02
  -4.9577369e-02   2.0430677e-02
  -5.6187500e-02   2.5715014e-02
  -6.1341344e-02   2.7781817e-02
  -6.2629491e-02   3.0401331e-02
  -6.2746084e-02   3.1511911e-02
  -6.1301565e-02   2.4088722e-02
  -6.1193729e-02   2.1428084e-02
  -6.1362134e-02   2.4112520e-02
  -5.7405375e-02   2.0425769e-02
  -6.7663063e-02   2.8215565e-02
  -6.7856174e-02   2.9347269e-02
  -6.9161100e-02   2.9345762e-02
  -7.4380806e-02   2.9339453e-02
  -7.5791393e-02   2.5171530e-02
  -7.5679039e-02   1.8841424e-02
  -8.1126626e-02   2.0992075e-02
  -7.9561605e-02   2.4070963e-02
  -8.4833774e-02   2.7754465e-02
  -9.1159864e-02   2.9780621e-02
  -9.0128886e-02   2.9346724e-02
  -8.3643318e-02   2.3589858e-02
  -8.8981044e-02   2.0459451e-02
  -1.0083725e-01   2.3090490e-02
  -1.1249683e-01   2.4622848e-02
  -1.0856745e-01   2.5152970e-02
  -1.1464830e-01   2.5565581e-02
  -1.2542957e-01   2.6668466e-02
  -1.2945723e-01   2.8256901e-02
  -1.2769990e-01   2.3457463e-02
  -1.3178121e-01   1.9300564e-02
  -1.4118298e-01   2.0369278e-02
  -1.3681526e-01   2.3962276e-02
  -1.4359349e-01   2.5561717e-02
  -1.4400610e-01   2.6683379e-02
  -1.3985907e-01   2.1938436e-02
  -1.4801218e-01   2.0398289e-02
  -1.4737792e-01   2.4486495e-02
  -1.4492553e-01   2.3472534e-02
  -1.4633450e-01   2.6625374e-02
  -1.3814195e-01   2.1876371e-02
  -1.3056923e-01   2.2976763e-02
  -1.3346107e-01   2.1448011e-02
  -1.2584930e-01   2.2551626e-02
  -1.3194200e-01   2.8223672e-02
  -1.2936192e-01   2.5615351e-02
  -1.2270716e-01   2.5602228e-02
  -1.2936807e-01   2.5092589e-02
  -1.2686783e-01   2.6168797e-02
  -1.3071992e-01   2.0908467e-02
  -1.3765345e-01   2.2007687e-02
  -1.3722732e-01   2.3510309e-02
  -1.4258970e-01   2.4046328e-02
  -1.3841503e-01   2.1919219e-02
  -1.3343852e-01   2.3540500e-02
  -1.4288527e-01   2.3046032e-02
  -1.4924268e-01   2.6671738e-02
  -1.5583257e-01   2.3520550e-02
  -1.5992663e-01   2.3012311e-02
  -1.6843430e-01   2.2903055e-02
  -1.8075120e-01   2.0857687e-02
  -1.8615990e-01   2.1910043e-02
  -1.9514315e-01   2.1867185e-02
  -2.0757735e-01   2.4363318e-02
  -2.1826631e-01   2.2801789e-02
  -2.3582177e-01   1.7097428e-02
  -2.3453348e-01   1.5545783e-02
  -2.4499262e-01   1.7076479e-02
  -2.5596766e-01   2.0090547e-02
  -2.5827466e-01   2.1197781e-02
  -2.6424880e-01   2.3715011e-02
  -2.6923868e-01   2.2644865e-02
  -2.7068316e-01   1.5436675e-02
  -2.6810404e-01   1.2868894e-02
  -2.6939811e-01   1.3895712e-02
  -2.6308175e-01   1.6500545e-02
  -2.5890060e-01   2.8376392e-02
  -2.5477882e-01   2.6302213e-02
  -2.5031954e-01   2.5362042e-02
  -2.4402434e-01   1.7011156e-02
  -2.4323639e-01   1.4463931e-02
  -2.3824144e-01   1.4487960e-02
  -2.3051408e-01   2.1256727e-02
  -2.2406302e-01   2.7527616e-02
  -2.1339085e-01   2.6497224e-02
  -2.0280022e-01   2.1826792e-02
  -2.0436518e-01   1.8203911e-02
  -1.9483374e-01   1.6108757e-02
  -1.9312524e-01   1.7635969e-02
  -1.8893652e-01   2.4013458e-02
  -1.8530960e-01   2.8580299e-02
  -1.7408950e-01   2.8176362e-02
  -1.7007614e-01   2.2944889e-02
  -1.6231834e-01   1.4612076e-02
  -1.5705354e-01   1.7751636e-02
  -1.5063186e-01   2.0393761e-02
  -1.4792604e-01   2.7197719e-02
  -1.3906264e-01   3.0148196e-02
  -1.3118104e-01   2.6238588e-02
  -1.2821125e-01   2.3026352e-02
  -1.2168510e-01   2.1466370e-02
  -1.1407794e-01   1.9420554e-02
  -1.1917130e-01   2.3063913e-02
  -1.1504780e-01   3.0380478e-02
  -1.0472640e-01   2.7282462e-02
  -1.0333037e-01   2.5685126e-02
  -9.6716806e-02   2.3050085e-02
  -9.2906678e-02   2.0455273e-02
  -8.0796663e-02   2.2477619e-02
  -7.9995312e-02   2.9478089e-02
  -8.0158737e-02   2.9009212e-02
  -7.2156554e-02   2.5275611e-02
  -7.3174419e-02   2.5698805e-02
  -7.2032707e-02   2.2072366e-02
  -7.1809949e-02   2.3578927e-02
  -6.6634460e-02   2.6754745e-02
  -5.7599522e-02   2.7342333e-02
  -5.2606553e-02   3.0654227e-02
  -4.0631524e-02   3.4262311e-02
  -2.8778258e-02   2.4706418e-02
  -2.2198637e-02   2.2036483e-02
  -2.6121399e-02   3.0459825e-02
  -1.5676278e-02   2.8362712e-02
  -1.8300941e-02   3.1544577e-02
  -6.5408118e-03   2.4186210e-02
   0.0000000e+00   2.4736842e-02
   3.9158031e-03   2.6762258e-02
   6.5375380e-03   2.9444082e-02
   6.5518892e-03   2.7395288e-02
   1.1779861e-02   2.8946212e-02
   1.4411089e-02   2.9501219e-02
   2.2292532e-02   3.0055402e-02
   2.2249634e-02   2.9469485e-02
   2.6163247e-02   2.4181749e-02
   3.1484988e-02   2.5833431e-02
   3.2720051e-02   2.9464605e-02
   3.6629176e-02   3.3671197e-02
   5.0995574e-02   2.8897030e-02
   4.8478916e-02   2.8430082e-02
   5.8922947e-02   2.4712180e-02
   5.7580836e-02   3.0497217e-02
   6.3002530e-02   3.0582599e-02
   7.8437182e-02   3.0967015e-02
   8.3753943e-02   3.0464850e-02
   7.6199288e-02   3.1124475e-02
   8.5062599e-02   3.0462920e-02
   9.4233746e-02   2.9398634e-02
   1.0230560e-01   2.7866446e-02
   1.0598249e-01   3.2001902e-02
   1.0869363e-01   3.3078462e-02
   1.1295075e-01   3.3694912e-02
   1.2337995e-01   3.0484213e-02
   1.3389547e-01   2.9410367e-02
   1.3610785e-01   2.9841276e-02
   1.3936552e-01   3.3138440e-02
   1.4172207e-01   3.2541353e-02
   1.4435532e-01   3.2009650e-02
   1.4957689e-01   3.3569156e-02
   1.6028126e-01   3.0948369e-02
   1.6927913e-01   3.2462226e-02
   1.6847867e-01   3.2036843e-02
   1.6814396e-01   3.1973985e-02
   1.7581845e-01   3.3487914e-02
   1.7694374e-01   3.3973467e-02
   1.8502603e-01   3.2411025e-02
   1.8953850e-01   3.1968608e-02
   1.9311440e-01   3.1369765e-02
   1.9948474e-01   3.1316449e-02
   2.0185977e-01   3.3361838e-02
   1.9797429e-01   3.9151314e-02
   2.0333261e-01   3.4954428e-02
   2.0534573e-01   3.1389336e-02
   2.0316453e-01   2.9362876e-02
   2.0737133e-01   3.0766771e-02
   2.1169095e-01   3.2379099e-02
   2.1800730e-01   3.3886002e-02
   2.2277422e-01   3.5358406e-02
   2.3126002e-01   3.7509596e-02
   2.3266947e-01   3.4377934e-02
   2.3381095e-01   3.2257679e-02
   2.3930281e-01   3.2266464e-02
   2.4215823e-01   3.2807000e-02
   2.4872292e-01   3.3297784e-02
   2.5781383e-01   3.6891855e-02
   2.5648024e-01   3.7418491e-02
   2.5439127e-01   3.6462907e-02
   2.5471205e-01   3.5797159e-02
   2.6538373e-01   3.0562813e-02
   2.7297126e-01   3.2728217e-02
   2.7739880e-01   3.3125806e-02
   2.7603032e-01   3.4685542e-02
   2.7563479e-01   3.9503773e-02
   2.7913732e-01   3.6811856e-02
   2.9155193e-01   3.3535339e-02
   2.9215073e-01   3.3082293e-02
   2.8837435e-01   3.6241098e-02
   2.7760196e-01   3.5229834e-02
   2.6591292e-01   3.8443517e-02
   2.6734262e-01   3.5319604e-02
   2.7639342e-01   3.2127782e-02
   2.7297126e-01   3.2728217e-02
   2.7396395e-01   3.4247013e-02
   2.6098172e-01   3.6428527e-02
   2.6227466e-01   3.7275580e-02
   2.7102372e-01   3.5264981e-02
   2.8004581e-01   3.2595037e-02
   2.8713530e-01   3.4177305e-02
   2.8391690e-01   3.4643325e-02
   2.7379104e-01   3.8917060e-02
   2.7841353e-01   3.5850788e-02
   2.8474652e-01   3.5261268e-02
   2.9311791e-01   3.4592773e-02
   2.9450827e-01   3.2520636e-02
   2.9778447e-01   3.1017733e-02
   2.9867238e-01   3.4596106e-02
   3.0402006e-01   3.9762893e-02
   3.0817785e-01   4.1840496e-02
   3.0672134e-01   3.8196868e-02
   3.1185035e-01   3.4004945e-02
   3.0911273e-01   3.0774853e-02
   3.0042727e-01   3.3968258e-02
   2.9212983e-01   4.0874875e-02
   2.8695407e-01   3.8837847e-02
   2.8091225e-01   3.7208379e-02
   2.8158640e-01   3.4172852e-02
   2.7425492e-01   3.3760478e-02
   2.6827784e-01   3.0580244e-02
   2.6323183e-01   3.2190928e-02
   2.6046282e-01   3.6358486e-02
   2.6277660e-01   3.7865845e-02
   2.6042609e-01   3.7397300e-02
   2.5890781e-01   3.5811436e-02
   2.5506511e-01   3.1314354e-02
   2.4303513e-01   3.1178958e-02
   2.3897286e-01   3.5354867e-02
   2.3601319e-01   3.8450685e-02
   2.2923000e-01   4.0244963e-02
   2.2632178e-01   3.4440329e-02
   2.1953856e-01   3.3913444e-02
   2.1008769e-01   2.6586822e-02
   1.9616574e-01   2.9850933e-02
   1.9166397e-01   3.7126182e-02
   1.9850492e-01   3.3997364e-02
   1.9207170e-01   3.6150963e-02
   1.9006277e-01   3.3405346e-02
   1.7620073e-01   3.1980758e-02
   1.6654762e-01   2.9299326e-02
   1.5781050e-01   3.0986165e-02
   1.5796760e-01   3.1016682e-02
   1.5253198e-01   3.2051402e-02
   1.4559283e-01   3.6203715e-02
   1.4047585e-01   3.6780334e-02
   1.3110201e-01   3.2011078e-02
   1.2589426e-01   2.9398519e-02
   1.1682383e-01   2.9972111e-02
   1.0608746e-01   3.2033509e-02
   1.0611802e-01   2.9407811e-02
   1.0196834e-01   3.0929364e-02
   9.0286749e-02   3.1505075e-02
   8.6542567e-02   3.0521320e-02
   7.8812681e-02   3.2703253e-02
   7.2253687e-02   3.1657325e-02
   7.7316217e-02   2.6822697e-02
   7.8766364e-02   2.8982158e-02
   6.5703883e-02   2.9026767e-02
   6.2936416e-02   3.1079000e-02
   5.5030121e-02   2.8424543e-02
   5.3651785e-02   3.1026925e-02
   4.8417465e-02   3.1031692e-02
   4.4559500e-02   2.5800378e-02
   4.0659917e-02   2.7936961e-02
   3.5337655e-02   2.9463096e-02
   3.6648456e-02   2.8936185e-02
   3.0091976e-02   3.2623071e-02
   2.3532505e-02   3.0491171e-02
   2.4877415e-02   2.5258662e-02
   1.8331583e-02   2.4734452e-02
   6.5398966e-03   2.5763572e-02
   2.6197529e-03   3.1083438e-02
   9.1435102e-03   2.9414555e-02
   1.0481928e-02   2.8448405e-02
   1.3099519e-03   3.0556645e-02
  -7.8441683e-03   3.0495492e-02
  -1.0484588e-02   2.5814293e-02
  -1.5729798e-02   2.3706067e-02
  -1.9678117e-02   2.5837918e-02
  -1.8341386e-02   2.9500126e-02
  -2.3562224e-02   2.7890282e-02
  -3.0137131e-02   2.7915170e-02
  -3.7967130e-02   2.6304884e-02
  -4.3328379e-02   2.7435383e-02
  -4.0671966e-02   2.4774287e-02
  -4.4477520e-02   2.4172761e-02
  -5.6225889e-02   2.8892374e-02
  -6.2884752e-02   2.9469456e-02
  -6.9525949e-02   2.6331569e-02
  -7.8652440e-02   2.3139795e-02
  -8.1197109e-02   2.2588805e-02
  -8.3812782e-02   2.3111266e-02
  -9.0267237e-02   2.3605474e-02
  -9.9293400e-02   2.7237018e-02
  -1.0722146e-01   2.8823436e-02
  -1.1368709e-01   2.5119877e-02
  -1.2453837e-01   2.2553735e-02
  -1.3005097e-01   2.1538967e-02
  -1.2833832e-01   2.3049004e-02
  -1.3502581e-01   2.2536262e-02
  -1.4940538e-01   2.5650937e-02
  -1.5595064e-01   2.6159564e-02
  -1.5748725e-01   2.0945743e-02
  -1.6125118e-01   2.1963677e-02
  -1.6144287e-01   1.9367922e-02
  -1.6990049e-01   2.3443486e-02
  -1.8351431e-01   2.3481462e-02
  -2.0052734e-01   2.5000782e-02
  -1.9778618e-01   2.0299368e-02
  -1.9273041e-01   2.0852117e-02
  -1.9892080e-01   1.8716968e-02
  -2.0634905e-01   1.9700989e-02
  -2.1873515e-01   2.0768968e-02
  -2.3226511e-01   2.2332900e-02
  -2.3026677e-01   2.2272178e-02
  -2.2637824e-01   2.0210455e-02
  -2.2901244e-01   1.9167645e-02
  -2.2641118e-01   1.8137588e-02
  -2.3135565e-01   2.1729641e-02
  -2.3596744e-01   2.2299925e-02
  -2.3178457e-01   2.3326614e-02
  -2.3244222e-01   2.1188316e-02
  -2.3185943e-01   1.9179661e-02
  -2.3624010e-01   2.0245013e-02
  -2.4415049e-01   1.8149495e-02
  -2.4100160e-01   2.0709752e-02
  -2.4124079e-01   2.0729672e-02
  -2.4275253e-01   2.2820560e-02
  -2.3728832e-01   2.1777559e-02
  -2.4366617e-01   1.8114638e-02
  -2.4477257e-01   1.5509184e-02
  -2.4647531e-01   2.1232816e-02
  -2.4596678e-01   2.2225866e-02
  -2.5084084e-01   2.4373625e-02
  -2.6061653e-01   2.2202207e-02
  -2.6204858e-01   1.5486980e-02
  -2.6677540e-01   1.4415943e-02
  -2.7718658e-01   1.7477650e-02
  -2.7771733e-01   1.8540943e-02
  -2.8236596e-01   2.0031769e-02
  -2.8005954e-01   1.8515896e-02
  -2.7581903e-01   2.0566034e-02
  -2.7119503e-01   1.7012701e-02
  -2.7303783e-01   1.7558241e-02
  -2.7321521e-01   2.0059813e-02
  -2.6302745e-01   1.9594397e-02
  -2.5433113e-01   2.1726929e-02
  -2.4491120e-01   2.1733701e-02
  -2.3860907e-01   2.1255354e-02
  -2.3279948e-01   1.8213096e-02
  -2.2943180e-01   2.1280810e-02
  -2.2044554e-01   2.2886416e-02
  -2.1565240e-01   2.1381075e-02
  -2.0871338e-01   2.2264939e-02
  -2.0622529e-01   2.2426660e-02
  -1.9930858e-01   1.9274275e-02
  -1.9182198e-01   1.9328576e-02
  -1.9600291e-01   2.5458570e-02
  -1.7233621e-01   2.3935066e-02
  -1.7135345e-01   2.5027626e-02
  -1.6569082e-01   2.0971759e-02
  -1.6305426e-01   2.1501313e-02
  -1.6009906e-01   2.1987837e-02
  -1.5369028e-01   2.2022286e-02
  -1.4592837e-01   2.4159583e-02
  -1.4180197e-01   2.7292748e-02
  -1.4429194e-01   2.6735853e-02
  -1.3922891e-01   2.3098712e-02
  -1.3886352e-01   1.8319837e-02
  -1.2956478e-01   1.8314658e-02
  -1.2204273e-01   2.2055025e-02
  -1.1399697e-01   2.7818631e-02
  -1.1268072e-01   2.8345916e-02
  -1.0480792e-01   2.9410135e-02
  -9.8209405e-02   2.4143656e-02
  -9.1867563e-02   2.1043544e-02
  -8.0125750e-02   2.2657423e-02
  -7.2098070e-02   2.3146348e-02
  -6.7017960e-02   2.9025314e-02
  -6.1754796e-02   3.0086627e-02
  -5.2508027e-02   2.9538320e-02
  -4.4652296e-02   2.4796543e-02
  -3.4150488e-02   2.3219307e-02
  -2.7606796e-02   2.4830052e-02
  -1.4399569e-02   3.6349716e-02
  -7.8523760e-03   2.9999467e-02
   0.0000000e+00   3.0000000e-02
   9.1848271e-03   2.3730768e-02
   1.4461370e-02   2.4305617e-02
   2.3639451e-02   2.4806771e-02
   2.7563607e-02   3.0610835e-02
   3.4130218e-02   2.9551846e-02
   3.8090438e-02   3.3276223e-02
   4.8555881e-02   3.2179351e-02
   6.1574653e-02   2.9470836e-02
   6.8342910e-02   2.7440714e-02
   6.7025135e-02   2.7969848e-02
   6.8328280e-02   2.9551538e-02
   7.1081215e-02   3.1722107e-02
   7.7616050e-02   2.7985460e-02
   8.0158737e-02   2.9009212e-02
   8.7950945e-02   2.9496148e-02
   9.0831371e-02   3.1164809e-02
   9.4563419e-02   3.3731746e-02
   1.0246887e-01   3.1609448e-02
   1.1037027e-01   3.0014566e-02
   1.1551766e-01   2.9448850e-02
   1.1935653e-01   2.7836369e-02
   1.2751110e-01   2.5246122e-02
   1.2991189e-01   3.2571121e-02
   1.3922712e-01   3.3105766e-02
   1.4324369e-01   3.6808798e-02
   1.4430056e-01   3.5158140e-02
   1.4582108e-01   3.1512499e-02
   1.4869176e-01   2.5229294e-02
   1.5246504e-01   2.6770710e-02
   1.5770620e-01   2.7807670e-02
   1.5774201e-01   3.4662490e-02
   1.6969547e-01   3.6758952e-02
   1.8183299e-01   3.1501458e-02
   1.8014553e-01   3.1968045e-02
   1.8148207e-01   3.0915756e-02
   1.8919540e-01   3.0336995e-02
   1.9208477e-01   3.5627036e-02
   1.9733394e-01   3.6130067e-02
   2.0094727e-01   3.3431816e-02
   2.0549957e-01   3.3514645e-02
   2.0406503e-01   2.9824388e-02
   2.0581444e-01   2.8829793e-02
   2.1036305e-01   3.2906471e-02
   2.1595157e-01   3.6610923e-02
   2.2560215e-01   3.7163823e-02
   2.2806087e-01   3.5547005e-02
   2.3364315e-01   3.2942822e-02
   2.3214804e-01   3.0826559e-02
   2.3389122e-01   3.2451444e-02
   2.4000371e-01   3.2882192e-02
   2.4859480e-01   3.5033969e-02
   2.4699195e-01   3.6051382e-02
   2.4755423e-01   3.6461252e-02
   2.4839547e-01   3.3432871e-02
   2.5072129e-01   3.5475053e-02
   2.5477936e-01   3.2326912e-02
   2.5449330e-01   3.3337515e-02
   2.6183540e-01   3.4446424e-02
   2.6210975e-01   3.4307294e-02
   2.6240501e-01   3.3299709e-02
   2.6678557e-01   3.6470605e-02
   2.7606876e-01   3.5379441e-02
   2.8079351e-01   3.7545891e-02
   2.8077252e-01   3.5801876e-02
   2.7800040e-01   3.3876826e-02
   2.8068416e-01   3.2821071e-02
   2.8321932e-01   3.5932100e-02
   2.8991471e-01   3.3813761e-02
   2.8756840e-01   3.7874480e-02
   2.8878178e-01   3.6457449e-02
   2.8816371e-01   3.7427237e-02
   2.9283608e-01   3.4352329e-02
   2.9617800e-01   3.5302943e-02
   3.0451584e-01   3.2695643e-02
   3.0809887e-01   3.4715348e-02
   3.0827696e-01   3.7860224e-02
   3.1419744e-01   3.7898275e-02
   3.1846998e-01   3.8427644e-02
   3.2431244e-01   3.4136172e-02
   3.2337529e-01   3.2623044e-02
   3.1696161e-01   3.5286391e-02
   3.3242465e-01   3.7738943e-02
   3.4311797e-01   3.5602021e-02
   3.4436940e-01   3.7140801e-02
   3.3865738e-01   3.8689709e-02
   3.3977600e-01   3.6730117e-02
   3.4813948e-01   3.3988504e-02
   3.5374062e-01   3.5016293e-02
   3.5515996e-01   3.2948192e-02
   3.5764012e-01   3.6533361e-02
   3.7612989e-01   3.7425917e-02
   3.7866435e-01   3.9455614e-02
   3.8398991e-01   3.8901337e-02
   3.8295916e-01   4.0485393e-02
   3.7877869e-01   3.7405971e-02
   3.8186502e-01   3.6395424e-02
   3.8625728e-01   3.5886976e-02
   3.8283457e-01   3.5839857e-02
   3.7910150e-01   3.8466531e-02
   3.7215668e-01   3.7455632e-02
   3.7615734e-01   3.6913233e-02
   3.6896951e-01   4.0517681e-02
   3.6815624e-01   3.7998596e-02
   3.6870851e-01   3.4436264e-02
   3.5004293e-01   3.6623066e-02
   3.4934022e-01   3.8252039e-02
   3.4264673e-01   3.9334643e-02
   3.4748787e-01   3.4577026e-02
   3.3707223e-01   3.7116110e-02
   3.3124033e-01   3.4645370e-02
   3.2567874e-01   3.3094006e-02
