  -2.6294477e-01   1.9684670e-01
  -3.8553233e-01   3.7369244e-02
  -3.6176961e-01   2.1449212e-02
  -3.5621146e-01   3.7370190e-02
  -3.5491715e-01   1.9522143e-02
  -3.5893048e-01   1.0577504e-02
  -3.3441795e-01  -5.2911263e-04
  -3.5463795e-01   3.7167390e-03
  -3.6149300e-01   1.0605346e-03
  -3.5335087e-01   2.1004043e-03
  -3.2916798e-01  -1.6167689e-02
  -3.3501968e-01  -3.2919502e-02
  -3.2320726e-01  -2.5238381e-02
  -3.3439897e-01  -2.1972664e-02
  -3.2444608e-01  -3.6832735e-02
  -3.0738209e-01  -3.9292503e-02
  -3.0948406e-01  -4.9563152e-02
  -3.0921200e-01  -3.7572446e-02
  -2.9108558e-01  -4.4130090e-02
  -2.6873224e-01  -6.2408573e-02
  -2.5076292e-01  -6.5924804e-02
  -2.5114116e-01  -5.5567983e-02
  -2.5995761e-01  -5.3819597e-02
  -2.6050352e-01  -6.7021058e-02
  -2.5261599e-01  -7.0507093e-02
  -2.2891942e-01  -8.4904221e-02
  -2.2602203e-01  -8.3174342e-02
  -2.1257585e-01  -7.7809611e-02
  -2.0791788e-01  -7.3713578e-02
  -1.5505317e-01  -9.9705374e-02
  -1.7046036e-01  -8.1997649e-02
  -1.7248786e-01  -8.7125773e-02
  -1.5207627e-01  -7.9472504e-02
  -1.1113962e-01  -9.6786041e-02
  -1.0255076e-01  -1.0598675e-01
  -9.8132419e-02  -1.0911925e-01
  -8.2752537e-02  -1.0965354e-01
  -7.1886333e-02  -1.1980323e-01
  -4.6200693e-02  -1.3501000e-01
  -4.5933577e-02  -1.3418024e-01
  -1.5633729e-02  -1.4128663e-01
   1.9390269e-02  -1.3838486e-01
   2.9899897e-02  -1.4790389e-01
   4.1435887e-02  -1.4549770e-01
   4.5265911e-02  -1.4587320e-01
   5.5817227e-02  -1.4873301e-01
   6.2493930e-02  -1.5093515e-01
   7.1072593e-02  -1.4556432e-01
   7.8122580e-02  -1.4442172e-01
   1.0054699e-01  -1.4319960e-01
   4.7606332e-01  -1.5324776e-03
   4.7953106e-01   1.0197240e-02
   4.7583286e-01   1.8958323e-02
   4.6636653e-01   2.0605368e-02
   4.6570828e-01   3.7434782e-02
   4.6633043e-01   4.1022906e-02
   4.7400583e-01   4.1422015e-02
   4.7936555e-01   4.6953123e-02
   4.7114841e-01   5.7492061e-02
   4.7645068e-01   5.5351699e-02
   4.6938884e-01   6.2686802e-02
   4.6735383e-01   7.3473522e-02
   4.7230191e-01   8.0318944e-02
   4.7056774e-01   8.0517994e-02
   4.6176699e-01   8.8193992e-02
   4.5369976e-01   8.9151364e-02
   4.4833554e-01   9.5116072e-02
   4.5260152e-01   9.5556818e-02
   4.4968473e-01   1.0248852e-01
   4.5752787e-01   1.0697112e-01
   4.2878485e-01   1.2928577e-01
   4.2805101e-01   1.2191037e-01
   4.2312841e-01   1.2684382e-01
   4.1360698e-01   1.4479797e-01
   3.9643533e-01   1.4148166e-01
   3.9830883e-01   1.4276172e-01
   4.0167323e-01   1.4852480e-01
   3.7430298e-01   1.6891251e-01
   3.6291744e-01   1.6933221e-01
   3.3841190e-01   1.6876933e-01
   3.4836557e-01   1.7867487e-01
   2.8207965e-01   1.9429809e-01
   2.4881847e-01   1.9417729e-01
   3.0078679e-01   1.8763625e-01
   2.5305348e-01   1.9624042e-01
   2.4932391e-01   2.0334377e-01
   1.6558548e+00   6.0780771e-02
  -5.6980015e-01   5.4094430e-01
   8.2588024e-01  -2.4966174e-01
   1.3209418e-01   7.4798643e-01
  -1.8628278e-01   8.9360667e-02
  -1.0150568e-01   4.3020965e-01
   4.1480522e-01   1.1998832e-01
   4.2645380e-01   1.8761067e-01
   3.6297170e-01   2.7625295e-01
  -3.4291774e-01   2.5734670e-01
   4.5396360e-01   4.6624982e-02
   1.0564821e-01   2.9468119e-01
  -1.6261325e-01   2.5535496e-01
  -2.5017334e-01   1.8721497e-01
  -2.4695345e-01   1.7535548e-01
  -1.7425984e-01   1.3515894e-01
  -2.1935993e-01   1.5468958e-01
  -3.2637341e-01   2.1903641e-01
  -2.5659740e-01   1.3924157e-01
  -1.7621382e-01   1.3360692e-01
  -2.3477606e-01   1.4517701e-01
  -3.4663473e-01   1.7400800e-01
  -2.6190639e-01   1.5595980e-01
  -2.3026200e-01   1.1890006e-01
  -3.0817047e-01   1.2200496e-01
  -3.2645847e-01   1.1225714e-01
  -2.9541296e-01   1.2141021e-01
  -3.0984698e-01   1.1276176e-01
  -3.3943517e-01   9.5332954e-02
  -3.0237584e-01   7.2757801e-02
  -2.7681803e-01   8.2843149e-02
  -2.9071960e-01   7.9208707e-02
  -3.4031364e-01   6.5285727e-02
  -2.9513192e-01   4.8753903e-02
  -2.9813440e-01   5.9841126e-02
  -3.1755179e-01   5.3941792e-02
  -3.7618362e-01   6.3609638e-02
  -3.3614073e-01   2.7058219e-02
  -3.3356050e-01   3.8036694e-02
  -3.5815175e-01   2.3152975e-02
  -4.0667876e-01   4.7207693e-02
  -3.8877618e-01   2.7690027e-02
  -3.7167771e-01   1.0411308e-02
  -3.6881558e-01  -6.2695618e-03
  -3.9082599e-01   6.7689143e-03
  -3.7420928e-01   7.3066826e-03
  -3.4290782e-01  -2.2141440e-02
  -3.5792230e-01  -2.5971701e-02
  -3.6669337e-01  -2.4538978e-02
  -3.5093284e-01  -1.6119708e-02
  -3.5751041e-01  -2.4507498e-02
  -3.7352539e-01  -3.8937060e-02
  -3.7065530e-01  -3.0905125e-02
  -3.5478816e-01  -3.4465212e-02
  -3.6260655e-01  -2.4802049e-02
  -3.5440190e-01  -4.4589414e-02
  -3.3689014e-01  -4.1406171e-02
  -3.1817412e-01  -3.2392022e-02
  -3.5198540e-01  -3.8171830e-02
  -3.5694342e-01  -3.3762198e-02
  -3.3675629e-01  -4.3302128e-02
  -3.5380868e-01  -4.5909937e-02
   1.3730777e-01  -9.0185659e-02
   1.4804366e-01  -7.0325964e-02
   1.9513124e-01  -9.7311878e-02
   2.2276864e-01  -7.2594757e-02
   2.2513321e-01  -6.5490498e-02
   2.5460641e-01  -7.5377643e-02
   2.6899427e-01  -6.7945908e-02
   2.7668061e-01  -6.4555215e-02
   2.7542251e-01  -5.3878198e-02
   2.9871295e-01  -4.8027756e-02
   3.1919430e-01  -4.9840573e-02
   3.3300578e-01  -5.1374533e-02
   3.4523947e-01  -3.4766557e-02
   3.4983632e-01  -3.3496652e-02
   3.6026976e-01  -2.5588283e-02
   3.7327649e-01  -2.5929743e-02
   3.8357988e-01  -2.5773289e-02
   3.8363501e-01  -1.1693714e-02
   3.9203294e-01  -3.0483931e-03
   4.0723607e-01  -7.1258124e-03
   4.1646633e-01  -5.6046475e-03
   4.1477078e-01   1.0318708e-02
   4.3007032e-01   9.2368170e-03
   4.3327554e-01   2.2161021e-02
   4.4215717e-01   2.4511947e-02
   4.5233556e-01   2.7056020e-02
   4.5746680e-01   3.0498227e-02
   4.5712518e-01   4.3376662e-02
   4.5680968e-01   3.6387647e-02
   4.4963393e-01   5.3482284e-02
   4.4973280e-01   5.1622746e-02
   4.4832424e-01   5.6458707e-02
   4.4198169e-01   6.6004011e-02
   4.3949276e-01   6.8439293e-02
   4.4251651e-01   7.2582135e-02
   4.4246157e-01   7.9832888e-02
   4.3124084e-01   8.4867414e-02
   4.2356856e-01   9.2628940e-02
   4.0698942e-01   9.5931856e-02
   4.0377508e-01   9.6703201e-02
   4.0867269e-01   1.0199619e-01
   3.9012458e-01   1.0926147e-01
   3.8553679e-01   1.1830018e-01
   3.7934508e-01   1.2781565e-01
   3.5108286e-01   1.3038150e-01
   3.4503267e-01   1.2470289e-01
   3.2015073e-01   1.4526326e-01
   3.1252434e-01   1.5809025e-01
   3.0957118e-01   1.5639028e-01
  -2.3146962e-01   2.2735614e-01
  -2.3444018e-01   2.1578992e-01
  -1.8462883e-01   2.1427844e-01
  -2.8324698e-01   2.4900632e-01
  -3.1244543e-01   2.0016532e-01
  -2.5712117e-01   2.0826026e-01
  -2.6848739e-01   2.0422141e-01
  -2.7137387e-01   2.0753944e-01
  -2.4340408e-01   1.9028291e-01
  -2.7726031e-01   1.8310054e-01
  -2.7614185e-01   1.7836633e-01
  -2.8096877e-01   1.7330230e-01
  -3.0434098e-01   1.7130085e-01
  -2.9025545e-01   1.6122444e-01
  -2.9597840e-01   1.4588702e-01
  -3.0627646e-01   1.4068982e-01
  -3.1439624e-01   1.4383852e-01
  -3.1052601e-01   1.1139824e-01
  -3.1287399e-01   1.0955923e-01
  -3.1684263e-01   1.1570152e-01
  -3.2949912e-01   1.1035354e-01
  -3.0811470e-01   9.1136053e-02
  -3.2908506e-01   9.0892764e-02
  -3.5628644e-01   7.6506420e-02
  -3.8180475e-01   8.0113984e-02
  -3.8899079e-01   6.5847645e-02
  -3.6988930e-01   5.9696774e-02
  -3.7831796e-01   5.2098097e-02
  -3.7167065e-01   4.6653345e-02
  -3.5341038e-01   3.7236990e-02
  -3.5317663e-01   2.5649736e-02
  -3.6783766e-01   1.6282297e-02
  -3.7623548e-01   1.3591641e-02
  -3.7209561e-01   2.0992569e-03
  -3.7051369e-01  -4.2128202e-03
  -3.4984755e-01  -1.1011655e-02
  -3.4496886e-01  -1.9984230e-02
  -3.4331634e-01  -1.7867947e-02
  -3.4382908e-01  -1.2676657e-02
  -3.5189803e-01  -2.6286940e-02
  -3.3631584e-01  -2.3910604e-02
  -3.2705347e-01  -3.9327143e-02
  -3.3753877e-01  -4.2003217e-02
   3.5375616e-02  -7.3323845e-02
   4.8873321e-02  -6.5312081e-02
   7.5468029e-02  -7.4185751e-02
   9.6719312e-02  -7.0546732e-02
   1.0504701e-01  -6.8483555e-02
   1.1090234e-01  -5.8800579e-02
   1.3258630e-01  -5.7080556e-02
   1.5031076e-01  -5.7600612e-02
   1.6425642e-01  -6.0472025e-02
   1.7176662e-01  -4.7579131e-02
   2.0993575e-01  -4.0136775e-02
   2.3613256e-01  -4.6310122e-02
   2.3026784e-01  -3.7598013e-02
   2.4461373e-01  -3.0998584e-02
   2.6108202e-01  -3.1492413e-02
   2.8825719e-01  -2.8969303e-02
   2.9878391e-01  -2.0570637e-02
   3.0763644e-01  -1.7870820e-02
   3.1151290e-01  -6.2969896e-03
   3.2529600e-01  -7.7969810e-03
   3.5030140e-01  -4.1353555e-03
   3.6095696e-01   4.1269786e-03
   3.7026982e-01   5.6642934e-03
   3.7673335e-01   6.1900397e-03
   3.7070699e-01   1.5415186e-02
   3.7759638e-01   2.0545568e-02
   3.9946816e-01   2.1876953e-02
   4.0613054e-01   2.3299876e-02
   4.0653961e-01   2.5778129e-02
   4.0468838e-01   4.1622300e-02
   4.1377718e-01   4.3565891e-02
   4.0806939e-01   4.2691471e-02
   4.1931806e-01   4.5581115e-02
   4.2486902e-01   5.7319010e-02
   4.3774329e-01   6.0364654e-02
   4.4083891e-01   5.5934540e-02
   4.3560882e-01   6.7800470e-02
   4.3592279e-01   7.2625269e-02
   4.4039857e-01   7.5762796e-02
   4.5513173e-01   8.1014878e-02
   4.5161909e-01   8.4562842e-02
   4.4773945e-01   9.0214132e-02
   4.5522320e-01   9.0473181e-02
   4.4962037e-01   8.6312709e-02
   4.5061753e-01   1.0653272e-01
   4.4120840e-01   1.0746603e-01
   4.2419765e-01   9.9608964e-02
   4.1559235e-01   1.1203543e-01
   4.0784414e-01   1.1371068e-01
   4.0914847e-01   1.0884654e-01
  -1.1689106e-01   2.2228128e-01
  -1.1672115e-01   2.1428608e-01
  -1.3610099e-01   2.1315583e-01
  -1.3009353e-01   2.1417445e-01
  -1.3177157e-01   2.0203439e-01
  -1.8011881e-01   2.0378058e-01
  -1.8865171e-01   1.9823946e-01
  -1.7631941e-01   1.9394897e-01
  -1.5674962e-01   1.8515056e-01
  -2.6612604e-01   2.1447601e-01
  -2.8342810e-01   1.6296823e-01
  -2.4270729e-01   1.8879652e-01
  -2.6236661e-01   1.6031639e-01
  -2.6761321e-01   1.6011184e-01
  -3.0013970e-01   1.7017868e-01
  -2.8608348e-01   1.4741388e-01
  -2.8783006e-01   1.5781653e-01
  -3.0598697e-01   1.4425678e-01
  -3.1350252e-01   1.3455961e-01
  -2.9414144e-01   1.2446941e-01
  -3.1406346e-01   1.2088192e-01
  -3.3040177e-01   1.1408708e-01
  -3.0346352e-01   9.5428775e-02
  -3.0815013e-01   9.3262577e-02
  -3.4158053e-01   9.5356742e-02
  -3.3392234e-01   8.3590125e-02
  -3.1179377e-01   5.5095422e-02
  -3.2507684e-01   6.8439243e-02
  -3.2175775e-01   7.1134524e-02
  -3.1797263e-01   5.3231658e-02
  -3.0962857e-01   4.5488229e-02
  -3.0783345e-01   4.7593055e-02
  -3.1361946e-01   3.3625258e-02
  -3.2175689e-01   3.4643645e-02
  -3.0967618e-01   3.1913752e-02
  -3.1793720e-01   1.9024435e-02
  -2.9899799e-01   6.3294268e-03
  -3.0276544e-01   1.3111096e-02
  -2.9391493e-01   4.7125185e-03
  -2.9392577e-01   1.5708395e-03
  -3.0048718e-01  -1.0503640e-03
  -3.0481630e-01  -3.1520424e-03
  -2.9806326e-01  -8.9406526e-03
  -2.8687207e-01  -1.2567931e-02
  -2.9524965e-01  -1.6684091e-02
  -2.8966790e-01  -2.2845514e-02
  -2.8729696e-01  -1.8107042e-02
   1.4729773e-01  -4.6126988e-02
   1.4775873e-01  -4.5728594e-02
   1.6820341e-01  -4.7351986e-02
   1.9886555e-01  -3.9317441e-02
   1.8468305e-01  -3.4089252e-02
   1.7417696e-01  -3.4196135e-02
   1.9031976e-01  -2.3794680e-02
   1.9836872e-01  -2.5749067e-02
   2.0627499e-01  -2.8735577e-02
   2.2568961e-01  -1.8087520e-02
   2.4037033e-01  -1.6544445e-02
   2.7363878e-01  -1.1662041e-02
   2.6986320e-01  -9.5082479e-03
   2.7223611e-01  -1.2660227e-02
   2.9462323e-01   8.8823842e-03
   3.2569562e-01  -1.5483484e-03
   3.5805650e-01  -5.1772824e-04
   3.7902165e-01  -6.1809448e-03
   3.8872789e-01  -8.7478820e-03
   3.9128061e-01  -6.1905646e-03
   4.0097838e-01  -5.1694034e-04
   4.1338554e-01  -1.5949555e-02
   4.3057008e-01  -3.5954052e-03
   4.2745395e-01   5.1346369e-04
   4.1619021e-01   4.1262769e-03
   4.3910387e-01   1.0232032e-03
   4.3591056e-01   8.6945420e-03
   4.4711739e-01  -1.0151348e-03
   4.4438418e-01   6.5626489e-03
   4.5793150e-01   9.9547545e-04
   4.3549867e-01   1.1541315e-02
   4.4994997e-01   9.4462755e-03
   4.4374804e-01   1.3376303e-02
   4.4850987e-01   1.5417005e-02
   4.6593571e-01   1.8895602e-02
   4.7232827e-01   2.0790260e-02
   4.8978068e-01   9.4692513e-03
   4.9839820e-01   9.4870313e-03
   5.0885001e-01   7.9440876e-03
   5.1480734e-01   1.4361789e-02
   5.3172178e-01  -4.9507874e-04
   5.2238840e-01  -4.9879730e-04
   5.1333333e-01   0.0000000e+00
   5.1243283e-01   8.9920926e-03
   5.0768815e-01   2.0027254e-03
   4.9947918e-01  -4.0015923e-03
   5.0481082e-01   3.4966997e-03
   4.9898965e-01  -1.4992736e-03
   5.0757783e-01  -3.4767086e-03
   5.0327433e-01  -4.9821251e-03
   4.2112633e-02  -3.6970222e-03
   2.4954915e-02  -2.6363448e-03
   1.3055301e-03  -6.8150313e-03
  -1.1692891e-02  -1.0432662e-03
  -7.8247080e-03  -9.9504180e-03
  -2.6007719e-02  -6.7868599e-03
  -3.7937044e-02  -4.7255015e-03
  -5.9152755e-02  -1.0019821e-02
  -7.2296414e-02  -1.0541963e-02
  -8.1865792e-02  -1.9591935e-02
  -9.3337540e-02  -7.3720278e-03
  -1.0265102e-01  -2.3730603e-02
  -1.0814466e-01  -2.2185537e-02
  -1.0736341e-01  -3.2417695e-02
  -1.2306397e-01  -3.7654974e-02
  -1.1896314e-01  -2.9444189e-02
  -1.1777223e-01  -3.4722728e-02
  -1.2492329e-01  -4.5810112e-02
  -1.0407659e-01  -3.5865888e-02
  -1.1378397e-01  -3.4343649e-02
  -8.1421190e-02  -6.7402947e-02
  -9.2700429e-02  -6.1209931e-02
  -9.3429042e-02  -7.9459304e-02
  -8.1553093e-02  -6.9161076e-02
  -7.0327649e-02  -7.8524391e-02
  -7.0408024e-02  -7.8065658e-02
  -7.1583116e-02  -8.8918615e-02
  -8.9933514e-02  -8.9735173e-02
  -7.5457139e-02  -9.3213776e-02
  -7.4331411e-02  -9.1249102e-02
  -6.6168946e-02  -1.0607823e-01
  -6.5983045e-02  -9.9616894e-02
  -5.5680615e-02  -9.5096380e-02
  -4.3522044e-02  -9.8511691e-02
  -2.2140279e-02  -1.0833256e-01
  -1.6862798e-02  -1.1622748e-01
  -1.6893127e-02  -1.1420975e-01
  -1.4320467e-02  -1.1723519e-01
   0.0000000e+00  -1.1124117e-01
   1.5691685e-02  -1.1103432e-01
   3.0086419e-02  -1.1273535e-01
   3.5011496e-02  -1.1951273e-01
   2.3482423e-02  -1.1187040e-01
   2.8722631e-02  -1.1251008e-01
   4.5688055e-02  -1.1021397e-01
   5.7612187e-02  -9.8843086e-02
   7.1818135e-02  -9.7958810e-02
   9.1184186e-02  -1.0478074e-01
   1.0931887e-01  -9.5783563e-02
   4.5174384e-01   7.8719260e-02
   4.5076220e-01   8.5188612e-02
   4.5738794e-01   8.7686079e-02
   4.6344473e-01   9.6936203e-02
   4.7200241e-01   9.8972749e-02
   4.7522217e-01   9.5832198e-02
   4.6384415e-01   1.0433363e-01
   4.6423851e-01   1.0982802e-01
   4.6609023e-01   1.1574446e-01
   4.7727758e-01   1.1957107e-01
   4.6038356e-01   1.2071550e-01
   4.3745753e-01   1.2307302e-01
   4.1826462e-01   1.4206844e-01
   4.1613963e-01   1.4425317e-01
   4.1278311e-01   1.4400408e-01
   3.8753621e-01   1.4776090e-01
   3.7445633e-01   1.6668617e-01
   3.7161361e-01   1.7023244e-01
   3.5825535e-01   1.7454795e-01
   3.6018246e-01   1.7833344e-01
   3.1739846e-01   1.9109741e-01
   3.1115189e-01   1.8999784e-01
   3.0871944e-01   2.0214726e-01
   2.8157243e-01   2.0530882e-01
   2.6019097e-01   2.0748758e-01
   2.3144085e-01   2.1085170e-01
   2.0557395e-01   2.2410638e-01
   1.8857196e-01   2.1094697e-01
   1.4867137e-01   2.1438697e-01
   1.4885843e-01   2.1929338e-01
   1.4303297e-01   2.2636391e-01
   1.3742020e-01   2.1708879e-01
   1.1285431e-01   2.2702299e-01
   7.8709411e-02   2.1849476e-01
   6.4358994e-02   2.2290404e-01
   3.0305911e-02   2.2983419e-01
   2.2961592e-02   2.1950084e-01
   1.2720353e-03   2.1752072e-01
  -5.4020162e-02   2.2504132e-01
  -7.2647087e-02   2.1705219e-01
  -9.6172327e-02   2.1794240e-01
  -1.0791138e-01   2.1388752e-01
  -1.2262124e-01   2.3144146e-01
  -1.5999523e-01   2.2503530e-01
  -1.8481871e-01   2.3704628e-01
  -1.9822829e-01   2.2791517e-01
  -2.1755976e-01   2.3618686e-01
  -2.4978172e-01   2.3147394e-01
  -2.3783645e-01   2.2218862e-01
  -2.0215970e-01   2.1017865e-01
