  -8.0527028e-02   1.7221256e-02
   0.0000000e+00  -1.6880688e-01
  -1.1471088e-02  -1.7576069e-01
  -1.2839586e-02  -1.7358354e-01
  -2.0549842e-02  -1.7483307e-01
  -1.6815830e-02  -1.7683323e-01
  -3.8826048e-03  -1.6848685e-01
  -9.0627617e-03  -1.7156254e-01
  -1.9473395e-02  -1.6844215e-01
  -1.0379167e-02  -1.6773656e-01
  -1.8169748e-02  -1.6899165e-01
  -1.2827837e-02  -1.7883162e-01
  -1.4013760e-02  -1.8714269e-01
  -1.3938509e-02  -1.9271511e-01
  -1.2603128e-02  -1.9154343e-01
  -1.5051289e-02  -1.9110717e-01
  -1.3764363e-02  -1.9666124e-01
   1.2379531e-03  -2.0890110e-01
   1.3520954e-02  -2.0901636e-01
   1.3583192e-02  -2.0338444e-01
   1.3617796e-02  -2.0093060e-01
   6.2354507e-03  -1.9228903e-01
   1.0000516e-02  -1.9827461e-01
   7.5000942e-03  -1.9340372e-01
   6.2708836e-03  -1.9291968e-01
   6.2668709e-03  -1.8555097e-01
  -1.0067371e-02  -1.7861595e-01
  -8.7561543e-03  -1.7860562e-01
  -1.2622289e-02  -1.7505658e-01
  -8.9106331e-03  -1.7075558e-01
  -1.1543876e-02  -1.6801536e-01
  -1.0330752e-02  -1.6687643e-01
  -1.5565961e-02  -1.5638162e-01
  -1.2991088e-02  -1.5545849e-01
  -3.3048800e-02  -1.3409785e-01
  -6.4702773e-03  -1.4895937e-01
  -4.3508169e-02  -1.3078884e-01
  -2.7666793e-02  -1.3478825e-01
  -1.8525397e-02  -1.3193868e-01
  -1.8484252e-02  -1.2757936e-01
  -2.3776816e-02  -1.1902587e-01
  -2.7800851e-02  -1.1075305e-01
  -2.7918112e-02  -9.5996251e-02
  -2.3904824e-02  -1.0207281e-01
  -4.1200020e-02  -7.6523503e-02
  -2.0042118e-02  -8.3074206e-02
  -2.9298707e-02  -6.8456917e-02
  -3.0597098e-02  -8.0477375e-02
  -4.1346983e-02  -6.6351875e-02
  -8.9449745e-02   1.4007890e-01
  -8.6835602e-02   1.4187974e-01
  -9.4080566e-02   1.4543480e-01
  -1.0367535e-01   1.5571222e-01
  -9.8362301e-02   1.5028363e-01
  -8.5726442e-02   1.5744183e-01
  -8.9002965e-02   1.7223960e-01
  -1.0915864e-01   1.8506402e-01
  -9.4773822e-02   1.9823665e-01
  -8.9075396e-02   2.0684893e-01
  -1.0035068e-01   2.0943538e-01
  -9.8917999e-02   2.1668395e-01
  -8.9703622e-02   2.1364674e-01
  -9.2638002e-02   2.0302130e-01
  -1.0411345e-01   2.2211618e-01
  -9.7636032e-02   2.1220477e-01
  -9.1938111e-02   2.2399213e-01
  -9.5269109e-02   2.3372809e-01
  -9.7349048e-02   2.4567465e-01
  -8.5131409e-02   2.4010674e-01
  -8.4434846e-02   2.5851825e-01
  -7.7216825e-02   2.4601299e-01
  -8.2914314e-02   2.4470381e-01
  -7.8618708e-02   2.4785085e-01
  -7.9732581e-02   2.5540127e-01
  -8.0853733e-02   2.5296689e-01
  -8.9331196e-02   2.6260527e-01
  -8.3416580e-02   2.5805974e-01
  -8.4401017e-02   2.6186781e-01
  -7.3574022e-02   2.6010951e-01
  -7.8437812e-02   2.5380563e-01
  -8.3367023e-02   2.5049897e-01
  -8.0898026e-02   2.4518326e-01
  -8.7782598e-02   2.3583706e-01
  -9.5518849e-02   2.3536347e-01
  -8.9665724e-02   2.3134222e-01
  -9.4720279e-02   2.2567952e-01
  -9.3770436e-02   2.1950538e-01
  -9.0553020e-02   2.1218286e-01
  -9.6788851e-02   2.0820800e-01
  -1.0105374e-01   2.0370518e-01
  -9.7496459e-02   1.9503041e-01
  -7.9705354e-02   1.9321341e-01
  -7.0146532e-02   1.9014883e-01
  -8.2954519e-02   1.8894318e-01
  -7.4493179e-02   1.7816489e-01
  -7.7083331e-02   1.8122913e-01
  -7.9826771e-02   1.7377560e-01
  -8.6311594e-02   1.5622820e-01
  -4.0007001e-02  -7.9002752e-02
  -4.9093535e-02  -8.2433996e-02
  -4.4885566e-02  -8.9176207e-02
  -4.6273703e-02  -9.0968896e-02
  -3.6535369e-02  -1.0020170e-01
  -3.5150425e-02  -1.0383113e-01
  -3.2477656e-02  -1.0415984e-01
  -4.4306379e-02  -1.0391307e-01
  -3.3796262e-02  -1.0809376e-01
  -2.7380799e-02  -1.1068151e-01
  -3.6230941e-02  -1.1980182e-01
  -3.6467016e-02  -1.2118616e-01
  -3.9097446e-02  -1.1957040e-01
  -5.5840128e-02  -1.3036266e-01
  -5.7262070e-02  -1.3236773e-01
  -4.2881785e-02  -1.4662765e-01
  -4.9861475e-02  -1.4344324e-01
  -5.0202540e-02  -1.4213854e-01
  -3.8245594e-02  -1.4368268e-01
  -2.6230961e-02  -1.5288354e-01
  -4.6971361e-02  -1.5490902e-01
  -4.1202384e-02  -1.6269900e-01
  -4.7419130e-02  -1.6184525e-01
  -4.2413835e-02  -1.6414772e-01
  -3.9680663e-02  -1.7351525e-01
  -4.4760046e-02  -1.7511285e-01
  -3.0616685e-02  -1.8130406e-01
  -1.9005858e-02  -1.8599055e-01
  -2.0341111e-02  -1.8547528e-01
  -1.5247378e-02  -1.8294968e-01
  -1.0218100e-02  -1.8099599e-01
  -5.0826005e-03  -1.8115822e-01
  -8.8449244e-03  -1.8724400e-01
   0.0000000e+00  -1.9165657e-01
  -2.5008423e-03  -1.9287259e-01
   0.0000000e+00  -1.9340726e-01
  -1.2483867e-03  -1.9554426e-01
   0.0000000e+00  -1.9433333e-01
   1.1288467e-02  -1.9111332e-01
   3.7527572e-03  -1.9054294e-01
   0.0000000e+00  -1.9593939e-01
   3.7488286e-03  -1.9394065e-01
   5.0113285e-03  -1.9633442e-01
   1.2617560e-03  -1.9302126e-01
   3.8009720e-03  -1.8781990e-01
   1.2800286e-03  -1.7901731e-01
   1.1562609e-02  -1.7250036e-01
   7.6842772e-03  -1.6892760e-01
   0.0000000e+00  -1.6858740e-01
   2.5611702e-03  -1.6535535e-01
  -1.0295088e-01   2.6794687e-02
  -9.0772078e-02   2.1942019e-02
  -9.7496611e-02   3.6451957e-02
  -9.1068352e-02   3.8727388e-02
  -8.8304106e-02   3.0064565e-02
  -9.3767346e-02   4.4144606e-02
  -7.5981513e-02   5.9686530e-02
  -7.9507413e-02   6.3654453e-02
  -7.6430103e-02   8.5061132e-02
  -9.4337490e-02   9.0497569e-02
  -1.1585074e-01   8.8074683e-02
  -1.2332729e-01   1.0146488e-01
  -1.0828159e-01   9.4469297e-02
  -8.9737524e-02   9.3402057e-02
  -7.5100667e-02   9.8302549e-02
  -6.8805712e-02   9.1530213e-02
  -8.3018574e-02   9.1637222e-02
  -8.4750093e-02   1.1046899e-01
  -8.1112216e-02   1.2679826e-01
  -8.8253411e-02   1.3708082e-01
  -8.8371350e-02   1.4067688e-01
  -8.4772234e-02   1.3885923e-01
  -7.8304622e-02   1.4854657e-01
  -7.4633000e-02   1.4148342e-01
  -6.9300596e-02   1.4914194e-01
  -7.4671542e-02   1.4673119e-01
  -7.0125422e-02   1.5210950e-01
  -8.1753797e-02   1.6397175e-01
  -8.9480247e-02   1.6638241e-01
  -7.5393086e-02   1.6526221e-01
  -7.8632244e-02   1.8402903e-01
  -7.1504311e-02   1.8124709e-01
  -7.9192279e-02   1.7523651e-01
  -7.3721791e-02   1.7851131e-01
  -6.1941181e-02   1.8109321e-01
  -6.6040862e-02   1.9666871e-01
  -6.4637869e-02   1.9734877e-01
  -7.1646052e-02   1.9769040e-01
  -7.4352793e-02   1.9898803e-01
  -7.1524138e-02   2.0517485e-01
  -6.3035228e-02   2.0640241e-01
  -6.6662953e-02   2.1596180e-01
  -7.0749010e-02   2.1229066e-01
  -7.3395703e-02   2.1657483e-01
  -7.5260116e-02   2.1485510e-01
  -8.7523824e-02   2.1643597e-01
  -8.1359732e-02   2.0862511e-01
  -8.5123714e-02   2.0365048e-01
  -8.9368751e-02   1.9809797e-01
  -7.8133124e-02   1.9298113e-01
  -4.4087940e-02  -2.4150639e-02
  -4.1308958e-02  -2.9995380e-02
  -3.0721177e-02  -4.3033955e-02
  -3.8608940e-02  -4.4505124e-02
  -3.6055131e-02  -5.6052105e-02
  -2.7942342e-02  -6.3477961e-02
  -4.1238247e-02  -6.4536574e-02
  -3.8640694e-02  -6.6288555e-02
  -3.9750822e-02  -8.0135430e-02
  -4.0844080e-02  -8.5701085e-02
  -3.7244045e-02  -9.4352253e-02
  -4.2179894e-02  -1.0012999e-01
  -4.8792207e-02  -1.0463044e-01
  -5.6798949e-02  -1.1380999e-01
  -4.2389603e-02  -1.1704874e-01
  -4.6484378e-02  -1.2079842e-01
  -4.7348224e-02  -1.2928626e-01
  -4.7092804e-02  -1.4766624e-01
  -5.7613038e-02  -1.4133430e-01
  -4.2999290e-02  -1.4940163e-01
  -4.6984951e-02  -1.5023636e-01
  -4.7964462e-02  -1.5147511e-01
  -3.3636456e-02  -1.5353781e-01
  -5.8247920e-02  -1.4826600e-01
  -6.0697354e-02  -1.5487841e-01
  -5.7928480e-02  -1.5319047e-01
  -4.3289297e-02  -1.6656490e-01
  -5.2333231e-02  -1.6934575e-01
  -5.5090597e-02  -1.7181428e-01
  -5.1137325e-02  -1.8103564e-01
  -4.9705270e-02  -1.8283762e-01
  -4.8789873e-02  -1.8070500e-01
  -5.2325158e-02  -1.8919590e-01
  -3.9652410e-02  -1.8546050e-01
  -4.0841630e-02  -1.8743754e-01
  -3.6740276e-02  -1.9629021e-01
  -3.9168585e-02  -2.0061552e-01
  -3.4098597e-02  -2.0301659e-01
  -2.5011700e-02  -2.0882635e-01
  -2.3718287e-02  -2.0529657e-01
  -2.2376641e-02  -2.0863947e-01
  -2.8691961e-02  -2.0635360e-01
  -1.8741489e-02  -2.0551932e-01
  -2.4880595e-03  -2.1383086e-01
   1.2412014e-03  -2.0953478e-01
   0.0000000e+00  -2.1050403e-01
  -1.2370640e-03  -2.0688118e-01
   0.0000000e+00  -2.0899899e-01
   8.6927647e-03  -2.0717664e-01
   6.2851214e-03  -2.0077133e-01
  -6.5932413e-02  -1.6187770e-03
  -4.8588957e-02   0.0000000e+00
  -4.2078728e-02   1.6349712e-02
  -2.7398248e-02   1.8158078e-02
  -1.9096678e-02   2.0277089e-02
  -4.4318074e-02   3.2937537e-02
  -3.7851750e-02   3.7530696e-02
  -4.7307741e-02   3.8609577e-02
  -5.2851814e-02   5.4104803e-02
  -5.5622053e-02   7.2507065e-02
  -2.9991679e-02   6.0587069e-02
  -4.6012864e-02   8.8645276e-02
  -8.0683992e-03   7.4700223e-02
  -6.0672875e-02   9.5134894e-02
  -6.2214382e-02   9.6596641e-02
  -6.3279654e-02   1.1355104e-01
  -5.8100310e-02   1.2230853e-01
  -3.9562256e-02   1.3489426e-01
  -3.2833610e-02   1.3259232e-01
  -3.1331250e-02   1.3232534e-01
  -3.8839492e-02   1.4374419e-01
  -5.0876496e-02   1.3387997e-01
  -4.6981667e-02   1.3972132e-01
  -4.3142841e-02   1.4466032e-01
  -3.7859187e-02   1.4972796e-01
  -5.0488838e-02   1.6780737e-01
  -5.5221428e-02   1.8559093e-01
  -5.1387330e-02   1.8324314e-01
  -5.1989936e-02   1.9640465e-01
  -5.3215153e-02   1.9437095e-01
  -5.8432933e-02   1.7970212e-01
  -5.3223882e-02   1.9073308e-01
  -4.9621035e-02   1.8917380e-01
  -5.6525313e-02   1.9868003e-01
  -5.9671917e-02   2.0096890e-01
  -5.9766401e-02   2.0008500e-01
  -5.8378004e-02   2.0651666e-01
  -6.6569877e-02   2.1909714e-01
  -7.4487753e-02   2.1905350e-01
  -7.8512131e-02   2.1914131e-01
  -7.7302457e-02   2.1805726e-01
  -7.2508838e-02   2.1075224e-01
  -6.4312281e-02   2.1312539e-01
  -7.4798014e-02   2.1434587e-01
  -7.5565467e-02   2.1650374e-01
  -8.2273295e-02   2.3301019e-01
  -9.0642208e-02   2.4425548e-01
  -8.1523697e-02   2.5015181e-01
  -7.8507993e-02   2.5677411e-01
  -7.2138876e-02   9.9732608e-02
  -7.6320878e-02   9.5999345e-02
  -7.3599951e-02   8.4752049e-02
  -7.0990597e-02   8.1501604e-02
  -6.6972468e-02   6.9888067e-02
  -6.4652455e-02   6.3653322e-02
  -5.0835595e-02   5.7225177e-02
  -4.7972573e-02   5.1030906e-02
  -4.2449624e-02   4.1651722e-02
  -6.2465053e-02   3.5258048e-02
  -5.9826225e-02   3.2590030e-02
  -6.2610348e-02   2.2459552e-02
  -5.4877150e-02   1.0741225e-02
  -4.4439726e-02   1.0810199e-02
  -2.9690210e-02  -7.5849932e-03
  -3.7675763e-02  -1.0800902e-03
  -5.1525757e-02  -1.6873057e-02
  -5.5505474e-02  -2.4464987e-02
  -3.7720492e-02  -3.2502020e-02
  -4.4387437e-02  -3.6792178e-02
  -4.1306075e-02  -4.5620867e-02
  -4.6741864e-02  -4.4094000e-02
  -4.3899158e-02  -4.9324721e-02
  -3.4427825e-02  -6.6963719e-02
  -4.0655522e-02  -7.3324644e-02
  -5.0075319e-02  -7.4209686e-02
  -5.4931895e-02  -8.6659933e-02
  -5.6590201e-02  -8.9409970e-02
  -5.4321581e-02  -8.3951547e-02
  -5.3102913e-02  -9.0781555e-02
  -5.3323813e-02  -8.7265685e-02
  -4.7623623e-02  -9.5465403e-02
  -6.0363669e-02  -1.0964700e-01
  -6.5916306e-02  -1.1353945e-01
  -3.6040749e-02  -1.2611458e-01
  -5.2584190e-02  -1.3035189e-01
  -7.3275116e-02  -1.2802605e-01
  -8.0717434e-02  -1.3401490e-01
  -7.5716814e-02  -1.3694278e-01
  -6.5206377e-02  -1.6365934e-01
  -6.4900018e-02  -1.6281970e-01
  -6.8838764e-02  -1.6350533e-01
  -7.1398996e-02  -1.6638224e-01
  -7.4001765e-02  -1.6998448e-01
  -9.0346368e-03  -1.8250814e-01
  -1.4202318e-02  -1.7829605e-01
  -1.5609245e-02  -1.7427073e-01
  -2.4778423e-02  -1.6384635e-01
  -1.8246257e-02  -1.5718243e-01
  -2.2375717e-02  -1.4991456e-01
  -2.6083582e-02  -1.3679805e-01
  -4.6951525e-02  -1.3443550e-01
  -3.6959538e-02  -1.3737023e-01
  -2.7598585e-02  -1.2636795e-01
  -1.6983233e-02  -1.3073266e-01
  -2.5024395e-02  -1.2608888e-01
  -2.7903059e-02  -1.1975516e-01
  -2.6644873e-02  -1.1034768e-01
  -2.8081936e-02  -9.9966266e-02
  -3.7347054e-02  -1.0137770e-01
  -5.4948665e-02  -8.9981613e-02
  -6.3011242e-02  -8.8866092e-02
  -3.6402216e-02  -7.6544079e-02
  -4.2986361e-02  -7.0701073e-02
  -4.9969588e-02  -6.5519363e-02
  -4.5910551e-02  -6.1640905e-02
  -3.9123418e-02  -4.4554655e-02
  -4.0616773e-02  -4.1420605e-02
  -4.1626787e-02  -3.4019716e-02
  -5.4093676e-02  -2.4984112e-02
  -4.5999424e-02  -1.9557343e-02
  -4.5734387e-02  -1.3498521e-02
  -4.4032584e-02  -1.2318726e-02
  -4.9433173e-02   5.3606148e-04
  -6.5317208e-02   1.1763378e-02
  -6.1354715e-02   1.9271380e-02
  -6.5385223e-02   2.6253158e-02
  -6.5750996e-02   3.1264565e-02
  -5.4999034e-02   4.1564123e-02
  -6.6849266e-02   4.9539212e-02
  -5.7670272e-02   4.9166979e-02
  -6.2963392e-02   6.4955710e-02
  -5.8929765e-02   6.6047710e-02
  -5.2105423e-02   7.9680656e-02
  -5.1780683e-02   7.6423738e-02
  -6.5041004e-02   8.7953551e-02
  -7.4214324e-02   9.6108522e-02
  -6.6321108e-02   9.9583644e-02
  -8.3640092e-02   1.2402480e-01
  -9.3139041e-02   1.1561946e-01
  -6.9330858e-02   1.1087246e-01
  -7.5644838e-02   1.2980528e-01
  -7.0097772e-02   1.3284854e-01
  -1.0531757e-01   2.3624801e-01
  -1.0634364e-01   2.3040426e-01
  -1.0560623e-01   2.2332652e-01
  -1.0964406e-01   2.1812905e-01
  -1.0634114e-01   2.0979113e-01
  -1.0289120e-01   2.0939972e-01
  -1.0342266e-01   2.1081493e-01
  -9.3758131e-02   2.0388530e-01
  -9.4972823e-02   2.0311793e-01
  -8.9958949e-02   1.9403945e-01
  -9.9956157e-02   1.9117520e-01
  -8.9135639e-02   1.8052977e-01
  -9.0880494e-02   1.8035334e-01
  -8.7249770e-02   1.6886947e-01
  -1.0106107e-01   1.6397550e-01
  -9.4487573e-02   1.6207968e-01
  -9.0886262e-02   1.6206998e-01
  -8.2401888e-02   1.5391653e-01
  -8.4121982e-02   1.4820730e-01
  -9.7135383e-02   1.3795720e-01
  -9.7714157e-02   1.2208143e-01
  -9.5125175e-02   1.1307106e-01
  -9.9762303e-02   1.0308294e-01
  -9.9107416e-02   9.1978391e-02
  -9.8044969e-02   9.2814960e-02
  -9.2378499e-02   8.3046493e-02
  -8.4196611e-02   7.4630594e-02
  -7.8820219e-02   6.3636287e-02
  -7.4839207e-02   6.2029495e-02
  -7.3662207e-02   6.6010219e-02
  -6.6859281e-02   5.9352112e-02
  -7.2328665e-02   4.4728758e-02
  -7.1024173e-02   3.3918182e-02
  -4.9720387e-02   1.2943972e-02
  -4.7091841e-02   5.9391366e-03
  -4.9887614e-02  -5.4098252e-04
  -3.3703909e-02  -8.1178847e-03
  -3.8666351e-02  -2.1404960e-03
  -3.8564714e-02  -1.8691611e-02
  -3.8426453e-02  -3.5176179e-02
  -3.3422987e-02  -3.6577053e-02
  -2.8087067e-02  -4.7435769e-02
  -3.2070149e-02  -6.2651997e-02
  -3.2175837e-02  -4.5368688e-02
  -2.3867310e-02  -6.5434486e-02
  -3.7364665e-02  -5.4378396e-02
  -2.1272863e-02  -7.1088164e-02
  -3.7132023e-02  -8.0759994e-02
  -2.6416317e-02  -8.7598614e-02
  -3.8247233e-02  -2.0269462e-01
  -4.1783831e-02  -2.0860097e-01
  -3.3818471e-02  -2.1735257e-01
  -3.7524556e-02  -2.1319921e-01
  -2.9847755e-02  -2.2189452e-01
  -2.0968300e-02  -2.3251604e-01
  -1.3529309e-02  -2.3368188e-01
  -3.6657350e-03  -2.4154516e-01
  -1.1094314e-02  -2.3044857e-01
  -4.9393511e-03  -2.2644777e-01
  -7.3705677e-03  -2.3399361e-01
  -2.0994824e-02  -2.2772555e-01
  -1.7304729e-02  -2.2796863e-01
  -1.1162865e-02  -2.2891557e-01
  -1.2435389e-02  -2.2511615e-01
  -1.2417021e-02  -2.2728595e-01
  -6.2245512e-03  -2.2349758e-01
  -1.6309400e-02  -2.1024728e-01
  -2.3706618e-02  -2.0765680e-01
  -2.3859230e-02  -2.0235520e-01
  -2.5219329e-02  -1.9897898e-01
  -1.5313607e-02  -1.9117765e-01
  -1.9244636e-02  -1.8738997e-01
   6.4172647e-03  -1.8503359e-01
  -2.4591486e-02  -1.7208039e-01
  -3.5891548e-02  -1.6724364e-01
  -2.5802667e-02  -1.5896690e-01
  -3.9241171e-02  -1.4358694e-01
  -5.0066638e-02  -1.4348801e-01
  -3.8055789e-02  -1.5175184e-01
  -2.6514552e-02  -1.3921193e-01
  -4.1039476e-02  -1.2846885e-01
  -4.6122280e-02  -1.2955650e-01
  -4.6439127e-02  -1.1552184e-01
  -4.7631301e-02  -1.1745573e-01
  -4.7796466e-02  -1.1388282e-01
  -5.4602080e-02  -1.0568791e-01
  -6.1416827e-02  -1.0141047e-01
  -6.6478472e-02  -8.3720585e-02
  -6.3220441e-02  -7.7417086e-02
  -8.4877179e-02  -7.3656458e-02
  -5.0548715e-02  -7.7556998e-02
  -4.8575805e-02  -6.4909060e-02
  -6.4882488e-02  -5.1192761e-02
  -7.1486075e-02  -3.9040840e-02
  -7.8929275e-02  -3.1152287e-02
  -6.5262888e-02  -3.4255252e-02
  -7.1251149e-02  -2.8077130e-02
  -5.7075789e-02  -2.8794768e-02
