   2.1203612e-01  -7.8604258e-02
   4.6600692e-01   6.7661821e-02
   4.6996454e-01   7.5414213e-02
   4.5210376e-01   8.5161422e-02
   4.5278711e-01   8.3690014e-02
   4.4900600e-01   9.1262055e-02
   4.4520495e-01   1.0138142e-01
   4.4206983e-01   1.0847732e-01
   4.3951999e-01   1.0533218e-01
   4.3220046e-01   1.0406746e-01
   4.3529869e-01   1.0916844e-01
   4.2316131e-01   1.2203368e-01
   4.1270954e-01   1.2363759e-01
   3.8645986e-01   1.3247230e-01
   3.7324478e-01   1.3748166e-01
   3.6571091e-01   1.4292486e-01
   3.4542103e-01   1.4426364e-01
   3.6094505e-01   1.4772198e-01
   3.2895354e-01   1.5623169e-01
   3.0847863e-01   1.6837969e-01
   3.0341315e-01   1.7328447e-01
   2.9115824e-01   1.7560595e-01
   2.9692979e-01   1.8120990e-01
   2.7867716e-01   1.9455046e-01
   2.3503283e-01   1.9038997e-01
   2.2370881e-01   1.9773660e-01
   2.0895171e-01   2.0431685e-01
   1.9983664e-01   2.0564934e-01
   1.7597885e-01   2.2100449e-01
   1.6281659e-01   2.1247811e-01
   1.6324820e-01   2.1245609e-01
   1.4992144e-01   2.0766812e-01
   1.1602260e-01   2.2323797e-01
   1.1401522e-01   2.2162953e-01
   1.0014029e-01   2.2176118e-01
   8.4188061e-02   2.2683609e-01
   4.7520948e-02   2.3106387e-01
   3.3151143e-02   2.3248642e-01
   1.0195402e-02   2.3779042e-01
   3.8614396e-03   2.3116904e-01
  -1.9210214e-02   2.3985225e-01
  -2.4468293e-02   2.3802573e-01
  -4.5850510e-02   2.4149959e-01
  -5.7501046e-02   2.3828453e-01
  -7.8537822e-02   2.4091116e-01
  -9.4356159e-02   2.3364505e-01
  -1.1532606e-01   2.4098270e-01
  -1.3968300e-01   2.4184854e-01
  -2.4166916e-01   6.0036101e-02
  -2.4127080e-01   5.0323321e-02
  -2.4063740e-01   4.7443871e-02
  -2.3394543e-01   4.6696261e-02
  -2.2914839e-01   3.9499153e-02
  -2.1851824e-01   2.9258589e-02
  -2.2339403e-01   3.4043348e-02
  -2.3537966e-01   2.9798421e-02
  -2.3465103e-01   2.9708728e-02
  -2.1811785e-01   2.7407394e-02
  -2.3844292e-01   2.1012685e-02
  -2.5391488e-01   2.5191063e-02
  -2.3492952e-01   2.2181175e-02
  -2.2110331e-01   0.0000000e+00
  -2.3512713e-01   5.8093554e-03
  -2.2637698e-01   1.2123617e-02
  -2.2197494e-01   6.8424798e-03
  -2.0533239e-01  -1.5869749e-03
  -1.8889164e-01  -1.3222078e-02
  -1.7866576e-01  -1.4750048e-02
  -1.7255552e-01  -7.8671815e-03
  -1.6641638e-01  -1.5264453e-02
  -1.6477072e-01  -1.4710919e-02
  -1.7730916e-01  -1.7913153e-02
  -1.7363050e-01  -1.6764714e-02
  -1.4110827e-01  -2.6636748e-02
  -1.3642334e-01  -3.2753858e-02
  -1.3257769e-01  -3.7480763e-02
  -1.3839384e-01  -3.3433456e-02
  -1.0907043e-01  -6.4909251e-02
  -8.5271686e-02  -6.5197346e-02
  -8.4414602e-02  -7.2480742e-02
  -8.0867275e-02  -7.8740217e-02
  -7.6407148e-02  -7.1398956e-02
  -6.5731053e-02  -7.5618678e-02
  -3.0148942e-02  -8.2540765e-02
  -2.6401848e-02  -8.2594415e-02
  -1.1938372e-02  -8.6890445e-02
  -1.0701994e-02  -8.5972459e-02
   1.3379747e-03  -7.8196680e-02
   2.5206552e-02  -9.3002931e-02
   3.8188571e-02  -9.3931095e-02
   4.1910747e-01   1.8517570e-02
   4.1722952e-01   1.7585636e-02
   4.0249847e-01   2.1143085e-02
   4.3220379e-01   2.7609307e-02
   4.2996178e-01   3.6278749e-02
   4.5154183e-01   3.1937285e-02
   4.5691905e-01   4.5928231e-02
   4.5568086e-01   5.0737705e-02
   4.6086889e-01   5.7379445e-02
   4.7461835e-01   6.1017898e-02
   4.7289419e-01   6.8220470e-02
   4.8456890e-01   7.4176065e-02
   4.8455651e-01   8.4055692e-02
   4.8926011e-01   8.3791557e-02
   4.8358305e-01   9.1745078e-02
   4.8483668e-01   1.0384651e-01
   4.7739413e-01   1.0728096e-01
   4.8530269e-01   1.1055912e-01
   4.8635209e-01   1.1420630e-01
   4.8691864e-01   1.1990710e-01
   4.9512735e-01   1.2039290e-01
   4.9328344e-01   1.1863077e-01
   4.8076555e-01   1.2675349e-01
   4.6384422e-01   1.4319357e-01
   4.5635051e-01   1.4308482e-01
   4.8079339e-01   1.3620526e-01
   4.5489476e-01   1.4019599e-01
   4.3852075e-01   1.5933108e-01
   4.5652263e-01   1.5283341e-01
   4.3302369e-01   1.4338987e-01
   4.1905393e-01   1.5917674e-01
   4.1072254e-01   1.5640991e-01
   3.9329411e-01   1.5564778e-01
   3.8756367e-01   1.6412002e-01
   3.6414316e-01   1.6334504e-01
   3.3766413e-01   1.6566741e-01
   3.3773558e-01   1.7463837e-01
   3.1222527e-01   1.6724879e-01
   2.8018504e-01   1.8311203e-01
   2.6494662e-01   1.7476818e-01
   2.5093548e-01   1.7164473e-01
   2.4516042e-01   1.7844472e-01
   1.9749695e-01   1.7998236e-01
   1.6796684e-01   1.8402428e-01
   1.6432983e-01   1.9661419e-01
   1.4904670e-01   1.8763204e-01
   1.2279641e-01   1.9818524e-01
   7.1109998e-02   2.0001412e-01
  -3.5808309e-01   1.4147573e-01
  -3.9108539e-01   1.4600463e-01
  -3.8754707e-01   1.3607410e-01
  -3.7794368e-01   1.3342922e-01
  -3.6874894e-01   1.2036227e-01
  -3.4843045e-01   1.1351916e-01
  -3.3746832e-01   1.2086387e-01
  -3.1832939e-01   1.1546060e-01
  -3.1211742e-01   1.0336712e-01
  -3.2721216e-01   1.0053804e-01
  -3.2371657e-01   9.0107762e-02
  -3.0314445e-01   7.6756657e-02
  -2.9643586e-01   7.6100841e-02
  -3.0397990e-01   7.6767366e-02
  -2.9432373e-01   7.1209312e-02
  -2.4389675e-01   6.7960675e-02
  -2.3879079e-01   5.7697431e-02
  -2.3051692e-01   6.1921796e-02
  -2.0642969e-01   5.3061002e-02
  -1.8904790e-01   4.4704823e-02
  -1.8993046e-01   4.7637467e-02
  -1.7874417e-01   4.6513473e-02
  -1.6714313e-01   4.3995425e-02
  -1.5852871e-01   4.2810832e-02
  -1.5348636e-01   4.6769189e-02
  -1.3054158e-01   3.2323851e-02
  -1.0978924e-01   3.2742200e-02
  -1.0760948e-01   2.7490189e-02
  -9.4364942e-02   2.5945895e-02
  -8.7734923e-02   2.3275056e-02
  -6.9785329e-02   1.8306043e-02
  -4.2833391e-02   9.1331224e-03
  -4.1621447e-02   9.1612645e-03
  -1.8780401e-02   1.6156901e-03
  -1.3400767e-03  -3.2284247e-03
   2.6797556e-03  -9.6852592e-03
   6.7208068e-03   3.7779551e-03
   9.2835023e-03  -1.3316253e-02
   4.2806702e-02  -2.9718580e-02
   3.2768942e-02  -2.4227113e-02
   3.8165124e-02  -2.3792432e-02
   5.7998598e-02  -2.8062848e-02
   8.2444964e-02  -4.5264385e-02
   8.5651225e-02  -3.9176421e-02
   8.5273625e-02  -3.9078017e-02
   1.0279407e-01  -3.9656137e-02
   4.2311420e-01   6.1052665e-03
   4.3459336e-01   8.1606621e-03
   4.3921602e-01   1.9789366e-02
   4.5757248e-01   1.3629190e-02
   4.5576807e-01   2.0425428e-02
   4.4670457e-01   3.2912856e-02
   4.5020016e-01   4.1744232e-02
   4.6569946e-01   4.0732925e-02
   4.7362488e-01   3.7017137e-02
   4.6909231e-01   4.7757839e-02
   4.5817852e-01   6.2985373e-02
   4.6357236e-01   5.8725299e-02
   4.7619957e-01   6.9892687e-02
   4.7522163e-01   7.6176849e-02
   4.7062401e-01   8.6267755e-02
   4.7255546e-01   9.5956975e-02
   4.7615331e-01   9.0709144e-02
   4.7491306e-01   1.1310222e-01
   4.7345631e-01   1.1366207e-01
   4.6461981e-01   1.1571309e-01
   4.6378358e-01   1.2703744e-01
   4.4500745e-01   1.3607648e-01
   4.4649973e-01   1.4336786e-01
   4.3405324e-01   1.5116510e-01
   4.1872965e-01   1.5312951e-01
   4.1722245e-01   1.5774774e-01
   4.0778317e-01   1.6084490e-01
   4.0052098e-01   1.7298578e-01
   3.8968281e-01   1.7897656e-01
   3.6498028e-01   1.8173221e-01
   3.4984766e-01   1.9262814e-01
   3.4537515e-01   1.9447819e-01
   3.2704529e-01   2.0654689e-01
   3.0706657e-01   2.1614645e-01
   2.8475195e-01   2.1757066e-01
   2.8982168e-01   2.1807643e-01
   2.7065600e-01   2.2732276e-01
   2.4678034e-01   2.3113810e-01
   2.3181050e-01   2.4037460e-01
   2.1742451e-01   2.4371563e-01
   2.0179584e-01   2.3894960e-01
   1.7830588e-01   2.5729527e-01
   1.6811550e-01   2.5678127e-01
   1.5956989e-01   2.5513488e-01
   1.3427378e-01   2.6862771e-01
   1.0383046e-01   2.6738201e-01
   8.4656235e-02   2.6630245e-01
   7.1678276e-02   2.7272838e-01
   5.7892933e-02   2.7462739e-01
  -2.4256119e-01   1.2305763e-01
  -3.2004716e-01   1.5064948e-01
  -2.9094719e-01   9.2080892e-02
  -2.9409415e-01   1.4009214e-01
  -3.0587660e-01   1.3219666e-01
  -2.8550212e-01   1.0197124e-01
  -2.6801108e-01   8.5229492e-02
  -2.9805098e-01   1.1851891e-01
  -2.5612590e-01   8.1942522e-02
  -2.7738179e-01   8.2595237e-02
  -2.6512512e-01   6.7043991e-02
  -2.9620227e-01   7.5074337e-02
  -2.8150454e-01   4.5019378e-02
  -2.9464671e-01   5.8897672e-02
  -3.0499108e-01   4.9754867e-02
  -3.1851496e-01   2.8441665e-02
  -3.1868396e-01   3.6074901e-02
  -3.6308487e-01   4.3106560e-02
  -3.7225267e-01   3.3262434e-02
  -3.6192862e-01   1.5171394e-02
  -3.7750584e-01   1.7123334e-02
  -3.7610345e-01   2.5353954e-02
  -3.8195600e-01   3.1233969e-03
  -3.8340657e-01   1.0376281e-02
  -3.7695122e-01   0.0000000e+00
  -3.8139401e-01  -1.5602263e-02
  -3.6411824e-01  -1.5087746e-02
  -3.6788095e-01  -1.7208616e-02
  -3.7009212e-01  -3.1271808e-02
  -3.5938885e-01  -3.2670091e-02
  -3.5984941e-01  -4.6472139e-02
  -3.7187654e-01  -5.0372726e-02
  -3.4717246e-01  -5.3471062e-02
  -3.4330418e-01  -5.6681947e-02
  -3.2927455e-01  -6.2226390e-02
  -3.2582733e-01  -6.7945909e-02
  -3.3425341e-01  -7.4323406e-02
  -3.3766131e-01  -6.9362587e-02
  -3.3665050e-01  -7.2580472e-02
  -3.3602890e-01  -8.2508833e-02
  -3.2571963e-01  -8.3630959e-02
  -3.2477906e-01  -7.9840505e-02
  -2.9992996e-01  -7.9864046e-02
  -2.9967461e-01  -8.3730965e-02
  -2.8383520e-01  -8.7180687e-02
  -2.6995974e-01  -8.2304488e-02
  -2.6465338e-01  -8.9363771e-02
  -2.4514411e-01  -8.9707714e-02
   1.9972330e-01  -4.5935959e-02
   2.0827710e-01  -4.3311390e-02
   2.2456926e-01  -3.9197261e-02
   2.4487877e-01  -3.0494359e-02
   2.6406192e-01  -3.1190596e-02
   2.7080731e-01  -2.0151671e-02
   2.9863006e-01  -2.1714621e-02
   3.3037034e-01  -2.2078499e-02
   3.4981842e-01  -2.1345230e-02
   3.5028080e-01  -1.7196634e-02
   3.6360514e-01  -9.9064090e-03
   3.7403256e-01  -4.1882759e-03
   3.8213353e-01  -3.1137334e-03
   3.9180428e-01  -3.1203039e-03
   3.8871084e-01  -1.0397015e-03
   4.0708247e-01   3.1134946e-03
   4.2728736e-01   7.7733968e-03
   4.2860605e-01   4.6916356e-03
   4.3987377e-01   1.2046301e-02
   4.5076139e-01   1.5103436e-02
   4.6063563e-01   1.9185020e-02
   4.7941096e-01   2.4698703e-02
   4.8550570e-01   2.8740995e-02
   4.9186440e-01   3.3202556e-02
   4.9281250e-01   4.0975652e-02
   4.9208197e-01   3.7322720e-02
   4.8819510e-01   5.0555224e-02
   4.9180216e-01   5.5141738e-02
   4.9963883e-01   5.5147291e-02
   4.9821561e-01   6.8241838e-02
   4.9668126e-01   7.0481030e-02
   5.0884386e-01   6.9023974e-02
   5.0929459e-01   8.5142578e-02
   5.0073189e-01   8.5820022e-02
   5.0002636e-01   7.5554608e-02
   5.0506526e-01   8.6823211e-02
   4.9421732e-01   9.9128724e-02
   4.8935886e-01   1.0086549e-01
   4.8093426e-01   1.0377478e-01
   4.7089147e-01   1.0480391e-01
   4.5808181e-01   1.1468213e-01
   4.4807301e-01   1.1923980e-01
   4.3113588e-01   1.1458147e-01
   4.2876603e-01   1.2036501e-01
   4.2509983e-01   1.3017529e-01
   4.0963275e-01   1.4038862e-01
   4.2751840e-01   1.3906815e-01
   4.0382433e-01   1.4297781e-01
   3.7680013e-01   1.4679236e-01
  -1.0832056e-01   2.2055658e-01
  -1.2487756e-01   2.1809476e-01
  -1.3133429e-01   2.2280869e-01
  -1.5190830e-01   2.1383877e-01
  -1.7895927e-01   2.1668919e-01
  -1.9097562e-01   2.1726775e-01
  -1.9293846e-01   2.0335124e-01
  -2.1019972e-01   2.0612464e-01
  -1.7504193e-01   1.9570465e-01
  -1.8951366e-01   2.0331581e-01
  -1.8540478e-01   1.8511381e-01
  -1.8564545e-01   1.9934422e-01
  -1.7795640e-01   1.7856492e-01
  -1.9349954e-01   1.8668033e-01
  -1.8429013e-01   1.7717070e-01
  -1.9568579e-01   1.7289516e-01
  -1.7942877e-01   1.5786661e-01
  -1.8362183e-01   1.6587956e-01
  -1.7300110e-01   1.5227742e-01
  -1.8220669e-01   1.5495528e-01
  -1.6106697e-01   1.4555476e-01
  -1.6201944e-01   1.4635437e-01
  -1.6388552e-01   1.3535582e-01
  -1.5276999e-01   1.2877003e-01
  -1.4802579e-01   1.2176209e-01
  -1.4550645e-01   1.1321311e-01
  -1.3831148e-01   1.0595739e-01
  -1.4631533e-01   1.0110906e-01
  -1.2211306e-01   9.6491691e-02
  -1.1236734e-01   9.6905722e-02
  -1.1313697e-01   7.6209623e-02
  -1.0762407e-01   7.2819619e-02
  -1.0451822e-01   6.8135302e-02
  -1.0012077e-01   6.6797932e-02
  -1.0248150e-01   5.7340631e-02
  -1.0925750e-01   5.6838916e-02
  -9.8906681e-02   5.6509840e-02
  -9.8075637e-02   5.0799379e-02
  -8.7506204e-02   3.7851054e-02
  -7.9347988e-02   3.7827181e-02
  -6.7126539e-02   3.5611267e-02
  -7.0239404e-02   2.6570921e-02
  -5.0655762e-02   2.6239486e-02
  -2.5096607e-02   1.3791300e-02
  -3.9121192e-03   1.1521689e-02
   5.2479256e-03   7.9025220e-03
   1.7073942e-02  -4.7458716e-03
   2.5004973e-02  -5.2831997e-04
   2.7670264e-01  -5.3594859e-02
   2.8569617e-01  -4.8700731e-02
   2.8951368e-01  -5.1809873e-02
   2.9647083e-01  -4.5071160e-02
   3.0055033e-01  -4.2453311e-02
   3.0273165e-01  -4.5496463e-02
   3.1196565e-01  -2.8968784e-02
   3.1198301e-01  -2.8451484e-02
   3.0846808e-01  -3.3192525e-02
   3.1994696e-01  -2.4997450e-02
   3.1003162e-01  -2.0386628e-02
   3.2879626e-01  -1.7787490e-02
   3.3891838e-01  -1.4071171e-02
   3.3127971e-01  -9.9258080e-03
   3.3234364e-01  -1.5653603e-03
   3.2696415e-01   3.6709110e-03
   3.4196173e-01  -4.6547929e-03
   3.4008623e-01   2.3018476e-02
   3.4536353e-01   1.2008990e-02
   3.5051695e-01   1.8701928e-02
   3.4759907e-01   3.5377140e-02
   3.4557456e-01   3.6505193e-02
   3.5200856e-01   3.8295726e-02
   3.5260815e-01   4.6823616e-02
   3.6183839e-01   4.8117354e-02
   3.7818980e-01   6.6733215e-02
   3.9250619e-01   6.3788169e-02
   4.0161519e-01   6.1707324e-02
   4.0569181e-01   7.5470493e-02
   4.0622320e-01   8.8027548e-02
   4.2093776e-01   8.6595614e-02
   4.1755272e-01   9.1643180e-02
   4.3256419e-01   9.3628795e-02
   4.1964819e-01   1.1222060e-01
   4.1349191e-01   1.0632203e-01
   4.2466217e-01   1.0889235e-01
   4.2714817e-01   1.2426471e-01
   4.0644176e-01   1.3061284e-01
   3.9669457e-01   1.3140277e-01
   4.0589788e-01   1.3398418e-01
   3.9339304e-01   1.4704195e-01
   3.7932545e-01   1.4830929e-01
   3.7754104e-01   1.4873755e-01
   3.8382621e-01   1.5297599e-01
   3.6362668e-01   1.6304739e-01
   3.5458458e-01   1.5763682e-01
   3.4312074e-01   1.7003790e-01
   3.2737836e-01   1.5460840e-01
   3.1768464e-01   1.6544390e-01
   2.9805895e-01   1.7526236e-01
  -1.3057506e-01   1.8912825e-01
  -1.3493003e-01   1.9326585e-01
  -1.5336995e-01   1.9372524e-01
  -1.6538040e-01   1.7607001e-01
  -1.9754010e-01   2.0001481e-01
  -1.9919657e-01   1.6812034e-01
  -2.2312363e-01   1.8677348e-01
  -2.0571509e-01   1.7577745e-01
  -2.1358784e-01   1.6964757e-01
  -2.1527319e-01   1.4976727e-01
  -2.2666570e-01   1.6963262e-01
  -2.2435261e-01   1.5274521e-01
  -2.3990057e-01   1.4547111e-01
  -2.1726326e-01   1.3312520e-01
  -2.5983070e-01   1.4967927e-01
  -2.4679372e-01   1.1434647e-01
  -2.4050825e-01   1.2413674e-01
  -2.6695585e-01   1.1967191e-01
  -3.0285422e-01   1.3576307e-01
  -3.0329025e-01   1.0029854e-01
  -3.2363681e-01   1.2036677e-01
  -3.2513021e-01   9.8272642e-02
  -3.6218823e-01   1.1402397e-01
  -3.4410095e-01   8.9335478e-02
  -3.5028714e-01   1.0979459e-01
  -3.2932796e-01   8.7388417e-02
  -3.3851515e-01   9.1156661e-02
  -3.0245304e-01   6.8886121e-02
  -3.0791345e-01   6.8149247e-02
  -2.9817705e-01   6.0106038e-02
  -3.0724786e-01   6.9476936e-02
  -2.8784938e-01   4.0989097e-02
  -2.6810456e-01   3.2727886e-02
  -2.8294858e-01   3.8741257e-02
  -3.0090541e-01   4.3856568e-02
  -2.8906216e-01   2.5991165e-02
  -2.8691187e-01   1.7368395e-02
  -2.7449518e-01   1.8344446e-02
  -2.7080436e-01   1.8466535e-02
  -2.5511307e-01   1.2113772e-02
  -2.4482366e-01   5.7784549e-03
  -2.3598266e-01  -6.3239644e-03
  -2.1444306e-01  -4.2231369e-03
  -2.0909815e-01  -7.9233825e-03
  -2.0049587e-01  -1.7519203e-02
  -2.0270663e-01  -1.2789961e-02
  -2.1519651e-01  -1.5463364e-02
  -1.9552548e-01  -2.5215225e-02
  -2.1031747e-01  -2.5569038e-02
