  -2.0215970e-01   2.1017865e-01
  -4.1255534e-01   1.5923800e-02
  -4.1524995e-01   1.8566634e-02
  -3.9596370e-01   6.8743991e-03
  -3.9680365e-01   6.4248029e-03
  -3.8764168e-01  -5.3528773e-03
  -3.7400995e-01  -4.2186131e-03
  -3.3488297e-01  -1.7950683e-02
  -3.1444713e-01  -1.9268170e-02
  -3.1691141e-01  -1.8570709e-02
  -3.2551537e-01  -1.7991826e-02
  -3.2452971e-01  -2.8446810e-02
  -3.1424996e-01  -2.6558830e-02
  -2.9612581e-01  -2.4699749e-02
  -2.8762327e-01  -2.1858075e-02
  -2.8735196e-01  -1.5002978e-02
  -2.7020571e-01  -2.6864342e-02
  -2.6175904e-01  -2.9279841e-02
  -2.4979857e-01  -2.3363172e-02
  -2.3808472e-01  -2.8628487e-02
  -2.2634148e-01  -2.6222757e-02
  -2.1380193e-01  -3.0428639e-02
  -2.1035804e-01  -3.2677160e-02
  -2.0272357e-01  -2.5948892e-02
  -1.7846636e-01  -3.3130670e-02
  -1.5337019e-01  -3.4952795e-02
  -1.1369557e-01  -4.4046835e-02
  -9.1455372e-02  -4.6902806e-02
  -6.0177089e-02  -4.1968332e-02
  -4.5725200e-02  -4.4952394e-02
  -2.3023124e-02  -5.7421504e-02
  -2.4486870e-02  -3.6677544e-02
   5.4899152e-03  -4.7024642e-02
   4.0710546e-02  -4.6468963e-02
   5.4905920e-02  -5.1820205e-02
   8.0284048e-02  -5.6082764e-02
   1.0417495e-01  -5.7191224e-02
   1.2854049e-01  -4.9948925e-02
   1.4512766e-01  -4.8838602e-02
   1.7480338e-01  -5.3968333e-02
   1.9107421e-01  -4.3296987e-02
   1.9807160e-01  -4.3538299e-02
   2.1517675e-01  -3.5700328e-02
   2.3877225e-01  -3.3298823e-02
   2.7321932e-01  -3.5529704e-02
   2.9441909e-01  -3.2797937e-02
   2.9950447e-01  -2.5734321e-02
   3.1875977e-01  -2.9667986e-02
   3.3841356e-01  -1.5460101e-02
   3.6926104e-01  -2.0035437e-02
   2.9651563e-01   1.8277543e-01
   2.5244748e-01   1.6974588e-01
   2.7625844e-01   1.7546386e-01
   2.4407547e-01   2.0205436e-01
   2.2761229e-01   1.7168618e-01
   2.0405883e-01   1.9143159e-01
   1.8531527e-01   2.1239771e-01
   1.7905623e-01   1.9842104e-01
   1.6554067e-01   2.0648231e-01
   1.1701891e-01   2.1490362e-01
   1.0705504e-01   2.1819208e-01
   1.1560342e-01   2.0847386e-01
   7.8738527e-02   2.2023815e-01
   3.6982124e-02   2.2918798e-01
   1.7699745e-02   2.3417379e-01
   2.0087502e-02   2.3816289e-01
   0.0000000e+00   2.1929101e-01
  -2.5966021e-03   2.1684329e-01
  -4.8130468e-02   2.3733761e-01
  -8.4844723e-02   2.4276676e-01
  -4.3461606e-02   2.2576650e-01
  -5.9522684e-02   2.2407321e-01
  -9.9086471e-02   2.4568454e-01
  -9.4654306e-02   2.1022273e-01
  -1.3993997e-01   2.0153815e-01
  -1.5323744e-01   2.1802727e-01
  -1.7602428e-01   2.3903081e-01
  -1.8763290e-01   1.9131405e-01
  -2.3805988e-01   2.1326415e-01
  -2.2967347e-01   2.2058687e-01
  -2.3318224e-01   2.2543277e-01
  -2.6259553e-01   2.1940859e-01
  -2.9081958e-01   2.1862363e-01
  -2.7881232e-01   2.2479207e-01
  -2.8060443e-01   2.2826116e-01
  -2.8814175e-01   2.0836424e-01
  -2.6896227e-01   1.9055519e-01
  -2.6571663e-01   1.8624671e-01
  -2.9218963e-01   1.9809073e-01
  -3.1427265e-01   1.8787582e-01
  -3.2118922e-01   1.6728633e-01
  -3.3560151e-01   1.6718497e-01
  -3.3986678e-01   1.7323832e-01
  -3.4263663e-01   1.6856766e-01
  -3.5099539e-01   1.2860794e-01
  -3.6397220e-01   1.3616157e-01
  -3.5956669e-01   1.3161112e-01
  -3.8738002e-01   1.1451670e-01
  -4.2143334e-01   1.0344834e-01
  -4.3058355e-01   9.4647536e-02
  -3.0532479e-01  -5.1726941e-02
  -2.8878905e-01  -5.1971350e-02
  -3.1607588e-01  -4.4080936e-02
  -2.9881569e-01  -5.2733604e-02
  -3.0321567e-01  -4.5847676e-02
  -2.8779587e-01  -4.7450380e-02
  -2.7305627e-01  -4.6792642e-02
  -2.4006098e-01  -6.0839686e-02
  -2.1984579e-01  -5.0806622e-02
  -1.9921594e-01  -3.7281097e-02
  -1.9430885e-01  -4.6168671e-02
  -1.8132420e-01  -4.6121273e-02
  -1.8139877e-01  -3.0291290e-02
  -1.8547819e-01  -2.3709118e-02
  -1.6226502e-01  -2.5896903e-02
  -1.4469875e-01  -2.6234732e-02
  -1.0204606e-01  -3.4473663e-02
  -9.7878269e-02  -1.6651395e-02
  -5.7752516e-02  -2.1567927e-02
  -3.8990607e-02  -2.1061136e-02
  -3.0922318e-02  -2.1604664e-02
   1.5102852e-02  -1.5441236e-02
   1.0961738e-02  -1.4308956e-02
   2.0471320e-02  -1.0960419e-02
   6.2706363e-02  -1.3672587e-02
   6.9155215e-02  -1.6318811e-02
   8.9904057e-02  -4.3655305e-03
   1.1068228e-01  -2.1869423e-03
   1.1839018e-01  -2.7210361e-03
   1.3526725e-01   7.0953411e-03
   1.5061260e-01   6.0087257e-03
   1.5525411e-01   1.1950605e-02
   1.6825968e-01   2.1094473e-02
   1.8248832e-01   2.0294986e-02
   2.0843515e-01   1.2113413e-02
   2.3511434e-01   1.7564821e-02
   2.5861704e-01   1.8023271e-02
   2.7040135e-01   2.8300571e-02
   2.9465418e-01   2.7626757e-02
   3.1201603e-01   2.6448747e-02
   3.1745636e-01   3.1288754e-02
   3.3077136e-01   4.2916414e-02
   3.4696803e-01   3.1877081e-02
   3.6656599e-01   3.7041958e-02
   3.7604332e-01   5.0453681e-02
   3.7965115e-01   4.9209684e-02
   3.9269560e-01   5.1281368e-02
   4.0004339e-01   5.5378384e-02
   4.1254230e-01   4.9622488e-02
   3.5172512e-01  -4.6355325e-02
   3.3517825e-01  -4.9986988e-02
   3.2859442e-01  -4.7608845e-02
   3.2722227e-01  -5.8315631e-02
   3.2231109e-01  -6.9498803e-02
   2.9908835e-01  -6.6530999e-02
   2.7963324e-01  -7.2655321e-02
   2.7190672e-01  -7.7027904e-02
   2.5360233e-01  -7.7533367e-02
   2.5278290e-01  -8.8840032e-02
   2.3773429e-01  -9.7088671e-02
   2.1619131e-01  -9.5589146e-02
   2.2859609e-01  -9.8401693e-02
   2.2910752e-01  -1.0362670e-01
   2.2815774e-01  -1.0652943e-01
   2.1851663e-01  -1.1582380e-01
   2.0546386e-01  -1.1719938e-01
   1.9647165e-01  -1.1185796e-01
   1.8236135e-01  -1.1172618e-01
   1.8623468e-01  -1.2030580e-01
   1.7279519e-01  -1.1873366e-01
   1.5774401e-01  -1.1542849e-01
   1.4201421e-01  -1.1221315e-01
   1.3917177e-01  -1.1697975e-01
   1.1837327e-01  -1.1108537e-01
   9.1942802e-02  -1.1240103e-01
   9.2675592e-02  -1.2289941e-01
   8.2752537e-02  -1.0965354e-01
   7.9505619e-02  -1.0878645e-01
   7.1243610e-02  -1.0923305e-01
   7.2734136e-02  -1.1008709e-01
   6.4705385e-02  -9.4902309e-02
   5.6733414e-02  -1.0822094e-01
   2.4423873e-02  -1.0577065e-01
   1.4172202e-02  -9.0252073e-02
   1.1535285e-02  -8.1214901e-02
  -1.0192632e-02  -8.8157769e-02
  -2.1595970e-02  -8.1527293e-02
  -3.5460388e-02  -8.8644168e-02
  -3.0665429e-02  -7.4583583e-02
  -4.0898199e-02  -7.3531972e-02
  -6.0043005e-02  -8.5644421e-02
  -4.9927197e-02  -6.6784331e-02
  -6.5210213e-02  -6.3521420e-02
  -7.7640753e-02  -6.2673970e-02
  -7.6450514e-02  -6.5417878e-02
  -9.0601604e-02  -6.1590540e-02
  -9.1360521e-02  -4.9354584e-02
  -1.1501932e-01  -6.2114329e-02
   8.8379322e-02   2.2703003e-02
   1.0355507e-01   2.4343892e-02
   1.2540993e-01   3.2562019e-02
   1.7348749e-01   2.7226369e-02
   1.8694891e-01   3.6432606e-02
   2.0453959e-01   3.0005326e-02
   2.2311856e-01   3.6393953e-02
   2.4066433e-01   3.6273522e-02
   2.6101645e-01   4.0488567e-02
   2.8628910e-01   3.5384709e-02
   2.9682072e-01   4.3886006e-02
   3.1961078e-01   4.4204604e-02
   3.3668733e-01   4.2390145e-02
   3.4728733e-01   5.1133780e-02
   3.5922202e-01   4.3043799e-02
   3.6341162e-01   4.2181548e-02
   3.8420370e-01   4.8546138e-02
   3.9834562e-01   4.8501855e-02
   4.1947732e-01   4.0887175e-02
   4.4463991e-01   4.2817313e-02
   4.7967664e-01   4.7343199e-02
   4.9157263e-01   4.7446351e-02
   4.9653754e-01   4.8504808e-02
   5.2808657e-01   4.6499080e-02
   5.6438393e-01   5.0834478e-02
   5.6476442e-01   5.5532382e-02
   5.5805554e-01   5.9697441e-02
   5.8241983e-01   5.2010709e-02
   5.9823214e-01   6.2232314e-02
   6.2216388e-01   6.7456798e-02
   6.1790272e-01   6.9351332e-02
   6.1812019e-01   6.6655686e-02
   6.0597927e-01   8.1214003e-02
   5.9731942e-01   7.5518722e-02
   5.8810085e-01   8.6938887e-02
   5.8968600e-01   8.6236138e-02
   5.9417442e-01   8.9223489e-02
   6.0580945e-01   8.7681898e-02
   5.8363560e-01   9.0596746e-02
   5.7444307e-01   8.4484764e-02
   5.6323217e-01   8.9783197e-02
   5.5433900e-01   9.6655645e-02
   5.5643898e-01   8.7470747e-02
   5.2842745e-01   1.0048809e-01
   5.1479319e-01   9.2276637e-02
   4.9380146e-01   1.0328683e-01
   4.7768435e-01   1.0313143e-01
   4.6515714e-01   1.0827616e-01
   4.5319171e-01   9.6461332e-02
  -2.6497264e-01   1.2435171e-01
  -2.7498195e-01   1.1040942e-01
  -2.5687597e-01   1.0484932e-01
  -2.5668530e-01   9.5130572e-02
  -2.7245823e-01   8.8674990e-02
  -3.0235694e-01   1.0799961e-01
  -3.4825054e-01   9.1283649e-02
  -3.1510142e-01   7.7735594e-02
  -3.3192249e-01   8.6586302e-02
  -3.5927807e-01   8.9991392e-02
  -3.7294018e-01   1.0325044e-01
  -3.9056135e-01   8.1679153e-02
  -4.1505155e-01   9.8613090e-02
  -4.9500966e-01   9.2911087e-02
  -4.9278077e-01   8.6973709e-02
  -4.6654731e-01   9.0874260e-02
  -4.8825592e-01   8.5811470e-02
  -4.9709483e-01   1.0167132e-01
  -5.2997336e-01   9.0086030e-02
  -5.7185853e-01   9.1707859e-02
  -5.4962656e-01   8.3825109e-02
  -5.7982990e-01   1.0482441e-01
  -5.8183001e-01   8.9786618e-02
  -5.4751020e-01   8.2194587e-02
  -5.2286762e-01   7.0954954e-02
  -5.2783714e-01   7.0643995e-02
  -5.2947858e-01   6.3297986e-02
  -5.0663451e-01   4.7670020e-02
  -4.9762919e-01   4.3861477e-02
  -4.7991528e-01   3.3760487e-02
  -4.5531669e-01   2.0502058e-02
  -4.2527273e-01   7.3643807e-03
  -4.0666978e-01   3.6779484e-03
  -4.0827230e-01   2.1163366e-03
  -4.0317992e-01   0.0000000e+00
  -3.8061465e-01  -1.0110396e-02
  -3.6799205e-01  -1.3280947e-02
  -3.7153868e-01  -3.0478215e-02
  -3.6758533e-01  -2.5686855e-02
  -3.3339128e-01  -2.5234935e-02
  -3.1756471e-01  -4.1086878e-02
  -3.0373213e-01  -4.1725290e-02
  -2.9855760e-01  -3.6727014e-02
  -2.8020523e-01  -4.1123885e-02
  -2.7551461e-01  -3.3469299e-02
  -2.7806967e-01  -3.6503395e-02
  -2.6788012e-01  -3.8431264e-02
  -2.4905612e-01  -3.7273558e-02
  -2.3946389e-01  -3.8684256e-02
   3.0037229e-01  -3.8779997e-02
   3.0039671e-01  -1.9352685e-02
   3.1414547e-01  -2.1244847e-02
   3.1078171e-01  -8.2707937e-03
   3.2464829e-01  -1.2302495e-02
   3.0996769e-01  -2.0535917e-03
   3.1731034e-01   4.0616288e-03
   3.1328191e-01   1.5241286e-02
   3.2597939e-01   1.3219212e-02
   3.1300822e-01   2.6418229e-02
   3.0886809e-01   2.4379405e-02
   3.0982188e-01   4.5968692e-02
   3.1322040e-01   4.9464670e-02
   3.2415784e-01   5.1303774e-02
   3.1926842e-01   5.6540210e-02
   3.0923691e-01   6.5750568e-02
   3.2033749e-01   6.4480161e-02
   2.9981931e-01   8.4545531e-02
   3.1708016e-01   8.5995436e-02
   3.0602105e-01   9.4687093e-02
   2.9626506e-01   9.9900284e-02
   2.9093654e-01   1.0756911e-01
   3.0329739e-01   1.1193268e-01
   2.9932009e-01   1.2127160e-01
   2.8968442e-01   1.1959934e-01
   2.6616084e-01   1.3653741e-01
   2.6898367e-01   1.3885080e-01
   2.4516909e-01   1.4550248e-01
   2.5312240e-01   1.4610838e-01
   2.2224820e-01   1.5166205e-01
   2.1841777e-01   1.6060505e-01
   2.1183674e-01   1.7472310e-01
   1.8584401e-01   1.6616671e-01
   1.8633706e-01   1.6832365e-01
   1.6604708e-01   1.7763381e-01
   1.3416923e-01   1.8792232e-01
   1.2724111e-01   1.8653255e-01
   1.0748586e-01   1.9034732e-01
   1.0475997e-01   1.9179971e-01
   1.1153645e-01   1.8473427e-01
   9.1388671e-02   1.8769819e-01
   8.6382799e-02   1.9650321e-01
   5.8576320e-02   2.0606050e-01
   2.6008401e-02   2.0612730e-01
  -1.3003897e-02   2.1921995e-01
  -3.7737150e-02   2.2129338e-01
  -4.6444313e-02   2.2296590e-01
  -7.6333427e-02   2.2943780e-01
  -1.6245344e-01   2.2907231e-01
  -3.3307181e-01   1.1600715e-01
  -3.2141515e-01   1.0917911e-01
  -3.2376489e-01   1.0139453e-01
  -3.1846890e-01   9.3140672e-02
  -3.0951107e-01   8.6304566e-02
  -3.1281308e-01   8.0768543e-02
  -3.0741243e-01   7.9954060e-02
  -3.0100231e-01   7.4090872e-02
  -3.0021928e-01   5.6157800e-02
  -3.1682416e-01   6.1734251e-02
  -3.2770455e-01   5.6249652e-02
  -3.1123993e-01   4.4916862e-02
  -3.1267314e-01   4.9180719e-02
  -3.2925730e-01   4.7898713e-02
  -3.4210391e-01   4.3586015e-02
  -3.2264990e-01   2.0550639e-02
  -3.0732340e-01   1.2654211e-02
  -3.0004361e-01   1.5740252e-02
  -2.9272683e-01   4.2110164e-03
  -2.6829268e-01   0.0000000e+00
  -2.5569980e-01   0.0000000e+00
  -2.2206789e-01  -1.8329288e-02
  -2.0189924e-01  -2.6745209e-02
  -2.0248461e-01  -2.7875830e-02
  -1.9726070e-01  -3.3714529e-02
  -2.0092885e-01  -4.0791200e-02
  -1.8298687e-01  -4.5190287e-02
  -1.5208543e-01  -5.3549442e-02
  -1.3285390e-01  -5.5478145e-02
  -1.2081316e-01  -6.3458392e-02
  -1.2105277e-01  -5.3939633e-02
  -1.1101775e-01  -6.1754803e-02
  -1.1840805e-01  -6.3770671e-02
  -1.0080987e-01  -6.3648002e-02
  -8.9892239e-02  -6.0764662e-02
  -6.7004482e-02  -7.0149061e-02
  -4.3313104e-02  -7.0132105e-02
  -2.7594004e-02  -8.1109760e-02
  -2.6355274e-02  -7.8066848e-02
  -1.3277098e-03  -7.6483700e-02
   1.3362644e-02  -7.5323261e-02
   2.6983965e-02  -7.3823286e-02
   4.4095823e-02  -7.9156497e-02
   6.4120064e-02  -8.0189871e-02
   7.0811893e-02  -7.5757959e-02
   8.7865762e-02  -7.7622689e-02
   9.3578077e-02  -7.3513370e-02
   1.1359429e-01  -7.0653502e-02
   1.2758445e-01  -7.5355960e-02
   4.9465273e-01   4.8588188e-02
   4.8389123e-01   5.6724599e-02
   4.7026063e-01   7.0435385e-02
   4.6769831e-01   6.9452633e-02
   4.5645864e-01   8.0989170e-02
   4.5230566e-01   9.6213376e-02
   4.4932940e-01   1.0125830e-01
   4.6856351e-01   1.0200587e-01
   4.6252670e-01   1.0053711e-01
   4.5508114e-01   1.2267451e-01
   4.4284702e-01   1.3470989e-01
   4.2190981e-01   1.3697611e-01
   4.3294147e-01   1.3633847e-01
   4.2322828e-01   1.3693373e-01
   4.2040796e-01   1.5344822e-01
   4.1378648e-01   1.6329700e-01
   4.0695589e-01   1.6853236e-01
   3.9998315e-01   1.7558052e-01
   3.8578598e-01   1.7913581e-01
   3.8764134e-01   1.8044246e-01
   3.8474513e-01   1.8989911e-01
   3.8553686e-01   1.8671644e-01
   3.8735597e-01   1.8325466e-01
   3.8873045e-01   1.8188160e-01
   3.8291668e-01   1.9121524e-01
   3.6583577e-01   1.9875232e-01
   3.6044877e-01   1.9479840e-01
   3.6706597e-01   1.9267481e-01
   3.3958580e-01   2.0524777e-01
   3.2241154e-01   2.0766970e-01
   3.1321327e-01   2.0476414e-01
   2.9470141e-01   2.0739789e-01
   3.0331180e-01   2.0073362e-01
   2.9920349e-01   1.9435693e-01
   2.7626124e-01   2.1310218e-01
   2.7692960e-01   2.1043109e-01
   2.6489595e-01   2.0320827e-01
   2.5707070e-01   2.0901599e-01
   2.3859538e-01   2.1129356e-01
   2.3960867e-01   2.0972138e-01
   2.2088059e-01   2.2006432e-01
   2.1536313e-01   2.0506761e-01
   2.0626245e-01   1.9226394e-01
   1.9939270e-01   1.9518246e-01
   1.7780172e-01   1.9727447e-01
   1.7260568e-01   1.9238412e-01
   1.6445968e-01   1.9269931e-01
   1.5322235e-01   1.8474798e-01
   1.4918613e-01   1.8777914e-01
   1.9947995e-02  -2.9946116e-02
   2.3808213e-02  -4.1008366e-02
   2.2502690e-02  -4.2649699e-02
   3.0295811e-02  -4.1900808e-02
   3.0423194e-02  -5.2825711e-02
   3.5623386e-02  -6.5091753e-02
   2.8794423e-02  -6.5109152e-02
   2.6083697e-02  -6.7556319e-02
   2.2270005e-02  -7.3806928e-02
   3.7737315e-02  -8.3537874e-02
   5.5516319e-02  -8.6591374e-02
   5.5577337e-02  -9.2639070e-02
   5.4620690e-02  -8.8872854e-02
   5.8788373e-02  -9.0369659e-02
   7.0636987e-02  -9.8694607e-02
   8.9896395e-02  -1.0149494e-01
   8.1983852e-02  -1.1026170e-01
   7.6085940e-02  -9.6198686e-02
   1.0438015e-01  -1.0178060e-01
   1.2328949e-01  -1.0930900e-01
   1.4406900e-01  -1.1160034e-01
   1.3017783e-01  -1.1449490e-01
   1.3817573e-01  -1.1669594e-01
   1.5104698e-01  -1.0539141e-01
   1.7228523e-01  -1.1987377e-01
   1.8730734e-01  -1.1875988e-01
   2.0274125e-01  -1.1742252e-01
   2.1700917e-01  -1.1816876e-01
   2.1800185e-01  -1.1684126e-01
   2.2684766e-01  -1.1522810e-01
   2.3491616e-01  -1.1799072e-01
   2.4945532e-01  -1.1169666e-01
   2.5851779e-01  -1.0489925e-01
   2.7643671e-01  -1.1486416e-01
   2.8187125e-01  -1.0546768e-01
   3.0288347e-01  -1.0017589e-01
   3.0258317e-01  -8.9547230e-02
   3.1871405e-01  -9.0437532e-02
   3.1688875e-01  -9.1797783e-02
   3.3546971e-01  -9.2013164e-02
   3.5364533e-01  -7.3462103e-02
   3.5753753e-01  -7.1223618e-02
   3.6850228e-01  -6.0952903e-02
   3.7835689e-01  -4.8707108e-02
   3.9831271e-01  -4.6159262e-02
   4.1783630e-01  -4.7659271e-02
   4.2263475e-01  -3.6747731e-02
   4.2421748e-01  -3.3528731e-02
   4.0414010e-01  -1.7653293e-02
