   1.4407797e-01   3.1423048e-02
   2.0886633e-01   3.1835766e-02
   2.0576572e-01   3.4388880e-02
   2.1104842e-01   3.2805591e-02
   2.0092141e-01   3.4476560e-02
   2.1020493e-01   3.0787209e-02
   2.2879797e-01   3.1789715e-02
   2.4232714e-01   3.0570875e-02
   2.4599266e-01   3.6432654e-02
   2.4180587e-01   3.6417030e-02
   2.2953825e-01   3.5883288e-02
   2.3407174e-01   3.1247311e-02
   2.4460627e-01   3.0683417e-02
   2.6165527e-01   3.2166180e-02
   2.6945817e-01   3.4719928e-02
   2.7606645e-01   3.3650153e-02
   2.7734475e-01   3.4678578e-02
   2.7703218e-01   3.5679662e-02
   2.7697423e-01   3.7230952e-02
   2.8458809e-01   3.6634172e-02
   2.9211928e-01   2.9832501e-02
   2.9419730e-01   3.3005464e-02
   2.9984113e-01   3.8202376e-02
   2.9619014e-01   3.8263415e-02
   3.0062362e-01   3.6576239e-02
   2.9898951e-01   3.4112157e-02
   2.9151384e-01   3.4567195e-02
   2.8736311e-01   3.2492954e-02
   2.8353760e-01   3.7193177e-02
   2.7638611e-01   3.8192213e-02
   2.6936536e-01   3.7310967e-02
   2.7976770e-01   3.2563942e-02
   2.6792969e-01   3.3140031e-02
   2.5743883e-01   3.2672156e-02
   2.4521490e-01   3.4945016e-02
   2.3659741e-01   3.4880776e-02
   2.3390455e-01   3.6975985e-02
   2.3193162e-01   3.5836515e-02
   2.3725076e-01   3.3216835e-02
   2.3229473e-01   3.1192290e-02
   2.2729726e-01   3.0202089e-02
   2.1186150e-01   3.3978887e-02
   1.9800320e-01   3.8107279e-02
   2.0444171e-01   3.4915206e-02
   2.0580499e-01   3.2825750e-02
   2.0342194e-01   3.1302473e-02
   2.0383856e-01   3.0840769e-02
   2.0209745e-01   3.1828946e-02
   2.0056155e-01   3.2845437e-02
   1.8883776e-01   3.7622965e-02
   1.8523034e-01   3.9283624e-02
   1.7016267e-02   2.8418685e-02
   2.8822178e-02   2.9495930e-02
   1.9609295e-02   3.1018391e-02
   2.6101335e-03   2.8336578e-02
  -1.4443529e-02   2.6920695e-02
  -1.7091481e-02   2.3776667e-02
  -9.1721704e-03   2.7921789e-02
  -6.5256749e-03   2.7811540e-02
  -9.1344850e-03   2.9385433e-02
  -9.1812716e-03   2.7949571e-02
  -1.5677905e-02   2.7312241e-02
  -2.0917782e-02   3.0492191e-02
  -2.6203413e-02   2.8970419e-02
  -3.3973837e-02   2.5729814e-02
  -3.1431139e-02   2.2625154e-02
  -4.1821659e-02   2.3625386e-02
  -4.5863225e-02   2.7379061e-02
  -5.0998301e-02   2.8371630e-02
  -4.3097840e-02   3.0974519e-02
  -4.8337722e-02   2.7820746e-02
  -5.6278487e-02   2.9446850e-02
  -6.4163478e-02   2.4181915e-02
  -7.8503313e-02   2.2044315e-02
  -7.7194924e-02   2.2045602e-02
  -8.2328967e-02   2.4639827e-02
  -8.3510680e-02   2.9851021e-02
  -8.3528639e-02   2.7756212e-02
  -9.7966181e-02   2.9334337e-02
  -1.0489925e-01   1.9431697e-02
  -1.0457999e-01   2.0421542e-02
  -1.0728338e-01   2.2534686e-02
  -9.9312860e-02   2.5141863e-02
  -9.9288294e-02   2.7760807e-02
  -1.1661145e-01   2.8338620e-02
  -1.4126849e-01   2.5094469e-02
  -1.4538104e-01   2.1449035e-02
  -1.5064855e-01   1.8825010e-02
  -1.5032194e-01   2.1397644e-02
  -1.5569824e-01   2.1931034e-02
  -1.5812389e-01   2.4512184e-02
  -1.6351283e-01   2.4524453e-02
  -1.6251889e-01   2.5098328e-02
  -1.7006111e-01   2.3987838e-02
  -1.6455684e-01   1.9787213e-02
  -1.5918695e-01   1.8736477e-02
  -1.5958108e-01   2.5055249e-02
  -1.4882213e-01   2.5029188e-02
  -1.5170304e-01   2.7162005e-02
  -1.5595825e-01   2.5636373e-02
  -2.6178885e-01   1.5472198e-02
  -2.6060537e-01   2.2718537e-02
  -2.6216329e-01   2.3252684e-02
  -2.5665391e-01   2.3764565e-02
  -2.4707022e-01   2.0135433e-02
  -2.4477967e-01   1.4992211e-02
  -2.4392446e-01   1.7095933e-02
  -2.3310430e-01   2.2804373e-02
  -2.3224491e-01   2.3371640e-02
  -2.2543998e-01   2.4407263e-02
  -2.1930073e-01   2.5515964e-02
  -2.0956661e-01   2.0791819e-02
  -2.1483021e-01   1.9220457e-02
  -2.1373223e-01   1.9242097e-02
  -2.0673382e-01   2.1297495e-02
  -2.0427556e-01   2.3925141e-02
  -1.9436882e-01   2.4545506e-02
  -1.8968354e-01   2.3940085e-02
  -1.8468058e-01   2.0849243e-02
  -1.8860995e-01   2.0840628e-02
  -1.8078458e-01   1.8250476e-02
  -1.7699025e-01   2.1408493e-02
  -1.6855433e-01   2.6051578e-02
  -1.5855572e-01   2.7199586e-02
  -1.6510761e-01   2.7183242e-02
  -1.5963626e-01   2.0879374e-02
  -1.6092507e-01   2.2442661e-02
  -1.5032194e-01   2.1397644e-02
  -1.5028988e-01   2.4007113e-02
  -1.4548743e-01   2.4612065e-02
  -1.5206791e-01   2.2504957e-02
  -1.4784173e-01   2.2468386e-02
  -1.3984727e-01   2.2983123e-02
  -1.2575427e-01   1.9385791e-02
  -1.1786172e-01   2.3065955e-02
  -1.1543931e-01   2.6267653e-02
  -1.0463326e-01   2.6207275e-02
  -1.0894807e-01   2.9987346e-02
  -1.0103310e-01   2.3661995e-02
  -9.2799812e-02   2.2531008e-02
  -8.3604193e-02   1.6234766e-02
  -7.4642490e-02   2.3646360e-02
  -6.8146498e-02   2.6306828e-02
  -6.1541653e-02   3.4207221e-02
  -6.6973803e-02   3.4830377e-02
  -5.7542531e-02   2.7315259e-02
  -4.4448172e-02   1.9949034e-02
  -3.6684561e-02   1.6835598e-02
  -3.7950633e-02   1.9446319e-02
   1.1675227e-01   3.5230376e-02
   1.1905956e-01   3.2499150e-02
   1.2592111e-01   2.7298625e-02
   1.2938576e-01   2.3524302e-02
   1.3774009e-01   2.6225415e-02
   1.4379311e-01   3.1361435e-02
   1.3488825e-01   4.0395369e-02
   1.3754807e-01   3.8289106e-02
   1.4144994e-01   3.1953568e-02
   1.4387772e-01   2.5611838e-02
   1.4650066e-01   2.5083732e-02
   1.5592690e-01   2.7729138e-02
   1.4775633e-01   3.7135347e-02
   1.4699827e-01   3.8861161e-02
   1.6028126e-01   3.0948369e-02
   1.6674861e-01   2.7233188e-02
   1.7164157e-01   2.8211123e-02
   1.8057350e-01   3.1286531e-02
   1.7820735e-01   3.6059390e-02
   1.7710454e-01   4.1895392e-02
   1.8221391e-01   4.0263371e-02
   1.7959886e-01   3.2396892e-02
   1.8477265e-01   2.6608700e-02
   1.9226362e-01   2.6014508e-02
   1.9032014e-01   3.0303132e-02
   1.9633073e-01   3.6996566e-02
   1.9646860e-01   3.9118919e-02
   2.0360679e-01   3.9727092e-02
   2.1149357e-01   3.1825892e-02
   2.0964961e-01   2.7575870e-02
   2.0047744e-01   2.7605030e-02
   1.9931015e-01   3.0243120e-02
   2.0226065e-01   3.3426832e-02
   2.0713648e-01   3.9631773e-02
   2.0980472e-01   3.8055648e-02
   2.2243239e-01   3.1657322e-02
   2.3613741e-01   2.5436042e-02
   2.3391846e-01   2.8095398e-02
   2.3532884e-01   3.3324722e-02
   2.4175447e-01   3.7977760e-02
   2.3909165e-01   3.9032013e-02
   2.4301455e-01   3.9531463e-02
   2.5348250e-01   3.3209320e-02
   2.6415788e-01   2.7460017e-02
   2.6229408e-01   2.8447148e-02
   2.6759412e-01   3.5177604e-02
   2.7824673e-01   3.8257443e-02
   2.7979513e-01   3.9320997e-02
   2.8721102e-01   3.6619043e-02
   2.0354783e-01   3.4466249e-02
   2.0403746e-01   3.4847487e-02
   2.0226065e-01   3.3426832e-02
   1.9139733e-01   3.2356864e-02
   1.8093157e-01   3.1347642e-02
   1.6256649e-01   3.1927053e-02
   1.5205973e-01   3.3004756e-02
   1.4564065e-01   3.3580258e-02
   1.4273332e-01   3.3521502e-02
   1.5328996e-01   2.8782140e-02
   1.5735905e-01   2.9847684e-02
   1.5373863e-01   2.9391931e-02
   1.4765039e-01   3.5008881e-02
   1.3875948e-01   3.6151757e-02
   1.3340911e-01   3.5083641e-02
   1.2504276e-01   3.2153225e-02
   1.1803869e-01   2.8364105e-02
   1.1388996e-01   2.7266849e-02
   1.1374686e-01   2.9859229e-02
   1.0911896e-01   3.3736750e-02
   1.0463460e-01   3.5152403e-02
   9.7190181e-02   3.3726876e-02
   9.2930014e-02   2.8875685e-02
   8.9549582e-02   2.7469159e-02
   9.1549564e-02   2.6751050e-02
   8.2287039e-02   2.9882344e-02
   7.4694886e-02   3.5803158e-02
   6.9311165e-02   3.6265595e-02
   5.2395058e-02   3.1058957e-02
   4.3255003e-02   2.4221564e-02
   3.8056334e-02   2.2140038e-02
   2.8833996e-02   2.5282226e-02
   2.8852349e-02   2.8998028e-02
   1.9623997e-02   3.3154217e-02
   7.8587982e-03   3.1609776e-02
   3.9348307e-03   2.7950124e-02
   0.0000000e+00   2.1600398e-02
  -7.8645460e-03   2.4234161e-02
  -1.4445652e-02   2.5337125e-02
  -2.2265269e-02   3.2132589e-02
  -2.3559722e-02   2.8942745e-02
  -2.7543815e-02   2.7944149e-02
  -2.8799761e-02   2.7361892e-02
  -3.8011972e-02   2.4224529e-02
  -5.7768171e-02   2.7951259e-02
  -6.2881253e-02   2.9995696e-02
  -6.6703703e-02   2.6256098e-02
  -7.0988903e-02   2.4799578e-02
  -7.4854741e-02   2.5297909e-02
  -7.9884058e-02   2.3115523e-02
  -2.0901304e-01   2.5051094e-02
  -1.9893448e-01   1.7677136e-02
  -2.0893773e-01   1.6684503e-02
  -2.0432745e-01   2.0804470e-02
  -2.0626225e-01   2.4885459e-02
  -2.1891596e-01   2.2867966e-02
  -2.1960946e-01   2.0725581e-02
  -2.2418765e-01   2.1294948e-02
  -2.2875986e-01   2.0701842e-02
  -2.3840913e-01   1.9163215e-02
  -2.3815515e-01   2.0179659e-02
  -2.4780590e-01   2.0193435e-02
  -2.5983290e-01   2.1731516e-02
  -2.6824126e-01   2.0609847e-02
  -2.7037236e-01   1.7992342e-02
  -2.6805155e-01   1.6472185e-02
  -2.7064000e-01   1.8009454e-02
  -2.6958036e-01   1.9060407e-02
  -2.6039030e-01   2.0633495e-02
  -2.5828498e-01   2.0680762e-02
  -2.5041843e-01   2.0703707e-02
  -2.4389076e-01   1.9168167e-02
  -2.4079022e-01   1.9138130e-02
  -2.3705309e-01   2.1756610e-02
  -2.3680844e-01   2.2253217e-02
  -2.3003897e-01   2.2250757e-02
  -2.2505201e-01   2.1250393e-02
  -2.2792119e-01   1.9707958e-02
  -2.2423809e-01   1.8178614e-02
  -2.2219673e-01   2.2272806e-02
  -2.2264655e-01   2.1796844e-02
  -2.1866960e-01   2.4403538e-02
  -2.2261795e-01   2.3353762e-02
  -2.1725003e-01   1.8158197e-02
  -2.1462507e-01   1.8682911e-02
  -2.1743382e-01   2.0252981e-02
  -2.1349599e-01   2.0782137e-02
  -2.0300956e-01   2.1327776e-02
  -1.9691067e-01   2.5924115e-02
  -1.9025713e-01   2.3488134e-02
  -1.8358674e-01   1.8263360e-02
  -1.7833515e-01   1.8795229e-02
  -1.7291212e-01   1.9308506e-02
  -1.7170925e-01   2.4031697e-02
  -1.5598716e-01   2.3543608e-02
  -1.5647759e-01   2.6549540e-02
  -1.5056664e-01   2.5622931e-02
   1.3089436e-02   2.8419651e-02
   2.4921886e-02   2.7417986e-02
   3.1570953e-02   2.8554684e-02
   3.5370705e-02   3.0019011e-02
   3.9335260e-02   3.1100575e-02
   5.1088124e-02   3.0533724e-02
   6.1628798e-02   3.0553671e-02
   7.3442342e-02   2.8960051e-02
   7.9920409e-02   2.8923021e-02
   8.5410350e-02   2.9529283e-02
   1.0087201e-01   2.9942241e-02
   1.0868684e-01   3.3603517e-02
   1.1261528e-01   3.3595160e-02
   1.1693327e-01   3.0528107e-02
   1.2434298e-01   2.8819407e-02
   1.2957140e-01   2.9332274e-02
   1.3727295e-01   3.0331915e-02
   1.4168622e-01   3.4640795e-02
   1.5198998e-01   3.6671951e-02
   1.5724178e-01   3.6131407e-02
   1.5582812e-01   3.3484242e-02
   1.5617555e-01   3.1453144e-02
   1.5082721e-01   2.8292984e-02
   1.5691785e-01   2.8193774e-02
   1.5471869e-01   3.0902152e-02
   1.5605342e-01   3.7743773e-02
   1.5746896e-01   3.2497783e-02
   1.6144398e-01   3.0390320e-02
   1.6521763e-01   3.0349472e-02
   1.7667846e-01   2.9733993e-02
   1.8725564e-01   3.3382124e-02
   1.8606944e-01   3.6030186e-02
   1.8357913e-01   3.8166585e-02
   1.8365526e-01   3.5029605e-02
   1.7435510e-01   3.2413910e-02
   1.7815346e-01   3.0281203e-02
   1.7784023e-01   2.8137907e-02
   1.7828792e-01   3.2401191e-02
   1.8492956e-01   3.6593092e-02
   1.8887719e-01   3.6055342e-02
   1.9176566e-01   3.2942950e-02
   1.9942314e-01   3.3926153e-02
   2.0340977e-01   3.1824181e-02
   2.0470965e-01   3.2341016e-02
   2.1148069e-01   3.2347628e-02
   2.1229073e-01   3.5403690e-02
   2.1398100e-01   3.7031626e-02
   2.2060507e-01   3.4917366e-02
   2.1918362e-01   3.0723304e-02
   2.2071518e-01   3.0748128e-02
   2.6955387e-01   3.9421560e-02
   2.6099987e-01   3.6247048e-02
   2.5854272e-01   3.1080649e-02
   2.5435308e-01   3.1068246e-02
   2.4954236e-01   3.3227623e-02
   2.4609093e-01   3.3309855e-02
   2.4158256e-01   3.5862163e-02
   2.3084990e-01   3.5877226e-02
   2.2537988e-01   3.5866578e-02
   2.1580923e-01   3.3962783e-02
   2.1172908e-01   3.0812368e-02
   2.0387347e-01   2.9272594e-02
   1.9867634e-01   3.5077666e-02
   1.9849203e-01   3.4520400e-02
   2.0750092e-01   3.3928572e-02
   1.9821378e-01   3.7621905e-02
   1.8608200e-01   3.5508010e-02
   1.8525383e-01   3.0349634e-02
   1.7815346e-01   3.0281203e-02
   1.7453871e-01   3.1922322e-02
   1.7036809e-01   3.5041389e-02
   1.6661250e-01   3.4565201e-02
   1.6555541e-01   2.9884756e-02
   1.6403017e-01   3.2478332e-02
   1.7080141e-01   3.0393825e-02
   1.7679085e-01   3.2895977e-02
   1.8243427e-01   3.0851154e-02
   1.8917329e-01   3.1383099e-02
   1.8252443e-01   3.5068633e-02
   1.6940433e-01   3.4590457e-02
   1.6007351e-01   3.3538162e-02
   1.4569335e-01   3.0432109e-02
   1.3388799e-01   2.9935552e-02
   1.2694675e-01   2.9861781e-02
   1.1671447e-01   2.9417213e-02
   1.0892917e-01   3.1565627e-02
   1.0245014e-01   3.3189920e-02
   9.3185852e-02   3.1067831e-02
   7.7499136e-02   3.2705180e-02
   6.8128873e-02   2.8937511e-02
   6.5649059e-02   2.7416223e-02
   5.2363201e-02   2.7346855e-02
   4.4418447e-02   2.7823653e-02
   4.5850913e-02   3.0011663e-02
   4.7160939e-02   3.0010612e-02
   5.1135838e-02   3.1091027e-02
   4.9835875e-02   2.8984264e-02
   4.1929922e-02   2.7908350e-02
   3.5370705e-02   3.0019011e-02
  -1.0353026e-01   2.6261100e-02
  -1.1364077e-01   2.9306524e-02
  -1.0866454e-01   2.6226853e-02
  -1.1011814e-01   2.2575513e-02
  -1.1251191e-01   2.3051177e-02
  -1.1786172e-01   2.3065955e-02
  -1.2581506e-01   2.5698365e-02
  -1.3876951e-01   2.6694620e-02
  -1.4036371e-01   2.6219972e-02
  -1.3909064e-01   2.3075981e-02
  -1.3859785e-01   1.7239126e-02
  -1.4274364e-01   2.3023412e-02
  -1.4681789e-01   2.3038575e-02
  -1.4895499e-01   2.6097585e-02
  -1.5466231e-01   2.4592830e-02
  -1.5418895e-01   2.5564132e-02
  -1.4279362e-01   1.8314078e-02
  -1.4513548e-01   1.7230047e-02
  -1.4916238e-01   2.1420982e-02
  -1.5192353e-01   2.1960043e-02
  -1.5478590e-01   2.6712029e-02
  -1.6033884e-01   2.9662586e-02
  -1.6628588e-01   2.5064611e-02
  -1.8206099e-01   2.0854892e-02
  -1.9184987e-01   1.5044570e-02
  -1.9935472e-01   1.5627790e-02
  -2.0363129e-01   2.0346607e-02
  -2.0556601e-01   2.4961602e-02
  -2.0927669e-01   2.5445332e-02
  -2.1828231e-01   2.1374247e-02
  -2.2618999e-01   2.0311684e-02
  -2.2802395e-01   1.1928501e-02
  -2.3606351e-01   1.6595293e-02
  -2.3594697e-01   2.3337131e-02
  -2.3613741e-01   2.5436042e-02
  -2.4616698e-01   2.4316701e-02
  -2.5780257e-01   1.9093147e-02
  -2.6382127e-01   1.9133519e-02
  -2.7169660e-01   1.6960898e-02
  -2.8252586e-01   1.6517940e-02
  -2.7956795e-01   1.4887318e-02
  -2.8298612e-01   1.6982143e-02
  -2.9363578e-01   2.2626790e-02
  -2.9198229e-01   2.4665595e-02
  -2.9474716e-01   1.8491411e-02
  -2.9194107e-01   1.2321134e-02
  -2.9295271e-01   1.2819704e-02
  -2.9013942e-01   1.5451713e-02
  -2.8585047e-01   1.9050870e-02
  -2.8601576e-01   2.4222752e-02
  -1.0908012e-01   2.7910581e-02
  -9.9707238e-02   2.5241362e-02
  -1.0081900e-01   2.5189625e-02
  -1.0089909e-01   2.7315729e-02
  -9.3164486e-02   2.3146291e-02
  -8.7919562e-02   2.2626392e-02
  -8.2835177e-02   2.2677145e-02
  -8.1328186e-02   2.6844488e-02
  -7.3450173e-02   2.7906959e-02
  -7.0823211e-02   2.8436592e-02
  -6.4293790e-02   2.3703187e-02
  -6.1774630e-02   2.6919614e-02
  -5.7785324e-02   2.4786965e-02
  -4.5965599e-02   2.4795695e-02
  -3.5320384e-02   2.4177836e-02
  -2.2296196e-02   2.8473539e-02
  -1.3116782e-02   2.7421528e-02
   0.0000000e+00   2.7450199e-02
   1.3119373e-03   2.5313420e-02
   2.6262274e-03   2.6394370e-02
   9.2013892e-03   2.5891692e-02
   1.4440500e-02   2.9032122e-02
   1.4455635e-02   2.8532681e-02
   1.9691591e-02   2.9030625e-02
   1.3140054e-02   2.9589756e-02
   1.9734933e-02   2.6973026e-02
   3.5522879e-02   2.6966260e-02
   5.1068890e-02   2.4192390e-02
   4.9970372e-02   3.1713729e-02
   5.1234433e-02   3.1680945e-02
   5.6555273e-02   3.0121977e-02
   7.6232522e-02   2.6904208e-02
   8.1454411e-02   3.1117077e-02
   9.4880545e-02   3.0660630e-02
   1.0670170e-01   3.3809270e-02
   1.1595835e-01   3.1149621e-02
   1.1020753e-01   3.4193283e-02
   1.1025443e-01   3.0510930e-02
   1.1560590e-01   3.1583557e-02
   1.2090167e-01   2.8415113e-02
   1.1953985e-01   3.2101449e-02
   1.1835088e-01   3.1609276e-02
   1.4216243e-01   3.1584928e-02
   1.5138562e-01   3.1034626e-02
   1.5005132e-01   3.2090267e-02
   1.6303137e-01   3.3071079e-02
   1.7373301e-01   3.2545423e-02
   1.8411224e-01   3.0907359e-02
   1.8781346e-01   3.3479985e-02
