   1.4528822e-02   9.0928340e-02
   5.8912903e-02  -1.1292811e-01
   5.1536556e-02  -1.0760388e-01
   5.7525309e-02  -1.1766059e-01
   5.0065600e-02  -1.1710292e-01
   6.0398909e-02  -1.1940963e-01
   6.1775252e-02  -1.1570564e-01
   6.4389386e-02  -1.2636076e-01
   6.1752010e-02  -1.2400109e-01
   5.6147583e-02  -1.3356048e-01
   4.5787529e-02  -1.3649952e-01
   3.8138946e-02  -1.3533745e-01
   4.4547614e-02  -1.3492318e-01
   5.9749325e-02  -1.3749152e-01
   4.4666879e-02  -1.4209500e-01
   4.8036084e-02  -1.5139558e-01
   4.5482119e-02  -1.5646591e-01
   5.4146405e-02  -1.6276437e-01
   6.0665476e-02  -1.5760113e-01
   5.0535688e-02  -1.5644226e-01
   4.1775952e-02  -1.5051676e-01
   5.1692266e-02  -1.5265657e-01
   5.0364326e-02  -1.4733994e-01
   4.9138224e-02  -1.4182160e-01
   5.2957111e-02  -1.4023501e-01
   4.5469937e-02  -1.3215540e-01
   4.6907164e-02  -1.3267338e-01
   4.8321255e-02  -1.3253725e-01
   4.2259069e-02  -1.3017903e-01
   4.2328984e-02  -1.3096960e-01
   3.4805086e-02  -1.3111864e-01
   3.7585340e-02  -1.2562735e-01
   4.0195572e-02  -1.2455058e-01
   4.0340418e-02  -1.1825517e-01
   4.1820839e-02  -1.0980098e-01
   3.4018537e-02  -1.0104495e-01
   3.8334551e-02  -9.1525301e-02
   3.8429977e-02  -8.6767946e-02
   3.0424294e-02  -7.8914747e-02
   3.3073754e-02  -7.0715530e-02
   2.6631963e-02  -6.4620800e-02
   2.5251152e-02  -5.9593822e-02
   2.8153741e-02  -5.1365759e-02
   3.0775536e-02  -4.4738518e-02
   2.0095797e-02  -3.6119905e-02
   1.8788775e-02  -3.8354912e-02
   1.2087504e-02  -3.2414538e-02
  -8.6162287e-02   1.4945102e-01
  -7.7940601e-02   1.5929660e-01
  -5.8019184e-02   1.6582215e-01
  -8.1697008e-02   1.7629190e-01
  -9.0156863e-02   1.8356361e-01
  -8.8064564e-02   2.0540500e-01
  -8.2714717e-02   2.0025148e-01
  -9.6981576e-02   2.1552805e-01
  -9.2591505e-02   2.1528918e-01
  -9.8239573e-02   2.2439555e-01
  -8.5918220e-02   2.2109663e-01
  -9.7116000e-02   2.2410106e-01
  -9.7248947e-02   2.2510071e-01
  -1.0053718e-01   2.3155181e-01
  -9.8802288e-02   2.2654886e-01
  -9.7017304e-02   2.3153964e-01
  -9.6673771e-02   2.2697160e-01
  -9.0607201e-02   2.2058899e-01
  -8.9923063e-02   2.3018073e-01
  -9.6395940e-02   2.2363368e-01
  -9.6644224e-02   2.1982484e-01
  -9.4986159e-02   2.2003000e-01
  -9.4945142e-02   2.1298295e-01
  -9.9835940e-02   2.1453128e-01
  -9.6848307e-02   2.1144814e-01
  -9.3163319e-02   2.0297917e-01
  -9.3413146e-02   1.9871714e-01
  -8.3975124e-02   1.9355030e-01
  -8.6986802e-02   1.8033032e-01
  -8.1970449e-02   1.7806573e-01
  -7.6879955e-02   1.7562534e-01
  -8.0660275e-02   1.7382170e-01
  -8.0753748e-02   1.6993067e-01
  -8.3783601e-02   1.6051159e-01
  -8.0493733e-02   1.5585088e-01
  -7.3899476e-02   1.5542979e-01
  -6.7862292e-02   1.4763478e-01
  -6.3237288e-02   1.3741764e-01
  -5.4359159e-02   1.2877441e-01
  -5.3045161e-02   1.2253162e-01
  -6.0902900e-02   1.1098006e-01
  -6.8826371e-02   1.0510736e-01
  -6.7918663e-02   9.4152917e-02
  -5.7527795e-02   8.4441379e-02
  -5.5128576e-02   8.4788241e-02
  -5.3768190e-02   8.0896175e-02
  -4.8647807e-02   7.5129056e-02
   0.0000000e+00  -1.1253792e-01
   0.0000000e+00  -1.2033300e-01
  -1.2910883e-03  -1.1789573e-01
  -1.8020077e-02  -1.1031796e-01
  -1.7974094e-02  -1.1941010e-01
   0.0000000e+00  -1.2448959e-01
   1.2743070e-03  -1.2069301e-01
   6.3459866e-03  -1.2791139e-01
   7.6026796e-03  -1.2713499e-01
   7.6063567e-03  -1.2830802e-01
  -5.0883584e-03  -1.2489011e-01
  -3.8399487e-03  -1.3130810e-01
   0.0000000e+00  -1.3130869e-01
  -8.9616500e-03  -1.3754171e-01
  -1.7785806e-02  -1.3472382e-01
  -1.6615898e-02  -1.3672845e-01
  -3.0740581e-02  -1.3644352e-01
  -1.6674865e-02  -1.3554515e-01
  -1.5494653e-02  -1.3195607e-01
  -1.2820145e-02  -1.3887854e-01
  -1.5433510e-02  -1.4278469e-01
  -1.5300071e-02  -1.4202977e-01
  -2.1585576e-02  -1.4649588e-01
  -1.7759890e-02  -1.4635663e-01
  -1.1384388e-02  -1.4195863e-01
  -5.0508558e-03  -1.4564369e-01
  -5.0478750e-03  -1.4273155e-01
  -5.0491281e-03  -1.4220681e-01
   1.2559649e-03  -1.4649549e-01
   0.0000000e+00  -1.3905941e-01
   2.5347089e-03  -1.3999972e-01
   2.5507901e-03  -1.3925047e-01
   1.2778693e-03  -1.3501492e-01
   2.5641923e-03  -1.3210184e-01
  -3.8590095e-03  -1.3143515e-01
   3.8872562e-03  -1.2621537e-01
   1.1712844e-02  -1.2057135e-01
   9.1423330e-03  -1.1932762e-01
   2.6145817e-03  -1.1437666e-01
   6.5582357e-03  -1.1364691e-01
   1.0539337e-02  -1.0739969e-01
   9.2402772e-03  -9.5871558e-02
   6.6302599e-03  -8.7972383e-02
   7.9623409e-03  -8.1951678e-02
   9.2860523e-03  -7.5866105e-02
   3.9812429e-03  -7.0415496e-02
   2.6497358e-03  -7.3029232e-02
  -6.4123483e-02   1.1155461e-01
  -6.2791608e-02   1.1769790e-01
  -5.7602269e-02   1.1837765e-01
  -6.5259556e-02   1.2078800e-01
  -7.5459011e-02   1.2597316e-01
  -6.8908219e-02   1.2989362e-01
  -8.2008086e-02   1.3397742e-01
  -7.9164092e-02   1.4274929e-01
  -7.3372481e-02   1.5717241e-01
  -7.9571111e-02   1.5895446e-01
  -7.5488794e-02   1.6667221e-01
  -7.5606484e-02   1.6754919e-01
  -7.9093473e-02   1.7201661e-01
  -8.0076449e-02   1.7309253e-01
  -7.9980175e-02   1.7702239e-01
  -1.0200089e-01   1.8891909e-01
  -6.4660921e-02   1.8468548e-01
  -9.1276575e-02   1.8804670e-01
  -7.7156139e-02   1.9196359e-01
  -7.6704327e-02   1.9984901e-01
  -8.1351540e-02   2.0241255e-01
  -8.4697866e-02   2.0988623e-01
  -8.1977187e-02   2.1109898e-01
  -8.1131859e-02   2.1293778e-01
  -7.7756009e-02   2.1038544e-01
  -7.9094003e-02   2.1188486e-01
  -7.3046918e-02   2.0707321e-01
  -6.9233312e-02   2.0949259e-01
  -7.3980099e-02   2.0913027e-01
  -7.1485363e-02   2.1045064e-01
  -8.0136331e-02   2.1436145e-01
  -7.6246376e-02   2.1083642e-01
  -7.8911152e-02   2.0757444e-01
  -7.6226045e-02   2.0333336e-01
  -7.7744535e-02   2.0104441e-01
  -7.8265601e-02   1.8848992e-01
  -7.5034543e-02   1.8281950e-01
  -6.3825788e-02   1.7643764e-01
  -6.3766925e-02   1.7446418e-01
  -6.5021782e-02   1.7320248e-01
  -7.2791084e-02   1.6457887e-01
  -6.6156770e-02   1.6219667e-01
  -5.8805276e-02   1.5492905e-01
  -6.0123590e-02   1.4753135e-01
  -7.0423133e-02   1.4761866e-01
  -8.1459250e-02   1.3758495e-01
  -7.1423420e-02   1.3028420e-01
  -1.8111338e-02  -7.6081800e-02
  -2.9755498e-02  -6.8065427e-02
  -2.3218431e-02  -7.5851797e-02
  -1.4355117e-02  -8.0555127e-02
  -9.0901346e-03  -9.0446895e-02
  -1.9443702e-02  -9.2990599e-02
  -1.6768226e-02  -1.0177258e-01
  -2.5842579e-03  -1.0525927e-01
  -2.5847471e-03  -1.0748230e-01
  -6.4955565e-03  -1.0695648e-01
  -6.4622301e-03  -1.1523903e-01
  -1.9339165e-02  -1.1382338e-01
  -1.5590415e-02  -1.1474489e-01
  -7.7775745e-03  -1.1280920e-01
  -1.1703031e-02  -1.0983453e-01
  -5.1672162e-03  -1.2862937e-01
  -7.7031067e-03  -1.3795729e-01
  -2.0537665e-02  -1.3394464e-01
  -6.3583786e-03  -1.4334153e-01
  -8.8452445e-03  -1.5029486e-01
  -1.3817922e-02  -1.5216919e-01
  -1.7553903e-02  -1.6156333e-01
  -1.2573658e-02  -1.6380043e-01
  -8.8260201e-03  -1.5852057e-01
   3.7863804e-03  -1.6042885e-01
  -7.6016149e-03  -1.5301423e-01
  -6.2932049e-03  -1.5022610e-01
   0.0000000e+00  -1.5112871e-01
   5.0345640e-03  -1.5022677e-01
  -2.5198860e-03  -1.4812657e-01
   1.2644020e-03  -1.4698800e-01
  -2.5424124e-03  -1.3989016e-01
  -2.5398979e-03  -1.4200171e-01
  -2.5376862e-03  -1.3961205e-01
  -6.3299488e-03  -1.3145096e-01
  -5.0872317e-03  -1.2541486e-01
   0.0000000e+00  -1.2364905e-01
   0.0000000e+00  -1.2508000e-01
   1.4215762e-02  -1.2529414e-01
   1.6867515e-02  -1.2299648e-01
   1.2961662e-02  -1.1558210e-01
   0.0000000e+00  -1.0855422e-01
  -5.9216329e-02   7.5712830e-02
  -5.3085277e-02   7.8035145e-02
  -5.2209933e-02   7.9843843e-02
  -4.6525019e-02   8.3147912e-02
  -7.0534731e-02   9.2627370e-02
  -6.5245088e-02   9.1021726e-02
  -6.6103168e-02   1.0316174e-01
  -7.2843046e-02   1.0669903e-01
  -7.0667027e-02   1.0518843e-01
  -5.4579252e-02   1.0961397e-01
  -5.0260294e-02   1.2083286e-01
  -5.2118143e-02   1.2969979e-01
  -7.3563818e-02   1.3508451e-01
  -8.3944956e-02   1.3796322e-01
  -6.8573736e-02   1.4062863e-01
  -6.2993935e-02   1.4516258e-01
  -5.1245169e-02   1.4482599e-01
  -4.2038321e-02   1.4954585e-01
  -3.3965401e-02   1.5457335e-01
  -3.4970953e-02   1.5725828e-01
  -4.6309499e-02   1.6251039e-01
  -5.1338555e-02   1.6859432e-01
  -5.1461646e-02   1.6606165e-01
  -4.8771627e-02   1.6860799e-01
  -4.4771877e-02   1.7098105e-01
  -3.7151604e-02   1.6831766e-01
  -2.0361604e-02   1.7306038e-01
  -2.2830655e-02   1.7717419e-01
  -2.2809804e-02   1.7520860e-01
  -3.8015605e-02   1.8052498e-01
  -5.1729041e-02   1.8617176e-01
  -5.0608597e-02   1.8314550e-01
  -4.5646814e-02   1.9151510e-01
  -3.8358949e-02   1.8783469e-01
  -4.2129058e-02   1.8871102e-01
  -5.0730480e-02   1.8424224e-01
  -5.9242586e-02   1.8773054e-01
  -4.9064075e-02   1.9101609e-01
  -4.2786636e-02   1.9721676e-01
  -4.3995850e-02   2.0064653e-01
  -4.1487445e-02   2.0689657e-01
  -3.9021188e-02   2.0657976e-01
  -4.7967419e-02   2.0532104e-01
  -5.2979909e-02   2.0637272e-01
  -6.0496668e-02   2.0924299e-01
  -6.4625903e-02   2.0235326e-01
  -5.9404743e-02   1.9994278e-01
  -7.4097012e-02   1.9914573e-01
  -7.4464985e-02   1.9277913e-01
  -2.5296941e-02   1.5506737e-02
  -2.1244378e-02   9.0632123e-03
  -2.6505971e-02  -1.0640425e-03
  -2.1182688e-02  -4.7837371e-03
  -1.0644723e-02  -4.8083114e-03
  -3.9906684e-03  -1.3356794e-02
   0.0000000e+00  -1.4396378e-02
   5.3092899e-03  -1.6529041e-02
   1.3215842e-02  -2.1241419e-02
   5.2689206e-03  -2.4884916e-02
   1.0510299e-02  -3.9140469e-02
   2.6199632e-03  -3.8497436e-02
   5.2406541e-03  -4.4342278e-02
   6.5329438e-03  -5.4317736e-02
   1.8330979e-02  -5.8706845e-02
   3.5371732e-02  -6.0866973e-02
   3.9370548e-02  -6.2044103e-02
   5.1036380e-02  -6.1310862e-02
   4.4598975e-02  -6.4157048e-02
   4.7008464e-02  -7.4607111e-02
   4.7127183e-02  -7.6423241e-02
   5.3728933e-02  -9.0124621e-02
   5.3385971e-02  -9.4449389e-02
   5.4669027e-02  -9.5506645e-02
   4.6624773e-02  -9.5581524e-02
   2.7341360e-02  -8.8490490e-02
   2.4639859e-02  -9.4663622e-02
   2.8513800e-02  -1.0226525e-01
   3.2272083e-02  -1.0787062e-01
   3.1998670e-02  -1.1955553e-01
   1.0279628e-02  -1.1730434e-01
   6.4287985e-03  -1.1572139e-01
   1.1618478e-02  -1.1565096e-01
   1.2990232e-02  -1.1249934e-01
   1.2902443e-02  -1.1447428e-01
   6.4423825e-03  -1.2042892e-01
   3.8815006e-03  -1.1759987e-01
   8.9746729e-03  -1.3209886e-01
   1.2904607e-03  -1.2398588e-01
  -1.2814876e-02  -1.3090345e-01
  -1.7842319e-02  -1.4082539e-01
  -8.9255701e-03  -1.3977680e-01
  -5.0883088e-03  -1.4055721e-01
  -7.6182695e-03  -1.4027611e-01
  -1.4015483e-02  -1.4136010e-01
  -7.6455214e-03  -1.3685697e-01
  -3.8117384e-03  -1.4094559e-01
  -1.9100894e-02  -1.3393533e-01
  -1.2589501e-03  -1.3510820e-01
  -3.7404002e-02   8.5795513e-03
  -3.7114233e-02   2.1830554e-02
  -4.4975156e-02   2.2314009e-02
  -5.5333751e-02   3.2831056e-02
  -5.1467315e-02   3.5554025e-02
  -3.3301664e-02   3.3214870e-02
  -2.2554871e-02   4.0598878e-02
  -3.2024581e-02   4.2989295e-02
  -1.9956656e-02   4.2330824e-02
  -2.0018841e-02   5.3855532e-02
  -2.6376048e-03   5.2680617e-02
  -3.4896444e-02   6.7991648e-02
  -6.9530346e-02   7.5085930e-02
  -6.0386719e-02   8.2935763e-02
  -5.0532310e-02   9.7251712e-02
  -3.9161305e-02   1.0189711e-01
  -3.5307469e-02   1.0821044e-01
  -2.7702138e-02   1.1203756e-01
  -1.8599231e-02   1.1231345e-01
  -2.2285583e-02   1.1244011e-01
  -6.0181232e-02   1.1998076e-01
  -6.8928651e-02   1.1192528e-01
  -6.9239334e-02   1.3055374e-01
  -5.5120292e-02   1.3414227e-01
  -5.0034819e-02   1.4045963e-01
  -2.9015970e-02   1.4785569e-01
  -2.1102524e-02   1.4787382e-01
  -1.9694084e-02   1.4656655e-01
  -3.5212630e-02   1.5784608e-01
  -3.2478050e-02   1.6134582e-01
  -3.4896913e-02   1.6518796e-01
  -4.2541294e-02   1.7729208e-01
  -3.2217884e-02   1.7970321e-01
  -2.0536043e-02   1.8318506e-01
  -9.0114397e-03   1.8689272e-01
  -1.0222480e-02   1.9580344e-01
  -1.0216981e-02   1.8644501e-01
  -1.3990121e-02   1.9167840e-01
  -1.3975597e-02   1.8656988e-01
  -1.6471357e-02   1.9453292e-01
  -1.3915542e-02   1.9542178e-01
  -2.2822428e-02   1.9837645e-01
  -1.2671372e-02   1.9271722e-01
  -2.0186325e-02   1.9481121e-01
  -7.6058832e-03   1.9036378e-01
  -5.0277051e-03   1.9097009e-01
  -1.5003761e-02   1.9465778e-01
  -1.4913053e-02   1.9634117e-01
  -1.4562805e-02   1.0794608e-01
  -1.7159614e-02   1.0199717e-01
  -1.3222730e-02   9.3809998e-02
  -9.2943026e-03   8.3653679e-02
  -1.9953383e-02   8.7691444e-02
  -2.0042118e-02   8.3074206e-02
  -8.0026786e-03   7.4631254e-02
  -5.3168943e-03   7.6021751e-02
   1.3337471e-03   5.7093466e-02
   6.6465493e-03   4.7694032e-02
  -8.0054867e-03   4.3538748e-02
  -1.2017830e-02   2.9532713e-02
  -8.0024172e-03   3.1112787e-02
   0.0000000e+00   2.9444444e-02
   1.3291326e-03   8.5397741e-03
   0.0000000e+00   9.6072508e-03
   7.9349755e-03   7.9657879e-03
   2.5130147e-02  -1.5928977e-03
   1.5950683e-02  -5.8706690e-03
   6.6576485e-03  -1.3904969e-02
   2.6608564e-03  -2.5670987e-02
   1.3341142e-02  -2.8429718e-02
   1.1942684e-02  -3.1489140e-02
   1.2002786e-02  -3.9734924e-02
   1.8746983e-02  -4.6410762e-02
   2.9513902e-02  -4.7579849e-02
   3.0756406e-02  -4.8511647e-02
   3.0477842e-02  -5.4001603e-02
   3.2894773e-02  -5.4151349e-02
   4.3159927e-02  -5.4343163e-02
   4.0608989e-02  -6.5688444e-02
   4.7210255e-02  -6.9523921e-02
   5.2034859e-02  -7.7538089e-02
   5.4352941e-02  -8.1952701e-02
   4.9091563e-02  -8.4508969e-02
   5.2722200e-02  -9.0005216e-02
   6.0200334e-02  -9.6070425e-02
   5.1341249e-02  -9.5765144e-02
   4.5050450e-02  -1.0204365e-01
   4.2558528e-02  -1.0499310e-01
   4.5267671e-02  -1.0805384e-01
   4.6700724e-02  -1.1338310e-01
   5.0491461e-02  -1.1591519e-01
   5.5788667e-02  -1.1559611e-01
   5.6891192e-02  -1.1406755e-01
   3.8670381e-02  -1.1431431e-01
   2.9663321e-02  -1.1550945e-01
   2.3085278e-02  -1.1705585e-01
   2.6830427e-02  -1.2155252e-01
   3.2093333e-02  -1.1715492e-01
  -1.7242922e-02  -3.5223568e-02
  -2.6628535e-03  -2.8373679e-02
   9.3421067e-03  -2.4675494e-02
   3.9660230e-03  -1.6462851e-02
  -7.8770883e-03  -1.5820614e-02
  -9.2207809e-03  -6.8760797e-03
  -5.2747147e-03   1.0589326e-03
  -1.1867279e-02   6.3533896e-03
  -7.8936594e-03   1.3738538e-02
   3.9513088e-03   1.0578795e-02
   0.0000000e+00   1.6348259e-02
   3.9458891e-03   1.7966021e-02
  -1.3217856e-03   1.9118227e-02
   0.0000000e+00   2.2927565e-02
  -1.3307358e-03   2.2996961e-02
   4.0099174e-03   1.7720283e-02
   1.3343248e-03   2.6821849e-02
  -5.3218749e-03   3.4797696e-02
  -1.0578529e-02   4.9052737e-02
  -1.5840657e-02   5.8114478e-02
  -1.3160970e-02   6.2788000e-02
  -1.5852179e-02   6.4108213e-02
   1.3198726e-03   6.7852788e-02
  -7.9233919e-03   7.3877431e-02
  -1.3220640e-02   7.7243007e-02
  -1.5832703e-02   8.0914165e-02
  -1.8515017e-02   8.3308033e-02
  -2.5123186e-02   9.3797333e-02
  -2.1128115e-02   9.4784219e-02
  -2.6332674e-02   1.0339328e-01
  -2.2300115e-02   1.0523262e-01
  -4.1792847e-02   1.1420125e-01
  -4.0768217e-02   1.0659346e-01
  -3.4158978e-02   1.1719636e-01
  -3.4078053e-02   1.1803603e-01
  -4.0477470e-02   1.2717991e-01
  -4.9535408e-02   1.2863379e-01
  -4.5676621e-02   1.3972650e-01
  -4.4288491e-02   1.4583802e-01
  -5.3416412e-02   1.5168292e-01
  -4.5435395e-02   1.5878868e-01
  -5.9321999e-02   1.6347980e-01
  -6.4465760e-02   1.6578100e-01
  -6.8301132e-02   1.7224006e-01
  -6.8705884e-02   1.7640136e-01
  -6.8365967e-02   1.7785842e-01
  -7.7240912e-02   1.8653889e-01
  -8.0466485e-02   1.9778404e-01
  -9.6905466e-02   2.0032361e-01
