  -8.7646878e-02   2.4133256e-02
  -1.8546638e-01   1.8707105e-02
  -1.7983011e-01   2.2832173e-02
  -1.7349300e-01   2.2349475e-02
  -1.7329933e-01   2.3885517e-02
  -1.6828215e-01   2.1840729e-02
  -1.7364951e-01   2.3411749e-02
  -1.7086181e-01   2.3914814e-02
  -1.7478244e-01   2.3385983e-02
  -1.7742093e-01   2.1301700e-02
  -1.7630426e-01   2.0284944e-02
  -1.7711645e-01   1.7630566e-02
  -1.7871825e-01   2.1818392e-02
  -1.7702575e-01   2.4371665e-02
  -1.7512039e-01   2.3952236e-02
  -1.6811615e-01   2.1819493e-02
  -1.6032766e-01   1.9235912e-02
  -1.6435481e-01   2.2889194e-02
  -1.5520330e-01   2.4470044e-02
  -1.5275935e-01   2.3456998e-02
  -1.4900252e-01   2.2443923e-02
  -1.3578004e-01   2.4011653e-02
  -1.2887586e-01   2.3432293e-02
  -1.2759543e-01   2.1351453e-02
  -1.2783695e-01   2.2436874e-02
  -1.2637966e-01   2.5023654e-02
  -1.2365770e-01   2.4482900e-02
  -1.1864394e-01   2.8194622e-02
  -1.0823033e-01   2.6646259e-02
  -1.0061483e-01   2.5663734e-02
  -1.0845494e-01   2.5651713e-02
  -1.0565666e-01   2.2992594e-02
  -1.0987550e-01   2.5150917e-02
  -1.0705247e-01   2.4582482e-02
  -1.0399465e-01   2.8137417e-02
  -1.0302447e-01   2.5609373e-02
  -1.0412799e-01   2.5035575e-02
  -1.0173451e-01   2.4043287e-02
  -1.0314969e-01   2.3018801e-02
  -9.0250573e-02   2.5703739e-02
  -8.9974614e-02   2.6673854e-02
  -8.4770980e-02   2.5111359e-02
  -8.8850342e-02   2.6204187e-02
  -8.2268877e-02   2.1473118e-02
  -8.8504615e-02   2.5579157e-02
  -7.9865783e-02   2.5742287e-02
  -7.3253747e-02   2.4674253e-02
  -6.6568653e-02   2.6728323e-02
  -5.9994552e-02   2.4613507e-02
  -5.6281558e-02   2.8921013e-02
  -4.4488795e-02   2.1019792e-02
   1.5452830e-01   3.2964858e-02
   1.5337059e-01   3.3001000e-02
   1.5618474e-01   3.0928925e-02
   1.5455637e-01   3.1395103e-02
   1.6373456e-01   3.0846290e-02
   1.6145316e-01   2.9866349e-02
   1.6636389e-01   3.0316039e-02
   1.7695499e-01   3.3450798e-02
   1.7864208e-01   3.2464635e-02
   1.7924351e-01   3.2333719e-02
   1.8683470e-01   3.5122884e-02
   1.9157540e-01   3.2910818e-02
   1.9233860e-01   3.1768559e-02
   1.9027500e-01   3.2393004e-02
   1.9158724e-01   3.2388424e-02
   1.9776797e-01   3.1781159e-02
   1.9607058e-01   3.4040538e-02
   2.0185977e-01   3.3361838e-02
   2.0663698e-01   3.2430702e-02
   2.1019254e-01   3.1309026e-02
   2.1275411e-01   3.3907530e-02
   2.1573688e-01   3.6575305e-02
   2.2012341e-01   3.6410207e-02
   2.1513902e-01   3.4905910e-02
   2.1144081e-01   3.3912836e-02
   2.1297917e-01   3.3418346e-02
   2.1547254e-01   3.0246399e-02
   2.2092165e-01   3.1299637e-02
   2.2326048e-01   3.3863991e-02
   2.1417831e-01   3.7589711e-02
   2.1899934e-01   3.7492845e-02
   2.2630682e-01   3.4962153e-02
   2.3274276e-01   3.1773545e-02
   2.3931741e-01   3.1746038e-02
   2.4766899e-01   3.2815127e-02
   2.5077320e-01   3.5816984e-02
   2.5365080e-01   3.5838253e-02
   2.5655660e-01   3.6198102e-02
   2.5699107e-01   3.7490656e-02
   2.6611242e-01   3.2728940e-02
   2.7483705e-01   3.1067890e-02
   2.7743348e-01   3.2090624e-02
   2.7718867e-01   3.8819303e-02
   2.8142983e-01   3.8315016e-02
   2.8764999e-01   3.5799166e-02
   2.9348525e-01   3.2558492e-02
   2.9135749e-01   3.4706443e-02
   3.0032623e-01   3.3588040e-02
   2.9537255e-01   3.6607657e-02
   2.1281995e-01   3.1299258e-02
   2.1696359e-01   3.1836707e-02
   2.1306870e-01   2.9763215e-02
   2.0884068e-01   3.2879561e-02
   1.9999208e-01   3.5072482e-02
   1.9167733e-01   3.6603278e-02
   1.8481966e-01   3.3423894e-02
   1.8182203e-01   3.2026482e-02
   1.7863102e-01   3.2988258e-02
   1.7043261e-01   3.1903354e-02
   1.6010318e-01   3.1966060e-02
   1.4793281e-01   3.5601161e-02
   1.4461549e-01   3.3650131e-02
   1.4537911e-01   3.1943319e-02
   1.4590058e-01   2.6260416e-02
   1.4206160e-01   2.8924288e-02
   1.3137808e-01   3.1022665e-02
   1.1947012e-01   3.6837728e-02
   1.2074076e-01   3.1541163e-02
   1.1287300e-01   3.1031783e-02
   9.8360279e-02   2.8924544e-02
   8.7712805e-02   2.6782889e-02
   8.1158772e-02   2.7842016e-02
   7.7291540e-02   2.9978309e-02
   7.7412600e-02   3.3726676e-02
   7.8598895e-02   3.8429088e-02
   5.9019343e-02   2.8449107e-02
   5.1177058e-02   2.2659562e-02
   4.5783592e-02   2.4697418e-02
   4.3078046e-02   2.5699157e-02
   3.7951006e-02   3.0513665e-02
   3.9218591e-02   3.1008095e-02
   4.0543378e-02   2.6802804e-02
   4.1840243e-02   2.9429618e-02
   3.9229462e-02   2.8380291e-02
   4.4403835e-02   3.0973501e-02
   4.5627388e-02   2.9339496e-02
   2.6200522e-02   3.0023888e-02
   1.0450294e-02   2.8889082e-02
   0.0000000e+00   2.7867063e-02
  -3.9402673e-03   2.3754874e-02
  -1.1785656e-02   2.3683265e-02
  -1.5679472e-02   2.6261770e-02
  -1.8271890e-02   2.7809210e-02
  -1.1714940e-01   2.4493845e-02
  -1.1128839e-01   2.5698088e-02
  -1.0847009e-01   2.4081200e-02
  -1.0826547e-01   2.2988930e-02
  -1.0300924e-01   2.7177293e-02
  -1.0454948e-01   2.4086946e-02
  -1.0023678e-01   2.3476206e-02
  -9.9045173e-02   2.1934282e-02
  -9.2591610e-02   2.5624328e-02
  -9.2604491e-02   2.4055491e-02
  -9.1359449e-02   2.7745324e-02
  -1.0473691e-01   2.6233137e-02
  -1.2281645e-01   2.6673400e-02
  -1.2910661e-01   2.5565160e-02
  -1.3839119e-01   2.4006763e-02
  -1.3530404e-01   1.8198418e-02
  -1.4886749e-01   2.1379098e-02
  -1.4866822e-01   2.5525675e-02
  -1.4071138e-01   2.4996401e-02
  -1.5255798e-01   2.7079408e-02
  -1.5929446e-01   2.2922487e-02
  -1.7009051e-01   2.1901939e-02
  -1.8170069e-01   2.0814324e-02
  -1.7727286e-01   1.9204827e-02
  -1.8594314e-01   2.3973349e-02
  -1.8817174e-01   2.4960173e-02
  -1.9061429e-01   2.3890299e-02
  -1.9590819e-01   1.9205196e-02
  -1.9889880e-01   2.0276715e-02
  -2.0915997e-01   2.0232828e-02
  -2.1675414e-01   2.2265629e-02
  -2.0871338e-01   2.2264939e-02
  -2.1067571e-01   2.0249287e-02
  -2.1348189e-01   2.3757794e-02
  -2.1377022e-01   1.9127930e-02
  -2.2312269e-01   1.8608109e-02
  -2.1919240e-01   1.9651399e-02
  -2.1701167e-01   1.9695590e-02
  -2.0999047e-01   2.3814658e-02
  -2.1150352e-01   2.3833974e-02
  -2.0893683e-01   2.1249865e-02
  -1.9499473e-01   1.8725105e-02
  -1.9215828e-01   2.0791409e-02
  -1.8915435e-01   2.1794786e-02
  -1.9043460e-01   2.3348300e-02
  -1.8165473e-01   2.3936473e-02
  -1.8410261e-01   2.2867350e-02
  -1.8149123e-01   2.2873509e-02
  -4.4445143e-02   3.1529688e-02
  -3.5238645e-02   2.7801949e-02
  -2.3524683e-02   2.3633504e-02
  -2.2236707e-02   2.5234507e-02
  -9.1726449e-03   2.7394963e-02
  -3.9220841e-03   3.0495897e-02
  -5.2291455e-03   3.1021581e-02
   0.0000000e+00   2.7341270e-02
   3.9317206e-03   2.5814995e-02
   9.1394480e-03   2.3613294e-02
   1.3095747e-02   2.3156753e-02
   1.7050032e-02   2.8475230e-02
   3.1278429e-02   3.1969233e-02
   3.6672207e-02   3.2124736e-02
   3.7946605e-02   3.1565861e-02
   4.5867835e-02   2.6326020e-02
   4.1983965e-02   2.4773515e-02
   4.9853619e-02   2.5295357e-02
   5.8834581e-02   2.9940418e-02
   6.1370870e-02   3.2531624e-02
   6.8025612e-02   3.3639390e-02
   7.9849759e-02   2.7843698e-02
   7.5847610e-02   2.7821046e-02
   8.6330746e-02   2.5184169e-02
   8.2390442e-02   2.7288025e-02
   9.1525532e-02   2.9373702e-02
   9.7984988e-02   3.6179753e-02
   1.0353817e-01   3.4698932e-02
   1.0859934e-01   3.1996761e-02
   1.0854614e-01   2.7249050e-02
   1.0854614e-01   2.7249050e-02
   1.1911387e-01   2.8305712e-02
   1.2445248e-01   2.9896812e-02
   1.2594331e-01   3.4682452e-02
   1.2566038e-01   3.6711950e-02
   1.2831262e-01   3.4607550e-02
   1.3834431e-01   2.7659967e-02
   1.4149843e-01   2.8810594e-02
   1.4804119e-01   2.9318603e-02
   1.5042205e-01   3.4512519e-02
   1.5304793e-01   3.3981928e-02
   1.5290639e-01   3.3426377e-02
   1.6093638e-01   3.1868415e-02
   1.7028394e-01   3.0827173e-02
   1.8437847e-01   2.8119091e-02
   1.8206216e-01   3.1312851e-02
   1.8213839e-01   3.6044937e-02
   1.8058565e-01   3.8624370e-02
   1.8069677e-01   3.3926811e-02
   2.7151096e-01   3.5673974e-02
   2.7335788e-01   3.4527351e-02
   2.7228276e-01   3.5598934e-02
   2.6752016e-01   3.7246874e-02
   2.6004940e-01   3.3178247e-02
   2.5365080e-01   3.5838253e-02
   2.4921296e-01   3.5789084e-02
   2.4084905e-01   3.6276927e-02
   2.2825726e-01   3.4849048e-02
   2.2901469e-01   3.0075543e-02
   2.2266595e-01   3.1168443e-02
   2.1633123e-01   3.1223774e-02
   2.1230485e-01   3.4883047e-02
   2.0441431e-01   3.5957451e-02
   2.0029841e-01   3.5417774e-02
   1.9809833e-01   3.4453157e-02
   1.9368099e-01   3.0201870e-02
   1.9144265e-01   3.0269324e-02
   1.9008638e-01   3.2361429e-02
   1.8739243e-01   3.5503099e-02
   1.8290531e-01   3.5934824e-02
   1.8444238e-01   3.3880020e-02
   1.7998797e-01   3.0889650e-02
   1.8176318e-01   2.8126694e-02
   1.8847778e-01   2.8655863e-02
   1.7492845e-01   3.4366252e-02
   1.6617898e-01   3.9201774e-02
   1.5951335e-01   3.7619656e-02
   1.5355075e-01   3.1460409e-02
   1.5285958e-01   2.7132372e-02
   1.4267485e-01   2.8256005e-02
   1.3743171e-01   2.8791278e-02
   1.4407797e-01   3.1423048e-02
   1.3485919e-01   3.4590541e-02
   1.2832089e-01   3.4083194e-02
   1.2556971e-01   3.4580060e-02
   1.2171183e-01   2.9872875e-02
   1.2437508e-01   2.6199461e-02
   1.2067440e-01   2.7308701e-02
   1.2391758e-01   3.2914128e-02
   1.1257075e-01   3.6744706e-02
   1.1118152e-01   3.4613751e-02
   9.8034939e-02   3.1984999e-02
   9.2838096e-02   2.8847180e-02
   9.2962971e-02   2.5200597e-02
   9.5378736e-02   2.6719063e-02
   9.4052645e-02   2.8816717e-02
   9.2892621e-02   3.2550772e-02
   7.8470746e-02   3.5726114e-02
   7.4584706e-02   3.1528479e-02
  -6.9244082e-02   2.7276569e-02
  -6.7877272e-02   2.6202918e-02
  -6.7831849e-02   2.2512279e-02
  -6.3918474e-02   2.2515608e-02
  -6.3910142e-02   2.4086464e-02
  -6.9182604e-02   2.6201574e-02
  -7.1841866e-02   2.9371659e-02
  -7.1786109e-02   2.7246760e-02
  -6.5097083e-02   2.1947615e-02
  -7.2830874e-02   2.2963036e-02
  -7.9557993e-02   2.4594245e-02
  -8.4930474e-02   2.6209300e-02
  -7.5780366e-02   2.6744751e-02
  -7.6922993e-02   2.8260523e-02
  -7.8157759e-02   2.7185463e-02
  -8.8854652e-02   2.5680103e-02
  -9.1323209e-02   2.0919254e-02
  -1.0194909e-01   2.2519532e-02
  -1.0581487e-01   2.8273759e-02
  -1.1639285e-01   2.7235316e-02
  -1.1880213e-01   2.4563865e-02
  -1.2405624e-01   2.1420306e-02
  -1.3189660e-01   2.0885929e-02
  -1.3303744e-01   2.3992937e-02
  -1.3409445e-01   2.2382131e-02
  -1.5113444e-01   2.4974806e-02
  -1.5273850e-01   2.5020798e-02
  -1.5910861e-01   2.4981970e-02
  -1.6974722e-01   2.2379735e-02
  -1.7837321e-01   2.1257611e-02
  -1.9444867e-01   1.6077568e-02
  -2.0369666e-01   2.2299925e-02
  -2.0351224e-01   2.1242177e-02
  -2.0479131e-01   2.2793075e-02
  -1.9942468e-01   1.9677570e-02
  -2.1023415e-01   2.1764814e-02
  -2.1286283e-01   2.0721977e-02
  -2.1395723e-01   2.0698773e-02
  -2.1113115e-01   2.1202392e-02
  -2.0610447e-01   2.2271699e-02
  -2.0632512e-01   2.1256330e-02
  -2.0183974e-01   1.9135633e-02
  -2.0390668e-01   2.1802406e-02
  -2.0038189e-01   2.1854451e-02
  -1.9544151e-01   2.4348613e-02
  -1.9712405e-01   2.4911253e-02
  -1.9365163e-01   1.8598700e-02
  -1.9722129e-01   1.8683439e-02
  -1.9662380e-01   1.9664275e-02
  -5.2412402e-02   2.7900419e-02
  -4.8310614e-02   2.3073631e-02
  -4.4479508e-02   2.3647266e-02
  -4.4429438e-02   2.5198780e-02
  -3.4004124e-02   2.6806560e-02
  -2.7404941e-02   2.8855150e-02
  -2.3584338e-02   2.8444751e-02
  -7.8618603e-03   2.7921969e-02
   2.6075591e-03   2.8308550e-02
   6.5573520e-03   2.9004616e-02
   3.9307229e-03   2.8449178e-02
   3.9391443e-03   2.6922191e-02
   1.8330727e-02   2.5260717e-02
   3.5313725e-02   2.6280257e-02
   4.7106130e-02   3.1558787e-02
   3.9211611e-02   3.2584778e-02
   4.4401249e-02   3.1498475e-02
   5.0960756e-02   2.5719150e-02
   5.4972684e-02   2.8922223e-02
   6.5554918e-02   3.1602704e-02
   8.0099936e-02   2.6345840e-02
   8.6456826e-02   3.0491111e-02
   9.1408924e-02   3.1964795e-02
   1.0328738e-01   2.9878616e-02
   1.0597609e-01   3.2526524e-02
   1.0449148e-01   2.9846868e-02
   1.1254436e-01   3.0415599e-02
   1.1897660e-01   2.9848850e-02
   1.1892720e-01   3.3514498e-02
   1.2795697e-01   3.2937180e-02
   1.3334321e-01   3.0864211e-02
   1.2966245e-01   3.1982683e-02
   1.2693227e-01   3.0909563e-02
   1.3082664e-01   3.2995602e-02
   1.3987964e-01   3.0848512e-02
   1.3859581e-01   2.9282979e-02
   1.4901311e-01   3.1870242e-02
   1.5816304e-01   3.1844799e-02
   1.5156029e-01   3.5519545e-02
   1.5680709e-01   3.4459057e-02
   1.6093638e-01   3.1868415e-02
   1.6225445e-01   3.1342221e-02
   1.5928347e-01   3.3374367e-02
   1.5148662e-01   3.1310119e-02
   1.4628807e-01   2.9757770e-02
   1.5061799e-01   3.1929233e-02
   1.5044126e-01   3.3466685e-02
   1.5637325e-01   3.2796490e-02
   1.5308582e-01   3.1890733e-02
   2.4187108e-01   3.4336057e-02
   2.4549825e-01   3.1499517e-02
   2.5539573e-01   3.1549933e-02
   2.5825530e-01   3.2085897e-02
   2.7143485e-01   3.7742031e-02
   2.7266701e-01   3.8576564e-02
   2.6773189e-01   3.8128216e-02
   2.6139472e-01   3.2491615e-02
   2.5659142e-01   3.5163871e-02
   2.6082817e-01   3.3625747e-02
   2.6441037e-01   3.6157028e-02
   2.7199508e-01   3.6080465e-02
   2.7068741e-01   3.6087548e-02
   2.6582444e-01   3.3051497e-02
   2.5929324e-01   3.2566080e-02
   2.4420846e-01   3.5849409e-02
   2.3219273e-01   3.4831390e-02
   2.2689938e-01   3.6415539e-02
   2.1862636e-01   3.5341402e-02
   2.1711679e-01   3.4793582e-02
   2.1392113e-01   3.1263963e-02
   2.1091420e-01   2.9652482e-02
   2.1334637e-01   2.8575438e-02
   2.1095160e-01   3.6450656e-02
   2.0419811e-01   3.6443164e-02
   1.9449734e-01   3.4815700e-02
   1.8472396e-01   2.9217396e-02
   1.8227423e-01   2.9776252e-02
   1.7902143e-01   3.4386238e-02
   1.8367921e-01   3.3983945e-02
   1.9271996e-01   3.1830458e-02
   1.8051807e-01   3.3893742e-02
   1.6595417e-01   3.4430185e-02
   1.5831953e-01   3.1875973e-02
   1.4411089e-01   2.9328178e-02
   1.3884690e-01   3.0912372e-02
   1.4408641e-01   3.0899330e-02
   1.4655240e-01   3.1385422e-02
   1.4026200e-01   3.3037164e-02
   1.2962194e-01   3.4604214e-02
   1.2604308e-01   3.6294750e-02
   1.1384647e-01   3.0937386e-02
   1.1686128e-01   2.6817152e-02
   1.0777701e-01   2.6859540e-02
   9.1414337e-02   3.1440782e-02
   8.6456826e-02   3.0491111e-02
   7.6039167e-02   3.2115716e-02
   6.5489985e-02   3.1571367e-02
   6.1567740e-02   3.0523366e-02
  -8.4838128e-02   2.7230795e-02
  -9.1549564e-02   2.6751050e-02
  -1.0213778e-01   2.4138223e-02
  -1.1795162e-01   2.5712418e-02
  -1.2582697e-01   2.4649452e-02
  -1.2413518e-01   2.5625026e-02
  -1.2535701e-01   2.1940716e-02
  -1.2940758e-01   2.1433253e-02
  -1.3045657e-01   2.1389194e-02
  -1.3238652e-01   2.4113370e-02
  -1.3198156e-01   2.5087708e-02
  -1.4659383e-01   2.8769970e-02
  -1.4653340e-01   2.2470844e-02
  -1.4742744e-01   2.0318581e-02
  -1.4628334e-01   1.8775999e-02
  -1.4785982e-01   2.0900824e-02
  -1.4768918e-01   2.2968403e-02
  -1.4768918e-01   2.2968403e-02
  -1.4619720e-01   2.6077777e-02
  -1.5842229e-01   2.5605290e-02
  -1.4903211e-01   1.9834165e-02
  -1.5675303e-01   1.6674799e-02
  -1.5540293e-01   2.0845907e-02
  -1.5158984e-01   2.4526260e-02
  -1.6672214e-01   2.8804334e-02
  -1.7472453e-01   2.7023803e-02
  -1.8334046e-01   2.2937285e-02
  -1.9199003e-01   1.9213407e-02
  -2.0656827e-01   1.8682150e-02
  -2.1967152e-01   1.6580465e-02
  -2.3137426e-01   2.0694897e-02
  -2.3499323e-01   2.4280782e-02
  -2.4150960e-01   2.4775924e-02
  -2.4831610e-01   2.3229015e-02
  -2.5018936e-01   1.9649669e-02
  -2.4951372e-01   1.5468412e-02
  -2.5046646e-01   2.1631182e-02
  -2.4315765e-01   1.9629620e-02
  -2.4183185e-01   2.0666400e-02
  -2.3968225e-01   2.1231214e-02
  -2.3613573e-01   2.0641151e-02
  -2.2988958e-01   1.7576716e-02
  -2.2726162e-01   1.8616840e-02
  -2.3004856e-01   2.1733297e-02
  -2.1782587e-01   2.3275106e-02
  -2.1372020e-01   2.2229756e-02
  -2.1564293e-01   2.3327417e-02
  -2.1369059e-01   2.1842380e-02
