   6.2277527e-02   2.7616835e-02
   4.0260421e-02   2.7661978e-02
   5.2056477e-02   2.6662342e-02
   5.4495600e-02   2.7102836e-02
   5.2139789e-02   3.0381769e-02
   4.9386731e-02   3.0294317e-02
   5.5952148e-02   2.8227296e-02
   5.3486696e-02   3.1983559e-02
   5.7363250e-02   2.8805571e-02
   5.8612269e-02   2.8252715e-02
   5.9738177e-02   2.8168132e-02
   6.1220448e-02   2.7727031e-02
   5.9891298e-02   3.1913689e-02
   5.9777100e-02   3.1328726e-02
   6.2448109e-02   2.9788887e-02
   6.2396790e-02   2.8193282e-02
   6.6365300e-02   2.7694440e-02
   6.4989723e-02   2.9234697e-02
   6.1260757e-02   3.0896404e-02
   6.1182123e-02   3.3481697e-02
   5.9783938e-02   3.0284436e-02
   6.7606850e-02   2.6621822e-02
   6.8835832e-02   2.7115768e-02
   6.5121288e-02   2.8769255e-02
   6.2321978e-02   3.0251905e-02
   6.9032228e-02   2.8241928e-02
   6.6365300e-02   2.7694440e-02
   6.6339806e-02   3.1352197e-02
   6.8953120e-02   2.9781576e-02
   5.9970670e-02   2.8803040e-02
   6.0029872e-02   2.8831499e-02
   6.2502565e-02   3.0864511e-02
   6.5103069e-02   3.1384642e-02
   6.9164852e-02   2.8821731e-02
   6.7659479e-02   2.8738075e-02
   6.5303498e-02   3.0428471e-02
   6.1314017e-02   3.1975299e-02
   6.6466662e-02   3.1937629e-02
   6.5114189e-02   2.9815410e-02
   6.7540410e-02   2.6595662e-02
   6.4996656e-02   2.8190601e-02
   6.8967861e-02   2.7691641e-02
   6.6343640e-02   3.0829660e-02
   6.2618571e-02   3.1973813e-02
   6.7718756e-02   2.9812448e-02
   6.6282192e-02   3.0277310e-02
   6.9032228e-02   2.8241928e-02
   7.2939713e-02   2.8237433e-02
   6.7663063e-02   2.8215565e-02
   6.3993763e-02   3.0954601e-02
   5.8789121e-02   2.7811799e-02
   5.8439521e-02   2.8169373e-02
   5.7247242e-02   2.9271512e-02
   6.1253591e-02   3.1943740e-02
   6.6274611e-02   3.1321355e-02
   6.5185511e-02   2.8797642e-02
   6.2509621e-02   2.9818257e-02
   5.9741271e-02   2.7646500e-02
   6.2516437e-02   2.8772002e-02
   6.6169872e-02   2.7612871e-02
   6.7578010e-02   3.0797794e-02
   6.2556858e-02   3.1942259e-02
   6.2328853e-02   2.9208736e-02
   5.8505928e-02   2.6630594e-02
   6.2538389e-02   2.5110111e-02
   6.3749111e-02   2.9787482e-02
   7.6763347e-02   2.9249543e-02
   6.4967428e-02   3.2366986e-02
   6.2437465e-02   3.1356723e-02
   6.1321205e-02   3.0926928e-02
   6.1096857e-02   2.8194581e-02
   6.6303406e-02   2.7145175e-02
   6.4805466e-02   2.8107644e-02
   6.3689929e-02   2.9236101e-02
   6.8933201e-02   3.2393995e-02
   5.9998477e-02   3.3549381e-02
   5.9780548e-02   3.0806581e-02
   6.1214011e-02   2.8773334e-02
   6.3759424e-02   2.8219720e-02
   5.9735026e-02   2.8689764e-02
   5.7290701e-02   3.1393267e-02
   6.1203912e-02   3.0342788e-02
   5.9783938e-02   3.0284436e-02
   5.9908348e-02   2.9297813e-02
   5.9861952e-02   2.7178311e-02
   6.3637440e-02   2.7642684e-02
   6.3689929e-02   2.9236101e-02
   6.0005859e-02   3.2500962e-02
   5.9967424e-02   2.9326732e-02
   5.7187824e-02   2.9764890e-02
   5.7312760e-02   2.7730719e-02
   5.7303638e-02   2.9300382e-02
   6.1217259e-02   2.8250182e-02
   5.7318565e-02   2.6684277e-02
   5.8708380e-02   3.1453944e-02
   5.7287328e-02   3.1916488e-02
   5.8657262e-02   3.0375464e-02
   5.7244100e-02   2.9794218e-02
   5.6007280e-02   2.8255138e-02
   5.8442547e-02   2.7647718e-02
   6.2594121e-02   2.6182179e-02
   5.5884985e-02   3.0288360e-02
   5.8589313e-02   3.1915104e-02
   5.7244100e-02   2.9794218e-02
   6.1283976e-02   2.7230729e-02
   5.5936794e-02   3.0840934e-02
   5.4869847e-02   2.7815358e-02
   5.9855786e-02   2.8223631e-02
   5.8538506e-02   3.0838294e-02
   5.7230981e-02   3.1885040e-02
   5.7290701e-02   3.1393267e-02
   6.1217259e-02   2.8250182e-02
   6.2406323e-02   2.6626988e-02
   6.2386717e-02   2.9759575e-02
   5.7303638e-02   2.9300382e-02
   6.2444621e-02   3.0311499e-02
   5.9957337e-02   3.0897807e-02
   5.7065932e-02   3.1269903e-02
   6.5249860e-02   2.8826085e-02
   6.5128136e-02   2.7723101e-02
   6.3762739e-02   2.7697133e-02
   6.6339806e-02   3.1352197e-02
   6.2487729e-02   3.2957021e-02
   6.4978856e-02   3.0800842e-02
   5.9777100e-02   3.1328726e-02
   6.1106191e-02   2.6628216e-02
   6.1160179e-02   2.7699718e-02
   5.8731074e-02   2.7784318e-02
   5.9964119e-02   2.9850423e-02
   6.3801007e-02   3.1386156e-02
   6.1065684e-02   3.2893678e-02
   6.2491528e-02   3.2433893e-02
   6.3700028e-02   2.7669882e-02
   6.1049125e-02   2.6080429e-02
   5.8560606e-02   2.7179514e-02
   5.8660551e-02   2.9851750e-02
   5.8585808e-02   3.2438302e-02
   6.1023604e-02   3.0253297e-02
   6.3693357e-02   2.8714028e-02
   5.9976989e-02   2.7755657e-02
   6.1153760e-02   2.8744991e-02
   6.2495267e-02   3.1910766e-02
   5.9832389e-02   3.1882249e-02
   6.3495645e-02   3.0191133e-02
   6.2564177e-02   3.0894971e-02
   6.5181982e-02   2.9321236e-02
   5.8721689e-02   2.9357015e-02
   5.4812803e-02   2.8312165e-02
   5.7202938e-02   2.7153935e-02
   6.3808334e-02   3.0339950e-02
   6.2495267e-02   3.1910766e-02
   6.3801007e-02   3.1386156e-02
   6.5192379e-02   2.7750455e-02
   6.9028566e-02   2.8764927e-02
   6.2390135e-02   2.9237477e-02
   6.0095546e-02   2.7810559e-02
   6.1338136e-02   2.8306002e-02
   6.6270725e-02   3.1843378e-02
   6.1102250e-02   3.6061897e-02
   6.3856298e-02   3.2464365e-02
   5.8739947e-02   2.6211620e-02
   5.7143824e-02   2.7648910e-02
   5.4704785e-02   2.8256308e-02
   5.9777100e-02   3.1328726e-02
   6.1083588e-02   3.0283069e-02
   5.8490751e-02   2.9241436e-02
   6.2390135e-02   2.9237477e-02
   6.1207337e-02   2.9819637e-02
   6.5185511e-02   2.8797642e-02
   6.4989723e-02   2.9234697e-02
   5.8538506e-02   3.0838294e-02
   5.8535123e-02   3.1360977e-02
   5.7181393e-02   3.0809272e-02
   5.8742791e-02   2.5687388e-02
   6.1290076e-02   2.6183393e-02
   5.7312760e-02   2.7730719e-02
   6.2433797e-02   3.1879335e-02
   6.3797252e-02   3.1909258e-02
   5.7287328e-02   3.1916488e-02
   6.3888532e-02   2.7751796e-02
   6.3958117e-02   2.6730937e-02
   6.1203912e-02   3.0342788e-02
   5.9828816e-02   3.2404909e-02
   5.5930276e-02   3.1886389e-02
   5.7290701e-02   3.1393267e-02
   5.7363250e-02   2.8805571e-02
   5.2151181e-02   2.8286475e-02
   5.7363250e-02   2.8805571e-02
   5.9793763e-02   2.8717999e-02
   5.8557618e-02   2.7702197e-02
   6.2430069e-02   3.2401947e-02
   6.4978856e-02   3.0800842e-02
   6.0033070e-02   2.8307290e-02
   5.9721849e-02   3.0776292e-02
   5.2102509e-02   2.7735260e-02
   5.7208599e-02   2.6109553e-02
   5.7190957e-02   2.9242699e-02
   5.3446280e-02   2.9856764e-02
   5.9861952e-02   2.7178311e-02
   5.6010197e-02   2.7731895e-02
   5.9852616e-02   2.8746290e-02
   5.7300486e-02   2.9823603e-02
   5.7237650e-02   3.0839629e-02
   5.5995069e-02   3.0348111e-02
   5.4692858e-02   3.0349368e-02
   5.7146728e-02   2.7127233e-02
   5.7253361e-02   2.8226101e-02
   5.8602770e-02   2.9822310e-02
   5.5991881e-02   3.0871354e-02
   6.2444621e-02   3.0311499e-02
   5.7297279e-02   3.0346824e-02
   5.5894170e-02   2.8721721e-02
   5.7425939e-02   2.7785527e-02
   6.3881801e-02   2.8799034e-02
   6.2318451e-02   3.0773490e-02
   6.1200428e-02   3.0865940e-02
   6.2560548e-02   3.1418615e-02
   5.5817146e-02   3.2345371e-02
   5.0744610e-02   2.8754611e-02
   4.6936063e-02   2.8290675e-02
   5.8557618e-02   2.7702197e-02
   5.8545102e-02   2.9792928e-02
   6.1136684e-02   3.1358172e-02
   5.9876620e-02   3.4006390e-02
   5.6050273e-02   3.0378075e-02
   5.9738177e-02   2.8168132e-02
   5.4664615e-02   2.5614716e-02
   5.4594306e-02   2.8722906e-02
   5.3449225e-02   2.9332961e-02
   5.7237650e-02   3.0839629e-02
   5.8545102e-02   2.9792928e-02
   5.9846104e-02   2.9791610e-02
   5.7303638e-02   2.9300382e-02
   6.1086994e-02   2.9760947e-02
   5.5995069e-02   3.0348111e-02
   5.0592499e-02   2.9191100e-02
   5.3390647e-02   3.0350596e-02
   5.0927829e-02   3.2017717e-02
   5.0747297e-02   2.8231800e-02
   5.0749935e-02   2.7708989e-02
   5.5960713e-02   2.6659112e-02
   5.4698927e-02   2.9302838e-02
   5.2088436e-02   3.0351794e-02
   5.2034227e-02   3.0844670e-02
   4.9438086e-02   2.9801349e-02
   4.9351484e-02   2.7655502e-02
   5.5955057e-02   2.7704568e-02
   5.8548315e-02   2.9270245e-02
   5.1977039e-02   3.1858851e-02
   4.6911974e-02   3.3005788e-02
   5.2051216e-02   2.7707924e-02
   4.9499914e-02   2.7214023e-02
   6.1226649e-02   2.6680728e-02
   5.8721689e-02   2.9357015e-02
   6.1080125e-02   3.0805191e-02
   6.6185348e-02   3.4419632e-02
   6.3907396e-02   3.4068841e-02
   6.2379702e-02   3.0803771e-02
   6.3895016e-02   2.6704558e-02
   6.1229661e-02   2.6157576e-02
   5.5995069e-02   3.0348111e-02
   5.5978591e-02   3.2964327e-02
   6.1061927e-02   3.3415800e-02
   5.9911585e-02   2.8774637e-02
   6.2467773e-02   2.6653215e-02
   5.9814677e-02   2.5062981e-02
   5.1946241e-02   2.8175174e-02
   5.3291573e-02   2.9246319e-02
   5.6151196e-02   3.2012569e-02
   5.8762880e-02   3.2009807e-02
   5.9905054e-02   2.9820988e-02
   5.5913720e-02   2.5066229e-02
   5.7143824e-02   2.7648910e-02
   5.4698927e-02   2.9302838e-02
   5.5820466e-02   3.1823672e-02
   5.6047076e-02   3.0901835e-02
   5.5820466e-02   3.1823672e-02
   5.7363250e-02   2.8805571e-02
   5.4546378e-02   2.7651214e-02
   5.0705138e-02   2.6637110e-02
   5.7247242e-02   2.9271512e-02
   5.8541832e-02   3.0315611e-02
   5.7396909e-02   3.2503824e-02
   5.8666960e-02   2.8804320e-02
   5.8612269e-02   2.8252715e-02
   5.4707635e-02   2.7733043e-02
   5.8442547e-02   2.7647718e-02
   5.8548315e-02   2.9270245e-02
   5.7303638e-02   2.9300382e-02
   5.9894823e-02   3.1390513e-02
   5.6001282e-02   2.9301624e-02
   5.7353768e-02   3.0376784e-02
   6.1090340e-02   2.9238825e-02
   5.8605993e-02   2.9299112e-02
   6.2526208e-02   2.7202620e-02
   5.7234343e-02   3.1362335e-02
   5.3355218e-02   2.7184061e-02
   5.2053872e-02   2.7185133e-02
   4.8047738e-02   2.8700149e-02
   5.4585334e-02   3.0289610e-02
   5.3384516e-02   3.1397168e-02
   5.4626310e-02   3.2410457e-02
   5.2088436e-02   3.0351794e-02
   5.4605533e-02   2.6633968e-02
   5.8396692e-02   2.5535989e-02
   5.0639424e-02   2.9741600e-02
   5.7125247e-02   3.0778975e-02
   5.9766414e-02   3.2895163e-02
   5.5884985e-02   3.0288360e-02
   5.5891162e-02   2.9243934e-02
   5.6010197e-02   2.7731895e-02
   5.4761599e-02   2.7760427e-02
   5.3454961e-02   2.8285356e-02
   5.4594306e-02   2.8722906e-02
   5.3387607e-02   3.0873882e-02
   5.5826946e-02   3.0780273e-02
   5.4572639e-02   3.2378549e-02
   5.1983085e-02   3.0814298e-02
   5.1951571e-02   2.7131649e-02
   5.9855786e-02   2.8223631e-02
   5.7244100e-02   2.9794218e-02
   5.4632782e-02   3.1364958e-02
   5.4531731e-02   3.0259819e-02
   5.3239229e-02   2.9217552e-02
   5.7247242e-02   2.9271512e-02
   5.4585334e-02   3.0289610e-02
   5.5995069e-02   3.0348111e-02
   5.4698927e-02   2.9302838e-02
   5.4546378e-02   2.7651214e-02
   5.2094216e-02   2.9305181e-02
   5.4629572e-02   3.1887708e-02
   6.2506123e-02   3.0341384e-02
   5.5884985e-02   3.0288360e-02
   5.7318565e-02   2.6684277e-02
   6.1200428e-02   3.0865940e-02
   5.7250329e-02   2.8748807e-02
   5.7306734e-02   2.8777161e-02
   5.4698927e-02   2.9302838e-02
   5.7237650e-02   3.0839629e-02
   5.7187824e-02   2.9764890e-02
   5.9967424e-02   2.9326732e-02
   6.2526208e-02   2.7202620e-02
   5.8602770e-02   2.9822310e-02
   6.1136684e-02   3.1358172e-02
   6.2498946e-02   3.1387639e-02
   6.3797252e-02   3.1909258e-02
   5.4689744e-02   3.0872633e-02
   5.8663784e-02   2.9328035e-02
   5.7360144e-02   2.9329309e-02
   5.4626310e-02   3.2410457e-02
   5.7244100e-02   2.9794218e-02
   5.5845101e-02   2.7650075e-02
   5.7312760e-02   2.7730719e-02
   5.4642095e-02   2.9796710e-02
   5.0736254e-02   3.0323044e-02
   5.7356984e-02   2.9853047e-02
   5.7244100e-02   2.9794218e-02
   5.8439521e-02   2.8169373e-02
   5.8490751e-02   2.9241436e-02
   5.9842762e-02   3.0314270e-02
   6.1200428e-02   3.0865940e-02
   6.2560548e-02   3.1418615e-02
   6.3944863e-02   2.8827481e-02
   6.5053684e-02   2.9263487e-02
   6.0029872e-02   2.8831499e-02
   6.2448109e-02   2.9788887e-02
   6.1271063e-02   2.9325400e-02
   6.3679279e-02   3.0802321e-02
   6.3756048e-02   2.8742308e-02
   5.9849389e-02   2.9268950e-02
   5.7125247e-02   3.0778975e-02
   5.4537746e-02   2.9216377e-02
   5.9855786e-02   2.8223631e-02
   5.4472026e-02   3.1272504e-02
   5.3449225e-02   2.9332961e-02
   5.4650935e-02   2.8228463e-02
   5.8448432e-02   2.6604408e-02
   5.5998202e-02   2.9824868e-02
   6.1009439e-02   3.2339732e-02
   6.1140217e-02   3.0835535e-02
   5.8657262e-02   3.0375464e-02
   5.7363250e-02   2.8805571e-02
   5.4653777e-02   2.7705713e-02
   5.5949185e-02   2.8750023e-02
   4.9630658e-02   3.0444225e-02
   5.4569335e-02   3.2900783e-02
   5.2136815e-02   3.0905593e-02
   5.7181393e-02   3.0809272e-02
   5.4591368e-02   2.9245141e-02
   5.4594306e-02   2.8722906e-02
   5.6010197e-02   2.7731895e-02
   5.0644913e-02   2.8698035e-02
   5.2133790e-02   3.1429416e-02
   5.3338114e-02   3.0320684e-02
   5.0844699e-02   2.8811410e-02
   5.4695919e-02   2.9826103e-02
   5.0836294e-02   3.0382941e-02
   5.2040091e-02   2.9799088e-02
   5.4758741e-02   2.8284209e-02
   5.2105173e-02   2.7211954e-02
   5.4743655e-02   3.0903117e-02
   5.6001282e-02   2.9301624e-02
   5.3387607e-02   3.0873882e-02
   5.1892525e-02   2.8668735e-02
   5.3352496e-02   2.7706832e-02
   5.7253361e-02   2.8226101e-02
   5.3192638e-02   2.8146383e-02
   5.0739088e-02   2.9800233e-02
   5.4864043e-02   2.8864994e-02
   5.3297258e-02   2.8201808e-02
   5.3227280e-02   3.1304520e-02
   5.8663784e-02   2.9328035e-02
   6.2451536e-02   2.9266275e-02
   5.9905054e-02   2.9820988e-02
   5.6151196e-02   3.2012569e-02
   5.8406176e-02   3.3385924e-02
   5.8551473e-02   2.8747562e-02
   5.8670079e-02   2.8280605e-02
   5.5891162e-02   2.9243934e-02
   5.8487547e-02   2.9763605e-02
   5.5943097e-02   2.9795479e-02
   5.5949185e-02   2.8750023e-02
   5.6001282e-02   2.9301624e-02
   5.7125247e-02   3.0778975e-02
   5.9917886e-02   2.7728287e-02
   5.5998202e-02   2.9824868e-02
   5.4752865e-02   2.9331772e-02
   5.4692858e-02   3.0349368e-02
   5.3285684e-02   3.0290831e-02
   5.2094216e-02   2.9305181e-02
   4.6874210e-02   3.1403062e-02
   5.0844699e-02   2.8811410e-02
   4.9435325e-02   3.0324180e-02
   5.8382164e-02   2.8141702e-02
   5.8605993e-02   2.9299112e-02
   5.7137851e-02   2.8692265e-02
   5.5991881e-02   3.0871354e-02
   5.5881816e-02   3.0810573e-02
   5.6040519e-02   3.1949354e-02
   5.7303638e-02   2.9300382e-02
   5.5850724e-02   2.6606676e-02
   5.8670079e-02   2.8280605e-02
   5.8551473e-02   2.8747562e-02
   5.9728552e-02   2.9733028e-02
   5.7224091e-02   3.2930451e-02
   6.3660307e-02   3.3412687e-02
   5.8632653e-02   3.4041469e-02
   5.8379090e-02   2.8662844e-02
   5.9800027e-02   2.7673708e-02
   5.8554573e-02   2.8224880e-02
   5.4743655e-02   3.0903117e-02
   5.8369535e-02   3.0226272e-02
   5.7234343e-02   3.1362335e-02
   5.4572639e-02   3.2378549e-02
   6.1020150e-02   3.0774906e-02
   5.9861952e-02   2.7178311e-02
   5.7324148e-02   2.5637834e-02
   5.7075603e-02   2.9706408e-02
   5.7265938e-02   3.5055814e-02
   5.4572639e-02   3.2378549e-02
   6.1280837e-02   2.7754397e-02
   5.5957912e-02   2.7181840e-02
   5.6068318e-02   2.7235515e-02
   4.9478332e-02   3.1400796e-02
   5.4698927e-02   2.9302838e-02
   5.7181393e-02   3.0809272e-02
   5.4575891e-02   3.1856314e-02
   5.5998202e-02   2.9824868e-02
   5.4600024e-02   2.7678437e-02
   5.3255620e-02   2.6087100e-02
   5.4704785e-02   2.8256308e-02
   5.4676763e-02   3.2965693e-02
   5.7220564e-02   3.3453157e-02
   6.2516437e-02   2.8772002e-02
   6.1156999e-02   2.8222354e-02
   5.4707635e-02   2.7733043e-02
   5.3446280e-02   2.9856764e-02
   5.8605993e-02   2.9299112e-02
   5.5995069e-02   3.0348111e-02
   5.3501983e-02   2.9361956e-02
   5.5933562e-02   3.1363662e-02
   5.1983085e-02   3.0814298e-02
   4.6841178e-02   2.8757759e-02
   4.6887328e-02   2.8786140e-02
   4.8232009e-02   2.9861315e-02
   4.8092395e-02   2.9250750e-02
   5.3344021e-02   2.9275143e-02
   5.2094216e-02   2.9305181e-02
   5.0694712e-02   2.8726295e-02
   5.3396571e-02   2.9304024e-02
   5.0777405e-02   3.1922944e-02
   5.1889743e-02   2.9189985e-02
   5.6001282e-02   2.9301624e-02
   5.5936794e-02   3.0840934e-02
