  -3.5380868e-01  -4.5909937e-02
   1.3730777e-01  -9.0185659e-02
   1.4804366e-01  -7.0325964e-02
   1.9513124e-01  -9.7311878e-02
   2.2276864e-01  -7.2594757e-02
   2.2513321e-01  -6.5490498e-02
   2.5460641e-01  -7.5377643e-02
   2.6899427e-01  -6.7945908e-02
   2.7668061e-01  -6.4555215e-02
   2.7542251e-01  -5.3878198e-02
   2.9871295e-01  -4.8027756e-02
   3.1919430e-01  -4.9840573e-02
   3.3300578e-01  -5.1374533e-02
   3.4523947e-01  -3.4766557e-02
   3.4983632e-01  -3.3496652e-02
   3.6026976e-01  -2.5588283e-02
   3.7327649e-01  -2.5929743e-02
   3.8357988e-01  -2.5773289e-02
   3.8363501e-01  -1.1693714e-02
   3.9203294e-01  -3.0483931e-03
   4.0723607e-01  -7.1258124e-03
   4.1646633e-01  -5.6046475e-03
   4.1477078e-01   1.0318708e-02
   4.3007032e-01   9.2368170e-03
   4.3327554e-01   2.2161021e-02
   4.4215717e-01   2.4511947e-02
   4.5233556e-01   2.7056020e-02
   4.5746680e-01   3.0498227e-02
   4.5712518e-01   4.3376662e-02
   4.5680968e-01   3.6387647e-02
   4.4963393e-01   5.3482284e-02
   4.4973280e-01   5.1622746e-02
   4.4832424e-01   5.6458707e-02
   4.4198169e-01   6.6004011e-02
   4.3949276e-01   6.8439293e-02
   4.4251651e-01   7.2582135e-02
   4.4246157e-01   7.9832888e-02
   4.3124084e-01   8.4867414e-02
   4.2356856e-01   9.2628940e-02
   4.0698942e-01   9.5931856e-02
   4.0377508e-01   9.6703201e-02
   4.0867269e-01   1.0199619e-01
   3.9012458e-01   1.0926147e-01
   3.8553679e-01   1.1830018e-01
   3.7934508e-01   1.2781565e-01
   3.5108286e-01   1.3038150e-01
   3.4503267e-01   1.2470289e-01
   3.2015073e-01   1.4526326e-01
   3.1252434e-01   1.5809025e-01
   3.0957118e-01   1.5639028e-01
  -2.3146962e-01   2.2735614e-01
  -2.3444018e-01   2.1578992e-01
  -1.8462883e-01   2.1427844e-01
  -2.8324698e-01   2.4900632e-01
  -3.1244543e-01   2.0016532e-01
  -2.5712117e-01   2.0826026e-01
  -2.6848739e-01   2.0422141e-01
  -2.7137387e-01   2.0753944e-01
  -2.4340408e-01   1.9028291e-01
  -2.7726031e-01   1.8310054e-01
  -2.7614185e-01   1.7836633e-01
  -2.8096877e-01   1.7330230e-01
  -3.0434098e-01   1.7130085e-01
  -2.9025545e-01   1.6122444e-01
  -2.9597840e-01   1.4588702e-01
  -3.0627646e-01   1.4068982e-01
  -3.1439624e-01   1.4383852e-01
  -3.1052601e-01   1.1139824e-01
  -3.1287399e-01   1.0955923e-01
  -3.1684263e-01   1.1570152e-01
  -3.2949912e-01   1.1035354e-01
  -3.0811470e-01   9.1136053e-02
  -3.2908506e-01   9.0892764e-02
  -3.5628644e-01   7.6506420e-02
  -3.8180475e-01   8.0113984e-02
  -3.8899079e-01   6.5847645e-02
  -3.6988930e-01   5.9696774e-02
  -3.7831796e-01   5.2098097e-02
  -3.7167065e-01   4.6653345e-02
  -3.5341038e-01   3.7236990e-02
  -3.5317663e-01   2.5649736e-02
  -3.6783766e-01   1.6282297e-02
  -3.7623548e-01   1.3591641e-02
  -3.7209561e-01   2.0992569e-03
  -3.7051369e-01  -4.2128202e-03
  -3.4984755e-01  -1.1011655e-02
  -3.4496886e-01  -1.9984230e-02
  -3.4331634e-01  -1.7867947e-02
  -3.4382908e-01  -1.2676657e-02
  -3.5189803e-01  -2.6286940e-02
  -3.3631584e-01  -2.3910604e-02
  -3.2705347e-01  -3.9327143e-02
  -3.3753877e-01  -4.2003217e-02
   3.5375616e-02  -7.3323845e-02
   4.8873321e-02  -6.5312081e-02
   7.5468029e-02  -7.4185751e-02
   9.6719312e-02  -7.0546732e-02
   1.0504701e-01  -6.8483555e-02
   1.1090234e-01  -5.8800579e-02
   1.3258630e-01  -5.7080556e-02
   1.5031076e-01  -5.7600612e-02
   1.6425642e-01  -6.0472025e-02
   1.7176662e-01  -4.7579131e-02
   2.0993575e-01  -4.0136775e-02
   2.3613256e-01  -4.6310122e-02
   2.3026784e-01  -3.7598013e-02
   2.4461373e-01  -3.0998584e-02
   2.6108202e-01  -3.1492413e-02
   2.8825719e-01  -2.8969303e-02
   2.9878391e-01  -2.0570637e-02
   3.0763644e-01  -1.7870820e-02
   3.1151290e-01  -6.2969896e-03
   3.2529600e-01  -7.7969810e-03
   3.5030140e-01  -4.1353555e-03
   3.6095696e-01   4.1269786e-03
   3.7026982e-01   5.6642934e-03
   3.7673335e-01   6.1900397e-03
   3.7070699e-01   1.5415186e-02
   3.7759638e-01   2.0545568e-02
   3.9946816e-01   2.1876953e-02
   4.0613054e-01   2.3299876e-02
   4.0653961e-01   2.5778129e-02
   4.0468838e-01   4.1622300e-02
   4.1377718e-01   4.3565891e-02
   4.0806939e-01   4.2691471e-02
   4.1931806e-01   4.5581115e-02
   4.2486902e-01   5.7319010e-02
   4.3774329e-01   6.0364654e-02
   4.4083891e-01   5.5934540e-02
   4.3560882e-01   6.7800470e-02
   4.3592279e-01   7.2625269e-02
   4.4039857e-01   7.5762796e-02
   4.5513173e-01   8.1014878e-02
   4.5161909e-01   8.4562842e-02
   4.4773945e-01   9.0214132e-02
   4.5522320e-01   9.0473181e-02
   4.4962037e-01   8.6312709e-02
   4.5061753e-01   1.0653272e-01
   4.4120840e-01   1.0746603e-01
   4.2419765e-01   9.9608964e-02
   4.1559235e-01   1.1203543e-01
   4.0784414e-01   1.1371068e-01
   4.0914847e-01   1.0884654e-01
  -1.1689106e-01   2.2228128e-01
  -1.1672115e-01   2.1428608e-01
  -1.3610099e-01   2.1315583e-01
  -1.3009353e-01   2.1417445e-01
  -1.3177157e-01   2.0203439e-01
  -1.8011881e-01   2.0378058e-01
  -1.8865171e-01   1.9823946e-01
  -1.7631941e-01   1.9394897e-01
  -1.5674962e-01   1.8515056e-01
  -2.6612604e-01   2.1447601e-01
  -2.8342810e-01   1.6296823e-01
  -2.4270729e-01   1.8879652e-01
  -2.6236661e-01   1.6031639e-01
  -2.6761321e-01   1.6011184e-01
  -3.0013970e-01   1.7017868e-01
  -2.8608348e-01   1.4741388e-01
  -2.8783006e-01   1.5781653e-01
  -3.0598697e-01   1.4425678e-01
  -3.1350252e-01   1.3455961e-01
  -2.9414144e-01   1.2446941e-01
  -3.1406346e-01   1.2088192e-01
  -3.3040177e-01   1.1408708e-01
  -3.0346352e-01   9.5428775e-02
  -3.0815013e-01   9.3262577e-02
  -3.4158053e-01   9.5356742e-02
  -3.3392234e-01   8.3590125e-02
  -3.1179377e-01   5.5095422e-02
  -3.2507684e-01   6.8439243e-02
  -3.2175775e-01   7.1134524e-02
  -3.1797263e-01   5.3231658e-02
  -3.0962857e-01   4.5488229e-02
  -3.0783345e-01   4.7593055e-02
  -3.1361946e-01   3.3625258e-02
  -3.2175689e-01   3.4643645e-02
  -3.0967618e-01   3.1913752e-02
  -3.1793720e-01   1.9024435e-02
  -2.9899799e-01   6.3294268e-03
  -3.0276544e-01   1.3111096e-02
  -2.9391493e-01   4.7125185e-03
  -2.9392577e-01   1.5708395e-03
  -3.0048718e-01  -1.0503640e-03
  -3.0481630e-01  -3.1520424e-03
  -2.9806326e-01  -8.9406526e-03
  -2.8687207e-01  -1.2567931e-02
  -2.9524965e-01  -1.6684091e-02
  -2.8966790e-01  -2.2845514e-02
  -2.8729696e-01  -1.8107042e-02
   1.4729773e-01  -4.6126988e-02
   1.4775873e-01  -4.5728594e-02
   1.6820341e-01  -4.7351986e-02
   1.9886555e-01  -3.9317441e-02
   1.8468305e-01  -3.4089252e-02
   1.7417696e-01  -3.4196135e-02
   1.9031976e-01  -2.3794680e-02
   1.9836872e-01  -2.5749067e-02
   2.0627499e-01  -2.8735577e-02
   2.2568961e-01  -1.8087520e-02
   2.4037033e-01  -1.6544445e-02
   2.7363878e-01  -1.1662041e-02
   2.6986320e-01  -9.5082479e-03
   2.7223611e-01  -1.2660227e-02
   2.9462323e-01   8.8823842e-03
   3.2569562e-01  -1.5483484e-03
   3.5805650e-01  -5.1772824e-04
   3.7902165e-01  -6.1809448e-03
   3.8872789e-01  -8.7478820e-03
   3.9128061e-01  -6.1905646e-03
   4.0097838e-01  -5.1694034e-04
   4.1338554e-01  -1.5949555e-02
   4.3057008e-01  -3.5954052e-03
   4.2745395e-01   5.1346369e-04
   4.1619021e-01   4.1262769e-03
   4.3910387e-01   1.0232032e-03
   4.3591056e-01   8.6945420e-03
   4.4711739e-01  -1.0151348e-03
   4.4438418e-01   6.5626489e-03
   4.5793150e-01   9.9547545e-04
   4.3549867e-01   1.1541315e-02
   4.4994997e-01   9.4462755e-03
   4.4374804e-01   1.3376303e-02
   4.4850987e-01   1.5417005e-02
   4.6593571e-01   1.8895602e-02
   4.7232827e-01   2.0790260e-02
   4.8978068e-01   9.4692513e-03
   4.9839820e-01   9.4870313e-03
   5.0885001e-01   7.9440876e-03
   5.1480734e-01   1.4361789e-02
   5.3172178e-01  -4.9507874e-04
   5.2238840e-01  -4.9879730e-04
   5.1333333e-01   0.0000000e+00
   5.1243283e-01   8.9920926e-03
   5.0768815e-01   2.0027254e-03
   4.9947918e-01  -4.0015923e-03
   5.0481082e-01   3.4966997e-03
   4.9898965e-01  -1.4992736e-03
   5.0757783e-01  -3.4767086e-03
   5.0327433e-01  -4.9821251e-03
   4.2112633e-02  -3.6970222e-03
   2.4954915e-02  -2.6363448e-03
   1.3055301e-03  -6.8150313e-03
  -1.1692891e-02  -1.0432662e-03
  -7.8247080e-03  -9.9504180e-03
  -2.6007719e-02  -6.7868599e-03
  -3.7937044e-02  -4.7255015e-03
  -5.9152755e-02  -1.0019821e-02
  -7.2296414e-02  -1.0541963e-02
  -8.1865792e-02  -1.9591935e-02
  -9.3337540e-02  -7.3720278e-03
  -1.0265102e-01  -2.3730603e-02
  -1.0814466e-01  -2.2185537e-02
  -1.0736341e-01  -3.2417695e-02
  -1.2306397e-01  -3.7654974e-02
  -1.1896314e-01  -2.9444189e-02
  -1.1777223e-01  -3.4722728e-02
  -1.2492329e-01  -4.5810112e-02
  -1.0407659e-01  -3.5865888e-02
  -1.1378397e-01  -3.4343649e-02
  -8.1421190e-02  -6.7402947e-02
  -9.2700429e-02  -6.1209931e-02
  -9.3429042e-02  -7.9459304e-02
  -8.1553093e-02  -6.9161076e-02
  -7.0327649e-02  -7.8524391e-02
  -7.0408024e-02  -7.8065658e-02
  -7.1583116e-02  -8.8918615e-02
  -8.9933514e-02  -8.9735173e-02
  -7.5457139e-02  -9.3213776e-02
  -7.4331411e-02  -9.1249102e-02
  -6.6168946e-02  -1.0607823e-01
  -6.5983045e-02  -9.9616894e-02
  -5.5680615e-02  -9.5096380e-02
  -4.3522044e-02  -9.8511691e-02
  -2.2140279e-02  -1.0833256e-01
  -1.6862798e-02  -1.1622748e-01
  -1.6893127e-02  -1.1420975e-01
  -1.4320467e-02  -1.1723519e-01
   0.0000000e+00  -1.1124117e-01
   1.5691685e-02  -1.1103432e-01
   3.0086419e-02  -1.1273535e-01
   3.5011496e-02  -1.1951273e-01
   2.3482423e-02  -1.1187040e-01
   2.8722631e-02  -1.1251008e-01
   4.5688055e-02  -1.1021397e-01
   5.7612187e-02  -9.8843086e-02
   7.1818135e-02  -9.7958810e-02
   9.1184186e-02  -1.0478074e-01
   1.0931887e-01  -9.5783563e-02
   4.5174384e-01   7.8719260e-02
   4.5076220e-01   8.5188612e-02
   4.5738794e-01   8.7686079e-02
   4.6344473e-01   9.6936203e-02
   4.7200241e-01   9.8972749e-02
   4.7522217e-01   9.5832198e-02
   4.6384415e-01   1.0433363e-01
   4.6423851e-01   1.0982802e-01
   4.6609023e-01   1.1574446e-01
   4.7727758e-01   1.1957107e-01
   4.6038356e-01   1.2071550e-01
   4.3745753e-01   1.2307302e-01
   4.1826462e-01   1.4206844e-01
   4.1613963e-01   1.4425317e-01
   4.1278311e-01   1.4400408e-01
   3.8753621e-01   1.4776090e-01
   3.7445633e-01   1.6668617e-01
   3.7161361e-01   1.7023244e-01
   3.5825535e-01   1.7454795e-01
   3.6018246e-01   1.7833344e-01
   3.1739846e-01   1.9109741e-01
   3.1115189e-01   1.8999784e-01
   3.0871944e-01   2.0214726e-01
   2.8157243e-01   2.0530882e-01
   2.6019097e-01   2.0748758e-01
   2.3144085e-01   2.1085170e-01
   2.0557395e-01   2.2410638e-01
   1.8857196e-01   2.1094697e-01
   1.4867137e-01   2.1438697e-01
   1.4885843e-01   2.1929338e-01
   1.4303297e-01   2.2636391e-01
   1.3742020e-01   2.1708879e-01
   1.1285431e-01   2.2702299e-01
   7.8709411e-02   2.1849476e-01
   6.4358994e-02   2.2290404e-01
   3.0305911e-02   2.2983419e-01
   2.2961592e-02   2.1950084e-01
   1.2720353e-03   2.1752072e-01
  -5.4020162e-02   2.2504132e-01
  -7.2647087e-02   2.1705219e-01
  -9.6172327e-02   2.1794240e-01
  -1.0791138e-01   2.1388752e-01
  -1.2262124e-01   2.3144146e-01
  -1.5999523e-01   2.2503530e-01
  -1.8481871e-01   2.3704628e-01
  -1.9822829e-01   2.2791517e-01
  -2.1755976e-01   2.3618686e-01
  -2.4978172e-01   2.3147394e-01
  -2.3783645e-01   2.2218862e-01
  -2.0215970e-01   2.1017865e-01
  -4.1255534e-01   1.5923800e-02
  -4.1524995e-01   1.8566634e-02
  -3.9596370e-01   6.8743991e-03
  -3.9680365e-01   6.4248029e-03
  -3.8764168e-01  -5.3528773e-03
  -3.7400995e-01  -4.2186131e-03
  -3.3488297e-01  -1.7950683e-02
  -3.1444713e-01  -1.9268170e-02
  -3.1691141e-01  -1.8570709e-02
  -3.2551537e-01  -1.7991826e-02
  -3.2452971e-01  -2.8446810e-02
  -3.1424996e-01  -2.6558830e-02
  -2.9612581e-01  -2.4699749e-02
  -2.8762327e-01  -2.1858075e-02
  -2.8735196e-01  -1.5002978e-02
  -2.7020571e-01  -2.6864342e-02
  -2.6175904e-01  -2.9279841e-02
  -2.4979857e-01  -2.3363172e-02
  -2.3808472e-01  -2.8628487e-02
  -2.2634148e-01  -2.6222757e-02
  -2.1380193e-01  -3.0428639e-02
  -2.1035804e-01  -3.2677160e-02
  -2.0272357e-01  -2.5948892e-02
  -1.7846636e-01  -3.3130670e-02
  -1.5337019e-01  -3.4952795e-02
  -1.1369557e-01  -4.4046835e-02
  -9.1455372e-02  -4.6902806e-02
  -6.0177089e-02  -4.1968332e-02
  -4.5725200e-02  -4.4952394e-02
  -2.3023124e-02  -5.7421504e-02
  -2.4486870e-02  -3.6677544e-02
   5.4899152e-03  -4.7024642e-02
   4.0710546e-02  -4.6468963e-02
   5.4905920e-02  -5.1820205e-02
   8.0284048e-02  -5.6082764e-02
   1.0417495e-01  -5.7191224e-02
   1.2854049e-01  -4.9948925e-02
   1.4512766e-01  -4.8838602e-02
   1.7480338e-01  -5.3968333e-02
   1.9107421e-01  -4.3296987e-02
   1.9807160e-01  -4.3538299e-02
   2.1517675e-01  -3.5700328e-02
   2.3877225e-01  -3.3298823e-02
   2.7321932e-01  -3.5529704e-02
   2.9441909e-01  -3.2797937e-02
   2.9950447e-01  -2.5734321e-02
   3.1875977e-01  -2.9667986e-02
   3.3841356e-01  -1.5460101e-02
   3.6926104e-01  -2.0035437e-02
   2.9651563e-01   1.8277543e-01
   2.5244748e-01   1.6974588e-01
   2.7625844e-01   1.7546386e-01
   2.4407547e-01   2.0205436e-01
   2.2761229e-01   1.7168618e-01
   2.0405883e-01   1.9143159e-01
   1.8531527e-01   2.1239771e-01
   1.7905623e-01   1.9842104e-01
   1.6554067e-01   2.0648231e-01
   1.1701891e-01   2.1490362e-01
   1.0705504e-01   2.1819208e-01
   1.1560342e-01   2.0847386e-01
   7.8738527e-02   2.2023815e-01
   3.6982124e-02   2.2918798e-01
   1.7699745e-02   2.3417379e-01
   2.0087502e-02   2.3816289e-01
   0.0000000e+00   2.1929101e-01
  -2.5966021e-03   2.1684329e-01
  -4.8130468e-02   2.3733761e-01
  -8.4844723e-02   2.4276676e-01
  -4.3461606e-02   2.2576650e-01
  -5.9522684e-02   2.2407321e-01
  -9.9086471e-02   2.4568454e-01
  -9.4654306e-02   2.1022273e-01
  -1.3993997e-01   2.0153815e-01
  -1.5323744e-01   2.1802727e-01
  -1.7602428e-01   2.3903081e-01
  -1.8763290e-01   1.9131405e-01
  -2.3805988e-01   2.1326415e-01
  -2.2967347e-01   2.2058687e-01
  -2.3318224e-01   2.2543277e-01
  -2.6259553e-01   2.1940859e-01
  -2.9081958e-01   2.1862363e-01
  -2.7881232e-01   2.2479207e-01
  -2.8060443e-01   2.2826116e-01
  -2.8814175e-01   2.0836424e-01
  -2.6896227e-01   1.9055519e-01
  -2.6571663e-01   1.8624671e-01
  -2.9218963e-01   1.9809073e-01
  -3.1427265e-01   1.8787582e-01
  -3.2118922e-01   1.6728633e-01
  -3.3560151e-01   1.6718497e-01
  -3.3986678e-01   1.7323832e-01
  -3.4263663e-01   1.6856766e-01
  -3.5099539e-01   1.2860794e-01
  -3.6397220e-01   1.3616157e-01
  -3.5956669e-01   1.3161112e-01
  -3.8738002e-01   1.1451670e-01
  -4.2143334e-01   1.0344834e-01
  -4.3058355e-01   9.4647536e-02
  -3.0532479e-01  -5.1726941e-02
  -2.8878905e-01  -5.1971350e-02
  -3.1607588e-01  -4.4080936e-02
  -2.9881569e-01  -5.2733604e-02
  -3.0321567e-01  -4.5847676e-02
  -2.8779587e-01  -4.7450380e-02
  -2.7305627e-01  -4.6792642e-02
  -2.4006098e-01  -6.0839686e-02
  -2.1984579e-01  -5.0806622e-02
  -1.9921594e-01  -3.7281097e-02
  -1.9430885e-01  -4.6168671e-02
  -1.8132420e-01  -4.6121273e-02
  -1.8139877e-01  -3.0291290e-02
  -1.8547819e-01  -2.3709118e-02
  -1.6226502e-01  -2.5896903e-02
  -1.4469875e-01  -2.6234732e-02
  -1.0204606e-01  -3.4473663e-02
  -9.7878269e-02  -1.6651395e-02
  -5.7752516e-02  -2.1567927e-02
  -3.8990607e-02  -2.1061136e-02
  -3.0922318e-02  -2.1604664e-02
   1.5102852e-02  -1.5441236e-02
   1.0961738e-02  -1.4308956e-02
   2.0471320e-02  -1.0960419e-02
   6.2706363e-02  -1.3672587e-02
   6.9155215e-02  -1.6318811e-02
   8.9904057e-02  -4.3655305e-03
   1.1068228e-01  -2.1869423e-03
   1.1839018e-01  -2.7210361e-03
   1.3526725e-01   7.0953411e-03
   1.5061260e-01   6.0087257e-03
   1.5525411e-01   1.1950605e-02
   1.6825968e-01   2.1094473e-02
   1.8248832e-01   2.0294986e-02
   2.0843515e-01   1.2113413e-02
   2.3511434e-01   1.7564821e-02
   2.5861704e-01   1.8023271e-02
   2.7040135e-01   2.8300571e-02
   2.9465418e-01   2.7626757e-02
   3.1201603e-01   2.6448747e-02
   3.1745636e-01   3.1288754e-02
   3.3077136e-01   4.2916414e-02
   3.4696803e-01   3.1877081e-02
   3.6656599e-01   3.7041958e-02
   3.7604332e-01   5.0453681e-02
   3.7965115e-01   4.9209684e-02
   3.9269560e-01   5.1281368e-02
   4.0004339e-01   5.5378384e-02
   4.1254230e-01   4.9622488e-02
