  -7.0097772e-02   1.3284854e-01
  -1.0531757e-01   2.3624801e-01
  -1.0634364e-01   2.3040426e-01
  -1.0560623e-01   2.2332652e-01
  -1.0964406e-01   2.1812905e-01
  -1.0634114e-01   2.0979113e-01
  -1.0289120e-01   2.0939972e-01
  -1.0342266e-01   2.1081493e-01
  -9.3758131e-02   2.0388530e-01
  -9.4972823e-02   2.0311793e-01
  -8.9958949e-02   1.9403945e-01
  -9.9956157e-02   1.9117520e-01
  -8.9135639e-02   1.8052977e-01
  -9.0880494e-02   1.8035334e-01
  -8.7249770e-02   1.6886947e-01
  -1.0106107e-01   1.6397550e-01
  -9.4487573e-02   1.6207968e-01
  -9.0886262e-02   1.6206998e-01
  -8.2401888e-02   1.5391653e-01
  -8.4121982e-02   1.4820730e-01
  -9.7135383e-02   1.3795720e-01
  -9.7714157e-02   1.2208143e-01
  -9.5125175e-02   1.1307106e-01
  -9.9762303e-02   1.0308294e-01
  -9.9107416e-02   9.1978391e-02
  -9.8044969e-02   9.2814960e-02
  -9.2378499e-02   8.3046493e-02
  -8.4196611e-02   7.4630594e-02
  -7.8820219e-02   6.3636287e-02
  -7.4839207e-02   6.2029495e-02
  -7.3662207e-02   6.6010219e-02
  -6.6859281e-02   5.9352112e-02
  -7.2328665e-02   4.4728758e-02
  -7.1024173e-02   3.3918182e-02
  -4.9720387e-02   1.2943972e-02
  -4.7091841e-02   5.9391366e-03
  -4.9887614e-02  -5.4098252e-04
  -3.3703909e-02  -8.1178847e-03
  -3.8666351e-02  -2.1404960e-03
  -3.8564714e-02  -1.8691611e-02
  -3.8426453e-02  -3.5176179e-02
  -3.3422987e-02  -3.6577053e-02
  -2.8087067e-02  -4.7435769e-02
  -3.2070149e-02  -6.2651997e-02
  -3.2175837e-02  -4.5368688e-02
  -2.3867310e-02  -6.5434486e-02
  -3.7364665e-02  -5.4378396e-02
  -2.1272863e-02  -7.1088164e-02
  -3.7132023e-02  -8.0759994e-02
  -2.6416317e-02  -8.7598614e-02
  -3.8247233e-02  -2.0269462e-01
  -4.1783831e-02  -2.0860097e-01
  -3.3818471e-02  -2.1735257e-01
  -3.7524556e-02  -2.1319921e-01
  -2.9847755e-02  -2.2189452e-01
  -2.0968300e-02  -2.3251604e-01
  -1.3529309e-02  -2.3368188e-01
  -3.6657350e-03  -2.4154516e-01
  -1.1094314e-02  -2.3044857e-01
  -4.9393511e-03  -2.2644777e-01
  -7.3705677e-03  -2.3399361e-01
  -2.0994824e-02  -2.2772555e-01
  -1.7304729e-02  -2.2796863e-01
  -1.1162865e-02  -2.2891557e-01
  -1.2435389e-02  -2.2511615e-01
  -1.2417021e-02  -2.2728595e-01
  -6.2245512e-03  -2.2349758e-01
  -1.6309400e-02  -2.1024728e-01
  -2.3706618e-02  -2.0765680e-01
  -2.3859230e-02  -2.0235520e-01
  -2.5219329e-02  -1.9897898e-01
  -1.5313607e-02  -1.9117765e-01
  -1.9244636e-02  -1.8738997e-01
   6.4172647e-03  -1.8503359e-01
  -2.4591486e-02  -1.7208039e-01
  -3.5891548e-02  -1.6724364e-01
  -2.5802667e-02  -1.5896690e-01
  -3.9241171e-02  -1.4358694e-01
  -5.0066638e-02  -1.4348801e-01
  -3.8055789e-02  -1.5175184e-01
  -2.6514552e-02  -1.3921193e-01
  -4.1039476e-02  -1.2846885e-01
  -4.6122280e-02  -1.2955650e-01
  -4.6439127e-02  -1.1552184e-01
  -4.7631301e-02  -1.1745573e-01
  -4.7796466e-02  -1.1388282e-01
  -5.4602080e-02  -1.0568791e-01
  -6.1416827e-02  -1.0141047e-01
  -6.6478472e-02  -8.3720585e-02
  -6.3220441e-02  -7.7417086e-02
  -8.4877179e-02  -7.3656458e-02
  -5.0548715e-02  -7.7556998e-02
  -4.8575805e-02  -6.4909060e-02
  -6.4882488e-02  -5.1192761e-02
  -7.1486075e-02  -3.9040840e-02
  -7.8929275e-02  -3.1152287e-02
  -6.5262888e-02  -3.4255252e-02
  -7.1251149e-02  -2.8077130e-02
  -5.7075789e-02  -2.8794768e-02
  -7.4376908e-02   1.8088081e-01
  -9.5374749e-02   1.8622654e-01
  -9.3847230e-02   1.8567519e-01
  -7.8375202e-02   2.0602615e-01
  -6.5118901e-02   2.0664707e-01
  -7.4346883e-02   2.0368764e-01
  -6.7322376e-02   2.1618982e-01
  -7.9053242e-02   2.1189038e-01
  -8.3934492e-02   2.0299717e-01
  -7.1720109e-02   2.1949674e-01
  -7.6759097e-02   2.1310680e-01
  -8.2541683e-02   2.2227443e-01
  -7.9625225e-02   2.2991428e-01
  -8.5182724e-02   2.2588412e-01
  -7.4708305e-02   2.3474135e-01
  -7.3015060e-02   2.3760059e-01
  -7.8025059e-02   2.3645246e-01
  -7.3663201e-02   2.4444631e-01
  -7.6148323e-02   2.4387319e-01
  -7.2744521e-02   2.3849905e-01
  -8.2865874e-02   2.4473558e-01
  -8.0541298e-02   2.3997965e-01
  -8.2860543e-02   2.4341337e-01
  -8.8143698e-02   2.4536869e-01
  -8.5521391e-02   2.3526735e-01
  -7.9849164e-02   2.3328201e-01
  -9.4519401e-02   2.3025448e-01
  -9.5548491e-02   2.2347838e-01
  -9.6679500e-02   2.1928072e-01
  -9.4459457e-02   2.1311139e-01
  -9.8132785e-02   2.0840316e-01
  -9.5981237e-02   2.0248131e-01
  -1.0381522e-01   2.0170942e-01
  -9.7322665e-02   1.9955520e-01
  -9.6613482e-02   2.0467120e-01
  -9.8143084e-02   2.0345130e-01
  -8.8227363e-02   2.0087634e-01
  -8.1062911e-02   1.9467564e-01
  -8.8082099e-02   1.9016991e-01
  -8.4846818e-02   1.7644343e-01
  -8.5612247e-02   1.6195057e-01
  -9.5909685e-02   1.5757028e-01
  -1.0327436e-01   1.5069671e-01
  -1.0011373e-01   1.4783239e-01
  -8.8190421e-02   1.4310803e-01
  -8.3425171e-02   1.3235642e-01
  -8.2255452e-02   1.2567224e-01
  -8.9598609e-02   1.0258274e-01
  -4.8593286e-02  -1.3485140e-01
  -4.9848498e-02  -1.4398865e-01
  -6.2551523e-02  -1.4698424e-01
  -5.2162073e-02  -1.4773214e-01
  -4.3069012e-02  -1.5438049e-01
  -6.0869357e-02  -1.6125890e-01
  -6.2260837e-02  -1.7171051e-01
  -5.1564762e-02  -1.7906431e-01
  -5.0213614e-02  -1.7398789e-01
  -4.9169051e-02  -1.7799085e-01
  -3.3495283e-02  -1.7116992e-01
  -4.2379236e-02  -1.8566578e-01
  -4.7580287e-02  -1.7617683e-01
  -4.4877535e-02  -1.8655238e-01
  -5.1101387e-02  -1.9933316e-01
  -6.1352907e-02  -2.0503103e-01
  -5.9104723e-02  -2.0501432e-01
  -4.7687377e-02  -2.0518637e-01
  -3.8552038e-02  -2.0327908e-01
  -4.7497639e-02  -2.0488406e-01
  -4.5461509e-02  -2.1109081e-01
  -4.4143817e-02  -2.1142676e-01
  -4.8587036e-02  -2.2223856e-01
  -5.1976480e-02  -2.3196590e-01
  -4.5186600e-02  -2.2487553e-01
  -3.4943625e-02  -2.3181243e-01
  -3.3825782e-02  -2.3815784e-01
  -2.9933584e-02  -2.4153456e-01
  -1.9928067e-02  -2.4785100e-01
  -2.1183192e-02  -2.4865749e-01
  -1.4912822e-02  -2.4518847e-01
  -8.7318759e-03  -2.4431194e-01
  -1.1206665e-02  -2.4244794e-01
  -1.6201301e-02  -2.4268817e-01
  -1.4957300e-02  -2.3809757e-01
  -1.3790299e-02  -2.3578500e-01
  -1.1293628e-02  -2.3145257e-01
  -5.0641850e-03  -2.2147418e-01
  -1.2702647e-02  -2.1330803e-01
  -6.3445351e-03  -2.1177770e-01
  -2.5364526e-03  -2.1101299e-01
  -7.6393481e-03  -2.1133546e-01
  -2.5645794e-03  -2.0350632e-01
   2.5585420e-03  -1.9731085e-01
  -2.5898277e-03  -1.8751260e-01
   0.0000000e+00  -1.8834711e-01
  -1.0279301e-02  -1.8834068e-01
  -1.2835792e-02  -1.7774450e-01
  -2.1780681e-02  -1.7736312e-01
  -1.5435745e-02  -1.7212838e-01
  -8.1399927e-02   8.7258019e-02
  -8.2773951e-02   7.0705581e-02
  -6.5211355e-02   9.2647114e-02
  -6.4148352e-02   8.9132077e-02
  -4.6677336e-02   9.5708248e-02
  -3.5767470e-02   9.1177355e-02
  -5.1586559e-02   9.2663620e-02
  -3.8046953e-02   8.9719735e-02
  -4.7347660e-02   9.7665553e-02
  -5.5985752e-02   1.1939176e-01
  -4.8002626e-02   1.3026294e-01
  -4.4055825e-02   1.4617514e-01
  -4.2704856e-02   1.4250888e-01
  -4.7844452e-02   1.4410142e-01
  -2.7257362e-02   1.3610105e-01
  -3.6163120e-02   1.4453605e-01
  -4.3774534e-02   1.3829581e-01
  -5.4745096e-02   1.4909013e-01
  -5.4135411e-02   1.6638676e-01
  -8.2020584e-02   1.9079354e-01
  -5.3993122e-02   1.7849771e-01
  -7.0966452e-02   2.0543618e-01
  -4.7594450e-02   1.7382360e-01
  -5.3621911e-02   1.8682162e-01
  -5.4456372e-02   1.7971808e-01
  -7.9810230e-02   1.7720085e-01
  -8.3587162e-02   2.0141696e-01
  -8.1075081e-02   2.1089245e-01
  -7.6121877e-02   2.1797111e-01
  -8.2277184e-02   2.2848622e-01
  -7.6707982e-02   2.2185333e-01
  -7.4230770e-02   2.2265730e-01
  -8.1526198e-02   2.2561795e-01
  -8.9633538e-02   2.2289606e-01
  -8.7996897e-02   2.2940527e-01
  -9.3567557e-02   2.4170783e-01
  -8.1399661e-02   2.4371864e-01
  -7.9603448e-02   2.5758419e-01
  -8.4858596e-02   2.6294432e-01
  -7.4246339e-02   2.5485236e-01
  -7.4213801e-02   2.5403860e-01
  -7.0942470e-02   2.4123756e-01
  -7.1122746e-02   2.3472184e-01
  -7.4962835e-02   2.4164187e-01
  -7.4937865e-02   2.3625879e-01
  -8.4937223e-02   2.3747010e-01
  -9.4388806e-02   2.3551111e-01
  -9.6199163e-02   2.2721931e-01
  -9.8568387e-02   2.2349732e-01
  -1.3421171e-02   1.7252414e-02
  -1.4846502e-02   2.1675521e-03
   0.0000000e+00  -7.0234455e-03
  -1.6292494e-02  -1.1449745e-02
   2.7123184e-03  -2.7808583e-02
   0.0000000e+00  -3.1016427e-02
   2.6985670e-03  -3.6383120e-02
   1.3344523e-02  -5.4397598e-02
   2.4041491e-02  -4.9544557e-02
   3.8669073e-02  -6.3054967e-02
   2.8052528e-02  -8.0268052e-02
   2.9528637e-02  -7.7873211e-02
   2.1265852e-02  -9.0396509e-02
   1.1909082e-02  -9.7783856e-02
   1.5875522e-02  -9.2190486e-02
   6.5638896e-03  -1.0309898e-01
   1.7033124e-02  -1.0566899e-01
   7.9277651e-03  -1.0773036e-01
   9.1996104e-03  -1.1897656e-01
   2.3496611e-02  -1.2547698e-01
   5.1957029e-03  -1.3223015e-01
   2.5689675e-03  -1.4546893e-01
   2.5752960e-03  -1.5281187e-01
   1.2911118e-03  -1.5150552e-01
  -1.2841214e-03  -1.5819281e-01
   2.5855329e-03  -1.6290949e-01
   1.3049774e-02  -1.6458745e-01
   3.9141883e-03  -1.6878549e-01
   2.2427422e-02  -1.7329513e-01
  -6.4998390e-03  -1.7538146e-01
   5.1653219e-03  -1.8692785e-01
  -2.1724999e-02  -1.8533593e-01
  -2.0402988e-02  -1.9408893e-01
  -1.4096901e-02  -1.9271483e-01
  -1.6672071e-02  -1.9660392e-01
  -2.0482163e-02  -2.0119636e-01
  -1.9106380e-02  -2.0255833e-01
  -1.9009616e-02  -2.0891202e-01
  -1.8908622e-02  -2.1393946e-01
  -1.5128829e-02  -2.1844396e-01
  -1.5048226e-02  -2.2027128e-01
  -1.1292648e-02  -2.1787352e-01
  -1.0037909e-02  -2.1787547e-01
  -8.6908266e-03  -2.2597581e-01
  -1.2464745e-02  -2.2767554e-01
  -8.8016886e-03  -2.2549097e-01
  -7.5575512e-03  -2.2596035e-01
  -1.7698357e-02  -2.2365615e-01
  -7.5443046e-03  -2.2549254e-01
   1.0782895e-02  -2.7637112e-02
   8.0938281e-03  -1.7341187e-02
  -1.6097428e-02   2.1543114e-03
  -1.0676382e-02   7.5022824e-03
  -5.4150998e-03   5.4358517e-03
  -3.1160169e-02   1.3599905e-02
  -5.3279516e-03   0.0000000e+00
  -6.7117237e-03   3.6737545e-02
  -1.4633253e-02   2.6739019e-02
  -2.1497700e-02   2.8630239e-02
  -2.2806197e-02   4.7584678e-02
  -1.9038298e-02   3.1173217e-02
  -2.7287846e-02   3.7888237e-02
  -4.0402358e-03   4.8872720e-02
  -2.2904626e-02   5.2176685e-02
  -2.8216463e-02   6.0805599e-02
  -4.0317066e-02   8.0744170e-02
  -5.3164873e-02   8.6998990e-02
  -4.1346582e-02   8.9012489e-02
  -3.0557350e-02   8.1474601e-02
  -3.9722215e-02   8.6138838e-02
  -3.8265882e-02   8.7490105e-02
  -3.6982844e-02   8.7581326e-02
  -5.8673142e-02   1.1059240e-01
  -6.2575069e-02   1.2121439e-01
  -6.5375733e-02   1.2384803e-01
  -6.5130546e-02   1.3704942e-01
  -6.4137132e-02   1.3314587e-01
  -6.7645994e-02   1.2630210e-01
  -4.7244214e-02   1.2726555e-01
  -7.5662665e-02   1.3146133e-01
  -8.1593746e-02   1.3839932e-01
  -8.0904359e-02   1.5380048e-01
  -7.6117868e-02   1.5871263e-01
  -8.5695059e-02   1.6534383e-01
  -8.4031229e-02   1.5665204e-01
  -7.7889248e-02   1.5859055e-01
  -6.2904420e-02   1.5853492e-01
  -8.2487257e-02   1.6439276e-01
  -9.6678166e-02   1.6015413e-01
  -8.5835886e-02   1.6035031e-01
  -9.0022132e-02   1.7016927e-01
  -9.3629517e-02   1.7209241e-01
  -8.3307109e-02   1.7468005e-01
  -8.6501032e-02   1.8814421e-01
  -8.2366565e-02   1.8902320e-01
  -9.0824701e-02   1.9067296e-01
  -8.0607568e-02   1.9222411e-01
  -6.9706808e-02   1.8698801e-01
  -6.5395274e-03   1.1050466e-01
  -1.5779695e-02   9.8260215e-02
  -6.5651885e-03   8.7085587e-02
  -6.5744748e-03   8.2277181e-02
  -6.5748728e-03   7.8458220e-02
  -3.9788386e-03   6.8733218e-02
  -1.4518476e-02   6.3510706e-02
  -1.9800624e-02   4.7354068e-02
  -3.4312984e-02   4.2513129e-02
  -1.4554499e-02   3.0329476e-02
  -1.8513261e-02   2.6045577e-02
  -1.4540772e-02   2.9767496e-02
  -9.2603535e-03   2.1263267e-02
  -1.3253961e-02   2.2903366e-02
  -3.9661444e-03   1.5931792e-02
  -1.8610272e-02   0.0000000e+00
  -3.1896191e-02  -1.1205187e-02
  -3.4604898e-02  -2.0850545e-02
  -2.9489149e-02  -3.1802820e-02
  -2.0106238e-02  -3.1807080e-02
  -2.4160356e-02  -2.8600084e-02
  -3.2150261e-02  -2.7999803e-02
  -4.1600643e-02  -3.8879675e-02
  -4.7018255e-02  -4.5445941e-02
  -3.4847758e-02  -6.2840783e-02
  -4.0227869e-02  -6.0666761e-02
  -4.1610793e-02  -6.0726859e-02
  -4.2435441e-02  -6.9234138e-02
  -3.0661146e-02  -6.8524995e-02
  -1.1891886e-02  -7.5558044e-02
  -1.0492307e-02  -8.7529889e-02
  -2.6459521e-02  -8.5535669e-02
  -3.9491586e-02  -9.5001718e-02
  -4.3685646e-02  -9.9453835e-02
  -3.0562366e-02  -1.0043318e-01
  -1.9888582e-02  -1.1208117e-01
  -2.6529086e-02  -1.1098277e-01
  -3.5806873e-02  -1.1150747e-01
  -3.5521908e-02  -1.2134436e-01
  -3.6812804e-02  -1.2296597e-01
  -3.8068527e-02  -1.3366397e-01
  -4.5889076e-02  -1.4509630e-01
  -3.6806159e-02  -1.3967418e-01
  -3.1191620e-02  -1.4844202e-01
  -4.5765236e-02  -1.4643150e-01
  -3.3698533e-02  -1.4567196e-01
  -5.0537423e-02  -1.6023084e-01
  -4.7749168e-02  -1.6604876e-01
  -3.3847652e-02  -1.5932497e-01
  -4.9237819e-02  -1.6617964e-01
  -4.6788768e-02  -1.6435077e-01
  -5.5209238e-02  -1.3960170e-01
  -4.3088182e-02  -1.3865320e-01
  -4.8471538e-02  -1.2417267e-01
  -4.4604658e-02  -1.2323198e-01
  -4.8879804e-02  -1.1612560e-01
  -2.7933331e-02  -1.0902806e-01
  -3.2127471e-02  -1.0574820e-01
  -1.7464349e-02  -1.0159700e-01
  -1.6024822e-02  -1.0097066e-01
  -6.6026118e-03  -1.0653943e-01
  -1.5870620e-02  -8.9942499e-02
  -3.1887546e-02  -7.7616748e-02
  -2.0037889e-02  -7.2534898e-02
  -1.3374849e-02  -5.8345593e-02
  -1.0694868e-02  -5.0140761e-02
   5.3641698e-03  -4.9754688e-02
  -6.7208173e-03  -4.1684850e-02
   0.0000000e+00  -3.1940756e-02
   8.0649849e-03  -3.4070790e-02
   1.3433426e-03  -1.8890011e-02
  -4.0398889e-03  -1.1357090e-02
  -4.0314809e-03  -1.2413384e-02
  -2.6911091e-03   2.1610557e-03
   1.2109463e-02   5.4024230e-03
  -1.3426718e-03   8.0874831e-03
  -1.3450564e-03   1.4587148e-02
  -2.6910420e-03   2.4336684e-02
   1.3502573e-03   1.8444207e-02
  -4.0726561e-03   2.7837148e-02
   2.7298260e-03   2.5238041e-02
  -2.6799821e-03   3.4506541e-02
   2.6674860e-03   3.9199514e-02
   1.3358121e-02   4.2505424e-02
   1.4615392e-02   4.4431601e-02
  -1.0586090e-02   6.0966732e-02
  -1.3120339e-02   7.5558441e-02
  -1.4424274e-02   8.4773481e-02
  -1.1813506e-02   8.8151614e-02
  -1.0466404e-02   9.2240473e-02
  -2.4931144e-02   9.8586460e-02
  -2.2412215e-02   9.9629442e-02
  -2.7681687e-02   1.0295718e-01
  -2.3718198e-02   1.0684560e-01
  -3.6729384e-02   1.0799906e-01
  -7.1090300e-02   1.1447940e-01
  -5.3588466e-02   1.3184385e-01
  -5.3680941e-02   1.4367517e-01
  -1.1813265e-01   2.2006876e-01
  -1.2456566e-01   2.2557299e-01
  -1.2765274e-01   2.1985438e-01
  -1.2163644e-01   2.1470645e-01
  -1.1597550e-01   2.0603282e-01
  -1.1565625e-01   1.9320744e-01
  -1.0541062e-01   1.9295771e-01
  -9.1323079e-02   1.8824554e-01
  -9.6616581e-02   1.8822179e-01
  -1.0729961e-01   1.8816364e-01
  -1.0342801e-01   1.7912238e-01
  -9.7395442e-02   1.6913641e-01
  -9.8270564e-02   1.6008955e-01
  -1.0801814e-01   1.4933802e-01
  -1.0110170e-01   1.3507139e-01
  -1.0256394e-01   1.3411242e-01
  -1.0075860e-01   1.2718093e-01
  -1.0316229e-01   1.3030093e-01
  -1.0208808e-01   1.1970660e-01
  -8.7220667e-02   1.0976057e-01
  -7.9090851e-02   1.0839073e-01
  -7.3316355e-02   9.3891757e-02
  -6.1126002e-02   9.4190349e-02
  -7.2029366e-02   9.5079859e-02
  -6.6694402e-02   8.1723534e-02
  -7.7568230e-02   7.1949251e-02
  -7.0728430e-02   5.9222223e-02
  -7.0646487e-02   4.9381045e-02
  -7.1040942e-02   3.9880858e-02
  -6.9768060e-02   3.2337586e-02
  -7.3022899e-02   2.5509623e-02
  -7.3444581e-02   1.7457505e-02
  -6.7890852e-02   9.2573075e-03
  -6.6402336e-02   5.9780661e-03
  -6.9328234e-02  -4.3606217e-03
  -8.5640760e-02  -4.3574703e-03
  -6.9825759e-02  -3.2304781e-03
  -7.7561662e-02  -6.9687279e-03
  -6.9607588e-02  -7.5149115e-03
  -7.2390594e-02  -1.9361112e-02
  -6.8811123e-02  -2.7628708e-02
  -5.5274584e-02  -4.2319234e-02
  -7.1912579e-02  -5.3030077e-02
  -5.3970213e-02  -6.0473507e-02
  -5.7880050e-02  -6.1972490e-02
  -5.7822087e-02  -5.6963185e-02
  -5.2203195e-02  -7.2634067e-02
  -4.6595575e-02  -7.3894017e-02
  -5.4404408e-02  -7.8570038e-02
  -5.8383183e-02  -9.2386521e-02
