   8.3505988e-02   3.0374723e-02
   8.3336753e-02   3.0837604e-02
   7.4140134e-02   3.1864699e-02
   8.2120167e-02   3.0346677e-02
   8.2282407e-02   3.0406595e-02
   8.1963143e-02   2.9764804e-02
   7.4230175e-02   2.9804540e-02
   7.5453917e-02   3.0295891e-02
   7.4299199e-02   3.0357329e-02
   7.6914739e-02   2.9307209e-02
   7.6838969e-02   2.9278348e-02
   7.5540694e-02   2.8757157e-02
   7.4238269e-02   2.8758767e-02
   7.2995704e-02   3.0359002e-02
   8.0905438e-02   2.9330927e-02
   8.0980896e-02   2.9884171e-02
   7.6670628e-02   3.1307994e-02
   7.4217498e-02   3.1373200e-02
   7.5764631e-02   2.8842378e-02
   7.8226772e-02   2.8258884e-02
   7.8299833e-02   2.8810594e-02
   7.4380806e-02   2.9339453e-02
   7.8119084e-02   3.1890640e-02
   7.8350506e-02   3.1985125e-02
   7.9508642e-02   3.0873626e-02
   8.3496362e-02   3.1422127e-02
   8.9872146e-02   2.8215126e-02
   8.5893188e-02   2.6626665e-02
   8.3519821e-02   2.8803617e-02
   8.5950729e-02   2.9788496e-02
   8.5851514e-02   3.1325489e-02
   8.7486133e-02   3.2495336e-02
   9.2381212e-02   2.8705492e-02
   9.1324146e-02   3.1409801e-02
   8.8578794e-02   2.7171930e-02
   8.3249953e-02   3.1329441e-02
   8.9857581e-02   2.9782633e-02
   9.2462148e-02   2.9778581e-02
   9.0019515e-02   3.1411931e-02
   9.2381212e-02   2.8705492e-02
   9.1515297e-02   3.0422763e-02
   9.5243574e-02   3.0879843e-02
   8.9764142e-02   3.0275357e-02
   9.2634161e-02   3.0884180e-02
   9.1419661e-02   3.0916769e-02
   9.2376231e-02   2.9227410e-02
   9.2558415e-02   2.9284946e-02
   8.8555297e-02   2.9784616e-02
   8.9842235e-02   3.1350140e-02
   8.8807671e-02   3.0920940e-02
   8.9675906e-02   3.0245637e-02
   8.7506687e-02   3.0398863e-02
   8.8386024e-02   2.9204621e-02
   8.7425243e-02   2.9845295e-02
   8.7313714e-02   3.2431334e-02
   8.8622216e-02   3.1906150e-02
   9.2360754e-02   3.0793165e-02
   9.2674007e-02   2.6696495e-02
   9.4130020e-02   3.0418532e-02
   8.9847437e-02   3.0827637e-02
   8.8540174e-02   3.1352227e-02
   9.1239425e-02   3.0855900e-02
   9.3954703e-02   2.9311754e-02
   9.5066716e-02   2.9774416e-02
   9.4895118e-02   2.8151992e-02
   9.3682356e-02   2.8703502e-02
   9.7569720e-02   3.0262679e-02
   9.9048359e-02   3.1888266e-02
   1.0054982e-01   3.1948730e-02
   9.9342072e-02   3.1982636e-02
   9.6564555e-02   2.9307581e-02
   9.7585788e-02   2.8697368e-02
   1.0168940e-01   2.8747409e-02
   1.0027585e-01   2.9765743e-02
   1.0035755e-01   3.1363174e-02
   1.0166679e-01   3.0838129e-02
   1.0024683e-01   3.2376773e-02
   9.7671283e-02   2.9770136e-02
   1.0168389e-01   2.9270089e-02
   1.0046814e-01   3.0347579e-02
   9.7869482e-02   2.9305452e-02
   9.9134065e-02   3.2966207e-02
   9.3748419e-02   3.1343697e-02
   9.5243574e-02   3.0879843e-02
   9.6464018e-02   2.9801581e-02
   8.9941135e-02   3.0334972e-02
   9.5160450e-02   2.9803713e-02
   9.5264796e-02   2.8786294e-02
   9.6638013e-02   3.1431934e-02
   9.2542846e-02   3.0853782e-02
   9.6453107e-02   3.0847251e-02
   1.0057861e-01   2.9329982e-02
   9.7569720e-02   3.0262679e-02
   9.7745091e-02   3.1890609e-02
   9.5326449e-02   3.1958094e-02
   9.1244630e-02   3.0332919e-02
   9.1169804e-02   2.8735687e-02
   9.5050480e-02   3.1341490e-02
   9.3862055e-02   2.9282908e-02
   8.8550341e-02   3.0307153e-02
   9.3938867e-02   3.0882026e-02
   9.3666931e-02   3.0269148e-02
   9.3856882e-02   2.9805817e-02
   9.2634161e-02   3.0884180e-02
   9.1334675e-02   3.0362808e-02
   9.7772973e-02   2.9276624e-02
   9.6352542e-02   3.1339253e-02
   9.8973567e-02   2.9767954e-02
   9.7762104e-02   3.0322218e-02
   9.4009200e-02   3.3008239e-02
   8.7583075e-02   3.1478160e-02
   9.2456974e-02   3.0301012e-02
   8.8647496e-02   2.9290892e-02
   9.1239425e-02   3.0855900e-02
   8.9862523e-02   2.9260130e-02
   8.3510680e-02   2.9851021e-02
   8.7593213e-02   3.0428888e-02
   9.1259715e-02   2.8763975e-02
   9.2446358e-02   3.1345875e-02
   9.1144296e-02   3.1348022e-02
   9.3964805e-02   2.8264906e-02
   9.0128886e-02   2.9346724e-02
   8.8817757e-02   2.9872773e-02
   9.2446358e-02   3.1345875e-02
   8.9867378e-02   2.8737628e-02
   9.5144167e-02   3.1372330e-02
   8.9941135e-02   3.0334972e-02
   8.8632585e-02   3.0860047e-02
   8.7588186e-02   3.0953524e-02
   9.1075157e-02   2.9229409e-02
   9.5175906e-02   2.8235097e-02
   9.6279452e-02   2.9221248e-02
   9.4879799e-02   2.9715992e-02
   8.8606022e-02   3.3475305e-02
   8.7324098e-02   3.1385162e-02
   8.8836895e-02   2.7776438e-02
   8.4662167e-02   2.8222478e-02
   9.2189721e-02   2.9690995e-02
   8.8487067e-02   2.7667251e-02
   9.0019515e-02   3.1411931e-02
   9.1239425e-02   3.0855900e-02
   8.9936005e-02   3.0857988e-02
   9.3753847e-02   3.0821302e-02
   9.1164878e-02   2.9258154e-02
   9.2395622e-02   2.7139738e-02
   9.5348474e-02   2.9862482e-02
   9.0029893e-02   3.0364867e-02
   9.2623303e-02   3.1931102e-02
   8.8550341e-02   3.0307153e-02
   8.7521211e-02   2.8826508e-02
   8.9831572e-02   3.2395144e-02
   8.5851514e-02   3.1325489e-02
   8.7253013e-02   2.9786570e-02
   8.8652295e-02   2.8767840e-02
   8.4736577e-02   2.9296585e-02
   8.4648445e-02   2.9790393e-02
   8.3245063e-02   3.1851598e-02
   8.2201207e-02   3.0376606e-02
   8.5880041e-02   2.8192940e-02
   8.7343856e-02   2.9292818e-02
   8.4500038e-02   2.7645428e-02
   8.8627443e-02   3.1383099e-02
   8.6195680e-02   3.0924992e-02
   8.7425243e-02   2.9845295e-02
   9.3656197e-02   3.1312912e-02
   9.4884996e-02   2.9194659e-02
   9.5353749e-02   2.9338579e-02
   9.6559224e-02   2.9830931e-02
   1.0157245e-01   3.0285670e-02
   1.0164261e-01   3.2928850e-02
   1.0154873e-01   3.2374337e-02
   1.0166089e-01   3.1360809e-02
   1.0667017e-01   3.0768067e-02
   9.9179788e-02   2.8780022e-02
   9.6548280e-02   3.0877630e-02
   9.1324146e-02   3.1409801e-02
   9.6257758e-02   3.1308480e-02
   9.1059898e-02   3.0795270e-02
   8.7329164e-02   3.0862076e-02
   8.9876828e-02   2.7692623e-02
   8.4666577e-02   2.7699839e-02
   8.2191731e-02   3.1424076e-02
   8.8714885e-02   3.1414031e-02
   8.1858959e-02   3.2343945e-02
   8.3355249e-02   2.8746919e-02
   7.9591645e-02   3.0380285e-02
   7.9522018e-02   2.9303781e-02
   8.3524271e-02   2.8279914e-02
   8.5930992e-02   3.1878917e-02
   8.7071667e-02   3.0771166e-02
   8.8637641e-02   3.0336995e-02
   8.7420331e-02   3.0368897e-02
   8.8725112e-02   3.0366896e-02
   8.8661636e-02   2.7721737e-02
   9.4869130e-02   3.0758658e-02
   9.1049287e-02   3.1839177e-02
   8.4633989e-02   3.1358309e-02
   8.6025744e-02   3.0864075e-02
   8.7167152e-02   2.9757294e-02
   8.3359672e-02   2.8224248e-02
   8.4662167e-02   2.8222478e-02
   8.6044875e-02   2.8771596e-02
   8.6040217e-02   2.9294716e-02
   8.4477303e-02   3.0253488e-02
   8.3409145e-02   3.1914357e-02
   8.7071667e-02   3.0771166e-02
   8.4741164e-02   2.8773432e-02
   8.8637641e-02   3.0336995e-02
   8.4648445e-02   2.9790393e-02
   8.8637641e-02   3.0336995e-02
   8.7238112e-02   3.1354284e-02
   8.4550734e-02   3.1327480e-02
   8.6100535e-02   3.1941775e-02
   8.4583226e-02   2.7672607e-02
   8.5955456e-02   2.9265891e-02
   8.3510680e-02   2.9851021e-02
   8.4560424e-02   3.0283231e-02
   8.6015680e-02   3.1910315e-02
   7.6732304e-02   3.2905736e-02
   7.8123683e-02   3.1367842e-02
   8.1963143e-02   2.9764804e-02
   8.3441890e-02   2.8252054e-02
   8.7353229e-02   2.8246646e-02
   8.6275865e-02   3.1480211e-02
   8.7324098e-02   3.1385162e-02
   8.5941026e-02   3.0833706e-02
   8.4727157e-02   3.0342892e-02
   8.1967642e-02   2.9242614e-02
   8.3524271e-02   2.8279914e-02
   8.1827805e-02   2.6579392e-02
   7.5496607e-02   3.3985731e-02
   8.0604140e-02   2.7128823e-02
   7.8123683e-02   3.1367842e-02
   8.6035476e-02   2.9817835e-02
   8.3322038e-02   3.2405618e-02
   8.3611195e-02   2.7783611e-02
   7.9439310e-02   2.9797696e-02
   8.6030651e-02   3.0340955e-02
   8.3418903e-02   3.0867985e-02
   8.2138111e-02   2.8253802e-02
   8.3505988e-02   3.0374723e-02
   8.1788259e-02   3.1269873e-02
   7.8060136e-02   2.9770136e-02
   7.9356706e-02   3.0290640e-02
   8.3245063e-02   3.1851598e-02
   8.1972062e-02   2.8720425e-02
   7.9369774e-02   2.8723882e-02
   7.5462273e-02   2.9251205e-02
   7.4148774e-02   3.0819955e-02
   8.3355249e-02   2.8746919e-02
   8.3515291e-02   2.9327319e-02
   8.0812063e-02   3.0871776e-02
   8.2129298e-02   2.9300239e-02
   8.2191731e-02   3.1424076e-02
   8.3327023e-02   3.1882947e-02
   8.2034616e-02   3.0839509e-02
   8.0653052e-02   3.0811052e-02
   7.5589537e-02   3.1925746e-02
   7.6595354e-02   3.1277253e-02
   7.9361138e-02   2.9768387e-02
   7.9534703e-02   2.7733936e-02
   8.0905438e-02   2.9330927e-02
   8.0587257e-02   2.9215655e-02
   8.0741594e-02   2.9795913e-02
   8.0732479e-02   3.0841384e-02
   8.3327023e-02   3.1882947e-02
   8.5786435e-02   2.9208411e-02
   8.2052823e-02   2.8748695e-02
   8.0741594e-02   2.9795913e-02
   8.3277615e-02   2.8196497e-02
   8.4712412e-02   3.1912352e-02
   8.1953908e-02   3.0809183e-02
   7.9517636e-02   2.9827063e-02
   8.4574349e-02   2.8716857e-02
   8.3767900e-02   2.8889082e-02
   7.9434865e-02   3.0320463e-02
   8.3259494e-02   3.0285126e-02
   8.4560424e-02   3.0283231e-02
   8.3593183e-02   2.9880487e-02
   8.4629008e-02   3.1880947e-02
   8.1972062e-02   2.8720425e-02
   8.6040217e-02   2.9294716e-02
   8.6129816e-02   2.8799961e-02
   8.6020754e-02   3.1387195e-02
   8.6105623e-02   3.1418140e-02
   8.7324098e-02   3.1385162e-02
   7.9456326e-02   2.7706630e-02
   8.3177652e-02   3.0255378e-02
   8.4741164e-02   2.8773432e-02
   7.9365494e-02   2.9246135e-02
   8.3081624e-02   3.1789085e-02
   8.2039287e-02   3.0316806e-02
   8.2115483e-02   3.0869895e-02
   8.3273205e-02   2.8718654e-02
   8.4633989e-02   3.1358309e-02
   7.9347612e-02   3.1335144e-02
   7.9513178e-02   3.0350345e-02
   8.3432937e-02   2.9298426e-02
   8.4633989e-02   3.1358309e-02
   8.0657635e-02   3.0288831e-02
   7.9499341e-02   3.1920190e-02
   8.0830034e-02   2.8778774e-02
   8.3186846e-02   2.9212089e-02
   8.3583690e-02   3.0928925e-02
   8.3336753e-02   3.0837604e-02
   8.7086229e-02   2.9206530e-02
   8.7243163e-02   3.0831713e-02
   8.8812757e-02   3.0396857e-02
   7.6906188e-02   3.0353895e-02
   7.4226021e-02   3.0327427e-02
   7.4315434e-02   2.8263720e-02
   7.4380806e-02   2.9339453e-02
   7.5681554e-02   2.9861694e-02
   7.5462273e-02   2.9251205e-02
   7.7906807e-02   2.9711680e-02
   7.7053714e-02   3.0938234e-02
   7.5598381e-02   3.0879000e-02
   8.0662140e-02   2.9766610e-02
   7.6687874e-02   2.9220795e-02
   8.0918369e-02   2.7759628e-02
   7.4217498e-02   3.1373200e-02
   7.5532459e-02   2.9802872e-02
   7.6982083e-02   3.0383847e-02
   7.6683673e-02   2.9742595e-02
   7.6843120e-02   2.8755520e-02
   7.6914739e-02   2.9307209e-02
   8.1900036e-02   2.7648857e-02
   8.8632585e-02   3.0860047e-02
   8.5830846e-02   3.3413855e-02
   8.6005285e-02   3.2956555e-02
   8.7593213e-02   3.0428888e-02
   8.0679384e-02   2.7677725e-02
   8.4670906e-02   2.7177201e-02
   7.9386128e-02   2.6634873e-02
   7.4454297e-02   2.9368438e-02
   8.3568844e-02   3.2501582e-02
   8.3568844e-02   3.2501582e-02
   8.6025744e-02   3.0864075e-02
   8.0657635e-02   3.0288831e-02
   8.6138909e-02   2.7752690e-02
   8.9867378e-02   2.8737628e-02
   8.7324098e-02   3.1385162e-02
   8.7227758e-02   3.2399427e-02
   9.1149573e-02   3.0825555e-02
   8.7496579e-02   3.1447100e-02
   9.3856882e-02   2.9805817e-02
   9.5044886e-02   3.1863848e-02
   9.6447512e-02   3.1370086e-02
   9.5343106e-02   3.0386385e-02
   9.2366002e-02   3.0271247e-02
   9.6548280e-02   3.0877630e-02
   8.7248130e-02   3.0309142e-02
   8.3428340e-02   2.9821613e-02
   8.3341497e-02   3.0314933e-02
   8.2214824e-02   2.8805403e-02
   8.7248130e-02   3.0309142e-02
   9.1144296e-02   3.1348022e-02
   8.8463213e-02   3.0277369e-02
   8.8637641e-02   3.0336995e-02
   9.1329454e-02   3.0886304e-02
   8.7071667e-02   3.0771166e-02
   8.7318948e-02   3.1908248e-02
   8.9951136e-02   2.9288938e-02
   8.7353229e-02   2.8246646e-02
   9.1414337e-02   3.1440782e-02
   8.4555620e-02   3.0805355e-02
   8.3418903e-02   3.0867985e-02
   8.4805922e-02   3.0896479e-02
   8.4574349e-02   2.8716857e-02
   8.4657675e-02   2.8745116e-02
   8.2029867e-02   3.1362213e-02
   8.7152295e-02   3.1323467e-02
   8.5950729e-02   2.9788496e-02
   8.7511613e-02   2.9874745e-02
   8.4467641e-02   3.1296711e-02
   8.8714885e-02   3.1414031e-02
   8.0559610e-02   3.2345904e-02
   8.2219204e-02   2.8281668e-02
   8.0675190e-02   2.8199946e-02
   7.4238269e-02   2.8758767e-02
   7.5519560e-02   3.1371444e-02
   7.6914739e-02   2.9307209e-02
   7.9352197e-02   3.0812892e-02
   8.2048390e-02   2.9271398e-02
   7.9665705e-02   3.0934600e-02
   8.0578351e-02   3.0259072e-02
   8.3496362e-02   3.1422127e-02
   8.0896426e-02   3.0378460e-02
   7.9517636e-02   2.9827063e-02
   7.6817099e-02   3.1892486e-02
   7.9287463e-02   2.9217396e-02
   7.8222613e-02   2.8782197e-02
   8.3501215e-02   3.0898425e-02
   8.9909052e-02   3.3473072e-02
   9.6626476e-02   3.2479665e-02
   1.0037472e-01   2.9795015e-02
   9.4130020e-02   3.0418532e-02
   9.2542846e-02   3.0853782e-02
   9.3846266e-02   3.0851635e-02
   9.1515297e-02   3.0422763e-02
   9.1339806e-02   2.9839311e-02
   9.3672163e-02   2.9747266e-02
   1.0157245e-01   3.0285670e-02
   9.7955246e-02   3.0381992e-02
   1.0418270e-01   2.9758940e-02
   1.1066870e-01   3.1834547e-02
   1.0562227e-01   3.5568967e-02
   1.0293935e-01   3.3448977e-02
   9.8968028e-02   3.0290198e-02
   9.5082126e-02   2.8207341e-02
   9.3949515e-02   2.9835178e-02
   9.5348474e-02   2.9862482e-02
   9.5542548e-02   2.9396544e-02
   9.5259629e-02   2.9309681e-02
   9.6453107e-02   3.0847251e-02
   9.2537477e-02   3.1376728e-02
   8.9936005e-02   3.0857988e-02
   8.9769156e-02   2.9753368e-02
   8.5795586e-02   2.8165253e-02
   8.8652295e-02   2.8767840e-02
   8.9748583e-02   3.1841324e-02
   9.1313264e-02   3.2456795e-02
   9.1059898e-02   3.0795270e-02
   9.0186706e-02   3.2523098e-02
   8.8720041e-02   3.0890464e-02
   9.0232501e-02   2.7802003e-02
   8.8555297e-02   2.9784616e-02
   8.4722324e-02   3.0866045e-02
   8.8627443e-02   3.1383099e-02
   8.8545300e-02   3.0829690e-02
   9.6755563e-02   2.9365419e-02
   9.2366002e-02   3.0271247e-02
   9.4037036e-02   3.0388538e-02
   9.6352542e-02   3.1339253e-02
   9.7858580e-02   3.0352075e-02
   1.0165489e-01   3.1883490e-02
   9.9261316e-02   3.0379751e-02
   9.6531165e-02   3.2447679e-02
   9.3877026e-02   2.7714180e-02
   9.1334675e-02   3.0362808e-02
   9.7750856e-02   3.1367812e-02
   9.5050480e-02   3.1341490e-02
   9.6542669e-02   3.1400980e-02
   9.8886931e-02   2.8695268e-02
   9.1164878e-02   2.9258154e-02
   9.5254369e-02   2.9833069e-02
   9.1228752e-02   3.1901863e-02
   9.6643642e-02   3.0908068e-02
   9.4037036e-02   3.0388538e-02
   8.9930788e-02   3.1381005e-02
   9.3877026e-02   2.7714180e-02
   9.0222938e-02   2.8851135e-02
   8.8524283e-02   3.2919838e-02
   9.4962465e-02   3.0788865e-02
   8.8698900e-02   3.2984732e-02
   9.0123900e-02   2.9870772e-02
   8.5861354e-02   3.0281306e-02
   9.1264568e-02   2.8240993e-02
   8.8555297e-02   2.9784616e-02
   8.9920093e-02   3.2427039e-02
   9.3835288e-02   3.1897453e-02
   9.1223283e-02   3.2424844e-02
   9.4973165e-02   2.9745175e-02
   9.6626476e-02   3.2479665e-02
   9.7767586e-02   2.9799421e-02
   9.8973567e-02   2.9767954e-02
   9.8989611e-02   2.8201219e-02
   1.0959535e-01   3.0853872e-02
   1.1448180e-01   3.0231651e-02
   1.1334923e-01   3.4472006e-02
   1.2014456e-01   3.1386156e-02
   1.2254213e-01   2.9230996e-02
   1.2229421e-01   2.9694738e-02
   1.2237924e-01   3.2331184e-02
   1.2239377e-01   3.1288242e-02
   1.2251441e-01   3.1318925e-02
   1.2382493e-01   3.0794120e-02
   1.2266308e-01   2.9259690e-02
   1.2251441e-01   3.1318925e-02
   1.2405497e-01   3.1900543e-02
   1.2630727e-01   3.0758242e-02
   1.2132348e-01   3.1875059e-02
   1.2144328e-01   3.1906383e-02
   1.2131619e-01   3.2397601e-02
   1.1100959e-01   3.0881695e-02
   1.0957592e-01   3.2422713e-02
   1.0548499e-01   2.9756616e-02
