   1.3595778e-01   3.0858018e-02
   5.6284574e-02   2.8395177e-02
   5.9914764e-02   2.8251462e-02
   6.0039291e-02   2.7258872e-02
   4.9486783e-02   2.9830756e-02
   3.7822745e-02   3.4094859e-02
   3.9138920e-02   3.1471269e-02
   4.0266444e-02   2.6096206e-02
   2.8717307e-02   2.6231402e-02
   3.5184152e-02   2.3035281e-02
   2.7411975e-02   2.6231954e-02
   2.0801068e-02   2.7176104e-02
   1.6890508e-02   3.2926288e-02
   1.5642814e-02   2.9879201e-02
   7.8226772e-03   2.8308107e-02
   2.6053893e-03   2.6709434e-02
   1.3028831e-03   2.5138328e-02
  -3.9188602e-03   2.8889862e-02
  -1.3034947e-02   3.0404052e-02
  -9.1354671e-03   2.8335953e-02
  -1.5631552e-02   2.7231287e-02
  -2.0906977e-02   2.5735119e-02
  -1.5665487e-02   2.5186341e-02
  -3.3926214e-02   2.9900985e-02
  -2.8726453e-02   2.2559005e-02
  -2.6076952e-02   2.7778937e-02
  -2.8678492e-02   2.9874233e-02
  -3.0011651e-02   2.9903139e-02
  -3.1355811e-02   2.7306449e-02
  -4.8251966e-02   2.5670253e-02
  -4.9658742e-02   2.4670320e-02
  -5.2227691e-02   2.3071023e-02
  -4.7084967e-02   2.6272932e-02
  -4.0503299e-02   2.6776265e-02
  -4.5637003e-02   2.7243818e-02
  -4.0423377e-02   2.6723345e-02
  -4.1809857e-02   2.6775438e-02
  -4.9558419e-02   2.5145449e-02
  -4.4466931e-02   2.6800235e-02
  -5.2259684e-02   2.7292734e-02
  -5.6013061e-02   2.7208651e-02
  -6.5382437e-02   2.8357992e-02
  -8.3781122e-02   2.7313314e-02
  -9.0080737e-02   2.4606013e-02
  -9.7725183e-02   2.4025022e-02
  -1.0588313e-01   2.0943525e-02
  -1.1871066e-01   2.1929151e-02
  -1.1774502e-01   2.3043253e-02
  -1.1512343e-01   2.3571061e-02
  -1.2103725e-01   2.6050369e-02
  -2.4580697e-01   1.7557108e-02
  -2.4711445e-01   1.7553967e-02
  -2.3203518e-01   1.8052915e-02
  -2.3006706e-01   2.0698378e-02
  -2.1303837e-01   2.2816191e-02
  -2.0740011e-01   2.2786197e-02
  -2.0032866e-01   2.4976515e-02
  -1.9062277e-01   2.3370944e-02
  -1.9265438e-01   2.3814306e-02
  -2.0088663e-01   2.2284984e-02
  -2.0018345e-01   2.1833258e-02
  -1.9031440e-01   1.8660559e-02
  -1.9013674e-01   1.8772209e-02
  -1.7465952e-01   1.9728986e-02
  -1.7263632e-01   2.6588469e-02
  -1.6351283e-01   2.4524453e-02
  -1.5594288e-01   2.6682755e-02
  -1.4009912e-01   2.5121739e-02
  -1.2508257e-01   2.4504616e-02
  -1.1763356e-01   2.2497401e-02
  -1.2529939e-01   2.7164696e-02
  -1.2164208e-01   2.5654930e-02
  -1.1914404e-01   2.5684812e-02
  -1.1796819e-01   2.4138188e-02
  -1.0980037e-01   2.1461930e-02
  -1.0708437e-01   2.0921261e-02
  -9.8125044e-02   2.2546803e-02
  -9.4253763e-02   2.7298732e-02
  -7.9241491e-02   2.5018898e-02
  -6.5167238e-02   3.1415610e-02
  -6.2822497e-02   2.9440258e-02
  -4.9605023e-02   2.5694692e-02
  -4.4427326e-02   2.5723755e-02
  -4.9609681e-02   2.4645929e-02
  -4.3037574e-02   2.5149811e-02
  -4.3147751e-02   2.9428678e-02
  -3.5261869e-02   3.0979991e-02
  -3.6688681e-02   2.7911656e-02
  -2.4783661e-02   2.3062199e-02
  -1.4377436e-02   2.2585377e-02
  -1.9657644e-02   2.6339021e-02
  -1.0482480e-02   2.7921582e-02
  -9.1234133e-03   3.1453252e-02
   0.0000000e+00   2.8947368e-02
   3.9223054e-03   2.9970105e-02
  -1.3065580e-03   2.6788887e-02
   5.2378349e-03   2.4210335e-02
   1.1736965e-02   2.5686420e-02
   9.1419661e-03   3.0990335e-02
   2.0851036e-02   3.2498403e-02
   1.4639001e-01   3.2399821e-02
   1.6057894e-01   3.3891823e-02
   1.6902333e-01   3.6615024e-02
   1.7157354e-01   3.1868120e-02
   1.6619923e-01   3.0286405e-02
   1.6789481e-01   2.7203137e-02
   1.6110536e-01   3.1376682e-02
   1.7437608e-01   3.1368300e-02
   1.7805485e-01   3.4980010e-02
   1.8609438e-01   3.4985833e-02
   1.9231517e-01   3.2810152e-02
   1.8596922e-01   3.2343397e-02
   2.0129841e-01   3.1705527e-02
   2.0068201e-01   3.6008591e-02
   2.0126141e-01   3.3264815e-02
   2.0296940e-01   3.3324465e-02
   2.0978805e-01   3.0727457e-02
   2.1406741e-01   3.3902193e-02
   2.1290896e-01   3.6029154e-02
   2.0965570e-01   3.5935500e-02
   2.1887182e-01   3.4335164e-02
   2.3287143e-01   3.2651716e-02
   2.3024053e-01   3.3181232e-02
   2.3137618e-01   3.1072220e-02
   2.3770675e-01   3.3800998e-02
   2.3935164e-01   3.4694911e-02
   2.4100148e-01   3.8905557e-02
   2.4639462e-01   3.4212515e-02
   2.5324694e-01   3.2659025e-02
   2.6089300e-01   3.1556470e-02
   2.6470819e-01   3.5157563e-02
   2.6258974e-01   3.5756685e-02
   2.6915016e-01   3.5029937e-02
   2.7274613e-01   3.7734581e-02
   2.7833259e-01   3.3952637e-02
   2.7777478e-01   3.6120526e-02
   2.8022872e-01   3.2979760e-02
   2.7548289e-01   3.4619346e-02
   2.6699102e-01   3.7175752e-02
   2.6540087e-01   3.7663390e-02
   2.7160014e-01   3.3088904e-02
   2.6585741e-01   3.2018638e-02
   2.5569395e-01   3.0027063e-02
   2.4453403e-01   3.6222835e-02
   2.4924643e-01   3.4751719e-02
   2.4690536e-01   3.6175157e-02
   2.4501832e-01   3.6292511e-02
   2.3779286e-01   3.5185046e-02
   2.2704513e-01   3.1213319e-02
   1.0062434e-01   3.4077307e-02
   1.0323796e-01   3.4072106e-02
   9.4217769e-02   3.0973561e-02
   9.1644797e-02   2.6252439e-02
   8.4992623e-02   2.8858713e-02
   7.7049227e-02   3.1462611e-02
   6.7761740e-02   3.2983107e-02
   6.4262049e-02   2.8970562e-02
   5.9976989e-02   2.7755657e-02
   5.1043279e-02   2.9451605e-02
   4.4504082e-02   2.8404867e-02
   4.5669903e-02   2.9892948e-02
   3.7836488e-02   3.0947642e-02
   3.3963455e-02   2.8880403e-02
   2.8772720e-02   2.6809092e-02
   1.9603903e-02   2.3634653e-02
   1.4386360e-02   2.6813880e-02
   1.6986095e-02   2.6261448e-02
   9.1054636e-03   3.1391156e-02
   9.1244630e-03   3.0404810e-02
   9.1621141e-03   2.8946669e-02
   7.8408540e-03   2.4687373e-02
   3.9169063e-03   2.3613757e-02
   0.0000000e+00   2.5763889e-02
  -1.3000006e-03   2.7702156e-02
   1.3009296e-03   3.0345494e-02
   0.0000000e+00   2.9940535e-02
   0.0000000e+00   3.1021825e-02
  -3.9003952e-03   2.6656688e-02
  -2.2211487e-02   2.6785098e-02
  -2.2217756e-02   2.3633910e-02
  -2.4804841e-02   2.4659003e-02
  -2.4731539e-02   2.4586002e-02
  -2.7403455e-02   2.9379789e-02
  -3.6497852e-02   3.0393885e-02
  -4.1774633e-02   2.5175486e-02
  -5.2254259e-02   2.8342455e-02
  -4.5569798e-02   2.1438343e-02
  -5.4769856e-02   2.6189082e-02
  -6.7890020e-02   2.4106685e-02
  -7.0348972e-02   2.6148571e-02
  -7.4551198e-02   2.6247751e-02
  -7.5712930e-02   2.5670579e-02
  -7.7159303e-02   2.7294555e-02
  -8.0938351e-02   2.5140795e-02
  -8.3228013e-02   2.3995645e-02
  -9.1287503e-02   2.5626086e-02
  -9.6294749e-02   2.7655824e-02
  -8.8924784e-02   2.7803869e-02
  -8.7646878e-02   2.4133256e-02
  -1.8546638e-01   1.8707105e-02
  -1.7983011e-01   2.2832173e-02
  -1.7349300e-01   2.2349475e-02
  -1.7329933e-01   2.3885517e-02
  -1.6828215e-01   2.1840729e-02
  -1.7364951e-01   2.3411749e-02
  -1.7086181e-01   2.3914814e-02
  -1.7478244e-01   2.3385983e-02
  -1.7742093e-01   2.1301700e-02
  -1.7630426e-01   2.0284944e-02
  -1.7711645e-01   1.7630566e-02
  -1.7871825e-01   2.1818392e-02
  -1.7702575e-01   2.4371665e-02
  -1.7512039e-01   2.3952236e-02
  -1.6811615e-01   2.1819493e-02
  -1.6032766e-01   1.9235912e-02
  -1.6435481e-01   2.2889194e-02
  -1.5520330e-01   2.4470044e-02
  -1.5275935e-01   2.3456998e-02
  -1.4900252e-01   2.2443923e-02
  -1.3578004e-01   2.4011653e-02
  -1.2887586e-01   2.3432293e-02
  -1.2759543e-01   2.1351453e-02
  -1.2783695e-01   2.2436874e-02
  -1.2637966e-01   2.5023654e-02
  -1.2365770e-01   2.4482900e-02
  -1.1864394e-01   2.8194622e-02
  -1.0823033e-01   2.6646259e-02
  -1.0061483e-01   2.5663734e-02
  -1.0845494e-01   2.5651713e-02
  -1.0565666e-01   2.2992594e-02
  -1.0987550e-01   2.5150917e-02
  -1.0705247e-01   2.4582482e-02
  -1.0399465e-01   2.8137417e-02
  -1.0302447e-01   2.5609373e-02
  -1.0412799e-01   2.5035575e-02
  -1.0173451e-01   2.4043287e-02
  -1.0314969e-01   2.3018801e-02
  -9.0250573e-02   2.5703739e-02
  -8.9974614e-02   2.6673854e-02
  -8.4770980e-02   2.5111359e-02
  -8.8850342e-02   2.6204187e-02
  -8.2268877e-02   2.1473118e-02
  -8.8504615e-02   2.5579157e-02
  -7.9865783e-02   2.5742287e-02
  -7.3253747e-02   2.4674253e-02
  -6.6568653e-02   2.6728323e-02
  -5.9994552e-02   2.4613507e-02
  -5.6281558e-02   2.8921013e-02
  -4.4488795e-02   2.1019792e-02
   1.5452830e-01   3.2964858e-02
   1.5337059e-01   3.3001000e-02
   1.5618474e-01   3.0928925e-02
   1.5455637e-01   3.1395103e-02
   1.6373456e-01   3.0846290e-02
   1.6145316e-01   2.9866349e-02
   1.6636389e-01   3.0316039e-02
   1.7695499e-01   3.3450798e-02
   1.7864208e-01   3.2464635e-02
   1.7924351e-01   3.2333719e-02
   1.8683470e-01   3.5122884e-02
   1.9157540e-01   3.2910818e-02
   1.9233860e-01   3.1768559e-02
   1.9027500e-01   3.2393004e-02
   1.9158724e-01   3.2388424e-02
   1.9776797e-01   3.1781159e-02
   1.9607058e-01   3.4040538e-02
   2.0185977e-01   3.3361838e-02
   2.0663698e-01   3.2430702e-02
   2.1019254e-01   3.1309026e-02
   2.1275411e-01   3.3907530e-02
   2.1573688e-01   3.6575305e-02
   2.2012341e-01   3.6410207e-02
   2.1513902e-01   3.4905910e-02
   2.1144081e-01   3.3912836e-02
   2.1297917e-01   3.3418346e-02
   2.1547254e-01   3.0246399e-02
   2.2092165e-01   3.1299637e-02
   2.2326048e-01   3.3863991e-02
   2.1417831e-01   3.7589711e-02
   2.1899934e-01   3.7492845e-02
   2.2630682e-01   3.4962153e-02
   2.3274276e-01   3.1773545e-02
   2.3931741e-01   3.1746038e-02
   2.4766899e-01   3.2815127e-02
   2.5077320e-01   3.5816984e-02
   2.5365080e-01   3.5838253e-02
   2.5655660e-01   3.6198102e-02
   2.5699107e-01   3.7490656e-02
   2.6611242e-01   3.2728940e-02
   2.7483705e-01   3.1067890e-02
   2.7743348e-01   3.2090624e-02
   2.7718867e-01   3.8819303e-02
   2.8142983e-01   3.8315016e-02
   2.8764999e-01   3.5799166e-02
   2.9348525e-01   3.2558492e-02
   2.9135749e-01   3.4706443e-02
   3.0032623e-01   3.3588040e-02
   2.9537255e-01   3.6607657e-02
   2.1281995e-01   3.1299258e-02
   2.1696359e-01   3.1836707e-02
   2.1306870e-01   2.9763215e-02
   2.0884068e-01   3.2879561e-02
   1.9999208e-01   3.5072482e-02
   1.9167733e-01   3.6603278e-02
   1.8481966e-01   3.3423894e-02
   1.8182203e-01   3.2026482e-02
   1.7863102e-01   3.2988258e-02
   1.7043261e-01   3.1903354e-02
   1.6010318e-01   3.1966060e-02
   1.4793281e-01   3.5601161e-02
   1.4461549e-01   3.3650131e-02
   1.4537911e-01   3.1943319e-02
   1.4590058e-01   2.6260416e-02
   1.4206160e-01   2.8924288e-02
   1.3137808e-01   3.1022665e-02
   1.1947012e-01   3.6837728e-02
   1.2074076e-01   3.1541163e-02
   1.1287300e-01   3.1031783e-02
   9.8360279e-02   2.8924544e-02
   8.7712805e-02   2.6782889e-02
   8.1158772e-02   2.7842016e-02
   7.7291540e-02   2.9978309e-02
   7.7412600e-02   3.3726676e-02
   7.8598895e-02   3.8429088e-02
   5.9019343e-02   2.8449107e-02
   5.1177058e-02   2.2659562e-02
   4.5783592e-02   2.4697418e-02
   4.3078046e-02   2.5699157e-02
   3.7951006e-02   3.0513665e-02
   3.9218591e-02   3.1008095e-02
   4.0543378e-02   2.6802804e-02
   4.1840243e-02   2.9429618e-02
   3.9229462e-02   2.8380291e-02
   4.4403835e-02   3.0973501e-02
   4.5627388e-02   2.9339496e-02
   2.6200522e-02   3.0023888e-02
   1.0450294e-02   2.8889082e-02
   0.0000000e+00   2.7867063e-02
  -3.9402673e-03   2.3754874e-02
  -1.1785656e-02   2.3683265e-02
  -1.5679472e-02   2.6261770e-02
  -1.8271890e-02   2.7809210e-02
  -1.1714940e-01   2.4493845e-02
  -1.1128839e-01   2.5698088e-02
  -1.0847009e-01   2.4081200e-02
  -1.0826547e-01   2.2988930e-02
  -1.0300924e-01   2.7177293e-02
  -1.0454948e-01   2.4086946e-02
  -1.0023678e-01   2.3476206e-02
  -9.9045173e-02   2.1934282e-02
  -9.2591610e-02   2.5624328e-02
  -9.2604491e-02   2.4055491e-02
  -9.1359449e-02   2.7745324e-02
  -1.0473691e-01   2.6233137e-02
  -1.2281645e-01   2.6673400e-02
  -1.2910661e-01   2.5565160e-02
  -1.3839119e-01   2.4006763e-02
  -1.3530404e-01   1.8198418e-02
  -1.4886749e-01   2.1379098e-02
  -1.4866822e-01   2.5525675e-02
  -1.4071138e-01   2.4996401e-02
  -1.5255798e-01   2.7079408e-02
  -1.5929446e-01   2.2922487e-02
  -1.7009051e-01   2.1901939e-02
  -1.8170069e-01   2.0814324e-02
  -1.7727286e-01   1.9204827e-02
  -1.8594314e-01   2.3973349e-02
  -1.8817174e-01   2.4960173e-02
  -1.9061429e-01   2.3890299e-02
  -1.9590819e-01   1.9205196e-02
  -1.9889880e-01   2.0276715e-02
  -2.0915997e-01   2.0232828e-02
  -2.1675414e-01   2.2265629e-02
  -2.0871338e-01   2.2264939e-02
  -2.1067571e-01   2.0249287e-02
  -2.1348189e-01   2.3757794e-02
  -2.1377022e-01   1.9127930e-02
  -2.2312269e-01   1.8608109e-02
  -2.1919240e-01   1.9651399e-02
  -2.1701167e-01   1.9695590e-02
  -2.0999047e-01   2.3814658e-02
  -2.1150352e-01   2.3833974e-02
  -2.0893683e-01   2.1249865e-02
  -1.9499473e-01   1.8725105e-02
  -1.9215828e-01   2.0791409e-02
  -1.8915435e-01   2.1794786e-02
  -1.9043460e-01   2.3348300e-02
  -1.8165473e-01   2.3936473e-02
  -1.8410261e-01   2.2867350e-02
  -1.8149123e-01   2.2873509e-02
  -4.4445143e-02   3.1529688e-02
  -3.5238645e-02   2.7801949e-02
  -2.3524683e-02   2.3633504e-02
  -2.2236707e-02   2.5234507e-02
  -9.1726449e-03   2.7394963e-02
  -3.9220841e-03   3.0495897e-02
  -5.2291455e-03   3.1021581e-02
   0.0000000e+00   2.7341270e-02
   3.9317206e-03   2.5814995e-02
   9.1394480e-03   2.3613294e-02
   1.3095747e-02   2.3156753e-02
   1.7050032e-02   2.8475230e-02
   3.1278429e-02   3.1969233e-02
   3.6672207e-02   3.2124736e-02
   3.7946605e-02   3.1565861e-02
   4.5867835e-02   2.6326020e-02
   4.1983965e-02   2.4773515e-02
   4.9853619e-02   2.5295357e-02
   5.8834581e-02   2.9940418e-02
   6.1370870e-02   3.2531624e-02
   6.8025612e-02   3.3639390e-02
   7.9849759e-02   2.7843698e-02
   7.5847610e-02   2.7821046e-02
   8.6330746e-02   2.5184169e-02
   8.2390442e-02   2.7288025e-02
   9.1525532e-02   2.9373702e-02
   9.7984988e-02   3.6179753e-02
   1.0353817e-01   3.4698932e-02
   1.0859934e-01   3.1996761e-02
   1.0854614e-01   2.7249050e-02
   1.0854614e-01   2.7249050e-02
   1.1911387e-01   2.8305712e-02
   1.2445248e-01   2.9896812e-02
   1.2594331e-01   3.4682452e-02
   1.2566038e-01   3.6711950e-02
   1.2831262e-01   3.4607550e-02
   1.3834431e-01   2.7659967e-02
   1.4149843e-01   2.8810594e-02
   1.4804119e-01   2.9318603e-02
   1.5042205e-01   3.4512519e-02
   1.5304793e-01   3.3981928e-02
   1.5290639e-01   3.3426377e-02
   1.6093638e-01   3.1868415e-02
   1.7028394e-01   3.0827173e-02
   1.8437847e-01   2.8119091e-02
   1.8206216e-01   3.1312851e-02
   1.8213839e-01   3.6044937e-02
   1.8058565e-01   3.8624370e-02
   1.8069677e-01   3.3926811e-02
   2.7151096e-01   3.5673974e-02
   2.7335788e-01   3.4527351e-02
   2.7228276e-01   3.5598934e-02
   2.6752016e-01   3.7246874e-02
   2.6004940e-01   3.3178247e-02
   2.5365080e-01   3.5838253e-02
   2.4921296e-01   3.5789084e-02
   2.4084905e-01   3.6276927e-02
   2.2825726e-01   3.4849048e-02
   2.2901469e-01   3.0075543e-02
   2.2266595e-01   3.1168443e-02
   2.1633123e-01   3.1223774e-02
   2.1230485e-01   3.4883047e-02
   2.0441431e-01   3.5957451e-02
   2.0029841e-01   3.5417774e-02
   1.9809833e-01   3.4453157e-02
   1.9368099e-01   3.0201870e-02
   1.9144265e-01   3.0269324e-02
   1.9008638e-01   3.2361429e-02
   1.8739243e-01   3.5503099e-02
   1.8290531e-01   3.5934824e-02
   1.8444238e-01   3.3880020e-02
   1.7998797e-01   3.0889650e-02
   1.8176318e-01   2.8126694e-02
   1.8847778e-01   2.8655863e-02
   1.7492845e-01   3.4366252e-02
   1.6617898e-01   3.9201774e-02
   1.5951335e-01   3.7619656e-02
   1.5355075e-01   3.1460409e-02
   1.5285958e-01   2.7132372e-02
   1.4267485e-01   2.8256005e-02
   1.3743171e-01   2.8791278e-02
   1.4407797e-01   3.1423048e-02
   1.3485919e-01   3.4590541e-02
   1.2832089e-01   3.4083194e-02
   1.2556971e-01   3.4580060e-02
   1.2171183e-01   2.9872875e-02
   1.2437508e-01   2.6199461e-02
   1.2067440e-01   2.7308701e-02
   1.2391758e-01   3.2914128e-02
   1.1257075e-01   3.6744706e-02
   1.1118152e-01   3.4613751e-02
   9.8034939e-02   3.1984999e-02
   9.2838096e-02   2.8847180e-02
   9.2962971e-02   2.5200597e-02
   9.5378736e-02   2.6719063e-02
   9.4052645e-02   2.8816717e-02
   9.2892621e-02   3.2550772e-02
   7.8470746e-02   3.5726114e-02
   7.4584706e-02   3.1528479e-02
