   8.6224045e-02   2.7780078e-02
   8.4795981e-02   3.1943818e-02
   7.5606933e-02   2.9832254e-02
   7.4184122e-02   2.6118606e-02
   7.5648739e-02   2.4075152e-02
   6.7703206e-02   3.1904550e-02
   7.9427831e-02   2.0367844e-02
   6.9168537e-02   2.8297699e-02
   6.9141339e-02   3.1965920e-02
   6.7891315e-02   3.3572888e-02
   7.1542929e-02   3.1345738e-02
   7.8128206e-02   3.0845045e-02
   7.5598381e-02   3.0879000e-02
   8.2247629e-02   2.4615526e-02
   8.3231689e-02   2.3474000e-02
   7.8196073e-02   3.1922073e-02
   7.8002872e-02   3.6037533e-02
   8.9803403e-02   3.5007656e-02
   9.2451710e-02   3.0823444e-02
   1.0030749e-01   2.6632507e-02
   9.9014438e-02   2.5589995e-02
   1.0186762e-01   3.0898893e-02
   1.0432516e-01   3.5048642e-02
   1.0944064e-01   3.4480596e-02
   1.1694137e-01   3.2279414e-02
   1.1992151e-01   3.0280424e-02
   1.1470754e-01   3.0291007e-02
   1.1091262e-01   2.9805526e-02
   1.0926556e-01   3.1284532e-02
   1.0825130e-01   3.3994318e-02
   1.0681384e-01   3.6053712e-02
   9.3823947e-02   3.2943271e-02
   9.0092767e-02   2.3035416e-02
   9.1128293e-02   2.2965964e-02
   8.5945919e-02   3.0311101e-02
   8.2161399e-02   3.4566483e-02
   8.5904461e-02   3.4491943e-02
   7.6750485e-02   3.0816483e-02
   7.2995704e-02   3.0359002e-02
   6.9035825e-02   2.7718930e-02
   5.8676147e-02   2.7233175e-02
   5.8621260e-02   2.6683119e-02
   5.4579091e-02   3.1334079e-02
   4.9375245e-02   3.2383580e-02
   4.5662073e-02   3.1466261e-02
   4.2988924e-02   2.6695297e-02
   3.9121325e-02   2.6200139e-02
   4.2946594e-02   2.6668972e-02
   9.3621838e-02   3.4444203e-02
   9.3829663e-02   3.2420362e-02
   9.7596030e-02   2.7653827e-02
   1.0314520e-01   2.3541956e-02
   1.0038569e-01   2.8749576e-02
   1.0279785e-01   3.6548886e-02
   9.7894886e-02   3.5620266e-02
   1.0148922e-01   2.8690987e-02
   1.0040141e-01   2.7181417e-02
   9.4879799e-02   2.9715992e-02
   8.6020754e-02   3.1387195e-02
   8.3432937e-02   2.9298426e-02
   8.7348585e-02   2.8769732e-02
   8.6015680e-02   3.1910315e-02
   8.4680720e-02   3.5051271e-02
   8.0633947e-02   3.2899937e-02
   7.6581762e-02   2.2914153e-02
   7.1711617e-02   2.7743349e-02
   7.6732304e-02   3.2905736e-02
   7.7960913e-02   3.2349728e-02
   7.9342950e-02   3.1857397e-02
   8.4643708e-02   3.0313032e-02
   8.2120167e-02   3.0346677e-02
   7.9274204e-02   3.0782614e-02
   8.0758889e-02   2.7704972e-02
   7.3079844e-02   2.8817125e-02
   6.8746341e-02   3.0214823e-02
   6.9081279e-02   3.0887359e-02
   7.1484780e-02   2.9749170e-02
   6.7789262e-02   2.9318317e-02
   6.4865656e-02   2.8656265e-02
   6.6231457e-02   2.8161517e-02
   6.7718756e-02   2.9812448e-02
   7.0445892e-02   3.1964248e-02
   6.9021040e-02   2.9810924e-02
   6.7519233e-02   2.9724564e-02
   7.2882646e-02   2.6120040e-02
   7.2939713e-02   2.8237433e-02
   7.4363947e-02   3.1435128e-02
   7.8032852e-02   3.2903835e-02
   7.4062867e-02   3.2355232e-02
   7.0466027e-02   2.9344228e-02
   7.0330991e-02   2.8763429e-02
   6.6309967e-02   2.6101129e-02
   6.5117770e-02   2.9292333e-02
   6.2567746e-02   3.0371328e-02
   6.9092901e-02   2.9316816e-02
   6.2448109e-02   2.9788887e-02
   6.3745550e-02   3.0310070e-02
   6.7663063e-02   2.8215565e-02
   6.6278433e-02   3.0799333e-02
   6.6213354e-02   3.0769065e-02
   5.5988639e-02   3.1394598e-02
   5.2145586e-02   2.9334122e-02
   5.3305401e-02   2.6635041e-02
   4.9548747e-02   2.7240903e-02
   4.9438086e-02   2.9801349e-02
   4.8237278e-02   2.8813549e-02
   4.8147375e-02   2.7711038e-02
   4.8176271e-02   3.1401944e-02
   5.4743655e-02   3.0903117e-02
   5.7303638e-02   2.9300382e-02
   4.8134395e-02   3.0325287e-02
   4.8094984e-02   2.8728416e-02
   4.9481197e-02   3.0877449e-02
   4.5589696e-02   2.7740332e-02
   4.6892258e-02   2.7739371e-02
   5.3396571e-02   2.9304024e-02
   4.3017738e-02   2.9865400e-02
   4.4287133e-02   2.7741265e-02
   4.8192310e-02   2.8261750e-02
   5.1934982e-02   3.0262224e-02
   5.3430780e-02   3.2475779e-02
   5.0647585e-02   2.8176253e-02
   4.8139726e-02   2.9279587e-02
   4.9638896e-02   2.8869524e-02
   4.9389484e-02   2.9772001e-02
   5.2242798e-02   3.0441896e-02
   5.2153904e-02   2.7762651e-02
   5.7247242e-02   2.9271512e-02
   5.8426854e-02   3.0255993e-02
   5.6099118e-02   3.1456653e-02
   5.6047076e-02   3.0901835e-02
   5.3341093e-02   2.9797914e-02
   5.3302738e-02   2.7157296e-02
   5.9808990e-02   2.6107272e-02
   6.3885197e-02   2.8275415e-02
   6.8937318e-02   3.1871511e-02
   6.9009253e-02   3.1379920e-02
   6.3797252e-02   3.1909258e-02
   6.6282192e-02   3.0277310e-02
   6.9032228e-02   2.8241928e-02
   7.0134621e-02   2.7114364e-02
   6.8978219e-02   2.6124190e-02
   6.6274611e-02   3.1321355e-02
   6.8960925e-02   3.7132906e-02
   6.2475972e-02   3.4526402e-02
   6.2277527e-02   2.7616835e-02
   4.0260421e-02   2.7661978e-02
   5.2056477e-02   2.6662342e-02
   5.4495600e-02   2.7102836e-02
   5.2139789e-02   3.0381769e-02
   4.9386731e-02   3.0294317e-02
   5.5952148e-02   2.8227296e-02
   5.3486696e-02   3.1983559e-02
   5.7363250e-02   2.8805571e-02
   5.8612269e-02   2.8252715e-02
   5.9738177e-02   2.8168132e-02
   6.1220448e-02   2.7727031e-02
   5.9891298e-02   3.1913689e-02
   5.9777100e-02   3.1328726e-02
   6.2448109e-02   2.9788887e-02
   6.2396790e-02   2.8193282e-02
   6.6365300e-02   2.7694440e-02
   6.4989723e-02   2.9234697e-02
   6.1260757e-02   3.0896404e-02
   6.1182123e-02   3.3481697e-02
   5.9783938e-02   3.0284436e-02
   6.7606850e-02   2.6621822e-02
   6.8835832e-02   2.7115768e-02
   6.5121288e-02   2.8769255e-02
   6.2321978e-02   3.0251905e-02
   6.9032228e-02   2.8241928e-02
   6.6365300e-02   2.7694440e-02
   6.6339806e-02   3.1352197e-02
   6.8953120e-02   2.9781576e-02
   5.9970670e-02   2.8803040e-02
   6.0029872e-02   2.8831499e-02
   6.2502565e-02   3.0864511e-02
   6.5103069e-02   3.1384642e-02
   6.9164852e-02   2.8821731e-02
   6.7659479e-02   2.8738075e-02
   6.5303498e-02   3.0428471e-02
   6.1314017e-02   3.1975299e-02
   6.6466662e-02   3.1937629e-02
   6.5114189e-02   2.9815410e-02
   6.7540410e-02   2.6595662e-02
   6.4996656e-02   2.8190601e-02
   6.8967861e-02   2.7691641e-02
   6.6343640e-02   3.0829660e-02
   6.2618571e-02   3.1973813e-02
   6.7718756e-02   2.9812448e-02
   6.6282192e-02   3.0277310e-02
   6.9032228e-02   2.8241928e-02
   7.2939713e-02   2.8237433e-02
   6.7663063e-02   2.8215565e-02
   6.3993763e-02   3.0954601e-02
   5.8789121e-02   2.7811799e-02
   5.8439521e-02   2.8169373e-02
   5.7247242e-02   2.9271512e-02
   6.1253591e-02   3.1943740e-02
   6.6274611e-02   3.1321355e-02
   6.5185511e-02   2.8797642e-02
   6.2509621e-02   2.9818257e-02
   5.9741271e-02   2.7646500e-02
   6.2516437e-02   2.8772002e-02
   6.6169872e-02   2.7612871e-02
   6.7578010e-02   3.0797794e-02
   6.2556858e-02   3.1942259e-02
   6.2328853e-02   2.9208736e-02
   5.8505928e-02   2.6630594e-02
   6.2538389e-02   2.5110111e-02
   6.3749111e-02   2.9787482e-02
   7.6763347e-02   2.9249543e-02
   6.4967428e-02   3.2366986e-02
   6.2437465e-02   3.1356723e-02
   6.1321205e-02   3.0926928e-02
   6.1096857e-02   2.8194581e-02
   6.6303406e-02   2.7145175e-02
   6.4805466e-02   2.8107644e-02
   6.3689929e-02   2.9236101e-02
   6.8933201e-02   3.2393995e-02
   5.9998477e-02   3.3549381e-02
   5.9780548e-02   3.0806581e-02
   6.1214011e-02   2.8773334e-02
   6.3759424e-02   2.8219720e-02
   5.9735026e-02   2.8689764e-02
   5.7290701e-02   3.1393267e-02
   6.1203912e-02   3.0342788e-02
   5.9783938e-02   3.0284436e-02
   5.9908348e-02   2.9297813e-02
   5.9861952e-02   2.7178311e-02
   6.3637440e-02   2.7642684e-02
   6.3689929e-02   2.9236101e-02
   6.0005859e-02   3.2500962e-02
   5.9967424e-02   2.9326732e-02
   5.7187824e-02   2.9764890e-02
   5.7312760e-02   2.7730719e-02
   5.7303638e-02   2.9300382e-02
   6.1217259e-02   2.8250182e-02
   5.7318565e-02   2.6684277e-02
   5.8708380e-02   3.1453944e-02
   5.7287328e-02   3.1916488e-02
   5.8657262e-02   3.0375464e-02
   5.7244100e-02   2.9794218e-02
   5.6007280e-02   2.8255138e-02
   5.8442547e-02   2.7647718e-02
   6.2594121e-02   2.6182179e-02
   5.5884985e-02   3.0288360e-02
   5.8589313e-02   3.1915104e-02
   5.7244100e-02   2.9794218e-02
   6.1283976e-02   2.7230729e-02
   5.5936794e-02   3.0840934e-02
   5.4869847e-02   2.7815358e-02
   5.9855786e-02   2.8223631e-02
   5.8538506e-02   3.0838294e-02
   5.7230981e-02   3.1885040e-02
   5.7290701e-02   3.1393267e-02
   6.1217259e-02   2.8250182e-02
   6.2406323e-02   2.6626988e-02
   6.2386717e-02   2.9759575e-02
   5.7303638e-02   2.9300382e-02
   6.2444621e-02   3.0311499e-02
   5.9957337e-02   3.0897807e-02
   5.7065932e-02   3.1269903e-02
   6.5249860e-02   2.8826085e-02
   6.5128136e-02   2.7723101e-02
   6.3762739e-02   2.7697133e-02
   6.6339806e-02   3.1352197e-02
   6.2487729e-02   3.2957021e-02
   6.4978856e-02   3.0800842e-02
   5.9777100e-02   3.1328726e-02
   6.1106191e-02   2.6628216e-02
   6.1160179e-02   2.7699718e-02
   5.8731074e-02   2.7784318e-02
   5.9964119e-02   2.9850423e-02
   6.3801007e-02   3.1386156e-02
   6.1065684e-02   3.2893678e-02
   6.2491528e-02   3.2433893e-02
   6.3700028e-02   2.7669882e-02
   6.1049125e-02   2.6080429e-02
   5.8560606e-02   2.7179514e-02
   5.8660551e-02   2.9851750e-02
   5.8585808e-02   3.2438302e-02
   6.1023604e-02   3.0253297e-02
   6.3693357e-02   2.8714028e-02
   5.9976989e-02   2.7755657e-02
   6.1153760e-02   2.8744991e-02
   6.2495267e-02   3.1910766e-02
   5.9832389e-02   3.1882249e-02
   6.3495645e-02   3.0191133e-02
   6.2564177e-02   3.0894971e-02
   6.5181982e-02   2.9321236e-02
   5.8721689e-02   2.9357015e-02
   5.4812803e-02   2.8312165e-02
   5.7202938e-02   2.7153935e-02
   6.3808334e-02   3.0339950e-02
   6.2495267e-02   3.1910766e-02
   6.3801007e-02   3.1386156e-02
   6.5192379e-02   2.7750455e-02
   6.9028566e-02   2.8764927e-02
   6.2390135e-02   2.9237477e-02
   6.0095546e-02   2.7810559e-02
   6.1338136e-02   2.8306002e-02
   6.6270725e-02   3.1843378e-02
   6.1102250e-02   3.6061897e-02
   6.3856298e-02   3.2464365e-02
   5.8739947e-02   2.6211620e-02
   5.7143824e-02   2.7648910e-02
   5.4704785e-02   2.8256308e-02
   5.9777100e-02   3.1328726e-02
   6.1083588e-02   3.0283069e-02
   5.8490751e-02   2.9241436e-02
   6.2390135e-02   2.9237477e-02
   6.1207337e-02   2.9819637e-02
   6.5185511e-02   2.8797642e-02
   6.4989723e-02   2.9234697e-02
   5.8538506e-02   3.0838294e-02
   5.8535123e-02   3.1360977e-02
   5.7181393e-02   3.0809272e-02
   5.8742791e-02   2.5687388e-02
   6.1290076e-02   2.6183393e-02
   5.7312760e-02   2.7730719e-02
   6.2433797e-02   3.1879335e-02
   6.3797252e-02   3.1909258e-02
   5.7287328e-02   3.1916488e-02
   6.3888532e-02   2.7751796e-02
   6.3958117e-02   2.6730937e-02
   6.1203912e-02   3.0342788e-02
   5.9828816e-02   3.2404909e-02
   5.5930276e-02   3.1886389e-02
   5.7290701e-02   3.1393267e-02
   5.7363250e-02   2.8805571e-02
   5.2151181e-02   2.8286475e-02
   5.7363250e-02   2.8805571e-02
   5.9793763e-02   2.8717999e-02
   5.8557618e-02   2.7702197e-02
   6.2430069e-02   3.2401947e-02
   6.4978856e-02   3.0800842e-02
   6.0033070e-02   2.8307290e-02
   5.9721849e-02   3.0776292e-02
   5.2102509e-02   2.7735260e-02
   5.7208599e-02   2.6109553e-02
   5.7190957e-02   2.9242699e-02
   5.3446280e-02   2.9856764e-02
   5.9861952e-02   2.7178311e-02
   5.6010197e-02   2.7731895e-02
   5.9852616e-02   2.8746290e-02
   5.7300486e-02   2.9823603e-02
   5.7237650e-02   3.0839629e-02
   5.5995069e-02   3.0348111e-02
   5.4692858e-02   3.0349368e-02
   5.7146728e-02   2.7127233e-02
   5.7253361e-02   2.8226101e-02
   5.8602770e-02   2.9822310e-02
   5.5991881e-02   3.0871354e-02
   6.2444621e-02   3.0311499e-02
   5.7297279e-02   3.0346824e-02
   5.5894170e-02   2.8721721e-02
   5.7425939e-02   2.7785527e-02
   6.3881801e-02   2.8799034e-02
   6.2318451e-02   3.0773490e-02
   6.1200428e-02   3.0865940e-02
   6.2560548e-02   3.1418615e-02
   5.5817146e-02   3.2345371e-02
   5.0744610e-02   2.8754611e-02
   4.6936063e-02   2.8290675e-02
   5.8557618e-02   2.7702197e-02
   5.8545102e-02   2.9792928e-02
   6.1136684e-02   3.1358172e-02
   5.9876620e-02   3.4006390e-02
   5.6050273e-02   3.0378075e-02
   5.9738177e-02   2.8168132e-02
   5.4664615e-02   2.5614716e-02
   5.4594306e-02   2.8722906e-02
   5.3449225e-02   2.9332961e-02
   5.7237650e-02   3.0839629e-02
   5.8545102e-02   2.9792928e-02
   5.9846104e-02   2.9791610e-02
   5.7303638e-02   2.9300382e-02
   6.1086994e-02   2.9760947e-02
   5.5995069e-02   3.0348111e-02
   5.0592499e-02   2.9191100e-02
   5.3390647e-02   3.0350596e-02
   5.0927829e-02   3.2017717e-02
   5.0747297e-02   2.8231800e-02
   5.0749935e-02   2.7708989e-02
   5.5960713e-02   2.6659112e-02
   5.4698927e-02   2.9302838e-02
   5.2088436e-02   3.0351794e-02
   5.2034227e-02   3.0844670e-02
   4.9438086e-02   2.9801349e-02
   4.9351484e-02   2.7655502e-02
   5.5955057e-02   2.7704568e-02
   5.8548315e-02   2.9270245e-02
   5.1977039e-02   3.1858851e-02
   4.6911974e-02   3.3005788e-02
   5.2051216e-02   2.7707924e-02
   4.9499914e-02   2.7214023e-02
   6.1226649e-02   2.6680728e-02
   5.8721689e-02   2.9357015e-02
   6.1080125e-02   3.0805191e-02
   6.6185348e-02   3.4419632e-02
   6.3907396e-02   3.4068841e-02
   6.2379702e-02   3.0803771e-02
   6.3895016e-02   2.6704558e-02
   6.1229661e-02   2.6157576e-02
   5.5995069e-02   3.0348111e-02
   5.5978591e-02   3.2964327e-02
   6.1061927e-02   3.3415800e-02
   5.9911585e-02   2.8774637e-02
   6.2467773e-02   2.6653215e-02
   5.9814677e-02   2.5062981e-02
   5.1946241e-02   2.8175174e-02
   5.3291573e-02   2.9246319e-02
   5.6151196e-02   3.2012569e-02
   5.8762880e-02   3.2009807e-02
   5.9905054e-02   2.9820988e-02
   5.5913720e-02   2.5066229e-02
   5.7143824e-02   2.7648910e-02
   5.4698927e-02   2.9302838e-02
   5.5820466e-02   3.1823672e-02
   5.6047076e-02   3.0901835e-02
   5.5820466e-02   3.1823672e-02
   5.7363250e-02   2.8805571e-02
   5.4546378e-02   2.7651214e-02
   5.0705138e-02   2.6637110e-02
   5.7247242e-02   2.9271512e-02
   5.8541832e-02   3.0315611e-02
   5.7396909e-02   3.2503824e-02
   5.8666960e-02   2.8804320e-02
   5.8612269e-02   2.8252715e-02
   5.4707635e-02   2.7733043e-02
   5.8442547e-02   2.7647718e-02
   5.8548315e-02   2.9270245e-02
   5.7303638e-02   2.9300382e-02
   5.9894823e-02   3.1390513e-02
   5.6001282e-02   2.9301624e-02
   5.7353768e-02   3.0376784e-02
   6.1090340e-02   2.9238825e-02
   5.8605993e-02   2.9299112e-02
   6.2526208e-02   2.7202620e-02
   5.7234343e-02   3.1362335e-02
   5.3355218e-02   2.7184061e-02
   5.2053872e-02   2.7185133e-02
   4.8047738e-02   2.8700149e-02
   5.4585334e-02   3.0289610e-02
   5.3384516e-02   3.1397168e-02
   5.4626310e-02   3.2410457e-02
   5.2088436e-02   3.0351794e-02
   5.4605533e-02   2.6633968e-02
   5.8396692e-02   2.5535989e-02
   5.0639424e-02   2.9741600e-02
   5.7125247e-02   3.0778975e-02
   5.9766414e-02   3.2895163e-02
   5.5884985e-02   3.0288360e-02
   5.5891162e-02   2.9243934e-02
   5.6010197e-02   2.7731895e-02
   5.4761599e-02   2.7760427e-02
   5.3454961e-02   2.8285356e-02
   5.4594306e-02   2.8722906e-02
   5.3387607e-02   3.0873882e-02
   5.5826946e-02   3.0780273e-02
   5.4572639e-02   3.2378549e-02
   5.1983085e-02   3.0814298e-02
   5.1951571e-02   2.7131649e-02
   5.9855786e-02   2.8223631e-02
   5.7244100e-02   2.9794218e-02
   5.4632782e-02   3.1364958e-02
   5.4531731e-02   3.0259819e-02
   5.3239229e-02   2.9217552e-02
   5.7247242e-02   2.9271512e-02
   5.4585334e-02   3.0289610e-02
   5.5995069e-02   3.0348111e-02
   5.4698927e-02   2.9302838e-02
   5.4546378e-02   2.7651214e-02
   5.2094216e-02   2.9305181e-02
   5.4629572e-02   3.1887708e-02
   6.2506123e-02   3.0341384e-02
   5.5884985e-02   3.0288360e-02
   5.7318565e-02   2.6684277e-02
   6.1200428e-02   3.0865940e-02
   5.7250329e-02   2.8748807e-02
   5.7306734e-02   2.8777161e-02
   5.4698927e-02   2.9302838e-02
   5.7237650e-02   3.0839629e-02
   5.7187824e-02   2.9764890e-02
   5.9967424e-02   2.9326732e-02
   6.2526208e-02   2.7202620e-02
   5.8602770e-02   2.9822310e-02
   6.1136684e-02   3.1358172e-02
   6.2498946e-02   3.1387639e-02
   6.3797252e-02   3.1909258e-02
