  -8.1356293e-02   2.0043019e-01
  -6.6579906e-02   6.4550866e-02
  -7.0109915e-02   5.7619434e-02
  -6.6392880e-02   4.8120485e-02
  -6.6555765e-02   4.5538889e-02
  -7.3790777e-02   4.0456344e-02
  -6.4485886e-02   2.9679071e-02
  -5.3571852e-02   3.0137711e-02
  -4.2724684e-02   1.9301620e-02
  -4.0309483e-02   1.5104969e-02
  -3.8897920e-02   8.0757619e-03
  -3.6404191e-02  -2.1646519e-03
  -3.0633476e-02  -6.4160321e-03
  -2.4158895e-02  -1.6711339e-02
  -3.7061763e-02  -2.6595918e-02
  -3.3170101e-02  -3.2547592e-02
  -1.8626212e-02  -4.2331452e-02
  -2.1114933e-02  -4.8949508e-02
  -1.5852925e-02  -5.9240387e-02
  -1.7168062e-02  -5.5981128e-02
  -1.1846257e-02  -6.2256495e-02
   0.0000000e+00  -6.8782696e-02
   1.0477113e-02  -7.4877354e-02
   7.8283193e-03  -8.8154719e-02
   1.1708230e-02  -8.7888556e-02
   5.1823267e-03  -9.4585489e-02
   0.0000000e+00  -1.0230846e-01
   0.0000000e+00  -9.8187251e-02
  -1.8103723e-02  -1.0588375e-01
  -2.4541046e-02  -1.0629826e-01
  -1.9331200e-02  -1.1488221e-01
  -2.2067286e-02  -1.2191950e-01
  -2.2196291e-02  -1.2494071e-01
  -3.8221451e-02  -1.2442702e-01
  -4.6877266e-02  -1.4228381e-01
  -4.9690555e-02  -1.3537842e-01
  -5.7298032e-02  -1.3993046e-01
  -7.5173651e-02  -1.4546950e-01
  -7.7036447e-02  -1.3848034e-01
  -7.6919578e-02  -1.4172598e-01
  -7.4945815e-02  -1.3894721e-01
  -9.1808312e-02  -1.4001345e-01
  -9.5853169e-02  -1.4539367e-01
  -7.7297181e-02  -1.4332434e-01
  -7.4273986e-02  -1.3759006e-01
  -6.7255432e-02  -1.5420548e-01
  -9.6781726e-02  -1.6576396e-01
  -8.9002965e-02  -1.7223960e-01
  -8.7878242e-02  -1.5129757e-01
  -1.0598697e-01  -1.4671368e-01
  -4.9782019e-02  -1.8194129e-01
  -4.7525894e-02  -1.2289350e-01
  -1.9763944e-02  -1.2271092e-01
  -3.3031395e-02  -1.1051605e-01
  -1.3210758e-03  -1.1620896e-01
  -4.7156976e-02  -8.2621631e-02
  -3.8460709e-02  -1.0866989e-01
  -4.4115990e-02  -9.1458205e-02
  -2.3739296e-02  -9.8550586e-02
  -5.3374056e-03  -9.4136783e-02
  -3.2074899e-02  -7.4762768e-02
  -2.0121099e-02  -8.0062429e-02
  -2.4417761e-02  -6.8640910e-02
  -1.3489397e-02  -6.1611966e-02
  -2.2818244e-02  -3.7272691e-02
  -1.1924141e-02  -4.3230853e-02
  -1.8683325e-02  -2.5210020e-02
  -1.0668289e-02  -2.1970970e-02
  -9.3065707e-03  -2.1904697e-02
  -1.7221617e-02  -1.5430413e-02
   0.0000000e+00  -1.7183384e-02
  -3.0510344e-02  -6.3902528e-03
  -2.3902441e-02  -4.7980061e-03
  -3.7444483e-02   5.9044128e-03
  -4.6855767e-02  -1.6115611e-03
  -4.4038727e-02   8.5695483e-03
  -4.5365815e-02   1.2853883e-02
  -5.3371547e-02   1.2850970e-02
  -6.2697220e-02   1.7129303e-02
  -5.6320033e-02   2.8011067e-02
  -3.8802501e-02   2.9581091e-02
  -3.8470030e-02   3.4144556e-02
  -3.1710060e-02   3.4012213e-02
  -5.3964375e-02   4.0246187e-02
  -5.3882978e-02   5.5128766e-02
  -6.3040407e-02   6.3123425e-02
  -5.1200188e-02   8.7553331e-02
  -5.2561465e-02   9.4240445e-02
  -4.5791530e-02   9.8245321e-02
  -5.4414981e-02   1.0877146e-01
  -6.3754468e-02   1.0810816e-01
  -6.4755539e-02   1.0703319e-01
  -8.2095994e-02   1.0930600e-01
  -8.8853825e-02   1.0735312e-01
  -9.7701576e-02   1.1530595e-01
  -1.0318680e-01   1.2121483e-01
  -1.0335472e-01   1.1972655e-01
  -1.1015927e-01   1.2850439e-01
  -1.0257967e-01   1.2437396e-01
  -1.2893134e-01   1.6797397e-01
  -1.2754093e-01   1.6261876e-01
  -1.2574903e-01   1.6078991e-01
  -1.1935108e-01   1.5274585e-01
  -1.2074719e-01   1.5288470e-01
  -1.2082364e-01   1.4549713e-01
  -1.2515722e-01   1.3519649e-01
  -1.2401604e-01   1.3254804e-01
  -1.2206912e-01   1.2989854e-01
  -1.1705473e-01   1.1664408e-01
  -1.2503166e-01   1.1562935e-01
  -1.2182685e-01   1.0852639e-01
  -1.1876948e-01   9.9330223e-02
  -1.1781021e-01   9.6311892e-02
  -1.1860630e-01   8.8059129e-02
  -1.1586979e-01   7.9727264e-02
  -1.1195723e-01   7.7054196e-02
  -1.0654075e-01   6.8248418e-02
  -1.1670961e-01   6.3219648e-02
  -1.1751302e-01   5.5849897e-02
  -1.1776973e-01   4.3498477e-02
  -1.0818117e-01   3.6429008e-02
  -1.0773031e-01   2.6438942e-02
  -9.5273328e-02   1.9897302e-02
  -8.4216426e-02   1.6076706e-02
  -8.8177415e-02   2.1409773e-03
  -8.9513024e-02   2.6760401e-03
  -8.2661564e-02  -5.8773745e-03
  -8.3653675e-02  -7.4498405e-03
  -9.0228783e-02  -2.1278235e-02
  -9.3351384e-02  -2.1382302e-02
  -8.6862886e-02  -3.1645308e-02
  -8.3098115e-02  -4.0398177e-02
  -8.7319617e-02  -4.5375073e-02
  -7.5190786e-02  -5.4103608e-02
  -6.0413260e-02  -6.4552325e-02
  -5.8502450e-02  -7.4869085e-02
  -4.2396200e-02  -7.6825677e-02
  -4.8676478e-02  -8.3907229e-02
  -6.1541411e-02  -8.6195349e-02
  -5.7236677e-02  -9.4342972e-02
  -6.2963788e-02  -9.0186823e-02
  -6.4037595e-02  -1.0138848e-01
  -6.8092558e-02  -1.0713916e-01
  -6.3297998e-02  -1.0457983e-01
  -6.3088765e-02  -1.2112110e-01
  -5.4382073e-02  -1.2636398e-01
  -6.3361616e-02  -1.3261093e-01
  -5.9473078e-02  -1.2990153e-01
  -4.6833437e-02  -2.0098354e-01
  -4.3147843e-02  -1.9849306e-01
  -4.5623814e-02  -1.9570138e-01
  -4.0368539e-02  -2.0148727e-01
  -3.7958034e-02  -1.9170447e-01
  -3.4130041e-02  -1.9826802e-01
  -4.0412486e-02  -1.9311542e-01
  -4.1888760e-02  -1.8628607e-01
  -4.5796565e-02  -1.8429406e-01
  -4.1892169e-02  -1.8267431e-01
  -3.8281817e-02  -1.8254195e-01
  -4.1023516e-02  -1.7983138e-01
  -4.5141647e-02  -1.6714666e-01
  -3.7283494e-02  -1.6362882e-01
  -4.2858698e-02  -1.5592097e-01
  -3.3726248e-02  -1.5633798e-01
  -4.2992797e-02  -1.4762056e-01
  -3.7582967e-02  -1.4796798e-01
  -3.9115294e-02  -1.4600686e-01
  -3.9281616e-02  -1.4141138e-01
  -4.8687167e-02  -1.3512847e-01
  -5.6868095e-02  -1.2596306e-01
  -6.3528894e-02  -1.1914596e-01
  -6.5078129e-02  -1.2072294e-01
  -6.4164238e-02  -1.0948258e-01
  -5.0190098e-02  -1.1666366e-01
  -6.7041884e-02  -1.1038053e-01
  -8.4397331e-02  -1.0448302e-01
  -7.4783346e-02  -1.1012034e-01
  -9.1114995e-02  -9.4564542e-02
  -7.7114676e-02  -8.9169493e-02
  -5.8287142e-02  -8.4478594e-02
  -7.5967840e-02  -6.5129662e-02
  -5.4397455e-02  -7.5264776e-02
  -7.1229267e-02  -6.6085639e-02
  -8.6078917e-02  -5.7102327e-02
  -8.2960100e-02  -5.5175811e-02
  -9.5821935e-02  -4.0086026e-02
  -8.2685862e-02  -3.9658408e-02
  -7.2236013e-02  -3.1698594e-02
  -7.7978018e-02  -2.1572929e-02
  -8.8827648e-02  -2.1044167e-02
  -8.5072088e-02  -1.7323285e-02
  -7.9432178e-02  -1.6195166e-02
  -7.5337553e-02  -1.0248351e-02
  -6.8757983e-02  -7.0282635e-03
  -6.8206687e-02   0.0000000e+00
  -9.1711591e-02   7.9867840e-03
  -1.1658679e-01   1.3781654e-02
  -1.1100857e-01   2.1696829e-02
  -1.2489946e-01   2.0367823e-01
  -1.1249092e-01   2.1056912e-01
  -1.0918575e-01   2.0889901e-01
  -1.0905117e-01   2.0922655e-01
  -9.9313761e-02   2.1323438e-01
  -1.0771931e-01   2.1556742e-01
  -1.0524435e-01   2.2314729e-01
  -1.0798609e-01   2.2248216e-01
  -1.1039754e-01   2.2037984e-01
  -1.1278555e-01   2.2455438e-01
  -1.1027365e-01   2.1445916e-01
  -1.1042124e-01   2.1854657e-01
  -1.0565735e-01   2.2036653e-01
  -1.1065156e-01   2.1689687e-01
  -1.1181044e-01   2.1665541e-01
  -1.1700580e-01   2.1125684e-01
  -1.1232646e-01   1.9840553e-01
  -1.2630740e-01   2.0021294e-01
  -1.2927951e-01   1.9296156e-01
  -1.3690331e-01   1.9592503e-01
  -1.3755170e-01   1.9491671e-01
  -1.3036140e-01   1.7998512e-01
  -1.3297645e-01   1.7709985e-01
  -1.3063774e-01   1.7092589e-01
  -1.2706148e-01   1.6955005e-01
  -1.3014504e-01   1.6558218e-01
  -1.2808690e-01   1.6220178e-01
  -1.2406971e-01   1.5329366e-01
  -1.3480112e-01   1.4572318e-01
  -1.3418489e-01   1.3736534e-01
  -1.1887615e-01   1.2980586e-01
  -1.1600696e-01   1.2366559e-01
  -1.1910614e-01   1.1852877e-01
  -1.1369495e-01   1.1221760e-01
  -1.2213965e-01   1.1648426e-01
  -1.2263738e-01   1.0584642e-01
  -1.1917411e-01   9.7993373e-02
  -1.1651545e-01   9.2460448e-02
  -1.0412224e-01   7.8870213e-02
  -1.1177282e-01   7.2875339e-02
  -1.0901932e-01   6.6768015e-02
  -9.8084884e-02   5.5719807e-02
  -1.0590945e-01   5.6659545e-02
  -1.0274217e-01   5.4771587e-02
  -1.0308200e-01   4.1388984e-02
  -1.0472152e-01   4.2589803e-02
  -8.5689165e-02   3.2786416e-02
  -8.4163962e-02   2.4650949e-02
  -8.0527028e-02   1.7221256e-02
   0.0000000e+00  -1.6880688e-01
  -1.1471088e-02  -1.7576069e-01
  -1.2839586e-02  -1.7358354e-01
  -2.0549842e-02  -1.7483307e-01
  -1.6815830e-02  -1.7683323e-01
  -3.8826048e-03  -1.6848685e-01
  -9.0627617e-03  -1.7156254e-01
  -1.9473395e-02  -1.6844215e-01
  -1.0379167e-02  -1.6773656e-01
  -1.8169748e-02  -1.6899165e-01
  -1.2827837e-02  -1.7883162e-01
  -1.4013760e-02  -1.8714269e-01
  -1.3938509e-02  -1.9271511e-01
  -1.2603128e-02  -1.9154343e-01
  -1.5051289e-02  -1.9110717e-01
  -1.3764363e-02  -1.9666124e-01
   1.2379531e-03  -2.0890110e-01
   1.3520954e-02  -2.0901636e-01
   1.3583192e-02  -2.0338444e-01
   1.3617796e-02  -2.0093060e-01
   6.2354507e-03  -1.9228903e-01
   1.0000516e-02  -1.9827461e-01
   7.5000942e-03  -1.9340372e-01
   6.2708836e-03  -1.9291968e-01
   6.2668709e-03  -1.8555097e-01
  -1.0067371e-02  -1.7861595e-01
  -8.7561543e-03  -1.7860562e-01
  -1.2622289e-02  -1.7505658e-01
  -8.9106331e-03  -1.7075558e-01
  -1.1543876e-02  -1.6801536e-01
  -1.0330752e-02  -1.6687643e-01
  -1.5565961e-02  -1.5638162e-01
  -1.2991088e-02  -1.5545849e-01
  -3.3048800e-02  -1.3409785e-01
  -6.4702773e-03  -1.4895937e-01
  -4.3508169e-02  -1.3078884e-01
  -2.7666793e-02  -1.3478825e-01
  -1.8525397e-02  -1.3193868e-01
  -1.8484252e-02  -1.2757936e-01
  -2.3776816e-02  -1.1902587e-01
  -2.7800851e-02  -1.1075305e-01
  -2.7918112e-02  -9.5996251e-02
  -2.3904824e-02  -1.0207281e-01
  -4.1200020e-02  -7.6523503e-02
  -2.0042118e-02  -8.3074206e-02
  -2.9298707e-02  -6.8456917e-02
  -3.0597098e-02  -8.0477375e-02
  -4.1346983e-02  -6.6351875e-02
  -8.9449745e-02   1.4007890e-01
  -8.6835602e-02   1.4187974e-01
  -9.4080566e-02   1.4543480e-01
  -1.0367535e-01   1.5571222e-01
  -9.8362301e-02   1.5028363e-01
  -8.5726442e-02   1.5744183e-01
  -8.9002965e-02   1.7223960e-01
  -1.0915864e-01   1.8506402e-01
  -9.4773822e-02   1.9823665e-01
  -8.9075396e-02   2.0684893e-01
  -1.0035068e-01   2.0943538e-01
  -9.8917999e-02   2.1668395e-01
  -8.9703622e-02   2.1364674e-01
  -9.2638002e-02   2.0302130e-01
  -1.0411345e-01   2.2211618e-01
  -9.7636032e-02   2.1220477e-01
  -9.1938111e-02   2.2399213e-01
  -9.5269109e-02   2.3372809e-01
  -9.7349048e-02   2.4567465e-01
  -8.5131409e-02   2.4010674e-01
  -8.4434846e-02   2.5851825e-01
  -7.7216825e-02   2.4601299e-01
  -8.2914314e-02   2.4470381e-01
  -7.8618708e-02   2.4785085e-01
  -7.9732581e-02   2.5540127e-01
  -8.0853733e-02   2.5296689e-01
  -8.9331196e-02   2.6260527e-01
  -8.3416580e-02   2.5805974e-01
  -8.4401017e-02   2.6186781e-01
  -7.3574022e-02   2.6010951e-01
  -7.8437812e-02   2.5380563e-01
  -8.3367023e-02   2.5049897e-01
  -8.0898026e-02   2.4518326e-01
  -8.7782598e-02   2.3583706e-01
  -9.5518849e-02   2.3536347e-01
  -8.9665724e-02   2.3134222e-01
  -9.4720279e-02   2.2567952e-01
  -9.3770436e-02   2.1950538e-01
  -9.0553020e-02   2.1218286e-01
  -9.6788851e-02   2.0820800e-01
  -1.0105374e-01   2.0370518e-01
  -9.7496459e-02   1.9503041e-01
  -7.9705354e-02   1.9321341e-01
  -7.0146532e-02   1.9014883e-01
  -8.2954519e-02   1.8894318e-01
  -7.4493179e-02   1.7816489e-01
  -7.7083331e-02   1.8122913e-01
  -7.9826771e-02   1.7377560e-01
  -8.6311594e-02   1.5622820e-01
  -4.0007001e-02  -7.9002752e-02
  -4.9093535e-02  -8.2433996e-02
  -4.4885566e-02  -8.9176207e-02
  -4.6273703e-02  -9.0968896e-02
  -3.6535369e-02  -1.0020170e-01
  -3.5150425e-02  -1.0383113e-01
  -3.2477656e-02  -1.0415984e-01
  -4.4306379e-02  -1.0391307e-01
  -3.3796262e-02  -1.0809376e-01
  -2.7380799e-02  -1.1068151e-01
  -3.6230941e-02  -1.1980182e-01
  -3.6467016e-02  -1.2118616e-01
  -3.9097446e-02  -1.1957040e-01
  -5.5840128e-02  -1.3036266e-01
  -5.7262070e-02  -1.3236773e-01
  -4.2881785e-02  -1.4662765e-01
  -4.9861475e-02  -1.4344324e-01
  -5.0202540e-02  -1.4213854e-01
  -3.8245594e-02  -1.4368268e-01
  -2.6230961e-02  -1.5288354e-01
  -4.6971361e-02  -1.5490902e-01
  -4.1202384e-02  -1.6269900e-01
  -4.7419130e-02  -1.6184525e-01
  -4.2413835e-02  -1.6414772e-01
  -3.9680663e-02  -1.7351525e-01
  -4.4760046e-02  -1.7511285e-01
  -3.0616685e-02  -1.8130406e-01
  -1.9005858e-02  -1.8599055e-01
  -2.0341111e-02  -1.8547528e-01
  -1.5247378e-02  -1.8294968e-01
  -1.0218100e-02  -1.8099599e-01
  -5.0826005e-03  -1.8115822e-01
  -8.8449244e-03  -1.8724400e-01
   0.0000000e+00  -1.9165657e-01
  -2.5008423e-03  -1.9287259e-01
   0.0000000e+00  -1.9340726e-01
  -1.2483867e-03  -1.9554426e-01
   0.0000000e+00  -1.9433333e-01
   1.1288467e-02  -1.9111332e-01
   3.7527572e-03  -1.9054294e-01
   0.0000000e+00  -1.9593939e-01
   3.7488286e-03  -1.9394065e-01
   5.0113285e-03  -1.9633442e-01
   1.2617560e-03  -1.9302126e-01
   3.8009720e-03  -1.8781990e-01
   1.2800286e-03  -1.7901731e-01
   1.1562609e-02  -1.7250036e-01
   7.6842772e-03  -1.6892760e-01
   0.0000000e+00  -1.6858740e-01
   2.5611702e-03  -1.6535535e-01
  -1.0295088e-01   2.6794687e-02
  -9.0772078e-02   2.1942019e-02
  -9.7496611e-02   3.6451957e-02
  -9.1068352e-02   3.8727388e-02
  -8.8304106e-02   3.0064565e-02
  -9.3767346e-02   4.4144606e-02
  -7.5981513e-02   5.9686530e-02
  -7.9507413e-02   6.3654453e-02
  -7.6430103e-02   8.5061132e-02
  -9.4337490e-02   9.0497569e-02
  -1.1585074e-01   8.8074683e-02
  -1.2332729e-01   1.0146488e-01
  -1.0828159e-01   9.4469297e-02
  -8.9737524e-02   9.3402057e-02
  -7.5100667e-02   9.8302549e-02
  -6.8805712e-02   9.1530213e-02
  -8.3018574e-02   9.1637222e-02
  -8.4750093e-02   1.1046899e-01
  -8.1112216e-02   1.2679826e-01
  -8.8253411e-02   1.3708082e-01
  -8.8371350e-02   1.4067688e-01
  -8.4772234e-02   1.3885923e-01
  -7.8304622e-02   1.4854657e-01
  -7.4633000e-02   1.4148342e-01
  -6.9300596e-02   1.4914194e-01
  -7.4671542e-02   1.4673119e-01
  -7.0125422e-02   1.5210950e-01
  -8.1753797e-02   1.6397175e-01
  -8.9480247e-02   1.6638241e-01
  -7.5393086e-02   1.6526221e-01
  -7.8632244e-02   1.8402903e-01
  -7.1504311e-02   1.8124709e-01
  -7.9192279e-02   1.7523651e-01
  -7.3721791e-02   1.7851131e-01
  -6.1941181e-02   1.8109321e-01
  -6.6040862e-02   1.9666871e-01
  -6.4637869e-02   1.9734877e-01
  -7.1646052e-02   1.9769040e-01
  -7.4352793e-02   1.9898803e-01
  -7.1524138e-02   2.0517485e-01
  -6.3035228e-02   2.0640241e-01
  -6.6662953e-02   2.1596180e-01
  -7.0749010e-02   2.1229066e-01
  -7.3395703e-02   2.1657483e-01
  -7.5260116e-02   2.1485510e-01
  -8.7523824e-02   2.1643597e-01
  -8.1359732e-02   2.0862511e-01
  -8.5123714e-02   2.0365048e-01
  -8.9368751e-02   1.9809797e-01
  -7.8133124e-02   1.9298113e-01
  -4.4087940e-02  -2.4150639e-02
  -4.1308958e-02  -2.9995380e-02
  -3.0721177e-02  -4.3033955e-02
  -3.8608940e-02  -4.4505124e-02
  -3.6055131e-02  -5.6052105e-02
  -2.7942342e-02  -6.3477961e-02
  -4.1238247e-02  -6.4536574e-02
  -3.8640694e-02  -6.6288555e-02
  -3.9750822e-02  -8.0135430e-02
  -4.0844080e-02  -8.5701085e-02
  -3.7244045e-02  -9.4352253e-02
  -4.2179894e-02  -1.0012999e-01
  -4.8792207e-02  -1.0463044e-01
  -5.6798949e-02  -1.1380999e-01
  -4.2389603e-02  -1.1704874e-01
  -4.6484378e-02  -1.2079842e-01
  -4.7348224e-02  -1.2928626e-01
  -4.7092804e-02  -1.4766624e-01
  -5.7613038e-02  -1.4133430e-01
  -4.2999290e-02  -1.4940163e-01
  -4.6984951e-02  -1.5023636e-01
  -4.7964462e-02  -1.5147511e-01
  -3.3636456e-02  -1.5353781e-01
  -5.8247920e-02  -1.4826600e-01
  -6.0697354e-02  -1.5487841e-01
  -5.7928480e-02  -1.5319047e-01
  -4.3289297e-02  -1.6656490e-01
  -5.2333231e-02  -1.6934575e-01
  -5.5090597e-02  -1.7181428e-01
  -5.1137325e-02  -1.8103564e-01
  -4.9705270e-02  -1.8283762e-01
  -4.8789873e-02  -1.8070500e-01
  -5.2325158e-02  -1.8919590e-01
  -3.9652410e-02  -1.8546050e-01
  -4.0841630e-02  -1.8743754e-01
  -3.6740276e-02  -1.9629021e-01
  -3.9168585e-02  -2.0061552e-01
  -3.4098597e-02  -2.0301659e-01
  -2.5011700e-02  -2.0882635e-01
  -2.3718287e-02  -2.0529657e-01
  -2.2376641e-02  -2.0863947e-01
  -2.8691961e-02  -2.0635360e-01
  -1.8741489e-02  -2.0551932e-01
  -2.4880595e-03  -2.1383086e-01
   1.2412014e-03  -2.0953478e-01
   0.0000000e+00  -2.1050403e-01
  -1.2370640e-03  -2.0688118e-01
   0.0000000e+00  -2.0899899e-01
   8.6927647e-03  -2.0717664e-01
   6.2851214e-03  -2.0077133e-01
