   6.5178422e-02   1.8307708e-02
   4.9641546e-02   2.8344623e-02
   4.1601532e-02   3.6082692e-02
   2.8606409e-02   4.1887337e-02
   1.4282562e-02   3.8153574e-02
   2.0782681e-02   2.6105131e-02
   2.4743380e-02   1.8308725e-02
   2.7404674e-02   1.6771852e-02
   3.6491803e-02   2.1464118e-02
   3.9076882e-02   2.7744729e-02
   4.9453702e-02   3.5587569e-02
   5.1968579e-02   4.0777699e-02
   4.8132362e-02   3.8729064e-02
   3.1243865e-02   3.2984797e-02
   1.6937480e-02   2.5136266e-02
   1.5596641e-02   1.8274585e-02
   9.1604975e-03   1.9453896e-02
   3.9129441e-03   3.3584010e-02
  -3.8996141e-03   3.7146925e-02
  -2.5990069e-03   3.9239805e-02
   6.5163394e-03   3.1977848e-02
   1.3046173e-02   2.0968312e-02
   1.0438850e-02   1.8347596e-02
   1.2996294e-02   1.9319259e-02
   2.0822591e-02   2.6679792e-02
   2.9917952e-02   3.1383817e-02
   4.0267224e-02   3.5003370e-02
   4.9534152e-02   3.8279847e-02
   5.7128480e-02   3.0257298e-02
   5.7214039e-02   2.5065171e-02
   5.8703075e-02   2.1996026e-02
   6.5102277e-02   2.0902491e-02
   6.3640675e-02   2.7121124e-02
   5.9986969e-02   3.5122008e-02
   6.6302441e-02   3.6055026e-02
   5.7314741e-02   3.6137899e-02
   5.9914764e-02   2.8251462e-02
   5.2173862e-02   2.3572062e-02
   4.9520535e-02   2.2503904e-02
   5.4674609e-02   2.3523719e-02
   5.7300486e-02   2.9823603e-02
   4.5552451e-02   3.5067966e-02
   4.9408337e-02   3.5029656e-02
   4.3084873e-02   3.3599478e-02
   4.1668376e-02   3.0883774e-02
   5.6098543e-02   2.0950396e-02
   6.3981645e-02   2.2537848e-02
   7.8253764e-02   2.4595695e-02
   8.9925484e-02   3.1904022e-02
   1.2455981e-01   3.5869477e-02
   1.6654714e-01   3.6889888e-02
   1.8626030e-01   3.6334676e-02
   1.9692653e-01   3.4252972e-02
   2.0245224e-01   2.9593394e-02
   2.0687071e-01   2.8944735e-02
   2.1116614e-01   3.0022552e-02
   2.1100818e-01   3.6234115e-02
   2.0462473e-01   3.8889392e-02
   2.0295093e-01   3.7784933e-02
   2.0646267e-01   3.4283772e-02
   2.1298242e-01   3.4776425e-02
   2.1792271e-01   2.8992491e-02
   2.1286481e-01   3.1112988e-02
   1.9560968e-01   3.4776976e-02
   1.8347465e-01   3.6309349e-02
   1.6388633e-01   3.9497410e-02
   1.5329484e-01   3.3746626e-02
   1.3194892e-01   2.7701011e-02
   1.3263866e-01   2.4442722e-02
   1.2647970e-01   2.7135528e-02
   1.3715265e-01   2.9257273e-02
   1.2913516e-01   3.2901726e-02
   1.2089630e-01   3.6470517e-02
   1.2232470e-01   3.5981478e-02
   1.3313704e-01   3.5537412e-02
   1.3583892e-01   2.9782749e-02
   1.3037102e-01   2.8692821e-02
   1.1354081e-01   2.8232088e-02
   9.9205244e-02   2.6163657e-02
   9.4890103e-02   2.8673326e-02
   9.3742901e-02   3.1866092e-02
   9.3615797e-02   3.4966085e-02
   8.4902735e-02   3.7778679e-02
   7.5839571e-02   2.8870897e-02
   5.7306734e-02   2.8777161e-02
   4.9453654e-02   2.6664365e-02
   3.9086493e-02   2.5127302e-02
   3.7661025e-02   2.8185542e-02
   3.7731137e-02   2.9287113e-02
   2.8595478e-02   2.9263330e-02
   2.8673585e-02   3.1446561e-02
   3.7772351e-02   2.8269028e-02
   4.7028833e-02   2.8346681e-02
   5.0647585e-02   2.8176253e-02
   4.6933568e-02   2.8814577e-02
   3.2555272e-02   3.0366230e-02
   3.9102611e-03   3.0929636e-02
  -1.6997599e-02   2.9441996e-02
  -2.6102700e-02   2.7806430e-02
  -2.2065931e-02   2.2949544e-02
  -5.2030539e-03   2.0907135e-02
   0.0000000e+00   2.3474409e-02
   1.3022109e-03   3.0375479e-02
   7.8209683e-03   3.0405004e-02
   1.6929689e-02   2.9849316e-02
   2.9947412e-02   3.1414813e-02
   5.3332001e-02   3.1366225e-02
   6.3693357e-02   2.8714028e-02
   7.0257978e-02   2.9257571e-02
   7.0200031e-02   2.7662971e-02
   5.5891162e-02   2.9243934e-02
   5.0978168e-02   3.2049433e-02
   4.0393922e-02   3.3535178e-02
   3.2517603e-02   3.1905389e-02
   2.4702503e-02   2.6652126e-02
   1.8206932e-02   2.3518469e-02
   1.0414662e-02   2.3020013e-02
   0.0000000e+00   2.4590326e-02
  -3.9032210e-03   2.9298983e-02
  -1.3034947e-03   3.0405524e-02
  -5.2091351e-03   2.9851545e-02
   0.0000000e+00   2.8252715e-02
   6.5003339e-03   2.7179157e-02
   1.9504786e-02   2.5086013e-02
   2.9930976e-02   2.7199308e-02
   3.3835017e-02   2.7197361e-02
   3.1314746e-02   3.0427054e-02
   4.0373017e-02   2.9314313e-02
   5.6040519e-02   3.1949354e-02
   6.5042784e-02   3.0831173e-02
   7.0246207e-02   3.0824941e-02
   8.1882566e-02   2.9735563e-02
   8.7171936e-02   2.9235236e-02
   9.3774655e-02   2.8731723e-02
   1.0021539e-01   3.4987803e-02
   1.0291964e-01   3.5016897e-02
   1.1195718e-01   3.2875577e-02
   1.1456780e-01   3.2348286e-02
   1.1223574e-01   2.8234465e-02
   1.0429117e-01   2.9265592e-02
   1.0949356e-01   3.0301130e-02
   1.0697971e-01   3.1381891e-02
   1.0935353e-01   3.2880996e-02
   1.1831997e-01   3.4913704e-02
   1.2603681e-01   3.2259047e-02
   1.3037102e-01   2.8692821e-02
   1.2894015e-01   2.8667501e-02
   1.1969878e-01   2.9179022e-02
   1.0718487e-01   3.1967811e-02
   1.0162345e-01   3.4496890e-02
   9.3719927e-02   3.3955672e-02
   9.1164878e-02   2.9258154e-02
   9.6110407e-02   2.7080833e-02
   9.1377674e-02   2.5651338e-02
   8.8429764e-02   2.3989510e-02
   8.9956005e-02   2.8765921e-02
   8.6361238e-02   3.1511339e-02
   8.6056838e-02   3.6130861e-02
   9.3615797e-02   3.4966085e-02
   8.7291935e-02   3.4523678e-02
   9.5259629e-02   2.9309681e-02
   9.5096710e-02   2.6640267e-02
   9.3820336e-02   2.3507773e-02
   9.6594580e-02   2.6167483e-02
   1.0837834e-01   3.2457270e-02
   1.1973001e-01   3.5466394e-02
   1.2348778e-01   3.6984806e-02
   1.2508299e-01   3.3922584e-02
   1.2239377e-01   3.1288242e-02
   1.3039799e-01   2.6606071e-02
   1.2908752e-01   2.7130374e-02
   1.2257411e-01   2.6621086e-02
   1.2121106e-01   3.1321766e-02
   1.1842072e-01   3.5991148e-02
   1.0941905e-01   3.6047896e-02
   1.0674987e-01   3.2886291e-02
   1.0017158e-01   3.0258221e-02
   9.2683070e-02   2.5649573e-02
   9.1300203e-02   2.4057142e-02
   9.1274007e-02   2.7195031e-02
   9.4978378e-02   2.9223330e-02
   9.6190480e-02   3.7048368e-02
   9.6197057e-02   3.6526560e-02
   9.4934118e-02   3.3398091e-02
   8.8832239e-02   2.8300522e-02
   8.3532926e-02   2.7232510e-02
   8.4754435e-02   2.7203972e-02
   8.2115483e-02   3.0869895e-02
   7.6888196e-02   3.2447268e-02
   7.0181144e-02   3.0272685e-02
   6.5227678e-02   3.1970749e-02
   6.1395477e-02   2.8858699e-02
   6.1290076e-02   2.6183393e-02
   5.9991770e-02   2.5137199e-02
   5.3302738e-02   2.7157296e-02
   5.4639043e-02   3.0319460e-02
   5.1913364e-02   3.3914561e-02
   5.2133790e-02   3.1429416e-02
   4.6920411e-02   3.1434084e-02
   4.0339692e-02   2.7716541e-02
   3.7709253e-02   2.5078503e-02
   3.9086493e-02   2.5127302e-02
   4.5598754e-02   2.5646722e-02
   4.4149604e-02   2.9224987e-02
   4.6961107e-02   3.2514006e-02
   4.6949371e-02   3.4611684e-02
   5.3460490e-02   2.7237750e-02
   5.0741873e-02   2.9277422e-02
   4.8292473e-02   2.7268837e-02
   4.9589894e-02   2.8840980e-02
   5.0797300e-02   2.8259655e-02
   4.6925810e-02   3.0386281e-02
   3.9036382e-02   2.8240333e-02
   4.1584070e-02   3.1345342e-02
   4.4381293e-02   2.6222770e-02
   5.2056477e-02   2.6662342e-02
   6.5242719e-02   2.9874306e-02
   6.8892814e-02   2.8708346e-02
   7.0315385e-02   3.0855314e-02
   7.0441661e-02   3.2488252e-02
   7.1617522e-02   3.0853677e-02
   7.6982083e-02   3.0383847e-02
   8.6053941e-02   2.7725356e-02
   9.3609485e-02   2.6589858e-02
   9.8892168e-02   2.8173536e-02
   1.0536931e-01   3.0770495e-02
   1.3282551e-01   3.0222372e-02
   1.3383290e-01   3.2240409e-02
   1.2912716e-01   3.3423975e-02
   1.2900793e-01   3.2869491e-02
   1.3044752e-01   3.2376348e-02
   1.2906032e-01   2.9217326e-02
   1.2905321e-01   2.9739064e-02
   1.2891888e-01   3.0231183e-02
   1.0958898e-01   3.1376819e-02
   1.0143010e-01   3.3907530e-02
   8.9920093e-02   3.2427039e-02
   8.7343856e-02   2.9292818e-02
   6.1314017e-02   3.1975299e-02
   5.8681988e-02   2.6185745e-02
   4.4333089e-02   2.7244736e-02
   4.5600909e-02   2.5123319e-02
   3.5265874e-02   2.9929821e-02
   2.9890274e-02   3.0830334e-02
   2.2137585e-02   3.0371209e-02
   3.3829740e-02   2.8766440e-02
   3.6469857e-02   2.8269814e-02
   3.5210894e-02   2.5678283e-02
   3.9007736e-02   2.5600238e-02
   3.3929927e-02   2.8851828e-02
   2.9973364e-02   3.2494065e-02
   2.6045676e-02   2.9845951e-02
   2.3441108e-02   2.9847058e-02
   2.8662074e-02   2.5655994e-02
   3.3776616e-02   2.4533824e-02
   3.7709253e-02   2.5078503e-02
   4.4427326e-02   2.5723755e-02
   4.8176271e-02   3.1401944e-02
   5.0880596e-02   3.1461702e-02
   5.3420862e-02   3.4047187e-02
   5.8704910e-02   3.1978177e-02
   6.1143691e-02   3.0312899e-02
   6.1178018e-02   2.4563901e-02
   5.9758627e-02   2.4516707e-02
   6.2403205e-02   2.7149086e-02
   6.2691358e-02   3.0431393e-02
   6.6250345e-02   3.4453491e-02
   6.9137186e-02   3.2489951e-02
   7.8055776e-02   3.0292419e-02
   7.6790769e-02   2.5593350e-02
   7.6843120e-02   2.8755520e-02
   7.8381388e-02   2.8314700e-02
   7.2991540e-02   3.0882433e-02
   6.9077272e-02   3.1410874e-02
   6.7624303e-02   3.3440669e-02
   7.5672977e-02   3.0909473e-02
   7.9596117e-02   2.9856487e-02
   8.3437454e-02   2.8775240e-02
   8.2394607e-02   2.6763255e-02
   8.2205826e-02   2.9852872e-02
   8.5930992e-02   3.1878917e-02
   9.3661609e-02   3.0791030e-02
   9.2264655e-02   3.1284351e-02
   8.9867378e-02   2.8737628e-02
   9.4978378e-02   2.9223330e-02
   9.7955246e-02   3.0381992e-02
   9.8968028e-02   3.0290198e-02
   9.6127951e-02   3.4405544e-02
   1.0295816e-01   3.1881056e-02
   1.0299858e-01   2.8222574e-02
   1.0681014e-01   2.7666244e-02
   1.1070619e-01   2.8703280e-02
   1.1468757e-01   3.1857783e-02
   1.1741676e-01   3.1360886e-02
   1.2108458e-01   3.1812592e-02
   1.1980340e-01   3.0250748e-02
   1.1859027e-01   3.2371604e-02
   1.2121106e-01   3.1321766e-02
   1.2527973e-01   2.8731890e-02
   1.2360200e-01   2.9171115e-02
   1.2223628e-01   3.3862421e-02
   1.2259786e-01   3.3962140e-02
   1.2001172e-01   3.2400514e-02
   1.2097958e-01   3.0739436e-02
   1.1742358e-01   3.0838204e-02
   1.1210683e-01   2.9773779e-02
   1.1598389e-01   3.2377260e-02
   1.0797716e-01   3.0244159e-02
   1.0805170e-01   3.2883659e-02
   1.0808350e-01   3.0273845e-02
   1.0667017e-01   3.0768067e-02
   1.0527758e-01   2.9698296e-02
   1.0036909e-01   3.0317734e-02
   9.6363606e-02   3.0294611e-02
   9.1070158e-02   2.9751363e-02
   9.5149687e-02   3.0849458e-02
   9.7783465e-02   2.8231031e-02
   8.9852552e-02   3.0305135e-02
   8.9577617e-02   3.1257906e-02
   8.9946179e-02   2.9811955e-02
   8.8616904e-02   3.2429202e-02
   8.7420331e-02   3.0368897e-02
   8.5875493e-02   2.8715031e-02
   8.7176637e-02   2.8713178e-02
   8.7081459e-02   2.9728075e-02
   8.2344383e-02   3.2535722e-02
   8.4717409e-02   3.1389198e-02
   7.9430343e-02   3.0843229e-02
   7.5693870e-02   2.8290026e-02
   7.8055776e-02   3.0292419e-02
   7.5474263e-02   2.7684176e-02
   7.3079844e-02   2.8817125e-02
   6.9164852e-02   2.8821731e-02
   6.7769930e-02   3.1936024e-02
   7.1617522e-02   3.0853677e-02
   6.6561884e-02   2.7776492e-02
   6.2454904e-02   2.8743663e-02
   5.3457751e-02   2.7761553e-02
   5.2037184e-02   3.0321879e-02
   5.5853455e-02   2.6084977e-02
   4.9438086e-02   2.9801349e-02
   5.2034227e-02   3.0844670e-02
   4.5537579e-02   2.9281639e-02
   4.4277648e-02   2.9834945e-02
   4.2982331e-02   2.8265609e-02
   4.2942253e-02   2.7714814e-02
   3.9149916e-02   2.8848663e-02
   4.0417166e-02   2.8295307e-02
   3.9109189e-02   2.9344156e-02
   3.7840777e-02   2.9898569e-02
   3.9070662e-02   2.9315185e-02
   4.6853130e-02   2.6143417e-02
   4.6892258e-02   2.7739371e-02
   4.9489505e-02   2.9307409e-02
   4.9529974e-02   3.0907948e-02
   5.5957912e-02   2.7181840e-02
   5.2185226e-02   3.1460486e-02
   5.5998202e-02   2.9824868e-02
   5.7253361e-02   2.8226101e-02
   5.8514358e-02   2.5064088e-02
   5.7413593e-02   2.9882548e-02
   6.2643203e-02   2.8304687e-02
   6.6412756e-02   3.0336995e-02
   7.3144035e-02   2.9894528e-02
   7.6817099e-02   3.1892486e-02
   7.6812504e-02   3.2415314e-02
   7.7075031e-02   2.8316350e-02
   7.8055776e-02   3.0292419e-02
   7.8222613e-02   2.8782197e-02
   8.4795981e-02   3.1943818e-02
   8.7318948e-02   3.1908248e-02
   8.4535589e-02   3.2893854e-02
   8.7248130e-02   3.0309142e-02
   8.7253013e-02   2.9786570e-02
   9.3933407e-02   3.1405451e-02
   9.3672163e-02   2.9747266e-02
   9.3774655e-02   2.8731723e-02
   9.7847299e-02   3.1398699e-02
   1.0033950e-01   3.2931332e-02
   1.0417094e-01   3.0803113e-02
   1.0579167e-01   3.0368112e-02
   1.0558899e-01   2.9785861e-02
   1.0036337e-01   3.0840454e-02
   1.0025873e-01   3.1332361e-02
   1.0167259e-01   3.0315449e-02
   1.0807109e-01   3.1317770e-02
   1.0026453e-01   3.0810155e-02
   1.0158921e-01   2.8719170e-02
   1.0148922e-01   2.8690987e-02
   9.9059948e-02   3.0842749e-02
   9.8973567e-02   2.9767954e-02
   1.0546076e-01   3.1844799e-02
   1.0406244e-01   3.1294468e-02
   9.9059948e-02   3.0842749e-02
   9.7767586e-02   2.9799421e-02
   9.9370578e-02   2.9361108e-02
   1.0025282e-01   3.1854567e-02
   9.5066716e-02   2.9774416e-02
   9.7671283e-02   2.9770136e-02
   9.1435102e-02   2.9344730e-02
   8.9665650e-02   3.1288590e-02
   8.8637641e-02   3.0336995e-02
   8.4653101e-02   2.9267755e-02
   8.5969140e-02   2.7698075e-02
   8.5529486e-02   2.9642659e-02
   8.3578822e-02   3.1453144e-02
   8.3268715e-02   2.9240812e-02
   8.3418903e-02   3.0867985e-02
   8.0812063e-02   3.0871776e-02
   7.9447972e-02   2.8752163e-02
   7.5523932e-02   3.0848587e-02
   7.9365494e-02   2.9246135e-02
   7.6830443e-02   3.0324003e-02
   7.4084226e-02   2.9745939e-02
   6.9085220e-02   3.0363845e-02
   7.0396541e-02   2.9315285e-02
   6.7863470e-02   2.8299152e-02
   6.8881493e-02   3.0274256e-02
   6.7915637e-02   3.0425430e-02
   6.7659479e-02   2.8738075e-02
   6.7792932e-02   2.8794776e-02
   6.6423714e-02   2.8767840e-02
   5.9970670e-02   2.8803040e-02
   6.2502565e-02   3.0864511e-02
   6.5181982e-02   2.9321236e-02
   6.5124744e-02   2.8246178e-02
   6.2509621e-02   2.9818257e-02
   6.9035825e-02   2.7718930e-02
   6.6423714e-02   2.8767840e-02
   6.7648339e-02   3.0305606e-02
   6.5095342e-02   3.2430797e-02
   5.4528645e-02   3.0781540e-02
   5.3357889e-02   2.6661291e-02
   5.4664615e-02   2.5614716e-02
   6.1214011e-02   2.8773334e-02
   5.9960757e-02   3.0374115e-02
   6.1267687e-02   2.9849068e-02
   6.6408975e-02   3.0860047e-02
   6.9149444e-02   3.0917857e-02
   6.7852428e-02   2.9871327e-02
   6.7743454e-02   2.6151271e-02
   7.6855130e-02   2.7187037e-02
   7.4307460e-02   2.9310525e-02
   6.3860126e-02   3.1940746e-02
   4.9521211e-02   3.2479538e-02
   3.6467921e-02   2.8793329e-02
   3.2572078e-02   2.5130673e-02
   4.6861877e-02   2.4051944e-02
   6.2538389e-02   2.5110111e-02
   7.4249871e-02   2.7190107e-02
   1.0314258e-01   3.3514874e-02
   1.2509086e-01   3.3400698e-02
   1.4330583e-01   3.4917569e-02
   1.4810765e-01   3.3242252e-02
   1.4556901e-01   2.9612809e-02
   1.3166035e-01   2.9733301e-02
   1.1491408e-01   3.1920454e-02
   1.1329869e-01   2.9742076e-02
   1.1348242e-01   3.2937436e-02
   1.2891888e-01   3.0231183e-02
   1.4471183e-01   2.8660614e-02
   1.4322675e-01   3.1238927e-02
   1.2788098e-01   3.7642491e-02
   1.0550409e-01   3.6579127e-02
   9.7739232e-02   3.2413405e-02
   9.8805075e-02   2.7103465e-02
   9.3727902e-02   2.3484684e-02
   9.1274007e-02   2.7195031e-02
   7.1683961e-02   3.1407564e-02
   6.7707192e-02   3.1381525e-02
   6.5147393e-02   3.4033577e-02
   6.2571255e-02   2.9847684e-02
   5.7306734e-02   2.8777161e-02
   5.8574698e-02   2.4566099e-02
   5.4721091e-02   2.5116719e-02
   5.3355218e-02   2.7184061e-02
   5.4639043e-02   3.0319460e-02
   7.0225238e-02   3.3437224e-02
   8.9980453e-02   3.5076656e-02
   9.2214039e-02   2.7086522e-02
   1.0951166e-01   2.8733830e-02
   9.9179788e-02   2.8780022e-02
   8.3437658e-02   3.7182851e-02
   8.1967642e-02   2.9242614e-02
   9.3672163e-02   2.9747266e-02
   1.0299311e-01   2.8745214e-02
   1.1211301e-01   2.9251432e-02
   1.0064920e-01   3.1980242e-02
   9.5348474e-02   2.9862482e-02
   8.7360729e-02   3.6128515e-02
   9.6274168e-02   2.9743056e-02
   1.0137276e-01   3.0226287e-02
   1.0061483e-01   2.5663734e-02
   1.0313592e-01   2.4588265e-02
   1.0593592e-01   2.6729316e-02
   1.1311909e-01   3.4925725e-02
   1.1836235e-01   3.9642424e-02
   1.1679017e-01   3.4848494e-02
   1.1298307e-01   2.8094031e-02
   1.0149987e-01   2.7647678e-02
   8.5888888e-02   2.7148757e-02
   8.1086756e-02   2.6764895e-02
   8.0648392e-02   3.1333273e-02
   7.1512067e-02   3.5002741e-02
   6.2414558e-02   3.4492396e-02
   5.0775725e-02   2.1958066e-02
   5.4793926e-02   2.0951266e-02
   5.7369294e-02   2.7758096e-02
   6.3840371e-02   3.4558840e-02
   7.2997697e-02   3.8248184e-02
   8.5651627e-02   3.4390426e-02
   7.7898064e-02   3.0754195e-02
   6.9042817e-02   2.6672932e-02
   6.5202209e-02   2.6179675e-02
   5.9849389e-02   2.9268950e-02
   6.8945351e-02   3.0826544e-02
   6.4895751e-02   3.3378245e-02
   5.8813813e-02   3.3092040e-02
   4.5629858e-02   2.8815576e-02
   3.6457275e-02   2.0919947e-02
   3.2544410e-02   2.3536762e-02
   2.8626680e-02   2.8246054e-02
   2.2148700e-02   3.4594516e-02
   1.6892538e-02   3.1881009e-02
   1.1744975e-02   2.8860240e-02
   9.1390412e-03   2.4138034e-02
   0.0000000e+00   2.4614625e-02
   1.3015998e-02   2.5112301e-02
   2.3356419e-02   2.6600156e-02
   3.5096339e-02   2.8737349e-02
   3.3907879e-02   3.4622194e-02
   2.7371828e-02   3.0923102e-02
   2.0861561e-02   2.7780893e-02
   2.4757046e-02   2.4086664e-02
   2.9940858e-02   2.3537863e-02
   3.2464688e-02   2.8710504e-02
   3.3757738e-02   3.0275783e-02
   3.9034315e-02   2.8763302e-02
   2.9980378e-02   3.0397674e-02
   3.2619527e-02   3.0426324e-02
   3.7650731e-02   3.0795315e-02
   4.4260398e-02   2.3530679e-02
   5.5981177e-02   2.2477291e-02
   6.5290108e-02   2.2012647e-02
   8.3541258e-02   2.6185106e-02
   1.0291964e-01   3.5016897e-02
   1.1103443e-01   3.7199326e-02
   1.1723470e-01   3.6029627e-02
   1.1462948e-01   3.6035853e-02
   1.0684172e-01   3.3963642e-02
   1.0183956e-01   2.3543757e-02
   1.0828741e-01   2.0376551e-02
   1.2388420e-01   2.6096712e-02
   1.2513891e-01   3.8135054e-02
   1.2511164e-01   3.9702248e-02
   1.2280785e-01   3.6123033e-02
   1.1484587e-01   2.8229685e-02
   1.0973969e-01   2.7743470e-02
   9.8794917e-02   2.8145906e-02
   9.8979010e-02   2.9245709e-02
   1.0937316e-01   3.1315234e-02
   1.0566249e-01   3.2430529e-02
   1.0685505e-01   3.2918607e-02
   1.0827144e-01   3.2425349e-02
   1.0600708e-01   2.9903417e-02
   1.1334548e-01   2.5567749e-02
   1.1198376e-01   3.0788239e-02
   1.2474489e-01   3.1741692e-02
   1.4318322e-01   3.3842171e-02
   1.4467966e-01   3.0745022e-02
   1.4838043e-01   3.4347973e-02
   1.4089178e-01   3.1828452e-02
   1.3553986e-01   3.1810375e-02
   1.3279450e-01   3.2306673e-02
   1.2632847e-01   2.9194263e-02
   1.2370299e-01   3.0763957e-02
   1.1732757e-01   2.9241436e-02
   1.2119665e-01   3.2365824e-02
   1.2275640e-01   3.1380470e-02
   1.1585551e-01   3.3388916e-02
   1.1453928e-01   3.4435273e-02
   1.0960777e-01   2.9807978e-02
   1.0056739e-01   3.0377481e-02
   9.1440072e-02   2.8820717e-02
   9.9076613e-02   2.9274474e-02
   9.7823604e-02   3.3491945e-02
   9.1065072e-02   3.0273316e-02
   8.9847437e-02   3.0827637e-02
   8.3785366e-02   2.6788058e-02
   8.7525883e-02   2.8302390e-02
   9.0980629e-02   2.9722161e-02
   9.1144296e-02   3.1348022e-02
   9.2264655e-02   3.1284351e-02
   9.1254775e-02   2.9286956e-02
   9.5254369e-02   2.9833069e-02
   9.2275208e-02   3.0241539e-02
   8.4722324e-02   3.0866045e-02
   8.8647496e-02   2.9290892e-02
   8.6020754e-02   3.1387195e-02
   8.2115483e-02   3.0869895e-02
   7.8291263e-02   2.9858252e-02
   7.9468283e-02   2.6138330e-02
   8.2227724e-02   2.7234199e-02
   8.0723054e-02   3.1886855e-02
   8.7056353e-02   3.2335801e-02
   8.3341497e-02   3.0314933e-02
   9.1344850e-02   2.9315814e-02
   8.9951136e-02   2.9288938e-02
   8.9946179e-02   2.9811955e-02
   8.5751811e-02   3.2859462e-02
   8.0802609e-02   3.1918276e-02
   7.5528232e-02   3.0325730e-02
   7.5602694e-02   3.0355627e-02
   7.4466221e-02   2.7795129e-02
   7.1711617e-02   2.7743349e-02
   7.3091311e-02   2.7245282e-02
   8.7171936e-02   2.9235236e-02
   8.8437232e-02   3.2887487e-02
   8.0862420e-02   3.4044826e-02
   8.3195720e-02   2.8168800e-02
   8.9833975e-02   2.1923534e-02
   9.5195225e-02   2.6143608e-02
   9.8750490e-02   3.2315670e-02
   1.0956923e-01   3.2945660e-02
   1.1725023e-01   3.4985290e-02
   1.2391758e-01   3.2914128e-02
   1.2903113e-01   3.1304277e-02
   1.2659147e-01   2.8206848e-02
   1.2816939e-01   2.6689635e-02
   1.3543751e-01   2.9695384e-02
   1.4317410e-01   3.4362819e-02
   1.3557674e-01   3.7583457e-02
   1.3560471e-01   3.6017480e-02
   1.2119665e-01   3.2365824e-02
   1.0821935e-01   2.7691211e-02
   1.0674567e-01   2.3467170e-02
   9.5431905e-02   3.0940793e-02
   8.6361238e-02   3.1511339e-02
   8.4722324e-02   3.0866045e-02
   8.3428340e-02   2.9821613e-02
   8.7248130e-02   3.0309142e-02
   8.4477303e-02   3.0253488e-02
   7.9670267e-02   3.0410285e-02
   7.8119084e-02   3.1890640e-02
   6.9005191e-02   3.1902919e-02
   7.4315434e-02   2.8263720e-02
   8.3350746e-02   2.9269591e-02
   8.8583237e-02   2.6649393e-02
   9.3661609e-02   3.0791030e-02
   9.3737292e-02   3.2388487e-02
   9.2520837e-02   3.2945564e-02
   8.9737779e-02   3.2885302e-02
   8.8647496e-02   2.9290892e-02
   9.5190534e-02   2.6666480e-02
   9.4047533e-02   2.9340657e-02
   9.5071944e-02   2.9252057e-02
   9.5138556e-02   3.1895202e-02
   9.2532020e-02   3.1899673e-02
   8.9831572e-02   3.2395144e-02
   8.8744538e-02   2.8272628e-02
   8.8739810e-02   2.8796195e-02
   9.4031651e-02   3.0912478e-02
   9.2542846e-02   3.0853782e-02
   9.1408924e-02   3.1964795e-02
   9.2628777e-02   3.1407641e-02
   1.0166679e-01   3.0838129e-02
   1.0820209e-01   2.9258638e-02
   1.0286880e-01   3.0805490e-02
   1.0025873e-01   3.1332361e-02
   1.0827144e-01   3.2425349e-02
   1.1339099e-01   3.1338187e-02
   1.0958898e-01   3.1376819e-02
   1.1122931e-01   3.0942596e-02
   1.0784593e-01   3.2298292e-02
   1.0418270e-01   2.9758940e-02
   1.0285064e-01   3.2371871e-02
   1.0418843e-01   2.9236853e-02
   1.0197419e-01   3.0405137e-02
   1.0035163e-01   3.1885893e-02
   9.6274168e-02   2.9743056e-02
   9.4879799e-02   2.9715992e-02
   9.1065072e-02   3.0273316e-02
   9.5249018e-02   3.0356456e-02
   9.8994767e-02   2.7678974e-02
   9.9272396e-02   2.9332173e-02
   1.0559481e-01   2.9263302e-02
   1.0935353e-01   3.2880996e-02
   1.0555837e-01   3.2398656e-02
   1.0057305e-01   2.9853732e-02
   9.3677305e-02   2.9225384e-02
   9.2568347e-02   2.8239055e-02
   9.3886554e-02   2.6668362e-02
   9.8956665e-02   3.1334688e-02
   9.8979010e-02   2.9245709e-02
   1.0446734e-01   3.1941386e-02
   1.0675636e-01   3.2364286e-02
   1.1861802e-01   3.0283113e-02
   1.2894015e-01   2.8667501e-02
   1.3529668e-01   3.0186838e-02
   1.3159773e-01   3.3906396e-02
   1.2795697e-01   3.2937180e-02
   1.2626949e-01   3.3364872e-02
   1.2002602e-01   3.1355336e-02
   1.1327934e-01   3.1307448e-02
   1.1589677e-01   3.0258705e-02
   1.1344055e-01   2.7159762e-02
   1.1734016e-01   2.8197099e-02
   1.0948096e-01   3.1345997e-02
   1.0313607e-01   3.4038544e-02
   9.7739232e-02   3.2413405e-02
   9.7778267e-02   2.8753827e-02
   9.0138596e-02   2.8298626e-02
   7.9517636e-02   2.9827063e-02
   7.0384700e-02   3.0885747e-02
   7.0327192e-02   2.9286400e-02
   6.6368686e-02   2.7171904e-02
   6.7796536e-02   2.8271235e-02
   6.9161100e-02   2.9345762e-02
   6.6485622e-02   2.9319791e-02
   7.1562911e-02   2.8733593e-02
   7.1741757e-02   3.3010498e-02
   7.1671071e-02   3.2977943e-02
   6.7895533e-02   3.3048312e-02
   6.9229434e-02   2.9374766e-02
   6.5195719e-02   2.7226862e-02
   6.7867019e-02   2.7775094e-02
   6.6536163e-02   3.1445085e-02
   7.0396541e-02   2.9315285e-02
   7.4372521e-02   3.0387291e-02
   7.9434865e-02   3.0320463e-02
   8.0838551e-02   2.7732273e-02
   9.0138596e-02   2.8298626e-02
   9.3969719e-02   2.7741481e-02
   9.2558415e-02   2.9284946e-02
   9.1122311e-02   3.3437890e-02
   9.6513211e-02   3.4017728e-02
   9.9249851e-02   3.1427329e-02
   9.2644661e-02   2.9837259e-02
   1.0574695e-01   2.4584433e-02
   1.0551827e-01   2.6624340e-02
   9.9042422e-02   3.2411025e-02
   1.0046814e-01   3.0347579e-02
   1.0289164e-01   2.8716982e-02
   9.6436042e-02   3.2415755e-02
   8.4874607e-02   3.2499532e-02
   7.2974181e-02   3.2976157e-02
   6.9085220e-02   3.0363845e-02
   6.5198996e-02   2.6703268e-02
   6.1160179e-02   2.7699718e-02
   6.3891805e-02   2.7228177e-02
   6.8967861e-02   2.7691641e-02
   7.2871702e-02   2.7687242e-02
   7.4350549e-02   3.3006885e-02
   7.9489733e-02   3.2966754e-02
   8.4486640e-02   2.9210264e-02
   8.9979048e-02   2.6150838e-02
   9.4160505e-02   2.7271787e-02
   9.7762104e-02   3.0322218e-02
   1.0014824e-01   3.2344995e-02
   9.9231933e-02   3.2998695e-02
   1.0424238e-01   3.3446391e-02
   1.0431315e-01   2.7175193e-02
   1.1072349e-01   2.7137646e-02
   1.1222976e-01   2.8757325e-02
   1.0829683e-01   3.0333391e-02
   1.0966367e-01   3.4025011e-02
   1.0944762e-01   3.3958163e-02
   1.0825812e-01   3.3471328e-02
   1.1077777e-01   3.1865814e-02
   1.1200862e-01   2.8700900e-02
   1.0831477e-01   2.8764423e-02
   1.0428542e-01   2.9788192e-02
   1.0710377e-01   2.9842150e-02
   1.0304725e-01   3.2958738e-02
   1.0548499e-01   2.9756616e-02
   1.0186762e-01   3.0898893e-02
