  -6.6782395e-02   2.4179536e-02
  -1.8934900e-01   2.1296503e-02
  -2.0259114e-01   2.2324841e-02
  -2.1005939e-01   1.9672979e-02
  -2.1963434e-01   1.9171162e-02
  -2.2502382e-01   2.2805300e-02
  -2.2696616e-01   2.2732057e-02
  -2.2719046e-01   2.2753916e-02
  -2.3311428e-01   2.2286092e-02
  -2.2881720e-01   1.7079019e-02
  -2.3508983e-01   1.9114658e-02
  -2.2876872e-01   2.0184296e-02
  -2.3188375e-01   1.7624553e-02
  -2.3242312e-01   2.2221893e-02
  -2.2812988e-01   2.0765242e-02
  -2.1810311e-01   1.9673476e-02
  -2.1415155e-01   2.1754677e-02
  -2.1669563e-01   2.5372461e-02
  -2.1978110e-01   2.3338785e-02
  -2.2053537e-01   1.7062952e-02
  -2.0619389e-01   1.6056341e-02
  -1.9092215e-01   1.5075896e-02
  -1.7871083e-01   2.2337878e-02
  -1.7674354e-01   2.6082450e-02
  -1.7601024e-01   2.8059552e-02
  -1.6610530e-01   2.6083473e-02
  -1.5045840e-01   2.2463409e-02
  -1.4235995e-01   1.9303753e-02
  -1.3858860e-01   1.8283921e-02
  -1.3997963e-01   2.3528526e-02
  -1.4774836e-01   2.9261154e-02
  -1.4122606e-01   2.8231278e-02
  -1.3680906e-01   2.4483195e-02
  -1.3436482e-01   2.1904420e-02
  -1.3567483e-01   2.1380744e-02
  -1.4482355e-01   1.9801879e-02
  -1.4886749e-01   2.1379098e-02
  -1.5127643e-01   2.5520005e-02
  -1.4599141e-01   3.0220663e-02
  -1.3601649e-01   2.6673880e-02
  -1.4000885e-01   2.0914245e-02
  -1.3035233e-01   1.8762377e-02
  -1.1990637e-01   2.0862585e-02
  -1.1392291e-01   2.4120674e-02
  -1.0722146e-01   2.8823436e-02
  -1.1448180e-01   3.0231651e-02
  -1.0955019e-01   2.5076797e-02
  -1.1740128e-01   2.2453246e-02
  -1.2157423e-01   2.0399163e-02
  -1.1903179e-01   2.5135873e-02
   6.5150122e-03   2.4090615e-02
   1.6983524e-02   2.7837135e-02
   2.2128316e-02   3.4036700e-02
   2.2221253e-02   3.2068852e-02
   2.6079598e-02   2.6730675e-02
   2.3526713e-02   2.2583126e-02
   2.4855085e-02   2.4182212e-02
   2.7386251e-02   2.5681898e-02
   3.0039609e-02   3.0457896e-02
   2.9997349e-02   3.4100070e-02
   3.1220536e-02   3.0860047e-02
   3.1345679e-02   3.0457193e-02
   3.7858261e-02   2.5177742e-02
   3.9209516e-02   2.3101783e-02
   3.9126882e-02   2.4628131e-02
   3.5084502e-02   3.1872332e-02
   3.6439570e-02   3.5599025e-02
   4.0401304e-02   3.1963217e-02
   4.3067202e-02   2.8321520e-02
   4.5598754e-02   2.5646722e-02
   4.5637003e-02   2.7243818e-02
   4.1675373e-02   2.9313412e-02
   3.7840777e-02   2.9898569e-02
   4.6879592e-02   3.0356293e-02
   4.9570058e-02   3.2511651e-02
   6.7950904e-02   2.5179666e-02
   7.3315837e-02   2.6275192e-02
   6.9052805e-02   2.5103936e-02
   7.0515456e-02   3.1995837e-02
   6.9238011e-02   3.6754785e-02
   6.6581512e-02   3.4099185e-02
   8.0825658e-02   2.9302024e-02
   8.3388378e-02   2.4565549e-02
   8.3868439e-02   2.6814579e-02
   8.0914137e-02   2.8283394e-02
   8.7669742e-02   3.1509282e-02
   8.8676389e-02   3.5079001e-02
   9.1408924e-02   3.1964795e-02
   1.0298753e-01   2.9267854e-02
   1.0854614e-01   2.7249050e-02
   1.0348620e-01   3.0462876e-02
   1.1744338e-01   2.9270160e-02
   1.1632778e-01   3.2472877e-02
   1.2035301e-01   3.3544508e-02
   1.3844341e-01   3.0299069e-02
   1.4145837e-01   3.1429739e-02
   1.4929923e-01   3.2456288e-02
   1.6074775e-01   3.3403030e-02
   1.6449550e-01   3.3879578e-02
   2.7989754e-01   3.4492883e-02
   2.8530299e-01   2.9320798e-02
   2.8550204e-01   3.1923080e-02
   2.7765498e-01   3.9216571e-02
   2.6427670e-01   3.9772730e-02
   2.4997689e-01   3.7266673e-02
   2.3285690e-01   3.3169997e-02
   2.3186149e-01   3.0094403e-02
   2.2663451e-01   2.9595396e-02
   2.1520758e-01   3.2300991e-02
   2.0700645e-01   3.6988469e-02
   2.0393867e-01   3.8488270e-02
   2.0943396e-01   3.6420960e-02
   2.1958502e-01   3.2155659e-02
   2.2080831e-01   2.6420861e-02
   2.1392113e-01   3.1263963e-02
   1.9500815e-01   3.7523067e-02
   1.8126199e-01   4.0347682e-02
   1.8473360e-01   3.7079633e-02
   1.8569587e-01   2.7594598e-02
   1.8717893e-01   2.8138750e-02
   1.8736446e-01   2.8166167e-02
   1.8188200e-01   3.1282337e-02
   1.7565521e-01   3.2932437e-02
   1.7345731e-01   3.7233198e-02
   1.5980619e-01   3.8740475e-02
   1.5057094e-01   3.4546383e-02
   1.4274364e-01   2.3023412e-02
   1.2571367e-01   2.3577314e-02
   1.1659881e-01   2.9388199e-02
   1.1403766e-01   3.3625486e-02
   1.1678227e-01   3.3127070e-02
   1.0594253e-01   3.5149630e-02
   1.0485555e-01   3.4170518e-02
   9.8073656e-02   2.8314590e-02
   9.4267810e-02   2.5723805e-02
   8.2480317e-02   2.6264440e-02
   7.0777494e-02   3.4229232e-02
   5.8817417e-02   3.2566770e-02
   4.5712448e-02   3.0447495e-02
   3.5311975e-02   2.6805862e-02
   2.2276423e-02   2.7391715e-02
   2.4876228e-02   2.5784884e-02
   2.3591451e-02   2.5284223e-02
   2.8766734e-02   2.8911766e-02
   3.4054792e-02   3.1599786e-02
   1.6987435e-02   3.4699495e-02
   2.6174587e-03   2.9999941e-02
  -5.2176129e-03   2.3066090e-02
  -1.4480679e-01   2.1365185e-02
  -1.4750253e-01   2.6074936e-02
  -1.3569054e-01   1.9816299e-02
  -1.4349641e-01   2.1888625e-02
  -1.5109728e-01   2.7576348e-02
  -1.4254120e-01   2.7705552e-02
  -1.3708562e-01   2.4009220e-02
  -1.2953047e-01   2.1977589e-02
  -1.2629842e-01   2.0832647e-02
  -1.2878052e-01   2.0288149e-02
  -1.4606692e-01   2.5010204e-02
  -1.6182827e-01   2.8125458e-02
  -1.6920798e-01   2.4909246e-02
  -1.6958666e-01   2.1838007e-02
  -1.6993589e-01   2.0838654e-02
  -1.7989245e-01   1.8161956e-02
  -1.9308336e-01   2.0748199e-02
  -2.0088663e-01   2.2284984e-02
  -2.0237349e-01   2.3340606e-02
  -1.9806515e-01   2.3305778e-02
  -2.0092637e-01   1.9693707e-02
  -2.1370188e-01   2.3263699e-02
  -2.2068056e-01   2.1737400e-02
  -2.2415487e-01   2.1685074e-02
  -2.1485382e-01   1.9622939e-02
  -2.0851615e-01   2.1726184e-02
  -2.1109576e-01   2.3270918e-02
  -2.0854868e-01   1.9657024e-02
  -2.0726738e-01   1.8107905e-02
  -2.0914356e-01   2.1270409e-02
  -1.9326657e-01   2.1287518e-02
  -1.8165473e-01   2.3936473e-02
  -1.6806398e-01   2.5456075e-02
  -1.6954982e-01   2.4437770e-02
  -1.6420647e-01   2.1827516e-02
  -1.6305040e-01   2.2891962e-02
  -1.5302614e-01   2.6114357e-02
  -1.4476946e-01   2.4491797e-02
  -1.4320766e-01   2.2366055e-02
  -1.4260840e-01   2.2478089e-02
  -1.4389786e-01   2.4043767e-02
  -1.3491375e-01   2.0419778e-02
  -1.2912457e-01   2.3999946e-02
  -1.2140753e-01   2.5082013e-02
  -1.0965841e-01   2.5101455e-02
  -1.0454472e-01   2.4610576e-02
  -1.0453985e-01   2.5134205e-02
  -1.0324262e-01   2.4088816e-02
  -1.0043022e-01   2.4045100e-02
   9.0227763e-02   2.8326569e-02
   1.0459481e-01   2.9876293e-02
   1.1590963e-01   2.9215301e-02
   1.2821798e-01   3.2478142e-02
   1.2840532e-01   3.6741156e-02
   1.3720620e-01   3.4515627e-02
   1.4230166e-01   3.3945220e-02
   1.4004182e-01   2.9308695e-02
   1.5106492e-01   2.9657582e-02
   1.6359117e-01   2.9771509e-02
   1.6557160e-01   3.6966331e-02
   1.6686368e-01   3.7482372e-02
   1.6365335e-01   3.5028838e-02
   1.7041209e-01   3.0613785e-02
   1.7357387e-01   2.8094098e-02
   1.7368724e-01   3.1246074e-02
   1.7362301e-01   3.4370681e-02
   1.7703763e-01   3.3219160e-02
   1.8410135e-01   3.2773716e-02
   1.7880935e-01   3.5914266e-02
   1.8353486e-01   3.3715824e-02
   1.9613682e-01   2.8603681e-02
   1.9794713e-01   2.9520653e-02
   2.0404518e-01   2.9958609e-02
   2.0057425e-01   3.6796136e-02
   2.0562329e-01   3.5186388e-02
   2.1290139e-01   2.9557338e-02
   2.1636778e-01   3.0521090e-02
   2.1530981e-01   3.7323868e-02
   2.1450092e-01   3.4804611e-02
   2.0844485e-01   3.4691881e-02
   2.0914120e-01   3.1676842e-02
   2.0779587e-01   3.3239809e-02
   2.1244519e-01   3.1053000e-02
   2.0911578e-01   3.2715427e-02
   2.0179556e-01   3.2096073e-02
   1.8908936e-01   3.4801602e-02
   1.7991245e-01   3.6914446e-02
   1.8129975e-01   3.3270559e-02
   1.8136457e-01   3.0151444e-02
   1.7958586e-01   2.6957326e-02
   1.6552478e-01   3.1208734e-02
   1.6399943e-01   3.4300382e-02
   1.5760487e-01   3.6436309e-02
   1.6028258e-01   3.2784963e-02
   1.6029234e-01   3.2264567e-02
   1.5281018e-01   3.0263030e-02
   1.4627983e-01   3.0279837e-02
   1.3595778e-01   3.0858018e-02
   5.6284574e-02   2.8395177e-02
   5.9914764e-02   2.8251462e-02
   6.0039291e-02   2.7258872e-02
   4.9486783e-02   2.9830756e-02
   3.7822745e-02   3.4094859e-02
   3.9138920e-02   3.1471269e-02
   4.0266444e-02   2.6096206e-02
   2.8717307e-02   2.6231402e-02
   3.5184152e-02   2.3035281e-02
   2.7411975e-02   2.6231954e-02
   2.0801068e-02   2.7176104e-02
   1.6890508e-02   3.2926288e-02
   1.5642814e-02   2.9879201e-02
   7.8226772e-03   2.8308107e-02
   2.6053893e-03   2.6709434e-02
   1.3028831e-03   2.5138328e-02
  -3.9188602e-03   2.8889862e-02
  -1.3034947e-02   3.0404052e-02
  -9.1354671e-03   2.8335953e-02
  -1.5631552e-02   2.7231287e-02
  -2.0906977e-02   2.5735119e-02
  -1.5665487e-02   2.5186341e-02
  -3.3926214e-02   2.9900985e-02
  -2.8726453e-02   2.2559005e-02
  -2.6076952e-02   2.7778937e-02
  -2.8678492e-02   2.9874233e-02
  -3.0011651e-02   2.9903139e-02
  -3.1355811e-02   2.7306449e-02
  -4.8251966e-02   2.5670253e-02
  -4.9658742e-02   2.4670320e-02
  -5.2227691e-02   2.3071023e-02
  -4.7084967e-02   2.6272932e-02
  -4.0503299e-02   2.6776265e-02
  -4.5637003e-02   2.7243818e-02
  -4.0423377e-02   2.6723345e-02
  -4.1809857e-02   2.6775438e-02
  -4.9558419e-02   2.5145449e-02
  -4.4466931e-02   2.6800235e-02
  -5.2259684e-02   2.7292734e-02
  -5.6013061e-02   2.7208651e-02
  -6.5382437e-02   2.8357992e-02
  -8.3781122e-02   2.7313314e-02
  -9.0080737e-02   2.4606013e-02
  -9.7725183e-02   2.4025022e-02
  -1.0588313e-01   2.0943525e-02
  -1.1871066e-01   2.1929151e-02
  -1.1774502e-01   2.3043253e-02
  -1.1512343e-01   2.3571061e-02
  -1.2103725e-01   2.6050369e-02
  -2.4580697e-01   1.7557108e-02
  -2.4711445e-01   1.7553967e-02
  -2.3203518e-01   1.8052915e-02
  -2.3006706e-01   2.0698378e-02
  -2.1303837e-01   2.2816191e-02
  -2.0740011e-01   2.2786197e-02
  -2.0032866e-01   2.4976515e-02
  -1.9062277e-01   2.3370944e-02
  -1.9265438e-01   2.3814306e-02
  -2.0088663e-01   2.2284984e-02
  -2.0018345e-01   2.1833258e-02
  -1.9031440e-01   1.8660559e-02
  -1.9013674e-01   1.8772209e-02
  -1.7465952e-01   1.9728986e-02
  -1.7263632e-01   2.6588469e-02
  -1.6351283e-01   2.4524453e-02
  -1.5594288e-01   2.6682755e-02
  -1.4009912e-01   2.5121739e-02
  -1.2508257e-01   2.4504616e-02
  -1.1763356e-01   2.2497401e-02
  -1.2529939e-01   2.7164696e-02
  -1.2164208e-01   2.5654930e-02
  -1.1914404e-01   2.5684812e-02
  -1.1796819e-01   2.4138188e-02
  -1.0980037e-01   2.1461930e-02
  -1.0708437e-01   2.0921261e-02
  -9.8125044e-02   2.2546803e-02
  -9.4253763e-02   2.7298732e-02
  -7.9241491e-02   2.5018898e-02
  -6.5167238e-02   3.1415610e-02
  -6.2822497e-02   2.9440258e-02
  -4.9605023e-02   2.5694692e-02
  -4.4427326e-02   2.5723755e-02
  -4.9609681e-02   2.4645929e-02
  -4.3037574e-02   2.5149811e-02
  -4.3147751e-02   2.9428678e-02
  -3.5261869e-02   3.0979991e-02
  -3.6688681e-02   2.7911656e-02
  -2.4783661e-02   2.3062199e-02
  -1.4377436e-02   2.2585377e-02
  -1.9657644e-02   2.6339021e-02
  -1.0482480e-02   2.7921582e-02
  -9.1234133e-03   3.1453252e-02
   0.0000000e+00   2.8947368e-02
   3.9223054e-03   2.9970105e-02
  -1.3065580e-03   2.6788887e-02
   5.2378349e-03   2.4210335e-02
   1.1736965e-02   2.5686420e-02
   9.1419661e-03   3.0990335e-02
   2.0851036e-02   3.2498403e-02
   1.4639001e-01   3.2399821e-02
   1.6057894e-01   3.3891823e-02
   1.6902333e-01   3.6615024e-02
   1.7157354e-01   3.1868120e-02
   1.6619923e-01   3.0286405e-02
   1.6789481e-01   2.7203137e-02
   1.6110536e-01   3.1376682e-02
   1.7437608e-01   3.1368300e-02
   1.7805485e-01   3.4980010e-02
   1.8609438e-01   3.4985833e-02
   1.9231517e-01   3.2810152e-02
   1.8596922e-01   3.2343397e-02
   2.0129841e-01   3.1705527e-02
   2.0068201e-01   3.6008591e-02
   2.0126141e-01   3.3264815e-02
   2.0296940e-01   3.3324465e-02
   2.0978805e-01   3.0727457e-02
   2.1406741e-01   3.3902193e-02
   2.1290896e-01   3.6029154e-02
   2.0965570e-01   3.5935500e-02
   2.1887182e-01   3.4335164e-02
   2.3287143e-01   3.2651716e-02
   2.3024053e-01   3.3181232e-02
   2.3137618e-01   3.1072220e-02
   2.3770675e-01   3.3800998e-02
   2.3935164e-01   3.4694911e-02
   2.4100148e-01   3.8905557e-02
   2.4639462e-01   3.4212515e-02
   2.5324694e-01   3.2659025e-02
   2.6089300e-01   3.1556470e-02
   2.6470819e-01   3.5157563e-02
   2.6258974e-01   3.5756685e-02
   2.6915016e-01   3.5029937e-02
   2.7274613e-01   3.7734581e-02
   2.7833259e-01   3.3952637e-02
   2.7777478e-01   3.6120526e-02
   2.8022872e-01   3.2979760e-02
   2.7548289e-01   3.4619346e-02
   2.6699102e-01   3.7175752e-02
   2.6540087e-01   3.7663390e-02
   2.7160014e-01   3.3088904e-02
   2.6585741e-01   3.2018638e-02
   2.5569395e-01   3.0027063e-02
   2.4453403e-01   3.6222835e-02
   2.4924643e-01   3.4751719e-02
   2.4690536e-01   3.6175157e-02
   2.4501832e-01   3.6292511e-02
   2.3779286e-01   3.5185046e-02
   2.2704513e-01   3.1213319e-02
   1.0062434e-01   3.4077307e-02
   1.0323796e-01   3.4072106e-02
   9.4217769e-02   3.0973561e-02
   9.1644797e-02   2.6252439e-02
   8.4992623e-02   2.8858713e-02
   7.7049227e-02   3.1462611e-02
   6.7761740e-02   3.2983107e-02
   6.4262049e-02   2.8970562e-02
   5.9976989e-02   2.7755657e-02
   5.1043279e-02   2.9451605e-02
   4.4504082e-02   2.8404867e-02
   4.5669903e-02   2.9892948e-02
   3.7836488e-02   3.0947642e-02
   3.3963455e-02   2.8880403e-02
   2.8772720e-02   2.6809092e-02
   1.9603903e-02   2.3634653e-02
   1.4386360e-02   2.6813880e-02
   1.6986095e-02   2.6261448e-02
   9.1054636e-03   3.1391156e-02
   9.1244630e-03   3.0404810e-02
   9.1621141e-03   2.8946669e-02
   7.8408540e-03   2.4687373e-02
   3.9169063e-03   2.3613757e-02
   0.0000000e+00   2.5763889e-02
  -1.3000006e-03   2.7702156e-02
   1.3009296e-03   3.0345494e-02
   0.0000000e+00   2.9940535e-02
   0.0000000e+00   3.1021825e-02
  -3.9003952e-03   2.6656688e-02
  -2.2211487e-02   2.6785098e-02
  -2.2217756e-02   2.3633910e-02
  -2.4804841e-02   2.4659003e-02
  -2.4731539e-02   2.4586002e-02
  -2.7403455e-02   2.9379789e-02
  -3.6497852e-02   3.0393885e-02
  -4.1774633e-02   2.5175486e-02
  -5.2254259e-02   2.8342455e-02
  -4.5569798e-02   2.1438343e-02
  -5.4769856e-02   2.6189082e-02
  -6.7890020e-02   2.4106685e-02
  -7.0348972e-02   2.6148571e-02
  -7.4551198e-02   2.6247751e-02
  -7.5712930e-02   2.5670579e-02
  -7.7159303e-02   2.7294555e-02
  -8.0938351e-02   2.5140795e-02
  -8.3228013e-02   2.3995645e-02
  -9.1287503e-02   2.5626086e-02
  -9.6294749e-02   2.7655824e-02
  -8.8924784e-02   2.7803869e-02
  -8.7646878e-02   2.4133256e-02
  -1.8546638e-01   1.8707105e-02
  -1.7983011e-01   2.2832173e-02
  -1.7349300e-01   2.2349475e-02
  -1.7329933e-01   2.3885517e-02
  -1.6828215e-01   2.1840729e-02
  -1.7364951e-01   2.3411749e-02
  -1.7086181e-01   2.3914814e-02
  -1.7478244e-01   2.3385983e-02
  -1.7742093e-01   2.1301700e-02
  -1.7630426e-01   2.0284944e-02
  -1.7711645e-01   1.7630566e-02
  -1.7871825e-01   2.1818392e-02
  -1.7702575e-01   2.4371665e-02
  -1.7512039e-01   2.3952236e-02
  -1.6811615e-01   2.1819493e-02
  -1.6032766e-01   1.9235912e-02
  -1.6435481e-01   2.2889194e-02
  -1.5520330e-01   2.4470044e-02
  -1.5275935e-01   2.3456998e-02
  -1.4900252e-01   2.2443923e-02
  -1.3578004e-01   2.4011653e-02
  -1.2887586e-01   2.3432293e-02
  -1.2759543e-01   2.1351453e-02
  -1.2783695e-01   2.2436874e-02
  -1.2637966e-01   2.5023654e-02
  -1.2365770e-01   2.4482900e-02
  -1.1864394e-01   2.8194622e-02
  -1.0823033e-01   2.6646259e-02
  -1.0061483e-01   2.5663734e-02
  -1.0845494e-01   2.5651713e-02
  -1.0565666e-01   2.2992594e-02
  -1.0987550e-01   2.5150917e-02
  -1.0705247e-01   2.4582482e-02
  -1.0399465e-01   2.8137417e-02
  -1.0302447e-01   2.5609373e-02
  -1.0412799e-01   2.5035575e-02
  -1.0173451e-01   2.4043287e-02
  -1.0314969e-01   2.3018801e-02
  -9.0250573e-02   2.5703739e-02
  -8.9974614e-02   2.6673854e-02
  -8.4770980e-02   2.5111359e-02
  -8.8850342e-02   2.6204187e-02
  -8.2268877e-02   2.1473118e-02
  -8.8504615e-02   2.5579157e-02
  -7.9865783e-02   2.5742287e-02
  -7.3253747e-02   2.4674253e-02
  -6.6568653e-02   2.6728323e-02
  -5.9994552e-02   2.4613507e-02
  -5.6281558e-02   2.8921013e-02
  -4.4488795e-02   2.1019792e-02
