  -2.9455650e-02   3.2847482e-02
  -6.2434527e-02   1.7788459e-01
  -6.4862234e-02   1.8110013e-01
  -6.8651249e-02   1.8521903e-01
  -7.1064670e-02   1.8482192e-01
  -6.4958154e-02   1.8381612e-01
  -5.5808758e-02   1.9091045e-01
  -5.8523296e-02   1.9093559e-01
  -5.8427171e-02   1.9364774e-01
  -5.2877731e-02   1.9971511e-01
  -5.5094223e-02   2.0029762e-01
  -6.1580761e-02   1.9924397e-01
  -5.1314048e-02   2.0267729e-01
  -4.9896100e-02   2.0314330e-01
  -4.9864782e-02   2.0731426e-01
  -5.6000941e-02   2.0995387e-01
  -4.9786668e-02   2.0817764e-01
  -4.6319752e-02   2.0710355e-01
  -4.1242437e-02   2.0179200e-01
  -5.0236231e-02   2.0040384e-01
  -4.0215077e-02   1.9448178e-01
  -4.6570818e-02   1.9356907e-01
  -4.5397257e-02   1.9215803e-01
  -5.0571906e-02   1.8782252e-01
  -4.8036018e-02   1.8118183e-01
  -4.1765159e-02   1.8265635e-01
  -4.3058527e-02   1.7978191e-01
  -4.0612512e-02   1.7603719e-01
  -4.5730799e-02   1.7619092e-01
  -4.4715892e-02   1.6955741e-01
  -5.2470517e-02   1.6450730e-01
  -5.1401865e-02   1.5468007e-01
  -4.5285022e-02   1.4709906e-01
  -4.7044409e-02   1.4340997e-01
  -4.6055429e-02   1.3513876e-01
  -4.3547961e-02   1.2629943e-01
  -4.2228325e-02   1.2630376e-01
  -4.2297543e-02   1.1735220e-01
  -5.5699580e-02   1.1144674e-01
  -5.5680137e-02   1.0405947e-01
  -5.5755437e-02   9.4111596e-02
  -6.2736573e-02   9.2941137e-02
  -6.6740318e-02   8.2890498e-02
  -8.1371616e-02   8.5003363e-02
  -8.5142950e-02   7.6477263e-02
  -7.7082814e-02   7.2587429e-02
  -6.7255298e-02   6.7162233e-02
  -6.4703492e-02   6.1305065e-02
  -6.4846056e-02   5.0110227e-02
  -6.3609713e-02   4.8028485e-02
  -5.1969334e-02   2.9986805e-02
  -6.7995566e-02  -1.3759440e-01
  -7.3396025e-02  -1.4138986e-01
  -6.0723978e-02  -1.4373317e-01
  -4.0665880e-02  -1.4402549e-01
  -5.1977921e-02  -1.4658862e-01
  -5.4102947e-02  -1.4983370e-01
  -5.1415877e-02  -1.5414299e-01
  -5.2737217e-02  -1.6069503e-01
  -5.1353680e-02  -1.6805395e-01
  -4.7404475e-02  -1.7365539e-01
  -3.6906094e-02  -1.7658999e-01
  -3.7888839e-02  -1.8104918e-01
  -3.6503028e-02  -1.8336247e-01
  -3.6394377e-02  -1.8156109e-01
  -3.3892708e-02  -1.8460448e-01
  -2.9953272e-02  -1.8759861e-01
  -3.6343920e-02  -1.8905230e-01
  -2.8763932e-02  -1.9588654e-01
  -2.2543364e-02  -2.0174297e-01
  -2.8850441e-02  -2.0084961e-01
  -3.5098576e-02  -2.0189998e-01
  -2.7592585e-02  -2.0267560e-01
  -2.1462828e-02  -1.9865238e-01
  -2.5336453e-02  -1.9140912e-01
  -2.6772364e-02  -1.9278142e-01
  -1.7868213e-02  -1.8751913e-01
  -1.6582133e-02  -1.8678671e-01
  -1.2705089e-02  -1.8657192e-01
  -1.2722261e-02  -1.7899379e-01
  -1.9159225e-02  -1.7376792e-01
  -2.4246057e-02  -1.7357897e-01
  -2.6740567e-02  -1.7196911e-01
  -2.1735942e-02  -1.6445832e-01
  -1.9052947e-02  -1.6915230e-01
  -2.6799025e-02  -1.5650727e-01
  -2.1738288e-02  -1.5453831e-01
  -1.9232213e-02  -1.5324830e-01
  -2.3134019e-02  -1.4841829e-01
  -2.4458657e-02  -1.4925300e-01
  -2.0664640e-02  -1.4457529e-01
  -1.6835921e-02  -1.4096234e-01
  -1.4271023e-02  -1.3491047e-01
  -6.5035995e-03  -1.2672583e-01
  -1.5690761e-02  -1.1383151e-01
  -1.3045790e-02  -1.1188318e-01
  -2.6166588e-02  -9.8286478e-02
  -2.6341521e-02  -9.3415474e-02
  -2.9158625e-02  -8.9570193e-02
  -3.0473082e-02  -8.4001447e-02
  -2.7749360e-02  -8.2676324e-02
  -8.5439014e-02   1.2328629e-01
  -9.2584752e-02   1.2061325e-01
  -7.8978971e-02   1.2236926e-01
  -8.2828809e-02   1.2276192e-01
  -7.8866782e-02   1.2332641e-01
  -6.8079896e-02   1.3028621e-01
  -6.4137132e-02   1.3314587e-01
  -6.5049355e-02   1.3974725e-01
  -7.6121904e-02   1.4648241e-01
  -8.2387171e-02   1.5302758e-01
  -7.3550777e-02   1.5641305e-01
  -8.4997347e-02   1.6009680e-01
  -9.1332623e-02   1.6219553e-01
  -8.5239780e-02   1.7679593e-01
  -8.3736334e-02   1.7985052e-01
  -8.1835924e-02   1.8608993e-01
  -7.5971267e-02   1.9526682e-01
  -7.5827257e-02   1.9668918e-01
  -7.8672199e-02   2.0004650e-01
  -9.1469816e-02   2.0454449e-01
  -9.2495774e-02   2.0704338e-01
  -9.4895345e-02   2.1222849e-01
  -9.2890246e-02   2.1836285e-01
  -9.9691279e-02   2.2607414e-01
  -9.3870347e-02   2.2838802e-01
  -8.3612359e-02   2.3499168e-01
  -9.1577607e-02   2.3151700e-01
  -8.3993634e-02   2.3432565e-01
  -8.5048208e-02   2.4020949e-01
  -8.2703160e-02   2.3674815e-01
  -8.8574091e-02   2.4286690e-01
  -9.2474551e-02   2.4677890e-01
  -9.9373437e-02   2.4648421e-01
  -9.9853829e-02   2.4264474e-01
  -9.6095958e-02   2.3706000e-01
  -1.0039724e-01   2.4225253e-01
  -1.1126752e-01   2.4131374e-01
  -1.1328462e-01   2.3150872e-01
  -1.1117057e-01   2.2666059e-01
  -9.6772574e-02   2.1318496e-01
  -9.1988033e-02   2.0761377e-01
  -9.5398031e-02   2.1038796e-01
  -9.4391423e-02   2.0791163e-01
  -9.5797002e-02   2.0389784e-01
  -8.9950206e-02   2.0080191e-01
  -9.7283502e-02   1.9065282e-01
  -8.9682789e-02   1.8055066e-01
  -9.2385775e-02   1.8143610e-01
  -8.6758225e-02   1.6519976e-01
  -1.1691826e-02  -6.7298905e-02
  -3.1114424e-02  -8.2690189e-02
  -3.0987053e-02  -7.9661039e-02
  -2.0680455e-02  -8.6219298e-02
  -1.6900245e-02  -9.3272119e-02
  -1.3089622e-02  -9.0639276e-02
  -1.0387499e-02  -9.6986896e-02
  -3.0041550e-02  -1.0308721e-01
  -2.0878272e-02  -1.0855296e-01
  -3.0134162e-02  -1.1123749e-01
  -3.4221447e-02  -1.2026426e-01
  -3.6930910e-02  -1.2510232e-01
  -4.3715819e-02  -1.2450529e-01
  -3.8077641e-02  -1.3081317e-01
  -3.9281616e-02  -1.4141138e-01
  -4.1983322e-02  -1.3936966e-01
  -4.2080293e-02  -1.4322430e-01
  -4.3030665e-02  -1.4367446e-01
  -5.1173620e-02  -1.4343739e-01
  -5.6387355e-02  -1.4683518e-01
  -4.6073082e-02  -1.4749121e-01
  -3.9303648e-02  -1.5088746e-01
  -2.8432668e-02  -1.6341136e-01
  -3.8668151e-02  -1.6646197e-01
  -3.3268999e-02  -1.7049015e-01
  -4.1078515e-02  -1.6452570e-01
  -4.2477775e-02  -1.6323401e-01
  -4.5112842e-02  -1.6643367e-01
  -2.8169492e-02  -1.7662199e-01
  -4.2728949e-02  -1.6369457e-01
  -2.6962825e-02  -1.8080065e-01
  -3.2158718e-02  -1.7751593e-01
  -3.5994868e-02  -1.8040870e-01
  -2.9493456e-02  -1.8297047e-01
  -2.2902016e-02  -1.8929234e-01
  -1.2641283e-02  -1.9158884e-01
  -4.9996929e-03  -2.0008945e-01
  -2.5009578e-03  -1.9774479e-01
   0.0000000e+00  -1.9084253e-01
   3.7211472e-03  -1.9291913e-01
  -1.2526437e-03  -1.8483408e-01
   5.0045145e-03  -1.9360084e-01
   1.2594932e-03  -1.9262934e-01
   1.6348077e-02  -1.9349231e-01
   1.7539650e-02  -1.9631632e-01
   1.4983214e-02  -1.9193772e-01
   1.7556517e-02  -1.8804579e-01
   1.8744336e-02  -1.8550559e-01
   1.3830140e-02  -1.7488404e-01
  -3.4039513e-02   1.1563614e-02
  -4.4847632e-02   2.0128369e-02
  -3.7776250e-02   2.7222027e-02
  -4.3450945e-02   2.9105067e-02
  -4.2255785e-02   3.0254992e-02
  -2.9268365e-02   3.5324612e-02
  -2.4062934e-02   4.4159279e-02
  -3.0926360e-02   4.6050662e-02
  -5.1070110e-02   5.9688383e-02
  -5.9264751e-02   6.3665667e-02
  -6.2994024e-02   6.2790520e-02
  -6.1256849e-02   7.2781699e-02
  -5.7089501e-02   8.0258956e-02
  -5.9397476e-02   8.9673392e-02
  -8.0808990e-02   1.0877968e-01
  -7.8139498e-02   1.1092632e-01
  -7.2678744e-02   1.1723568e-01
  -6.6444676e-02   1.1774042e-01
  -6.5789743e-02   1.1840543e-01
  -5.3870938e-02   1.1431995e-01
  -5.6159139e-02   1.1415307e-01
  -7.0781451e-02   1.3469336e-01
  -9.9205554e-02   1.3863361e-01
  -1.0662108e-01   1.4268691e-01
  -9.7391541e-02   1.4984255e-01
  -9.2709907e-02   1.4834947e-01
  -8.6030477e-02   1.5199908e-01
  -7.8366420e-02   1.5504839e-01
  -7.4673779e-02   1.5078398e-01
  -7.3687334e-02   1.4449938e-01
  -7.2915296e-02   1.5553030e-01
  -7.9710627e-02   1.6112218e-01
  -9.8997953e-02   1.7664573e-01
  -1.0283650e-01   1.8564203e-01
  -8.6070119e-02   1.8471508e-01
  -7.6548432e-02   1.8485798e-01
  -7.4553766e-02   1.8511514e-01
  -6.6655632e-02   1.7943324e-01
  -8.1335784e-02   1.8960430e-01
  -1.0125127e-01   1.9276572e-01
  -9.7059613e-02   1.9404446e-01
  -8.0124220e-02   1.9213255e-01
  -7.6096071e-02   2.0601586e-01
  -9.1351637e-02   2.0411388e-01
  -8.6562891e-02   2.0662114e-01
  -8.4210013e-02   2.0212852e-01
  -8.3391181e-02   2.0026006e-01
  -8.1356293e-02   2.0043019e-01
  -6.6579906e-02   6.4550866e-02
  -7.0109915e-02   5.7619434e-02
  -6.6392880e-02   4.8120485e-02
  -6.6555765e-02   4.5538889e-02
  -7.3790777e-02   4.0456344e-02
  -6.4485886e-02   2.9679071e-02
  -5.3571852e-02   3.0137711e-02
  -4.2724684e-02   1.9301620e-02
  -4.0309483e-02   1.5104969e-02
  -3.8897920e-02   8.0757619e-03
  -3.6404191e-02  -2.1646519e-03
  -3.0633476e-02  -6.4160321e-03
  -2.4158895e-02  -1.6711339e-02
  -3.7061763e-02  -2.6595918e-02
  -3.3170101e-02  -3.2547592e-02
  -1.8626212e-02  -4.2331452e-02
  -2.1114933e-02  -4.8949508e-02
  -1.5852925e-02  -5.9240387e-02
  -1.7168062e-02  -5.5981128e-02
  -1.1846257e-02  -6.2256495e-02
   0.0000000e+00  -6.8782696e-02
   1.0477113e-02  -7.4877354e-02
   7.8283193e-03  -8.8154719e-02
   1.1708230e-02  -8.7888556e-02
   5.1823267e-03  -9.4585489e-02
   0.0000000e+00  -1.0230846e-01
   0.0000000e+00  -9.8187251e-02
  -1.8103723e-02  -1.0588375e-01
  -2.4541046e-02  -1.0629826e-01
  -1.9331200e-02  -1.1488221e-01
  -2.2067286e-02  -1.2191950e-01
  -2.2196291e-02  -1.2494071e-01
  -3.8221451e-02  -1.2442702e-01
  -4.6877266e-02  -1.4228381e-01
  -4.9690555e-02  -1.3537842e-01
  -5.7298032e-02  -1.3993046e-01
  -7.5173651e-02  -1.4546950e-01
  -7.7036447e-02  -1.3848034e-01
  -7.6919578e-02  -1.4172598e-01
  -7.4945815e-02  -1.3894721e-01
  -9.1808312e-02  -1.4001345e-01
  -9.5853169e-02  -1.4539367e-01
  -7.7297181e-02  -1.4332434e-01
  -7.4273986e-02  -1.3759006e-01
  -6.7255432e-02  -1.5420548e-01
  -9.6781726e-02  -1.6576396e-01
  -8.9002965e-02  -1.7223960e-01
  -8.7878242e-02  -1.5129757e-01
  -1.0598697e-01  -1.4671368e-01
  -4.9782019e-02  -1.8194129e-01
  -4.7525894e-02  -1.2289350e-01
  -1.9763944e-02  -1.2271092e-01
  -3.3031395e-02  -1.1051605e-01
  -1.3210758e-03  -1.1620896e-01
  -4.7156976e-02  -8.2621631e-02
  -3.8460709e-02  -1.0866989e-01
  -4.4115990e-02  -9.1458205e-02
  -2.3739296e-02  -9.8550586e-02
  -5.3374056e-03  -9.4136783e-02
  -3.2074899e-02  -7.4762768e-02
  -2.0121099e-02  -8.0062429e-02
  -2.4417761e-02  -6.8640910e-02
  -1.3489397e-02  -6.1611966e-02
  -2.2818244e-02  -3.7272691e-02
  -1.1924141e-02  -4.3230853e-02
  -1.8683325e-02  -2.5210020e-02
  -1.0668289e-02  -2.1970970e-02
  -9.3065707e-03  -2.1904697e-02
  -1.7221617e-02  -1.5430413e-02
   0.0000000e+00  -1.7183384e-02
  -3.0510344e-02  -6.3902528e-03
  -2.3902441e-02  -4.7980061e-03
  -3.7444483e-02   5.9044128e-03
  -4.6855767e-02  -1.6115611e-03
  -4.4038727e-02   8.5695483e-03
  -4.5365815e-02   1.2853883e-02
  -5.3371547e-02   1.2850970e-02
  -6.2697220e-02   1.7129303e-02
  -5.6320033e-02   2.8011067e-02
  -3.8802501e-02   2.9581091e-02
  -3.8470030e-02   3.4144556e-02
  -3.1710060e-02   3.4012213e-02
  -5.3964375e-02   4.0246187e-02
  -5.3882978e-02   5.5128766e-02
  -6.3040407e-02   6.3123425e-02
  -5.1200188e-02   8.7553331e-02
  -5.2561465e-02   9.4240445e-02
  -4.5791530e-02   9.8245321e-02
  -5.4414981e-02   1.0877146e-01
  -6.3754468e-02   1.0810816e-01
  -6.4755539e-02   1.0703319e-01
  -8.2095994e-02   1.0930600e-01
  -8.8853825e-02   1.0735312e-01
  -9.7701576e-02   1.1530595e-01
  -1.0318680e-01   1.2121483e-01
  -1.0335472e-01   1.1972655e-01
  -1.1015927e-01   1.2850439e-01
  -1.0257967e-01   1.2437396e-01
  -1.2893134e-01   1.6797397e-01
  -1.2754093e-01   1.6261876e-01
  -1.2574903e-01   1.6078991e-01
  -1.1935108e-01   1.5274585e-01
  -1.2074719e-01   1.5288470e-01
  -1.2082364e-01   1.4549713e-01
  -1.2515722e-01   1.3519649e-01
  -1.2401604e-01   1.3254804e-01
  -1.2206912e-01   1.2989854e-01
  -1.1705473e-01   1.1664408e-01
  -1.2503166e-01   1.1562935e-01
  -1.2182685e-01   1.0852639e-01
  -1.1876948e-01   9.9330223e-02
  -1.1781021e-01   9.6311892e-02
  -1.1860630e-01   8.8059129e-02
  -1.1586979e-01   7.9727264e-02
  -1.1195723e-01   7.7054196e-02
  -1.0654075e-01   6.8248418e-02
  -1.1670961e-01   6.3219648e-02
  -1.1751302e-01   5.5849897e-02
  -1.1776973e-01   4.3498477e-02
  -1.0818117e-01   3.6429008e-02
  -1.0773031e-01   2.6438942e-02
  -9.5273328e-02   1.9897302e-02
  -8.4216426e-02   1.6076706e-02
  -8.8177415e-02   2.1409773e-03
  -8.9513024e-02   2.6760401e-03
  -8.2661564e-02  -5.8773745e-03
  -8.3653675e-02  -7.4498405e-03
  -9.0228783e-02  -2.1278235e-02
  -9.3351384e-02  -2.1382302e-02
  -8.6862886e-02  -3.1645308e-02
  -8.3098115e-02  -4.0398177e-02
  -8.7319617e-02  -4.5375073e-02
  -7.5190786e-02  -5.4103608e-02
  -6.0413260e-02  -6.4552325e-02
  -5.8502450e-02  -7.4869085e-02
  -4.2396200e-02  -7.6825677e-02
  -4.8676478e-02  -8.3907229e-02
  -6.1541411e-02  -8.6195349e-02
  -5.7236677e-02  -9.4342972e-02
  -6.2963788e-02  -9.0186823e-02
  -6.4037595e-02  -1.0138848e-01
  -6.8092558e-02  -1.0713916e-01
  -6.3297998e-02  -1.0457983e-01
  -6.3088765e-02  -1.2112110e-01
  -5.4382073e-02  -1.2636398e-01
  -6.3361616e-02  -1.3261093e-01
  -5.9473078e-02  -1.2990153e-01
  -4.6833437e-02  -2.0098354e-01
  -4.3147843e-02  -1.9849306e-01
  -4.5623814e-02  -1.9570138e-01
  -4.0368539e-02  -2.0148727e-01
  -3.7958034e-02  -1.9170447e-01
  -3.4130041e-02  -1.9826802e-01
  -4.0412486e-02  -1.9311542e-01
  -4.1888760e-02  -1.8628607e-01
  -4.5796565e-02  -1.8429406e-01
  -4.1892169e-02  -1.8267431e-01
  -3.8281817e-02  -1.8254195e-01
  -4.1023516e-02  -1.7983138e-01
  -4.5141647e-02  -1.6714666e-01
  -3.7283494e-02  -1.6362882e-01
  -4.2858698e-02  -1.5592097e-01
  -3.3726248e-02  -1.5633798e-01
  -4.2992797e-02  -1.4762056e-01
  -3.7582967e-02  -1.4796798e-01
  -3.9115294e-02  -1.4600686e-01
  -3.9281616e-02  -1.4141138e-01
  -4.8687167e-02  -1.3512847e-01
  -5.6868095e-02  -1.2596306e-01
  -6.3528894e-02  -1.1914596e-01
  -6.5078129e-02  -1.2072294e-01
  -6.4164238e-02  -1.0948258e-01
  -5.0190098e-02  -1.1666366e-01
  -6.7041884e-02  -1.1038053e-01
  -8.4397331e-02  -1.0448302e-01
  -7.4783346e-02  -1.1012034e-01
  -9.1114995e-02  -9.4564542e-02
  -7.7114676e-02  -8.9169493e-02
  -5.8287142e-02  -8.4478594e-02
  -7.5967840e-02  -6.5129662e-02
  -5.4397455e-02  -7.5264776e-02
  -7.1229267e-02  -6.6085639e-02
  -8.6078917e-02  -5.7102327e-02
  -8.2960100e-02  -5.5175811e-02
  -9.5821935e-02  -4.0086026e-02
  -8.2685862e-02  -3.9658408e-02
  -7.2236013e-02  -3.1698594e-02
  -7.7978018e-02  -2.1572929e-02
  -8.8827648e-02  -2.1044167e-02
  -8.5072088e-02  -1.7323285e-02
  -7.9432178e-02  -1.6195166e-02
  -7.5337553e-02  -1.0248351e-02
  -6.8757983e-02  -7.0282635e-03
  -6.8206687e-02   0.0000000e+00
  -9.1711591e-02   7.9867840e-03
  -1.1658679e-01   1.3781654e-02
  -1.1100857e-01   2.1696829e-02
  -1.2489946e-01   2.0367823e-01
  -1.1249092e-01   2.1056912e-01
  -1.0918575e-01   2.0889901e-01
  -1.0905117e-01   2.0922655e-01
  -9.9313761e-02   2.1323438e-01
  -1.0771931e-01   2.1556742e-01
  -1.0524435e-01   2.2314729e-01
  -1.0798609e-01   2.2248216e-01
  -1.1039754e-01   2.2037984e-01
  -1.1278555e-01   2.2455438e-01
  -1.1027365e-01   2.1445916e-01
  -1.1042124e-01   2.1854657e-01
  -1.0565735e-01   2.2036653e-01
  -1.1065156e-01   2.1689687e-01
  -1.1181044e-01   2.1665541e-01
  -1.1700580e-01   2.1125684e-01
  -1.1232646e-01   1.9840553e-01
  -1.2630740e-01   2.0021294e-01
  -1.2927951e-01   1.9296156e-01
  -1.3690331e-01   1.9592503e-01
  -1.3755170e-01   1.9491671e-01
  -1.3036140e-01   1.7998512e-01
  -1.3297645e-01   1.7709985e-01
  -1.3063774e-01   1.7092589e-01
  -1.2706148e-01   1.6955005e-01
  -1.3014504e-01   1.6558218e-01
  -1.2808690e-01   1.6220178e-01
  -1.2406971e-01   1.5329366e-01
  -1.3480112e-01   1.4572318e-01
  -1.3418489e-01   1.3736534e-01
  -1.1887615e-01   1.2980586e-01
  -1.1600696e-01   1.2366559e-01
  -1.1910614e-01   1.1852877e-01
  -1.1369495e-01   1.1221760e-01
  -1.2213965e-01   1.1648426e-01
  -1.2263738e-01   1.0584642e-01
  -1.1917411e-01   9.7993373e-02
  -1.1651545e-01   9.2460448e-02
  -1.0412224e-01   7.8870213e-02
  -1.1177282e-01   7.2875339e-02
  -1.0901932e-01   6.6768015e-02
  -9.8084884e-02   5.5719807e-02
  -1.0590945e-01   5.6659545e-02
  -1.0274217e-01   5.4771587e-02
  -1.0308200e-01   4.1388984e-02
  -1.0472152e-01   4.2589803e-02
  -8.5689165e-02   3.2786416e-02
  -8.4163962e-02   2.4650949e-02
  -8.0527028e-02   1.7221256e-02
