   4.8417465e-02   3.1031692e-02
   4.4559500e-02   2.5800378e-02
   4.0659917e-02   2.7936961e-02
   3.5337655e-02   2.9463096e-02
   3.6648456e-02   2.8936185e-02
   3.0091976e-02   3.2623071e-02
   2.3532505e-02   3.0491171e-02
   2.4877415e-02   2.5258662e-02
   1.8331583e-02   2.4734452e-02
   6.5398966e-03   2.5763572e-02
   2.6197529e-03   3.1083438e-02
   9.1435102e-03   2.9414555e-02
   1.0481928e-02   2.8448405e-02
   1.3099519e-03   3.0556645e-02
  -7.8441683e-03   3.0495492e-02
  -1.0484588e-02   2.5814293e-02
  -1.5729798e-02   2.3706067e-02
  -1.9678117e-02   2.5837918e-02
  -1.8341386e-02   2.9500126e-02
  -2.3562224e-02   2.7890282e-02
  -3.0137131e-02   2.7915170e-02
  -3.7967130e-02   2.6304884e-02
  -4.3328379e-02   2.7435383e-02
  -4.0671966e-02   2.4774287e-02
  -4.4477520e-02   2.4172761e-02
  -5.6225889e-02   2.8892374e-02
  -6.2884752e-02   2.9469456e-02
  -6.9525949e-02   2.6331569e-02
  -7.8652440e-02   2.3139795e-02
  -8.1197109e-02   2.2588805e-02
  -8.3812782e-02   2.3111266e-02
  -9.0267237e-02   2.3605474e-02
  -9.9293400e-02   2.7237018e-02
  -1.0722146e-01   2.8823436e-02
  -1.1368709e-01   2.5119877e-02
  -1.2453837e-01   2.2553735e-02
  -1.3005097e-01   2.1538967e-02
  -1.2833832e-01   2.3049004e-02
  -1.3502581e-01   2.2536262e-02
  -1.4940538e-01   2.5650937e-02
  -1.5595064e-01   2.6159564e-02
  -1.5748725e-01   2.0945743e-02
  -1.6125118e-01   2.1963677e-02
  -1.6144287e-01   1.9367922e-02
  -1.6990049e-01   2.3443486e-02
  -1.8351431e-01   2.3481462e-02
  -2.0052734e-01   2.5000782e-02
  -1.9778618e-01   2.0299368e-02
  -1.9273041e-01   2.0852117e-02
  -1.9892080e-01   1.8716968e-02
  -2.0634905e-01   1.9700989e-02
  -2.1873515e-01   2.0768968e-02
  -2.3226511e-01   2.2332900e-02
  -2.3026677e-01   2.2272178e-02
  -2.2637824e-01   2.0210455e-02
  -2.2901244e-01   1.9167645e-02
  -2.2641118e-01   1.8137588e-02
  -2.3135565e-01   2.1729641e-02
  -2.3596744e-01   2.2299925e-02
  -2.3178457e-01   2.3326614e-02
  -2.3244222e-01   2.1188316e-02
  -2.3185943e-01   1.9179661e-02
  -2.3624010e-01   2.0245013e-02
  -2.4415049e-01   1.8149495e-02
  -2.4100160e-01   2.0709752e-02
  -2.4124079e-01   2.0729672e-02
  -2.4275253e-01   2.2820560e-02
  -2.3728832e-01   2.1777559e-02
  -2.4366617e-01   1.8114638e-02
  -2.4477257e-01   1.5509184e-02
  -2.4647531e-01   2.1232816e-02
  -2.4596678e-01   2.2225866e-02
  -2.5084084e-01   2.4373625e-02
  -2.6061653e-01   2.2202207e-02
  -2.6204858e-01   1.5486980e-02
  -2.6677540e-01   1.4415943e-02
  -2.7718658e-01   1.7477650e-02
  -2.7771733e-01   1.8540943e-02
  -2.8236596e-01   2.0031769e-02
  -2.8005954e-01   1.8515896e-02
  -2.7581903e-01   2.0566034e-02
  -2.7119503e-01   1.7012701e-02
  -2.7303783e-01   1.7558241e-02
  -2.7321521e-01   2.0059813e-02
  -2.6302745e-01   1.9594397e-02
  -2.5433113e-01   2.1726929e-02
  -2.4491120e-01   2.1733701e-02
  -2.3860907e-01   2.1255354e-02
  -2.3279948e-01   1.8213096e-02
  -2.2943180e-01   2.1280810e-02
  -2.2044554e-01   2.2886416e-02
  -2.1565240e-01   2.1381075e-02
  -2.0871338e-01   2.2264939e-02
  -2.0622529e-01   2.2426660e-02
  -1.9930858e-01   1.9274275e-02
  -1.9182198e-01   1.9328576e-02
  -1.9600291e-01   2.5458570e-02
  -1.7233621e-01   2.3935066e-02
  -1.7135345e-01   2.5027626e-02
  -1.6569082e-01   2.0971759e-02
  -1.6305426e-01   2.1501313e-02
  -1.6009906e-01   2.1987837e-02
  -1.5369028e-01   2.2022286e-02
  -1.4592837e-01   2.4159583e-02
  -1.4180197e-01   2.7292748e-02
  -1.4429194e-01   2.6735853e-02
  -1.3922891e-01   2.3098712e-02
  -1.3886352e-01   1.8319837e-02
  -1.2956478e-01   1.8314658e-02
  -1.2204273e-01   2.2055025e-02
  -1.1399697e-01   2.7818631e-02
  -1.1268072e-01   2.8345916e-02
  -1.0480792e-01   2.9410135e-02
  -9.8209405e-02   2.4143656e-02
  -9.1867563e-02   2.1043544e-02
  -8.0125750e-02   2.2657423e-02
  -7.2098070e-02   2.3146348e-02
  -6.7017960e-02   2.9025314e-02
  -6.1754796e-02   3.0086627e-02
  -5.2508027e-02   2.9538320e-02
  -4.4652296e-02   2.4796543e-02
  -3.4150488e-02   2.3219307e-02
  -2.7606796e-02   2.4830052e-02
  -1.4399569e-02   3.6349716e-02
  -7.8523760e-03   2.9999467e-02
   0.0000000e+00   3.0000000e-02
   9.1848271e-03   2.3730768e-02
   1.4461370e-02   2.4305617e-02
   2.3639451e-02   2.4806771e-02
   2.7563607e-02   3.0610835e-02
   3.4130218e-02   2.9551846e-02
   3.8090438e-02   3.3276223e-02
   4.8555881e-02   3.2179351e-02
   6.1574653e-02   2.9470836e-02
   6.8342910e-02   2.7440714e-02
   6.7025135e-02   2.7969848e-02
   6.8328280e-02   2.9551538e-02
   7.1081215e-02   3.1722107e-02
   7.7616050e-02   2.7985460e-02
   8.0158737e-02   2.9009212e-02
   8.7950945e-02   2.9496148e-02
   9.0831371e-02   3.1164809e-02
   9.4563419e-02   3.3731746e-02
   1.0246887e-01   3.1609448e-02
   1.1037027e-01   3.0014566e-02
   1.1551766e-01   2.9448850e-02
   1.1935653e-01   2.7836369e-02
   1.2751110e-01   2.5246122e-02
   1.2991189e-01   3.2571121e-02
   1.3922712e-01   3.3105766e-02
   1.4324369e-01   3.6808798e-02
   1.4430056e-01   3.5158140e-02
   1.4582108e-01   3.1512499e-02
   1.4869176e-01   2.5229294e-02
   1.5246504e-01   2.6770710e-02
   1.5770620e-01   2.7807670e-02
   1.5774201e-01   3.4662490e-02
   1.6969547e-01   3.6758952e-02
   1.8183299e-01   3.1501458e-02
   1.8014553e-01   3.1968045e-02
   1.8148207e-01   3.0915756e-02
   1.8919540e-01   3.0336995e-02
   1.9208477e-01   3.5627036e-02
   1.9733394e-01   3.6130067e-02
   2.0094727e-01   3.3431816e-02
   2.0549957e-01   3.3514645e-02
   2.0406503e-01   2.9824388e-02
   2.0581444e-01   2.8829793e-02
   2.1036305e-01   3.2906471e-02
   2.1595157e-01   3.6610923e-02
   2.2560215e-01   3.7163823e-02
   2.2806087e-01   3.5547005e-02
   2.3364315e-01   3.2942822e-02
   2.3214804e-01   3.0826559e-02
   2.3389122e-01   3.2451444e-02
   2.4000371e-01   3.2882192e-02
   2.4859480e-01   3.5033969e-02
   2.4699195e-01   3.6051382e-02
   2.4755423e-01   3.6461252e-02
   2.4839547e-01   3.3432871e-02
   2.5072129e-01   3.5475053e-02
   2.5477936e-01   3.2326912e-02
   2.5449330e-01   3.3337515e-02
   2.6183540e-01   3.4446424e-02
   2.6210975e-01   3.4307294e-02
   2.6240501e-01   3.3299709e-02
   2.6678557e-01   3.6470605e-02
   2.7606876e-01   3.5379441e-02
   2.8079351e-01   3.7545891e-02
   2.8077252e-01   3.5801876e-02
   2.7800040e-01   3.3876826e-02
   2.8068416e-01   3.2821071e-02
   2.8321932e-01   3.5932100e-02
   2.8991471e-01   3.3813761e-02
   2.8756840e-01   3.7874480e-02
   2.8878178e-01   3.6457449e-02
   2.8816371e-01   3.7427237e-02
   2.9283608e-01   3.4352329e-02
   2.9617800e-01   3.5302943e-02
   3.0451584e-01   3.2695643e-02
   3.0809887e-01   3.4715348e-02
   3.0827696e-01   3.7860224e-02
   3.1419744e-01   3.7898275e-02
   3.1846998e-01   3.8427644e-02
   3.2431244e-01   3.4136172e-02
   3.2337529e-01   3.2623044e-02
   3.1696161e-01   3.5286391e-02
   3.3242465e-01   3.7738943e-02
   3.4311797e-01   3.5602021e-02
   3.4436940e-01   3.7140801e-02
   3.3865738e-01   3.8689709e-02
   3.3977600e-01   3.6730117e-02
   3.4813948e-01   3.3988504e-02
   3.5374062e-01   3.5016293e-02
   3.5515996e-01   3.2948192e-02
   3.5764012e-01   3.6533361e-02
   3.7612989e-01   3.7425917e-02
   3.7866435e-01   3.9455614e-02
   3.8398991e-01   3.8901337e-02
   3.8295916e-01   4.0485393e-02
   3.7877869e-01   3.7405971e-02
   3.8186502e-01   3.6395424e-02
   3.8625728e-01   3.5886976e-02
   3.8283457e-01   3.5839857e-02
   3.7910150e-01   3.8466531e-02
   3.7215668e-01   3.7455632e-02
   3.7615734e-01   3.6913233e-02
   3.6896951e-01   4.0517681e-02
   3.6815624e-01   3.7998596e-02
   3.6870851e-01   3.4436264e-02
   3.5004293e-01   3.6623066e-02
   3.4934022e-01   3.8252039e-02
   3.4264673e-01   3.9334643e-02
   3.4748787e-01   3.4577026e-02
   3.3707223e-01   3.7116110e-02
   3.3124033e-01   3.4645370e-02
   3.2567874e-01   3.3094006e-02
   4.9997671e-02   2.6428108e-02
   3.9469865e-02   2.6963965e-02
   3.2853716e-02   2.8525537e-02
   2.2357785e-02   3.0674228e-02
   1.8410137e-02   3.1733430e-02
   2.2338092e-02   2.9586977e-02
   1.8404531e-02   2.4833075e-02
   1.0503849e-02   2.7449328e-02
   9.1990405e-03   2.8533702e-02
  -2.6262274e-03   2.6394370e-02
  -1.9712230e-02   2.8531206e-02
  -2.6251054e-02   3.0611457e-02
  -2.6238747e-02   2.5308422e-02
  -2.7631651e-02   2.5912473e-02
  -2.7527146e-02   2.3702590e-02
  -3.5427190e-02   2.3722784e-02
  -3.9415709e-02   3.0634356e-02
  -3.5403777e-02   3.0576032e-02
  -3.6781491e-02   3.2220747e-02
  -4.0638837e-02   2.2643327e-02
  -4.5706743e-02   2.0977507e-02
  -4.4580533e-02   2.0008457e-02
  -5.2505093e-02   3.0065790e-02
  -5.2285301e-02   3.2048189e-02
  -5.3632181e-02   3.4182206e-02
  -6.2698356e-02   2.9382034e-02
  -6.8179402e-02   2.0519326e-02
  -7.8828021e-02   2.0024036e-02
  -8.2616845e-02   1.7877503e-02
  -8.7891294e-02   2.6309758e-02
  -1.0362785e-01   2.6812811e-02
  -1.0094855e-01   3.2075149e-02
  -1.0242789e-01   2.5788825e-02
  -1.1251672e-01   2.2527287e-02
  -1.1657596e-01   2.0446614e-02
  -2.3844965e-01   1.6573591e-02
  -2.5239109e-01   2.2428615e-02
  -2.5271397e-01   2.4294659e-02
  -2.7335439e-01   2.5742172e-02
  -2.7505210e-01   2.3300917e-02
  -2.7710689e-01   2.4280356e-02
  -2.8391970e-01   1.7634272e-02
  -2.9033880e-01   2.0106309e-02
  -3.0532099e-01   2.3188938e-02
  -3.1729152e-01   1.7999659e-02
  -3.3878684e-01   1.3333784e-02
  -3.5360092e-01   1.5358026e-02
  -3.5876418e-01   1.5281787e-02
  -3.6381374e-01   1.4291864e-02
  -3.7375523e-01   1.6727378e-02
  -3.7320860e-01   1.5746681e-02
  -3.6759745e-01   1.5240453e-02
  -3.6337120e-01   1.7848259e-02
  -3.6013616e-01   1.2222342e-02
  -3.6474673e-01   1.5294593e-02
  -3.6214400e-01   1.3772170e-02
  -3.5581392e-01   1.8403234e-02
  -3.5666228e-01   2.2466271e-02
  -3.4623110e-01   1.8929656e-02
  -3.3635724e-01   1.9515495e-02
  -3.2818400e-01   1.6441999e-02
  -3.1967505e-01   1.1859206e-02
  -3.1106912e-01   1.5460249e-02
  -3.0044293e-01   1.9617436e-02
  -2.9500198e-01   2.6351276e-02
  -2.8593691e-01   2.0180601e-02
  -2.8773297e-01   1.9083163e-02
  -2.7068149e-01   1.7581935e-02
  -2.7375817e-01   2.4463246e-02
  -2.8538117e-01   3.2278095e-02
  -2.4679065e-01   1.0419388e-02
  -2.3725872e-01   1.0360291e-03
  -2.5941917e-01   2.6627867e-02
  -2.5177610e-01   1.8112436e-02
  -2.2678558e-01   4.1344381e-02
  -2.2673548e-01   3.4301471e-02
  -2.1749474e-01   2.7715259e-02
  -2.0114540e-01   5.2186364e-03
  -2.0960497e-01   1.3072873e-02
  -1.8770710e-01   1.8273654e-02
  -1.8411224e-01   3.0907359e-02
  -1.0497282e-02   3.3255916e-02
  -1.3100990e-03   2.9502968e-02
   1.0481928e-02   2.8448405e-02
   1.8348029e-02   2.5812610e-02
   2.4800086e-02   2.6757642e-02
   3.0255496e-02   2.8555352e-02
   3.2875245e-02   3.1726653e-02
   3.6776975e-02   3.3277165e-02
   4.2040987e-02   3.1160616e-02
   4.7215474e-02   2.8459359e-02
   5.6362580e-02   2.4212484e-02
   6.2839025e-02   2.6811663e-02
   6.4243820e-02   3.1604249e-02
   7.2083534e-02   3.4753965e-02
   7.5884113e-02   3.2577587e-02
   8.5320777e-02   3.0026780e-02
   9.1835614e-02   2.5252253e-02
   9.2930014e-02   2.8875685e-02
   9.8343826e-02   3.0502247e-02
   9.5851752e-02   3.5837410e-02
   1.0351750e-01   3.6276156e-02
   1.0901746e-01   3.3176729e-02
   1.1281006e-01   2.6797587e-02
   1.1973715e-01   2.5811934e-02
   1.1795726e-01   2.5187674e-02
   1.2205316e-01   3.1538293e-02
   1.2577607e-01   3.7273122e-02
   1.2479126e-01   4.0020133e-02
   1.2990387e-01   3.3096462e-02
   1.3132411e-01   2.5213887e-02
   1.3776621e-01   2.4127382e-02
   1.4706873e-01   2.6231710e-02
   1.4297921e-01   3.5686719e-02
   1.3924077e-01   3.9976531e-02
   1.4954786e-01   3.5142710e-02
   1.5708149e-01   2.7698762e-02
   1.5641594e-01   2.6236724e-02
   1.5782867e-01   2.9935787e-02
   1.6650910e-01   3.2171384e-02
   1.6969547e-01   3.6758952e-02
   1.7871359e-01   3.7213675e-02
   1.9363138e-01   3.4083711e-02
   1.9752552e-01   2.7752080e-02
   1.9316942e-01   2.8755618e-02
   1.9748229e-01   2.9846577e-02
   1.9342617e-01   3.4574232e-02
   3.2394468e-01   3.5137305e-02
   3.2944619e-01   3.7721199e-02
   3.4370614e-01   3.6556109e-02
   3.4468376e-01   3.6512820e-02
   3.5600933e-01   3.5480015e-02
   3.6228916e-01   3.4888625e-02
   3.6399619e-01   3.8900538e-02
   3.6776075e-01   3.8476189e-02
   3.7675480e-01   3.6323325e-02
   3.7624045e-01   3.8845254e-02
   3.7834379e-01   3.8395118e-02
   3.8280739e-01   3.6351855e-02
   3.8339165e-01   3.5763858e-02
   3.8058039e-01   3.8850205e-02
   3.8369236e-01   3.7331146e-02
   3.8108236e-01   3.9788184e-02
   3.7739806e-01   3.8441052e-02
   3.6567931e-01   3.8926724e-02
   3.6223900e-01   3.5914761e-02
   3.5956950e-01   3.6446482e-02
   3.5593366e-01   3.7022624e-02
   3.5211065e-01   3.3963070e-02
   3.4333857e-01   3.7036170e-02
   3.3481066e-01   3.6136543e-02
   3.2637552e-01   3.9769237e-02
   3.2260029e-01   3.5662319e-02
   3.1806275e-01   3.4070773e-02
   3.1280419e-01   3.3585023e-02
   3.0516958e-01   3.4179818e-02
   2.9643316e-01   3.6376028e-02
   2.8810001e-01   3.8986705e-02
   2.8133307e-01   3.5870564e-02
   2.7560866e-01   3.2715144e-02
   2.6754082e-01   2.9086733e-02
   2.5873966e-01   3.2308672e-02
   2.5520636e-01   3.5001533e-02
   2.4877449e-01   3.7161576e-02
   2.4847178e-01   3.8694235e-02
   2.4322075e-01   3.7675739e-02
   2.2937914e-01   3.5541006e-02
   2.2027684e-01   3.0872904e-02
   2.1018025e-01   2.9397812e-02
   2.0091564e-01   2.9954779e-02
   1.9648656e-01   3.3057753e-02
   1.9859729e-01   3.3182839e-02
   1.9776707e-01   3.4626858e-02
   1.8608651e-01   3.4705438e-02
   1.7241685e-01   3.2549622e-02
   1.4438901e-02   3.0087836e-02
   1.4415605e-02   2.6340374e-02
   1.5740939e-02   2.6893605e-02
   0.0000000e+00   2.9004975e-02
  -9.1701827e-03   3.0029094e-02
  -1.4429914e-02   2.6366580e-02
  -3.0168599e-02   2.7415707e-02
  -3.5348707e-02   2.6306335e-02
  -3.9317206e-02   2.5803638e-02
  -4.9705581e-02   2.5220181e-02
  -5.3781542e-02   2.6873169e-02
  -6.8207268e-02   2.7386251e-02
  -7.7295841e-02   2.9452373e-02
  -7.7488433e-02   2.4241049e-02
  -7.9880559e-02   2.3640876e-02
  -8.6424276e-02   2.4158693e-02
  -9.5671867e-02   2.5747410e-02
  -1.0492882e-01   2.7862114e-02
  -1.0767532e-01   2.6306828e-02
  -1.1378867e-01   2.6192306e-02
  -1.1917640e-01   2.2539733e-02
  -1.2181995e-01   1.9915250e-02
  -1.2808988e-01   2.2480932e-02
  -1.3238045e-01   2.4637573e-02
  -1.4252609e-01   2.8751044e-02
  -1.5480861e-01   2.5140733e-02
  -1.5976812e-01   2.2989790e-02
  -1.5995313e-01   2.0920283e-02
  -1.6488288e-01   1.9825869e-02
  -1.7302777e-01   2.3506266e-02
  -1.7971802e-01   2.6126526e-02
  -1.7973542e-01   2.5081465e-02
  -1.8612759e-01   2.3996714e-02
  -1.9233312e-01   2.1852187e-02
  -1.9628914e-01   1.9762543e-02
  -2.0264608e-01   1.8690565e-02
  -2.1289451e-01   1.8649779e-02
  -2.2243512e-01   2.1257347e-02
  -2.1496426e-01   2.3918841e-02
  -2.1128516e-01   2.4328620e-02
  -2.1346068e-01   2.2860350e-02
  -2.1719250e-01   2.1789836e-02
  -2.1599396e-01   1.4009974e-02
  -2.2357974e-01   1.7608188e-02
  -2.1759155e-01   2.4286171e-02
  -2.2101563e-01   2.6964912e-02
  -2.0223109e-01   1.9690798e-02
  -1.6779187e-01   2.2995523e-02
  -1.6176614e-01   2.1333706e-02
  -1.5342606e-01   1.8315908e-02
  -1.6008545e-01   2.3034877e-02
  -1.5348181e-01   2.6191270e-02
  -1.4491908e-01   2.3994145e-02
  -1.3615122e-01   2.6700089e-02
  -1.2954090e-01   2.0931037e-02
  -1.2203760e-01   2.2580144e-02
  -1.2343269e-01   2.6279494e-02
  -1.1805704e-01   2.6788321e-02
  -1.1250699e-01   2.3575068e-02
  -1.0626183e-01   2.5757273e-02
  -9.9509659e-02   2.5191515e-02
  -9.6816710e-02   2.2548447e-02
  -9.5473116e-02   2.6745431e-02
  -9.4067432e-02   2.7244896e-02
  -8.1255559e-02   2.5766222e-02
  -7.7243472e-02   2.6270737e-02
  -7.0790233e-02   2.2621509e-02
  -6.2981672e-02   2.3704322e-02
  -5.8972931e-02   2.6315634e-02
  -5.7641148e-02   3.0001139e-02
  -4.8524405e-02   2.8985338e-02
  -4.5860852e-02   2.7905581e-02
  -4.7045124e-02   2.4672111e-02
  -4.4519560e-02   2.4722754e-02
  -4.0554846e-02   2.3649533e-02
  -3.9280128e-02   2.5251954e-02
  -2.8826821e-02   2.7915791e-02
  -2.6199038e-02   3.0550623e-02
  -6.5454002e-03   2.7368084e-02
  -5.2259684e-03   2.7313958e-02
  -6.5460569e-03   2.6315465e-02
  -7.8618603e-03   2.7921969e-02
  -7.8618603e-03   2.7921969e-02
  -1.3102410e-03   2.8449290e-02
   5.2297405e-03   2.9970002e-02
   6.5307174e-03   2.9940168e-02
   1.4412651e-02   2.8447604e-02
   1.8384492e-02   2.5864019e-02
   2.6201980e-02   2.9497153e-02
   3.5333695e-02   3.0515349e-02
   3.9259661e-02   3.0512778e-02
   5.2513740e-02   2.8483380e-02
   4.9893285e-02   2.7430559e-02
   2.1036305e-01   3.2906471e-02
   2.1871346e-01   3.1893557e-02
   2.2812094e-01   3.3456004e-02
   2.3816419e-01   3.4387418e-02
   2.4400475e-01   3.1299667e-02
   2.3892323e-01   3.2919886e-02
   2.3437001e-01   3.7047668e-02
   2.4820915e-01   3.1312987e-02
   2.5658573e-01   3.4300283e-02
   2.6764477e-01   3.4313747e-02
   2.7778084e-01   3.7856472e-02
   2.8100884e-01   3.4624464e-02
   2.9036675e-01   3.3709706e-02
   2.9747978e-01   3.5814390e-02
   2.9759179e-01   3.6187356e-02
   2.9896971e-01   3.4629008e-02
   3.0058600e-01   3.4654459e-02
   3.0112431e-01   3.6275175e-02
   3.1272041e-01   3.5651794e-02
   3.1164577e-01   3.7245579e-02
   3.1106912e-01   3.6142321e-02
   3.0763923e-01   3.8305859e-02
   3.1648841e-01   3.2498740e-02
   3.1747048e-01   3.2975879e-02
   3.1374848e-01   3.5093900e-02
   3.2519818e-01   3.7046641e-02
   3.2485110e-01   3.7160361e-02
   3.2958992e-01   3.4482213e-02
   3.2443138e-01   3.9187775e-02
   3.2522131e-01   3.6532104e-02
   3.3117034e-01   3.6051630e-02
   3.3685307e-01   3.4506088e-02
   3.2711802e-01   3.8138689e-02
   3.3175721e-01   3.7517092e-02
   3.3084046e-01   3.6017686e-02
   3.3740719e-01   3.6488660e-02
   3.3423335e-01   3.4007388e-02
   3.3244259e-01   3.7072873e-02
   3.2994062e-01   3.3999580e-02
   3.2487435e-01   3.6644245e-02
   3.3053410e-01   3.5469750e-02
   3.2751561e-01   3.6627091e-02
   3.2882083e-01   3.6985827e-02
   3.2487435e-01   3.6644245e-02
   3.1374848e-01   3.5093900e-02
   3.1636340e-01   3.5593858e-02
   3.1245124e-01   3.4585603e-02
   2.9664365e-01   4.1444745e-02
