  -3.6043015e-02   7.5221654e-02
  -2.7666379e-02   9.5657820e-02
  -6.1694095e-02   9.7422913e-02
  -6.0492372e-02   1.0094497e-01
  -5.7355362e-02   1.1897115e-01
  -5.5739176e-02   1.2276778e-01
  -6.1033170e-02   1.2806368e-01
  -6.1107851e-02   1.3221505e-01
  -6.8642358e-02   1.3848163e-01
  -7.3646446e-02   1.3924215e-01
  -7.4838674e-02   1.4419906e-01
  -7.3552885e-02   1.4825958e-01
  -7.2098821e-02   1.5080160e-01
  -6.9445850e-02   1.5704013e-01
  -7.1604984e-02   1.6599591e-01
  -8.0343176e-02   1.7075769e-01
  -8.1522188e-02   1.7468173e-01
  -8.1001256e-02   1.8058327e-01
  -8.2416452e-02   1.8093642e-01
  -7.9280544e-02   1.7826404e-01
  -8.4593978e-02   1.7946826e-01
  -8.1532780e-02   1.6524587e-01
  -7.2439912e-02   1.6605250e-01
  -6.8450140e-02   1.7801139e-01
  -8.1501514e-02   1.9124480e-01
  -7.9914623e-02   2.0127855e-01
  -8.1860576e-02   2.0704890e-01
  -7.4399921e-02   2.0277981e-01
  -7.0756267e-02   2.0429005e-01
  -6.9514929e-02   2.0430174e-01
  -6.7386820e-02   2.0556416e-01
  -6.7354682e-02   2.1103482e-01
  -6.6188626e-02   2.1072183e-01
  -7.5326838e-02   2.0878945e-01
  -6.9208990e-02   2.1003532e-01
  -6.4175609e-02   2.1008202e-01
  -6.6690512e-02   2.0692196e-01
  -6.7781371e-02   2.0757008e-01
  -7.6626660e-02   2.0146504e-01
  -7.4696316e-02   2.0205264e-01
  -6.7426729e-02   1.9763851e-01
  -6.4052076e-02   1.8623525e-01
  -6.0512461e-02   1.8118949e-01
  -5.0337518e-02   1.7325566e-01
  -4.9060487e-02   1.7090774e-01
  -5.4042532e-02   1.7324446e-01
  -3.8882305e-02   1.5794794e-01
  -3.2500472e-02   1.5199932e-01
  -2.8674535e-02   1.4248952e-01
  -3.5144272e-02   1.3879555e-01
  -5.0718424e-02   1.3401064e-01
  -3.3638395e-02   1.2259388e-01
  -2.7312771e-02   1.1709783e-01
  -2.5951163e-02   1.1793177e-01
  -2.0773782e-02   1.0577374e-01
  -2.4696981e-02   1.0257917e-01
  -2.0925656e-02   9.3297773e-02
  -1.8411334e-02   8.1735812e-02
  -2.5033855e-02   7.8603113e-02
  -1.4487981e-02   6.3915692e-02
  -2.7692874e-02   6.2903468e-02
  -3.4492863e-02   5.8392363e-02
  -3.4464485e-02   4.6465898e-02
  -1.9820048e-02   3.3486682e-02
  -1.8578608e-02   3.0953621e-02
  -7.9392163e-03   1.8073895e-02
  -2.1250776e-02   2.1880342e-02
  -1.8561384e-02   1.8641371e-02
  -1.5807053e-02   6.8757544e-03
  -1.9738855e-02   7.3969794e-03
  -2.6242078e-03  -3.1610276e-03
   0.0000000e+00  -1.2669323e-02
   2.6545604e-03  -1.7062340e-02
   1.8502912e-02  -2.0709385e-02
   1.3262909e-02  -2.6658611e-02
   6.6344258e-03  -3.2023763e-02
   2.6525792e-03  -3.5760250e-02
   6.6332730e-03  -4.1138590e-02
  -2.6433791e-03  -5.1720217e-02
  -6.5732031e-03  -6.3258984e-02
  -2.6453278e-03  -6.7454408e-02
   6.6252439e-03  -7.2491471e-02
   1.1940543e-02  -7.1487894e-02
   1.7123838e-02  -7.5860422e-02
   3.9825554e-03  -7.7022000e-02
   1.3158321e-02  -9.0025732e-02
   3.9559176e-03  -8.6365999e-02
   7.8366192e-03  -1.0034057e-01
   3.9184631e-03  -1.0311445e-01
   0.0000000e+00  -1.0471774e-01
   9.1529439e-03  -1.1383706e-01
  -1.3097443e-03  -1.2480116e-01
   5.2356096e-03  -1.3561811e-01
   2.6361790e-03  -1.3605126e-01
   9.1578651e-03  -1.4543303e-01
   7.8403353e-03  -1.3249752e-01
   3.8955364e-03  -1.3964330e-01
  -1.3005740e-03  -1.4277544e-01
   5.1727083e-03  -1.4826937e-01
   1.2891879e-02  -1.4834937e-01
   8.9858401e-03  -1.5288078e-01
   7.6455784e-03  -1.5744929e-01
   2.4104055e-02  -1.6014155e-01
   1.3910892e-02  -1.6425279e-01
   1.2616713e-02  -1.6674514e-01
   2.2508944e-02  -1.7382047e-01
   1.6241518e-02  -1.7190602e-01
   8.6627466e-03  -1.7648787e-01
   2.4706747e-03  -1.7614364e-01
   8.6050344e-03  -1.8800934e-01
   2.3442109e-02  -1.8344931e-01
   2.2235371e-02  -1.8135603e-01
   1.6087703e-02  -1.7997519e-01
   2.8421161e-02  -1.7731857e-01
   2.1150385e-02  -1.7226495e-01
   2.7256794e-02  -1.7087695e-01
   2.6072295e-02  -1.6151916e-01
   1.4990432e-02  -1.5919829e-01
   2.2765598e-02  -1.5442618e-01
   2.0465251e-02  -1.4996039e-01
   2.8184811e-02  -1.5078021e-01
   2.9784580e-02  -1.4323324e-01
   2.2092683e-02  -1.4437624e-01
   2.3289194e-02  -1.4080818e-01
   1.5639108e-02  -1.2925868e-01
   7.8286214e-03  -1.2657285e-01
   1.5728332e-02  -1.1806852e-01
   2.5107722e-02  -1.1281388e-01
   1.8526411e-02  -1.0058157e-01
   1.8448949e-02  -8.8503261e-02
   1.3178904e-03  -8.1373696e-02
  -2.6391807e-03  -8.0384062e-02
  -1.3269368e-03  -7.8638171e-02
   7.9945979e-03  -7.8416898e-02
   1.3360420e-02  -7.1998287e-02
   1.4685791e-02  -6.2063316e-02
   1.9920666e-02  -5.3047489e-02
   6.6158673e-03  -3.8351275e-02
  -7.8712469e-03  -2.5840336e-02
  -1.0501455e-02  -1.7929780e-02
  -6.6191404e-03  -2.5009725e-02
   9.3776569e-03  -2.7468817e-02
   1.3551154e-02  -2.5055203e-02
   3.3876226e-02  -2.5592787e-02
   2.4223708e-02  -2.2169730e-02
   4.0156985e-03  -8.6003659e-03
   0.0000000e+00  -1.1288032e-02
  -7.9999347e-03  -2.1413748e-03
  -1.3306425e-03   1.0685478e-03
   0.0000000e+00   5.3212851e-03
   3.9833209e-03   9.0643450e-03
  -9.3095886e-03   2.9413999e-02
  -3.9860341e-03   2.8850675e-02
  -1.0660767e-02   3.8085796e-02
  -9.2966780e-03   4.7109933e-02
  -1.7295215e-02   4.8811564e-02
  -2.5446708e-02   5.1315555e-02
  -1.3428309e-02   5.3647502e-02
  -3.1866487e-02   6.3881826e-02
  -5.4078646e-02   8.1921546e-02
  -5.3718901e-02   8.4089445e-02
  -5.7800803e-02   9.1989999e-02
  -4.8819256e-02   9.4096075e-02
  -5.8331572e-02   1.0405011e-01
  -6.0718634e-02   1.0189438e-01
  -7.3569431e-02   1.1196495e-01
  -8.0425596e-02   1.0504193e-01
  -7.6159351e-02   1.1583683e-01
  -7.6146806e-02   1.2375645e-01
  -7.7468572e-02   1.3293632e-01
  -9.8720841e-02   1.4912098e-01
  -8.1218098e-02   1.4242441e-01
  -8.7574659e-02   1.4904962e-01
  -6.1567012e-02   1.5312540e-01
  -6.9473650e-02   1.5378160e-01
  -7.8406119e-02   1.5973418e-01
  -8.0311752e-02   1.6651345e-01
  -1.0565092e-01   1.6838460e-01
  -8.6318057e-02   1.7806271e-01
  -8.6714843e-02   1.8264032e-01
  -8.4719989e-02   1.9636604e-01
  -8.1780338e-02   2.0036819e-01
  -8.1672914e-02   2.0571933e-01
  -8.5411212e-02   2.0732144e-01
  -8.9963757e-02   2.1023071e-01
  -8.4232086e-02   2.0653024e-01
  -1.0088243e-01   2.1904725e-01
  -9.2391982e-02   2.1853474e-01
  -8.9588447e-02   2.2212892e-01
  -8.4319761e-02   2.3023082e-01
  -8.3066022e-02   2.3343194e-01
  -7.8798222e-02   2.3607423e-01
  -8.8138202e-02   2.4403958e-01
  -8.7316901e-02   2.3757829e-01
  -9.0083539e-02   2.3268396e-01
  -8.9544696e-02   2.3032607e-01
  -8.8807797e-02   2.2801620e-01
  -9.2360794e-02   2.3256523e-01
  -8.3737798e-02   2.2017819e-01
  -8.3646176e-02   2.2180512e-01
  -8.8742281e-02   2.1696112e-01
  -9.2396239e-02   2.1539169e-01
  -8.8604397e-02   2.1468222e-01
  -8.9316011e-02   2.1755862e-01
  -8.8683461e-02   2.1177024e-01
  -8.8774762e-02   2.0703949e-01
  -8.4588793e-02   1.9821868e-01
  -7.4429867e-02   1.9630177e-01
  -7.2616755e-02   1.8683685e-01
  -8.4193446e-02   1.8275406e-01
  -8.3278994e-02   1.7519631e-01
  -8.3144961e-02   1.6892916e-01
  -9.3830238e-02   1.6557189e-01
  -8.4778655e-02   1.6494821e-01
  -7.9368455e-02   1.6378754e-01
  -7.3702923e-02   1.6030060e-01
  -7.7622591e-02   1.5330478e-01
  -7.0302559e-02   1.4039926e-01
  -7.0525395e-02   1.2651322e-01
  -6.9257110e-02   1.2035382e-01
  -7.3066812e-02   1.1396306e-01
  -6.8198143e-02   1.0842944e-01
  -8.0314657e-02   1.0321649e-01
  -7.0339272e-02   9.7944219e-02
  -5.7038889e-02   8.6810908e-02
  -6.3882069e-02   8.5974355e-02
  -6.0079466e-02   7.8495683e-02
  -4.5455822e-02   6.9253448e-02
  -6.0327859e-02   7.0519347e-02
  -5.4990687e-02   5.9559138e-02
  -5.2290617e-02   5.0796527e-02
  -5.6179181e-02   4.6864669e-02
  -5.9802480e-02   4.9251369e-02
  -4.2531467e-02   4.2270853e-02
  -3.8517499e-02   4.0093836e-02
  -2.6652448e-02   2.9468192e-02
  -1.3752060e-02  -1.6335006e-01
  -1.7560369e-02  -1.5704138e-01
  -1.0062945e-02  -1.5925864e-01
  -8.8268094e-03  -1.6026555e-01
  -1.0169683e-02  -1.5819589e-01
  -1.2742631e-02  -1.5744418e-01
  -5.1050915e-03  -1.5830345e-01
  -2.5520484e-03  -1.5074341e-01
  -5.0841365e-03  -1.4440005e-01
  -1.0181630e-02  -1.3949706e-01
  -1.0227849e-02  -1.3170239e-01
  -7.7176525e-03  -1.2692155e-01
  -7.7120890e-03  -1.2626399e-01
  -1.1621863e-02  -1.2238456e-01
  -1.2952005e-02  -1.1996375e-01
   0.0000000e+00  -1.1979818e-01
   0.0000000e+00  -1.0869036e-01
  -1.5824057e-02  -1.1031826e-01
  -1.1863190e-02  -1.1140347e-01
  -2.6286204e-03  -1.0266713e-01
  -7.8394903e-03  -9.9273112e-02
  -1.3007041e-02  -8.8417167e-02
  -1.8306508e-02  -7.3132833e-02
  -9.1425657e-03  -6.9818656e-02
  -1.1888366e-02  -5.9775994e-02
  -1.1953089e-02  -5.7932819e-02
  -3.9874706e-03  -5.9067610e-02
   0.0000000e+00  -5.2299084e-02
  -3.9944651e-03  -4.9938979e-02
  -2.2610103e-02  -4.4472702e-02
  -3.3362382e-02  -3.4892557e-02
  -2.6569079e-02  -3.0447442e-02
  -2.7785303e-02  -1.9133168e-02
  -4.6470385e-02  -1.0124510e-02
  -4.6657147e-02  -1.0700386e-02
  -3.3530335e-02  -1.0230439e-02
  -6.3758681e-02   1.6207169e-01
  -7.4792271e-02   1.7835156e-01
  -7.4400260e-02   1.8033763e-01
  -5.6160128e-02   1.8552878e-01
  -5.9443151e-02   1.9393016e-01
  -6.5009970e-02   2.0108889e-01
  -6.8776340e-02   1.9744012e-01
  -6.1068837e-02   2.0285532e-01
  -5.2745011e-02   2.0532173e-01
  -4.5464796e-02   2.0295625e-01
  -3.8884463e-02   2.0886365e-01
  -2.9976112e-02   2.0602007e-01
  -2.9977508e-02   2.1226065e-01
  -3.5004505e-02   2.1245412e-01
  -2.7561711e-02   2.1237981e-01
  -2.8967567e-02   2.1368504e-01
  -2.1605607e-02   2.0769283e-01
  -1.9052303e-02   2.0377976e-01
  -2.0366745e-02   1.9865480e-01
  -2.0316288e-02   1.9933585e-01
  -1.8977570e-02   2.0348716e-01
  -2.1419577e-02   1.9696641e-01
  -2.7601944e-02   2.0213656e-01
  -2.2694611e-02   1.9588359e-01
  -2.2767385e-02   1.9230198e-01
  -2.6613756e-02   1.8904945e-01
  -3.1716550e-02   1.8379611e-01
  -4.5730799e-02   1.7619092e-01
  -4.1926792e-02   1.6676932e-01
  -3.5501964e-02   1.6117126e-01
  -3.6861374e-02   1.5637951e-01
  -2.2831973e-02   1.5261528e-01
  -3.2851477e-02   1.5825831e-01
  -2.8042478e-02   1.4881031e-01
  -2.6857011e-02   1.4190433e-01
  -2.5768671e-02   1.3674640e-01
  -9.0251203e-03   1.2611134e-01
  -1.5486920e-02   1.2849164e-01
  -7.7762773e-03   1.2567883e-01
   3.8904985e-03   1.2181396e-01
   0.0000000e+00   1.2498988e-01
   3.9164331e-03   1.2040512e-01
   1.7149679e-02   1.0923529e-01
   2.3802096e-02   1.0554907e-01
   2.4984517e-02   9.8249275e-02
   1.4528822e-02   9.0928340e-02
   5.8912903e-02  -1.1292811e-01
   5.1536556e-02  -1.0760388e-01
   5.7525309e-02  -1.1766059e-01
   5.0065600e-02  -1.1710292e-01
   6.0398909e-02  -1.1940963e-01
   6.1775252e-02  -1.1570564e-01
   6.4389386e-02  -1.2636076e-01
   6.1752010e-02  -1.2400109e-01
   5.6147583e-02  -1.3356048e-01
   4.5787529e-02  -1.3649952e-01
   3.8138946e-02  -1.3533745e-01
   4.4547614e-02  -1.3492318e-01
   5.9749325e-02  -1.3749152e-01
   4.4666879e-02  -1.4209500e-01
   4.8036084e-02  -1.5139558e-01
   4.5482119e-02  -1.5646591e-01
   5.4146405e-02  -1.6276437e-01
   6.0665476e-02  -1.5760113e-01
   5.0535688e-02  -1.5644226e-01
   4.1775952e-02  -1.5051676e-01
   5.1692266e-02  -1.5265657e-01
   5.0364326e-02  -1.4733994e-01
   4.9138224e-02  -1.4182160e-01
   5.2957111e-02  -1.4023501e-01
   4.5469937e-02  -1.3215540e-01
   4.6907164e-02  -1.3267338e-01
   4.8321255e-02  -1.3253725e-01
   4.2259069e-02  -1.3017903e-01
   4.2328984e-02  -1.3096960e-01
   3.4805086e-02  -1.3111864e-01
   3.7585340e-02  -1.2562735e-01
   4.0195572e-02  -1.2455058e-01
   4.0340418e-02  -1.1825517e-01
   4.1820839e-02  -1.0980098e-01
   3.4018537e-02  -1.0104495e-01
   3.8334551e-02  -9.1525301e-02
   3.8429977e-02  -8.6767946e-02
   3.0424294e-02  -7.8914747e-02
   3.3073754e-02  -7.0715530e-02
   2.6631963e-02  -6.4620800e-02
   2.5251152e-02  -5.9593822e-02
   2.8153741e-02  -5.1365759e-02
   3.0775536e-02  -4.4738518e-02
   2.0095797e-02  -3.6119905e-02
   1.8788775e-02  -3.8354912e-02
   1.2087504e-02  -3.2414538e-02
  -8.6162287e-02   1.4945102e-01
  -7.7940601e-02   1.5929660e-01
  -5.8019184e-02   1.6582215e-01
  -8.1697008e-02   1.7629190e-01
  -9.0156863e-02   1.8356361e-01
  -8.8064564e-02   2.0540500e-01
  -8.2714717e-02   2.0025148e-01
  -9.6981576e-02   2.1552805e-01
  -9.2591505e-02   2.1528918e-01
  -9.8239573e-02   2.2439555e-01
  -8.5918220e-02   2.2109663e-01
  -9.7116000e-02   2.2410106e-01
  -9.7248947e-02   2.2510071e-01
  -1.0053718e-01   2.3155181e-01
  -9.8802288e-02   2.2654886e-01
  -9.7017304e-02   2.3153964e-01
  -9.6673771e-02   2.2697160e-01
  -9.0607201e-02   2.2058899e-01
  -8.9923063e-02   2.3018073e-01
  -9.6395940e-02   2.2363368e-01
  -9.6644224e-02   2.1982484e-01
  -9.4986159e-02   2.2003000e-01
  -9.4945142e-02   2.1298295e-01
  -9.9835940e-02   2.1453128e-01
  -9.6848307e-02   2.1144814e-01
  -9.3163319e-02   2.0297917e-01
  -9.3413146e-02   1.9871714e-01
  -8.3975124e-02   1.9355030e-01
  -8.6986802e-02   1.8033032e-01
  -8.1970449e-02   1.7806573e-01
  -7.6879955e-02   1.7562534e-01
  -8.0660275e-02   1.7382170e-01
  -8.0753748e-02   1.6993067e-01
  -8.3783601e-02   1.6051159e-01
  -8.0493733e-02   1.5585088e-01
  -7.3899476e-02   1.5542979e-01
  -6.7862292e-02   1.4763478e-01
  -6.3237288e-02   1.3741764e-01
  -5.4359159e-02   1.2877441e-01
  -5.3045161e-02   1.2253162e-01
  -6.0902900e-02   1.1098006e-01
  -6.8826371e-02   1.0510736e-01
  -6.7918663e-02   9.4152917e-02
  -5.7527795e-02   8.4441379e-02
  -5.5128576e-02   8.4788241e-02
  -5.3768190e-02   8.0896175e-02
  -4.8647807e-02   7.5129056e-02
   0.0000000e+00  -1.1253792e-01
   0.0000000e+00  -1.2033300e-01
  -1.2910883e-03  -1.1789573e-01
  -1.8020077e-02  -1.1031796e-01
  -1.7974094e-02  -1.1941010e-01
   0.0000000e+00  -1.2448959e-01
   1.2743070e-03  -1.2069301e-01
   6.3459866e-03  -1.2791139e-01
   7.6026796e-03  -1.2713499e-01
   7.6063567e-03  -1.2830802e-01
  -5.0883584e-03  -1.2489011e-01
  -3.8399487e-03  -1.3130810e-01
   0.0000000e+00  -1.3130869e-01
  -8.9616500e-03  -1.3754171e-01
  -1.7785806e-02  -1.3472382e-01
  -1.6615898e-02  -1.3672845e-01
  -3.0740581e-02  -1.3644352e-01
  -1.6674865e-02  -1.3554515e-01
  -1.5494653e-02  -1.3195607e-01
  -1.2820145e-02  -1.3887854e-01
  -1.5433510e-02  -1.4278469e-01
  -1.5300071e-02  -1.4202977e-01
  -2.1585576e-02  -1.4649588e-01
  -1.7759890e-02  -1.4635663e-01
  -1.1384388e-02  -1.4195863e-01
  -5.0508558e-03  -1.4564369e-01
  -5.0478750e-03  -1.4273155e-01
  -5.0491281e-03  -1.4220681e-01
   1.2559649e-03  -1.4649549e-01
   0.0000000e+00  -1.3905941e-01
   2.5347089e-03  -1.3999972e-01
   2.5507901e-03  -1.3925047e-01
   1.2778693e-03  -1.3501492e-01
   2.5641923e-03  -1.3210184e-01
  -3.8590095e-03  -1.3143515e-01
   3.8872562e-03  -1.2621537e-01
   1.1712844e-02  -1.2057135e-01
   9.1423330e-03  -1.1932762e-01
   2.6145817e-03  -1.1437666e-01
   6.5582357e-03  -1.1364691e-01
   1.0539337e-02  -1.0739969e-01
   9.2402772e-03  -9.5871558e-02
   6.6302599e-03  -8.7972383e-02
   7.9623409e-03  -8.1951678e-02
   9.2860523e-03  -7.5866105e-02
   3.9812429e-03  -7.0415496e-02
   2.6497358e-03  -7.3029232e-02
  -6.4123483e-02   1.1155461e-01
  -6.2791608e-02   1.1769790e-01
  -5.7602269e-02   1.1837765e-01
  -6.5259556e-02   1.2078800e-01
  -7.5459011e-02   1.2597316e-01
  -6.8908219e-02   1.2989362e-01
  -8.2008086e-02   1.3397742e-01
  -7.9164092e-02   1.4274929e-01
  -7.3372481e-02   1.5717241e-01
  -7.9571111e-02   1.5895446e-01
  -7.5488794e-02   1.6667221e-01
  -7.5606484e-02   1.6754919e-01
  -7.9093473e-02   1.7201661e-01
  -8.0076449e-02   1.7309253e-01
  -7.9980175e-02   1.7702239e-01
  -1.0200089e-01   1.8891909e-01
  -6.4660921e-02   1.8468548e-01
  -9.1276575e-02   1.8804670e-01
  -7.7156139e-02   1.9196359e-01
  -7.6704327e-02   1.9984901e-01
  -8.1351540e-02   2.0241255e-01
  -8.4697866e-02   2.0988623e-01
  -8.1977187e-02   2.1109898e-01
  -8.1131859e-02   2.1293778e-01
  -7.7756009e-02   2.1038544e-01
  -7.9094003e-02   2.1188486e-01
  -7.3046918e-02   2.0707321e-01
  -6.9233312e-02   2.0949259e-01
  -7.3980099e-02   2.0913027e-01
  -7.1485363e-02   2.1045064e-01
  -8.0136331e-02   2.1436145e-01
  -7.6246376e-02   2.1083642e-01
  -7.8911152e-02   2.0757444e-01
  -7.6226045e-02   2.0333336e-01
  -7.7744535e-02   2.0104441e-01
  -7.8265601e-02   1.8848992e-01
  -7.5034543e-02   1.8281950e-01
  -6.3825788e-02   1.7643764e-01
  -6.3766925e-02   1.7446418e-01
  -6.5021782e-02   1.7320248e-01
  -7.2791084e-02   1.6457887e-01
  -6.6156770e-02   1.6219667e-01
  -5.8805276e-02   1.5492905e-01
  -6.0123590e-02   1.4753135e-01
  -7.0423133e-02   1.4761866e-01
  -8.1459250e-02   1.3758495e-01
  -7.1423420e-02   1.3028420e-01
  -1.8111338e-02  -7.6081800e-02
  -2.9755498e-02  -6.8065427e-02
  -2.3218431e-02  -7.5851797e-02
  -1.4355117e-02  -8.0555127e-02
  -9.0901346e-03  -9.0446895e-02
  -1.9443702e-02  -9.2990599e-02
  -1.6768226e-02  -1.0177258e-01
  -2.5842579e-03  -1.0525927e-01
  -2.5847471e-03  -1.0748230e-01
  -6.4955565e-03  -1.0695648e-01
  -6.4622301e-03  -1.1523903e-01
  -1.9339165e-02  -1.1382338e-01
  -1.5590415e-02  -1.1474489e-01
  -7.7775745e-03  -1.1280920e-01
  -1.1703031e-02  -1.0983453e-01
  -5.1672162e-03  -1.2862937e-01
  -7.7031067e-03  -1.3795729e-01
  -2.0537665e-02  -1.3394464e-01
  -6.3583786e-03  -1.4334153e-01
  -8.8452445e-03  -1.5029486e-01
  -1.3817922e-02  -1.5216919e-01
  -1.7553903e-02  -1.6156333e-01
  -1.2573658e-02  -1.6380043e-01
  -8.8260201e-03  -1.5852057e-01
   3.7863804e-03  -1.6042885e-01
  -7.6016149e-03  -1.5301423e-01
  -6.2932049e-03  -1.5022610e-01
   0.0000000e+00  -1.5112871e-01
   5.0345640e-03  -1.5022677e-01
  -2.5198860e-03  -1.4812657e-01
   1.2644020e-03  -1.4698800e-01
  -2.5424124e-03  -1.3989016e-01
  -2.5398979e-03  -1.4200171e-01
  -2.5376862e-03  -1.3961205e-01
  -6.3299488e-03  -1.3145096e-01
  -5.0872317e-03  -1.2541486e-01
   0.0000000e+00  -1.2364905e-01
   0.0000000e+00  -1.2508000e-01
   1.4215762e-02  -1.2529414e-01
   1.6867515e-02  -1.2299648e-01
   1.2961662e-02  -1.1558210e-01
   0.0000000e+00  -1.0855422e-01
