   2.1982647e-01  -1.0321480e-01
   2.3372446e-01  -9.7700670e-02
   2.2081958e-01  -9.2489630e-02
   2.3934600e-01  -8.8535140e-02
   2.3302070e-01  -7.6014966e-02
   2.4749029e-01  -6.7363932e-02
   2.4537640e-01  -7.0012828e-02
   2.5940052e-01  -4.2896356e-02
   2.6339856e-01  -2.6222398e-02
   2.9702857e-01  -3.8543852e-02
   3.2489906e-01  -3.7228057e-02
   3.2668144e-01  -3.3681920e-02
   3.5083771e-01  -2.3810549e-02
   3.8632675e-01  -2.0064344e-02
   4.1376374e-01  -2.7454918e-02
   4.3836725e-01  -2.9553020e-02
   4.4083680e-01  -7.0378212e-03
   4.6974623e-01  -9.4585977e-03
   4.9001864e-01  -6.4463281e-03
   4.8102979e-01   7.4993826e-03
   4.6552812e-01   2.5138683e-02
   4.8995793e-01   2.7377893e-02
   5.0105983e-01   2.9902753e-02
   5.1927074e-01   3.7501385e-02
   5.1472694e-01   6.0403872e-02
   5.3053340e-01   5.5707205e-02
   5.2608192e-01   6.7097139e-02
   5.3772305e-01   6.4999221e-02
   5.2453487e-01   8.3343119e-02
   5.4001314e-01   8.1512042e-02
   5.4001324e-01   9.2365938e-02
   5.4534190e-01   1.0334133e-01
   5.3886595e-01   1.1052663e-01
   5.3711129e-01   1.0638601e-01
   5.2785407e-01   1.1688081e-01
   5.1538802e-01   1.2802142e-01
   5.1748425e-01   1.2977745e-01
   5.0871055e-01   1.3087748e-01
   5.0037284e-01   1.3226822e-01
   4.3129503e-01   1.5407595e-01
   4.2317577e-01   1.4698233e-01
   4.1268586e-01   1.5240754e-01
   4.0182771e-01   1.5744663e-01
   3.5092977e-01   1.6719212e-01
   3.3696788e-01   1.5136851e-01
   3.2212235e-01   1.6013712e-01
   3.0448762e-01   1.6378318e-01
   2.9430550e-01   1.5954130e-01
   2.6050227e-01   1.6056659e-01
   2.4912455e-01   1.5291956e-01
   2.3001375e-01   1.5432608e-01
   2.0380478e-01   1.6984746e-01
   1.7439129e-01   1.6654950e-01
   1.0778720e-01   1.5956439e-01
   6.7711112e-02   1.6456644e-01
   1.6852305e-02   1.7848121e-01
   0.0000000e+00   1.6688205e-01
  -7.7774245e-03   1.6937820e-01
  -2.2184616e-02   1.6457079e-01
  -5.2285301e-02   1.6716634e-01
  -7.1271092e-02   1.5252734e-01
  -7.7660222e-02   1.4318470e-01
  -9.1023748e-02   1.4702674e-01
  -1.0667365e-01   1.4185959e-01
  -1.4156989e-01   1.4043425e-01
  -1.5572339e-01   1.2716846e-01
  -1.8806026e-01   1.2185694e-01
  -2.0960639e-01   1.2101101e-01
  -2.4730922e-01   1.1639755e-01
  -2.7086978e-01   1.0419050e-01
  -3.1228453e-01   1.0227522e-01
  -3.4167335e-01   1.0607032e-01
  -3.3011778e-01   9.3737808e-02
  -3.6672065e-01   7.6483795e-02
  -3.9884105e-01   7.8546542e-02
  -4.0760654e-01   9.5003475e-02
  -4.4227404e-01   6.1252502e-02
  -4.6999830e-01   7.1545935e-02
  -4.9132563e-01   7.1469366e-02
  -4.8648961e-01   5.7778959e-02
  -5.0504167e-01   5.9325155e-02
  -5.1278378e-01   4.1324803e-02
  -5.1698355e-01   5.2593293e-02
  -5.1124957e-01   3.7443070e-02
  -5.2349159e-01   3.2800113e-02
  -5.1765375e-01   2.2043267e-02
  -5.2623109e-01   1.8329315e-02
  -5.1354039e-01   1.5629867e-02
  -4.9430352e-01   5.2356590e-04
  -4.8367392e-01  -9.9005421e-03
  -4.5729706e-01  -1.5206750e-02
  -4.6819180e-01  -1.2658722e-02
  -4.5837372e-01  -2.6375002e-02
  -4.5344049e-01  -3.3444207e-02
  -4.3364266e-01  -4.4693299e-02
  -4.4323833e-01  -4.0695174e-02
  -4.3289172e-01  -4.2484032e-02
  -3.7999414e-01  -5.2811876e-02
  -3.4054290e-01  -6.0816230e-02
  -3.4456719e-01  -5.6488267e-02
  -3.4011655e-01  -5.8540628e-02
  -3.3868503e-01  -5.6541186e-02
  -2.9944372e-01  -6.8562063e-02
  -2.8941274e-01  -6.6458793e-02
  -2.6938318e-01  -6.7992652e-02
  -2.3112614e-01  -7.2412760e-02
  -1.9841367e-01  -7.9666096e-02
  -1.9116851e-01  -8.3902385e-02
  -1.8558792e-01  -8.1141714e-02
  -1.6505086e-01  -7.0690913e-02
  -1.2653256e-01  -7.4430622e-02
  -1.0739224e-01  -7.3213416e-02
  -1.0644469e-01  -7.0724088e-02
  -8.5827336e-02  -7.3227027e-02
  -3.5605089e-02  -7.5380706e-02
  -6.6014756e-03  -8.2073848e-02
   1.0630949e-02  -8.4278543e-02
   2.6732687e-02  -7.8100321e-02
   1.6916956e-01  -7.0083315e-02
   1.8932408e-01  -7.4931914e-02
   2.1082354e-01  -6.8918955e-02
   2.2066553e-01  -6.6449570e-02
   2.2801419e-01  -6.2149059e-02
   2.4194629e-01  -5.2228531e-02
   2.6070528e-01  -4.9486378e-02
   2.8441886e-01  -5.1121602e-02
   3.2533057e-01  -5.2325591e-02
   3.4100931e-01  -4.5038876e-02
   3.6135853e-01  -3.8920509e-02
   4.1754186e-01  -3.8156404e-02
   4.5123276e-01  -4.7956078e-02
   4.6649757e-01  -2.7397367e-02
   4.6626130e-01  -2.6034629e-02
   4.8880596e-01  -2.3090714e-02
   5.2862052e-01  -3.3817947e-02
   4.8269319e-01  -3.4169621e-02
   5.5484817e-01   1.4030470e-02
   5.2079193e-01  -5.2355564e-02
   5.4627610e-01   1.1895516e-02
   5.2201446e-01   1.9355002e-02
   5.5440333e-01   4.5385162e-03
   5.8666637e-01   4.8921224e-04
   5.6283608e-01   2.5073649e-02
   5.5740904e-01   3.4946343e-03
   5.2683384e-01   5.0591034e-02
   5.0962827e-01   3.4105126e-02
   5.3295127e-01   4.1877996e-02
   5.0076298e-01   5.5126448e-02
   4.7998670e-01   6.4127537e-02
   5.0057088e-01   5.4688988e-02
   4.6134696e-01   6.9025279e-02
   4.4525767e-01   8.2139829e-02
   4.1600949e-01   8.4227724e-02
   4.2610013e-01   9.3307758e-02
   4.1781878e-01   1.0480944e-01
   3.9207173e-01   1.1054480e-01
   3.6938973e-01   1.0366160e-01
   3.3567370e-01   1.1454563e-01
   3.0964251e-01   1.3644442e-01
   3.1808468e-01   1.2937227e-01
   3.1166176e-01   1.2402750e-01
   3.0358996e-01   1.3075870e-01
   3.0040550e-01   1.4073218e-01
   3.0426962e-01   1.3891399e-01
   2.9584161e-01   1.4460047e-01
   2.8458353e-01   1.5115691e-01
   2.5693595e-01   1.5070139e-01
   2.3179296e-01   1.6362195e-01
   2.2143912e-01   1.6919350e-01
   1.8634342e-01   1.7904753e-01
   1.9008694e-01   1.7466583e-01
   1.5960306e-01   1.8187468e-01
   1.1774431e-01   1.9404294e-01
   1.1985626e-01   1.9504083e-01
   9.6502366e-02   1.9875741e-01
   7.3517571e-02   2.0987154e-01
   5.0858651e-02   2.0199328e-01
   1.5179922e-02   2.0533896e-01
   0.0000000e+00   2.0605102e-01
  -6.2844461e-03   1.9767021e-01
  -3.5596267e-02   2.0392933e-01
  -7.9423639e-02   2.1111437e-01
  -9.9335857e-02   2.0809146e-01
  -1.0180618e-01   2.1293869e-01
  -1.1565457e-01   2.0638252e-01
  -1.9133921e-01   2.1136260e-01
  -2.0396209e-01   2.0811789e-01
  -2.1675915e-01   1.9597083e-01
  -2.3201568e-01   1.9119876e-01
  -2.6020256e-01   1.8937621e-01
  -2.9298535e-01   1.9051041e-01
  -3.2728985e-01   1.8669648e-01
  -3.3307770e-01   1.7416537e-01
  -3.4372585e-01   1.6910149e-01
  -3.8555781e-01   1.6777189e-01
  -4.0320455e-01   1.6671115e-01
  -4.1256302e-01   1.5442332e-01
  -4.5800454e-01   1.5098893e-01
  -4.5839479e-01   1.3367884e-01
  -4.9910103e-01   1.4039968e-01
  -4.9051147e-01   1.1479776e-01
  -4.6339241e-01   1.1030912e-01
  -4.6837928e-01   1.0279139e-01
  -4.5342454e-01   8.9935982e-02
  -4.3595975e-01   6.8611543e-02
  -4.4827319e-01   7.5112107e-02
  -4.2465586e-01   6.5100701e-02
  -3.9090205e-01   4.2251064e-02
  -4.0332958e-01   4.4631511e-02
  -4.1371176e-01   3.8288075e-02
  -4.2013563e-01   4.1764677e-02
  -4.3139689e-01   2.8279872e-02
  -4.3400381e-01   2.1377486e-02
  -4.1461843e-01   2.5333192e-02
  -3.9947877e-01   1.9944832e-02
  -3.8445603e-01   1.0241650e-02
  -3.6227049e-01  -1.0748705e-03
  -3.4278534e-01   0.0000000e+00
  -3.0363644e-01  -7.4933861e-03
  -2.8770517e-01  -6.4195119e-03
  -2.6978113e-01  -2.0920153e-02
  -2.5946077e-01  -1.7316565e-02
  -2.4632260e-01  -1.1408804e-02
  -2.3793553e-01  -2.6270214e-02
  -2.1632902e-01  -2.2548277e-02
  -2.0368592e-01  -1.9257073e-02
  -1.7409285e-01  -3.6939815e-02
  -1.4746003e-01  -3.2506234e-02
  -1.1528978e-01  -3.1898953e-02
  -6.7169419e-02  -4.8018695e-02
  -4.8186082e-02  -4.0443616e-02
   1.1013027e-02  -4.7726074e-02
   3.3229754e-02  -4.4617343e-02
   2.4930875e-02  -4.2392391e-02
   2.0033126e-01  -4.6073675e-02
   2.3437758e-01  -5.0527512e-02
   2.4715199e-01  -3.8801599e-02
   2.6419015e-01  -3.5635928e-02
   2.8063323e-01  -4.3061777e-02
   3.1342421e-01  -4.3576247e-02
   3.3958845e-01  -3.4248950e-02
   3.4749286e-01  -2.9626248e-02
   3.8174640e-01  -2.0978099e-02
   4.1160607e-01  -2.8358838e-02
   4.3280746e-01  -2.6210973e-02
   4.5493085e-01  -1.4692153e-02
   4.6835730e-01  -1.4690179e-02
   4.8602808e-01  -1.7114315e-02
   5.0085388e-01  -4.5368572e-03
   5.2050876e-01  -3.9882665e-03
   5.5804724e-01  -6.8963099e-03
   5.6589905e-01   1.9563115e-03
   5.8914854e-01   3.8834841e-03
   5.9484259e-01   8.2638296e-03
   5.9906250e-01   1.6069687e-02
   5.8531133e-01   1.6083706e-02
   5.8663288e-01   2.9196757e-02
   5.8270023e-01   3.6239162e-02
   5.9247502e-01   4.3358029e-02
   5.8526473e-01   4.5315714e-02
   5.8146835e-01   5.7111488e-02
   5.9135235e-01   5.5691083e-02
   5.7460023e-01   7.4471509e-02
   5.7481230e-01   8.3549211e-02
   5.5806534e-01   7.7857717e-02
   5.6623930e-01   8.3835611e-02
   5.4604791e-01   9.6592487e-02
   5.3401763e-01   1.1141516e-01
   5.0309671e-01   1.1352198e-01
   4.8470283e-01   1.0610918e-01
   4.4806825e-01   1.2631543e-01
   4.2744594e-01   1.3317583e-01
   4.0816929e-01   1.2121853e-01
   3.7431679e-01   1.1853164e-01
   3.4632412e-01   1.3084356e-01
   3.2286540e-01   1.2526871e-01
   2.8011070e-01   1.1950648e-01
   2.6470506e-01   1.0791039e-01
   2.1861192e-01   1.1167596e-01
   2.0006382e-01   1.2337673e-01
   1.8762687e-01   1.1890564e-01
   1.6002875e-01   1.0982622e-01
   1.2894802e-01   1.2535328e-01
   9.4258537e-02   1.2554407e-01
   7.5159097e-02   1.2318454e-01
   8.3928016e-02   1.2641046e-01
   7.1452085e-02   1.2711246e-01
   5.3252844e-02   1.2977387e-01
   4.1089888e-02   1.5040144e-01
   3.1842284e-02   1.5059006e-01
   4.6340136e-02   1.4841181e-01
   4.2135947e-02   1.6128667e-01
   2.4992020e-02   1.6721888e-01
   2.5042602e-02   1.7681727e-01
   1.5800705e-02   1.8224278e-01
   6.5378171e-03   1.9399519e-01
   1.5617171e-02   2.1153273e-01
   2.6023787e-03   2.1346392e-01
   2.0559411e-02   2.1163690e-01
   1.4189265e-02   2.2175401e-01
   1.6823707e-02   2.2792897e-01
   2.5541604e-02   2.4377858e-01
   5.3289441e-02   2.3033245e-01
   4.7172379e-02   2.2641520e-01
   2.8186245e-02   2.3925277e-01
   6.3859001e-03   2.3773791e-01
   1.6650874e-02   2.3515808e-01
  -5.1412952e-03   2.4229971e-01
  -2.5920624e-02   2.3505855e-01
  -3.0874788e-02   2.5289564e-01
  -6.9511730e-02   2.4577958e-01
  -7.4480667e-02   2.5772688e-01
  -4.1591061e-02   2.3253182e-01
  -7.3007583e-02   2.3255512e-01
  -9.1939533e-02   2.4040831e-01
  -8.4456201e-02   2.4076982e-01
  -9.0368228e-02   2.3143875e-01
  -8.0225659e-02   2.3237577e-01
  -8.6948497e-02   2.2013257e-01
  -1.1046834e-01   2.3017050e-01
  -1.0958764e-01   2.3395623e-01
  -1.4141762e-01   2.1496286e-01
  -1.6206473e-01   2.0620342e-01
  -1.7933550e-01   2.1661005e-01
  -1.6642760e-01   1.9793771e-01
  -1.5880815e-01   1.9457787e-01
  -2.1860633e-01   1.8634631e-01
  -2.3223908e-01   1.8268884e-01
  -2.3286682e-01   1.7313426e-01
  -2.4832006e-01   1.7310640e-01
  -2.7178190e-01   1.8578996e-01
  -2.7277695e-01   1.6307901e-01
  -2.6885542e-01   1.6111341e-01
  -2.8994558e-01   1.5602016e-01
  -3.1968765e-01   1.4472904e-01
  -3.3366157e-01   1.4216049e-01
  -3.3716934e-01   1.4121693e-01
  -3.6638614e-01   1.2901446e-01
  -4.0670664e-01   1.2857728e-01
  -4.1948013e-01   1.2192831e-01
  -3.9895323e-01   1.0362784e-01
  -4.2688724e-01   9.5058021e-02
  -4.5031104e-01   9.3192272e-02
  -4.4477361e-01   8.1664357e-02
  -4.4857876e-01   7.3713875e-02
  -4.4931410e-01   6.4786067e-02
  -4.6399588e-01   5.6455564e-02
  -4.4315969e-01   5.2441061e-02
  -4.4671316e-01   5.4097882e-02
  -4.2809563e-01  -1.3988694e-02
  -4.1137139e-01  -9.6891547e-03
  -4.1601401e-01  -3.7803628e-03
  -4.1714964e-01  -8.5472884e-03
  -3.6566720e-01  -4.4472157e-02
  -3.5516947e-01  -3.6666160e-02
  -3.3660925e-01  -2.1486918e-02
  -3.4130660e-01  -3.4310743e-02
  -3.1934206e-01  -5.2041491e-02
  -3.0908285e-01  -4.3493929e-02
  -3.2244401e-01  -6.1671095e-02
  -3.2072586e-01  -4.4417058e-02
  -2.8335917e-01  -3.8440309e-02
  -2.2683047e-01  -7.9553517e-02
  -1.9315218e-01  -9.1196955e-02
  -2.0134921e-01  -6.8770396e-02
  -1.9125945e-01  -8.2288877e-02
  -1.4844040e-01  -1.0781324e-01
  -1.3729013e-01  -9.6862366e-02
  -1.4127723e-01  -1.1432155e-01
  -1.2763927e-01  -1.0731197e-01
  -1.1001012e-01  -1.1193732e-01
  -9.6585135e-02  -1.1554680e-01
  -5.7022762e-02  -1.2329611e-01
  -6.8444281e-02  -1.2446677e-01
  -5.9031469e-02  -1.2984240e-01
  -4.6334522e-02  -1.2300324e-01
  -4.5756571e-02  -1.3136466e-01
   3.6039201e-01   4.5665726e-02
   3.6475304e-01   5.9096266e-02
   3.6600535e-01   5.5400808e-02
   3.7482713e-01   6.7519109e-02
   3.6886300e-01   7.7543562e-02
   3.6514096e-01   8.1927231e-02
   3.6917430e-01   7.9973193e-02
   3.5622415e-01   9.3120971e-02
   3.5195815e-01   1.0207824e-01
   3.5271787e-01   1.0175039e-01
   3.5193659e-01   1.0923778e-01
   3.4428602e-01   1.1938715e-01
   3.2810654e-01   1.2510762e-01
   3.2477113e-01   1.2766149e-01
   3.1740299e-01   1.2964624e-01
   3.1304862e-01   1.3507706e-01
   3.0627374e-01   1.3732252e-01
   2.8987697e-01   1.4792583e-01
   2.7928586e-01   1.4729556e-01
   2.6481411e-01   1.5001664e-01
   2.5338903e-01   1.6136542e-01
   2.3581405e-01   1.5920547e-01
   2.2578477e-01   1.6612746e-01
   2.0691556e-01   1.6970478e-01
   1.7746111e-01   1.7635432e-01
   1.7616420e-01   1.8875844e-01
   1.6614777e-01   1.7834948e-01
   1.4169259e-01   1.7733549e-01
   1.3713106e-01   1.9651586e-01
   9.4558516e-02   2.0022084e-01
   9.3325618e-02   1.8068364e-01
   6.6898378e-02   1.9710991e-01
   7.5930511e-02   1.8601630e-01
   2.6462480e-02   2.0005611e-01
   0.0000000e+00   2.0084780e-01
  -1.0123747e-02   1.9488624e-01
  -3.7548318e-01   5.3439753e-02
  -3.6657783e-01   4.4745762e-02
  -3.7593765e-01   3.3401899e-02
  -3.7809961e-01   3.3997577e-02
  -3.6870481e-01   2.3423840e-02
  -3.5811516e-01   1.7561858e-02
  -3.4873476e-01   8.8062520e-03
  -3.3630404e-01   9.3479619e-03
  -3.2149425e-01   1.1503970e-02
  -3.1876307e-01  -2.1923006e-03
  -3.1817819e-01  -4.3388795e-03
  -3.1380984e-01  -5.3767221e-03
  -2.8102593e-01  -1.8225978e-02
  -2.3742677e-01  -2.8829706e-02
  -2.3882318e-01  -3.5799263e-02
  -2.2592209e-01  -3.9190564e-02
  -2.1687882e-01  -3.9853916e-02
  -2.1244668e-01  -5.1409862e-02
  -2.0277449e-01  -6.0210176e-02
  -1.7854875e-01  -6.8473201e-02
  -1.6889203e-01  -5.9758080e-02
  -1.4688613e-01  -6.9231652e-02
  -1.4418491e-01  -6.6972605e-02
  -1.4151523e-01  -5.4693199e-02
  -1.2812196e-01  -6.1965398e-02
  -1.3643391e-01  -6.1649253e-02
  -1.3819921e-01  -5.2346277e-02
  -1.4875662e-01  -5.8685507e-02
  -1.5301121e-01  -5.5170121e-02
  -1.2265186e-01  -5.4482578e-02
  -9.6828427e-02  -6.8284871e-02
  -5.8370746e-02  -6.0750929e-02
  -5.4836339e-02  -6.7049915e-02
  -4.4489910e-02  -7.8020868e-02
  -1.3130267e-02  -6.8572278e-02
   1.3113960e-02  -6.9565646e-02
   3.0355993e-02  -7.5999695e-02
   3.8513444e-02  -7.1532456e-02
   5.1868972e-02  -7.3807651e-02
   7.9603619e-02  -7.1358875e-02
   1.1202616e-01  -7.7264242e-02
   1.2171631e-01  -7.4243594e-02
   1.3712384e-01  -7.7372858e-02
   1.6316972e-01  -6.7151689e-02
   1.9237735e-01  -7.8330946e-02
   2.1203612e-01  -7.8604258e-02
   4.6600692e-01   6.7661821e-02
   4.6996454e-01   7.5414213e-02
   4.5210376e-01   8.5161422e-02
   4.5278711e-01   8.3690014e-02
   4.4900600e-01   9.1262055e-02
   4.4520495e-01   1.0138142e-01
   4.4206983e-01   1.0847732e-01
   4.3951999e-01   1.0533218e-01
   4.3220046e-01   1.0406746e-01
   4.3529869e-01   1.0916844e-01
   4.2316131e-01   1.2203368e-01
   4.1270954e-01   1.2363759e-01
   3.8645986e-01   1.3247230e-01
   3.7324478e-01   1.3748166e-01
   3.6571091e-01   1.4292486e-01
   3.4542103e-01   1.4426364e-01
   3.6094505e-01   1.4772198e-01
   3.2895354e-01   1.5623169e-01
   3.0847863e-01   1.6837969e-01
   3.0341315e-01   1.7328447e-01
   2.9115824e-01   1.7560595e-01
   2.9692979e-01   1.8120990e-01
   2.7867716e-01   1.9455046e-01
   2.3503283e-01   1.9038997e-01
   2.2370881e-01   1.9773660e-01
   2.0895171e-01   2.0431685e-01
   1.9983664e-01   2.0564934e-01
   1.7597885e-01   2.2100449e-01
   1.6281659e-01   2.1247811e-01
   1.6324820e-01   2.1245609e-01
   1.4992144e-01   2.0766812e-01
   1.1602260e-01   2.2323797e-01
   1.1401522e-01   2.2162953e-01
   1.0014029e-01   2.2176118e-01
   8.4188061e-02   2.2683609e-01
   4.7520948e-02   2.3106387e-01
   3.3151143e-02   2.3248642e-01
   1.0195402e-02   2.3779042e-01
   3.8614396e-03   2.3116904e-01
  -1.9210214e-02   2.3985225e-01
  -2.4468293e-02   2.3802573e-01
  -4.5850510e-02   2.4149959e-01
  -5.7501046e-02   2.3828453e-01
  -7.8537822e-02   2.4091116e-01
  -9.4356159e-02   2.3364505e-01
  -1.1532606e-01   2.4098270e-01
  -1.3968300e-01   2.4184854e-01
  -2.4166916e-01   6.0036101e-02
  -2.4127080e-01   5.0323321e-02
  -2.4063740e-01   4.7443871e-02
  -2.3394543e-01   4.6696261e-02
  -2.2914839e-01   3.9499153e-02
  -2.1851824e-01   2.9258589e-02
  -2.2339403e-01   3.4043348e-02
  -2.3537966e-01   2.9798421e-02
  -2.3465103e-01   2.9708728e-02
  -2.1811785e-01   2.7407394e-02
  -2.3844292e-01   2.1012685e-02
  -2.5391488e-01   2.5191063e-02
  -2.3492952e-01   2.2181175e-02
  -2.2110331e-01   0.0000000e+00
  -2.3512713e-01   5.8093554e-03
  -2.2637698e-01   1.2123617e-02
  -2.2197494e-01   6.8424798e-03
  -2.0533239e-01  -1.5869749e-03
  -1.8889164e-01  -1.3222078e-02
  -1.7866576e-01  -1.4750048e-02
  -1.7255552e-01  -7.8671815e-03
  -1.6641638e-01  -1.5264453e-02
  -1.6477072e-01  -1.4710919e-02
  -1.7730916e-01  -1.7913153e-02
  -1.7363050e-01  -1.6764714e-02
  -1.4110827e-01  -2.6636748e-02
  -1.3642334e-01  -3.2753858e-02
  -1.3257769e-01  -3.7480763e-02
  -1.3839384e-01  -3.3433456e-02
  -1.0907043e-01  -6.4909251e-02
  -8.5271686e-02  -6.5197346e-02
  -8.4414602e-02  -7.2480742e-02
  -8.0867275e-02  -7.8740217e-02
  -7.6407148e-02  -7.1398956e-02
  -6.5731053e-02  -7.5618678e-02
  -3.0148942e-02  -8.2540765e-02
  -2.6401848e-02  -8.2594415e-02
  -1.1938372e-02  -8.6890445e-02
  -1.0701994e-02  -8.5972459e-02
   1.3379747e-03  -7.8196680e-02
   2.5206552e-02  -9.3002931e-02
   3.8188571e-02  -9.3931095e-02
   4.1910747e-01   1.8517570e-02
   4.1722952e-01   1.7585636e-02
   4.0249847e-01   2.1143085e-02
   4.3220379e-01   2.7609307e-02
   4.2996178e-01   3.6278749e-02
   4.5154183e-01   3.1937285e-02
   4.5691905e-01   4.5928231e-02
   4.5568086e-01   5.0737705e-02
   4.6086889e-01   5.7379445e-02
   4.7461835e-01   6.1017898e-02
   4.7289419e-01   6.8220470e-02
   4.8456890e-01   7.4176065e-02
   4.8455651e-01   8.4055692e-02
   4.8926011e-01   8.3791557e-02
   4.8358305e-01   9.1745078e-02
   4.8483668e-01   1.0384651e-01
   4.7739413e-01   1.0728096e-01
   4.8530269e-01   1.1055912e-01
   4.8635209e-01   1.1420630e-01
   4.8691864e-01   1.1990710e-01
   4.9512735e-01   1.2039290e-01
   4.9328344e-01   1.1863077e-01
   4.8076555e-01   1.2675349e-01
   4.6384422e-01   1.4319357e-01
   4.5635051e-01   1.4308482e-01
   4.8079339e-01   1.3620526e-01
   4.5489476e-01   1.4019599e-01
   4.3852075e-01   1.5933108e-01
   4.5652263e-01   1.5283341e-01
   4.3302369e-01   1.4338987e-01
   4.1905393e-01   1.5917674e-01
   4.1072254e-01   1.5640991e-01
   3.9329411e-01   1.5564778e-01
   3.8756367e-01   1.6412002e-01
   3.6414316e-01   1.6334504e-01
   3.3766413e-01   1.6566741e-01
   3.3773558e-01   1.7463837e-01
   3.1222527e-01   1.6724879e-01
   2.8018504e-01   1.8311203e-01
   2.6494662e-01   1.7476818e-01
   2.5093548e-01   1.7164473e-01
   2.4516042e-01   1.7844472e-01
   1.9749695e-01   1.7998236e-01
   1.6796684e-01   1.8402428e-01
   1.6432983e-01   1.9661419e-01
   1.4904670e-01   1.8763204e-01
   1.2279641e-01   1.9818524e-01
   7.1109998e-02   2.0001412e-01
