   7.4584706e-02   3.1528479e-02
  -6.9244082e-02   2.7276569e-02
  -6.7877272e-02   2.6202918e-02
  -6.7831849e-02   2.2512279e-02
  -6.3918474e-02   2.2515608e-02
  -6.3910142e-02   2.4086464e-02
  -6.9182604e-02   2.6201574e-02
  -7.1841866e-02   2.9371659e-02
  -7.1786109e-02   2.7246760e-02
  -6.5097083e-02   2.1947615e-02
  -7.2830874e-02   2.2963036e-02
  -7.9557993e-02   2.4594245e-02
  -8.4930474e-02   2.6209300e-02
  -7.5780366e-02   2.6744751e-02
  -7.6922993e-02   2.8260523e-02
  -7.8157759e-02   2.7185463e-02
  -8.8854652e-02   2.5680103e-02
  -9.1323209e-02   2.0919254e-02
  -1.0194909e-01   2.2519532e-02
  -1.0581487e-01   2.8273759e-02
  -1.1639285e-01   2.7235316e-02
  -1.1880213e-01   2.4563865e-02
  -1.2405624e-01   2.1420306e-02
  -1.3189660e-01   2.0885929e-02
  -1.3303744e-01   2.3992937e-02
  -1.3409445e-01   2.2382131e-02
  -1.5113444e-01   2.4974806e-02
  -1.5273850e-01   2.5020798e-02
  -1.5910861e-01   2.4981970e-02
  -1.6974722e-01   2.2379735e-02
  -1.7837321e-01   2.1257611e-02
  -1.9444867e-01   1.6077568e-02
  -2.0369666e-01   2.2299925e-02
  -2.0351224e-01   2.1242177e-02
  -2.0479131e-01   2.2793075e-02
  -1.9942468e-01   1.9677570e-02
  -2.1023415e-01   2.1764814e-02
  -2.1286283e-01   2.0721977e-02
  -2.1395723e-01   2.0698773e-02
  -2.1113115e-01   2.1202392e-02
  -2.0610447e-01   2.2271699e-02
  -2.0632512e-01   2.1256330e-02
  -2.0183974e-01   1.9135633e-02
  -2.0390668e-01   2.1802406e-02
  -2.0038189e-01   2.1854451e-02
  -1.9544151e-01   2.4348613e-02
  -1.9712405e-01   2.4911253e-02
  -1.9365163e-01   1.8598700e-02
  -1.9722129e-01   1.8683439e-02
  -1.9662380e-01   1.9664275e-02
  -5.2412402e-02   2.7900419e-02
  -4.8310614e-02   2.3073631e-02
  -4.4479508e-02   2.3647266e-02
  -4.4429438e-02   2.5198780e-02
  -3.4004124e-02   2.6806560e-02
  -2.7404941e-02   2.8855150e-02
  -2.3584338e-02   2.8444751e-02
  -7.8618603e-03   2.7921969e-02
   2.6075591e-03   2.8308550e-02
   6.5573520e-03   2.9004616e-02
   3.9307229e-03   2.8449178e-02
   3.9391443e-03   2.6922191e-02
   1.8330727e-02   2.5260717e-02
   3.5313725e-02   2.6280257e-02
   4.7106130e-02   3.1558787e-02
   3.9211611e-02   3.2584778e-02
   4.4401249e-02   3.1498475e-02
   5.0960756e-02   2.5719150e-02
   5.4972684e-02   2.8922223e-02
   6.5554918e-02   3.1602704e-02
   8.0099936e-02   2.6345840e-02
   8.6456826e-02   3.0491111e-02
   9.1408924e-02   3.1964795e-02
   1.0328738e-01   2.9878616e-02
   1.0597609e-01   3.2526524e-02
   1.0449148e-01   2.9846868e-02
   1.1254436e-01   3.0415599e-02
   1.1897660e-01   2.9848850e-02
   1.1892720e-01   3.3514498e-02
   1.2795697e-01   3.2937180e-02
   1.3334321e-01   3.0864211e-02
   1.2966245e-01   3.1982683e-02
   1.2693227e-01   3.0909563e-02
   1.3082664e-01   3.2995602e-02
   1.3987964e-01   3.0848512e-02
   1.3859581e-01   2.9282979e-02
   1.4901311e-01   3.1870242e-02
   1.5816304e-01   3.1844799e-02
   1.5156029e-01   3.5519545e-02
   1.5680709e-01   3.4459057e-02
   1.6093638e-01   3.1868415e-02
   1.6225445e-01   3.1342221e-02
   1.5928347e-01   3.3374367e-02
   1.5148662e-01   3.1310119e-02
   1.4628807e-01   2.9757770e-02
   1.5061799e-01   3.1929233e-02
   1.5044126e-01   3.3466685e-02
   1.5637325e-01   3.2796490e-02
   1.5308582e-01   3.1890733e-02
   2.4187108e-01   3.4336057e-02
   2.4549825e-01   3.1499517e-02
   2.5539573e-01   3.1549933e-02
   2.5825530e-01   3.2085897e-02
   2.7143485e-01   3.7742031e-02
   2.7266701e-01   3.8576564e-02
   2.6773189e-01   3.8128216e-02
   2.6139472e-01   3.2491615e-02
   2.5659142e-01   3.5163871e-02
   2.6082817e-01   3.3625747e-02
   2.6441037e-01   3.6157028e-02
   2.7199508e-01   3.6080465e-02
   2.7068741e-01   3.6087548e-02
   2.6582444e-01   3.3051497e-02
   2.5929324e-01   3.2566080e-02
   2.4420846e-01   3.5849409e-02
   2.3219273e-01   3.4831390e-02
   2.2689938e-01   3.6415539e-02
   2.1862636e-01   3.5341402e-02
   2.1711679e-01   3.4793582e-02
   2.1392113e-01   3.1263963e-02
   2.1091420e-01   2.9652482e-02
   2.1334637e-01   2.8575438e-02
   2.1095160e-01   3.6450656e-02
   2.0419811e-01   3.6443164e-02
   1.9449734e-01   3.4815700e-02
   1.8472396e-01   2.9217396e-02
   1.8227423e-01   2.9776252e-02
   1.7902143e-01   3.4386238e-02
   1.8367921e-01   3.3983945e-02
   1.9271996e-01   3.1830458e-02
   1.8051807e-01   3.3893742e-02
   1.6595417e-01   3.4430185e-02
   1.5831953e-01   3.1875973e-02
   1.4411089e-01   2.9328178e-02
   1.3884690e-01   3.0912372e-02
   1.4408641e-01   3.0899330e-02
   1.4655240e-01   3.1385422e-02
   1.4026200e-01   3.3037164e-02
   1.2962194e-01   3.4604214e-02
   1.2604308e-01   3.6294750e-02
   1.1384647e-01   3.0937386e-02
   1.1686128e-01   2.6817152e-02
   1.0777701e-01   2.6859540e-02
   9.1414337e-02   3.1440782e-02
   8.6456826e-02   3.0491111e-02
   7.6039167e-02   3.2115716e-02
   6.5489985e-02   3.1571367e-02
   6.1567740e-02   3.0523366e-02
  -8.4838128e-02   2.7230795e-02
  -9.1549564e-02   2.6751050e-02
  -1.0213778e-01   2.4138223e-02
  -1.1795162e-01   2.5712418e-02
  -1.2582697e-01   2.4649452e-02
  -1.2413518e-01   2.5625026e-02
  -1.2535701e-01   2.1940716e-02
  -1.2940758e-01   2.1433253e-02
  -1.3045657e-01   2.1389194e-02
  -1.3238652e-01   2.4113370e-02
  -1.3198156e-01   2.5087708e-02
  -1.4659383e-01   2.8769970e-02
  -1.4653340e-01   2.2470844e-02
  -1.4742744e-01   2.0318581e-02
  -1.4628334e-01   1.8775999e-02
  -1.4785982e-01   2.0900824e-02
  -1.4768918e-01   2.2968403e-02
  -1.4768918e-01   2.2968403e-02
  -1.4619720e-01   2.6077777e-02
  -1.5842229e-01   2.5605290e-02
  -1.4903211e-01   1.9834165e-02
  -1.5675303e-01   1.6674799e-02
  -1.5540293e-01   2.0845907e-02
  -1.5158984e-01   2.4526260e-02
  -1.6672214e-01   2.8804334e-02
  -1.7472453e-01   2.7023803e-02
  -1.8334046e-01   2.2937285e-02
  -1.9199003e-01   1.9213407e-02
  -2.0656827e-01   1.8682150e-02
  -2.1967152e-01   1.6580465e-02
  -2.3137426e-01   2.0694897e-02
  -2.3499323e-01   2.4280782e-02
  -2.4150960e-01   2.4775924e-02
  -2.4831610e-01   2.3229015e-02
  -2.5018936e-01   1.9649669e-02
  -2.4951372e-01   1.5468412e-02
  -2.5046646e-01   2.1631182e-02
  -2.4315765e-01   1.9629620e-02
  -2.4183185e-01   2.0666400e-02
  -2.3968225e-01   2.1231214e-02
  -2.3613573e-01   2.0641151e-02
  -2.2988958e-01   1.7576716e-02
  -2.2726162e-01   1.8616840e-02
  -2.3004856e-01   2.1733297e-02
  -2.1782587e-01   2.3275106e-02
  -2.1372020e-01   2.2229756e-02
  -2.1564293e-01   2.3327417e-02
  -2.1369059e-01   2.1842380e-02
  -1.0070951e-01   2.6213313e-02
  -9.7113250e-02   2.1563515e-02
  -9.1598133e-02   2.0456685e-02
  -8.3922425e-02   1.8927938e-02
  -7.9941084e-02   2.6293655e-02
  -7.4523802e-02   2.9922436e-02
  -7.3195007e-02   3.2549015e-02
  -6.0104643e-02   2.6236376e-02
  -5.3801523e-02   2.2657770e-02
  -5.5106485e-02   2.4237550e-02
  -4.8506452e-02   2.2112286e-02
  -3.4041154e-02   2.5780882e-02
  -2.0939669e-02   2.9996214e-02
  -2.6199038e-03   3.0556600e-02
   3.4030709e-02   2.8937725e-02
   4.1844760e-02   2.8378561e-02
   4.5820122e-02   2.6825907e-02
   5.1000979e-02   2.7846229e-02
   4.9731715e-02   2.9978663e-02
   4.3097840e-02   3.0974519e-02
   4.3067202e-02   2.8321520e-02
   4.5722476e-02   2.8347668e-02
   5.6343332e-02   2.7896993e-02
   6.4067873e-02   2.9409717e-02
   7.9609070e-02   2.8285093e-02
   7.5715300e-02   3.4610854e-02
   8.3836922e-02   3.0495011e-02
   8.1131968e-02   3.0993942e-02
   8.7516455e-02   2.9350626e-02
   8.5136981e-02   3.1544561e-02
   7.9661065e-02   3.1458915e-02
   7.8523760e-02   2.9946890e-02
   7.2043204e-02   3.1037148e-02
   6.9081279e-02   3.0887359e-02
   8.6724355e-02   2.9527369e-02
   8.2268032e-02   3.1979350e-02
   8.7598154e-02   2.9904252e-02
   1.0060995e-01   2.6187484e-02
   1.0199115e-01   2.8832458e-02
   1.0346175e-01   3.2563763e-02
   1.0861215e-01   3.0947687e-02
   1.1528871e-01   2.9390749e-02
   1.0466132e-01   3.3053752e-02
   1.1133297e-01   3.1498104e-02
   1.1768209e-01   2.8804067e-02
   1.1911387e-01   2.8305712e-02
   1.2427756e-01   3.3535310e-02
   1.3488487e-01   3.3018244e-02
   1.4407797e-01   3.1423048e-02
   2.0886633e-01   3.1835766e-02
   2.0576572e-01   3.4388880e-02
   2.1104842e-01   3.2805591e-02
   2.0092141e-01   3.4476560e-02
   2.1020493e-01   3.0787209e-02
   2.2879797e-01   3.1789715e-02
   2.4232714e-01   3.0570875e-02
   2.4599266e-01   3.6432654e-02
   2.4180587e-01   3.6417030e-02
   2.2953825e-01   3.5883288e-02
   2.3407174e-01   3.1247311e-02
   2.4460627e-01   3.0683417e-02
   2.6165527e-01   3.2166180e-02
   2.6945817e-01   3.4719928e-02
   2.7606645e-01   3.3650153e-02
   2.7734475e-01   3.4678578e-02
   2.7703218e-01   3.5679662e-02
   2.7697423e-01   3.7230952e-02
   2.8458809e-01   3.6634172e-02
   2.9211928e-01   2.9832501e-02
   2.9419730e-01   3.3005464e-02
   2.9984113e-01   3.8202376e-02
   2.9619014e-01   3.8263415e-02
   3.0062362e-01   3.6576239e-02
   2.9898951e-01   3.4112157e-02
   2.9151384e-01   3.4567195e-02
   2.8736311e-01   3.2492954e-02
   2.8353760e-01   3.7193177e-02
   2.7638611e-01   3.8192213e-02
   2.6936536e-01   3.7310967e-02
   2.7976770e-01   3.2563942e-02
   2.6792969e-01   3.3140031e-02
   2.5743883e-01   3.2672156e-02
   2.4521490e-01   3.4945016e-02
   2.3659741e-01   3.4880776e-02
   2.3390455e-01   3.6975985e-02
   2.3193162e-01   3.5836515e-02
   2.3725076e-01   3.3216835e-02
   2.3229473e-01   3.1192290e-02
   2.2729726e-01   3.0202089e-02
   2.1186150e-01   3.3978887e-02
   1.9800320e-01   3.8107279e-02
   2.0444171e-01   3.4915206e-02
   2.0580499e-01   3.2825750e-02
   2.0342194e-01   3.1302473e-02
   2.0383856e-01   3.0840769e-02
   2.0209745e-01   3.1828946e-02
   2.0056155e-01   3.2845437e-02
   1.8883776e-01   3.7622965e-02
   1.8523034e-01   3.9283624e-02
   1.7016267e-02   2.8418685e-02
   2.8822178e-02   2.9495930e-02
   1.9609295e-02   3.1018391e-02
   2.6101335e-03   2.8336578e-02
  -1.4443529e-02   2.6920695e-02
  -1.7091481e-02   2.3776667e-02
  -9.1721704e-03   2.7921789e-02
  -6.5256749e-03   2.7811540e-02
  -9.1344850e-03   2.9385433e-02
  -9.1812716e-03   2.7949571e-02
  -1.5677905e-02   2.7312241e-02
  -2.0917782e-02   3.0492191e-02
  -2.6203413e-02   2.8970419e-02
  -3.3973837e-02   2.5729814e-02
  -3.1431139e-02   2.2625154e-02
  -4.1821659e-02   2.3625386e-02
  -4.5863225e-02   2.7379061e-02
  -5.0998301e-02   2.8371630e-02
  -4.3097840e-02   3.0974519e-02
  -4.8337722e-02   2.7820746e-02
  -5.6278487e-02   2.9446850e-02
  -6.4163478e-02   2.4181915e-02
  -7.8503313e-02   2.2044315e-02
  -7.7194924e-02   2.2045602e-02
  -8.2328967e-02   2.4639827e-02
  -8.3510680e-02   2.9851021e-02
  -8.3528639e-02   2.7756212e-02
  -9.7966181e-02   2.9334337e-02
  -1.0489925e-01   1.9431697e-02
  -1.0457999e-01   2.0421542e-02
  -1.0728338e-01   2.2534686e-02
  -9.9312860e-02   2.5141863e-02
  -9.9288294e-02   2.7760807e-02
  -1.1661145e-01   2.8338620e-02
  -1.4126849e-01   2.5094469e-02
  -1.4538104e-01   2.1449035e-02
  -1.5064855e-01   1.8825010e-02
  -1.5032194e-01   2.1397644e-02
  -1.5569824e-01   2.1931034e-02
  -1.5812389e-01   2.4512184e-02
  -1.6351283e-01   2.4524453e-02
  -1.6251889e-01   2.5098328e-02
  -1.7006111e-01   2.3987838e-02
  -1.6455684e-01   1.9787213e-02
  -1.5918695e-01   1.8736477e-02
  -1.5958108e-01   2.5055249e-02
  -1.4882213e-01   2.5029188e-02
  -1.5170304e-01   2.7162005e-02
  -1.5595825e-01   2.5636373e-02
  -2.6178885e-01   1.5472198e-02
  -2.6060537e-01   2.2718537e-02
  -2.6216329e-01   2.3252684e-02
  -2.5665391e-01   2.3764565e-02
  -2.4707022e-01   2.0135433e-02
  -2.4477967e-01   1.4992211e-02
  -2.4392446e-01   1.7095933e-02
  -2.3310430e-01   2.2804373e-02
  -2.3224491e-01   2.3371640e-02
  -2.2543998e-01   2.4407263e-02
  -2.1930073e-01   2.5515964e-02
  -2.0956661e-01   2.0791819e-02
  -2.1483021e-01   1.9220457e-02
  -2.1373223e-01   1.9242097e-02
  -2.0673382e-01   2.1297495e-02
  -2.0427556e-01   2.3925141e-02
  -1.9436882e-01   2.4545506e-02
  -1.8968354e-01   2.3940085e-02
  -1.8468058e-01   2.0849243e-02
  -1.8860995e-01   2.0840628e-02
  -1.8078458e-01   1.8250476e-02
  -1.7699025e-01   2.1408493e-02
  -1.6855433e-01   2.6051578e-02
  -1.5855572e-01   2.7199586e-02
  -1.6510761e-01   2.7183242e-02
  -1.5963626e-01   2.0879374e-02
  -1.6092507e-01   2.2442661e-02
  -1.5032194e-01   2.1397644e-02
  -1.5028988e-01   2.4007113e-02
  -1.4548743e-01   2.4612065e-02
  -1.5206791e-01   2.2504957e-02
  -1.4784173e-01   2.2468386e-02
  -1.3984727e-01   2.2983123e-02
  -1.2575427e-01   1.9385791e-02
  -1.1786172e-01   2.3065955e-02
  -1.1543931e-01   2.6267653e-02
  -1.0463326e-01   2.6207275e-02
  -1.0894807e-01   2.9987346e-02
  -1.0103310e-01   2.3661995e-02
  -9.2799812e-02   2.2531008e-02
  -8.3604193e-02   1.6234766e-02
  -7.4642490e-02   2.3646360e-02
  -6.8146498e-02   2.6306828e-02
  -6.1541653e-02   3.4207221e-02
  -6.6973803e-02   3.4830377e-02
  -5.7542531e-02   2.7315259e-02
  -4.4448172e-02   1.9949034e-02
  -3.6684561e-02   1.6835598e-02
  -3.7950633e-02   1.9446319e-02
   1.1675227e-01   3.5230376e-02
   1.1905956e-01   3.2499150e-02
   1.2592111e-01   2.7298625e-02
   1.2938576e-01   2.3524302e-02
   1.3774009e-01   2.6225415e-02
   1.4379311e-01   3.1361435e-02
   1.3488825e-01   4.0395369e-02
   1.3754807e-01   3.8289106e-02
   1.4144994e-01   3.1953568e-02
   1.4387772e-01   2.5611838e-02
   1.4650066e-01   2.5083732e-02
   1.5592690e-01   2.7729138e-02
   1.4775633e-01   3.7135347e-02
   1.4699827e-01   3.8861161e-02
   1.6028126e-01   3.0948369e-02
   1.6674861e-01   2.7233188e-02
   1.7164157e-01   2.8211123e-02
   1.8057350e-01   3.1286531e-02
   1.7820735e-01   3.6059390e-02
   1.7710454e-01   4.1895392e-02
   1.8221391e-01   4.0263371e-02
   1.7959886e-01   3.2396892e-02
   1.8477265e-01   2.6608700e-02
   1.9226362e-01   2.6014508e-02
   1.9032014e-01   3.0303132e-02
   1.9633073e-01   3.6996566e-02
   1.9646860e-01   3.9118919e-02
   2.0360679e-01   3.9727092e-02
   2.1149357e-01   3.1825892e-02
   2.0964961e-01   2.7575870e-02
   2.0047744e-01   2.7605030e-02
   1.9931015e-01   3.0243120e-02
   2.0226065e-01   3.3426832e-02
   2.0713648e-01   3.9631773e-02
   2.0980472e-01   3.8055648e-02
   2.2243239e-01   3.1657322e-02
   2.3613741e-01   2.5436042e-02
   2.3391846e-01   2.8095398e-02
   2.3532884e-01   3.3324722e-02
   2.4175447e-01   3.7977760e-02
   2.3909165e-01   3.9032013e-02
   2.4301455e-01   3.9531463e-02
   2.5348250e-01   3.3209320e-02
   2.6415788e-01   2.7460017e-02
   2.6229408e-01   2.8447148e-02
   2.6759412e-01   3.5177604e-02
   2.7824673e-01   3.8257443e-02
   2.7979513e-01   3.9320997e-02
   2.8721102e-01   3.6619043e-02
   2.0354783e-01   3.4466249e-02
   2.0403746e-01   3.4847487e-02
   2.0226065e-01   3.3426832e-02
   1.9139733e-01   3.2356864e-02
   1.8093157e-01   3.1347642e-02
   1.6256649e-01   3.1927053e-02
   1.5205973e-01   3.3004756e-02
   1.4564065e-01   3.3580258e-02
   1.4273332e-01   3.3521502e-02
   1.5328996e-01   2.8782140e-02
   1.5735905e-01   2.9847684e-02
   1.5373863e-01   2.9391931e-02
   1.4765039e-01   3.5008881e-02
   1.3875948e-01   3.6151757e-02
   1.3340911e-01   3.5083641e-02
   1.2504276e-01   3.2153225e-02
   1.1803869e-01   2.8364105e-02
   1.1388996e-01   2.7266849e-02
   1.1374686e-01   2.9859229e-02
   1.0911896e-01   3.3736750e-02
   1.0463460e-01   3.5152403e-02
   9.7190181e-02   3.3726876e-02
   9.2930014e-02   2.8875685e-02
   8.9549582e-02   2.7469159e-02
   9.1549564e-02   2.6751050e-02
   8.2287039e-02   2.9882344e-02
   7.4694886e-02   3.5803158e-02
   6.9311165e-02   3.6265595e-02
   5.2395058e-02   3.1058957e-02
   4.3255003e-02   2.4221564e-02
   3.8056334e-02   2.2140038e-02
   2.8833996e-02   2.5282226e-02
   2.8852349e-02   2.8998028e-02
   1.9623997e-02   3.3154217e-02
   7.8587982e-03   3.1609776e-02
   3.9348307e-03   2.7950124e-02
   0.0000000e+00   2.1600398e-02
  -7.8645460e-03   2.4234161e-02
  -1.4445652e-02   2.5337125e-02
  -2.2265269e-02   3.2132589e-02
  -2.3559722e-02   2.8942745e-02
  -2.7543815e-02   2.7944149e-02
  -2.8799761e-02   2.7361892e-02
  -3.8011972e-02   2.4224529e-02
  -5.7768171e-02   2.7951259e-02
  -6.2881253e-02   2.9995696e-02
  -6.6703703e-02   2.6256098e-02
  -7.0988903e-02   2.4799578e-02
  -7.4854741e-02   2.5297909e-02
  -7.9884058e-02   2.3115523e-02
