  -2.5446708e-02   5.1315555e-02
  -1.3428309e-02   5.3647502e-02
  -3.1866487e-02   6.3881826e-02
  -5.4078646e-02   8.1921546e-02
  -5.3718901e-02   8.4089445e-02
  -5.7800803e-02   9.1989999e-02
  -4.8819256e-02   9.4096075e-02
  -5.8331572e-02   1.0405011e-01
  -6.0718634e-02   1.0189438e-01
  -7.3569431e-02   1.1196495e-01
  -8.0425596e-02   1.0504193e-01
  -7.6159351e-02   1.1583683e-01
  -7.6146806e-02   1.2375645e-01
  -7.7468572e-02   1.3293632e-01
  -9.8720841e-02   1.4912098e-01
  -8.1218098e-02   1.4242441e-01
  -8.7574659e-02   1.4904962e-01
  -6.1567012e-02   1.5312540e-01
  -6.9473650e-02   1.5378160e-01
  -7.8406119e-02   1.5973418e-01
  -8.0311752e-02   1.6651345e-01
  -1.0565092e-01   1.6838460e-01
  -8.6318057e-02   1.7806271e-01
  -8.6714843e-02   1.8264032e-01
  -8.4719989e-02   1.9636604e-01
  -8.1780338e-02   2.0036819e-01
  -8.1672914e-02   2.0571933e-01
  -8.5411212e-02   2.0732144e-01
  -8.9963757e-02   2.1023071e-01
  -8.4232086e-02   2.0653024e-01
  -1.0088243e-01   2.1904725e-01
  -9.2391982e-02   2.1853474e-01
  -8.9588447e-02   2.2212892e-01
  -8.4319761e-02   2.3023082e-01
  -8.3066022e-02   2.3343194e-01
  -7.8798222e-02   2.3607423e-01
  -8.8138202e-02   2.4403958e-01
  -8.7316901e-02   2.3757829e-01
  -9.0083539e-02   2.3268396e-01
  -8.9544696e-02   2.3032607e-01
  -8.8807797e-02   2.2801620e-01
  -9.2360794e-02   2.3256523e-01
  -8.3737798e-02   2.2017819e-01
  -8.3646176e-02   2.2180512e-01
  -8.8742281e-02   2.1696112e-01
  -9.2396239e-02   2.1539169e-01
  -8.8604397e-02   2.1468222e-01
  -8.9316011e-02   2.1755862e-01
  -8.8683461e-02   2.1177024e-01
  -8.8774762e-02   2.0703949e-01
  -8.4588793e-02   1.9821868e-01
  -7.4429867e-02   1.9630177e-01
  -7.2616755e-02   1.8683685e-01
  -8.4193446e-02   1.8275406e-01
  -8.3278994e-02   1.7519631e-01
  -8.3144961e-02   1.6892916e-01
  -9.3830238e-02   1.6557189e-01
  -8.4778655e-02   1.6494821e-01
  -7.9368455e-02   1.6378754e-01
  -7.3702923e-02   1.6030060e-01
  -7.7622591e-02   1.5330478e-01
  -7.0302559e-02   1.4039926e-01
  -7.0525395e-02   1.2651322e-01
  -6.9257110e-02   1.2035382e-01
  -7.3066812e-02   1.1396306e-01
  -6.8198143e-02   1.0842944e-01
  -8.0314657e-02   1.0321649e-01
  -7.0339272e-02   9.7944219e-02
  -5.7038889e-02   8.6810908e-02
  -6.3882069e-02   8.5974355e-02
  -6.0079466e-02   7.8495683e-02
  -4.5455822e-02   6.9253448e-02
  -6.0327859e-02   7.0519347e-02
  -5.4990687e-02   5.9559138e-02
  -5.2290617e-02   5.0796527e-02
  -5.6179181e-02   4.6864669e-02
  -5.9802480e-02   4.9251369e-02
  -4.2531467e-02   4.2270853e-02
  -3.8517499e-02   4.0093836e-02
  -2.6652448e-02   2.9468192e-02
  -1.3752060e-02  -1.6335006e-01
  -1.7560369e-02  -1.5704138e-01
  -1.0062945e-02  -1.5925864e-01
  -8.8268094e-03  -1.6026555e-01
  -1.0169683e-02  -1.5819589e-01
  -1.2742631e-02  -1.5744418e-01
  -5.1050915e-03  -1.5830345e-01
  -2.5520484e-03  -1.5074341e-01
  -5.0841365e-03  -1.4440005e-01
  -1.0181630e-02  -1.3949706e-01
  -1.0227849e-02  -1.3170239e-01
  -7.7176525e-03  -1.2692155e-01
  -7.7120890e-03  -1.2626399e-01
  -1.1621863e-02  -1.2238456e-01
  -1.2952005e-02  -1.1996375e-01
   0.0000000e+00  -1.1979818e-01
   0.0000000e+00  -1.0869036e-01
  -1.5824057e-02  -1.1031826e-01
  -1.1863190e-02  -1.1140347e-01
  -2.6286204e-03  -1.0266713e-01
  -7.8394903e-03  -9.9273112e-02
  -1.3007041e-02  -8.8417167e-02
  -1.8306508e-02  -7.3132833e-02
  -9.1425657e-03  -6.9818656e-02
  -1.1888366e-02  -5.9775994e-02
  -1.1953089e-02  -5.7932819e-02
  -3.9874706e-03  -5.9067610e-02
   0.0000000e+00  -5.2299084e-02
  -3.9944651e-03  -4.9938979e-02
  -2.2610103e-02  -4.4472702e-02
  -3.3362382e-02  -3.4892557e-02
  -2.6569079e-02  -3.0447442e-02
  -2.7785303e-02  -1.9133168e-02
  -4.6470385e-02  -1.0124510e-02
  -4.6657147e-02  -1.0700386e-02
  -3.3530335e-02  -1.0230439e-02
  -6.3758681e-02   1.6207169e-01
  -7.4792271e-02   1.7835156e-01
  -7.4400260e-02   1.8033763e-01
  -5.6160128e-02   1.8552878e-01
  -5.9443151e-02   1.9393016e-01
  -6.5009970e-02   2.0108889e-01
  -6.8776340e-02   1.9744012e-01
  -6.1068837e-02   2.0285532e-01
  -5.2745011e-02   2.0532173e-01
  -4.5464796e-02   2.0295625e-01
  -3.8884463e-02   2.0886365e-01
  -2.9976112e-02   2.0602007e-01
  -2.9977508e-02   2.1226065e-01
  -3.5004505e-02   2.1245412e-01
  -2.7561711e-02   2.1237981e-01
  -2.8967567e-02   2.1368504e-01
  -2.1605607e-02   2.0769283e-01
  -1.9052303e-02   2.0377976e-01
  -2.0366745e-02   1.9865480e-01
  -2.0316288e-02   1.9933585e-01
  -1.8977570e-02   2.0348716e-01
  -2.1419577e-02   1.9696641e-01
  -2.7601944e-02   2.0213656e-01
  -2.2694611e-02   1.9588359e-01
  -2.2767385e-02   1.9230198e-01
  -2.6613756e-02   1.8904945e-01
  -3.1716550e-02   1.8379611e-01
  -4.5730799e-02   1.7619092e-01
  -4.1926792e-02   1.6676932e-01
  -3.5501964e-02   1.6117126e-01
  -3.6861374e-02   1.5637951e-01
  -2.2831973e-02   1.5261528e-01
  -3.2851477e-02   1.5825831e-01
  -2.8042478e-02   1.4881031e-01
  -2.6857011e-02   1.4190433e-01
  -2.5768671e-02   1.3674640e-01
  -9.0251203e-03   1.2611134e-01
  -1.5486920e-02   1.2849164e-01
  -7.7762773e-03   1.2567883e-01
   3.8904985e-03   1.2181396e-01
   0.0000000e+00   1.2498988e-01
   3.9164331e-03   1.2040512e-01
   1.7149679e-02   1.0923529e-01
   2.3802096e-02   1.0554907e-01
   2.4984517e-02   9.8249275e-02
   1.4528822e-02   9.0928340e-02
   5.8912903e-02  -1.1292811e-01
   5.1536556e-02  -1.0760388e-01
   5.7525309e-02  -1.1766059e-01
   5.0065600e-02  -1.1710292e-01
   6.0398909e-02  -1.1940963e-01
   6.1775252e-02  -1.1570564e-01
   6.4389386e-02  -1.2636076e-01
   6.1752010e-02  -1.2400109e-01
   5.6147583e-02  -1.3356048e-01
   4.5787529e-02  -1.3649952e-01
   3.8138946e-02  -1.3533745e-01
   4.4547614e-02  -1.3492318e-01
   5.9749325e-02  -1.3749152e-01
   4.4666879e-02  -1.4209500e-01
   4.8036084e-02  -1.5139558e-01
   4.5482119e-02  -1.5646591e-01
   5.4146405e-02  -1.6276437e-01
   6.0665476e-02  -1.5760113e-01
   5.0535688e-02  -1.5644226e-01
   4.1775952e-02  -1.5051676e-01
   5.1692266e-02  -1.5265657e-01
   5.0364326e-02  -1.4733994e-01
   4.9138224e-02  -1.4182160e-01
   5.2957111e-02  -1.4023501e-01
   4.5469937e-02  -1.3215540e-01
   4.6907164e-02  -1.3267338e-01
   4.8321255e-02  -1.3253725e-01
   4.2259069e-02  -1.3017903e-01
   4.2328984e-02  -1.3096960e-01
   3.4805086e-02  -1.3111864e-01
   3.7585340e-02  -1.2562735e-01
   4.0195572e-02  -1.2455058e-01
   4.0340418e-02  -1.1825517e-01
   4.1820839e-02  -1.0980098e-01
   3.4018537e-02  -1.0104495e-01
   3.8334551e-02  -9.1525301e-02
   3.8429977e-02  -8.6767946e-02
   3.0424294e-02  -7.8914747e-02
   3.3073754e-02  -7.0715530e-02
   2.6631963e-02  -6.4620800e-02
   2.5251152e-02  -5.9593822e-02
   2.8153741e-02  -5.1365759e-02
   3.0775536e-02  -4.4738518e-02
   2.0095797e-02  -3.6119905e-02
   1.8788775e-02  -3.8354912e-02
   1.2087504e-02  -3.2414538e-02
  -8.6162287e-02   1.4945102e-01
  -7.7940601e-02   1.5929660e-01
  -5.8019184e-02   1.6582215e-01
  -8.1697008e-02   1.7629190e-01
  -9.0156863e-02   1.8356361e-01
  -8.8064564e-02   2.0540500e-01
  -8.2714717e-02   2.0025148e-01
  -9.6981576e-02   2.1552805e-01
  -9.2591505e-02   2.1528918e-01
  -9.8239573e-02   2.2439555e-01
  -8.5918220e-02   2.2109663e-01
  -9.7116000e-02   2.2410106e-01
  -9.7248947e-02   2.2510071e-01
  -1.0053718e-01   2.3155181e-01
  -9.8802288e-02   2.2654886e-01
  -9.7017304e-02   2.3153964e-01
  -9.6673771e-02   2.2697160e-01
  -9.0607201e-02   2.2058899e-01
  -8.9923063e-02   2.3018073e-01
  -9.6395940e-02   2.2363368e-01
  -9.6644224e-02   2.1982484e-01
  -9.4986159e-02   2.2003000e-01
  -9.4945142e-02   2.1298295e-01
  -9.9835940e-02   2.1453128e-01
  -9.6848307e-02   2.1144814e-01
  -9.3163319e-02   2.0297917e-01
  -9.3413146e-02   1.9871714e-01
  -8.3975124e-02   1.9355030e-01
  -8.6986802e-02   1.8033032e-01
  -8.1970449e-02   1.7806573e-01
  -7.6879955e-02   1.7562534e-01
  -8.0660275e-02   1.7382170e-01
  -8.0753748e-02   1.6993067e-01
  -8.3783601e-02   1.6051159e-01
  -8.0493733e-02   1.5585088e-01
  -7.3899476e-02   1.5542979e-01
  -6.7862292e-02   1.4763478e-01
  -6.3237288e-02   1.3741764e-01
  -5.4359159e-02   1.2877441e-01
  -5.3045161e-02   1.2253162e-01
  -6.0902900e-02   1.1098006e-01
  -6.8826371e-02   1.0510736e-01
  -6.7918663e-02   9.4152917e-02
  -5.7527795e-02   8.4441379e-02
  -5.5128576e-02   8.4788241e-02
  -5.3768190e-02   8.0896175e-02
  -4.8647807e-02   7.5129056e-02
   0.0000000e+00  -1.1253792e-01
   0.0000000e+00  -1.2033300e-01
  -1.2910883e-03  -1.1789573e-01
  -1.8020077e-02  -1.1031796e-01
  -1.7974094e-02  -1.1941010e-01
   0.0000000e+00  -1.2448959e-01
   1.2743070e-03  -1.2069301e-01
   6.3459866e-03  -1.2791139e-01
   7.6026796e-03  -1.2713499e-01
   7.6063567e-03  -1.2830802e-01
  -5.0883584e-03  -1.2489011e-01
  -3.8399487e-03  -1.3130810e-01
   0.0000000e+00  -1.3130869e-01
  -8.9616500e-03  -1.3754171e-01
  -1.7785806e-02  -1.3472382e-01
  -1.6615898e-02  -1.3672845e-01
  -3.0740581e-02  -1.3644352e-01
  -1.6674865e-02  -1.3554515e-01
  -1.5494653e-02  -1.3195607e-01
  -1.2820145e-02  -1.3887854e-01
  -1.5433510e-02  -1.4278469e-01
  -1.5300071e-02  -1.4202977e-01
  -2.1585576e-02  -1.4649588e-01
  -1.7759890e-02  -1.4635663e-01
  -1.1384388e-02  -1.4195863e-01
  -5.0508558e-03  -1.4564369e-01
  -5.0478750e-03  -1.4273155e-01
  -5.0491281e-03  -1.4220681e-01
   1.2559649e-03  -1.4649549e-01
   0.0000000e+00  -1.3905941e-01
   2.5347089e-03  -1.3999972e-01
   2.5507901e-03  -1.3925047e-01
   1.2778693e-03  -1.3501492e-01
   2.5641923e-03  -1.3210184e-01
  -3.8590095e-03  -1.3143515e-01
   3.8872562e-03  -1.2621537e-01
   1.1712844e-02  -1.2057135e-01
   9.1423330e-03  -1.1932762e-01
   2.6145817e-03  -1.1437666e-01
   6.5582357e-03  -1.1364691e-01
   1.0539337e-02  -1.0739969e-01
   9.2402772e-03  -9.5871558e-02
   6.6302599e-03  -8.7972383e-02
   7.9623409e-03  -8.1951678e-02
   9.2860523e-03  -7.5866105e-02
   3.9812429e-03  -7.0415496e-02
   2.6497358e-03  -7.3029232e-02
  -6.4123483e-02   1.1155461e-01
  -6.2791608e-02   1.1769790e-01
  -5.7602269e-02   1.1837765e-01
  -6.5259556e-02   1.2078800e-01
  -7.5459011e-02   1.2597316e-01
  -6.8908219e-02   1.2989362e-01
  -8.2008086e-02   1.3397742e-01
  -7.9164092e-02   1.4274929e-01
  -7.3372481e-02   1.5717241e-01
  -7.9571111e-02   1.5895446e-01
  -7.5488794e-02   1.6667221e-01
  -7.5606484e-02   1.6754919e-01
  -7.9093473e-02   1.7201661e-01
  -8.0076449e-02   1.7309253e-01
  -7.9980175e-02   1.7702239e-01
  -1.0200089e-01   1.8891909e-01
  -6.4660921e-02   1.8468548e-01
  -9.1276575e-02   1.8804670e-01
  -7.7156139e-02   1.9196359e-01
  -7.6704327e-02   1.9984901e-01
  -8.1351540e-02   2.0241255e-01
  -8.4697866e-02   2.0988623e-01
  -8.1977187e-02   2.1109898e-01
  -8.1131859e-02   2.1293778e-01
  -7.7756009e-02   2.1038544e-01
  -7.9094003e-02   2.1188486e-01
  -7.3046918e-02   2.0707321e-01
  -6.9233312e-02   2.0949259e-01
  -7.3980099e-02   2.0913027e-01
  -7.1485363e-02   2.1045064e-01
  -8.0136331e-02   2.1436145e-01
  -7.6246376e-02   2.1083642e-01
  -7.8911152e-02   2.0757444e-01
  -7.6226045e-02   2.0333336e-01
  -7.7744535e-02   2.0104441e-01
  -7.8265601e-02   1.8848992e-01
  -7.5034543e-02   1.8281950e-01
  -6.3825788e-02   1.7643764e-01
  -6.3766925e-02   1.7446418e-01
  -6.5021782e-02   1.7320248e-01
  -7.2791084e-02   1.6457887e-01
  -6.6156770e-02   1.6219667e-01
  -5.8805276e-02   1.5492905e-01
  -6.0123590e-02   1.4753135e-01
  -7.0423133e-02   1.4761866e-01
  -8.1459250e-02   1.3758495e-01
  -7.1423420e-02   1.3028420e-01
  -1.8111338e-02  -7.6081800e-02
  -2.9755498e-02  -6.8065427e-02
  -2.3218431e-02  -7.5851797e-02
  -1.4355117e-02  -8.0555127e-02
  -9.0901346e-03  -9.0446895e-02
  -1.9443702e-02  -9.2990599e-02
  -1.6768226e-02  -1.0177258e-01
  -2.5842579e-03  -1.0525927e-01
  -2.5847471e-03  -1.0748230e-01
  -6.4955565e-03  -1.0695648e-01
  -6.4622301e-03  -1.1523903e-01
  -1.9339165e-02  -1.1382338e-01
  -1.5590415e-02  -1.1474489e-01
  -7.7775745e-03  -1.1280920e-01
  -1.1703031e-02  -1.0983453e-01
  -5.1672162e-03  -1.2862937e-01
  -7.7031067e-03  -1.3795729e-01
  -2.0537665e-02  -1.3394464e-01
  -6.3583786e-03  -1.4334153e-01
  -8.8452445e-03  -1.5029486e-01
  -1.3817922e-02  -1.5216919e-01
  -1.7553903e-02  -1.6156333e-01
  -1.2573658e-02  -1.6380043e-01
  -8.8260201e-03  -1.5852057e-01
   3.7863804e-03  -1.6042885e-01
  -7.6016149e-03  -1.5301423e-01
  -6.2932049e-03  -1.5022610e-01
   0.0000000e+00  -1.5112871e-01
   5.0345640e-03  -1.5022677e-01
  -2.5198860e-03  -1.4812657e-01
   1.2644020e-03  -1.4698800e-01
  -2.5424124e-03  -1.3989016e-01
  -2.5398979e-03  -1.4200171e-01
  -2.5376862e-03  -1.3961205e-01
  -6.3299488e-03  -1.3145096e-01
  -5.0872317e-03  -1.2541486e-01
   0.0000000e+00  -1.2364905e-01
   0.0000000e+00  -1.2508000e-01
   1.4215762e-02  -1.2529414e-01
   1.6867515e-02  -1.2299648e-01
   1.2961662e-02  -1.1558210e-01
   0.0000000e+00  -1.0855422e-01
  -5.9216329e-02   7.5712830e-02
  -5.3085277e-02   7.8035145e-02
  -5.2209933e-02   7.9843843e-02
  -4.6525019e-02   8.3147912e-02
  -7.0534731e-02   9.2627370e-02
  -6.5245088e-02   9.1021726e-02
  -6.6103168e-02   1.0316174e-01
  -7.2843046e-02   1.0669903e-01
  -7.0667027e-02   1.0518843e-01
  -5.4579252e-02   1.0961397e-01
  -5.0260294e-02   1.2083286e-01
  -5.2118143e-02   1.2969979e-01
  -7.3563818e-02   1.3508451e-01
  -8.3944956e-02   1.3796322e-01
  -6.8573736e-02   1.4062863e-01
  -6.2993935e-02   1.4516258e-01
  -5.1245169e-02   1.4482599e-01
  -4.2038321e-02   1.4954585e-01
  -3.3965401e-02   1.5457335e-01
  -3.4970953e-02   1.5725828e-01
  -4.6309499e-02   1.6251039e-01
  -5.1338555e-02   1.6859432e-01
  -5.1461646e-02   1.6606165e-01
  -4.8771627e-02   1.6860799e-01
  -4.4771877e-02   1.7098105e-01
  -3.7151604e-02   1.6831766e-01
  -2.0361604e-02   1.7306038e-01
  -2.2830655e-02   1.7717419e-01
  -2.2809804e-02   1.7520860e-01
  -3.8015605e-02   1.8052498e-01
  -5.1729041e-02   1.8617176e-01
  -5.0608597e-02   1.8314550e-01
  -4.5646814e-02   1.9151510e-01
  -3.8358949e-02   1.8783469e-01
  -4.2129058e-02   1.8871102e-01
  -5.0730480e-02   1.8424224e-01
  -5.9242586e-02   1.8773054e-01
  -4.9064075e-02   1.9101609e-01
  -4.2786636e-02   1.9721676e-01
  -4.3995850e-02   2.0064653e-01
  -4.1487445e-02   2.0689657e-01
  -3.9021188e-02   2.0657976e-01
  -4.7967419e-02   2.0532104e-01
  -5.2979909e-02   2.0637272e-01
  -6.0496668e-02   2.0924299e-01
  -6.4625903e-02   2.0235326e-01
  -5.9404743e-02   1.9994278e-01
  -7.4097012e-02   1.9914573e-01
  -7.4464985e-02   1.9277913e-01
  -2.5296941e-02   1.5506737e-02
  -2.1244378e-02   9.0632123e-03
  -2.6505971e-02  -1.0640425e-03
  -2.1182688e-02  -4.7837371e-03
  -1.0644723e-02  -4.8083114e-03
  -3.9906684e-03  -1.3356794e-02
   0.0000000e+00  -1.4396378e-02
   5.3092899e-03  -1.6529041e-02
   1.3215842e-02  -2.1241419e-02
   5.2689206e-03  -2.4884916e-02
   1.0510299e-02  -3.9140469e-02
   2.6199632e-03  -3.8497436e-02
   5.2406541e-03  -4.4342278e-02
   6.5329438e-03  -5.4317736e-02
   1.8330979e-02  -5.8706845e-02
   3.5371732e-02  -6.0866973e-02
   3.9370548e-02  -6.2044103e-02
   5.1036380e-02  -6.1310862e-02
   4.4598975e-02  -6.4157048e-02
   4.7008464e-02  -7.4607111e-02
   4.7127183e-02  -7.6423241e-02
   5.3728933e-02  -9.0124621e-02
   5.3385971e-02  -9.4449389e-02
   5.4669027e-02  -9.5506645e-02
   4.6624773e-02  -9.5581524e-02
   2.7341360e-02  -8.8490490e-02
   2.4639859e-02  -9.4663622e-02
   2.8513800e-02  -1.0226525e-01
   3.2272083e-02  -1.0787062e-01
   3.1998670e-02  -1.1955553e-01
   1.0279628e-02  -1.1730434e-01
   6.4287985e-03  -1.1572139e-01
   1.1618478e-02  -1.1565096e-01
   1.2990232e-02  -1.1249934e-01
   1.2902443e-02  -1.1447428e-01
   6.4423825e-03  -1.2042892e-01
   3.8815006e-03  -1.1759987e-01
   8.9746729e-03  -1.3209886e-01
   1.2904607e-03  -1.2398588e-01
  -1.2814876e-02  -1.3090345e-01
  -1.7842319e-02  -1.4082539e-01
  -8.9255701e-03  -1.3977680e-01
  -5.0883088e-03  -1.4055721e-01
  -7.6182695e-03  -1.4027611e-01
  -1.4015483e-02  -1.4136010e-01
  -7.6455214e-03  -1.3685697e-01
  -3.8117384e-03  -1.4094559e-01
  -1.9100894e-02  -1.3393533e-01
  -1.2589501e-03  -1.3510820e-01
