   3.7680013e-01   1.4679236e-01
  -1.0832056e-01   2.2055658e-01
  -1.2487756e-01   2.1809476e-01
  -1.3133429e-01   2.2280869e-01
  -1.5190830e-01   2.1383877e-01
  -1.7895927e-01   2.1668919e-01
  -1.9097562e-01   2.1726775e-01
  -1.9293846e-01   2.0335124e-01
  -2.1019972e-01   2.0612464e-01
  -1.7504193e-01   1.9570465e-01
  -1.8951366e-01   2.0331581e-01
  -1.8540478e-01   1.8511381e-01
  -1.8564545e-01   1.9934422e-01
  -1.7795640e-01   1.7856492e-01
  -1.9349954e-01   1.8668033e-01
  -1.8429013e-01   1.7717070e-01
  -1.9568579e-01   1.7289516e-01
  -1.7942877e-01   1.5786661e-01
  -1.8362183e-01   1.6587956e-01
  -1.7300110e-01   1.5227742e-01
  -1.8220669e-01   1.5495528e-01
  -1.6106697e-01   1.4555476e-01
  -1.6201944e-01   1.4635437e-01
  -1.6388552e-01   1.3535582e-01
  -1.5276999e-01   1.2877003e-01
  -1.4802579e-01   1.2176209e-01
  -1.4550645e-01   1.1321311e-01
  -1.3831148e-01   1.0595739e-01
  -1.4631533e-01   1.0110906e-01
  -1.2211306e-01   9.6491691e-02
  -1.1236734e-01   9.6905722e-02
  -1.1313697e-01   7.6209623e-02
  -1.0762407e-01   7.2819619e-02
  -1.0451822e-01   6.8135302e-02
  -1.0012077e-01   6.6797932e-02
  -1.0248150e-01   5.7340631e-02
  -1.0925750e-01   5.6838916e-02
  -9.8906681e-02   5.6509840e-02
  -9.8075637e-02   5.0799379e-02
  -8.7506204e-02   3.7851054e-02
  -7.9347988e-02   3.7827181e-02
  -6.7126539e-02   3.5611267e-02
  -7.0239404e-02   2.6570921e-02
  -5.0655762e-02   2.6239486e-02
  -2.5096607e-02   1.3791300e-02
  -3.9121192e-03   1.1521689e-02
   5.2479256e-03   7.9025220e-03
   1.7073942e-02  -4.7458716e-03
   2.5004973e-02  -5.2831997e-04
   2.7670264e-01  -5.3594859e-02
   2.8569617e-01  -4.8700731e-02
   2.8951368e-01  -5.1809873e-02
   2.9647083e-01  -4.5071160e-02
   3.0055033e-01  -4.2453311e-02
   3.0273165e-01  -4.5496463e-02
   3.1196565e-01  -2.8968784e-02
   3.1198301e-01  -2.8451484e-02
   3.0846808e-01  -3.3192525e-02
   3.1994696e-01  -2.4997450e-02
   3.1003162e-01  -2.0386628e-02
   3.2879626e-01  -1.7787490e-02
   3.3891838e-01  -1.4071171e-02
   3.3127971e-01  -9.9258080e-03
   3.3234364e-01  -1.5653603e-03
   3.2696415e-01   3.6709110e-03
   3.4196173e-01  -4.6547929e-03
   3.4008623e-01   2.3018476e-02
   3.4536353e-01   1.2008990e-02
   3.5051695e-01   1.8701928e-02
   3.4759907e-01   3.5377140e-02
   3.4557456e-01   3.6505193e-02
   3.5200856e-01   3.8295726e-02
   3.5260815e-01   4.6823616e-02
   3.6183839e-01   4.8117354e-02
   3.7818980e-01   6.6733215e-02
   3.9250619e-01   6.3788169e-02
   4.0161519e-01   6.1707324e-02
   4.0569181e-01   7.5470493e-02
   4.0622320e-01   8.8027548e-02
   4.2093776e-01   8.6595614e-02
   4.1755272e-01   9.1643180e-02
   4.3256419e-01   9.3628795e-02
   4.1964819e-01   1.1222060e-01
   4.1349191e-01   1.0632203e-01
   4.2466217e-01   1.0889235e-01
   4.2714817e-01   1.2426471e-01
   4.0644176e-01   1.3061284e-01
   3.9669457e-01   1.3140277e-01
   4.0589788e-01   1.3398418e-01
   3.9339304e-01   1.4704195e-01
   3.7932545e-01   1.4830929e-01
   3.7754104e-01   1.4873755e-01
   3.8382621e-01   1.5297599e-01
   3.6362668e-01   1.6304739e-01
   3.5458458e-01   1.5763682e-01
   3.4312074e-01   1.7003790e-01
   3.2737836e-01   1.5460840e-01
   3.1768464e-01   1.6544390e-01
   2.9805895e-01   1.7526236e-01
  -1.3057506e-01   1.8912825e-01
  -1.3493003e-01   1.9326585e-01
  -1.5336995e-01   1.9372524e-01
  -1.6538040e-01   1.7607001e-01
  -1.9754010e-01   2.0001481e-01
  -1.9919657e-01   1.6812034e-01
  -2.2312363e-01   1.8677348e-01
  -2.0571509e-01   1.7577745e-01
  -2.1358784e-01   1.6964757e-01
  -2.1527319e-01   1.4976727e-01
  -2.2666570e-01   1.6963262e-01
  -2.2435261e-01   1.5274521e-01
  -2.3990057e-01   1.4547111e-01
  -2.1726326e-01   1.3312520e-01
  -2.5983070e-01   1.4967927e-01
  -2.4679372e-01   1.1434647e-01
  -2.4050825e-01   1.2413674e-01
  -2.6695585e-01   1.1967191e-01
  -3.0285422e-01   1.3576307e-01
  -3.0329025e-01   1.0029854e-01
  -3.2363681e-01   1.2036677e-01
  -3.2513021e-01   9.8272642e-02
  -3.6218823e-01   1.1402397e-01
  -3.4410095e-01   8.9335478e-02
  -3.5028714e-01   1.0979459e-01
  -3.2932796e-01   8.7388417e-02
  -3.3851515e-01   9.1156661e-02
  -3.0245304e-01   6.8886121e-02
  -3.0791345e-01   6.8149247e-02
  -2.9817705e-01   6.0106038e-02
  -3.0724786e-01   6.9476936e-02
  -2.8784938e-01   4.0989097e-02
  -2.6810456e-01   3.2727886e-02
  -2.8294858e-01   3.8741257e-02
  -3.0090541e-01   4.3856568e-02
  -2.8906216e-01   2.5991165e-02
  -2.8691187e-01   1.7368395e-02
  -2.7449518e-01   1.8344446e-02
  -2.7080436e-01   1.8466535e-02
  -2.5511307e-01   1.2113772e-02
  -2.4482366e-01   5.7784549e-03
  -2.3598266e-01  -6.3239644e-03
  -2.1444306e-01  -4.2231369e-03
  -2.0909815e-01  -7.9233825e-03
  -2.0049587e-01  -1.7519203e-02
  -2.0270663e-01  -1.2789961e-02
  -2.1519651e-01  -1.5463364e-02
  -1.9552548e-01  -2.5215225e-02
  -2.1031747e-01  -2.5569038e-02
   2.1840804e-01  -2.4207211e-02
   2.2426631e-01  -9.6860729e-03
   2.2526230e-01  -2.7182461e-03
   2.5711607e-01  -4.3351857e-03
   2.8079249e-01   0.0000000e+00
   3.0416392e-01   7.0010709e-03
   3.2274100e-01   5.3796573e-03
   3.3483645e-01   6.4891845e-03
   3.4152143e-01   1.7138589e-02
   3.3748507e-01   2.3314580e-02
   3.6095115e-01   1.9761725e-02
   3.6991048e-01   1.5495626e-02
   3.7454784e-01   2.6290068e-02
   3.7800405e-01   4.1371977e-02
   3.8683011e-01   4.0864633e-02
   4.0504959e-01   4.0791746e-02
   4.1754960e-01   4.2523460e-02
   4.3907253e-01   6.8491750e-02
   4.5708320e-01   6.2105989e-02
   4.7074830e-01   6.4482847e-02
   4.9149378e-01   6.4761474e-02
   4.8584534e-01   7.2609131e-02
   4.9328014e-01   7.9169637e-02
   4.9744525e-01   8.3017629e-02
   4.9526658e-01   9.5870507e-02
   4.9476746e-01   1.0366461e-01
   4.9170721e-01   1.0231666e-01
   5.0428315e-01   1.0370044e-01
   4.8551686e-01   1.0785345e-01
   4.9607797e-01   1.1148063e-01
   4.9940058e-01   1.1653121e-01
   5.0071425e-01   1.2240267e-01
   4.9987761e-01   1.2681302e-01
   4.7641055e-01   1.1943093e-01
   4.5963261e-01   1.3020221e-01
   4.5033215e-01   1.4507439e-01
   4.2716801e-01   1.3860533e-01
   4.2110090e-01   1.3295922e-01
   4.0074602e-01   1.5585622e-01
   3.8351321e-01   1.6072281e-01
   3.8443011e-01   1.5828647e-01
   3.7047572e-01   1.5155304e-01
   3.4458578e-01   1.6200454e-01
   3.2409521e-01   1.6944300e-01
   3.1776270e-01   1.7587231e-01
   3.0245922e-01   1.7065782e-01
   2.8383557e-01   1.7193986e-01
   2.8785730e-01   1.7876331e-01
   2.5201880e-01   1.8020107e-01
  -3.6546302e-01   1.9086008e-01
  -3.5146832e-01   1.8156082e-01
  -3.4725612e-01   1.8649892e-01
  -3.3526007e-01   1.7996531e-01
  -3.2911988e-01   1.4650076e-01
  -3.2260471e-01   1.4217046e-01
  -3.1085915e-01   1.3966057e-01
  -3.1326569e-01   1.3051942e-01
  -2.9936442e-01   1.1843777e-01
  -3.0716082e-01   1.1222783e-01
  -3.1281986e-01   9.9250017e-02
  -3.2088431e-01   9.6121620e-02
  -3.1501754e-01   7.4317942e-02
  -2.9905462e-01   7.0103478e-02
  -2.8034383e-01   6.8146524e-02
  -2.8085953e-01   4.9909542e-02
  -2.7555414e-01   4.3137426e-02
  -2.7243648e-01   3.0659586e-02
  -2.8398602e-01   2.6261367e-02
  -2.9065566e-01   2.5660171e-02
  -3.1739614e-01   2.6117486e-02
  -3.0651898e-01   3.7801685e-03
  -3.1962194e-01   1.0799041e-03
  -3.2516782e-01   6.9542303e-03
  -3.1635942e-01   2.6622103e-03
  -3.0487607e-01  -9.5433360e-03
  -2.9412107e-01  -1.4281409e-02
  -2.8482493e-01  -2.0387778e-02
  -2.7849242e-01  -2.7127561e-02
  -2.8148402e-01  -2.5054702e-02
  -2.7392077e-01  -3.0369964e-02
  -2.7789175e-01  -3.3134850e-02
  -2.5969242e-01  -3.5049461e-02
  -2.4343164e-01  -4.2682941e-02
  -2.4845335e-01  -5.1343265e-02
  -2.4169877e-01  -5.4536179e-02
  -2.5068747e-01  -4.3342342e-02
  -2.4691608e-01  -4.6833517e-02
  -2.4864305e-01  -5.0312191e-02
  -2.5481111e-01  -5.3574792e-02
  -2.5533292e-01  -5.0299225e-02
  -2.6337205e-01  -5.3634688e-02
  -2.6602203e-01  -5.6702278e-02
  -2.6907555e-01  -5.2939318e-02
  -2.6861272e-01  -6.4899319e-02
  -2.6560509e-01  -6.4102285e-02
  -2.7042635e-01  -7.0681941e-02
  -2.4027613e-01  -6.8955844e-02
  -2.1237691e-01  -8.2076545e-02
   1.8745276e-01  -7.4716793e-02
   1.9530133e-01  -8.0598900e-02
   1.9745465e-01  -7.2726355e-02
   2.2286504e-01  -7.1439546e-02
   2.2940192e-01  -6.1076161e-02
   2.4872540e-01  -6.8260019e-02
   2.4861801e-01  -5.1653779e-02
   2.7086623e-01  -5.3009432e-02
   2.7202220e-01  -4.6321203e-02
   2.9534409e-01  -4.2214662e-02
   3.0842828e-01  -3.7681524e-02
   3.2030490e-01  -3.9854922e-02
   3.2507863e-01  -2.9898803e-02
   3.3118198e-01  -2.8352522e-02
   3.4931827e-01  -2.8200658e-02
   3.4837467e-01  -2.2301751e-02
   3.5941264e-01  -1.8060160e-02
   3.7151569e-01  -1.2355211e-02
   3.7520058e-01  -6.2107924e-03
   3.9811298e-01  -5.6494264e-03
   3.9393118e-01  -8.7651015e-03
   3.8537890e-01   4.1404631e-03
   3.9723957e-01   1.7553109e-02
   4.1306497e-01   1.8694198e-02
   4.3106189e-01   2.0192510e-02
   4.2942748e-01   2.6495467e-02
   4.3385716e-01   3.6806625e-02
   4.3823838e-01   3.8880461e-02
   4.3991216e-01   4.0727318e-02
   4.6255078e-01   4.3453716e-02
   4.6446403e-01   4.4260981e-02
   4.7186851e-01   5.5868499e-02
   4.7895161e-01   6.1517048e-02
   4.7550483e-01   6.0607035e-02
   4.7466221e-01   6.3630780e-02
   4.9488027e-01   7.2341912e-02
   4.7340439e-01   7.8551358e-02
   4.9100883e-01   8.4349919e-02
   4.5996972e-01   1.0307824e-01
   4.7143720e-01   9.6064832e-02
   4.6452563e-01   1.0946673e-01
   4.7428557e-01   1.0850141e-01
   4.7223185e-01   1.1441242e-01
   4.7414127e-01   1.1580009e-01
   4.7029302e-01   1.2040055e-01
   4.7015843e-01   1.2578391e-01
   4.4778626e-01   1.3700701e-01
   4.2430409e-01   1.4199934e-01
   4.1026371e-01   1.5045954e-01
   4.0228530e-01   1.5524997e-01
  -1.1940305e-01   2.1312387e-01
  -1.7260963e-01   2.1194127e-01
  -1.8015619e-01   2.1264741e-01
  -1.8839705e-01   2.0998177e-01
  -2.0828553e-01   2.0180363e-01
  -2.4030981e-01   2.1813926e-01
  -2.7500408e-01   2.1476540e-01
  -2.8236404e-01   2.0848537e-01
  -3.0448617e-01   2.0194022e-01
  -3.3093183e-01   2.0699122e-01
  -3.1851118e-01   2.1070918e-01
  -3.4032248e-01   1.9733489e-01
  -3.4318043e-01   1.8979084e-01
  -3.2695150e-01   1.8833897e-01
  -3.5038130e-01   1.9007135e-01
  -3.5581200e-01   1.6207412e-01
  -3.7376279e-01   1.6589248e-01
  -3.6733982e-01   1.6204493e-01
  -3.7675650e-01   1.6062164e-01
  -3.7864605e-01   1.5029014e-01
  -3.9500776e-01   1.4749047e-01
  -4.0926246e-01   1.5137907e-01
  -4.1881631e-01   1.4464037e-01
  -4.2843090e-01   1.3358268e-01
  -4.4264574e-01   1.3284435e-01
  -4.3009914e-01   1.2760345e-01
  -4.2659972e-01   1.1772710e-01
  -4.2921623e-01   1.1091615e-01
  -4.2894951e-01   1.0199460e-01
  -4.0731973e-01   8.3600629e-02
  -3.9816631e-01   8.5538651e-02
  -4.1371651e-01   8.6523180e-02
  -4.1924521e-01   8.1991971e-02
  -3.9356879e-01   7.2575855e-02
  -3.7402164e-01   5.6693457e-02
  -3.8358682e-01   5.1371573e-02
  -3.9943671e-01   5.8117228e-02
  -3.8867228e-01   5.7016110e-02
  -3.7285081e-01   3.3739285e-02
  -3.5350612e-01   2.9110387e-02
  -3.4580313e-01   2.4048139e-02
  -3.6405111e-01   3.0944667e-02
  -3.5212003e-01   2.8116331e-02
  -3.7509571e-01   8.1094041e-03
  -3.8345565e-01   1.0794292e-02
  -3.5152767e-01   1.7124553e-02
  -3.4986883e-01  -6.3905270e-03
  -3.7470921e-01   1.1095100e-02
  -3.6779226e-01   3.6881917e-03
  -3.2609937e-02  -1.5550974e-01
  -1.9678351e-02  -1.4820722e-01
   1.5702198e-02  -1.5133894e-01
   3.2645996e-02  -1.4920050e-01
   6.6923985e-02  -1.5953209e-01
   6.6178856e-02  -1.6335554e-01
   6.7484927e-02  -1.5920858e-01
   6.7206259e-02  -1.5731655e-01
   8.4173814e-02  -1.5929876e-01
   1.0226724e-01  -1.5711454e-01
   1.0522353e-01  -1.6859467e-01
   1.3099017e-01  -1.5788336e-01
   1.5062216e-01  -1.6313456e-01
   1.4866133e-01  -1.4357053e-01
   1.6586310e-01  -1.4634831e-01
   1.5772126e-01  -1.3873707e-01
   1.6796803e-01  -1.3422481e-01
   1.7117363e-01  -1.2198877e-01
   1.6975727e-01  -1.2079816e-01
   1.8140459e-01  -1.0916544e-01
   1.9458727e-01  -1.0806115e-01
   1.9588362e-01  -1.0297513e-01
   2.1101952e-01  -9.6338406e-02
   2.1704276e-01  -8.6593615e-02
   2.5004248e-01  -8.4020577e-02
   2.6968889e-01  -7.9405744e-02
   2.8476686e-01  -7.6151804e-02
   2.9259420e-01  -7.2082520e-02
   2.9823647e-01  -7.0272038e-02
   3.0624996e-01  -5.8685329e-02
   3.1585468e-01  -6.4208280e-02
   3.2259123e-01  -5.8625597e-02
   3.4143434e-01  -4.8558958e-02
   3.4516468e-01  -4.3109844e-02
   3.6432790e-01  -4.4413962e-02
   3.6527872e-01  -2.8518819e-02
   3.8660222e-01  -2.8709581e-02
   4.0092172e-01  -2.6042771e-02
   4.1080983e-01  -1.8419657e-02
   4.1169642e-01  -1.2854358e-02
   4.1879250e-01  -1.4389245e-02
   4.2392504e-01  -5.6238460e-03
   4.4440441e-01  -7.1103008e-03
   4.5199755e-01   9.1721230e-03
   4.5280986e-01   1.4293746e-02
   4.5194859e-01   1.4867712e-02
   4.5645262e-01   1.8569512e-02
   4.5771580e-01   3.2098891e-02
   4.6220666e-01   3.0871386e-02
   2.9796997e-01   1.7044209e-01
   2.6363470e-01   1.7860803e-01
   2.6423513e-01   1.8247870e-01
   2.7103910e-01   1.7835564e-01
   2.1492829e-01   1.9218660e-01
   2.1240047e-01   1.9670217e-01
   2.0086209e-01   1.9576627e-01
   2.0468978e-01   1.8941403e-01
   1.6410580e-01   1.9784347e-01
   1.4184633e-01   1.9656309e-01
   1.3470935e-01   1.9958110e-01
   1.2985561e-01   2.0725961e-01
   1.1747690e-01   1.9346609e-01
   9.7767098e-02   2.0109006e-01
   7.8382273e-02   1.9979561e-01
   4.7193869e-02   2.1162260e-01
   4.7461226e-02   2.0280499e-01
   2.2026225e-02   2.0527240e-01
   2.6012264e-02   2.0423112e-01
  -2.0513867e-02   2.1820448e-01
  -2.7047764e-02   2.1283981e-01
  -1.9351409e-02   2.1197358e-01
  -6.9400115e-02   2.0944554e-01
  -7.1944715e-02   2.1318944e-01
  -9.6469374e-02   2.1903080e-01
  -9.1408578e-02   2.1514199e-01
  -8.0833582e-02   2.0701631e-01
  -1.2602307e-01   2.1783972e-01
  -1.4344556e-01   2.2533205e-01
  -1.4460650e-01   2.1817208e-01
  -1.4426558e-01   2.0399942e-01
  -1.3958161e-01   2.1074819e-01
  -1.5807056e-01   2.0363298e-01
  -1.6443863e-01   2.1100345e-01
  -1.7598562e-01   2.1639316e-01
  -2.0060404e-01   2.0899443e-01
  -2.0978971e-01   2.0197704e-01
  -2.1923985e-01   2.0570591e-01
  -2.3026599e-01   2.0527869e-01
  -2.2067173e-01   2.0178408e-01
  -2.4585727e-01   1.9342667e-01
  -2.3678237e-01   1.8323007e-01
  -2.5677758e-01   2.0770881e-01
  -2.9730400e-01   1.7279529e-01
  -2.9430979e-01   1.7216029e-01
  -2.7023120e-01   1.7557764e-01
  -3.3343112e-01   1.7890046e-01
  -3.1512788e-01   1.6353270e-01
  -3.1215324e-01   1.5031836e-01
  -3.3703373e-01   1.4222090e-01
  -1.9321942e-01  -1.8009872e-02
  -1.8182590e-01  -2.9608758e-02
  -1.6438226e-01  -2.0449976e-02
  -1.4132409e-01  -2.4354129e-02
  -1.1310142e-01  -4.0738516e-02
  -9.1422878e-02  -4.1387526e-02
  -1.0024073e-01  -3.2898979e-02
  -9.4723623e-02  -3.5415910e-02
  -8.2290343e-02  -3.7783419e-02
  -9.7558615e-02  -3.5448426e-02
  -1.1580144e-01  -3.0931298e-02
  -9.9118437e-02  -1.6633329e-02
  -8.6073243e-02  -3.9904711e-02
  -4.4384245e-02  -4.2039584e-02
  -1.9836015e-02  -3.5116500e-02
   0.0000000e+00  -3.6221106e-02
   2.9020664e-02  -3.8758119e-02
   5.7173835e-02  -3.9578846e-02
   5.7848388e-02  -4.2770541e-02
   6.3478968e-02  -2.7662616e-02
   5.9550660e-02  -3.6458117e-02
   6.7151099e-02  -4.7037774e-02
   1.0283889e-01  -3.6440775e-02
   1.1974711e-01  -4.8080280e-02
   1.3638454e-01  -3.5323802e-02
   1.6795157e-01  -3.7016426e-02
   1.6964197e-01  -4.8611024e-02
   1.8574600e-01  -4.0206409e-02
   1.8536025e-01  -2.0309603e-02
   1.9610407e-01  -2.8652209e-02
   2.0480252e-01  -2.4989669e-02
   2.1735717e-01  -2.2207983e-02
   2.2735557e-01  -2.1060359e-02
   2.4617952e-01  -1.9238688e-02
   2.6814428e-01  -1.2997631e-02
   2.7284364e-01  -1.8238484e-02
   2.9465975e-01  -2.3534837e-02
   3.0481630e-01  -3.1520424e-03
   3.1048969e-01   5.7791221e-03
   3.3368297e-01   5.2378677e-03
   3.5843700e-01   1.1967221e-02
   3.6004764e-01   1.0371458e-02
   3.5781819e-01   1.7801024e-02
   3.8056526e-01   2.5198001e-02
   3.8790640e-01   1.8234140e-02
   3.8534287e-01   1.9226996e-02
   3.9742868e-01   3.8429673e-02
   4.1192521e-01   3.0392573e-02
   4.1352750e-01   3.3504683e-02
